{"LoopMode": "Wrap", "FrameDuration": 0.0167, "EnableCycleOffsetPosition": true, "EnableCycleOffsetRotation": false, "Debug_info": [{"left_foot_pose": [1.0000000000000004, 9.827603407152955e-15, -9.222622665561181e-13, 2.1263305719987014e-13, -3.940604158259885e-18, 0.9999469751888519, 0.010297903216991542, -2.5011243076633605e-13, 9.218818140766496e-13, -0.010297903216991713, 0.999946975188852, 3.1134886335770773e-12, 0.0, 0.0, 0.0, 1.0], "right_foot_pose": [0.9999999999999998, -2.1136195624847915e-14, -9.477973961224961e-13, 1.1870438459759764e-13, 1.0007436640471509e-14, 0.9999302826899776, -0.01180803792090188, -0.14000000000049106, 9.478056630355937e-13, 0.011808037920901734, 0.9999302826899776, 9.233031006417036e-13, 0.0, 0.0, 0.0, 1.0]}, {"left_foot_pose": [1.0000000000000007, 2.311257586091862e-14, -2.1549428907974297e-12, 4.570265731279373e-13, -2.7398636515011523e-15, 0.999956741538185, 0.009301346802294524, -2.8089856829449644e-13, 2.1548499516730098e-12, -0.009301346802294691, 0.9999567415381849, 6.388001239088226e-12, 0.0, 0.0, 0.0, 1.0], "right_foot_pose": [0.9999999999999998, -4.862218282323482e-14, -2.1943558081716215e-12, 3.1385207979214886e-13, 2.05841299947301e-14, 0.9999180165670176, -0.012804692291548885, -0.14000000000083784, 2.194707209858826e-12, 0.012804692291548736, 0.9999180165670178, 3.0365016057132266e-12, 0.0, 0.0, 0.0, 1.0]}, {"left_foot_pose": [1.0000000000000009, 3.627483841045195e-14, -3.872291376438854e-12, 7.871369159552425e-13, -5.385872269251309e-15, 0.999968856249988, 0.007892181580006418, -2.380647762256771e-13, 3.87215700655228e-12, -0.007892181580006588, 0.9999688562499882, 1.0743510248101273e-11, 0.0, 0.0, 0.0, 1.0], "right_foot_pose": [0.9999999999999998, -9.20890613582641e-14, -3.926692304645484e-12, 5.957381308917932e-13, 3.6329798827272076e-14, 0.9998989741259124, -0.01421413176905197, -0.14000000000123033, 3.927446521885826e-12, 0.014214131769051824, 0.9998989741259121, 6.22567275510022e-12, 0.0, 0.0, 0.0, 1.0]}, {"left_foot_pose": [1.0000000000000007, 4.274207674143346e-14, -6.026845689177665e-12, 1.1944785646556357e-12, -5.7636614641909174e-15, 0.999981511656035, 0.006080817881811248, -1.194634668966188e-13, 6.0266183961477814e-12, -0.006080817881811421, 0.9999815116560351, 1.609482686015795e-11, 0.0, 0.0, 0.0, 1.0], "right_foot_pose": [0.9999999999999999, -1.565540503278764e-13, -6.098677118870909e-12, 9.565762998467327e-13, 5.886116814525002e-14, 0.9998715741075269, -0.01602608160893754, -0.14000000000165164, 6.100171284217973e-12, 0.01602608160893739, 0.9998715741075269, 1.0400388883446965e-11, 0.0, 0.0, 0.0, 1.0]}, {"left_foot_pose": [1.0000000000000002, 3.518837553635069e-14, -8.637424109281259e-12, 1.6830973008545709e-12, -1.401809764037068e-15, 0.9999924982087194, 0.0038734385609236585, 8.225364833691629e-14, 8.637107850099027e-12, -0.0038734385609238333, 0.9999924982087192, 2.2520485476462682e-11, 0.0, 0.0, 0.0, 1.0], "right_foot_pose": [1.0, -2.4997862632634965e-13, -8.730238754139917e-12, 1.399624433763549e-12, 9.08106404604921e-14, 0.999833737127049, -0.018234530500097483, -0.14000000000209678, 8.733254028393826e-12, 0.018234530500097327, 0.9998337371270491, 1.559602447187558e-11, 0.0, 0.0, 0.0, 1.0]}, {"left_foot_pose": [1.0000000000000004, 4.4854999590479325e-15, -1.1749434758456804e-11, 2.2617623012651396e-12, 1.0769955308633178e-14, 0.999999193222206, 0.0012702578234172106, 3.809851739644543e-13, 1.1749088999124071e-11, -0.001270257823417384, 0.9999991932222061, 3.0159916231120576e-11, 0.0, 0.0, 0.0, 1.0], "right_foot_pose": [0.9999999999999999, -3.830538527975794e-13, -1.1869172311662622e-11, 1.933244464878335e-12, 1.3568925382530684e-13, 0.9997828345778326, -0.020839474165973555, -0.14000000000256044, 1.1874434344137229e-11, 0.0208394741659734, 0.9997828345778325, 2.1906081115741216e-11, 0.0, 0.0, 0.0, 1.0]}, {"left_foot_pose": [1.0000000000000004, -6.141008273903761e-14, -1.548333683487613e-11, 2.9530772900307888e-12, 3.4811038397072134e-14, 0.999998487375796, -0.001739323466432363, 8.028248205116384e-13, 1.5483132169603843e-11, 0.001739323466432189, 0.9999984873757961, 3.933511849574245e-11, 0.0, 0.0, 0.0, 1.0], "right_foot_pose": [1.0, -5.71911539256e-13, -1.5638323969113796e-11, 2.579048718691409e-12, 1.988156289159822e-13, 0.9997155060611359, -0.023851770184345394, -0.14000000000304322, 1.564733567456154e-11, 0.023851770184345242, 0.999715506061136, 2.9580983496035884e-11, 0.0, 0.0, 0.0, 1.0]}, {"left_foot_pose": [1.0000000000000004, -1.796399753727373e-13, -2.0004220502300996e-11, 3.787870321142298e-12, 7.64701560043708e-14, 0.9999866152555252, -0.0051739066283674985, 1.3864916159622709e-12, 2.000454975576955e-11, 0.005173906628367325, 0.9999866152555252, 5.0482548696884066e-11, 0.0, 0.0, 0.0, 1.0], "right_foot_pose": [0.9999999999999999, -8.393723698872203e-13, -2.0206836204295083e-11, 3.3671851537579e-12, 2.876776538806674e-13, 0.9996275493710195, -0.027290337822935627, -0.14000000000354307, 2.0221988866563486e-11, 0.02729033782293548, 0.9996275493710194, 3.89715065773899e-11, 0.0, 0.0, 0.0, 1.0]}, {"left_foot_pose": [1.0000000000000004, -3.7503760674693114e-13, -2.5520363600151086e-11, 4.8050647240618286e-12, 1.4403899837001987e-13, 0.9999589211250655, -0.009063998146289502, 2.185822703393292e-12, 2.5522397057979122e-11, 0.009063998146289326, 0.9999589211250657, 6.415906000922789e-11, 0.0, 0.0, 0.0, 1.0], "right_foot_pose": [1.0, -1.2175208838289982e-12, -2.578831592714436e-11, 4.336252932152676e-12, 4.127573446540631e-13, 0.9995135958180384, -0.031186083032261173, -0.14000000000405058, 2.581366647626557e-11, 0.03118608303226102, 0.9995135958180386, 5.052578494479931e-11, 0.0, 0.0, 0.0, 1.0]}, {"left_foot_pose": [1.0000000000000004, -6.848473040839681e-13, -3.235861578687604e-11, 6.065932139730476e-12, 2.4993385694061325e-13, 0.9999095602830965, -0.013448838405811184, 3.2832486729361676e-12, 3.2364578838645806e-11, 0.01344883840581101, 0.9999095602830965, 8.123151457040123e-11, 0.0, 0.0, 0.0, 1.0], "right_foot_pose": [1.0000000000000002, -1.7550472514613257e-12, -3.2717328846132425e-11, 5.546921610613835e-12, 5.899620525031575e-13, 0.9993668759247581, -0.03557874793172177, -0.14000000000455393, 3.2758877503195916e-11, 0.03557874793172163, 0.9993668759247584, 6.494639548382253e-11, 0.0, 0.0, 0.0, 1.0]}, {"left_foot_pose": [1.0000000000000002, -1.1626777999507896e-12, -4.0855041572029885e-11, 7.634583457838149e-12, 4.119380728316913e-13, 0.9998310895669104, -0.01837912771177518, 4.781508522455624e-12, 4.086921402651701e-11, 0.018379127711775002, 0.9998310895669105, 1.0264302602314146e-10, 0.0, 0.0, 0.0, 1.0], "right_foot_pose": [1.0000000000000002, -2.517817561254711e-12, -4.1341041701059554e-11, 7.063657250152522e-12, 8.406860421832511e-13, 0.9991787408834467, -0.0405196713531855, -0.14000000000501597, 4.140895254121469e-11, 0.04051967135318534, 0.9991787408834472, 8.29738083796272e-11, 0.0, 0.0, 0.0, 1.0]}, {"left_foot_pose": [1.0000000000000007, -1.8904560118247768e-12, -5.155864624128978e-11, 9.616206901094117e-12, 6.57160420726934e-13, 0.9997139619322655, -0.02391640269132503, 6.839091792887331e-12, 5.1588750213520644e-11, 0.02391640269132486, 0.9997139619322656, 1.2992382864007723e-10, 0.0, 0.0, 0.0, 1.0], "right_foot_pose": [1.0, -3.607823063731595e-12, -5.2225446189879663e-11, 8.991669215496702e-12, 1.1979739556352358e-12, 0.9989381583294386, -0.04607120394985933, -0.14000000000538648, 5.23360456547681e-11, 0.04607120394985919, 0.9989381583294388, 1.0581161641320946e-10, 0.0, 0.0, 0.0, 1.0]}, {"left_foot_pose": [1.0, -2.9850854181443198e-12, -6.504496941062138e-11, 1.2124774863395981e-11, 1.024076609125182e-12, 0.9995459012980358, -0.030132892298918634, 9.651879989691636e-12, 6.510488947512127e-11, 0.030132892298918457, 0.9995459012980359, 1.6480419112729905e-10, 0.0, 0.0, 0.0, 1.0], "right_foot_pose": [1.0, -5.164269568478968e-12, -6.596795332214353e-11, 1.144567401223671e-11, 1.7067185599972726e-12, 0.9986310721898338, -0.052306611981496165, -0.14000000000556642, 6.614756059927923e-11, 0.05230661198149602, 0.9986310721898338, 1.3475649068839246e-10, 0.0, 0.0, 0.0, 1.0]}, {"left_foot_pose": [1.0000000000000002, -4.623184791274659e-12, -8.217065916582548e-11, 1.5332707654389063e-11, 1.570600420715257e-12, 0.9993110125711436, -0.03711468919492937, 1.3504633175620562e-11, 8.22853274764532e-11, 0.03711468919492919, 0.9993110125711437, 2.0990967991574294e-10, 0.0, 0.0, 0.0, 1.0], "right_foot_pose": [0.9999999999999999, -7.397645668147121e-12, -8.346118240964981e-11, 1.4598534420463667e-11, 2.434318876388061e-12, 0.9982394152671081, -0.0593133189695371, -0.14000000000540747, 8.375299295775756e-11, 0.05931331896953696, 0.998239415267108, 1.7175202926544841e-10, 0.0, 0.0, 0.0, 1.0]}, {"left_foot_pose": [1.0000000000000002, -7.060657055864755e-12, -1.0395828642373305e-10, 1.945485900451696e-11, 2.380074511424573e-12, 0.9989888655376479, -0.044958275454071495, 1.876252625487851e-11, 1.0417017762218607e-10, 0.0449582754540713, 0.998988865537648, 2.686248029570848e-10, 0.0, 0.0, 0.0, 1.0], "right_foot_pose": [1.0, -1.0606907325884859e-11, -1.0577705378267406e-10, 1.8664950454258497e-11, 3.475913822399876e-12, 0.9977402325941706, -0.06718949518288295, -0.14000000000467092, 1.0625052082427969e-10, 0.06718949518288278, 0.9977402325941708, 2.1918605125348378e-10, 0.0, 0.0, 0.0, 1.0]}, {"left_foot_pose": [1.0000000000000007, -1.0669316158292949e-11, -1.316873832202246e-10, 2.477467081967488e-11, 3.572545939395373e-12, 0.9985530026980263, -0.05377639633478869, 2.589164299626745e-11, 1.3207050340865116e-10, 0.05377639633478849, 0.9985530026980265, 3.455578184707875e-10, 0.0, 0.0, 0.0, 1.0], "right_foot_pose": [1.0, -1.5221445155616633e-11, -1.3426521006110187e-10, 2.3925258703296054e-11, 4.966547807362403e-12, 0.997104001940475, -0.07605004480136499, -0.14000000000299265, 1.350338638304115e-10, 0.07605004480136483, 0.9971040019404748, 2.801547396846793e-10, 0.0, 0.0, 0.0, 1.0]}, {"left_foot_pose": [1.0000000000000004, -1.5997828099795715e-11, -1.6708673333809517e-10, 3.169570974041606e-11, 5.3235097273967026e-12, 0.9979695691233482, -0.06369253569893207, 3.548908042438903e-11, 1.677662711339304e-10, 0.0636925356989319, 0.9979695691233483, 4.474273798682482e-10, 0.0, 0.0, 0.0, 1.0], "right_foot_pose": [0.9999999999999999, -2.1872617452534874e-11, -1.707608499046386e-10, 3.077303069243474e-11, 7.102556375144388e-12, 0.996293309614263, -0.08602116726630964, -0.13999999999983356, 1.7200927618027727e-10, 0.0860211672663095, 0.996293309614263, 3.589897823452759e-10, 0.0, 0.0, 0.0, 1.0]}, {"left_foot_pose": [1.0000000000000004, -2.3803941177421658e-11, -2.1198576227732208e-10, 4.070530098205427e-11, 7.871452907291742e-12, 0.9971951822383426, -0.07484496322826117, 4.8145109426966926e-11, 2.1317256138594264e-10, 0.074844963228261, 0.9971951822383427, 5.828849000688585e-10, 0.0, 0.0, 0.0, 1.0], "right_foot_pose": [1.0, -3.141942407002324e-11, -2.1723667309458948e-10, 3.966888725729835e-11, 1.0145500523190508e-11, 0.995260517720543, -0.09724454671927198, -0.13999999999441895, 2.1926242427408806e-10, 0.09724454671927185, 0.9952605177205431, 4.6072460430091056e-10, 0.0, 0.0, 0.0, 1.0]}, {"left_foot_pose": [1.0000000000000002, -3.516267892188277e-11, -2.6871793679106247e-10, 5.2497851833130865e-11, 1.1548444404746169e-11, 0.9961752075190522, -0.08737823484354969, 6.436803000331448e-11, 2.707623973964442e-10, 0.0873782348435495, 0.9961752075190521, 7.64729189695057e-10, 0.0, 0.0, 0.0, 1.0], "right_foot_pose": [1.0, -4.507970698741598e-11, -2.7622965026452546e-10, 5.124280530500081e-11, 1.445782217022278e-11, 0.9939460840219859, -0.10986893126520966, -0.13999999998569387, 2.7951013637160006e-10, 0.10986893126520954, 0.9939460840219858, 5.922962467708182e-10, 0.0, 0.0, 0.0, 1.0]}, {"left_foot_pose": [1.0000000000000007, -5.1401557866692683e-11, -3.389966640732203e-10, 6.784155109863403e-11, 1.674985856128096e-11, 0.9948419315015385, -0.1014373270856889, 8.388802673342521e-11, 3.424619620506151e-10, 0.1014373270856887, 0.9948419315015387, 1.0089195590090583e-09, 0.0, 0.0, 0.0, 1.0], "right_foot_pose": [0.9999999999999999, -6.433542742866381e-11, -3.497033218557985e-10, 6.611905636663688e-11, 2.0459899301738278e-11, 0.9922766777090131, -0.12404432624978616, -0.13999999997239965, 3.5498285203665234e-10, 0.12404432624978602, 0.9922766777090132, 7.606628590894893e-10, 0.0, 0.0, 0.0, 1.0]}, {"left_foot_pose": [1.0000000000000007, -7.396722428322245e-11, -4.232740824505741e-10, 8.756644965004468e-11, 2.3879700067330363e-11, 0.9931164137300269, -0.11713150208210735, 1.0457723922940865e-10, 4.2902415418435296e-10, 0.1171315020821072, 0.9931164137300272, 1.3356648079221323e-09, 0.0, 0.0, 0.0, 1.0], "right_foot_pose": [1.0, -9.078253680237698e-11, -4.3838005447938113e-10, 8.482257741366546e-11, 2.8566981826223477e-11, 0.9901676772624114, -0.13988556360383006, -0.1399999999534043, 4.4676859098413294e-10, 0.13988556360382992, 0.9901676772624113, 9.72061459103557e-10, 0.0, 0.0, 0.0, 1.0]}, {"left_foot_pose": [1.0000000000000004, -1.0287622454159049e-10, -5.138160452666778e-10, 1.11252763677516e-10, 3.2838135545906733e-11, 0.9909147712452083, -0.13449132361627392, 1.189141632385038e-10, 5.229837789743204e-10, 0.13449132361627372, 0.9909147712452084, 1.7514158734410756e-09, 0.0, 0.0, 0.0, 1.0], "right_foot_pose": [1.0, -1.242882060100828e-10, -5.34518540540318e-10, 1.0635841877441358e-10, 3.858992100117742e-11, 0.9875303661016622, -0.1574286378875106, -0.13999999992931608, 5.474196999629048e-10, 0.15742863788751044, 0.9875303661016624, 1.216705472484314e-09, 0.0, 0.0, 0.0, 1.0]}, {"left_foot_pose": [1.0000000000000004, -1.3543986485805262e-10, -5.949082892975331e-10, 1.370202238971564e-10, 4.264929780422935e-11, 0.9881820719389499, -0.15328467861611278, 1.1242645009401642e-10, 6.086382837301537e-10, 0.15328467861611253, 0.9881820719389501, 2.2442965957880645e-09, 0.0, 0.0, 0.0, 1.0], "right_foot_pose": [0.9999999999999999, -1.6161825530650388e-10, -6.218837111937598e-10, 1.2794169414021035e-10, 4.935509886413758e-11, 0.984310706317103, -0.17644385347618657, -0.13999999990427736, 6.406432096707629e-10, 0.17644385347618646, 0.9843107063171029, 1.4665100384059215e-09, 0.0, 0.0, 0.0, 1.0]}, {"left_foot_pose": [1.0000000000000004, -1.496642332286065e-10, -5.849011275316202e-10, 1.4629138553754108e-10, 4.640617172975732e-11, 0.9849752700120504, -0.17269544714522517, 5.723664597834244e-11, 6.019592649442455e-10, 0.17269544714522497, 0.9849752700120505, 2.5226684768897556e-09, 0.0, 0.0, 0.0, 1.0], "right_foot_pose": [0.9999999999999999, -1.768998980392356e-10, -6.145769448906429e-10, 1.3128471622582322e-10, 5.294142124283565e-11, 0.98058226485636, -0.1961081891435739, -0.13999999989823916, 6.373346657570475e-10, 0.19610818914357372, 0.9805822648563599, 1.5206261597122683e-09, 0.0, 0.0, 0.0, 1.0]}, {"left_foot_pose": [1.0000000000000002, -1.5059130943965181e-10, -5.387010837409862e-10, 1.210784061508274e-10, 4.4921219126102836e-11, 0.9815879147636818, -0.1910109043742997, -7.012402880590685e-10, 5.575468632314389e-10, 0.19101090437429954, 0.9815879147636821, 0.00027808353200795694, 0.0, 0.0, 0.0, 1.0], "right_foot_pose": [1.0, -1.5163001939185923e-10, -4.838685563335326e-10, 9.472209172217685e-11, 4.4360453237738706e-11, 0.9767450025373736, -0.21440429104443356, -0.1399999999588072, 5.051261617356459e-10, 0.21440429104443343, 0.9767450025373738, 1.1432040869507887e-09, 0.0, 0.0, 0.0, 1.0]}, {"left_foot_pose": [1.0000000000000007, -1.553102855782379e-10, -5.172609562897862e-10, 8.504489550005085e-10, 4.377296247716192e-11, 0.9779155495859692, -0.2090004255449563, -4.959561497597242e-09, 5.382972745369474e-10, 0.2090004255449561, 0.9779155495859696, 0.003072162867445556, 0.0, 0.0, 0.0, 1.0], "right_foot_pose": [0.9999999999999998, -9.759099147217466e-11, -2.922228015123093e-10, 5.5228879644659816e-11, 2.78959160189433e-11, 0.9732898286777378, -0.22957985406489756, -0.14000000004849733, 3.068224413490027e-10, 0.22957985406489742, 0.9732898286777378, 5.526373386688377e-10, 0.0, 0.0, 0.0, 1.0]}, {"left_foot_pose": [1.0000000000000004, -1.3511588917862512e-10, -4.1993969412956496e-10, 1.6010388714100702e-09, 3.685682875639612e-11, 0.97420062779855, -0.22568370964008905, -7.37965773212057e-09, 4.3959878088071983e-10, 0.22568370964008888, 0.9742006277985501, 0.008045778362724895, 0.0, 0.0, 0.0, 1.0], "right_foot_pose": [1.0, -4.332125188624777e-11, -1.2435913410158137e-10, 4.417914336496685e-11, 1.2154514201272399e-11, 0.9706730428104788, -0.2404035023893087, -0.14000000008437843, 1.3112642609411476e-10, 0.24040350238930855, 0.9706730428104788, 1.9012869750811845e-10, 0.0, 0.0, 0.0, 1.0]}, {"left_foot_pose": [1.0000000000000004, -9.23026458017269e-11, -2.7228913568322184e-10, 1.978128135003451e-09, 2.4304992539385303e-11, 0.9708140150762755, -0.2398335842443299, -6.8955239226897724e-09, 2.8647923866726795e-10, 0.23983358424432968, 0.9708140150762755, 0.014175385857888564, 0.0, 0.0, 0.0, 1.0], "right_foot_pose": [1.0, -8.70536287470342e-12, -2.4503843398804263e-11, 5.0850201977332263e-11, 2.395984125239513e-12, 0.9691367981968438, -0.24652356151242427, -0.1400000000681637, 2.5893609787541274e-11, 0.2465235615124241, 0.969136798196844, 7.05985339632953e-11, 0.0, 0.0, 0.0, 1.0]}, {"left_foot_pose": [1.0000000000000002, -3.603578403948029e-11, -1.0497319680169359e-10, 1.9244306625467263e-09, 8.648367576845798e-12, 0.9682455376440013, -0.25000115766227954, -4.5774586239499815e-09, 1.1064876793744792e-10, 0.2500011576622793, 0.9682455376440016, 0.020437448783417612, 0.0, 0.0, 0.0, 1.0], "right_foot_pose": [1.0, -6.879942909563165e-13, -1.7792434192642734e-12, 6.654639550756959e-11, 2.2549574733160977e-13, 0.9687851460629224, -0.24790187729793853, -0.1400000000131417, 1.894210106099267e-12, 0.2479018772979383, 0.9687851460629224, 1.2465387055904387e-10, 0.0, 0.0, 0.0, 1.0]}, {"left_foot_pose": [1.0000000000000002, -1.6792109233924983e-13, -3.784195179434844e-12, 1.4205908384754846e-09, -7.99388391172629e-13, 0.9671328199448362, -0.25427172195419184, -1.6217450646283105e-09, 3.702358914445357e-12, 0.25427172195419173, 0.9671328199448364, 0.02580842831228542, 0.0, 0.0, 0.0, 1.0], "right_foot_pose": [0.9999999999999996, -2.0540380033162214e-11, -5.725486751373402e-11, 8.482100754989189e-11, 5.916088223995254e-12, 0.9696404425707433, -0.24453509386428163, -0.1399999999434679, 6.053920946036231e-11, 0.24453509386428154, 0.9696404425707433, 2.874902885197095e-10, 0.0, 0.0, 0.0, 1.0]}, {"left_foot_pose": [1.0000000000000004, -4.844024804720773e-11, -1.3343465221637894e-10, 6.209448680775643e-10, 1.34884172863503e-11, 0.9681477379170774, -0.2503796268989298, 4.0716607169200003e-10, 1.4131268757005222e-10, 0.2503796268989296, 0.9681477379170773, 0.029264784239089743, 0.0, 0.0, 0.0, 1.0], "right_foot_pose": [0.9999999999999999, -6.667517491865119e-11, -1.927017989622468e-10, 1.0166238075298681e-10, 1.9237910194535947e-11, 0.9716642292586622, -0.23636544920772598, -0.1399999998992834, 2.0300105828764482e-10, 0.2363654492077259, 0.9716642292586621, 5.344247613892072e-10, 0.0, 0.0, 0.0, 1.0]}, {"left_foot_pose": [1.0000000000000002, -1.8728280931882207e-10, -5.416336268382304e-10, 2.0761731186122334e-10, 5.383945875997776e-11, 0.9716172042779914, -0.23655867845213577, 2.70948735670018e-10, 5.705636841081343e-10, 0.23655867845213552, 0.9716172042779916, 0.030000001137238913, 0.0, 0.0, 0.0, 1.0], "right_foot_pose": [0.9999999999999998, -1.3291881743743945e-10, -4.061874725458376e-10, 1.3306811000279199e-10, 3.8867901876967955e-11, 0.9747533670769154, -0.2232842882341184, -0.13999999989382358, 4.2561091247157417e-10, 0.22328428823411828, 0.9747533670769152, 9.291086094931345e-10, 0.0, 0.0, 0.0, 1.0]}, {"left_foot_pose": [1.0000000000000007, -2.9308815060343353e-10, -9.254472743691568e-10, 3.1796781697283313e-10, 8.632909366258025e-11, 0.9764058623000634, -0.21594349276157998, 4.414777744765619e-10, 9.66902550793497e-10, 0.2159434927615798, 0.9764058623000635, 0.03000000189920883, 0.0, 0.0, 0.0, 1.0], "right_foot_pose": [1.0, -2.0781878156741206e-10, -6.886998193955654e-10, 2.0428835458101525e-10, 6.196399708755873e-11, 0.9786881810457665, -0.20535200091873726, -0.13999999983494782, 7.166981636741749e-10, 0.20535200091873718, 0.9786881810457666, 1.5406033462839197e-09, 0.0, 0.0, 0.0, 1.0]}, {"left_foot_pose": [1.0000000000000002, -3.966800689565347e-10, -1.4214979193738416e-09, 4.4347167954503387e-10, 1.2017255361152998e-10, 0.9818876189986255, -0.18946425429935582, 6.368338807682949e-10, 1.4709077347000322e-09, 0.18946425429935562, 0.9818876189986256, 0.030000002829831188, 0.0, 0.0, 0.0, 1.0], "right_foot_pose": [0.9999999999999998, -2.8189056356107024e-10, -1.04774772191618e-09, 2.818517485447057e-10, 8.597859440543508e-11, 0.9832119325123185, -0.1824672457330147, -0.13999999978039449, 1.0815936577181267e-09, 0.18246724573301457, 0.9832119325123183, 2.2783048503338676e-09, 0.0, 0.0, 0.0, 1.0]}, {"left_foot_pose": [1.0000000000000002, -4.664408899479327e-10, -2.008560429089803e-09, 5.720944313754092e-10, 1.4546712650805836e-10, 0.9876103836963817, -0.1569258742689907, 8.205216887879896e-10, 2.056871464631703e-09, 0.1569258742689905, 0.9876103836963815, 0.030000003862240616, 0.0, 0.0, 0.0, 1.0], "right_foot_pose": [0.9999999999999999, -3.3481816094982907e-10, -1.4637032141884264e-09, 3.550347685186283e-10, 1.0457111409097312e-10, 0.9879840452342945, -0.15455590044537146, -0.13999999975676378, 1.4978633392027636e-09, 0.15455590044537126, 0.9879840452342945, 3.097819070707608e-09, 0.0, 0.0, 0.0, 1.0]}, {"left_foot_pose": [1.0000000000000004, -4.926568336816063e-10, -2.811987531714513e-09, 3.0839109769133596e-10, 1.5822757201559608e-10, 0.9930477808452667, -0.11771195758414664, -3.1753256760080895e-09, 2.8504292364313277e-09, 0.11771195758414646, 0.9930477808452668, 0.028901007462179537, 0.0, 0.0, 0.0, 1.0], "right_foot_pose": [0.9999999999999998, -3.380471876889637e-10, -1.866705512387766e-09, 3.5803478996064687e-10, 1.0795534337560661e-10, 0.9925411320666603, -0.12191021760226901, -0.14000000004427401, 1.8939931385876167e-09, 0.12191021760226887, 0.9925411320666603, 3.8275389802056026e-09, 0.0, 0.0, 0.0, 1.0]}, {"left_foot_pose": [1.0000000000000002, -1.8490240982080162e-10, -1.976970587236334e-09, 5.492846083635041e-10, 6.049122837570339e-11, 0.9980295220928503, -0.06274609972832955, 5.660440241528342e-10, 1.9846765505647765e-09, 0.0627460997283294, 0.9980295220928506, 4.6970981201766016e-09, 0.0, 0.0, 0.0, 1.0], "right_foot_pose": [0.9999999999999996, -2.552280857130015e-10, -2.0141922019156758e-09, 3.912751853986364e-10, 8.29435659054175e-11, 0.9963744721050485, -0.08507591514280623, -0.1399999999239434, 2.0286033118080694e-09, 0.08507591514280609, 0.9963744721050484, 4.232094327760727e-09, 0.0, 0.0, 0.0, 1.0]}, {"left_foot_pose": [1.0000000000000002, -7.590920496699358e-11, -1.9029026687711324e-09, 4.929499660408853e-10, 2.5154352897893488e-11, 0.9996446035106452, -0.026658332131731525, 4.277040076272609e-10, 1.904249913226008e-09, 0.02665833213173135, 0.9996446035106453, 4.236310462146786e-09, 0.0, 0.0, 0.0, 1.0], "right_foot_pose": [0.9999999999999997, -1.398473595898602e-10, -1.9204547951900955e-09, 3.1811002343509666e-10, 4.5905964011319924e-11, 0.998807133784825, -0.0488293917691227, -0.14000000007066787, 1.924992547839486e-09, 0.048829391769122564, 0.998807133784825, 4.124082311762756e-09, 0.0, 0.0, 0.0, 1.0]}, {"left_foot_pose": [1.0000000000000004, 1.5941793056954115e-11, -1.5192102575944952e-09, 4.25077886725297e-10, -4.925308356222702e-12, 0.9999737114272332, 0.007250962311672007, 4.231068204130217e-10, 1.5192855692861991e-09, -0.007250962311672182, 0.9999737114272335, 3.344295868012992e-09, 0.0, 0.0, 0.0, 1.0], "right_foot_pose": [0.9999999999985543, -1.7001928163982595e-06, 2.432685652920563e-08, 6.801490561666165e-05, 1.700366552570411e-06, 0.9998890827451026, -0.014893696796499717, -0.14000008270361647, 9.979979459746038e-10, 0.014893696796519406, 0.9998890827465481, 0.00031104554483978725, 0.0, 0.0, 0.0, 1.0]}, {"left_foot_pose": [1.0000000000000004, 5.739512314267824e-11, -1.0677285722238151e-09, 4.521695408280849e-10, -1.8374615731332024e-11, 0.9993333169123172, 0.036509200333983735, 6.514385905709297e-10, 1.0691120449126648e-09, -0.036509200333983895, 0.9993333169123172, 2.5183080065716013e-09, 0.0, 0.0, 0.0, 1.0], "right_foot_pose": [0.999999999453751, -3.304929332550108e-05, -4.915027979611473e-07, 0.0013221191931723142, 3.305294772125117e-05, 0.9998909366451627, 0.014768673683231173, -0.140001644592314, 3.354964157147492e-09, -0.014768673691409573, 0.99989093719135, 0.00546900272708814, 0.0, 0.0, 0.0, 1.0]}, {"left_foot_pose": [1.0000000000000004, 5.963569729253309e-11, -6.700350829724766e-10, 3.880374360541064e-10, -1.9102956335898955e-11, 0.9981784348630426, 0.06033085590613935, 5.762610215398478e-10, 6.724123003091186e-10, -0.06033085590613952, 0.9981784348630427, 1.6744569827920053e-09, 0.0, 0.0, 0.0, 1.0], "right_foot_pose": [0.999999995168029, -9.82211238239302e-05, -4.068517129695613e-06, 0.003932206621646375, 9.830535022646242e-05, 0.9991476897392766, 0.041278134947263484, -0.14000490541836355, 1.0664686827292757e-08, -0.04127813514776589, 0.9991476945670861, 0.014325232520624252, 0.0, 0.0, 0.0, 1.0]}, {"left_foot_pose": [1.0000000000000004, 4.118841906242822e-11, -3.568207396220666e-10, 2.4521155972565577e-10, -1.3055667158340117e-11, 0.9969152275342891, 0.07848585293068633, 3.2867333334130056e-10, 3.5895247177655656e-10, -0.07848585293068651, 0.9969152275342892, 9.128391514900969e-10, 0.0, 0.0, 0.0, 1.0], "right_foot_pose": [0.9999999819332523, -0.00018969263931560627, -1.2255495670686528e-05, 0.007603501653346946, 0.00019008812214318493, 0.9979262708511789, 0.06436708639953619, -0.14000949736121923, 2.0118587866826556e-08, -0.06436708756625661, 0.9979262888802144, 0.023425291957132263, 0.0, 0.0, 0.0, 1.0]}, {"left_foot_pose": [1.0000000000000004, 1.8040097151058694e-11, -1.3738771231786054e-10, 5.652013276450547e-11, -5.480135791614123e-12, 0.9958623708661969, 0.09087429940724809, 7.059135047338128e-11, 1.3845850258687493e-10, -0.09087429940724823, 0.9958623708661969, 4.1904220371424827e-10, 0.0, 0.0, 0.0, 1.0], "right_foot_pose": [0.9999999546899644, -0.0003000267235319499, -2.4577106542242987e-05, 0.012041232232649022, 0.00030103167305202167, 0.9966693552243417, 0.08154818046177893, -0.14001504978977275, 2.8615536726371255e-08, -0.08154818416531563, 0.9966694003827644, 0.029314744290191645, 0.0, 0.0, 0.0, 1.0]}, {"left_foot_pose": [1.0000000000000007, 2.4630338566381237e-12, -2.088706985148297e-11, -3.4639304534066954e-11, -4.1542552560254566e-13, 0.9952398945742956, 0.0974553859350309, 1.481036994432916e-11, 2.102753848990012e-11, -0.09745538593503106, 0.9952398945742956, 2.8187411432734066e-10, 0.0, 0.0, 0.0, 1.0], "right_foot_pose": [0.9999999102110606, -0.00042205188201302496, -3.807991112663968e-05, 0.01695061242610007, 0.0004237662912830245, 0.9959613353113053, 0.08978217521898203, -0.1400211879941011, 3.3383111700067444e-08, -0.0897821832945186, 0.9959614247363541, 0.03000000306084548, 0.0, 0.0, 0.0, 1.0]}, {"left_foot_pose": [1.0000000000000004, -3.34148703832888e-14, -3.430589146091734e-12, -3.728030532743616e-11, 3.7128879713179994e-13, 0.9951431643160343, 0.09843821674060632, 3.484867255876267e-11, 3.4105097146956257e-12, -0.09843821674060649, 0.9951431643160347, 3.211428345473166e-10, 0.0, 0.0, 0.0, 1.0], "right_foot_pose": [0.9999998482422423, -0.0005486329413778336, -5.017357787684003e-05, 0.022036855854364046, 0.0005509224002758676, 0.9958497829779346, 0.09101047317374723, -0.14002754579376886, 3.4003046346808354e-08, -0.09101048700395004, 0.9958499341041813, 0.03000000280602662, 0.0, 0.0, 0.0, 1.0]}, {"left_foot_pose": [1.0000000000000007, 1.099021889281357e-11, -8.276257457140466e-11, -6.825435059975143e-11, -3.1745585873491104e-12, 0.9955868253655951, 0.09384494210375341, 8.476731643003443e-11, 8.342854784295758e-11, -0.09384494210375358, 0.9955868253655954, 6.39326508400373e-10, 0.0, 0.0, 0.0, 1.0], "right_foot_pose": [0.9999997720993834, -0.000672654663923615, -5.776577235832614e-05, 0.02700518935810972, 0.0006751304914087989, 0.9963364407818834, 0.08551748925750809, -0.14003375562208334, 3.040603415874125e-08, -0.08551750876745397, 0.9963366678458682, 0.02980337093359462, 0.0, 0.0, 0.0, 1.0]}, {"left_foot_pose": [1.0000000000000004, 3.219526252818102e-11, -2.6555163623598394e-10, -1.7391516304785264e-10, -9.91673343341694e-12, 0.9965102061927081, 0.0834710066655888, 3.204736129247543e-10, 2.673118934658936e-10, -0.08347100666558899, 0.9965102061927084, 1.4562360275971464e-09, 0.0, 0.0, 0.0, 1.0], "right_foot_pose": [0.9999996887228029, -0.0007870266980842879, -5.6064904902058535e-05, 0.031560829367164235, 0.0007890211001890313, 0.9974740420886399, 0.07102754962022437, -0.14003944511785119, 2.270946120419174e-08, -0.07102757174736091, 0.9974743525783872, 0.024970574040617963, 0.0, 0.0, 0.0, 1.0]}, {"left_foot_pose": [1.0000000000000004, 5.2853990969335575e-11, -5.370659472703221e-10, -1.9975101858509914e-10, -1.6550658603667515e-11, 0.9977279600281637, 0.06737149084026581, 5.342196875840477e-10, 5.394062903636227e-10, -0.06737149084026596, 0.997727960028164, 2.4995215758272238e-09, 0.0, 0.0, 0.0, 1.0], "right_foot_pose": [0.9999996081883306, -0.0008841260121245881, -4.4095118650715965e-05, 0.035408990498807705, 0.0008852249344821816, 0.9987589487852113, 0.049797375415526424, -0.1400442517518305, 1.3239409676035364e-08, -0.04979739493843232, 0.9987593401101917, 0.01623628122793671, 0.0, 0.0, 0.0, 1.0]}, {"left_foot_pose": [1.0000000000000004, 5.802132820037905e-11, -8.679301444214374e-10, -1.771640893454065e-10, -1.8169520853696227e-11, 0.9989485532112443, 0.04584526188346043, 5.875703326663206e-10, 8.696772606427353e-10, -0.04584526188346059, 0.9989485532112442, 3.622030633754214e-09, 0.0, 0.0, 0.0, 1.0], "right_foot_pose": [0.9999995426755919, -0.000956074492954245, -2.3878249788938727e-05, 0.038254902590073754, 0.0009563726297132295, 0.999687939470655, 0.024962151916641587, -0.14004781006947317, 5.121592786331456e-09, -0.02496216333734493, 0.9996883966524368, 0.007054931038343856, 0.0, 0.0, 0.0, 1.0]}, {"left_foot_pose": [1.0000000000000004, 3.292592084404659e-11, -1.1751215001076795e-09, -1.184092670708341e-10, -9.84980277227547e-12, 0.999807282660551, 0.019631544486519957, 3.6873851541607827e-10, 1.1755411347859067e-09, -0.019631544486520127, 0.9998072826605512, 4.647969412130415e-09, 0.0, 0.0, 0.0, 1.0], "right_foot_pose": [0.9999995048931667, -0.0009950924227635461, 2.11929757749038e-06, 0.039803790786223814, 0.000995094679546969, 0.9999972347508527, -0.0021307926288643363, -0.14004975127605018, 1.043882224427412e-09, 0.002130793682795938, 0.9999977298565639, 0.0008809593494424964, 0.0, 0.0, 0.0, 1.0]}, {"left_foot_pose": [1.0000000000000004, -2.0248275602475384e-11, -1.3044273161622042e-09, -8.092892329223363e-11, 8.059423990832386e-12, 0.9999563458035491, -0.009343794048109639, 1.316273826046377e-10, 1.3045594705542414e-09, 0.009343794048109465, 0.9999563458035493, 5.4612876859705395e-09, 0.0, 0.0, 0.0, 1.0], "right_foot_pose": [0.999999500000022, -0.0009995155669957618, 3.1118115082778155e-05, 0.040000000584550284, 0.0009999998528757701, 0.999515173287173, -0.03111942109048117, -0.14005000021997296, 1.3176261006036424e-09, 0.031119436648881667, 0.9995156730450285, 4.213183565915379e-09, 0.0, 0.0, 0.0, 1.0]}, {"left_foot_pose": [1.0000000000000002, -7.28750727038456e-11, -1.2100456886487965e-09, 1.470589941626164e-11, 2.6230849193862444e-11, 0.9992584800429751, -0.03850311756473563, 7.380133483503304e-11, 1.2119539777622571e-09, 0.038503117564735456, 0.9992584800429752, 6.09039461224592e-09, 0.0, 0.0, 0.0, 1.0], "right_foot_pose": [0.9999995000000056, -0.0009981753220843356, 6.0380172334955356e-05, 0.04000000041399476, 0.0009999998694139721, 0.9981748787046758, -0.060381383912318565, -0.14005000016858937, 1.236137857949966e-09, 0.06038141410179123, 0.998175377792434, 3.903007216032872e-09, 0.0, 0.0, 0.0, 1.0]}, {"left_foot_pose": [0.9999999999993219, -1.1625125660879497e-06, 7.777687086043192e-08, 4.6519868070112665e-05, 1.1651102289596459e-06, 0.9978653006369049, -0.06530575612810235, 2.2236784231674522e-08, -1.6920785880760682e-09, 0.06530575612814846, 0.9978653006375822, 0.00010768033610412953, 0.0, 0.0, 0.0, 1.0], "right_foot_pose": [0.999999500000002, -0.0009961819290150863, 8.730011622976496e-05, 0.04000000034054274, 0.0009999998729945646, 0.9961814736485695, -0.08730103985416673, -0.14005000021083944, 9.598512474374233e-10, 0.08730108350375199, 0.9961819717396372, 3.2382482875736862e-09, 0.0, 0.0, 0.0, 1.0]}, {"left_foot_pose": [0.9999999984915919, -5.470006651346106e-05, 4.971867370266258e-06, 0.002193159816671976, 5.492555147189205e-05, 0.9959327380217476, -0.09009982419344732, 1.0869763377337194e-06, -2.3179107024430918e-08, 0.09009982433062236, 0.9959327395239056, 0.004603445957937172, 0.0, 0.0, 0.0, 1.0], "right_foot_pose": [0.9999995000000099, -0.0009939225718476527, 0.00011008020430525617, 0.04000000062547844, 0.0009999998651039137, 0.9939221369670566, -0.1100808141644563, -0.14005000057148664, 6.540244469645775e-10, 0.1100808692042396, 0.9939226339284357, 2.6622997209568844e-09, 0.0, 0.0, 0.0, 1.0]}, {"left_foot_pose": [0.9999999841188207, -0.0001770553300290814, 2.0341305114027628e-05, 0.007116249127421626, 0.0001782199653088274, 0.9934974304964684, -0.11385439751963827, 3.5454633701900717e-06, -5.05064359505152e-08, 0.11385439933672269, 0.9934974462733522, 0.01320388244432405, 0.0, 0.0, 0.0, 1.0], "right_foot_pose": [0.9999995000000204, -0.0009917571912634205, 0.00012813033423709078, 0.0400000006271081, 0.0009999998544872096, 0.9917567905083703, -0.12813066955584004, -0.1400500005594903, 3.839035369217531e-10, 0.12813073362082333, 0.9917572863870422, 1.929332568706421e-09, 0.0, 0.0, 0.0, 1.0]}, {"left_foot_pose": [0.9999999365218768, -0.00035303296418479936, 4.820756343088651e-05, 0.014227265934484616, 0.0003563091869347993, 0.990835090269661, -0.13507663356064586, 7.1042007101784765e-06, -7.924112597680359e-08, 0.1350766421630321, 0.9908351531621972, 0.022454550288304856, 0.0, 0.0, 0.0, 1.0], "right_foot_pose": [0.9999995000000312, -0.0009899791695158497, 0.00014121236226155996, 0.04000000043080851, 0.0009999998436654278, 0.9899788043071874, -0.14121248890528126, -0.14005000034677065, 1.7694655078084486e-10, 0.14121255951138129, 0.989979299296831, 1.2094652154792662e-09, 0.0, 0.0, 0.0, 1.0]}, {"left_foot_pose": [0.9999998350014587, -0.0005679368824398293, 8.628298670461092e-05, 0.022937701113894395, 0.0005744536932004186, 0.9886823611755559, -0.15002286060225256, 1.146531278405083e-05, -1.0295127939018884e-07, 0.15002288541427955, 0.988682524297848, 0.028901017208299337, 0.0, 0.0, 0.0, 1.0], "right_foot_pose": [0.9999995000000392, -0.0009888079661517966, 0.00014919275231151514, 0.04000000010357209, 0.0009999998356338166, 0.9888076275526011, -0.1491927467879226, -0.1400500001243753, 4.505457844082493e-11, 0.14919282138428266, 0.9888081219566301, 7.17594088317508e-10, 0.0, 0.0, 0.0, 1.0]}, {"left_foot_pose": [0.9999996655085026, -0.0008080919424264748, 0.00012637363679714354, 0.032659033347710725, 0.0008179137304366981, 0.9880128924008272, -0.15436921800307643, 1.63276232237608e-05, -1.1426118830057574e-07, 0.15436926973061796, 0.9880132228684108, 0.030000012661115627, 0.0, 0.0, 0.0, 1.0], "right_foot_pose": [0.9999995000000426, -0.0009883831584963072, 0.0001519815685668874, 0.0399999999064341, 0.000999999832591645, 0.9883828300466336, -0.15198151620951175, -0.14005000008457333, -1.830999939643256e-12, 0.15198159220030305, 0.9883833242382538, 6.187229825704854e-10, 0.0, 0.0, 0.0, 1.0]}, {"left_foot_pose": [0.9999994254611271, -0.0010595026904757763, 0.0001628848233578763, 0.042802713514393825, 0.0010719502804994912, 0.98840345172109, -0.1518468555763741, 2.139944036759142e-05, -1.1376961665352241e-07, 0.15184694293888462, 0.9884040195790905, 0.03000001305708147, 0.0, 0.0, 0.0, 1.0], "right_foot_pose": [0.9999995000000401, -0.000988709563288851, 0.00014984348259034313, 0.039999999932870185, 0.0009999998349068972, 0.988709227379194, -0.14984346397346773, -0.14005000010154833, 3.19269748940433e-11, 0.1498435388951994, 0.9887097217340198, 6.849837155820104e-10, 0.0, 0.0, 0.0, 1.0]}, {"left_foot_pose": [0.9999991263900401, -0.0013088647158139553, 0.0001846410386287212, 0.05278022367169842, 0.0013218241742130716, 0.9902054297602002, -0.13961181774574236, 2.6388212912210884e-05, -9.957684887040027e-08, 0.139611939842456, 0.9902062947958962, 0.02995513280838548, 0.0, 0.0, 0.0, 1.0], "right_foot_pose": [0.999999500000031, -0.0009902240939730972, 0.00013948452181783771, 0.03999999994702987, 0.0009999998440558644, 0.9902237285836886, -0.13948464915584574, -0.14005000014080513, 1.7705922098861163e-10, 0.13948471889802538, 0.9902242236957947, 1.068654005564884e-09, 0.0, 0.0, 0.0, 1.0]}, {"left_foot_pose": [0.9999987944100367, -0.001541454338942584, 0.0001873419185483846, 0.06200304267340534, 0.0015527969821320085, 0.9927000513609286, -0.12059932358659001, 3.099338671202698e-05, -7.598154929078759e-08, 0.1205994690972215, 0.9927012481373556, 0.02580844257762075, 0.0, 0.0, 0.0, 1.0], "right_foot_pose": [0.9999995000000185, -0.0009920122530544361, 0.00012614040840131283, 0.039999999766139195, 0.0009999998564208892, 0.9920118482086324, -0.12614076666161605, -0.14005000041260807, 4.0646596875280606e-10, 0.1261408297316252, 0.9920123442148375, 1.8402582166454629e-09, 0.0, 0.0, 0.0, 1.0]}, {"left_foot_pose": [0.9999984685211001, -0.0017423841946127925, 0.00016447727344007736, 0.0698826139104309, 0.0017501301245578093, 0.9955750944759791, -0.09395301114755927, 3.4928550317437496e-05, -4.723538460862555e-08, 0.09395315511713598, 0.9955766191727958, 0.017353851402943474, 0.0, 0.0, 0.0, 1.0], "right_foot_pose": [0.9999995000000068, -0.0009942159721726585, 0.00010739803231557841, 0.03999999971883834, 0.0009999998683340632, 0.9942155298157583, -0.10739869772690162, -0.14005000061985298, 7.090708317727852e-10, 0.10739875142557151, 0.9942160269238415, 2.8311238006728523e-09, 0.0, 0.0, 0.0, 1.0]}, {"left_foot_pose": [0.9999981967360636, -0.0018951703414078242, 0.00012187698296060334, 0.075830426567416, 0.0018990852064822788, 0.9979374684976305, -0.06416543028703224, 3.790355934237509e-05, -2.118742028768282e-08, 0.064165546034601, 0.9979392680429416, 0.008045798303455753, 0.0, 0.0, 0.0, 1.0], "right_foot_pose": [0.9999995000000002, -0.0009965063810728474, 8.351515777188776e-05, 0.039999999747903074, 0.0009999998745477898, 0.9965059193957623, -0.08351618172221097, -0.14005000065219755, 1.0589298989319433e-09, 0.08351622347926731, 0.9965064176490591, 3.939863990609638e-09, 0.0, 0.0, 0.0, 1.0]}, {"left_foot_pose": [0.9999980300376538, -0.0019838217199166976, 6.61225846170614e-05, 0.0792579665348256, 0.001984923377009718, 0.9994430753190708, -0.03331064808655375, 3.962402905663409e-05, -3.372139345762612e-09, 0.03331071371409504, 0.9994450441879525, 0.0013387161367445985, 0.0, 0.0, 0.0, 1.0], "right_foot_pose": [0.9999995000000058, -0.0009984815136480695, 5.508543493060405e-05, 0.03999999983420962, 0.0009999998691183109, 0.9984810687214223, -0.055086798828649704, -0.14005000043213348, 1.386335852935657e-09, 0.05508682637067819, 0.9984815679622768, 5.091632171438931e-09, 0.0, 0.0, 0.0, 1.0]}, {"left_foot_pose": [0.9999980000006616, -0.001999995437667337, 3.595353649060257e-06, 0.07985993096616534, 0.001999998669313805, 0.9999963827996315, -0.0017984418191094452, 3.993026358815356e-05, 1.5347890915795683e-09, 0.0017984454129293364, 0.999998382795741, 5.6334321305029356e-09, 0.0, 0.0, 0.0, 1.0], "right_foot_pose": [0.9999995000000252, -0.0009997183082161196, 2.3727692592597343e-05, 0.03999999990747382, 0.000999999849588003, 0.9997179221893248, -0.023729223623205214, -0.1400500001710489, 1.5397586715736157e-09, 0.02372923548628287, 0.9997184220485469, 5.981792561282617e-09, 0.0, 0.0, 0.0, 1.0]}, {"left_foot_pose": [0.9999980000007093, -0.0019990927028735767, -6.019093115146642e-05, 0.079