{"LoopMode": "Wrap", "FrameDuration": 0.0167, "EnableCycleOffsetPosition": true, "EnableCycleOffsetRotation": false, "Debug_info": [{"left_foot_pose": [0.9999999999983908, -1.794025982509914e-06, -2.5906424727627798e-08, 6.316094446757472e-05, 1.7942130224552196e-06, 0.9998957538449114, 0.014438886373206235, -4.275149752803846e-05, -1.3411438601184167e-14, -0.014438886373229695, 0.9998957538465207, 2.693074929727146e-12, 0.0, 0.0, 0.0, 1.0], "right_foot_pose": [0.9999999999932018, 3.6871487529461376e-06, -3.492309502697491e-08, 9.856283053217196e-05, -3.6873141374858655e-06, 0.9999551476732957, -0.009471147136490702, -0.14026583258731307, 2.067046020023042e-16, 0.009471147136554926, 0.9999551476800936, 1.7780776850884195e-12, 0.0, 0.0, 0.0, 1.0]}, {"left_foot_pose": [0.9999999999983908, -1.7940544857616735e-06, -2.3851107089322444e-08, 6.316094448126902e-05, 1.794213023690654e-06, 0.9999116393322988, 0.013293363930036462, -4.2751497549080655e-05, -1.978377492425411e-14, -0.01329336393005808, 0.9999116393339083, 5.957810633727689e-12, 0.0, 0.0, 0.0, 1.0], "right_foot_pose": [0.9999999999932019, 3.68710633397945e-06, -3.914637874971231e-08, 9.856283059571696e-05, -3.687314138586143e-06, 0.9999436433478052, -0.010616502000238476, -0.1402658325877561, 5.513417861572281e-16, 0.01061650200031048, 0.999943643354603, 4.559595756514767e-12, 0.0, 0.0, 0.0, 1.0]}, {"left_foot_pose": [0.999999999998391, -1.7940908131841834e-06, -2.094112766522967e-08, 6.316094447988101e-05, 1.7942130246885204e-06, 0.9999318857506613, 0.011671497586346384, -4.2751497476161554e-05, -2.5540728952086238e-14, -0.011671497586365393, 0.9999318857522708, 1.041600833362466e-11, 0.0, 0.0, 0.0, 1.0], "right_foot_pose": [0.9999999999932018, 3.687037991937443e-06, -4.512658979829635e-08, 9.856283065513851e-05, -3.6873141394078154e-06, 0.9999251087594803, -0.012238335619902764, -0.14026583258826614, 1.733459337203711e-15, 0.012238335619985795, 0.9999251087662777, 8.537247297990547e-12, 0.0, 0.0, 0.0, 1.0]}, {"left_foot_pose": [0.999999999998391, -1.7941305681095923e-06, -1.720127895673469e-08, 6.31609444654459e-05, 1.7942130254254353e-06, 0.9999540426435625, 0.009587105797805933, -4.275149730449852e-05, -3.129306142233322e-14, -0.009587105797821583, 0.9999540426451722, 1.5937862141157666e-11, 0.0, 0.0, 0.0, 1.0], "right_foot_pose": [0.9999999999932019, 3.6869358953302244e-06, -5.281354586996937e-08, 9.856283070477086e-05, -3.687314139926601e-06, 0.9998974200144294, -0.01432303860539093, -0.14026583258881867, 3.1422968597284153e-15, 0.014323038605488132, 0.9998974200212267, 1.3580206403851491e-11, 0.0, 0.0, 0.0, 1.0]}, {"left_foot_pose": [0.999999999998391, -1.7941684471860983e-06, -1.2647701719236414e-08, 6.316094444049067e-05, 1.794213025931746e-06, 0.9999751541907653, 0.00704918420363092, -4.275149702233187e-05, -3.6707795312099534e-14, -0.007049184203642487, 0.9999751541923751, 2.2573290459071416e-11, 0.0, 0.0, 0.0, 1.0], "right_foot_pose": [0.9999999999932019, 3.6867899089647826e-06, -6.217504189278882e-08, 9.856283074263082e-05, -3.687314140165934e-06, 0.9998578284401282, -0.01686187692384956, -0.1402658325894058, 4.389187749756801e-15, 0.016861876923964028, 0.9998578284469253, 1.9721169142172812e-11, 0.0, 0.0, 0.0, 1.0]}, {"left_foot_pose": [0.999999999998391, -1.7941982421227521e-06, -7.28355842302048e-09, 6.316094440702867e-05, 1.794213026218227e-06, 0.999991760212779, 0.004059495452580694, -4.275149660863675e-05, -4.1451881326396745e-14, -0.00405949545258745, 0.9999917602143886, 3.045206448115678e-11, 0.0, 0.0, 0.0, 1.0], "right_foot_pose": [0.9999999999932017, 3.686587376863963e-06, -7.320574657579042e-08, 9.856283076721917e-05, -3.6873141401509886e-06, 0.9998029017291813, -0.019853404753663647, -0.14026583259002087, 6.473317741210375e-15, 0.019853404753798445, 0.9998029017359782, 2.7071581087945162e-11, 0.0, 0.0, 0.0, 1.0]}, {"left_foot_pose": [0.9999999999983908, -1.7942126968554664e-06, -1.0867609589673699e-09, 6.316094436636755e-05, 1.7942130263157859e-06, 0.9999998165443573, 0.0006057293401657379, -4.275149602428127e-05, -4.6857464091122905e-14, -0.0006057293401669347, 0.9999998165459669, 3.992101094141276e-11, 0.0, 0.0, 0.0, 1.0], "right_foot_pose": [0.9999999999932019, 3.686312213894831e-06, -8.595247880107876e-08, 9.856283077889611e-05, -3.6873141399225616e-06, 0.9997282775798693, -0.023310319465669114, -0.14026583259066774, 8.17356930460112e-15, 0.023310319465827414, 0.9997282775866655, 3.594954195440536e-11, 0.0, 0.0, 0.0, 1.0]}, {"left_foot_pose": [0.9999999999983908, -1.7942030481978677e-06, 5.983658457643098e-09, 6.316094431955124e-05, 1.7942130262400681e-06, 0.9999944390448482, -0.00333494769987274, -4.2751495210234525e-05, -5.225818163834395e-14, 0.0033349476998778852, 0.9999944390464581, 5.146467280114919e-11, 0.0, 0.0, 0.0, 1.0], "right_foot_pose": [0.9999999999932019, 3.6859442581468513e-06, -1.0050119209073145e-07, 9.856283077769266e-05, -3.6873141394980405e-06, 0.9996284880772043, -0.027255931664253573, -0.1402658325913472, 9.823244247980425e-15, 0.0272559316644387, 0.9996284880839997, 4.680556636715849e-11, 0.0, 0.0, 0.0, 1.0]}, {"left_foot_pose": [0.9999999999983908, -1.7941584271556457e-06, 1.399713311925983e-08, 6.316094426754946e-05, 1.794213026001286e-06, 0.9999695699134252, -0.007801233488435321, -4.275149408285335e-05, -5.865284802131662e-14, 0.007801233488447656, 0.9999695699150348, 6.570214511336658e-11, 0.0, 0.0, 0.0, 1.0], "right_foot_pose": [0.9999999999932019, 3.685457543825073e-06, -1.169968035230859e-07, 9.856283076341764e-05, -3.687314138893097e-06, 0.9994964912910972, -0.031729542751032985, -0.1402658325920508, 1.175580576014541e-14, 0.03172954275124852, 0.999496491297892, 6.021662335431444e-11, 0.0, 0.0, 0.0, 1.0]}, {"left_foot_pose": [0.9999999999983908, -1.7940650349716475e-06, 2.3044094910086038e-08, 6.316094421110619e-05, 1.7942130255963032e-06, 0.9999175184634171, -0.012843530151150223, -4.275149251072724e-05, -6.592993731917514e-14, 0.012843530151170672, 0.9999175184650266, 8.361908387932715e-11, 0.0, 0.0, 0.0, 1.0], "right_foot_pose": [0.9999999999932017, 3.684818937467482e-06, -1.356279902276178e-07, 9.856283073597801e-05, -3.6873141381320953e-06, 0.9993233014196496, -0.03678232219607159, -0.14026583259276754, 1.3416658297825877e-14, 0.03678232219632147, 0.9993233014264431, 7.710412863737304e-11, 0.0, 0.0, 0.0, 1.0]}, {"left_foot_pose": [0.9999999999983908, -1.7939050441819462e-06, 3.324259906237833e-08, 6.316094415216919e-05, 1.794213025018619e-06, 0.9998283486342279, -0.018527635146845148, -4.2751490324378916e-05, -7.514350395662964e-14, 0.01852763514687475, 0.9998283486358372, 1.0626224900001091e-10, 0.0, 0.0, 0.0, 1.0], "right_foot_pose": [0.9999999999932017, 3.6839854962830053e-06, -1.566410219866718e-07, 9.856283069401692e-05, -3.687314137170045e-06, 0.9990972723758988, -0.04248105833712986, -0.14026583259344952, 1.4861986483825958e-14, 0.04248105833741849, 0.9990972723826909, 9.8437383244665e-11, 0.0, 0.0, 0.0, 1.0]}, {"left_foot_pose": [0.9999999999983908, -1.7936552006922322e-06, 4.473696607613184e-08, 6.316094409318427e-05, 1.794213024232696e-06, 0.9996890998655773, -0.024933984975001978, -4.275148725440929e-05, -8.584865500174637e-14, 0.02493398497504189, 0.9996890998671863, 1.3536524678947615e-10, 0.0, 0.0, 0.0, 1.0], "right_foot_pose": [0.9999999999932017, 3.6829015766276524e-06, -1.80337225375051e-07, 9.856283063653875e-05, -3.6873141360070997e-06, 0.9988033135947896, -0.04890747119277375, -0.14026583259402878, 1.5426480447741565e-14, 0.04890747119310606, 0.9988033136015795, 1.2582263009264238e-10, 0.0, 0.0, 0.0, 1.0]}, {"left_foot_pose": [0.9999999999983908, -1.7932850814204375e-06, 5.7697384536793155e-08, 6.316094403971244e-05, 1.794213023214026e-06, 0.999482816001677, -0.03215743326416843, -4.275148295068004e-05, -9.92656880034715e-14, 0.032157433264219965, 0.999482816003286, 1.7282698883125391e-10, 0.0, 0.0, 0.0, 1.0], "right_foot_pose": [0.999999999993202, 3.681495146575215e-06, -2.0707248377107775e-07, 9.856283056177555e-05, -3.6873141346261256e-06, 0.9984218900155865, -0.05615807621445087, -0.14026583259436015, 1.5610713480282116e-14, 0.056158076214832466, 0.9984218900223739, 1.609933505952732e-10, 0.0, 0.0, 0.0, 1.0]}, {"left_foot_pose": [0.9999999999983907, -1.7927546024293975e-06, 7.232774124069727e-08, 6.316094400060563e-05, 1.7942130218900694e-06, 0.9991871564769806, -0.04031161530164222, -4.2751476881736084e-05, -1.1644817939058766e-13, 0.04031161530170688, 0.999187156478589, 2.2153531092916623e-10, 0.0, 0.0, 0.0, 1.0], "right_foot_pose": [0.9999999999932017, 3.679672086325973e-06, -2.3727379228069195e-07, 9.856283046866521e-05, -3.687314132933739e-06, 0.9979274763404097, -0.06434867482135989, -0.1402658325942162, 1.4139096214408436e-14, 0.06434867482179718, 0.9979274763471936, 2.0657524996137155e-10, 0.0, 0.0, 0.0, 1.0]}, {"left_foot_pose": [0.9999999999983907, -1.7920113921716476e-06, 8.885679975149194e-08, 6.316094399240101e-05, 1.7942130201757576e-06, 0.9987729322958603, -0.04952403164031157, -4.275146831814007e-05, -1.3783894438649967e-13, 0.04952403164039106, 0.9987729322974679, 2.850884042726598e-10, 0.0, 0.0, 0.0, 1.0], "right_foot_pose": [0.9999999999932018, 3.677310951787142e-06, -2.714215617816393e-07, 9.856283035778791e-05, -3.6873141308887045e-06, 0.9972871369121691, -0.07360955465109406, -0.14026583259321299, 1.0624363234758474e-14, 0.0736095546515943, 0.9972871369189487, 2.657904521474741e-10, 0.0, 0.0, 0.0, 1.0]}, {"left_foot_pose": [0.9999999999983908, -1.790986565910273e-06, 1.0755218904371453e-07, 6.316094404317942e-05, 1.7942130179750796e-06, 0.9982017509491606, -0.05994384371068945, -4.275145624459305e-05, -1.6482427134989812e-13, 0.05994384371078569, 0.9982017509507675, 3.6819902682339034e-10, 0.0, 0.0, 0.0, 1.0], "right_foot_pose": [0.9999999999932017, 3.674253179507118e-06, -3.1007911055483033e-07, 9.856283023398616e-05, -3.6873141283944152e-06, 0.9964578693073431, -0.08409348774949081, -0.14026583259073874, 4.790497471437437e-15, 0.08409348775006235, 0.9964578693141171, 3.4279266231118655e-10, 0.0, 0.0, 0.0, 1.0]}, {"left_foot_pose": [0.9999999999983906, -1.7895908046077738e-06, 1.2870545595958877e-07, 6.316094420060647e-05, 1.7942130151185404e-06, 0.997423831023836, -0.07173354377497228, -4.275143921672088e-05, -1.9906787119386343e-13, 0.0717335437750875, 0.9974238310254416, 4.774272852059447e-10, 0.0, 0.0, 0.0, 1.0], "right_foot_pose": [0.9999999999932017, 3.670295190827562e-06, -3.5386250363258675e-07, 9.856283011079336e-05, -3.687314125347507e-06, 0.9953844629368899, -0.09596755144445086, -0.14026583258584535, -4.360019940147438e-15, 0.0959675514451031, 0.9953844629436567, 4.432884129212944e-10, 0.0, 0.0, 0.0, 1.0]}, {"left_foot_pose": [0.9999999999983908, -1.7877084047775973e-06, 1.5264006258956048e-07, 6.316094454373522e-05, 1.794213011467045e-06, 0.9963746859138239, -0.08507341104546395, -4.2751415415155994e-05, -2.425663440115296e-13, 0.08507341104560065, 0.9963746859154278, 6.20370567416817e-10, 0.0, 0.0, 0.0, 1.0], "right_foot_pose": [0.9999999999932019, 3.6651749182810755e-06, -4.0345786622711005e-07, 9.856283001941387e-05, -3.687314121547708e-06, 0.9939958450341961, -0.10941782323350442, -0.14026583257710362, -1.8768207237301035e-14, 0.10941782323424809, 0.9939958450409535, 5.73658689995149e-10, 0.0, 0.0, 0.0, 1.0]}, {"left_foot_pose": [0.9999999999983906, -1.7851928331891008e-06, 1.796854493530184e-07, 6.316094519994873e-05, 1.7942130067730055e-06, 0.994972646301105, -0.10014705741736908, -4.275138248422024e-05, -2.980934127130766e-13, 0.10014705741753006, 0.9949726463027065, 8.070003901239353e-10, 0.0, 0.0, 0.0, 1.0], "right_foot_pose": [0.9999999999932017, 3.6585628683999994e-06, -4.5956842242847085e-07, 9.856283002215932e-05, -3.687314116899118e-06, 0.9922026568299783, -0.12463501821693708, -0.14026583256246078, -4.009748207748852e-14, 0.1246350182177842, 0.9922026568367234, 7.42065242587131e-10, 0.0, 0.0, 0.0, 1.0]}, {"left_foot_pose": [0.9999999999983906, -1.7818623697626841e-06, 2.10158954572249e-07, 6.316094636118703e-05, 1.7942130007808043e-06, 0.9931164317757282, -0.11713134906517204, -4.275133811375634e-05, -3.6792326725089345e-13, 0.11713134906536035, 0.9931164317773267, 1.0466560534938552e-09, 0.0, 0.0, 0.0, 1.0], "right_foot_pose": [0.9999999999932015, 3.650052681688309e-06, -5.228774001553544e-07, 9.856283023421106e-05, -3.6873141111396455e-06, 0.9898946934447442, -0.14180442826773623, -0.14026583253925576, -7.006683037481495e-14, 0.14180442826870007, 0.9898946934514737, 9.554459376448499e-10, 0.0, 0.0, 0.0, 1.0]}, {"left_foot_pose": [0.9999999999983908, -1.777507881318901e-06, 2.442662408453152e-07, 6.316094828652187e-05, 1.794212993449128e-06, 0.9906894834228739, -0.136140910207405, -4.2751280976374706e-05, -4.552188979191424e-13, 0.13614091020762395, 0.9906894834244687, 1.3453250458095312e-09, 0.0, 0.0, 0.0, 1.0], "right_foot_pose": [0.9999999999932017, 3.639181027609956e-06, -5.938406790751099e-07, 9.856283084378157e-05, -3.6873141042434307e-06, 0.9869462993237285, -0.16104968872246062, -0.14026583250466212, -1.1122852994503174e-13, 0.16104968872355532, 0.9869462993304378, 1.2168849400362447e-09, 0.0, 0.0, 0.0, 1.0]}, {"left_foot_pose": [0.9999999999983908, -1.7719122913089298e-06, 2.820054360031305e-07, 6.316095118161595e-05, 1.7942129849446058e-06, 0.9875708147476508, -0.1571746985218778, -4.275121549250985e-05, -5.581484471420827e-13, 0.15717469852213056, 0.9875708147492404, 1.683408197561409e-09, 0.0, 0.0, 0.0, 1.0], "right_foot_pose": [0.9999999999932019, 3.6254723276193843e-06, -6.724846823847011e-07, 9.85628320868373e-05, -3.687314096441529e-06, 0.9832284971591869, -0.18237796566606124, -0.1402658324582511, -1.6419314537187255e-13, 0.18237796566730086, 0.9832284971658709, 1.505584122651893e-09, 0.0, 0.0, 0.0, 1.0]}, {"left_foot_pose": [0.9999999999983908, -1.7649466367398536e-06, 3.227438168385338e-07, 6.31609549833666e-05, 1.794212975978164e-06, 0.9836885482806469, -0.17988007109820517, -4.275115393173948e-05, -6.704426784410896e-13, 0.17988007109849438, 0.9836885482822301, 2.0117725124668695e-09, 0.0, 0.0, 0.0, 1.0], "right_foot_pose": [0.9999999999932017, 3.6086635678990043e-06, -7.575172870089253e-07, 9.85628341121045e-05, -3.687314088304438e-06, 0.9786699572152947, -0.20543883476747304, -0.14026583240518128, -2.277984907460352e-13, 0.20543883476886945, 0.9786699572219478, 1.7750782163594714e-09, 0.0, 0.0, 0.0, 1.0]}, {"left_foot_pose": [0.9999999999983906, -1.756768910151017e-06, 3.646411635416574e-07, 6.316095765511803e-05, 1.7942129703583228e-06, 0.9791307334100787, -0.20323141216018592, -4.275114918104658e-05, -7.435950936002861e-13, 0.20323141216051283, 0.9791307334116548, 2.0636547887198375e-09, 0.0, 0.0, 0.0, 1.0], "right_foot_pose": [0.9999999999932019, 3.589160952189462e-06, -8.451087558092549e-07, 9.856283604437477e-05, -3.6873140833425255e-06, 0.97338084212325, -0.22919366521314802, -0.14026583237848722, -2.8134938774552553e-13, 0.2291936652147059, 0.9733808421298671, 1.791947590312759e-09, 0.0, 0.0, 0.0, 1.0]}, {"left_foot_pose": [0.999999999998424, -1.7300023528073827e-06, 3.999397021892448e-07, 6.321546995930274e-05, 1.7756294387046379e-06, 0.9742959766159293, -0.22527172469455822, -4.309084826272305e-05, 6.097098098125893e-11, 0.225271724694913, 0.9742959766174655, 0.000278083561605684, 0.0, 0.0, 0.0, 1.0], "right_foot_pose": [0.9999999999932018, 3.5690085434703098e-06, -9.26532938760905e-07, 9.856283034739032e-05, -3.687314099630741e-06, 0.967915495646369, -0.2512759305505553, -0.1402658324705812, -3.5429059406500883e-13, 0.2512759305522633, 0.9679154956529491, 1.4038420148576591e-09, 0.0, 0.0, 0.0, 1.0]}, {"left_foot_pose": [0.9999999999987526, -1.5307767503844415e-06, 3.904924500975088e-07, 6.380336632931597e-05, 1.5797980147754418e-06, 0.968936053170062, -0.2473113925089742, -4.674434142445255e-05, 2.1631616032028748e-10, 0.24731139250928225, 0.9689360531712715, 0.0030721534761234057, 0.0, 0.0, 0.0, 1.0], "right_foot_pose": [0.9999999999932019, 3.55071729717904e-06, -9.943299864590085e-07, 9.85628290760941e-05, -3.687314123618845e-06, 0.9629548958640797, -0.26966250855060125, -0.1402658326233233, -4.048980880384365e-13, 0.2696625085524343, 0.962954895870626, 7.888639741437942e-10, 0.0, 0.0, 0.0, 1.0]}, {"left_foot_pose": [0.999999999999277, -1.1589098586195197e-06, 3.2231246183125337e-07, 6.497355055019048e-05, 1.202895362096824e-06, 0.9633525509872467, -0.2682384433762587, -5.401301401761205e-05, 3.6364385296970887e-10, 0.26823844337645203, 0.9633525509879439, 0.0080457655562884, 0.0, 0.0, 0.0, 1.0], "right_foot_pose": [0.9999999999932019, 3.536703071649693e-06, -1.0430804981975906e-06, 9.856283995168063e-05, -3.6873141366605013e-06, 0.959154237538053, -0.2828836308434972, -0.1402658326809975, -3.263276799176398e-13, 0.2828836308454201, 0.9591542375445737, 2.96477335737233e-10, 0.0, 0.0, 0.0, 1.0]}, {"left_foot_pose": [0.9999999999997657, -6.567334038078253e-07, 1.958675225344333e-07, 6.664747861456976e-05, 6.853193484161494e-07, 0.9580827934678006, -0.28649146734321257, -6.440883240145523e-05, 4.912133238201901e-10, 0.28649146734327924, 0.9580827934680258, 0.014175375661907887, 0.0, 0.0, 0.0, 1.0], "right_foot_pose": [0.9999999999932019, 3.528314530430651e-06, -1.0711126042229014e-06, 9.856285151747377e-05, -3.687314149343148e-06, 0.9568792722146334, -0.29048590050533807, -0.14026583265483536, -1.7459466137088744e-13, 0.2904859005073126, 0.9568792722211387, 4.2980223546873475e-11, 0.0, 0.0, 0.0, 1.0]}, {"left_foot_pose": [0.9999999999999982, -6.453308573466246e-08, 1.9693431774215988e-08, 6.874665863716855e-05, 6.746856424795152e-08, 0.9538843357549838, -0.3001744059730437, -7.744469990758618e-05, 5.859242553026321e-10, 0.3001744059730441, 0.953884335754986, 0.020437442429981974, 0.0, 0.0, 0.0, 1.0], "right_foot_pose": [0.9999999999932018, 3.5261685518267886e-06, -1.078156334932712e-06, 9.856285681482891e-05, -3.6873141631679485e-06, 0.9562972921806221, -0.292396116517326, -0.1402658325752458, -7.264817203873092e-15, 0.29239611651931363, 0.9562972921871232, 2.6556271071065396e-11, 0.0, 0.0, 0.0, 1.0]}, {"left_foot_pose": [0.9999999999998141, 5.806489197978856e-07, -1.877817633611052e-07, 7.119264283893823e-05, -6.102579422007434e-07, 0.951799881471082, -0.30671971836069306, -9.263433199080406e-05, 6.341868258069209e-10, 0.30671971836075024, 0.9517998814712589, 0.02580842533636201, 0.0, 0.0, 0.0, 1.0], "right_foot_pose": [0.9999999999932019, 3.5304390609802597e-06, -1.0640892164626386e-06, 9.856285383495384e-05, -3.6873141747536702e-06, 0.9574554632114753, -0.28858107344887163, -0.14026583248128482, 1.3946825174163056e-13, 0.2885810734508333, 0.9574554632179844, 2.1538415495570007e-10, 0.0, 0.0, 0.0, 1.0]}, {"left_foot_pose": [0.9999999999991458, 1.2458110702247957e-06, -3.967502255619818e-07, 7.390704976021295e-05, -1.3074614996551986e-06, 0.9529919567289654, -0.3029955947009616, -0.0001094923057226374, 6.245074756887097e-10, 0.30299559470122106, 0.9529919567297795, 0.029264783692018015, 0.0, 0.0, 0.0, 1.0], "right_foot_pose": [0.9999999999932017, 3.5409700153241475e-06, -1.0285024122924875e-06, 9.856284375432138e-05, -3.6873141798605263e-06, 0.9603114658795653, -0.2789298988754059, -0.1402658324220853, 2.5078194324109856e-13, 0.2789298988773019, 0.9603114658860935, 5.858509441458715e-10, 0.0, 0.0, 0.0, 1.0]}, {"left_foot_pose": [0.9999999999980327, 1.9004609230266302e-06, -5.68765973429953e-07, 7.681163098956169e-05, -1.9837454836462913e-06, 0.9580965113338279, -0.2864455881419964, -0.00012753299102195165, 5.540478942415088e-10, 0.2864455881425609, 0.9580965113357127, 0.030000001492740173, 0.0, 0.0, 0.0, 1.0], "right_foot_pose": [0.9999999999932019, 3.5572460737928133e-06, -9.70714289949571e-07, 9.85628354503362e-05, -3.687314179966804e-06, 0.9647255389492443, -0.26325773395190866, -0.14026583240121296, 3.2595272917754133e-13, 0.26325773395369817, 0.9647255389558025, 1.1511693126520228e-09, 0.0, 0.0, 0.0, 1.0]}, {"left_foot_pose": [0.9999999999966238, 2.5083538454688257e-06, -6.793351842727006e-07, 7.982796328593314e-05, -2.598717974151343e-06, 0.9652718437902518, -0.26124752167057114, -0.00014626658296830117, 4.419000179419709e-10, 0.2612475216714542, 0.9652718437935106, 0.030000002513692205, 0.0, 0.0, 0.0, 1.0], "right_foot_pose": [0.9999999999932018, 3.5780761599838047e-06, -8.908742376579027e-07, 9.856283677762084e-05, -3.687314186946392e-06, 0.9703746592484733, -0.2416050924024845, -0.14026583230465942, 3.63426670765058e-13, 0.2416050924041268, 0.9703746592550699, 1.941700626673093e-09, 0.0, 0.0, 0.0, 1.0]}, {"left_foot_pose": [0.9999999999951582, 3.02951277359386e-06, -7.116968119836292e-07, 8.287750929705121e-05, -3.111986488193352e-06, 0.973520381319164, -0.22860023435356783, -0.00016520644496628711, 3.040217049245056e-10, 0.22860023435467547, 0.9735203813238779, 0.030000003767726886, 0.0, 0.0, 0.0, 1.0], "right_foot_pose": [0.9999999999932017, 3.60204680445717e-06, -7.883810956288667e-07, 9.856283645280269e-05, -3.687314189616098e-06, 0.9768754967897165, -0.21380894218495264, -0.14026583222400665, 3.573178962974221e-13, 0.213808942186406, 0.9768754967963574, 2.915494470845381e-09, 0.0, 0.0, 0.0, 1.0]}, {"left_foot_pose": [0.9999999999939342, 3.42090382224236e-06, -6.555967345112704e-07, 8.588183637353712e-05, -3.4831580514599795e-06, 0.9821357190346984, -0.1881739338592482, -0.00018386553371106673, 1.600406957684761e-10, 0.18817393386038997, 0.9821357190406563, 0.030000005150671125, 0.0, 0.0, 0.0, 1.0], "right_foot_pose": [0.9999999999932017, 3.6272422481489445e-06, -6.628722256652139e-07, 9.856283415074984e-05, -3.6873141870267118e-06, 0.9837084984051538, -0.17977093800690278, -0.14026583220307154, 3.004644159984195e-13, 0.17977093800812474, 0.9837084984118412, 3.99943345108511e-09, 0.0, 0.0, 0.0, 1.0]}, {"left_foot_pose": [0.9999999999932592, 3.636146463110749e-06, -5.107271219274096e-07, 8.876253578769461e-05, -3.6718392244509457e-06, 0.990280615335795, -0.13908379803800874, -0.00020176192903800447, 3.4108051665462775e-11, 0.1390837980389462, 0.9902806153424709, 0.028901008763859613, 0.0, 0.0, 0.0, 1.0], "right_foot_pose": [0.9999999999932017, 3.65104341161959e-06, -5.159142590916122e-07, 9.856282624841151e-05, -3.6873141330373903e-06, 0.9901633840161326, -0.13991594955588355, -0.1402658325856636, 2.0264040609881905e-13, 0.13991594955683453, 0.9901633840228637, 4.954894383679687e-09, 0.0, 0.0, 0.0, 1.0]}, {"left_foot_pose": [0.9999999999932023, 3.678427464340302e-06, -2.558453642832061e-07, 9.907905104666953e-05, -3.6873141252507765e-06, 0.9975899494865599, -0.0693851040916405, -0.00026583177507059387, 6.91418551231703e-13, 0.06938510409211199, 0.9975899494933417, 5.557076888929036e-09, 0.0, 0.0, 0.0, 1.0], "right_foot_pose": [0.9999999999932018, 3.670636025040922e-06, -3.5030977546537583e-07, 9.856283078541099e-05, -3.6873141670610483e-06, 0.9954768866504033, -0.09500404270989685, -0.14026583249251381, 2.2719697764607876e-14, 0.09500404271054251, 0.9954768866571707, 5.3556228341022916e-09, 0.0, 0.0, 0.0, 1.0]}, {"left_foot_pose": [0.9999999999932025, 3.6860872089769597e-06, -9.511411586123146e-08, 9.907904683020275e-05, -3.6873141451078847e-06, 0.9996672582303839, -0.02579482135140861, -0.0002658320232045725, 5.061308632116782e-13, 0.02579482135158374, 0.99966725823718, 5.136144939910103e-09, 0.0, 0.0, 0.0, 1.0], "right_foot_pose": [0.9999999999932019, 3.682481255560238e-06, -1.88725691852045e-07, 9.856283293030066e-05, -3.687314142284666e-06, 0.9986893187833074, -0.05118246315425922, -0.14026583272363316, -1.286019853423848e-13, 0.051182463154607005, 0.9986893187900965, 5.072445179166163e-09, 0.0, 0.0, 0.0, 1.0]}, {"left_foot_pose": [0.9999999999932024, 3.68689847303177e-06, 5.535431729645974e-08, 9.907886026599788e-05, -3.687313988320269e-06, 0.9998873108057074, 0.015012184255986154, -0.000265832087379219, 3.194832069360834e-13, -0.01501218425608843, 0.9998873108125047, 4.024514638212295e-09, 0.0, 0.0, 0.0, 1.0], "right_foot_pose": [0.999999967978797, -0.0002530521523021427, 2.648216428870473e-06, 9.856306710705514e-05, 0.00025306600336912776, 0.9999473694792458, -0.010256423798491758, -0.14027866746225293, -5.266693487623519e-08, 0.010256424140242113, 0.9999474014986252, 0.00031104474529734805, 0.0, 0.0, 0.0, 1.0]}, {"left_foot_pose": [0.9999999999932021, 3.682661852677846e-06, 1.8515680377799388e-07, 9.907838241891585e-05, -3.687313569636318e-06, 0.9987384504363198, 0.050214615466642853, -0.00026583184973861043, 2.292589101457989e-13, -0.05021461546698445, 0.9987384504431097, 2.8183664707581713e-09, 0.0, 0.0, 0.0, 1.0], "right_foot_pose": [0.9999875633830053, -0.004985429081711362, -0.0001362945004958693, 9.85647716087873e-05, 0.004987291745743273, 0.9996173704591209, 0.027207344549499315, -0.14051537217990756, 6.02063440216375e-07, -0.027207685922613203, 0.9996298023900517, 0.005468985885080886, 0.0, 0.0, 0.0, 1.0]}, {"left_foot_pose": [0.9999999999932023, 3.6758459955707974e-06, 2.9057909256550973e-07, 9.907817912754819e-05, -3.6873133837265347e-06, 0.9968900359786491, 0.07880517846494677, -0.0002658319606230822, 2.975850159556822e-13, -0.0788051784654827, 0.996890035985426, 1.7430575455223973e-09, 0.0, 0.0, 0.0, 1.0], "right_foot_pose": [0.9998898825369715, -0.014810032765589795, -0.0009411321282836738, 9.856639469863976e-05, 0.01483990549677552, 0.9978866824620987, 0.06326093715424348, -0.1410080242873034, 2.246665215115475e-06, -0.06326793733217914, 0.9979965771988818, 0.014325217109418843, 0.0, 0.0, 0.0, 1.0]}, {"left_foot_pose": [0.9999999999932021, 3.6686932856967204e-06, 3.7009361764088487e-07, 9.907822469724843e-05, -3.6873133455110906e-06, 0.9949502252690045, 0.10036956323289313, -0.00026583228392892694, 4.1427602896037856e-13, -0.10036956323357567, 0.9949502252757682, 9.000897110977846e-10, 0.0, 0.0, 0.0, 1.0], "right_foot_pose": [0.9995881917790926, -0.02855933878898451, -0.002794820877906612, 9.85651721076993e-05, 0.028695763382224484, 0.994851023931355, 0.09720078881699301, -0.14170098518484175, 4.440153708945164e-06, -0.0972409602516878, 0.9952608681293637, 0.023425284242606974, 0.0, 0.0, 0.0, 1.0]}, {"left_foot_pose": [0.9999999999932023, 3.6629981874715066e-06, 4.22758041407276e-07, 9.907849837481622e-05, -3.687313396049983e-06, 0.9934056955416497, 0.11465218729625536, -0.00026583264983760704, 5.078916513071871e-13, -0.11465218729703497, 0.993405695548403, 3.455340874536361e-10, 0.0, 0.0, 0.0, 1.0], "right_foot_pose": [0.9989672241100815, -0.04508109132699158, -0.005672773445614764, 9.855798992547654e-05, 0.04543660540646409, 0.9911688913251884, 0.1245782635869275, -0.14253861376632448, 6.552488708693608e-06, -0.1247073537284959, 0.992193567749308, 0.029314742016221203, 0.0, 0.0, 0.0, 1.0]}, {"left_foot_pose": [0.9999999999932021, 3.6599924802240706e-06, 4.4803475246484083e-07, 9.907887519421447e-05, -3.6873133976402303e-06, 0.9925905441306547, 0.1215072495319337, -0.0002658327835292733, 5.606142602967493e-13, -0.12150724953275996, 0.9925905441374026, 1.0372916414702615e-10, 0.0, 0.0, 0.0, 1.0], "right_foot_pose": [0.9979536427229408, -0.06331129879367857, -0.008955803764618969, 9.855157530725577e-05, 0.06394158986353805, 0.9881337160588575, 0.13965397335355725, -0.1434652610779527, 7.857219515323204e-06, -0.13994083976013075, 0.9901598665394865, 0.030000000971608903, 0.0, 0.0, 0.0, 1.0]}, {"left_foot_pose": [0.9999999999932021, 3.6601387719978133e-06, 4.4683787725478875e-07, 9.907923773168024e-05, -3.6873133738124024e-06, 0.9926302241355682, 0.12118266426752697, -0.00026583280292853586, 5.855420104578901e-13, -0.12118266426835098, 0.9926302241423165, 1.18352279365741e-10, 0.0, 0.0, 0.0, 1.0], "right_foot_pose": [0.9965420522504808, -0.08219918490578854, -0.012133923406040673, 9.854788071180952e-05, 0.08308993939389779, 0.9858732321778004, 0.14543050590166848, -0.14442528952184802, 8.241241757435027e-06, -0.1459358217714927, 0.9892940593453298, 0.030000000666316022, 0.0, 0.0, 0.0, 1.0]}, {"left_foot_pose": [0.9999999999932023, 3.663416539626514e-06, 4.1911767234552373e-07, 9.9079610255758e-05, -3.687313434451307e-06, 0.9935191399013323, 0.11366494022398067, -0.0002658327573093547, 5.925560215147311e-13, -0.11366494022475357, 0.9935191399080866, 4.260268943179213e-10, 0.0, 0.0, 0.0, 1.0], "right_foot_pose": [0.9948084878986774, -0.10071984597600159, -0.014545962715387183, 9.85431241480203e-05, 0.10176478932481843, 0.9846043047692217, 0.14212069055416587, -0.14536306157863807, 7.643443964032625e-06, -0.14286313610056386, 0.9897424535125738, 0.029803368710264996, 0.0, 0.0, 0.0, 1.0]}, {"left_foot_pose": [0.9999999999932021, 3.66933513685256e-06, 3.6367803940555505e-07, 9.90799764194161e-05, -3.6873136645106e-06, 0.9951242048290171, 0.09862969608500902, -0.000265832401316524, 5.894310958601035e-13, -0.09862969608567972, 0.9951242048357819, 1.1167349475704746e-09, 0.0, 0.0, 0.0, 1.0], "right_foot_pose": [0.9929113775954793, -0.11791222241995372, -0.01495673913104743, 9.854099411080858e-05, 0.1188570410457354, 0.9850248123220676, 0.12489644872344263, -0.14622293191712665, 5.9413141690384555e-06, -0.12578881871558606, 0.9920570412283953, 0.024970566283008082, 0.0, 0.0, 0.0, 1.0]}, {"left_foot_pose": [0.9999999999932023, 3.676613440814572e-06, 2.8070937468920073e-07, 9.908011382025444e-05, -3.6873139470180923e-06, 0.9970980099729553, 0.07612856556101032, -0.00026583201471099514, 5.481335861978146e-13, -0.07612856556152807, 0.9970980099797336, 2.077350312601478e-09, 0.0, 0.0, 0.0, 1.0], "right_foot_pose": [0.9910800745242607, -0.13262559773856422, -0.013066625634560288, 9.85414522930014e-05, 0.13326772252623448, 0.9863074645635024, 0.09714576408153695, -0.14694926800002975, 3.695370939979549e-06, -0.0980205905450669, 0.9951843868427298, 0.016236265370455222, 0.0, 0.0, 0.0, 1.0]}, {"left_foot_pose": [0.9999999999932024, 3.683307010888718e-06, 1.718587068765683e-07, 9.907994334181867e-05, -3.6873141918260928e-06, 0.9989132468290226, 0.04660821060612353, -0.0002658318056995186, 4.099282314757226e-13, -0.04660821060644059, 0.9989132468358137, 3.1534748978767624e-09, 0.0, 0.0, 0.0, 1.0], "right_foot_pose": [0.9895911808412029, -0.14360260101199182, -0.009358834537695374, 9.853935888762396e-05, 0.1439072437325117, 0.9874970096357647, 0.0643456382494835, -0.14748643527495675, 1.6201032473995645e-06, -0.06502268022015584, 0.9978837863470686, 0.007054911396207911, 0.0, 0.0, 0.0, 1.0]}, {"left_foot_pose": [0.9999999999932022, 3.6870835527978837e-06, 4.124373004225911e-08, 9.907942671874967e-05, -3.687314221508938e-06, 0.999937442282637, 0.011185325550144043, -0.0002658319604394808, 7.971327161687473e-14, -0.011185325550220303, 0.9999374422894349, 4.032575745549494e-09, 0.0, 0.0, 0.0, 1.0], "right_foot_pose": [0.9887328438047033, -0.14962678996469492, -0.00438033180536448, 9.853571424379873e-05, 0.14969089344978984, 0.9883094806560172, 0.028931070903730243, -0.14777879391455453, 2.6018209457321797e-07, -0.029260795790512432, 0.9995718112420129, 0.000880954906452569, 0.0, 0.0, 0.0, 1.0]}, {"left_foot_pose": [0.9999999999932023, 3.685937809762356e-06, -1.0078817741517046e-07, 9.907541263737273e-05, -3.6873155264523584e-06, 0.9996263547817953, -0.027334059560648466, -0.00026583249865713005, -1.1256040471518432e-12, 0.02733405956083406, 0.9996263547885909, 4.290205232737598e-09, 0.0, 0.0, 0.0, 1.0], "right_foot_pose": [0.9886217001073728, -0.15041733746598435, 0.0013261472209490854, 9.853105290842375e-05, 0.15042318330898147, 0.9885832796515747, -0.008715796953182992, -0.14781583237278453, 2.605171881229504e-12, 0.008816109288157778, 0.9999611373533572, 4.845217865812046e-09, 0.0, 0.0, 0.0, 1.0]}, {"left_foot_pose": [0.9999999999932023, 3.6794525834446416e-06, -2.4068191523125865e-07, 9.907424983065431e-05, -3.6873159744534154e-06, 0.9978674196176879, -0.06527337015921707, -0.00026583271512233865, -1.629155188163715e-12, 0.06527337015966059, 0.9978674196244716, 4.173006350194353e-09, 0.0, 0.0, 0.0, 1.0], "right_foot_pose": [0.9886217001074777, -0.15025659089907797, 0.007077497296853999, 9.853009674374571e-05, 0.1504231833082915, 0.987526809896246, -0.0465152196548991, -0.14781583177731808, 2.6552960380291055e-12, 0.047050575209347564, 0.9988925084174318, 4.676278086979124e-09, 0.0, 0.0, 0.0, 1.0]}, {"left_foot_pose": [0.9999999851645953, -0.000171316016807859, 1.793411963680095e-05, 8.61496447095866e-05, 0.0001722510568037037, 0.9949331735907982, -0.10053830323870032, -0.00026681155281126426, -6.194289185969596e-07, 0.10053830483634468, 0.9949331883399265, 0.0001076805944907333, 0.0, 0.0, 0.0, 1.0], "right_foot_pose": [0.9886217001071782, -0.14991321845438715, 0.012375823602487613, 9.853510470094048e-05, 0.15042318331026208, 0.985270073637008, -0.08133724803638434, -0.14781583270631868, 1.2154703340824973e-12, 0.08227337921814183, 0.9966097988039393, 3.1523576318748248e-09, 0.0, 0.0, 0.0, 1.0]}, {"left_foot_pose": [0.999965636479591, -0.008214783048281115, 0.001114988536768046, -0.000510465015413489, 0.008290104382522076, 0.9909676440568059, -0.13384469583002495, -0.0003119477800979653, -5.412425024714903e-06, 0.13384933982644295, 0.9910016923288943, 0.004603417297453186, 0.0, 0.0, 0.0, 1.0], "right_foot_pose": [0.9886217001071419, -0.14946905513279726, 0.016915544181992703, 9.853576928625435e-05, 0.15042318331049956, 0.9823509125831886, -0.111173515145075, -0.1478158329789912, 5.041219534751222e-13, 0.11245303955289578, 0.9936570403792824, 2.028827252031906e-09, 0.0, 0.0, 0.0, 1.0]}, {"left_foot_pose": [0.9996380053005726, -0.02652745273328725, 0.004489165866423437, -0.0018787432238703196, 0.026904613543395794, 0.9856948370097173, -0.16637857452950047, -0.0004154481887690513, -1.13478453511196e-05, 0.16643912564019056, 0.9860517315675461, 0.013203853119678782, 0.0, 0.0, 0.0, 1.0], "right_foot_pose": [0.9886217001070968, -0.14901543280195745, 0.020531314234565893, 9.853603187659835e-05, 0.15042318331079546, 0.9793695843709468, -0.13493733038609332, -0.14781583287093034, 1.2799886306798193e-13, 0.13649035861893014, 0.9906413992984927, 1.1493952872809743e-09, 0.0, 0.0, 0.0, 1.0]}, {"left_foot_pose": [0.9985531500320289, -0.05272634485363322, 0.010561208240007268, -0.003855113788591561, 0.05377365762067718, 0.9791689252089267, -0.19579736885691432, -0.0005649381264628897, -1.7527329491990058e-05, 0.19608199423601336, 0.9805875030965989, 0.022454530459710763, 0.0, 0.0, 0.0, 1.0], "right_foot_pose": [0.9886217001070576, -0.14863117802575487, 0.023149665140284107, 9.853591068037905e-05, 0.15042318331105392, 0.9768441584226821, -0.15214583818840077, -0.14781583259629197, -6.994486024264933e-14, 0.15389692353701634, 0.988086907577386, 5.23075117941918e-10, 0.0, 0.0, 0.0, 1.0]}, {"left_foot_pose": [0.9962404708059619, -0.08456152483044456, 0.018822137143956027, -0.006276005557102069, 0.08663096339518014, 0.9724988464961695, -0.21619683102405476, -0.0007480476655427615, -2.2572966185959578e-05, 0.21701461260009816, 0.9761683550538256, 0.02890100388476096, 0.0, 0.0, 0.0, 1.0], "right_foot_pose": [0.9886217001070272, -0.14837690896692696, 0.024727049215608143, 9.853548973938649e-05, 0.1504231833112531, 0.9751730336408142, -0.16251283143887643, -0.14781583235508788, -2.0672960335063653e-13, 0.16438323316321443, 0.9863965493931983, 1.5683475351746523e-10, 0.0, 0.0, 0.0, 1.0]}, {"left_foot_pose": [0.9923832823280884, -0.12009443379971438, 0.027436252040995337, -0.008977852335152914, 0.12318855602028642, 0.9675026569824396, -0.22082388547790177, -0.0009524135138530253, -2.4927251381587147e-05, 0.22252176455854053, 0.9749277222832402, 0.030000000206768754, 0.0, 0.0, 0.0, 1.0], "right_foot_pose": [0.9886217001070068, -0.1482908194876647, 0.025238203842742217, 9.85349510162826e-05, 0.15042318331138643, 0.9746072303810436, -0.16587227740481725, -0.14781583230779494, -3.2188097448264007e-13, 0.16778134385165835, 0.9858242341590775, 6.7474012488411e-11, 0.0, 0.0, 0.0, 1.0]}, {"left_foot_pose": [0.9869289544880483, -0.15723751872883238, 0.035321402819377755, -0.011797086404777498, 0.16115594365659142, 0.9629660452020746, -0.2161600277850437, -0.001165660609777526, -2.4845166690022642e-05, 0.21902684422663174, 0.9757188329077399, 0.030000000284105127, 0.0, 0.0, 0.0, 1.0], "right_foot_pose": [0.988621700107003, -0.14837500468537965, 0.02473847331894767, 9.853443983459751e-05, 0.15042318331141222, 0.9751605181884436, -0.16258791372333753, -0.14781583232157708, -4.097886286710829e-13, 0.16445917958891704, 0.986383889897306, 2.1252857806963732e-10, 0.0, 0.0, 0.0, 1.0]}, {"left_foot_pose": [0.9801474253340241, -0.19405403786185, 0.040670075001116336, -0.014570135339318278, 0.19827007872792546, 0.9593283854441919, -0.20094283953966496, -0.0013754145194327834, -2.218799461740067e-05, 0.20501726578645219, 0.9787583564073115, 0.029955121599191017, 0.0, 0.0, 0.0, 1.0], "right_foot_pose": [0.9886217001063171, -0.14869574166674937, 0.022731266772232615, 9.853427506633858e-05, 0.15042318331592058, 0.9772684880527384, -0.14939601125940422, -0.14781583254068714, -1.3752305958247559e-11, 0.15111544814905714, 0.9885161209260626, 6.085963816238049e-10, 0.0, 0.0, 0.0, 1.0]}, {"left_foot_pose": [0.9726377690142297, -0.22854029795247738, 0.041774423979458256, -0.0171334316449717, 0.23232686023526344, 0.9567987090774855, -0.1748155036628124, -0.001569310509731494, -1.7327642189737665e-05, 0.17973748223298075, 0.9837146116533507, 0.02580842779542742, 0.0, 0.0, 0.0, 1.0], "right_foot_pose": [0.9886217001070805, -0.1490834112080148, 0.02003173931458388, 9.853404886175487e-05, 0.15042318331090282, 0.979816356775507, -0.13165398937285117, -0.14781583293553674, -2.4395935348153416e-13, 0.13316922879462137, 0.9910933137208855, 1.3175333463122385e-09, 0.0, 0.0, 0.0, 1.0]}, {"left_foot_pose": [0.9652843781071467, -0.2584871003092221, 0.03755646889724867, -0.019323405555434835, 0.26120120454621176, 0.9552604216465687, -0.1387496219066165, -0.0017349664347451749, -1.1220878699987133e-05, 0.1437426374091934, 0.9896151039999047, 0.017353830191785324, 0.0, 0.0, 0.0, 1.0], "right_foot_pose": [0.9886217001070934, -0.1495399778310159, 0.01627664300951761, 9.853404176782179e-05, 0.1504231833108182, 0.9828170356680866, -0.1069744844494928, -0.1478158332909367, -1.805399335017664e-13, 0.10820568113964267, 0.9941285281939686, 2.266376981918672e-09, 0.0, 0.0, 0.0, 1.0]}, {"left_foot_pose": [0.9591657636092711, -0.28130736725166505, 0.029448311492875575, -0.020976484980714236, 0.28284454721477637, 0.9539550091000112, -0.09984389177043732, -0.0018600040207583136, -5.541928064359975e-06, 0.10409613702215473, 0.9945672396707791, 0.008045774289205755, 0.0, 0.0, 0.0, 1.0], "right_foot_pose": [0.9886217001071183, -0.149980262287179, 0.011534946969076545, 9.85342587633913e-05, 0.15042318331065335, 0.9857107037726844, -0.07581078017438389, -0.14781583343350096, -1.1929621331559765e-13, 0.07668330582485434, 0.9970555002645399, 3.3510176022932825e-09, 0.0, 0.0, 0.0, 1.0]}, {"left_foot_pose": [0.9554192097169715, -0.29464896370339116, 0.018871192127584955, -0.021929101545774533, 0.295252660787046, 0.9534659872697056, -0.06106125955118067, -0.0019320519414590676, -1.4029837048510378e-06, 0.0639108700326046, 0.9979556105808055, 0.0013387092163375386, 0.0, 0.0, 0.0, 1.0], "right_foot_pose": [0.9886217001071634, -0.15030587176033405, 0.005939612073818941, 9.853469644095108e-05, 0.1504231833103576, 0.9878506969847236, -0.039036731287014785, -0.14781583320963407, -1.722963496887524e-13, 0.03948601500736738, 0.9992201232055116, 4.3335083368956084e-09, 0.0, 0.0, 0.0, 1.0]}, {"left_foot_pose": [0.9547446351465685, -0.2973447844044085, 0.006982896701384623, -0.02209640231517334, 0.2974267668836256, 0.9544814700891765, -0.022415209067925553, -0.0019446999381791206, -1.336529443442054e-12, 0.023477700992665558, 0.9997243607895628, 5.199283115153719e-09, 0.0, 0.0, 0.0, 1.0], "right_foot_pose": [0.9886217001073865, -0.15042308700375068, -0.00017021469433469802, 9.853810977408935e-05, 0.1504231833088906, 0.9886210671640554, 0.0011186968417272215, -0.14781583212506222, 4.0599712772689656e-13, -0.001131572209741054, 0.9999993597719619, 4.738163847384236e-09, 0.0, 0.0, 0.0, 1.0]