{"LoopMode": "Wrap", "FrameDuration": 0.0167, "EnableCycleOffsetPosition": true, "EnableCycleOffsetRotation": false, "Debug_info": [{"left_foot_pose": [1.0000000000000007, 1.47878493945585e-14, -1.0083600621157992e-12, 2.0523287075019614e-13, -2.920839671728622e-15, 0.9999345404723552, 0.011441799261519989, -2.4475040050209174e-13, 1.008190224423718e-12, -0.011441799261520159, 0.9999345404723553, 2.4405269472005386e-12, 0.0, 0.0, 0.0, 1.0], "right_foot_pose": [1.0, -2.2526795441223728e-14, -1.0275669204418134e-12, 1.1749212739067562e-13, 9.228584710046541e-15, 0.9999154487600784, -0.013003666057346621, -0.14000000000050836, 1.0275317540231453e-12, 0.01300366605734647, 0.9999154487600784, 1.44445566618856e-12, 0.0, 0.0, 0.0, 1.0]}, {"left_foot_pose": [1.0000000000000007, 3.304128986876467e-14, -2.377542607234774e-12, 4.46392406681875e-13, -7.98872061547669e-15, 0.9999459281064838, 0.010399079923901907, -2.621201866670475e-13, 2.377383188401844e-12, -0.010399079923902077, 0.999945928106484, 5.338361697138083e-12, 0.0, 0.0, 0.0, 1.0], "right_foot_pose": [1.0, -5.4406477584733896e-14, -2.4079072069582704e-12, 3.122250031634026e-13, 2.064317991206023e-14, 0.9999013430105081, -0.01404650297341074, -0.1400000000008801, 2.4083821751467825e-12, 0.014046502973410587, 0.9999013430105084, 3.807065773742124e-12, 0.0, 0.0, 0.0, 1.0]}, {"left_foot_pose": [1.0000000000000004, 5.1996718767166426e-14, -4.307332268638222e-12, 7.760427088748856e-13, -1.3256731613458483e-14, 0.9999602381487305, 0.008917517677879854, -1.944971961265196e-13, 4.307187653585953e-12, -0.008917517677880026, 0.9999602381487305, 9.32275784348846e-12, 0.0, 0.0, 0.0, 1.0], "right_foot_pose": [0.9999999999999998, -1.0602667021425256e-13, -4.350575455447369e-12, 5.96638111378466e-13, 3.852174027186147e-14, 0.9998794271612272, -0.015528397848330048, -0.14000000000130955, 4.35167601549395e-12, 0.015528397848329897, 0.9998794271612275, 7.251650668838039e-12, 0.0, 0.0, 0.0, 1.0]}, {"left_foot_pose": [1.0000000000000004, 6.377011617137653e-14, -6.7539307480046805e-12, 1.1868926208960818e-12, -1.6125891324298318e-14, 0.9999754627470071, 0.007005276861757697, -3.71959407718947e-14, 6.753805240076455e-12, -0.007005276861757872, 0.9999754627470072, 1.431736673662698e-11, 0.0, 0.0, 0.0, 1.0], "right_foot_pose": [1.0, -1.837114929007242e-13, -6.812994612914734e-12, 9.64413026257893e-13, 6.491727474321351e-14, 0.9998478879930888, -0.017441355330358774, -0.14000000000177973, 6.815169207999078e-12, 0.017441355330358628, 0.9998478879930889, 1.170143149042957e-11, 0.0, 0.0, 0.0, 1.0]}, {"left_foot_pose": [1.0000000000000007, 5.944123477649239e-14, -9.748257756569959e-12, 1.6841485076273367e-12, -1.3623425534741297e-14, 0.9999891132323158, 0.0046661994007722255, 2.212292848913222e-13, 9.747933576115691e-12, -0.004666199400772398, 0.999989113232316, 2.039851620949662e-11, 0.0, 0.0, 0.0, 1.0], "right_foot_pose": [0.9999999999999998, -2.9759061304195703e-13, -9.828693414704047e-12, 1.4207637149235901e-12, 1.0316821853667953e-13, 0.9998043220429266, -0.019781749778121027, -0.14000000000228585, 9.83255698456274e-12, 0.019781749778120878, 0.9998043220429262, 1.7214139835797226e-11, 0.0, 0.0, 0.0, 1.0]}, {"left_foot_pose": [1.0000000000000007, 2.7636885531696032e-14, -1.3355538897030786e-11, 2.278403637923054e-12, -1.961397427480649e-15, 0.99999819932618, 0.0018977208430943622, 6.005872882353103e-13, 1.3355408912687954e-11, -0.0018977208430945355, 0.9999981993261804, 2.771070872764625e-11, 0.0, 0.0, 0.0, 1.0], "right_foot_pose": [0.9999999999999998, -4.615706245874228e-13, -1.346500688725882e-11, 1.9765207655995372e-12, 1.578541989530636e-13, 0.9997456619830045, -0.022552413311305898, -0.14000000000282378, 1.3471896044866907e-11, 0.022552413311305742, 0.9997456619830046, 2.391411374480512e-11, 0.0, 0.0, 0.0, 1.0]}, {"left_foot_pose": [1.0000000000000007, -4.695255200540083e-14, -1.7734758106513485e-11, 2.995518068854388e-12, 2.3961130899658683e-14, 0.9999991352765562, -0.0013150840813378711, 1.1370713398628496e-12, 1.7734493691086967e-11, 0.0013150840813376966, 0.9999991352765565, 3.6586816909434106e-11, 0.0, 0.0, 0.0, 1.0], "right_foot_pose": [0.9999999999999999, -6.970063777934948e-13, -1.7884693725989106e-11, 2.6575676963923392e-12, 2.3597998735248944e-13, 0.9996679343658693, -0.025768604942374096, -0.14000000000339644, 1.7896500349555046e-11, 0.025768604942373943, 0.9996679343658693, 3.210246651841331e-11, 0.0, 0.0, 0.0, 1.0]}, {"left_foot_pose": [1.0000000000000007, -1.866900365475326e-13, -2.3106017099649992e-11, 3.870917888296984e-12, 7.157367101726322e-14, 0.9999875178519722, -0.004996412738406744, 1.8848134858417964e-12, 2.3106344579598315e-11, 0.004996412738406569, 0.9999875178519724, 4.748630655360131e-11, 0.0, 0.0, 0.0, 1.0], "right_foot_pose": [0.9999999999999998, -1.0347420926618242e-12, -2.33132957383475e-11, 3.5002905481037746e-12, 3.476693827659908e-13, 0.9995661091817472, -0.029454938045487575, -0.14000000000400384, 2.3333521777576674e-11, 0.029454938045487426, 0.9995661091817472, 4.2200222483135263e-11, 0.0, 0.0, 0.0, 1.0]}, {"left_foot_pose": [1.0000000000000007, -4.247848198035744e-13, -2.9747759811016294e-11, 4.949516901482116e-12, 1.5188154100263464e-13, 0.9999578215390653, -0.009184505585370836, 2.919942065915393e-12, 2.975007202871169e-11, 0.009184505585370659, 0.9999578215390654, 6.099374477708253e-11, 0.0, 0.0, 0.0, 1.0], "right_foot_pose": [0.9999999999999998, -1.5188913220781856e-12, -3.003725046468729e-11, 4.5514983324064e-12, 5.073465576592305e-13, 0.9994336722212396, -0.033650183214474876, -0.14000000000463758, 3.0071119105950475e-11, 0.03365018321447473, 0.9994336722212396, 5.4744042632393075e-11, 0.0, 0.0, 0.0, 1.0]}, {"left_foot_pose": [1.0000000000000004, -8.121185487222327e-13, -3.809985660296888e-11, 6.302174208883282e-12, 2.817163371337768e-13, 0.9999030000590872, -0.013928046267800222, 4.3609039990233356e-12, 3.8107267732919075e-11, 0.013928046267800046, 0.9999030000590873, 7.802836848869177e-11, 0.0, 0.0, 0.0, 1.0], "right_foot_pose": [1.0, -2.217649041322244e-12, -3.8508252142577235e-11, 5.88520877725801e-12, 7.372211085042707e-13, 0.9992623058473805, -0.03840369920432348, -0.14000000000528606, 3.8564761828278445e-11, 0.03840369920432333, 0.9992623058473805, 7.057961159961934e-11, 0.0, 0.0, 0.0, 1.0]}, {"left_foot_pose": [1.0000000000000004, -1.4235963182399285e-12, -4.862193980770256e-11, 8.003384789705146e-12, 4.857785302634238e-13, 0.9998139401461705, -0.01928950723556597, 6.359751267281943e-12, 4.863989611699219e-11, 0.019289507235565797, 0.9998139401461703, 9.957677044036828e-11, 0.0, 0.0, 0.0, 1.0], "right_foot_pose": [0.9999999999999998, -3.2248329462247043e-12, -4.920247542727905e-11, 7.581537752283731e-12, 1.0677859156526584e-12, 0.9990412474416709, -0.043778829474874506, -0.14000000000590562, 4.9296509420618764e-11, 0.043778829474874374, 0.9990412474416707, 9.0605085933948e-11, 0.0, 0.0, 0.0, 1.0]}, {"left_foot_pose": [1.0000000000000004, -2.375962765598373e-12, -6.206846148160135e-11, 1.0175896401971172e-11, 8.024384561551711e-13, 0.9996787744940268, -0.02534458179022465, 9.156094285533989e-12, 6.210840519797603e-11, 0.02534458179022447, 0.999678774494027, 1.27253145520978e-10, 0.0, 0.0, 0.0, 1.0], "right_foot_pose": [1.0, -4.688399262263786e-12, -6.290040710510422e-11, 9.771732968089425e-12, 1.5468984096986136e-12, 0.9987565964546089, -0.04985239250432895, -0.14000000000643417, 6.305595327264095e-11, 0.049852392504328796, 0.998756596454609, 1.1628911722461055e-10, 0.0, 0.0, 0.0, 1.0]}, {"left_foot_pose": [1.0000000000000002, -3.8391976258883874e-12, -7.924377820600619e-11, 1.2952438209402654e-11, 1.2873258477571862e-12, 0.9994820246682639, -0.03218201928140279, 1.3059215167587901e-11, 7.932597871704144e-11, 0.03218201928140261, 0.9994820246682639, 1.6283955434071018e-10, 0.0, 0.0, 0.0, 1.0], "right_foot_pose": [1.0, -6.813829781214053e-12, -8.044381827332355e-11, 1.2602077757057963e-11, 2.2405993475242282e-12, 0.9983904323354965, -0.056714589136664446, -0.14000000000674262, 8.070046402442397e-11, 0.056714589136664294, 0.9983904323354965, 1.4922461183397573e-10, 0.0, 0.0, 0.0, 1.0]}, {"left_foot_pose": [1.0000000000000004, -6.074815063779411e-12, -1.013527040072403e-10, 1.653400072876564e-11, 2.0255725659418017e-12, 0.9992033712233406, -0.03990768016199355, 1.8534899309807784e-11, 1.0151397408133698e-10, 0.03990768016199337, 0.9992033712233408, 2.0902942571288108e-10, 0.0, 0.0, 0.0, 1.0], "right_foot_pose": [1.0, -9.917144565062309e-12, -1.030930341094915e-10, 1.6293690049802836e-11, 3.249842469499034e-12, 0.997919441168893, -0.06447316447301638, -0.14000000000662974, 1.0351795698164781e-10, 0.06447316447301622, 0.9979194411688931, 1.9180692450992964e-10, 0.0, 0.0, 0.0, 1.0]}, {"left_foot_pose": [1.0000000000000007, -9.468538415409558e-12, -1.2984657793424488e-10, 2.1168734288137622e-11, 3.1419190447902407e-12, 0.9988163680370703, -0.04864013714245014, 2.6217148244023214e-11, 1.3015320794588703e-10, 0.04864013714244996, 0.9988163680370705, 2.691914746666413e-10, 0.0, 0.0, 0.0, 1.0], "right_foot_pose": [0.9999999999999999, -1.4454715316545106e-11, -1.323829934563036e-10, 2.1125020330671983e-11, 4.719011967939467e-12, 0.997313676011028, -0.0732491067615851, -0.14000000000575966, 1.3308600477017665e-10, 0.07324910676158497, 0.997313676011028, 2.469763976664652e-10, 0.0, 0.0, 0.0, 1.0]}, {"left_foot_pose": [1.0000000000000004, -1.458975633482183e-11, -1.665568238884416e-10, 2.71794427415885e-11, 4.818528025703234e-12, 0.9982863584926256, -0.05851791561166688, 3.698050546341314e-11, 1.6712484358776316e-10, 0.05851791561166671, 0.9982863584926255, 3.4774659540826036e-10, 0.0, 0.0, 0.0, 1.0], "right_foot_pose": [1.0, -2.1092311256140788e-11, -1.7026446919032865e-10, 2.7462866887596703e-11, 6.855975863148092e-12, 0.9965342001962922, -0.08318406000632786, -0.14000000000360083, 1.7142882294636904e-10, 0.08318406000632773, 0.9965342001962921, 3.18518392217193e-10, 0.0, 0.0, 0.0, 1.0]}, {"left_foot_pose": [1.0000000000000002, -2.2288768659195844e-11, -2.1394985783018647e-10, 3.5016537166366e-11, 7.324303033851246e-12, 0.9975685489551739, -0.06969210956392255, 5.2059322130926233e-11, 2.149826730290917e-10, 0.0696921095639224, 0.9975685489551741, 4.508781056844491e-10, 0.0, 0.0, 0.0, 1.0], "right_foot_pose": [0.9999999999999998, -3.082009477529063e-11, -2.1938417749112186e-10, 3.582149667909773e-11, 9.965312859649585e-12, 0.995531212804433, -0.0944330680012821, -0.1399999999993356, 2.2131414356034727e-10, 0.0944330680012819, 0.995531212804433, 4.1164406605620485e-10, 0.0, 0.0, 0.0, 1.0]}, {"left_foot_pose": [1.0000000000000004, -3.375266243047539e-11, -2.7464003293786675e-10, 4.5198432119366695e-11, 1.102709890558915e-11, 0.9966050591528908, -0.08233077232034275, 7.298702441038696e-11, 2.7648649034367583e-10, 0.08233077232034255, 0.9966050591528908, 5.85828739685379e-10, 0.0, 0.0, 0.0, 1.0], "right_foot_pose": [0.9999999999999998, -4.5001101716447536e-11, -2.8260394024925946e-10, 4.6805281862230977e-11, 1.4455556506654285e-11, 0.9942408001394, -0.10716917158476949, -0.1399999999917384, 2.857990229627088e-10, 0.10716917158476935, 0.9942408001394, 5.322043014621691e-10, 0.0, 0.0, 0.0, 1.0]}, {"left_foot_pose": [1.0000000000000002, -5.066162198847953e-11, -3.518438318472752e-10, 5.84169581452169e-11, 1.6434647275331777e-11, 0.9953226653626894, -0.0966063756452583, 1.0173052851503162e-10, 3.5509214397475663e-10, 0.09660637564525809, 0.9953226653626893, 7.622799821915827e-10, 0.0, 0.0, 0.0, 1.0], "right_foot_pose": [0.9999999999999998, -6.556335414450237e-11, -3.634927914220039e-10, 6.121952854685773e-11, 2.0886965963922765e-11, 0.9925827434156077, -0.1215709565379255, -0.1399999999790566, 3.68767078600095e-10, 0.12157095653792535, 0.9925827434156075, 6.877889438539064e-10, 0.0, 0.0, 0.0, 1.0]}, {"left_foot_pose": [1.0000000000000007, -7.508046856104427e-11, -4.4780779084874077e-10, 7.532774302414027e-11, 2.4140446931121084e-11, 0.9936305279677112, -0.11268706177112041, 1.4015099497610706e-10, 4.5341587615994167e-10, 0.11268706177112024, 0.9936305279677115, 9.89671261608649e-10, 0.0, 0.0, 0.0, 1.0], "right_foot_pose": [0.9999999999999998, -9.484824026224641e-11, -4.6472431458610634e-10, 7.984084786661674e-11, 2.989782796088387e-11, 0.9904581491498825, -0.13781384104141714, -0.13999999995902604, 4.733611870830417e-10, 0.13781384104141706, 0.9904581491498824, 8.850160743145707e-10, 0.0, 0.0, 0.0, 1.0]}, {"left_foot_pose": [1.0000000000000007, -1.0915898786640371e-10, -5.625614973858697e-10, 9.639422165152147e-11, 3.4703696928714423e-11, 0.9914236811521072, -0.13068697123587253, 1.8919155825303235e-10, 5.720025299890588e-10, 0.1306869712358723, 0.9914236811521072, 1.2750711805842307e-09, 0.0, 0.0, 0.0, 1.0], "right_foot_pose": [1.0, -1.352706690500282e-10, -5.867734631515012e-10, 1.03217145374299e-10, 4.2065949540713656e-11, 0.9877539242017297, -0.15601982317668317, -0.13999999992924025, 6.006924608345879e-10, 0.156019823176683, 0.9877539242017298, 1.1274138844719062e-09, 0.0, 0.0, 0.0, 1.0]}, {"left_foot_pose": [1.0000000000000007, -1.5271349367039285e-10, -6.846506139801505e-10, 1.2030597369765534e-10, 4.785262884373161e-11, 0.9885923878828685, -0.15061570509096753, 2.446584011772668e-10, 6.998411911555658e-10, 0.15061570509096728, 0.9885923878828682, 1.6021498155938119e-09, 0.0, 0.0, 0.0, 1.0], "right_foot_pose": [0.9999999999999998, -1.8643120154918929e-10, -7.181255035071377e-10, 1.298791290210259e-10, 5.6976383064456504e-11, 0.9843533487167649, -0.17620580260051402, -0.13999999988935743, 7.397392719578494e-10, 0.17620580260051383, 0.9843533487167649, 1.3968290760169033e-09, 0.0, 0.0, 0.0, 1.0]}, {"left_foot_pose": [1.0000000000000007, -2.0116685567494333e-10, -7.914727206959035e-10, 1.437286600447322e-10, 6.190620173578869e-11, 0.9850695357500946, -0.17215693345635083, 2.9549197810840866e-10, 8.142878031995885e-10, 0.1721569334563506, 0.9850695357500946, 1.926981484101642e-09, 0.0, 0.0, 0.0, 1.0], "right_foot_pose": [1.0, -2.428546778578695e-10, -8.351968006081719e-10, 1.5594637933173747e-10, 7.262667335491732e-11, 0.9801903463257627, -0.19805778189655096, -0.13999999984382852, 8.667509491742663e-10, 0.19805778189655077, 0.9801903463257629, 1.6516504969255053e-09, 0.0, 0.0, 0.0, 1.0]}, {"left_foot_pose": [1.0000000000000002, -2.225547217196196e-10, -7.785361244572146e-10, 1.472761339018863e-10, 6.700648083494393e-11, 0.9809330904288751, -0.19434575400985046, 2.951602712242263e-10, 8.069442326694557e-10, 0.19434575400985032, 0.9809330904288753, 1.9899130121459052e-09, 0.0, 0.0, 0.0, 1.0], "right_foot_pose": [0.9999999999999998, -2.6657451478618606e-10, -8.26681167964692e-10, 1.5975171960559351e-10, 7.76415588834741e-11, 0.9753643770180951, -0.22059993663667127, -0.1399999998216034, 8.651215355158349e-10, 0.2205999366366711, 0.9753643770180952, 1.6711534586710819e-09, 0.0, 0.0, 0.0, 1.0]}, {"left_foot_pose": [1.0000000000000007, -2.228732814754807e-10, -7.076105812409099e-10, 1.166729801619866e-10, 6.534935753288946e-11, 0.9765628296400993, -0.2152325248779166, -5.095556233902787e-10, 7.3899557261639e-10, 0.21523252487791641, 0.9765628296400999, 0.0002317364059376964, 0.0, 0.0, 0.0, 1.0], "right_foot_pose": [0.9999999999999998, -2.302821897855589e-10, -6.55144882788504e-10, 1.2186062840548213e-10, 6.520585845331006e-11, 0.9703858816031877, -0.24156001487250375, -0.13999999989739614, 6.913702890573286e-10, 0.24156001487250361, 0.9703858816031876, 1.3072675719705273e-09, 0.0, 0.0, 0.0, 1.0]}, {"left_foot_pose": [1.0000000000000004, -2.241664011559744e-10, -6.560688659007454e-10, 4.2345159642823687e-10, 6.33994860591232e-11, 0.9718885868357284, -0.2354412342357459, -2.6545691547696926e-09, 6.904034776890146e-10, 0.2354412342357457, 0.9718885868357289, 0.0025601279793801557, 0.0, 0.0, 0.0, 1.0], "right_foot_pose": [1.0, -1.5062416476680392e-10, -4.015420773662007e-10, 6.837760906900753e-11, 4.149499530405507e-11, 0.9658833146040557, -0.25897764878360113, -0.14000000002158292, 4.268509471271724e-10, 0.25897764878360097, 0.9658833146040562, 7.32996996433144e-10, 0.0, 0.0, 0.0, 1.0]}, {"left_foot_pose": [1.0000000000000002, -1.8802822186268834e-10, -5.14242093352376e-10, 8.60992762891719e-10, 5.132873947194962e-11, 0.967243405463204, -0.25385073288833554, -4.086305960271375e-09, 5.451279812624899e-10, 0.2538507328883353, 0.9672434054632038, 0.006704804948144939, 0.0, 0.0, 0.0, 1.0], "right_foot_pose": [0.9999999999999998, -6.891424880619713e-11, -1.760081524970754e-10, 3.3904604471724924e-11, 1.8539839030729568e-11, 0.9624387602174906, -0.2714988634064967, -0.14000000007021468, 1.88106937674718e-10, 0.2714988634064965, 0.9624387602174908, 2.755068395643434e-10, 0.0, 0.0, 0.0, 1.0]}, {"left_foot_pose": [1.0000000000000004, -1.2278847476226193e-10, -3.19520576663732e-10, 1.1212768914606317e-09, 3.225855482060599e-11, 0.963098066954379, -0.26915072622740466, -4.107312517875883e-09, 3.407778196923684e-10, 0.2691507262274045, 0.9630980669543792, 0.011812813559408976, 0.0, 0.0, 0.0, 1.0], "right_foot_pose": [0.9999999999999998, -1.516408874883163e-11, -3.8037017979775017e-11, 1.907172209031756e-11, 3.960975621954861e-12, 0.9603682900389441, -0.27873418787022564, -0.14000000005229785, 4.075615680269997e-11, 0.2787341878702255, 0.9603682900389443, 3.806298332076352e-11, 0.0, 0.0, 0.0, 1.0]}, {"left_foot_pose": [1.0000000000000002, -4.498522244588382e-11, -1.1506756658619027e-10, 1.066530502433741e-09, 1.098367153460777e-11, 0.9600372311834534, -0.2798723186412146, -2.798752191807141e-09, 1.2305913937956414e-10, 0.2798723186412143, 0.9600372311834535, 0.01703120255017055, 0.0, 0.0, 0.0, 1.0], "right_foot_pose": [0.9999999999999999, -3.6059193042417707e-13, -1.0182965581861916e-12, 1.8854022623349642e-11, 6.042291661308686e-14, 0.959810636519553, -0.2806484313583999, -0.13999999999163978, 1.0783594925778554e-12, 0.28064843135839973, 0.9598106365195531, 1.588604942037719e-11, 0.0, 0.0, 0.0, 1.0]}, {"left_foot_pose": [1.0000000000000002, -4.561490277485393e-14, -2.6483815140920793e-12, 6.999031095439078e-10, -7.083685092449557e-13, 0.9587853763102446, -0.2841313114980883, -8.470648522884705e-10, 2.5520221289582013e-12, 0.28413131149808807, 0.9587853763102446, 0.02150702147786901, 0.0, 0.0, 0.0, 1.0], "right_foot_pose": [0.9999999999999999, -2.6714190916136526e-11, -6.651584838479592e-11, 2.978122086991217e-11, 7.225838986683397e-12, 0.9607991155126991, -0.2772454862211739, -0.13999999991836032, 7.131458647373208e-11, 0.2772454862211737, 0.9607991155126993, 1.771878893608303e-10, 0.0, 0.0, 0.0, 1.0]}, {"left_foot_pose": [1.0000000000000002, -6.587455198163455e-11, -1.6368933986043877e-10, 2.1842591725499647e-10, 1.7458891065932802e-11, 0.9600827582564065, -0.2797161012504842, 5.171962476346881e-10, 1.7558112457839592e-10, 0.27971610125048413, 0.9600827582564067, 0.024387319856814138, 0.0, 0.0, 0.0, 1.0], "right_foot_pose": [1.0, -9.216328956201253e-11, -2.365768692058618e-10, 5.125039241221232e-11, 2.5268841118664623e-11, 0.963291029988915, -0.26845929215226544, -0.13999999987029632, 2.526342349858508e-10, 0.26845929215226527, 0.9632910299889148, 4.980129364451358e-10, 0.0, 0.0, 0.0, 1.0]}, {"left_foot_pose": [1.0000000000000002, -2.483048605023326e-10, -6.466218671619072e-10, 7.413244043823428e-11, 6.816576200154707e-11, 0.9642840075623533, -0.26487044523594594, 3.263900399952391e-10, 6.892955471227227e-10, 0.2648704452359457, 0.9642840075623531, 0.025000001233854936, 0.0, 0.0, 0.0, 1.0], "right_foot_pose": [0.9999999999999998, -1.8829534400896306e-10, -5.091904120568803e-10, 9.02468836933001e-11, 5.270141920657106e-11, 0.9671645614934506, -0.2541509610274591, -0.13999999985014444, 5.403261832295241e-10, 0.25415096102745893, 0.9671645614934511, 9.892927657628725e-10, 0.0, 0.0, 0.0, 1.0]}, {"left_foot_pose": [1.0000000000000002, -3.9545733078795787e-10, -1.1188269199990869e-09, 1.2952922191827377e-10, 1.1217911087015752e-10, 0.9701187197328942, -0.24263072687483628, 5.383151181759249e-10, 1.181344837149536e-09, 0.2426307268748361, 0.9701187197328942, 0.025000002093675137, 0.0, 0.0, 0.0, 1.0], "right_foot_pose": [0.9999999999999998, -2.9892052488987114e-10, -8.733480050260294e-10, 1.5389401403297876e-10, 8.593560066418533e-11, 0.9721544094685475, -0.23434121308651645, -0.13999999976945504, 9.190781244067027e-10, 0.23434121308651631, 0.9721544094685475, 1.6801758317974702e-09, 0.0, 0.0, 0.0, 1.0]}, {"left_foot_pose": [1.0000000000000004, -5.417781310567432e-10, -1.7294119469823857e-09, 1.9663449831657342e-10, 1.5940690345167988e-10, 0.9768660833422853, -0.2138519469528021, 7.804806904931905e-10, 1.8052640212346237e-09, 0.2138519469528019, 0.9768660833422853, 0.025000003148478576, 0.0, 0.0, 0.0, 1.0], "right_foot_pose": [0.9999999999999998, -4.091917490023479e-10, -1.3350373029297177e-09, 2.3107574920733467e-10, 1.2128878776454387e-10, 0.9779391428283261, -0.20889000197280652, -0.13999999969924623, 1.391061098191462e-09, 0.20889000197280647, 0.977939142828326, 2.5312590079540342e-09, 0.0, 0.0, 0.0, 1.0]}, {"left_foot_pose": [1.0000000000000004, -6.420956120480339e-10, -2.443631408333135e-09, 2.696115502501981e-10, 1.9606284021016302e-10, 0.9839729982614414, -0.17831752211263557, 1.0036834280358065e-09, 2.5189641537722842e-09, 0.17831752211263535, 0.9839729982614415, 0.025000004307344094, 0.0, 0.0, 0.0, 1.0], "right_foot_pose": [0.9999999999999998, -4.878322864437135e-10, -1.8613905417019765e-09, 3.14602977381653e-10, 1.492440865422942e-10, 0.9840795956719597, -0.17772830214153373, -0.13999999967470805, 1.9184580765502322e-09, 0.1777283021415336, 0.9840795956719598, 3.476673705871125e-09, 0.0, 0.0, 0.0, 1.0]}, {"left_foot_pose": [1.0000000000000004, -6.792861064838819e-10, -3.3813317146247237e-09, 5.73100633949867e-10, 2.1488363917111283e-10, 0.990778623107085, -0.13549066386297437, -2.555063750853126e-09, 3.4421878896306605e-09, 0.1354906638629742, 0.9907786231070851, 0.024084173917107383, 0.0, 0.0, 0.0, 1.0], "right_foot_pose": [0.9999999999999998, -4.917127301065113e-10, -2.3487338740579815e-09, 3.800557243887881e-10, 1.549570247973341e-10, 0.9899699947036184, -0.14127777456669496, -0.13999999996680856, 2.3946439105246275e-09, 0.14127777456669488, 0.9899699947036181, 4.297312131140707e-09, 0.0, 0.0, 0.0, 1.0]}, {"left_foot_pose": [1.0000000000000004, -2.73306550923251e-10, -2.427292311590885e-09, 3.3213624058094105e-10, 8.901990533288658e-11, 0.9971381767987992, -0.07560063736746811, 7.153069317422656e-10, 2.441007652016199e-09, 0.07560063736746794, 0.9971381767987996, 4.892938727796281e-09, 0.0, 0.0, 0.0, 1.0], "right_foot_pose": [0.9999999999999998, -3.7178693859855704e-10, -2.4891553818129332e-09, 4.1013622964198057e-10, 1.2004236962361676e-10, 0.9949489571213038, -0.10038213348614532, -0.139999999892819, 2.513903211123559e-09, 0.10038213348614515, 0.9949489571213036, 4.636136773095156e-09, 0.0, 0.0, 0.0, 1.0]}, {"left_foot_pose": [1.0000000000000004, -1.2222462237296166e-10, -2.280663713438711e-09, 3.11181023896148e-10, 4.027276838650414e-11, 0.9993554253975513, -0.035898937706850396, 5.139021985733905e-10, 2.2835811276272096e-09, 0.03589893770685023, 0.9993554253975513, 4.44357686757435e-09, 0.0, 0.0, 0.0, 1.0], "right_foot_pose": [0.9999999999999998, -2.085701499219853e-10, -2.3120406700272148e-09, 3.8197693328387977e-10, 6.844307134324323e-11, 0.9981716731064832, -0.060442625752062266, -0.14000000007660493, 2.320419967111255e-09, 0.060442625752062135, 0.9981716731064835, 4.330728220480751e-09, 0.0, 0.0, 0.0, 1.0]}, {"left_foot_pose": [1.0000000000000007, 2.3117415551231755e-12, -1.7680796826624605e-09, 2.946667845268404e-10, -6.375212478242196e-13, 0.9999995518540146, 0.00094672687247607, 4.469098615483835e-10, 1.7680806724034809e-09, -0.0009467268724762433, 0.9999995518540147, 3.3961642387225766e-09, 0.0, 0.0, 0.0, 1.0], "right_foot_pose": [0.9999999978012302, 6.629514434693138e-05, -1.5790220958548655e-06, -1.7003173931313345e-05, -6.631393796655086e-05, 0.9997282846417312, -0.023309922560213196, -0.14003732056932253, 3.325837034894654e-08, 0.023309922613671066, 0.9997282868398509, 0.0002592042058157176, 0.0, 0.0, 0.0, 1.0]}, {"left_foot_pose": [1.0000000000000004, 5.667273586412158e-11, -1.1860541437869202e-09, 3.4645330971000375e-10, -1.8287198528763794e-11, 0.9994769641769993, 0.03233880145475844, 6.150124472192875e-10, 1.1872662952225744e-09, -0.032338801454758606, 0.9994769641769994, 2.3119416797667824e-09, 0.0, 0.0, 0.0, 1.0], "right_foot_pose": [0.9999991691557444, 0.0012889608019699419, 1.6366774248702578e-05, -0.00033052754685262503, -0.001289064705624541, 0.9999192606479298, 0.012641617676642127, -0.1407255037495201, -7.090314764762384e-08, -0.012641628271257886, 0.999920091424633, 0.004557489115229359, 0.0, 0.0, 0.0, 1.0]}, {"left_foot_pose": [1.0000000000000004, 5.709162148975984e-11, -6.747180036903456e-10, 3.1104783483503123e-10, -1.833535686491027e-11, 0.9983569363922044, 0.057301200315286696, 5.25593308459138e-10, 6.768804786552143e-10, -0.057301200315286856, 0.9983569363922046, 1.3544092930528606e-09, 0.0, 0.0, 0.0, 1.0], "right_foot_pose": [0.999992650569705, 0.0038291785014398696, 0.0001902592447875238, -0.000983048900709121, -0.003833902238117747, 0.9987664053252389, 0.049507259945682405, -0.14215778868688447, -4.524065474472061e-07, -0.049507625530870895, 0.9987737456571888, 0.011937682072721535, 0.0, 0.0, 0.0, 1.0]}, {"left_foot_pose": [1.0000000000000002, 3.2349653694035854e-11, -2.8652968886433495e-10, 2.135744362225139e-10, -1.0647836942877079e-11, 0.9971520405710019, 0.07541755753859841, 2.990469261110462e-10, 2.881531360654301e-10, -0.07541755753859856, 0.9971520405710019, 6.143189984486597e-10, 0.0, 0.0, 0.0, 1.0], "right_foot_pose": [0.9999725204992741, 0.007385519891837306, 0.0006421388135519096, -0.0019008741999476124, -0.00741338285074429, 0.9962260350792647, 0.0864796437605752, -0.14417241640373266, -1.0182749627245093e-06, -0.08648202776401005, 0.9962534109717204, 0.019521071193332927, 0.0, 0.0, 0.0, 1.0]}, {"left_foot_pose": [1.0000000000000004, 7.388483793075978e-12, -4.4449499636556466e-11, 9.598437726515344e-11, -3.517280421760204e-12, 0.9962551111941722, 0.08646243935657162, 7.40174848495867e-11, 4.492170173403065e-11, -0.08646243935657177, 0.9962551111941721, 1.4914273288590962e-10, 0.0, 0.0, 0.0, 1.0], "right_foot_pose": [0.9999310838112556, 0.011655354557850613, 0.0014072448892399594, -0.003010308693880554, -0.011740001082207782, 0.9927380475690956, 0.1197219331755463, -0.14660762584441772, -1.6239642835372427e-06, -0.11973020345272548, 0.992806465721558, 0.02442895229881599, 0.0, 0.0, 0.0, 1.0]}, {"left_foot_pose": [1.0000000000000004, -1.2340486647170706e-12, 3.635597378703895e-11, -5.848303465028185e-12, -2.0536240806632886e-12, 0.9959145277996916, 0.09030090430066426, 1.4022139352420915e-11, -3.63190174691871e-11, -0.09030090430066441, 0.9959145277996918, 3.08216646649484e-12, 0.0, 0.0, 0.0, 1.0], "right_foot_pose": [0.9998634331112688, 0.016354033168523314, 0.0023792280407229282, -0.004237653553321336, -0.016526195042851428, 0.9894655001577956, 0.14382249085205304, -0.1493016484039108, -2.0862775293561993e-06, -0.14384216904860048, 0.9896006418748124, 0.0250000011775693, 0.0, 0.0, 0.0, 1.0]}, {"left_foot_pose": [1.0000000000000007, 1.1517349394070919e-11, -4.561351296672479e-11, -9.343849893330073e-11, -7.50577256138327e-12, 0.9962098088337443, 0.08698285338752568, 3.5576021295558036e-12, 4.644203594397159e-11, -0.08698285338752582, 0.996209808833744, 1.3897442224797274e-10, 0.0, 0.0, 0.0, 1.0], "right_foot_pose": [0.9997691835029529, 0.021207722060037768, 0.0034368943630400804, -0.005509214350234267, -0.021484406261166513, 0.9869111438369803, 0.15982745214132696, -0.15209272445777805, -2.333164497609954e-06, -0.15986440096346427, 0.9871389837804749, 0.025000000461729427, 0.0, 0.0, 0.0, 1.0]}, {"left_foot_pose": [1.0000000000000004, 4.08771820404022e-11, -2.982645797011693e-10, -1.3600503343366536e-10, -1.797969347339302e-11, 0.9970797195594386, 0.07636774740210675, 6.022981419162576e-11, 3.0051523790572236e-10, -0.07636774740210692, 0.9970797195594386, 5.935676533619372e-10, 0.0, 0.0, 0.0, 1.0], "right_foot_pose": [0.9996533806491438, 0.02595706206856569, 0.004398805008926736, -0.0067512971822543556, -0.026327144763564386, 0.985615829133711, 0.16693806878500095, -0.15481909636171284, -2.31003301201079e-06, -0.16699601279622234, 0.985957570945539, 0.024836140249633855, 0.0, 0.0, 0.0, 1.0]}, {"left_foot_pose": [1.0000000000000004, 7.009980360298385e-11, -7.305053784101305e-10, -6.847481749065979e-11, -2.7480711381376043e-11, 0.9983061707355761, 0.058178943538631775, 4.163172515059266e-10, 7.333463018949308e-10, -0.058178943538631955, 0.9983061707355763, 1.471334602765051e-09, 0.0, 0.0, 0.0, 1.0], "right_foot_pose": [0.9995265821184304, 0.03037251233793407, 0.004911428807453057, -0.007890205095095651, -0.030767054373962537, 0.9867192376354642, 0.15949462199471665, -0.157318999522732, -1.948914222286569e-06, -0.15957022458582315, 0.987186579842854, 0.020808805463089823, 0.0, 0.0, 0.0, 1.0]}, {"left_foot_pose": [1.0000000000000002, 6.75929474113046e-11, -1.3229994322294675e-09, 8.673220700167774e-11, -2.4728324976735455e-11, 0.9994758715391108, 0.03237255336138451, 7.81753538639518e-10, 1.3244940240653369e-09, -0.032372553361384664, 0.9994758715391109, 2.711183721970656e-09, 0.0, 0.0, 0.0, 1.0], "right_foot_pose": [0.9994041116856055, 0.03418359566923919, 0.004785742683034669, -0.008852245066110319, -0.03451697472377845, 0.9897568820159897, 0.1385275891579149, -0.1594306768535522, -1.3506592825422086e-06, -0.13861023154553942, 0.9903470117635875, 0.013530221579546614, 0.0, 0.0, 0.0, 1.0]}, {"left_foot_pose": [1.0000000000000007, -5.519363306266961e-12, -2.025699719077068e-09, 3.1262589314912765e-10, 3.893739467151026e-12, 0.9999996778612559, -0.0008026689139347341, 1.003829908086118e-09, 2.025703390833323e-09, 0.0008026689139345615, 0.9999996778612561, 4.184967074272183e-09, 0.0, 0.0, 0.0, 1.0], "right_foot_pose": [0.9993044892486436, 0.037071185159907726, 0.004032988761092819, -0.009563724292209787, -0.037289915084694744, 0.9934449263028009, 0.1080585056170891, -0.16099237273980843, -6.953527101167848e-07, -0.10813373957309576, 0.9941363560223789, 0.005879093063799912, 0.0, 0.0, 0.0, 1.0]}, {"left_foot_pose": [1.0000000000000004, -1.7517656793265128e-10, -2.6831321608966585e-09, 5.670961777886311e-10, 6.656671853314577e-11, 0.9991825548527268, -0.04042551271138361, 9.318042067107957e-10, 2.688020266183438e-09, 0.040425512711383435, 0.9991825548527268, 5.5325461711941415e-09, 0.0, 0.0, 0.0, 1.0], "right_foot_pose": [0.9992470368047581, 0.038702391408873105, 0.002735751477098489, -0.0099509472222912, -0.03879896180163105, 0.9967602076025753, 0.07045373732589162, -0.16184232793822023, -1.6009205732399171e-07, -0.07050683257177684, 0.9975112964576739, 0.000734130095990021, 0.0, 0.0, 0.0, 1.0]}, {"left_foot_pose": [1.0000000000000007, -4.0968125925677404e-10, -2.7402869973158698e-09, 1.856192400552631e-09, 1.784334207537269e-10, 0.9964774054510691, -0.08386167435429968, 7.55377295436066e-10, 2.764990519604848e-09, 0.08386167435429949, 0.9964774054510693, 6.2697237887543444e-09, 0.0, 0.0, 0.0, 1.0], "right_foot_pose": [0.9992395963867748, 0.03897578973814799, 0.0010568003987859785, -0.009999998583451547, -0.03899011429574405, 0.9988724843259542, 0.027083778239036155, -0.16195000073402457, 2.8061871752008987e-09, -0.02710438840454001, 0.9996326085763788, 5.8510428307956275e-09, 0.0, 0.0, 0.0, 1.0]}, {"left_foot_pose": [1.0000000000000002, -5.309854399621499e-10, -2.4369669060497657e-09, 2.243082662668929e-09, 2.1693165338231077e-10, 0.9918894315135606, -0.12710372005455442, 7.926672027092074e-10, 2.4846916123849383e-09, 0.12710372005455428, 0.9918894315135606, 6.292694171294855e-09, 0.0, 0.0, 0.0, 1.0], "right_foot_pose": [0.9992395963884234, 0.0389841882038669, -0.0006797643607792652, -0.009999998243178144, -0.038990114253496216, 0.9990877245873319, -0.017420952023556147, -0.16195000049815986, 2.5560898493771685e-09, 0.017434209158812435, 0.9998480126254226, 5.462377022924514e-09, 0.0, 0.0, 0.0, 1.0]}, {"left_foot_pose": [0.9999999989671189, 4.476730408498593e-05, -7.851867978803969e-06, -8.875587355664506e-06, -4.544987834299999e-05, 0.985966763364189, -0.16694172478878663, -2.3127871794537125e-05, 2.6814989912135667e-07, 0.16694172497322185, 0.9859667643804705, 8.973537982604612e-05, 0.0, 0.0, 0.0, 1.0], "right_foot_pose": [0.9992395963908633, 0.03892136162961432, -0.0023144358969534044, -0.009999999715888067, -0.038990114190962696, 0.9974776076817788, -0.059314358875494785, -0.16195000020472963, 2.370004015256424e-09, 0.05935949614284197, 0.9982366704432711, 4.45758500250415e-09, 0.0, 0.0, 0.0, 1.0]}, {"left_foot_pose": [0.9999977054754117, 0.002098824895311848, -0.00042892653338892514, -0.000418458519838929, -0.0021422043703274037, 0.9799417965389542, -0.19927239235891142, -0.001090342101661708, 2.0851796810255684e-06, 0.19927285397180147, 0.9799440441502699, 0.0038361810031426677, 0.0, 0.0, 0.0, 1.0], "right_foot_pose": [0.9992395963914683, 0.038811706244809396, -0.003725649175909898, -0.010000000043230003, -0.03899011417545896, 0.9946673577263506, -0.09548098486224713, -0.16195000043780644, 1.685179073041655e-09, 0.09555364426355804, 0.9954242819360763, 3.062305804768517e-09, 0.0, 0.0, 0.0, 1.0]}, {"left_foot_pose": [0.9999758433118068, 0.006775156691230892, -0.0015524318508639183, -0.0013577990494808428, -0.0069507393423888005, 0.9748413865295539, -0.2227912887249679, -0.003537887184795842, 3.928927435842468e-06, 0.22279669737441576, 0.9748649299383059, 0.011003212657032482, 0.0, 0.0, 0.0, 1.0], "right_foot_pose": [0.9992395963911201, 0.03868447549502638, -0.004872408006893207, -0.010000000224930406, -0.038990114184379164, 0.9914066840508704, -0.12487016383086542, -0.16195000041905264, 1.0726815951037885e-09, 0.12496518785218853, 0.9921611269471645, 1.9100917306169585e-09, 0.0, 0.0, 0.0, 1.0]}, {"left_foot_pose": [0.9999034472966182, 0.01350419687959688, -0.003276087754803957, -0.002714606671318384, -0.013895900645895052, 0.971809853367882, -0.2353561404389878, -0.007073173079940244, 5.438703306069227e-06, 0.23537894035731852, 0.9719036754775072, 0.018712111546891404, 0.0, 0.0, 0.0, 1.0], "right_foot_pose": [0.9992395963903443, 0.0385632509146154, -0.005753667053082674, -0.010000000283442232, -0.03899011420426089, 0.9882999358017576, -0.1474551046541977, -0.1619500002401329, 5.797654487247023e-10, 0.14756731539584936, 0.9890520145204001, 1.0553934809420795e-09, 0.0, 0.0, 0.0, 1.0]}, {"left_foot_pose": [0.9997490412454794, 0.021785096651080058, -0.0052215029109236215, -0.004376591484874373, -0.022402109044212946, 0.9722783474687025, -0.2327508551088505, -0.011403615084517517, 6.254347367668263e-06, 0.23280941692172366, 0.9725223778162904, 0.02408417258374357, 0.0, 0.0, 0.0, 1.0], "right_foot_pose": [0.9992395963895361, 0.038465424505980644, -0.006374960772549518, -0.010000000227872568, -0.03899011422497808, 0.9857928364176658, -0.16337764431015736, -0.1619500000100611, 2.1884537129395662e-10, 0.16350197180825626, 0.9865430072808848, 4.938146558330914e-10, 0.0, 0.0, 0.0, 1.0]}, {"left_foot_pose": [0.9994912749393199, 0.031166201366058972, -0.006771943043459822, -0.0062314572087193085, -0.03189343635562444, 0.9767416367894913, -0.21203439268009375, -0.016236628645810068, 6.132153716153259e-06, 0.2121425060052715, 0.9772387411007615, 0.02500000312478369, 0.0, 0.0, 0.0, 1.0], "right_foot_pose": [0.9992395963889726, 0.038402515057711806, -0.006743578104003954, -0.01000000011619541, -0.038990114239414314, 0.9841805902705052, -0.17282458368645742, -0.1619499999188169, 1.5717675977018385e-12, 0.1729561001296054, 0.984929534244942, 1.9288086405833127e-10, 0.0, 0.0, 0.0, 1.0]}, {"left_foot_pose": [0.9991262495452027, 0.041101149836581426, -0.0075784531303505435, -0.00816690647894836, -0.04179398810425535, 0.982586246286906, -0.1810456604455074, -0.021279617895576385, 5.2989967784032186e-06, 0.18120420549733232, 0.9834454920746764, 0.02500000427715883, 0.0, 0.0, 0.0, 1.0], "right_foot_pose": [0.9992395963887652, 0.03837814566612702, -0.0068809115709136505, -0.010000000026879865, -0.038990114244731186, 0.9835560504067941, -0.17634417115224174, -0.16194999992694667, -7.996713915094718e-11, 0.17647836593593505, 0.984304519118236, 6.897866305921596e-11, 0.0, 0.0, 0.0, 1.0]}, {"left_foot_pose": [0.9986715332473053, 0.051017198337419994, -0.007239762100910392, -0.010070650285129672, -0.05152832877307207, 0.9887759751317914, -0.14023873336575127, -0.026239994690226916, 3.915556340621051e-06, 0.14042548371280908, 0.9900912500919768, 0.024962605830418018, 0.0, 0.0, 0.0, 1.0], "right_foot_pose": [0.9992395963888231, 0.03841062375795679, -0.006697237581723595, -0.00999999993033329, -0.038990114243245826, 0.9843884001946599, -0.1716369673278372, -0.1619499999625229, 1.3810021569336397e-11, 0.17176758001649514, 0.9851375023088285, 1.5714453349691127e-10, 0.0, 0.0, 0.0, 1.0]}, {"left_foot_pose": [0.9981668606180881, 0.060251740652663296, -0.005713677638371972, -0.011830395073774216, -0.06052204853056592, 0.9937124317904101, -0.09419492845612375, -0.03082517655292868, 2.3441003582639486e-06, 0.09436805949851183, 0.9955373771692309, 0.021507027321581502, 0.0, 0.0, 0.0, 1.0], "right_foot_pose": [0.9992395963893749, 0.038468181242760344, -0.006358304764068805, -0.009999999767094054, -0.038990114229104686, 0.985863485872871, -0.16295078464061885, -0.16195000013745872, 1.817414359472197e-10, 0.1630747873046783, 0.9866137104994709, 5.150070231385584e-10, 0.0, 0.0, 0.0, 1.0]}, {"left_foot_pose": [0.9976715273775045, 0.06812611923595717, -0.0032179711133551716, -0.013333842701044431, -0.06820207811597799, 0.9965610442394175, -0.0470591292429507, -0.034742559059773595, 9.48803111827125e-07, 0.04716902566611783, 0.9988869220371293, 0.01446152900354803, 0.0, 0.0, 0.0, 1.0], "right_foot_pose": [0.9992395963900759, 0.038556655182002936, -0.005797701904565928, -0.009999999655381293, -0.038990114211144254, 0.988130899510877, -0.14858363444749667, -0.16195000032894283, 4.389736374713528e-10, 0.1486967039749082, 0.9888828495969575, 1.02120645967263e-09, 0.0, 0.0, 0.0, 1.0]}, {"left_foot_pose": [0.9972584897974829, 0.07399571489957371, -0.0003724289801849476, -0.014468706181716284, -0.07399665213264414, 0.9972458632887724, -0.0050183290637687795, -0.03769955119828661, 6.84131832243575e-08, 0.005032129761131551, 0.9999873387548781, 0.0067048146564215455, 0.0, 0.0, 0.0, 1.0], "right_foot_pose": [0.9992395963906658, 0.03866365515181093, -0.00503495534452932, -0.00999999963269153, -0.0389901141960312, 0.9908730985055219, -0.12903593938530206, -0.1619500003954262, 7.404873650732926e-10, 0.12913413347511452, 0.991627135354631, 1.5711104084381589e-09, 0.0, 0.0, 0.0, 1.0]}, {"left_foot_pose": [0.9970051823985708, 0.07730033580569314, 0.0023074563311899087, -0.015122694012955637, -0.07733476753934512, 0.9965613514261433, 0.029745698400524892, -0.03940356621486991, -1.6932463222487158e-07, -0.029835062058368132, 0.9995548354502346, 0.001115591333372891, 0.0, 0.0, 0.0, 1.0], "right_foot_pose": [0.9992395963908117, 0.038773314959339354, -0.004105977568273931, -0.00999999972522579, -0.03899011419228329, 0.9936834630675906, -0.10522806764962268, -0.16195000023625358, 9.997787683825064e-10, 0.10530814438145185, 0.994439638553761, 2.0029294195422764e-09, 0.0, 0.0, 0.0, 1.0]}, {"left_foot_pose": [0.9969595419786786, 0.07779154022304764, 0.004488644270873871, -0.015237551963406006, -0.07792093208929446, 0.9953040366690915, 0.05742998287086947, -0.03970283016089996, 1.0605356943236737e-09, -0.057605128764189266, 0.9983394458499888, 2.3064382209669887e-09, 0.0, 0.0, 0.0, 1.0], "right_foot_pose": [0.9992395963897885, 0.03886792396926219, -0.0030843950934321355, -0.010000000362747449, -0.038990114218513464, 0.9961081038966716, -0.07904692495350277, -0.16195000007743357, 1.0790900612634157e-09, 0.0791070783033798, 0.9968661244933059, 2.1264902477780012e-09, 0.0, 0.0, 0.0, 1.0]}, {"left_foot_pose": [0.9969595419778301, 0.07764471185526672, 0.0065551796518789705, -0.015237552301989934, -0.077920