{"LoopMode": "Wrap", "FrameDuration": 0.0167, "EnableCycleOffsetPosition": true, "EnableCycleOffsetRotation": false, "Debug_info": [{"left_foot_pose": [1.0000000000000002, 1.2395914870514664e-13, -8.63786819849111e-12, 1.4373808119745365e-12, -4.02592773999041e-14, 0.9999534250457975, 0.009651307640916049, 1.0769683755906811e-13, 8.638382385219005e-12, -0.009651307640916224, 0.9999534250457975, 1.7989179590394144e-11, 0.0, 0.0, 0.0, 1.0], "right_foot_pose": [0.9999999999999998, -2.063068270246677e-13, -8.699541087509031e-12, 8.680043965359753e-13, 7.764816789210186e-14, 0.9998905578987206, -0.014794330839393244, -0.14000000000213705, 8.701355877456716e-12, 0.01479433083939309, 0.9998905578987205, 1.5146564558143893e-11, 0.0, 0.0, 0.0, 1.0]}, {"left_foot_pose": [1.0000000000000007, 1.9046474410041887e-13, -1.9257040406728272e-11, 3.2883767057803824e-12, -6.192825676822877e-14, 0.999977838704023, 0.00665748457238748, 1.1514591363726012e-12, 1.9257417974304192e-11, -0.006657484572387651, 0.9999778387040232, 3.913604162963935e-11, 0.0, 0.0, 0.0, 1.0], "right_foot_pose": [0.9999999999999999, -5.348350535867151e-13, -1.9370005599483872e-11, 2.2157188509308544e-12, 1.9024193331294898e-13, 0.9998417609851875, -0.01778912561199245, -0.14000000000383706, 1.9376458066066214e-11, 0.0177891256119923, 0.9998417609851873, 3.485752658738406e-11, 0.0, 0.0, 0.0, 1.0]}, {"left_foot_pose": [1.0000000000000007, 1.2411282375330715e-13, -3.380845603473404e-11, 5.867359103737961e-12, -3.9664899498031827e-14, 0.9999969048212877, 0.0024880409653494115, 2.979632166000279e-12, 3.380848668536198e-11, -0.002488040965349585, 0.9999969048212879, 6.801894464336655e-11, 0.0, 0.0, 0.0, 1.0], "right_foot_pose": [1.0, -1.1407367681829065e-12, -3.401207093745028e-11, 4.1682141285071e-12, 3.935796208069838e-13, 0.99975882277164, -0.021961245189303518, -0.14000000000575347, 3.402877959769846e-11, 0.021961245189303365, 0.99975882277164, 6.218369569266358e-11, 0.0, 0.0, 0.0, 1.0]}, {"left_foot_pose": [1.0000000000000004, -2.2252053386049563e-13, -5.208289355351781e-11, 9.16069287600929e-12, 7.521838098952119e-14, 0.9999959825705177, -0.002834579832289902, 5.736229199970744e-12, 5.208286636550874e-11, 0.0028345798322897274, 0.999995982570518, 1.0439629716252341e-10, 0.0, 0.0, 0.0, 1.0], "right_foot_pose": [1.0, -2.1660025668744285e-12, -5.244515932645298e-11, 6.732982676783036e-12, 7.340587657784711e-13, 0.9996275717066151, -0.02728951967213518, -0.14000000000767684, 5.24846813758486e-11, 0.027289519672135023, 0.9996275717066153, 9.675233531014626e-11, 0.0, 0.0, 0.0, 1.0]}, {"left_foot_pose": [1.0000000000000004, -1.0339840483028264e-12, -7.427608528232098e-11, 1.3234213851435493e-11, 3.436153412787834e-13, 0.9999567678837404, -0.009298514048178188, 9.661341171529614e-12, 7.428228441977596e-11, 0.009298514048178014, 0.9999567678837409, 1.4886644000844385e-10, 0.0, 0.0, 0.0, 1.0], "right_foot_pose": [1.0000000000000002, -3.8066390526694874e-12, -7.490130737863862e-11, 9.984930920035517e-12, 1.2755897619225036e-12, 0.999429843970261, -0.03376369324555364, -0.14000000000939983, 7.498696907037075e-11, 0.033763693245553485, 0.9994298439702612, 1.3896852418815442e-10, 0.0, 0.0, 0.0, 1.0]}, {"left_foot_pose": [1.0000000000000004, -2.5550452483412167e-12, -1.0103190506427493e-10, 1.8246573182911496e-11, 8.460309569186329e-13, 0.9998569256988848, -0.016915322402348942, 1.5127888525201527e-11, 1.0106021823597282e-10, 0.016915322402348772, 0.999856925698885, 2.0298574626709254e-10, 0.0, 0.0, 0.0, 1.0], "right_foot_pose": [1.0, -6.338592989898904e-12, -1.0207562572972502e-10, 1.40821772837135e-11, 2.1075782008862937e-12, 0.99914276385788, -0.041397311874519366, -0.14000000001068566, 1.0225018235422928e-10, 0.041397311874519206, 0.9991427638578803, 1.901241525326114e-10, 0.0, 0.0, 0.0, 1.0]}, {"left_foot_pose": [1.0000000000000004, -5.129101842476202e-12, -1.334535260077984e-10, 2.445969870061616e-11, 1.6947803665318578e-12, 0.9996690818812248, -0.025724049656885985, 2.268525298165791e-11, 1.3354076901666783e-10, 0.025724049656885812, 0.9996690818812252, 2.6935120800430923e-10, 0.0, 0.0, 0.0, 1.0], "right_foot_pose": [0.9999999999999998, -1.0158828247630553e-11, -1.3514450669660497e-10, 1.9280868968416646e-11, 3.3575102797106345e-12, 0.9987375827928647, -0.050231869535837956, -0.14000000001121796, 1.3548407616223006e-10, 0.05023186953583781, 0.9987375827928647, 2.5244602241958347e-10, 0.0, 0.0, 0.0, 1.0]}, {"left_foot_pose": [1.0000000000000004, -9.25148365886237e-12, -1.7309353950167845e-10, 3.2249586705723666e-11, 3.0505976786434832e-12, 0.999359274285851, -0.035791631687559736, 3.311132097671976e-11, 1.7331349924619178e-10, 0.035791631687559555, 0.9993592742858511, 3.5167901230037657e-10, 0.0, 0.0, 0.0, 1.0], "right_foot_pose": [0.9999999999999999, -1.584196211623468e-11, -1.7576573529964882e-10, 2.5952451019651056e-11, 5.2079305149094466e-12, 0.9981780429503719, -0.060337339780317543, -0.14000000001052965, 1.7640122572392814e-10, 0.060337339780317405, 0.998178042950372, 3.2911973840699105e-10, 0.0, 0.0, 0.0, 1.0]}, {"left_foot_pose": [1.0000000000000002, -1.5638339985526167e-11, -2.2193941129344784e-10, 4.212235323705334e-11, 5.143251534004515e-12, 0.9988849372354744, -0.04721103858297392, 4.7470350567069275e-11, 2.2242993546955613e-10, 0.04721103858297374, 0.9988849372354746, 4.5492465350349676e-10, 0.0, 0.0, 0.0, 1.0], "right_foot_pose": [1.0, -2.4214705731932127e-11, -2.2607621330550374e-10, 3.460771187149991e-11, 7.917620946316289e-12, 0.997418295498563, -0.07181047141428427, -0.14000000000791415, 2.2723134842319517e-10, 0.07181047141428411, 0.997418295498563, 4.2433099395333684e-10, 0.0, 0.0, 0.0, 1.0]}, {"left_foot_pose": [1.0000000000000004, -2.5302969713973366e-11, -2.822942990476913e-10, 5.472012794097902e-11, 8.292712079385129e-12, 0.998192577081305, -0.06009641469991351, 6.714459370449344e-11, 2.833043698166419e-10, 0.06009641469991333, 0.9981925770813047, 5.852773196646233e-10, 0.0, 0.0, 0.0, 1.0], "right_foot_pose": [0.9999999999999998, -3.6437245988544594e-11, -2.885915950656679e-10, 4.5913878864337045e-11, 1.1842230424640645e-11, 0.9964005381175886, -0.08477008693507344, -0.14000000000231994, 2.9064142320383554e-10, 0.0847700869350733, 0.9964005381175884, 5.431558675050852e-10, 0.0, 0.0, 0.0, 1.0]}, {"left_foot_pose": [1.0000000000000007, -3.959311663308783e-11, -3.562902750608992e-10, 7.076913372555644e-11, 1.2913883188475304e-11, 0.9972156189715646, -0.07457217496600123, 9.373002027301958e-11, 3.5825061933622535e-10, 0.07457217496600102, 0.9972156189715652, 7.49486375739572e-10, 0.0, 0.0, 0.0, 1.0], "right_foot_pose": [0.9999999999999998, -5.403463314559488e-11, -3.657235070342321e-10, 6.065728616672436e-11, 1.7434128846034304e-11, 0.9950529209319302, -0.09934628601429499, -0.1399999999922641, 3.6928221986586833e-10, 0.09934628601429486, 0.99505292093193, 6.907990152127397e-10, 0.0, 0.0, 0.0, 1.0]}, {"left_foot_pose": [1.0000000000000002, -6.004469141977169e-11, -4.4453490888329735e-10, 9.086920325595688e-11, 1.9456369399884354e-11, 0.9958738332034341, -0.09074859966247217, 1.2854068677514707e-10, 4.4814953607796533e-10, 0.09074859966247198, 0.9958738332034344, 9.524098593116648e-10, 0.0, 0.0, 0.0, 1.0], "right_foot_pose": [0.9999999999999998, -7.870927886224242e-11, -4.583933232993327e-10, 7.954615858503823e-11, 2.516523620542645e-11, 0.9932893340225724, -0.11565595063374264, -0.1399999999759112, 4.6442033751823896e-10, 0.11565595063374248, 0.9932893340225725, 8.701961998203167e-10, 0.0, 0.0, 0.0, 1.0]}, {"left_foot_pose": [1.0000000000000002, -8.762029437595659e-11, -5.425787041879444e-10, 1.1484172356595133e-10, 2.814202305185061e-11, 0.9940783345597985, -0.10866583988916599, 1.7105929173144574e-10, 5.488868004472448e-10, 0.10866583988916582, 0.9940783345597988, 1.189567805370828e-09, 0.0, 0.0, 0.0, 1.0], "right_foot_pose": [0.9999999999999998, -1.114280440827492e-10, -5.623388421582825e-10, 1.0254681679266984e-10, 3.521638568403379e-11, 0.9910156321416056, -0.133746090974556, -0.13999999995173887, 5.721893694310321e-10, 0.1337460909745558, 0.9910156321416054, 1.075228982239107e-09, 0.0, 0.0, 0.0, 1.0]}, {"left_foot_pose": [1.0000000000000002, -1.2015030242646938e-10, -6.321167478340307e-10, 1.3988971096804528e-10, 3.814355767189675e-11, 0.9917526662958301, -0.12816648897084196, 2.1479749229280642e-10, 6.423024928574615e-10, 0.1281664889708418, 0.9917526662958299, 1.4263518491319793e-09, 0.0, 0.0, 0.0, 1.0], "right_foot_pose": [0.9999999999999998, -1.4939534792613238e-10, -6.587695389193006e-10, 1.2695264936256007e-10, 4.652811787387443e-11, 0.9881541949350942, -0.15346428585236457, -0.1399999999209408, 6.738926587206659e-10, 0.1534642858523644, 0.9881541949350939, 1.2726651052452631e-09, 0.0, 0.0, 0.0, 1.0]}, {"left_foot_pose": [1.0000000000000004, -1.456102413606981e-10, -6.624696902157696e-10, 1.561660080510038e-10, 4.554709887207889e-11, 0.9888965354170529, -0.14860566018880342, 2.383832020669274e-10, 6.767522514061118e-10, 0.14860566018880322, 0.988896535417053, 1.5488960808385244e-09, 0.0, 0.0, 0.0, 1.0], "right_foot_pose": [1.0, -1.7815030756883882e-10, -6.944241293105325e-10, 1.4269487977209954e-10, 5.4484679997291917e-11, 0.9847168285539815, -0.17416304878644295, -0.13999999989382178, 7.148382256743378e-10, 0.17416304878644276, 0.9847168285539818, 1.3613759217157018e-09, 0.0, 0.0, 0.0, 1.0]}, {"left_foot_pose": [0.9999999991300463, 4.1086464486155694e-05, -7.1979830206799915e-06, -1.0692698151300287e-05, -4.1711812469002836e-05, 0.9857431508674108, -0.16825706159955034, -1.930131183852657e-05, 1.8227467664590336e-07, 0.16825706175341512, 0.98574315172365, 0.00016386122421069294, 0.0, 0.0, 0.0, 1.0], "right_foot_pose": [1.0, -1.6257245261942296e-10, -5.708781780633378e-10, 9.42994238183066e-11, 4.870655851414921e-11, 0.980992673783063, -0.1940447731425849, -0.13999999996178156, 5.91573361304557e-10, 0.19404477314258478, 0.980992673783063, 1.090065322728595e-09, 0.0, 0.0, 0.0, 1.0]}, {"left_foot_pose": [0.9999993063981549, 0.0011570093888750748, -0.00022030089328025645, -0.00030198048537916593, -0.001177795472678432, 0.982511781259924, -0.18619670373902036, -0.0005450841686586577, 1.0168886663006435e-06, 0.18619683406203758, 0.9825124625083598, 0.004191209283109412, 0.0, 0.0, 0.0, 1.0], "right_foot_pose": [1.0, -1.17033802161789e-10, -3.767984813052287e-10, -1.984328099379285e-11, 3.4922249714912784e-11, 0.977500962051774, -0.21093095834385384, -0.14000000015560815, 3.9300692391754615e-10, 0.21093095834385361, 0.9775009620517743, 6.224273110810863e-10, 0.0, 0.0, 0.0, 1.0]}, {"left_foot_pose": [0.9999933282405595, 0.003577979005681198, -0.0007358944249558761, -0.0009365995189289217, -0.003652871624237194, 0.9795905069534916, -0.20097038392633632, -0.0016905775351696677, 1.807378354377882e-06, 0.20097173122814313, 0.979597041259261, 0.011469802720782601, 0.0, 0.0, 0.0, 1.0], "right_foot_pose": [0.9999999999999999, -6.222639703945926e-11, -1.8330342799188731e-10, -6.979738043259306e-11, 1.9642925202683123e-11, 0.9746561391378257, -0.22370831553821904, -0.14000000017704609, 1.9257821250038864e-10, 0.22370831553821893, 0.9746561391378257, 2.886871158791493e-10, 0.0, 0.0, 0.0, 1.0]}, {"left_foot_pose": [0.9999742272131565, 0.007019812619075968, -0.001505702575036927, -0.0018408577413227233, -0.007179477938877545, 0.9778069736620572, -0.20938475912629192, -0.0033227613156818075, 2.4447037751224165e-06, 0.2093901728559464, 0.9778321714411843, 0.019120926997594753, 0.0, 0.0, 0.0, 1.0], "right_foot_pose": [1.0, -1.7721639464938952e-11, -3.950068050428957e-11, -7.665107282160536e-11, 8.08061599577601e-12, 0.9727516976111211, -0.23184937954344892, -0.14000000008515992, 4.253281849444912e-11, 0.2318493795434488, 0.9727516976111212, 8.441874282949513e-11, 0.0, 0.0, 0.0, 1.0]}, {"left_foot_pose": [0.999934216306093, 0.011221293874207793, -0.002376052210836633, -0.002941061913135675, -0.011470093831901392, 0.9782948605345488, -0.20689998259829778, -0.005308620352037399, 2.7941589189197902e-06, 0.2069136254949807, 0.9783592139785452, 0.024265878190478735, 0.0, 0.0, 0.0, 1.0], "right_foot_pose": [0.9999999999999999, 3.4229283857192967e-12, 2.923949971034288e-11, -3.3417562204354053e-11, 3.5457585938317215e-12, 0.9719839775369741, -0.2350471174284063, -0.13999999998212453, -2.9225082212962105e-11, 0.23504711742840612, 0.9719839775369741, 7.756066622288671e-12, 0.0, 0.0, 0.0, 1.0]}, {"left_foot_pose": [0.9998681686135539, 0.01593919136079397, -0.003096380490571505, -0.004163512141661626, -0.016237160643664365, 0.981551887929069, -0.19050523855556623, -0.007515139267193691, 2.758663695884038e-06, 0.19053040041328126, 0.9816812957934697, 0.025000001606536613, 0.0, 0.0, 0.0, 1.0], "right_foot_pose": [0.9999999999999999, -5.551237916073914e-12, 9.7747365757073e-12, 4.3086863457263286e-11, 7.677142348074688e-12, 0.9724451513927214, -0.23313178147302657, -0.1399999999600507, -8.211355213864575e-12, 0.2331317814730265, 0.9724451513927216, 7.971343723989222e-11, 0.0, 0.0, 0.0, 1.0]}, {"left_foot_pose": [0.9997754000474884, 0.020896579852852735, -0.0035330454764327455, -0.005434511986580409, -0.021193146391368604, 0.9858041561592868, -0.16655634555642582, -0.009809293914288222, 2.432939647910964e-06, 0.16659381335911252, 0.9860256088685276, 0.025000002308724303, 0.0, 0.0, 0.0, 1.0], "right_foot_pose": [0.9999999999999999, -4.048908805968512e-11, -8.897454994993812e-11, 1.1073551638173987e-10, 1.928726355324139e-11, 0.9740184969517699, -0.2264684693192748, -0.13999999992966958, 9.583212919319684e-11, 0.2264684693192747, 0.9740184969517698, 2.8458237849582346e-10, 0.0, 0.0, 0.0, 1.0]}, {"left_foot_pose": [0.9996606260819138, 0.025805338015746016, -0.003566117133512725, -0.006680369485556771, -0.02605057884018865, 0.9902597711432224, -0.13677336362561418, -0.012058066779482821, 1.899456592381753e-06, 0.1368198457288504, 0.990595946797243, 0.024910271646119662, 0.0, 0.0, 0.0, 1.0], "right_foot_pose": [0.9999999999999999, -9.958980809025252e-11, -2.7416113823619464e-10, 1.940728077488245e-10, 3.8302225438554596e-11, 0.976603615194623, -0.2150473873098503, -0.1399999999296571, 2.8916314297642967e-10, 0.21504738730985012, 0.9766036151946231, 6.333047211648513e-10, 0.0, 0.0, 0.0, 1.0]}, {"left_foot_pose": [0.9995340917875497, 0.03037108362276463, -0.003032595261202443, -0.007827387427669428, -0.030522112524233768, 0.9945921989239194, -0.09927113622167319, -0.014128443875662845, 1.2236097700555972e-06, 0.09931744619785085, 0.9950557998822184, 0.021163834556025204, 0.0, 0.0, 0.0, 1.0], "right_foot_pose": [1.0, -1.812256848896893e-10, -5.684629433844168e-10, 3.3753323078989026e-10, 6.484401888557844e-11, 0.9801224162485479, -0.19839367219523052, -0.14000000017307213, 5.931169482161309e-10, 0.19839367219523035, 0.9801224162485479, 1.1615134132281213e-09, 0.0, 0.0, 0.0, 1.0]}, {"left_foot_pose": [0.9994108754236091, 0.03426181883308458, -0.0020074499408709217, -0.00880187019391098, -0.03432057815188593, 0.9977007998237495, -0.058439814735946026, -0.0158873945177499, 5.80066490814289e-07, 0.05847428324742682, 0.9982889151935745, 0.013996813243119556, 0.0, 0.0, 0.0, 1.0], "right_foot_pose": [1.0, -2.594564948832762e-10, -9.31510812929302e-10, 4.3996877590003336e-10, 9.10259365388365e-11, 0.984310593578154, -0.176444482401186, -0.14000000037444507, 9.626752773559946e-10, 0.17644448240118585, 0.984310593578154, 1.8451891958815025e-09, 0.0, 0.0, 0.0, 1.0]}, {"left_foot_pose": [0.9993093674298142, 0.03715225138257522, -0.0007059633361035027, -0.009530127683582898, -0.03715895809908738, 0.9991290699945838, -0.018981920997332934, -0.017201897914857055, 1.2739083407148957e-07, 0.018995044326473063, 0.9998195778694376, 0.00628791159393436, 0.0, 0.0, 0.0, 1.0], "right_foot_pose": [1.0000000000000002, -3.1028819904193265e-10, -1.3242296703630509e-09, 4.59471776246968e-10, 1.0878872849970761e-10, 0.9887573005876726, -0.14952926313795106, -0.1400000004121647, 1.3557385876073187e-09, 0.14952926313795084, 0.988757300587673, 2.5824972785248868e-09, 0.0, 0.0, 0.0, 1.0]}, {"left_foot_pose": [0.999248924443248, 0.03874429959109171, 0.0006828237026531898, -0.009938465114105564, -0.038750316114984154, 0.9990937972650353, 0.017606739264319448, -0.017938936541423405, -4.4145067666456515e-08, -0.017619974907152697, 0.9998447561918153, 0.0009158374489310825, 0.0, 0.0, 0.0, 1.0], "right_foot_pose": [0.9999999999999998, -3.0596272083179526e-10, -1.656293269203244e-09, 3.6462485788407506e-10, 1.077200862839488e-10, 0.9929670066581119, -0.11839140039896999, -0.14000000019790518, 1.6808677523832353e-09, 0.11839140039896985, 0.9929670066581119, 3.1870453567894863e-09, 0.0, 0.0, 0.0, 1.0]}, {"left_foot_pose": [0.9992395963865053, 0.038937203284029, 0.0020305698098959948, -0.009999999788631975, -0.038990114302661805, 0.9978835891523195, 0.05203953772999025, -0.01804999991441839, 1.7694757118300053e-09, -0.0520791388264433, 0.9986429608719514, 3.493967351553273e-09, 0.0, 0.0, 0.0, 1.0], "right_foot_pose": [1.0, -2.3203078213139443e-10, -1.7919153383338923e-09, 2.883999649960627e-10, 7.955349050878965e-11, 0.9964126737409547, -0.08462732187894013, -0.14000000001178378, 1.8051230174508342e-09, 0.08462732187894, 0.9964126737409548, 3.4319429589868555e-09, 0.0, 0.0, 0.0, 1.0]}, {"left_foot_pose": [0.9992395963855825, 0.0388460264755927, 0.00334891657654238, -0.009999999738192029, -0.038990114326314364, 0.9955469057475932, 0.08582615825734279, -0.01805000002217612, 1.6805792612836956e-09, -0.0858914703765811, 0.9963044992955464, 3.307777142469437e-09, 0.0, 0.0, 0.0, 1.0], "right_foot_pose": [0.9999999999999998, -1.332375346709847e-10, -1.6867129359887648e-09, 3.1452014799551195e-10, 4.775873266929663e-11, 0.9987201807499337, -0.05057668002962967, -0.14000000011914163, 1.6912928947563424e-09, 0.05057668002962954, 0.9987201807499335, 3.2726364188051527e-09, 0.0, 0.0, 0.0, 1.0]}, {"left_foot_pose": [0.999239596385448, 0.03872125082611819, 0.004570968158796463, -0.009999999768455274, -0.038990114329761405, 0.9923491519203544, 0.11714491737803227, -0.018050000040441494, 1.3529628471935922e-09, -0.11723406253054086, 0.9931043120350379, 2.6574124567524393e-09, 0.0, 0.0, 0.0, 1.0], "right_foot_pose": [0.9999999999896083, -4.55802683655184e-06, 8.86780443521152e-08, -4.735253918383817e-06, 4.558888248157024e-06, 0.9998242950070049, -0.018745108507612917, -0.14000036927271467, -3.2217558392634105e-09, 0.018745108507822242, 0.9998242950173946, 3.740182485000715e-05, 0.0, 0.0, 0.0, 1.0]}, {"left_foot_pose": [0.9992395963859385, 0.038582482477061725, 0.00562326065328698, -0.010000000000155843, -0.038990114317190155, 0.9887927940598565, 0.144113085460117, -0.018049999754787695, 9.813894719048743e-10, -0.1442227529248067, 0.9895452478481171, 1.8085970568404441e-09, 0.0, 0.0, 0.0, 1.0], "right_foot_pose": [0.9999998900395237, -0.00046893774185986027, -4.281914807776836e-06, -0.00048711727760363877, 0.0004689572901603942, 0.9999586556487987, 0.009081138260563962, -0.14003804062431802, 2.324930533354753e-08, -0.00908113927003299, 0.9999587656046414, 0.003492990517286035, 0.0, 0.0, 0.0, 1.0]}, {"left_foot_pose": [0.9992395963866862, 0.038447604310869715, 0.006481568924876707, -0.010000000120342769, -0.03899011429802574, 0.9853361345900002, 0.1661098216791065, -0.01804999969860758, 6.255505045892845e-10, -0.16623622828370635, 0.9860859579194953, 1.1206116659612242e-09, 0.0, 0.0, 0.0, 1.0], "right_foot_pose": [0.9999987236406247, -0.0015968024498864415, -5.421307054014305e-05, -0.0016595906874856787, 0.0015977224730212966, 0.9994258995190267, 0.033842556840220805, -0.14012961456306686, 1.4206911718381293e-07, -0.033842600262397396, 0.9994271751395694, 0.010538498137752352, 0.0, 0.0, 0.0, 1.0]}, {"left_foot_pose": [0.999239596387448, 0.03833164317472088, 0.007135414702531914, -0.010000000160403439, -0.038990114278509236, 0.982364281396026, 0.18286658969264713, -0.018049999797422216, 3.2796110599283427e-10, -0.1830057479119061, 0.9831118431954755, 6.06793358615132e-10, 0.0, 0.0, 0.0, 1.0], "right_foot_pose": [0.9999947130132361, -0.003246723101525947, -0.00018092727198457443, -0.0033776800795318534, 0.0032517603665827093, 0.9984508711715783, 0.05554533203820832, -0.14026380663435656, 3.0667962130290813e-07, -0.05554562670290545, 0.9984561499405407, 0.01829520877074107, 0.0, 0.0, 0.0, 1.0]}, {"left_foot_pose": [0.9992395963880475, 0.038246412226025685, 0.007578981599790468, -0.010000000125952327, -0.03899011426314403, 0.9801799819559314, 0.19423432745685812, -0.018049999958436216, 1.0863282558034931e-10, -0.19438213633126894, 0.980925881540136, 2.64614802292229e-10, 0.0, 0.0, 0.0, 1.0], "right_foot_pose": [0.9999859974339196, -0.005278069306659754, -0.0003833020783560329, -0.005496911474115628, 0.005291968997630379, 0.9973658434500715, 0.07234203054418345, -0.1404293315481092, 4.6614967890314525e-07, -0.07234304599283592, 0.9973798091480801, 0.023884417570647104, 0.0, 0.0, 0.0, 1.0]}, {"left_foot_pose": [0.9992395963883423, 0.03820037713638167, 0.007807701089425734, -0.01000000005039093, -0.03899011425558522, 0.9790001943504901, 0.20009595311259987, -0.018050000033948597, -1.1613545940484543e-11, -0.20024822258472524, 0.9797451961360462, 9.954934793166004e-11, 0.0, 0.0, 0.0, 1.0], "right_foot_pose": [0.999971277155127, -0.007554081517215795, -0.000617022832380241, -0.007872805289306093, 0.007579239039898483, 0.9966581801590055, 0.08133281660999697, -0.14061490089468037, 5.66126539879884e-07, -0.0813351570636622, 0.9966868074902513, 0.02500000122490715, 0.0, 0.0, 0.0, 1.0]}, {"left_foot_pose": [0.9992395963883016, 0.03819454215595765, 0.007836195457079967, -0.010000000003038897, -0.03899011425662613, 0.9788506554088942, 0.2008262069447966, -0.018050000042722013, -3.190088061631919e-11, -0.200979032127921, 0.979595543397848, 6.678177455476941e-11, 0.0, 0.0, 0.0, 1.0], "right_foot_pose": [0.999950253821572, -0.009939519005361488, -0.0008341727133688676, -0.010360878109352045, 0.009974461480422546, 0.9964521853926057, 0.08356765130405269, -0.1408092303625935, 5.909648611459003e-07, -0.08357181455635776, 0.9965017570538489, 0.025000001166814056, 0.0, 0.0, 0.0, 1.0]}, {"left_foot_pose": [0.9992395963879487, 0.03822844659945834, 0.007669086063034059, -0.009999999937667425, -0.0389901142656679, 0.9797195587203297, 0.19654352507878167, -0.01805000006003942, 3.9479286242570886e-11, -0.19669309121429757, 0.9804651079301929, 1.964909762675049e-10, 0.0, 0.0, 0.0, 1.0], "right_foot_pose": [0.9999238773823353, -0.012299307906543985, -0.0009830898718898526, -0.012816656202702857, 0.012338534774649005, 0.9967483846829761, 0.07962674294163191, -0.1410010373984335, 5.394127699232241e-07, -0.07963281143409418, 0.9968242650250899, 0.024992551128797065, 0.0, 0.0, 0.0, 1.0]}, {"left_foot_pose": [0.999239596387246, 0.038301994773260774, 0.007292887510687951, -0.009999999780607116, -0.03899011428367996, 0.9816044517890677, 0.18690230393451557, -0.018049999907038775, 2.215216527980964e-10, -0.18704453326487158, 0.9823514353711341, 5.350531753767207e-10, 0.0, 0.0, 0.0, 1.0], "right_foot_pose": [0.9998943995065206, -0.014498928376370639, -0.000985348380599837, -0.015095663177202574, 0.014532371978624788, 0.9975952431607267, 0.06776828895409258, -0.14117903436509588, 4.112896078523203e-07, -0.06777545203853232, 0.9977006004312131, 0.021837793554269992, 0.0, 0.0, 0.0, 1.0]}, {"left_foot_pose": [0.9992395963863926, 0.0384094424166458, 0.006704009755525528, -0.009999999667704533, -0.03899011430554915, 0.9843581209583081, 0.17181053719102846, -0.0180499997330508, 4.88976251187781e-10, -0.17194128194436617, 0.985107200036285, 1.0274046544078708e-09, 0.0, 0.0, 0.0, 1.0], "right_foot_pose": [0.9998652334909857, -0.016397163143413763, -0.0008049204090340774, -0.01705341496042829, 0.016416907624688414, 0.9986634292595686, 0.04900857275580115, -0.14133194047578812, 2.4301306412049155e-07, -0.04901518234553958, 0.9987980335881599, 0.014923780238863288, 0.0, 0.0, 0.0, 1.0]}, {"left_foot_pose": [0.9992395963854812, 0.038538653506483764, 0.0059161813096347115, -0.009999999562179571, -0.0389901143289073, 0.9876695444098196, 0.15162005813849014, -0.018049999687320628, 7.864991817608309e-10, -0.15173543828390137, 0.9884211434246001, 1.5963340788127667e-09, 0.0, 0.0, 0.0, 1.0], "right_foot_pose": [0.9998406207949997, -0.0178469376331603, -0.0004688554015198713, -0.018545439707815817, 0.01785309520114802, 0.9994959069219317, 0.02625260059582886, -0.14144847411692102, 9.052921519206865e-08, -0.026256786997335767, 0.9996552311354994, 0.007129215221493838, 0.0, 0.0, 0.0, 1.0]}, {"left_foot_pose": [0.9992395963852981, 0.03867352681740041, 0.004958562216079136, -0.00999999968346993, -0.038990114333596046, 0.9911260803102184, 0.12707818031887558, -0.018049999822914466, 1.0812713562580618e-09, -0.12717488451894668, 0.9918803096884189, 2.0809352574424622e-09, 0.0, 0.0, 0.0, 1.0], "right_foot_pose": [0.9998251042156446, -0.018701886847464762, -2.021186495616667e-05, -0.019427261549554327, 0.01870189776934033, 0.9998245204588259, 0.001080420799473324, -0.14151735123246628, 2.4106480036216647e-09, -0.0010806098386624574, 0.9999994161410177, 0.0013328056671204486, 0.0, 0.0, 0.0, 1.0]}, {"left_foot_pose": [0.9992395963871175, 0.038794569460039695, 0.003900050322926653, -0.010000000549981802, -0.03899011428697254, 0.9942281659149106, 0.09995061325155917, -0.0180499999622243, 1.1288218135340595e-09, -0.10002667385194884, 0.9949847559224799, 2.2253519860182536e-09, 0.0, 0.0, 0.0, 1.0], "right_foot_pose": [0.9998218927664128, -0.018866436540860506, 0.0004902216203546575, -0.019604820181506607, 0.018872804375274516, 0.9994845433868811, -0.02597045986751921, -0.14153122272307422, 1.100648723650392e-09, 0.02597508619749856, 0.9996625905259398, 2.440767234157537e-09, 0.0, 0.0, 0.0, 1.0]}, {"left_foot_pose": [0.999239596388115, 0.03888718520995215, 0.002831225276247495, -0.010000001254890027, -0.03899011426141191, 0.9966017268142388, 0.07255872863246934, -0.018049999901831155, 7.196209700072172e-10, -0.07261394451016424, 0.9973601230561987, 2.0341508061294533e-09, 0.0, 0.0, 0.0, 1.0], "right_foot_pose": [0.9998218927663173, -0.018845928649669434, 0.0010068358904794978, -0.019604820849766037, 0.01887280438034556, 0.9983980989956408, -0.05333903989304564, -0.1415312224045801, 7.010106221387027e-10, 0.05334854164100699, 0.9985759525968858, 2.360807549450783e-09, 0.0, 0.0, 0.0, 1.0]}, {"left_foot_pose": [0.9992395963876514, 0.0389458022538833, 0.0018583589122129528, -0.009999999875427717, -0.038990114273302116, 0.9981039659168034, 0.04762608749524289, -0.018049999937607857, 7.85338983887473e-10, -0.047662330072617595, 0.9988635053359642, 1.5442333314852341e-09, 0.0, 0.0, 0.0, 1.0], "right_foot_pose": [0.9998218927661164, -0.01881529769712584, 0.0014721814252134293, -0.01960481944742303, 0.018872804390980526, 0.9967753655847993, -0.07799158812147508, -0.14153122280069375, 7.700528654121788e-10, 0.07800548144751451, 0.9969529301146275, 1.5848081666436364e-09, 0.0, 0.0, 0.0, 1.0]}, {"left_foot_pose": [0.9993725778957258, 0.03541105272999244, 0.0007126672476336825, -0.010461884891059665, -0.03541822341510404, 0.9991700131080073, 0.02012049591492774, -0.016804153257656673, 4.1219863691077893e-07, -0.02013311327883924, 0.9997973083328104, 0.002844459482197907, 0.0, 0.0, 0.0, 1.0], "right_foot_pose": [0.9998218927660557, -0.01878154823291911, 0.0018536967595014157, -0.01960481921972467, 0.018872804394197883, 0.9949874258041771, -0.09820305364842616, -0.14153122310326732, 4.2175989736597953e-10, 0.09822054743052407, 0.9951646718319779, 9.41524497255486e-10, 0.0, 0.0, 0.0, 1.0]}, {"left_foot_pose": [0.999677429164103, 0.025393678057694987, -0.00044579653693441846, -0.011757368466868173, -0.025397590818884923, 0.9995229559377448, -0.0175733586451429, -0.013309815363775306, -6.683394838022815e-07, 0.01757901215018858, 0.9998454772270453, 0.009617039597167094, 0.0, 0.0, 0.0, 1.0], "right_foot_pose": [0.9998218927661603, -0.018750709025866754, 0.0021432817172867776, -0.01960481916741318, 0.018872804388653536, 0.9933536637111654, -0.11354433515641803, -0.14153122311277427, 4.382142736522541e-11, 0.11356456182556511, 0.9935306187014908, 4.686938892550785e-10, 0.0, 0.0, 0.0, 1.0]}, {"left_foot_pose": [0.9999475545109361, 0.010220008572354746, -0.0006630628782382746, -0.0137161805980707, -0.01024149484147576, 0.9978286201769766, -0.0650627123560346, -0.008026260033270581, -3.3183611365554875e-06, 0.06506609086531208, 0.9978809567320627, 0.017439493868864453, 0.0, 0.0, 0.0, 1.0], "right_foot_pose": [0.9998218927662542, -0.018728739146482706, 0.0023274611248635907, -0.019604819296033048, 0.018872804383682554, 0.9921897707863714, -0.12330156528439941, -0.14153122296281537, -2.674282223660554e-10, 0.12332353010221013, 0.9923665184412106, 1.5537297837209252e-10, 0.0, 0.0, 0.0, 1.0]}, {"left_foot_pose": [0.9999618747618607, -0.008669583673336858, 0.0010427567677469471, -0.016167981290326233, 0.008732065712459556, 0.9929038079616631, -0.11859923761821904, -0.0014129489850173947, -7.151151349008086e-06, 0.11860382141465955, 0.9929416566418702, 0.023433117634882497, 0.0, 0.0, 0.0, 1.0], "right_foot_pose": [0.9998218927661592, -0.018720088171089062, 0.0023960476542200762, -0.01960481957529516, 0.01887280438871351, 0.9917314702369013, -0.12693505503311375, -0.14153122279993996, -4.406556180996008e-10, 0.12695766712026837, 0.9919081362502172, 1.5692086519081272e-11, 0.0, 0.0, 0.0, 1.0]}, {"left_foot_pose": [0.9995439236571836, -0.0297605517624025, 0.005123889030870845, -0.018942427577357927, 0.03019841976050797, 0.9851132630128089, -0.16923331374237519, 0.006070645772069415, -1.1134248963902364e-05, 0.16931086378332114, 0.9855626977929793, 0.025000006350157825, 0.0, 0.0, 0.0, 1.0], "right_foot_pose": [0.9998218927657576, -0.018727143277129377, 0.0023402672870549953, -0.019604819926751654, 0.018872804409970308, 0.992105226301762, -0.12397998708836995, -0.14153122276283323, -4.2472994271951724e-10, 0.1240020727625438, 0.9922819588960553, 1.2257224402123512e-10, 0.0, 0.0, 0.0, 1.0]}, {"left_foot_pose": [0.99860362995457, -0.051611232853321816, 0.01127257224050594, -0.021869176623092786, 0.05282792855459094, 0.9756624212799294, -0.2128192887564886, 0.013965048396504151, -1.4359258535803159e-05, 0.21311762091752692, 0.9770265500221917, 0.025000004939657997, 0.0, 0.0, 0.0, 1.0], "right_foot_pose": [0.9998218927650699, -0.018749137474159003, 0.0021569867054571624, -0.01960482026466196, 0.018872804446410023, 0.993270406274772, -0.1142703691736267, -0.14153122272214358, -2.0039970861603497e-10, 0.1142907251824243, 0.9934473464342616, 5.072995010180215e-10, 0.0, 0.0, 0.0, 1.0]}, {"left_foot_pose": [0.9971615978220496, -0.07293198048346222, 0.01869957357101689, -0.024777888929835495, 0.07529108558121932, 0.9659706532695134, -0.24745090311831983, 0.021810801656572995, -1.615486141605848e-05, 0.24815644913004037, 0.968719968047625, 0.025000002952029844, 0.0, 0.0, 0.0, 1.0], "right_foot_pose": [0.9998218927642241, -0.018782917793669262, 0.0018397686049383389, -0.019604820545213425, 0.018872804491210506, 0.9950599766023092, -0.09746517436935431, -0.1415312227097639, 2.529414862171371e-10, 0.09748253670975296, 0.99523723555574, 1.1994420248684357e-09, 0.0, 0.0, 0.0, 1.0]}, {"left_foot_pose": [0.9953557546283547, -0.09294682678366235, 0.025056119393608262, -0.027498222509531583, 0.09626485077042925, 0.9610895411159012, -0.25892078414792113, 0.029148439783274076, -1.5309015261542967e-05, 0.26013031608883097, 0.9655735178727507, 0.022459723740299087, 0.0, 0.0, 0.0, 1.0], "right_foot_pose": [0.9998218927639403, -0.0188308794055838, 0.0012572711496985334, -0.01960482042162517, 0.018872804506259954, 0.9976008284566278, -0.06660633838245782, -0.14153122323429973, 1.1851936165857627e-09, 0.06661820354424394, 0.9977785400360832, 2.5213091059406167e-09, 0.0, 0.0, 0.0, 1.0]}, {"left_foot_pose": [0.9934303488020111, -0.11063586249264278, 0.029254880099307372, -0.02985983758044196, 0.11443837610027906, 0.9604488019109975, -0.25385420418669763, 0.03551849174414373, -1.2435713851066892e-05, 0.2555343515816207, 0.9667999767310272, 0.015838560996587377, 0.0, 0.0, 0.0, 1.0], "right_foot_pose": [0.9998218927641879, -0.018862616727092038, 0.0006200319694222274, -0.01960482024420593, 0.018872804493139734, 0.9992821733267089, -0.03284745533543319, -0.1415312237885581, 2.0665160126566264e-09, 0.0328533067080982, 0.999460184418741, 4.195330874368075e-09, 0.0, 0.0, 0.0, 1.0]}, {"left_foot_pose": [0.9917076500406492, -0.1249698406077872, 0.029974585723879916, -0.03169239499853836, 0.12851434466967845, 0.9643703735203337, -0.23124412617486298, 0.040461500869045874, -8.060841095726571e-06, 0.23317873319562593, 0.9724338940618571, 0.007998175286821604, 0.0, 0.0, 0.0, 1.0], "right_foot_pose": [0.9998218927657955, -0.018872053490795546, -0.00016835457371139703, -0.019604819789436075, 0.01887280440798164, 0.9997821130019667, 0.008918731698006815, -0.14153122424028086, 3.1097636341804786e-09, -0.008920320530312463, 0.9999602131493217, 6.329203293409247e-09, 0.0, 0.0, 0.0, 1.0]}, {"left_foot_pose": [0.9905426329509177, -0.13453354354763697, 0.026944720580855553, -0.03282555419935533, 0.13720529252191171, 0.9712588234238706, -0.19450194247167832, 0.04351800580900292, -3.2620612335585064e-06, 0.19635942447918142, 0.9805319864275541, 0.0018172758620020948, 0.0, 0.0, 0.0, 1.0], "right_foot_pose": [0.9998218927692121, -0.018840886321286162, -0.0010971517754666592, -0.019604819048418043, 0.018872804226982856, 0.9981309952438954, 0.058123434121196874, -0.14153122443251384, 4.178699798200077e-09, -0.058133788247967486, 0.9983088012553734, 8.643323994028673e-09, 0.0, 0.0, 0.0, 1.0]}, {"left_foot_pose": [0.9902335812091766, -0.13791567925781634, 0.020413722357886126, -0.03311432078263724, 0.13941827228039302, 0.9795612447704823, -0.14499073452484618, 0.04429691444880334, 4.354793712065444e-09, 0.14642074019263526, 0.9892224051452947, 1.0505767970847568e-08, 0.0, 0.0, 0.0, 1.0], "right_foot_pose": [0.9998218927781387, -0.018752840208483328, -0.002124548341460094, -0.01960481608889314, 0.018872803754081992, 0.9934666267710788, 0.11255167155823975, -0.1415312241137457, 4.362272792947869e-09, -0.11257172147661725, 0.993643601863259, 1.0229400125572052e-08, 0.0, 0.0, 0.0, 1.0]}, {"left_foot_pose": [0.9902335811848325, -0.13883678836957447, 0.012720097841016416, -0.033114316758423884, 0.13941827245330196, 0.98610352539703, -0.09034590475327214, 0.04429691405125803, 1.933866146256087e-09, 0.09123696287564767, 0.9958292105603397, 9.886184197671621e-09, 0.0, 0.0, 0.0, 1.0], "right_foot_pose": [0.9998218927869448, -0.018608574870731896, -0.003147005753250176, -0.019604811910088123, 0.01887280328755168, 0.9858239175812219, 0.16671838777076, -0.14153122339921795, 1.939159756317158e-09, -0.16674808684387518, 0.9859995312036957, 1.0964036900595886e-08, 0.0, 0.0, 0.0, 1.0]}, {"left_foot_pose": [0.9902335812277556, -0.13932195411889117, 0.005181477525637371, -0.033114321842105186, 0.13941827214843527, 0.9895494707983457, -0.03680204116431884, 0.04429691346317831, 3.9471287177462594e-09, 0.03716500966243483, 0.999309142386275, 8.115508931538784e-09, 0.0, 0.0, 0.0, 1.0], "right_foot_pose": [0.9998218927756246, -0.018421645621106455, -0.004101914087011064, -0.01960481699956459, 0.018872803887256314, 0.9759209889547817, 0.21730632892521484, -0.14153122418392178, 3.869719400217545e-09, -0.21734503971825755, 0.9760948384813175, 1.025358624395789e-08, 0.0, 0.0, 0.0, 1.0]}, {"left_foot_pose": [0.9902335812576201, -0.13940832382024976, -0.0016654727069443252, -0.03311432380274959, 0.1394182719363186, 0.9901629239368714, 0.011829180490510923, 0.04429691327435068, 3.1008952544457447e-09, -0.011945849087220857, 0.9999286457990821, 5.893686955138477e-09, 0.0, 0.0, 0.0, 1.0], "right_foot_pose": [0.9997652599180268, -0.020922253126381764, -0.005628888447602732, -0.01962029686036083, 0.021666218822698282, 0.965493150604041, 0.25952562705561416, -0.14055342999261725, 4.792379634004733e-06, -0.2595866627174796, 0.9657198167772238, 0.0022502996491732333, 0.0, 0.0, 0.0, 1.0]}, {"left_foot_pose": [0.9902335812669517, -0.1392212846001231, -0.007408673668086002, -0.03311432429453385, 0.1394182718700413, 0.9888344583469206, 0.052620903208939064, 0.04429691308505626, 2.07208325135987e-09, -0.0531398899137431, 0.9985870778755133, 3.9015649322404755e-09, 0.0, 0.0, 0.0, 1.0], "right_foot_pose": [0.9995194376725612, -0.029669421594594746, -0.008978816011514176, -0.019672016702909592, 0.0309982839127774, 0.9567686719633705, 0.28919338641108555, -0.13728614938010328, 1.0449367340751075e-05, -0.28933273885215777, 0.9572285861376681, 0.00871010706207026, 0.0, 0.0, 0.0, 1.0]}, {"left_foot_pose": [0.9902335812684963, -0.13889895981876738, -0.012022208176249497, -0.033114324495132484, 0.139418271859067, 0.9865451112406494, 0.08538904472475874, 0.044296912742184606, 1.2104089107890123e-09, -0.08623121504675645, 0.9962751515277097, 2.3654532221861757e-09, 0.0, 0.0, 0.0, 1.0], "right_foot_pose": [0.9989592739081696, -0.0434285647148003, -0.013940187935399865, -0.019753038975349066, 0.045611060512003275, 0.9512608501726306, 0.30499578044263886, -0.13216788425332326, 1.5226038300471941e-05, -0.30531419013150457, 0.9522516710788758, 0.016558461893410523, 0.0, 0.0, 0.0, 1.0]}, {"left_foot_pose": [0.9902335812659692, -0.13854944808999445, -0.015540430081970825, -0.0331143244521963, 0.1394182718770204, 0.9840626653670241, 0.11037760686649525, 0.044296912346381626, 5.345667206712085e-10, -0.11146623284523088, 0.9937682219387447, 1.282269242175449e-09, 0.0, 0.0, 0.0, 1.0], "right_foot_pose": [0.9979385783406116, -0.06114542235972185, -0.01948925816879408, -0.01985606225529123, 0.06417626922572164, 0.9508946201996277, 0.3027884207556056, -0.12566002089171688, 1.810487165341735e-05, -0.3034149940260984, 0.9528585105210302, 0.02291665618108666, 0.0, 0.0, 0.0, 1.0]}, {"left_foot_pose": [0.9902335812575107, -0.13826293416843638, -0.01791132560870708, -0.03311432391549145, 0.13941827193709794, 0.9820276681443492, 0.1272171546963955, 0.044296912206660224, 2.360088166599908e-10, -0.12847186475687114, 0.9917131540752567, 5.43010372777708e-10, 0.0, 0.0, 0.0, 1.0], "right_foot_pose": [0.9963500534938476, -0.08197364184358813, -0.02380951376458468, -0.01997378193015813, 0.0853614114793611, 0.9568671329520199, 0.2777025734602281, -0.11822394077212571, 1.8249877028319784e-05, -0.2787213876240597, 0.9603720048751216, 0.02500000474275845, 0.0, 0.0, 0.0, 1.0]}, {"left_foot_pose": [0.9902335812559335, -0.13807525830751397, -0.019304859397651107, -0.03311432382433139, 0.13941827194829906, 0.9806946794442224, 0.13711488306068337, 0.04429691223027855, 2.286453021464456e-12, -0.13846721183409452, 0.99036701845674, 1.5197263586452792e-10, 0.0, 0.0, 0.0, 1.0], "right_foot_pose": [0.9941689384493468, -0.1047477191338544, -0.025613222342250178, -0.02009888742619339, 0.10783376821283586, 0.9657524261772599, 0.23599603760605048, -0.11032104143959291, 1.5984955384503692e-05, -0.23738190046629762, 0.9714164056034313, 0.02500000689270615, 0.0, 0.0, 0.0, 1.0]}, {"left_foot_pose": [0.990233581255679, -0.13800782157300834, -0.01978119658226554, -0.033114323711275345, 0.13941827195010567, 0.9802157025417272, 0.14049812075994428, 0.04429691225468477, -7.618020320605294e-11, -0.14188381752441742, 0.9898833175302525, 2.3972338003552807e-11, 0.0, 0.0, 0.0, 1.0], "right_foot_pose": [0.9914790205763033, -0.12796270123362138, -0.024390548375319027, -0.02022407854896054, 0.13026646386424762, 0.9739622698094061, 0.18554822925593692, -0.10241271358861351, 1.2221232816850522e-05, -0.18714444710090666, 0.9823324059451248, 0.02500000824891764, 0.0, 0.0, 0.0, 1.0]}, {"left_foot_pose": [0.9902335812567787, -0.1380655679978875, -0.019374041519417653, -0.03311432355148899, 0.13941827194229423, 0.9806258529826867, 0.13760625680035013, 0.044296912364698515, -1.4502899626663598e-11, -0.13896343186392626, 0.9902975131770254, 1.9678476209650242e-10, 0.0, 0.0, 0.0, 1.0], "right_foot_pose": [0.9884809756875984, -0.15007257712138028, -0.01958525720639068, -0.020342052180910276, 0.15134517053626215, 0.9801758517340954, 0.127866880