{"LoopMode": "Wrap", "FrameDuration": 0.0167, "EnableCycleOffsetPosition": true, "EnableCycleOffsetRotation": false, "Debug_info": [{"left_foot_pose": [1.0000000000000004, 4.845086952988969e-14, -4.522326957356883e-12, 1.080445207753196e-12, -1.20988533657695e-15, 0.9999461941248482, 0.010373468813871288, -2.702820606215184e-13, 4.522167794430349e-12, -0.01037346881387146, 0.9999461941248484, 1.0154474483492493e-11, 0.0, 0.0, 0.0, 1.0], "right_foot_pose": [0.9999999999999998, -8.558306216019246e-14, -4.5660142333758805e-12, 1.441588482825309e-12, 2.138349284026e-14, 0.9999009799015831, -0.014072327165535322, -0.14000000000145307, 4.566767018182812e-12, 0.014072327165535171, 0.999900979901583, 7.878551977480441e-12, 0.0, 0.0, 0.0, 1.0]}, {"left_foot_pose": [1.0000000000000007, 9.113200386404684e-14, -1.0133283101509963e-11, 1.9260336438063613e-12, -7.777597230374882e-15, 0.9999664376440586, 0.008192898476851692, 3.001071613439876e-14, 1.013342328261414e-11, -0.008192898476851864, 0.9999664376440589, 2.193780573866988e-11, 0.0, 0.0, 0.0, 1.0], "right_foot_pose": [0.9999999999999998, -2.323686576708978e-13, -1.0208001111067231e-11, 2.8704373873836427e-12, 6.648661060912631e-14, 0.9998678999752555, -0.016253694935995794, -0.14000000000260948, 1.0210274731707786e-11, 0.01625369493599565, 0.9998678999752555, 1.8387069644631993e-11, 0.0, 0.0, 0.0, 1.0]}, {"left_foot_pose": [1.0000000000000004, 9.286213452551826e-14, -1.7846224498185854e-11, 2.930855337630837e-12, -5.410938900141588e-16, 0.9999867145644803, 0.005154676957647322, 6.658718715302214e-13, 1.7846061970314003e-11, -0.005154676957647493, 0.9999867145644805, 3.798904940621739e-11, 0.0, 0.0, 0.0, 1.0], "right_foot_pose": [1.0, -4.973728893129627e-13, -1.7966628185206443e-11, 4.713982856104741e-12, 1.5070185926038969e-13, 0.9998138586816102, -0.019293729245252248, -0.14000000000396579, 1.797287380514101e-11, 0.019293729245252095, 0.9998138586816101, 3.303647633234874e-11, 0.0, 0.0, 0.0, 1.0]}, {"left_foot_pose": [1.0000000000000004, -4.316158750393364e-15, -2.75591216514215e-11, 4.052947645713866e-12, 3.975675716289389e-14, 0.9999991884720758, 0.0012739918329874851, 1.6902642480109975e-12, 2.7558720343627284e-11, -0.0012739918329876586, 0.999999188472076, 5.8168712901984776e-11, 0.0, 0.0, 0.0, 1.0], "right_foot_pose": [1.0, -9.355339311099058e-13, -2.7752855569218575e-11, 6.920993297861262e-12, 2.9209280874661973e-13, 0.9997313559650356, -0.023177918377445025, -0.1400000000054365, 2.776691198324336e-11, 0.023177918377444876, 0.9997313559650355, 5.1639074960529996e-11, 0.0, 0.0, 0.0, 1.0]}, {"left_foot_pose": [1.0000000000000002, -2.7235921878199006e-13, -3.938732673347545e-11, 5.268455656803531e-12, 1.3711956174341295e-13, 0.99999407637267, -0.0034419790195957534, 3.1942452155542256e-12, 3.9387860726115755e-11, 0.00344197901959558, 0.9999940763726703, 8.279395918853183e-11, 0.0, 0.0, 0.0, 1.0], "right_foot_pose": [1.0, -1.6239928700941272e-12, -3.9694914022447834e-11, 9.482400634239625e-12, 5.159463818609305e-13, 0.9996107208442396, -0.027899942173048125, -0.1400000000069517, 3.972478329677493e-11, 0.027899942173047976, 0.9996107208442399, 7.442256533263247e-11, 0.0, 0.0, 0.0, 1.0]}, {"left_foot_pose": [1.0000000000000004, -8.062560418852508e-13, -5.3686111112227763e-11, 6.566232540175436e-12, 3.231925630098046e-13, 0.9999594675759921, -0.009003510711909673, 5.3238993075188645e-12, 5.369108605668018e-11, 0.009003510711909494, 0.9999594675759922, 1.1269697675064805e-10, 0.0, 0.0, 0.0, 1.0], "right_foot_pose": [0.9999999999999998, -2.6725785830312754e-12, -5.416905812793969e-11, 1.2430348443967996e-11, 8.580497368220971e-13, 0.9994396843554192, -0.033471141832028706, -0.1400000000084448, 5.422807151251775e-11, 0.03347114183202855, 0.9994396843554192, 1.020881157387521e-10, 0.0, 0.0, 0.0, 1.0]}, {"left_foot_pose": [1.0000000000000004, -1.7393019404803889e-12, -7.105632748860555e-11, 7.939549555981502e-12, 6.422221609547212e-13, 0.9998807747375054, -0.015441383044498361, 8.299080173079787e-12, 7.107441188086418e-11, 0.015441383044498184, 0.9998807747375054, 1.4925730790205094e-10, 0.0, 0.0, 0.0, 1.0], "right_foot_pose": [0.9999999999999998, -4.239997250940214e-12, -7.180556149677384e-11, 1.5831055787365153e-11, 1.3699429991796523e-12, 0.9992027343805923, -0.039923622159664336, -0.1400000000098317, 7.191732012716288e-11, 0.039923622159664184, 0.9992027343805923, 1.3583072167033805e-10, 0.0, 0.0, 0.0, 1.0]}, {"left_foot_pose": [1.0000000000000004, -3.264343731278995e-12, -9.233747100267916e-11, 9.374975019391442e-12, 1.1578726753014699e-12, 0.9997398814544246, -0.02280722318682316, 1.2434903801095132e-11, 9.238765892872614e-11, 0.02280722318682298, 0.9997398814544249, 1.9441739884662468e-10, 0.0, 0.0, 0.0, 1.0], "right_foot_pose": [0.9999999999999996, -6.5559333749772584e-12, -9.348521956553666e-11, 1.9773010480197202e-11, 2.1258199780101005e-12, 0.9988802234539345, -0.04731066679532208, -0.14000000001098173, 9.369053357032329e-11, 0.04731066679532195, 0.9988802234539345, 1.7733607637904214e-10, 0.0, 0.0, 0.0, 1.0]}, {"left_foot_pose": [1.0000000000000004, -5.660693258874952e-12, -1.18585585795472e-10, 1.0836289913670318e-11, 1.9617331594828132e-12, 0.9995140349313402, -0.03117200627602388, 1.816506840779386e-11, 1.1870385846275035e-10, 0.031172006276023696, 0.9995140349313404, 2.506925639300661e-10, 0.0, 0.0, 0.0, 1.0], "right_foot_pose": [0.9999999999999998, -9.948959727153337e-12, -1.2032380647397637e-10, 2.435063316211411e-11, 3.23089471961538e-12, 0.9984472526551619, -0.05570532887758416, -0.14000000001168056, 1.206909647369004e-10, 0.05570532887758403, 0.9984472526551614, 2.287616068796794e-10, 0.0, 0.0, 0.0, 1.0]}, {"left_foot_pose": [1.0000000000000004, -9.321649629872745e-12, -1.5097079142378773e-10, 1.2237749464278773e-11, 3.1815880775581377e-12, 0.9991745936006587, -0.040621810680462174, 2.604950283258134e-11, 1.5122449470028182e-10, 0.040621810680462, 0.9991745936006589, 3.2103706498753937e-10, 0.0, 0.0, 0.0, 1.0], "right_foot_pose": [1.0, -1.4872989262029285e-11, -1.535742644165338e-10, 2.9630856534619427e-11, 4.828940594529511e-12, 0.997872459249723, -0.06519628111257693, -0.14000000001158316, 1.5421713136887676e-10, 0.06519628111257678, 0.9978724592497231, 2.9257467282217675e-10, 0.0, 0.0, 0.0, 1.0]}, {"left_foot_pose": [1.0000000000000002, -1.4757222686031196e-11, -1.9039403387210975e-10, 1.338787314610706e-11, 4.9809064056964794e-12, 0.9986859713111204, -0.051247738548790917, 3.670728651594679e-11, 1.908998639495418e-10, 0.05124773854879076, 0.9986859713111202, 4.081681728718145e-10, 0.0, 0.0, 0.0, 1.0], "right_foot_pose": [1.0, -2.189908719971807e-11, -1.942436211876951e-10, 3.557113726445825e-11, 7.097245699447163e-12, 0.9971171243113195, -0.07587779915841392, -0.14000000001016552, 1.953451735921927e-10, 0.07587779915841375, 0.9971171243113196, 3.708790011214269e-10, 0.0, 0.0, 0.0, 1.0]}, {"left_foot_pose": [1.0000000000000007, -2.2495333653934878e-11, -2.364790585573924e-10, 1.3881246806428131e-11, 7.523696216834405e-12, 0.9980057913263222, -0.0631224245345685, 5.0534916529176854e-11, 2.3742709809517855e-10, 0.06312242453456832, 0.9980057913263224, 5.125776469938614e-10, 0.0, 0.0, 0.0, 1.0], "right_foot_pose": [0.9999999999999998, -3.158043535992359e-11, -2.420592615237636e-10, 4.183906693227905e-11, 1.0199341628574884e-11, 0.9961358133207284, -0.087826200076351, -0.14000000000673632, 2.438973454665949e-10, 0.08782620007635085, 0.9961358133207282, 4.635482414583336e-10, 0.0, 0.0, 0.0, 1.0]}, {"left_foot_pose": [1.0000000000000004, -3.2653830315505884e-11, -2.849688263140132e-10, 1.2869328985676481e-11, 1.0831784174561533e-11, 0.9970891429427496, -0.07624461309295096, 6.682802228263895e-11, 2.866287054387383e-10, 0.07624461309295077, 0.9970891429427498, 6.270465327529173e-10, 0.0, 0.0, 0.0, 1.0], "right_foot_pose": [0.9999999999999998, -4.3916296536200616e-11, -2.9277402724403575e-10, 4.74038605098488e-11, 1.4108578649753735e-11, 0.9948819637026686, -0.10104394241676398, -0.14000000000069018, 2.9571303071581885e-10, 0.10104394241676384, 0.9948819637026685, 5.632660657339805e-10, 0.0, 0.0, 0.0, 1.0]}, {"left_foot_pose": [1.0000000000000007, -4.359993860973262e-11, -3.215542276890907e-10, 8.636665771044127e-12, 1.4349925079270002e-11, 0.9959046057631792, -0.09041026611888517, 8.145501981249303e-11, 3.241790876766738e-10, 0.09041026611888496, 0.9959046057631792, 7.227949141985768e-10, 0.0, 0.0, 0.0, 1.0], "right_foot_pose": [0.9999999999999999, -5.672349086481092e-11, -3.316998897773257e-10, 4.966114598628145e-11, 1.8090418439890993e-11, 0.9933273305458147, -0.11532915672424694, -0.1399999999925058, 3.3602814844886275e-10, 0.11532915672424682, 0.9933273305458147, 6.433794400018122e-10, 0.0, 0.0, 0.0, 1.0]}, {"left_foot_pose": [1.0000000000000004, -4.877072434373596e-11, -3.1034208536340114e-10, -1.6624337932720522e-12, 1.5942833297073515e-11, 0.9944813447568607, -0.10491355932665115, 8.215576136061387e-11, 3.1374602274207186e-10, 0.10491355932665096, 0.994481344756861, 7.216043040880749e-10, 0.0, 0.0, 0.0, 1.0], "right_foot_pose": [0.9999999999999998, -6.184878613074706e-11, -3.2149388706770274e-10, 4.3108514089137605e-11, 1.953895204048002e-11, 0.9915176275119673, -0.12997228294155552, -0.13999999998637674, 3.2680534045541334e-10, 0.12997228294155536, 0.9915176275119671, 6.343859534907459e-10, 0.0, 0.0, 0.0, 1.0]}, {"left_foot_pose": [0.9999999943955891, 0.00010508860654051671, -1.2853305116413496e-05, 3.207873417720274e-05, -0.00010587123035476462, 0.9929704869161758, -0.11836215993608902, 5.8756312665379784e-05, 3.2443818489020726e-07, 0.11836216063353386, 0.9929704924770208, 0.00016386103604684038, 0.0, 0.0, 0.0, 1.0], "right_foot_pose": [0.9999999999999998, -4.593168696165682e-11, -2.1693263851929575e-10, 8.842530989657553e-12, 1.4415252806419805e-11, 0.9897077585266977, -0.1431032938546839, -0.14000000004065194, 2.2127266820021187e-10, 0.14310329385468376, 0.9897077585266978, 4.2128812244301983e-10, 0.0, 0.0, 0.0, 1.0]}, {"left_foot_pose": [0.9999955307866106, 0.0029595420462276397, -0.00042369527057134634, 0.0009059497745683315, -0.0029897162045234454, 0.9899951740878632, -0.1410695462520495, 0.0016593876035048243, 1.95501957419534e-06, 0.14107018251076048, 0.9899995977789892, 0.004191209168255244, 0.0, 0.0, 0.0, 1.0], "right_foot_pose": [0.9999999999999998, -2.4357369518304293e-11, -8.954742503064482e-11, -2.4508095101789767e-11, 1.0346252863902573e-11, 0.9881869133849529, -0.15325346395667405, -0.1400000001700105, 9.222222255324358e-11, 0.1532534639566739, 0.9881869133849529, 2.067348167655858e-10, 0.0, 0.0, 0.0, 1.0]}, {"left_foot_pose": [0.9999570095402935, 0.009127322238429015, -0.0016343377834515205, 0.0028098154976676725, -0.00927248915347064, 0.9843781906040937, -0.17582263451532748, 0.005146629395223956, 4.0166280789538355e-06, 0.1758302301988127, 0.9844205047296103, 0.011469801969732636, 0.0, 0.0, 0.0, 1.0], "right_foot_pose": [1.0000000000000002, 3.856713397446333e-13, 5.3978266301157873e-11, 1.0542190848569287e-11, 8.232379146750764e-12, 0.9871874217257892, -0.15956501617331106, -0.1400000001480885, -5.33483249127838e-11, 0.15956501617331093, 0.9871874217257893, 8.230158221600448e-11, 0.0, 0.0, 0.0, 1.0]}, {"left_foot_pose": [0.9998339287937149, 0.017782038335836445, -0.003989228690903018, 0.005522591468869572, -0.018224016867999206, 0.9756632572921923, -0.21851565980310314, 0.010115533064508839, 6.49001905025034e-06, 0.21855207041484048, 0.975825287884705, 0.019120926859961328, 0.0, 0.0, 0.0, 1.0], "right_foot_pose": [1.0, 1.2889163236374245e-11, 1.5204121295298015e-10, 1.0136050792007198e-10, 1.1790062077800769e-11, 0.9869201215704243, -0.16121002958693265, -0.14000000005008534, -1.521304574500155e-10, 0.16121002958693254, 0.9869201215704239, 4.961351468546482e-11, 0.0, 0.0, 0.0, 1.0]}, {"left_foot_pose": [0.9995761203357036, 0.0280962765052864, -0.0076275094993021614, 0.00882319527982721, -0.02911321991044043, 0.9647412217763263, -0.26158515904379637, 0.01616114473328492, 9.003875293517615e-06, 0.26169633977581797, 0.9651502606676695, 0.02426587989137618, 0.0, 0.0, 0.0, 1.0], "right_foot_pose": [1.0, -1.167464427744848e-12, 1.5371004469244554e-10, 2.4082949084028924e-10, 2.5363560764485544e-11, 0.9875176639908595, -0.15750829599115143, -0.14000000000528157, -1.516076907601028e-10, 0.1575082959911513, 0.9875176639908595, 1.5540461278940043e-10, 0.0, 0.0, 0.0, 1.0]}, {"left_foot_pose": [0.9991505813564583, 0.0393599485287511, -0.012202877810849964, 0.012490540821464407, -0.04120819888628346, 0.9544156809256831, -0.2956223813376019, 0.02287849964791986, 1.0936221700244963e-05, 0.2958741327912596, 0.9552269350397424, 0.025000003923335942, 0.0, 0.0, 0.0, 1.0], "right_foot_pose": [0.9999999999999998, -4.861283375727732e-11, 2.2160162593820855e-11, 4.629562190961719e-10, 5.135556536133415e-11, 0.9890042683566089, -0.14788697431622794, -0.14000000005428362, -1.4727280870493338e-11, 0.1478869743162278, 0.9890042683566093, 4.934186531579954e-10, 0.0, 0.0, 0.0, 1.0]}, {"left_foot_pose": [0.9985529674264862, 0.050881138880643745, -0.017409220257317906, 0.01630353996457751, -0.053777049915996356, 0.9448532895217528, -0.3230484331834096, 0.029862643851268876, 1.2086834155890689e-05, 0.3235171880845468, 0.9462222935799902, 0.02500000268078826, 0.0, 0.0, 0.0, 1.0], "right_foot_pose": [0.9999999999999998, -1.253835367970865e-10, -2.6805502262305863e-10, 7.551771444735815e-10, 8.888081549312182e-11, 0.9912392397735816, -0.13207864904325806, -0.14000000006374363, 2.8226698871550745e-10, 0.13207864904325792, 0.9912392397735815, 1.1011043812847454e-09, 0.0, 0.0, 0.0, 1.0]}, {"left_foot_pose": [0.9978137398576354, 0.06207095491096498, -0.022692225711927198, 0.020041110106414833, -0.06608888259196534, 0.937214237355946, -0.3424350053587669, 0.03670862764497991, 1.2209236952374833e-05, 0.3431860571960263, 0.9392674432754398, 0.024910270424973985, 0.0, 0.0, 0.0, 1.0], "right_foot_pose": [1.0, -2.1893636960424265e-10, -7.596578921464912e-10, 1.0145801753548916e-09, 1.3441409807079234e-10, 0.9939835232490813, -0.10952970149390265, -0.1400000001656104, 7.790674173764732e-10, 0.1095297014939025, 0.9939835232490811, 2.045976062181598e-09, 0.0, 0.0, 0.0, 1.0]}, {"left_foot_pose": [0.9969989645175629, 0.07268136547671704, -0.02665490317648444, 0.023482166732236808, -0.07741488637708438, 0.9360859435085177, -0.343147259544634, 0.0430114916629952, 1.0868805790206915e-05, 0.3441809487438389, 0.9389033360275493, 0.021163833624055994, 0.0, 0.0, 0.0, 1.0], "right_foot_pose": [0.9999999999999998, -2.945506760390571e-10, -1.4861956110223656e-09, 1.104485942526771e-09, 1.7545977980022232e-10, 0.9968345422741121, -0.07950405857037515, -0.14000000070571747, 1.5049086678713266e-09, 0.07950405857037501, 0.9968345422741122, 3.4718898589414238e-09, 0.0, 0.0, 0.0, 1.0]}, {"left_foot_pose": [0.9962057581402626, 0.08228545143263351, -0.028340640972178224, 0.026405622492280928, -0.0870292329039336, 0.9419355896477137, -0.32431968422401874, 0.04836628538103696, 8.266740260198804e-06, 0.3255556011460133, 0.9455228979216315, 0.013996811356204258, 0.0, 0.0, 0.0, 1.0], "right_foot_pose": [1.0, -2.8613566586611304e-10, -2.4171454282573267e-09, 1.071892658232337e-09, 1.852076865037105e-10, 0.9991321657728066, -0.041652314679273064, -0.14000000122501027, 2.4269659936729587e-09, 0.04165231467927292, 0.9991321657728063, 5.4341034450011705e-09, 0.0, 0.0, 0.0, 1.0]}, {"left_foot_pose": [0.9955524524693947, 0.09008143411677197, -0.027579876896751416, 0.028590394597619875, -0.09420888682740407, 0.9519511026444355, -0.2913996976950828, 0.05236806288173146, 4.991553093230204e-06, 0.2927019531904594, 0.9562037265005692, 0.006287908439626309, 0.0, 0.0, 0.0, 1.0], "right_foot_pose": [0.9999999999999998, -1.1761367372176775e-10, -3.484954158583519e-09, 8.092672871558251e-10, 1.3120735803889754e-10, 0.9999923914109401, 0.0039009127431008025, -0.14000000156724793, 3.4844687296652727e-09, -0.0039009127431009543, 0.9999923914109399, 7.855307779247589e-09, 0.0, 0.0, 0.0, 1.0]}, {"left_foot_pose": [0.9951635131491309, 0.09513432396789494, -0.02447534473408903, 0.029815400028658824, -0.0982322864132879, 0.963783098120106, -0.24793660013001118, 0.054611870974263156, 1.642735110598843e-06, 0.24914172709761587, 0.9684670359987062, 0.0009158382125320566, 0.0, 0.0, 0.0, 1.0], "right_foot_pose": [0.9999999999999998, 2.621412994304433e-10, -4.465672387432564e-09, 2.1997965445714237e-10, -1.1047882012873806e-11, 0.9984231942895558, 0.05613488313553051, -0.14000000150748207, 4.473346125760539e-09, -0.05613488313553065, 0.9984231942895558, 1.0331858653345183e-08, 0.0, 0.0, 0.0, 1.0]}, {"left_foot_pose": [0.9951035012135653, 0.0969121547599505, -0.019417933265097588, 0.030000001994803592, -0.09883836235239979, 0.9757104751856293, -0.195499480154118, 0.05495000189296595, 5.017025259849246e-09, 0.19646145391098493, 0.9805115486964868, 1.2044664272903294e-08, 0.0, 0.0, 0.0, 1.0], "right_foot_pose": [1.0, 7.630319985380514e-10, -4.822879595689503e-09, -2.717898289484653e-10, -2.1753645765244775e-10, 0.9936959830782673, 0.11210839939146351, -0.1400000013230774, 4.878018355006967e-09, -0.11210839939146362, 0.9936959830782675, 1.1814497276330105e-08, 0.0, 0.0, 0.0, 1.0]}, {"left_foot_pose": [0.9951035012020182, 0.09783677075562752, -0.014035247899374265, 0.030000001774098874, -0.09883836246865892, 0.9850194939726993, -0.14130666862636992, 0.05495000159604969, 4.638983006641601e-09, 0.14200198161250957, 0.9898663734151805, 1.0269344007107772e-08, 0.0, 0.0, 0.0, 1.0], "right_foot_pose": [0.9999999999999998, 1.0302240710583388e-09, -4.334549552620363e-09, -2.8917840625212227e-10, -2.9433355148496286e-10, 0.986048661594618, 0.1664573127485315, -0.14000000129232038, 4.445564898251453e-09, -0.1664573127485317, 0.986048661594618, 1.1887563822199354e-08, 0.0, 0.0, 0.0, 1.0]}, {"left_foot_pose": [0.9951035011882039, 0.09843446379812043, -0.008926267963467743, 0.03000000144760497, -0.09883836260773968, 0.9910370559411383, -0.08986952669588799, 0.05495000109167974, 3.650956051710226e-09, 0.09031173837491174, 0.9959135454002533, 7.75497172728068e-09, 0.0, 0.0, 0.0, 1.0], "right_foot_pose": [0.9999999991752736, 3.9559304200981664e-05, 9.19315553982157e-06, 1.27196269484812e-05, -4.061074129710287e-05, 0.9765955090837798, 0.21508419279008, -0.13999555668213948, -4.694134032141657e-07, -0.21508419298603546, 0.9765955098848884, 3.740800023990104e-05, 0.0, 0.0, 0.0, 1.0]}, {"left_foot_pose": [0.9951035011767331, 0.09873544664432013, -0.004509270645648776, 0.03000000181146762, -0.0988383627232312, 0.99406734437302, -0.04539926106627091, 0.05495000092754429, 2.3770787123165975e-09, 0.045622652565574365, 0.9989587446801204, 5.4367424381918106e-09, 0.0, 0.0, 0.0, 1.0], "right_foot_pose": [0.9999912857205013, 0.004031457223153697, 0.001084359587951376, 0.0013084508186666367, -0.004174739759140461, 0.9660149794225161, 0.2584523768110077, -0.13954291504665356, -5.567903705489357e-06, -0.2584546515038445, 0.9660233915827424, 0.0034929900118578078, 0.0, 0.0, 0.0, 1.0]}, {"left_foot_pose": [0.9951035011726187, 0.09883375514489028, -0.0009543573531446522, 0.03000000172244839, -0.09883836276465513, 0.995057111836203, -0.009608445774277486, 0.05495000052223885, 1.2945016579796481e-09, 0.009655725149087812, 0.999953382399323, 3.440281629019104e-09, 0.0, 0.0, 0.0, 1.0], "right_foot_pose": [0.9998988589121444, 0.0135746685144956, 0.004242678506899523, 0.004457843093421307, -0.014222229888949443, 0.9546040411177321, 0.29753798557273425, -0.1384427433590974, -1.1098523229183145e-05, -0.2975682326062654, 0.9547005534828219, 0.0105385004505077, 0.0, 0.0, 0.0, 1.0]}, {"left_foot_pose": [0.9951035011727489, 0.09882364665196251, 0.0017055251818082658, 0.030000001294507462, -0.09883836276334032, 0.994955339448862, 0.01717121278369483, 0.05495000004138216, 4.78516553824196e-10, -0.017255705277058737, 0.9998511092334657, 1.9525649916363186e-09, 0.0, 0.0, 0.0, 1.0], "right_foot_pose": [0.9995810852264175, 0.027326241304145817, 0.009535753445056723, 0.00907281361539908, -0.028942249278834757, 0.9439536305793975, 0.32880676623612304, -0.13683061259982743, -1.6256048167183585e-05, -0.32894501037736146, 0.9443490773456489, 0.018295214277284075, 0.0, 0.0, 0.0, 1.0]}, {"left_foot_pose": [0.995103501174247, 0.09877720966388295, 0.003476320148280411, 0.030000000641135387, -0.09883836274825664, 0.9944878126438285, 0.034999550741951185, 0.054949999653142304, -5.85338628077675e-11, -0.035171769274686314, 0.9993812819170115, 1.0260885752177984e-09, 0.0, 0.0, 0.0, 1.0], "right_foot_pose": [0.9988906609043938, 0.04417241639149742, 0.016317021423016734, 0.014765289018881477, -0.04708977762874485, 0.9371533707536874, 0.34572548724078395, -0.13484208611662776, -2.0021447686986197e-05, -0.3461103253518138, 0.938193819146131, 0.02388442564246164, 0.0, 0.0, 0.0, 1.0]}, {"left_foot_pose": [0.995103501175243, 0.09874171417019152, 0.004369877744952612, 0.03000000001391652, -0.09883836273822812, 0.994130444644354, 0.04399587574360039, 0.05494999953858103, -3.182896145662073e-10, -0.044212361551405205, 0.9990221554530455, 6.7074458487415e-10, 0.0, 0.0, 0.0, 1.0], "right_foot_pose": [0.9977249580812055, 0.06333342325855662, 0.023103798826359673, 0.02114718920663096, -0.06741592959823893, 0.9374144564873901, 0.34162732502663834, -0.13261272269197416, -2.1407047005508278e-05, -0.34240767261672733, 0.9395514809072115, 0.02500001088538488, 0.0, 0.0, 0.0, 1.0]}, {"left_foot_pose": [0.9951035011749282, 0.09874053379785426, 0.004396468436792802, 0.02999999959336108, -0.09883836274140143, 0.9941185606309437, 0.04426359067744812, 0.054949999569727515, -3.0294300438498593e-10, -0.04448139379983952, 0.9990102129636237, 7.806082863437425e-10, 0.0, 0.0, 0.0, 1.0], "right_foot_pose": [0.9960609354569202, 0.08383869529014171, 0.02887362167675405, 0.027830416960936296, -0.0886713732282476, 0.9418504132125307, 0.32412217866292664, -0.1302780932050781, -2.0651933495115662e-05, -0.3254057041654805, 0.9455744958860013, 0.02500001219549193, 0.0, 0.0, 0.0, 1.0]}, {"left_foot_pose": [0.9951035011735097, 0.0987739888483366, 0.0035666621949012526, 0.02999999921201026, -0.09883836275568207, 0.9944553854225171, 0.03590911377254951, 0.054949999644764116, -2.4379303878187014e-11, -0.036085807890948715, 0.9993486951354158, 1.3509739785200203e-09, 0.0, 0.0, 0.0, 1.0], "right_foot_pose": [0.9939745399380495, 0.10462063801938846, 0.03269764602167436, 0.03442689820564718, -0.10961119298393068, 0.9487684969087788, 0.2963506801849721, -0.12797376701755567, -1.8099230007803894e-05, -0.29814905898538796, 0.9545193231666634, 0.02499256220218308, 0.0, 0.0, 0.0, 1.0]}, {"left_foot_pose": [0.9951035011721309, 0.09882045216870315, 0.0018815387696081104, 0.029999998749461736, -0.09883836276956647, 0.9949231773516893, 0.018943315798757507, 0.05495000006430047, 5.018385470192925e-10, -0.01903652808662862, 0.9998187888804693, 2.510911589759246e-09, 0.0, 0.0, 0.0, 1.0], "right_foot_pose": [0.9916445569032162, 0.12471115879533484, 0.032987871046016845, 0.0405485598257315, -0.12900028128641433, 0.9587009020340003, 0.2534788114758704, -0.1258353029533974, -1.3865418777658157e-05, -0.2556163283343197, 0.9667783057643728, 0.021837802259685277, 0.0, 0.0, 0.0, 1.0]}, {"left_foot_pose": [0.9951035011727811, 0.09883627877824887, -0.0006418340456019174, 0.029999998565650225, -0.09883836276301704, 0.9950825197185147, -0.006461965411466693, 0.0549500004867711, 1.224475252796631e-09, 0.006493762231640605, 0.9999789153037577, 4.1612251630573915e-09, 0.0, 0.0, 0.0, 1.0], "right_foot_pose": [0.9893410066832654, 0.14263334147399698, 0.029327502363902327, 0.04580729439668276, -0.14561721194922558, 0.9690805241337608, 0.19919479242382318, -0.1239982782918384, -8.892514715513069e-06, -0.2013421655903152, 0.9795209708200866, 0.01492378568128911, 0.0, 0.0, 0.0, 1.0]}, {"left_foot_pose": [0.9951035011795518, 0.0987591342652674, -0.003956682874995274, 0.029999999029304742, -0.09883836269484803, 0.9943058311017066, -0.039835816760137234, 0.05495000091138973, 2.0784470370199764e-09, 0.04003183278742672, 0.9991984049044917, 6.105649673349145e-09, 0.0, 0.0, 0.0, 1.0], "right_foot_pose": [0.9873984430198635, 0.1565790972947588, 0.022963035781607265, 0.04981502994002941, -0.1582539563560552, 0.9769525058946279, 0.14324624436215616, -0.12259826699283452, -4.427716698364439e-06, -0.14507510991402114, 0.9894206448542652, 0.0071292178179389945, 0.0, 0.0, 0.0, 1.0]}, {"left_foot_pose": [0.9951035011887693, 0.09851935880526397, -0.007934599073248415, 0.029999999214036628, -0.09883836260204566, 0.9918917769307097, -0.07988542379800487, 0.0549500009097027, 2.843530769188274e-09, 0.08027850769564666, 0.9967724721330145, 8.278584956444845e-09, 0.0, 0.0, 0.0, 1.0], "right_foot_pose": [0.9861744299248868, 0.16499538432928312, 0.01537910635753255, 0.052183691521600205, -0.16571057226622435, 0.9819189049818909, 0.09151650276515515, -0.12177083682809538, -1.2347279797430099e-06, -0.09279971545859618, 0.9956847959114765, 0.0013328085301607187, 0.0, 0.0, 0.0, 1.0]}, {"left_foot_pose": [0.9951035012084156, 0.0980653895240531, -0.012336987486792616, 0.030000001017545, -0.09883836240424791, 0.9873212228339338, -0.12420861910090324, 0.054950001169642444, 2.9571720887335787e-09, 0.12481979938776736, 0.9921794281685136, 9.462879750621322e-09, 0.0, 0.0, 0.0, 1.0], "right_foot_pose": [0.9859211602003743, 0.16702842231538897, 0.007808457464818533, 0.052660629357922616, -0.16721084255857266, 0.9848455594521672, 0.04604083142385534, -0.12160423735879544, 2.7744176122462573e-09, -0.04669828868577249, 0.9989090398198529, 9.155974214913876e-09, 0.0, 0.0, 0.0, 1.0]}, {"left_foot_pose": [0.9951035012198843, 0.09740341420972354, -0.016780845038847025, 0.03000000268782781, -0.09883836228878284, 0.9806564642897949, -0.16894933319403874, 0.05495000146511862, 2.2820348699892117e-09, 0.16978066423161395, 0.9854818750505122, 9.950179784279367e-09, 0.0, 0.0, 0.0, 1.0], "right_foot_pose": [0.9859211602010037, 0.1672107273070067, 0.00019631955700892686, 0.052660630590227, -0.16721084255486127, 0.985920480652987, 0.0011575668777226908, -0.12160423665005597, 2.1275225906732293e-09, -0.0011740964376322565, 0.9999993107485402, 9.145760496154232e-09, 0.0, 0.0, 0.0, 1.0]}, {"left_foot_pose": [0.9951035012023718, 0.09659058998429833, -0.020959003346240623, 0.029999999968876822, -0.09883836246509987, 0.9724729595825332, -0.2110149781082066, 0.054950000207249855, 2.7830229881505566e-09, 0.21205329709126086, 0.9772581026487971, 1.0480393976275426e-08, 0.0, 0.0, 0.0, 1.0], "right_foot_pose": [0.9859211602193931, 0.1670571678105328, -0.0071671831823046225, 0.05266062707383983, -0.167210842446431, 0.985015052946617, -0.04225966915308517, -0.1216042373018262, 2.6804711116963404e-09, 0.042863132779778344, 0.9990809536010097, 7.166654991674903e-09, 0.0, 0.0, 0.0, 1.0]}, {"left_foot_pose": [0.9948650202731563, 0.09809279213841365, -0.02492780711140352, 0.031430422857499855, -0.10121062901350726, 0.9642260574629162, -0.24499901772091326, 0.05370140865818594, 3.4034528113750807e-06, 0.24626391176949192, 0.9692028093997693, 0.0028444570085084456, 0.0, 0.0, 0.0, 1.0], "right_foot_pose": [0.9859211602260468, 0.1666504532405108, -0.01367816702844128, 0.05266062651071187, -0.1672108424072003, 0.9826169523791966, -0.08065022677274027, -0.12160423779756051, 1.9539933494152375e-09, 0.08180190298368578, 0.9966486084213672, 5.267038763467902e-09, 0.0, 0.0, 0.0, 1.0]}, {"left_foot_pose": [0.9941660110211286, 0.103879697364957, -0.02903361854303728, 0.03544243678964503, -0.10786075506913828, 0.9574890750313483, -0.26754575068860587, 0.05019939924233253, 6.800950773013847e-06, 0.26911647974618563, 0.9631076369143632, 0.00961704118310202, 0.0, 0.0, 0.0, 1.0], "right_foot_pose": [0.9859211602266201, 0.16612379855379608, -0.019035476654210997, 0.052660626142231076, -0.16721084240382014, 0.9795116512861575, -0.11223840330862807, -0.12160423784297159, 1.2693428922454574e-09, 0.11384115489893466, 0.9934989639910435, 3.54643910766006e-09, 0.0, 0.0, 0.0, 1.0]}, {"left_foot_pose": [0.9930247046461516, 0.11321855887696897, -0.032916468344075446, 0.041508716206206074, -0.11790647086464545, 0.9535649971733783, -0.2771495269596907, 0.044904262130069726, 9.522007665920681e-06, 0.279097391767745, 0.9602628003925663, 0.01743949849984254, 0.0, 0.0, 0.0, 1.0], "right_foot_pose": [0.985921160224065, 0.16558873568645338, -0.023234380477967345, 0.05266062586611721, -0.1672108424188845, 0.9763567729471367, -0.13699629957710704, -0.12160423759433231, 7.04198325761053e-10, 0.1389525909582667, 0.990299034365875, 2.196249460073574e-09, 0.0, 0.0, 0.0, 1.0]}, {"left_foot_pose": [0.9914531633574452, 0.12552029920025973, -0.03557076548506463, 0.049101734659249, -0.13046311642635444, 0.9539132391899807, -0.2702386118792108, 0.03827646404767465, 1.099270578353365e-05, 0.27256959952782067, 0.9621360679718876, 0.023433124162106696, 0.0, 0.0, 0.0, 1.0], "right_foot_pose": [0.9859211602204716, 0.16512796337474608, -0.026310103405869468, 0.05266062564893813, -0.16721084244007325, 0.973639932090358, -0.15513161125175065, -0.12160423724065413, 2.7233646516897783e-10, 0.1573468727073779, 0.9875433973498118, 1.2684015643360524e-09, 0.0, 0.0, 0.0, 1.0]}, {"left_foot_pose": [0.9894833785849144, 0.14019079307109164, -0.03562562339500517, 0.05769397120386485, -0.1446466155406312, 0.9590208548509648, -0.24363160011288862, 0.030776469262282245, 1.0808565871174297e-05, 0.24622254466036209, 0.9692133193390154, 0.025000013691153775, 0.0, 0.0, 0.0, 1.0], "right_foot_pose": [0.9859211602173658, 0.16479986539661018, -0.028292582082637765, 0.05266062555145613, -0.16721084245838733, 0.9717053757027957, -0.1668208529969966, -0.12160423704060569, -1.704104823280883e-11, 0.16920303542061021, 0.9855812157323476, 7.477181443449332e-10, 0.0, 0.0, 0.0, 1.0]}, {"left_foot_pose": [0.9871855809241663, 0.15606827422096853, -0.033276457099658194, 0.06675788317596816, -0.15957640404517212, 0.9654954951978004, -0.2058004373774911, 0.02286475961369496, 9.350330437059309e-06, 0.20847336169027267, 0.9780280452922242, 0.02500001636310615, 0.0, 0.0, 0.0, 1.0], "right_foot_pose": [0.9859211602157296, 0.1646326172169958, -0.029250080122142304, 0.05266062572525112, -0.16721084246803367, 0.9707192341899626, -0.1724665258384456, -0.121604237093773, -1.549450675375684e-10, 0.17492932779249717, 0.9845809922388636, 4.854390639463801e-10, 0.0, 0.0, 0.0, 1.0]}, {"left_foot_pose": [0.9846787692622321, 0.17198795851512125, -0.028772617017182915, 0.0757659408034523, -0.17437809872055987, 0.9711888621986179, -0.1624329788803909, 0.015001806428715875, 7.1287502261648325e-06, 0.16496161998221243, 0.9862999867596197, 0.025000016726987546, 0.0, 0.0, 0.0, 1.0], "right_foot_pose": [0.9859211602157532, 0.164633845917871, -0.029243163596197417, 0.0526606259220316, -0.16721084246789514, 0.9707264789448515, -0.17242574412339856, -0.12160423715241359, -1.5934099602065834e-10, 0.17488796371855223, 0.9845883404481177, 4.72543601470754e-10, 0.0, 0.0, 0.0, 1.0]}, {"left_foot_pose": [0.9821334641003673, 0.1870126207786343, -0.02097947481992926, 0.0841906237557154, -0.18818570263260018, 0.9760137721079193, -0.10946806831375916, 0.0076480698803697575, 4.346008911252523e-06, 0.11146029035121906, 0.9937688884524084, 0.02245973521153983, 0.0, 0.0, 0.0, 1.0], "right_foot_pose": [0.9859211602165375, 0.16491567061003903, -0.027609553138692018, 0.05266062584303628, -0.16721084246327192, 0.9723881951970896, -0.16279352568228828, -0.12160423719736968, 8.786360661592733e-11, 0.16511819835677735, 0.9862737858076794, 8.768729839458977e-10, 0.0, 0.0, 0.0, 1.0]}, {"left_foot_pose": [0.9797667669992797, 0.1997741856615794, -0.012139070270539148, 0.09150437085521866, -0.200142654823917, 0.9779635761701063, -0.05941516140356211, 0.0012640429994568905, 1.9530878083659866e-06, 0.06064254635014799, 0.9981595471508334, 0.01583856986298953, 0.0, 0.0, 0.0, 1.0], "right_foot_pose": [0.9859211602193598, 0.16524687691807732, -0.02555260261760281, 0.052660625826391895, -0.16721084244662868, 0.9743410790663645, -0.15066517783509695, -0.12160423733470954, 3.0983248129007754e-10, 0.15281665914622813, 0.9882545566236393, 1.3799776807377206e-09, 0.0, 0.0, 0.0, 1.0]}, {"left_foot_pose": [0.9778299341307546, 0.20937414341656427, -0.0033298628237887, 0.09717965494949367, -0.20940062062399403, 0.9777063220538229, -0.015547601045595157, -0.0036898003373916025, 3.6228328597409847e-07, 0.01590018504819949, 0.9998735840671573, 0.00799818126682729, 0.0, 0.0, 0.0, 1.0], "right_foot_pose": [0.9859211602218464, 0.16566952337425692, -0.022651155638392255, 0.05266062586672777, -0.16721084243196704, 0.9768331192014199, -0.13355744608376133, -0.12160423735103211, 5.799877598259956e-10, 0.13546463101552164, 0.9907821827949012, 2.0363593589145523e-09, 0.0, 0.0, 0.0, 1.0]}, {"left_foot_pose": [0.9765885119142564, 0.2150704048922982, 0.0044271137959281575, 0.10068895488071503, -0.21511596499806082, 0.9763816989204974, 0.020097253943687294, -0.00675299380749142, -2.2834649069959562e-07, -0.020579090178795962, 0.9997882281000121, 0.0018172766755454386, 0.0, 0.0, 0.0, 1.0], "right_foot_pose": [0.985921160222696, 0.1661219795611919, -0.01905134461929915, 0.05266062597171914, -0.16721084242695602, 0.9795009255635501, -0.11233196782312835, -0.1216042371676513, 8.25051345206732e-10, 0.11393605542943643, 0.9934880851188808, 2.779075893022398e-09, 0.0, 0.0, 0.0, 1.0]}, {"left_foot_pose": [0.9762668127636183, 0.21631461079690995, 0.01054037248623182, 0.10158324768565558, -0.21657125916512338, 0.9751098848614976, 0.04751423101587954, -0.007533596877728919, 9.880675299902805e-10, -0.04866930861619977, 0.9988149470241335, 3.0079912449743063e-09, 0.0, 0.0, 0.0, 1.0], "right_foot_pose": [0.9859211602184521, 0.16653249434019557, -0.015046400311503087, 0.05266062579803326, -0.16721084245198112, 0.9819214334940894, -0.08871771306459361, -0.12160423650063057, 9.139923467561559e-10, 0.0899845918685279, 0.9959431576281121, 3.4626938816284536e-09, 0.0, 0.0, 0.0, 1.0]}, {"left_foot_pose": [0.9762668127607291, 0.21597119550938446, 0.016110649032730368, 0.10158324680775632, -0.21657125917814785, 0.9735618264238012, 0.0726240995010918, -0.007533596355008179, 6.948652547728971e-10, -0.07438960169674473, 0.9972292550659557, 2.6741710998368085e-09, 0.0, 0.0, 0.0, 1.0], "right_foot_pose": [0.9859211602142745, 0.16685344787853834, -0.010926699995086582, 0.05266062499471039, -0.16721084247661308, 0.9838138635116759, -0.06442682764571911, -0.12160423572082925, 6.090345943593068e-10, 0.06534683537305999, 0.9978626113382176, 3.7308667821811525e-09, 0.0, 0.0, 0.0, 1.0]}, {"left_foot_pose": [0.9762668127616848, 0.2155248643782777, 0.02126365760792788, 0.10158324758058629, -0.21657125917383882, 0.9715498406724398, 0.09585299572374163, -0.007533597002512194, 7.42515178621382e-10, -0.09818319573166708, 0.9951683576540795, 2.4230019449178464e-09, 0.0, 0.0, 0.0, 1.0], "right_foot_pose": [0.9859211602151643, 0.16706054564059722, -0.007088013138394496, 0.052660625701057714, -0.1672108424713663, 0.9850349688950925, -0.041792872763909604, -0.12160423660497326, 6.734795339814633e-10, 0.04238967025243741, 0.9991011539658481, 2.8903735446728085e-09, 0.0, 0.0, 0.0, 1.0]}, {"left_foot_pose": [0.9762668127618445, 0.21505875988226564, 0.025550735757170775, 0.10158324816989617, -0.2165712591731199, 0.9694487200845566, 0.1151784217055631, -0.0075335971769133064, 4.6018670895505604e-10, -0.11797842567315997, 0.9930161585169116, 1.9867346379154327e-09, 0.0, 0.0, 0.0, 1.0], "right_foot_pose": [0.9856079033774677, 0.16901947893619845, -0.0030783989357304597, 0.05344789551723465, -0.16904751048099562, 0.9854444932595554, -0.017946863363720603, -0.12260259531917134, 2.2178499633006e-07, 0.018208966048471005, 0.9998342030333811, 0.0022503014365583413, 0.0, 0.0, 0.0, 1.0]}, {"left_foot_pose": [0.9762668127638413, 0.21463928264154714, 0.028863274988358514, 0.10158324831064712, -0.21657125916411774, 0.9675577874176302, 0.13011079014274338, -0.007533597304186211, 1.7480011941881667e-10, -0.13327380220667018, 0.9910792569948068, 1.5017148149998327e-09, 0.0, 0.0, 0.0, 1.0], "right_foot_pose": [0.9845363435233927, 0.17515961819093193, 0.0027011917360989985, 0.05607854314705474, -0.17518044491737686, 0.9844193273821974, 0.01517891942570166, -0.1259386217444388, -3.716208243801479e-07, -0.015417393800153625, 0.9998811449208717, 0.008710110860121516, 0.0, 0.0, 0.0, 1.0]}, {"left_foot_pose": [0.9762668127657348, 0.2143351866586135, 0.031040909333526892, 0.10158324812702564, -0.2165712591555832, 0.966186974052183, 0.1399271984985478, -0.0075335974878994304, -5.198557135837086e-11, -0.14332884891711184, 0.989675118949697, 1.0980358428058778e-09, 0.0, 0.0, 0.0, 1.0], "right_foot_pose": [0.9827810135981712, 0.1844651460600739, 0.010681254607344325, 0.0601995113167764, -0.18477413051423777, 0.9811381780890295, 0.056801374885181964, -0.13116459467686659, -1.912770546814845e-06, -0.057796932316302244, 0.9983283601156313, 0.016558467245031724, 0.0, 0.0, 0.0, 1.0]}, {"left_foot_pose": [0.9762668127662384, 0.2141976336439281, 0.03197630423598908, 0.10158324770166985, -0.2165712591533116, 0.965566908288989, 0.14414380085870018, -0.0075335975997959815, -1.7127724664291763e-10, -0.14764795751579235, 0.9890399792937673, 8.626301131742231e-10, 0.0, 0.0, 0.0, 1.0], "right_foot_pose": [0.9804141267330988, 0.19585414680578747, 0.020719393841342304, 0.0654393210118175, -0.1969470489365822, 0.9749758192710848, 0.1031213447926684, -0.1378094186566734, -4.164983429652784e-06, -0.1051822466752541, 0.9944529626719399, 0.022916664198792118, 0.0, 0.0, 0.0, 1.0]}, {"left_foot_pose": [0.9762668127655536, 0.21431164245187126, 0.031203047962807488, 0.10158324728563752, -0.21657125915639827, 0.9660808407208292, 0.14065809219361902, -0.007533597423851221, -4.680072629170328e-11, -0.14407751074237074, 0.9895664055020678, 8.693261666081753e-10, 0.0, 0.0, 0.0, 1.0], "right_foot_pose": [0.9775251064331659, 0.2085218158199797, 0.031037374566253217, 0.07142649443470453, -0.2108190367394763, 0.9668778333291749, 0.14388394338813282, -0.14540199134283496, -6.4083302123602575e-06, -0.1471934364834882, 0.9891077252833054, 0.025000014798625722, 0.0, 0.0, 0.0, 1.0]}, {"left_foot_pose": [0.9762668127616692, 0.21457947359678312, 0.029304603923279434, 0.10158324716746858, -0.21657125917390949, 0.9672881782760356, 0.13210022659805074, -0.007533597413560653, 1.4137572467773986e-10, -0.13531160215723073, 0.9908030936173161, 1.221146482544011e-09, 0.0, 0.0, 0.0, 1.0], "right_foot_pose": [0.974239598878162, 0.22173382175141582, 0.04112561573069908, 0.07778951835506111, -0.22551541834362598, 0.9579095024032312, 0.1776293368081218, -0.1534711959113651, -8.186394986243585e-06, -0.18232799427708657, 0.9832377649561053, 0.025000014718401277, 0.0, 0.0, 0.0, 1.0]}, {"left_foot_pose": [0.9762668127566031, 0.21500737801323036, 0.02597956331311989, 0.10158324706594192, -0.21657125919674655, 0.9692170991285917, 0.11711150433110282, -0.007533597407585829, 4.904455956616747e-10, -0.11995850181056097, 0.9927789068283864, 1.902394575203914e-09, 0.0, 0.0, 0.0, 1.0], "right_foot_pose": [0.9707306829425767, 0.23491004062121107, 0.04999213947391428, 0.08415691192777107, -0.24017064997884396, 0.949476030431464, 0.20202308413854375, -0.16154594247739046, -9.087239060563469e-06, -0.20811665106725744, 0.9781040126008949, 0.02500001247009888, 0.0, 0.0, 0.0, 1.0]}, {"left_foot_pose": [0.9762668127518613, 0.21554083214602046, 0.021101184732703202, 0.10158324682530216, -0.2165712592181209, 0.9716218203456719, 0.0951205966594028, -0.007533597043090685, 1.0367537085532433e-09, -0.0974329918762864, 0.9952420871798157, 3.021269227854173e-09, 0.0, 0.0, 0.0, 1.0], "right_foot_pose": [0.9672223498167073, 0.2477582593302393, 0.05564863833641333, 0.0901571945909017, -0.25393094718639225, 0.9437181230002749, 0.2119320135842134, -0.1691551322045005, -8.721736383883614e-06, -0.21911629162270777, 0.9756987499579182, 0.023024942372115886, 0.0, 0.0, 0.0, 1.0]}, {"left_foot_pose": [0.9762668127510319, 0.21608160132953452, 0.01455513269628553, 0.10158324671223269, -0.2165712