{"LoopMode": "Wrap", "FrameDuration": 0.0167, "EnableCycleOffsetPosition": true, "EnableCycleOffsetRotation": false, "Debug_info": [{"left_foot_pose": [1.0000000000000004, 9.99851755860187e-14, -8.777756299593878e-12, 1.7011230854334327e-12, -1.5212840532480422e-14, 0.99995373144574, 0.009619509745404183, -4.6193951441786396e-14, 8.778104270592883e-12, -0.009619509745404355, 0.99995373144574, 1.8855632333281136e-11, 0.0, 0.0, 0.0, 1.0], "right_foot_pose": [0.9999999999999998, -1.853729412624371e-13, -8.842537813080751e-12, 2.3115198026683555e-12, 5.431662130760756e-14, 0.9998900819655637, -0.014826462386494639, -0.14000000000233476, 8.844075371845409e-12, 0.01482646238649449, 0.9998900819655636, 1.5647642903626746e-11, 0.0, 0.0, 0.0, 1.0]}, {"left_foot_pose": [1.0000000000000007, 1.5316152566459133e-13, -1.961836249009253e-11, 3.2020976417210587e-12, -2.3546142538736388e-14, 0.9999782863854243, 0.006589898153315827, 8.253293881654855e-13, 1.9618685221841206e-11, -0.006589898153316001, 0.9999782863854244, 4.107558043697779e-11, 0.0, 0.0, 0.0, 1.0], "right_foot_pose": [0.9999999999999999, -5.107924568669271e-13, -1.973848862135696e-11, 4.758617009559419e-12, 1.5829736227644796e-13, 0.9998405432128804, -0.01785743956372741, -0.14000000000427087, 1.9744220133015968e-11, 0.017857439563727262, 0.9998405432128805, 3.600440084960965e-11, 0.0, 0.0, 0.0, 1.0]}, {"left_foot_pose": [1.0000000000000002, 6.76555549215113e-14, -3.448580310205785e-11, 5.039438260577205e-12, 1.443010181921933e-14, 0.9999971898798964, 0.002370702915001835, 2.4230478734565963e-12, 3.448533532476735e-11, -0.0023707029150020083, 0.9999971898798964, 7.142864077991362e-11, 0.0, 0.0, 0.0, 1.0], "right_foot_pose": [0.9999999999999998, -1.1234078941062123e-12, -3.4701963524952355e-11, 7.951598287041418e-12, 3.5698550133678264e-13, 0.999756209496991, -0.02207989067474775, -0.1400000000065037, 3.471806276092569e-11, 0.0220798906747476, 0.9997562094969907, 6.421434911585422e-11, 0.0, 0.0, 0.0, 1.0]}, {"left_foot_pose": [1.0000000000000007, -3.093202411603709e-13, -5.316352913453671e-11, 7.120909566418708e-12, 1.493471412418809e-13, 0.9999954540105938, -0.003015287407053886, 4.895518018743772e-12, 5.3163836819066415e-11, 0.0030152874070537112, 0.9999954540105939, 1.0965076069346935e-10, 0.0, 0.0, 0.0, 1.0], "right_foot_pose": [1.0, -2.170501003563901e-12, -5.354705567839345e-11, 1.17853893963765e-11, 6.986850652680643e-13, 0.9996225643694995, -0.027472327956431352, -0.1400000000088135, 5.3586468551848165e-11, 0.027472327956431203, 0.9996225643694996, 9.988282423378791e-11, 0.0, 0.0, 0.0, 1.0]}, {"left_foot_pose": [1.0000000000000004, -1.1692670308281345e-12, -7.585115868735669e-11, 9.389095129238556e-12, 4.4471714604062706e-13, 0.9999543406884964, -0.009555968723025181, 8.481495020196128e-12, 7.585852613147649e-11, 0.009555968723025004, 0.9999543406884966, 1.5635967520744032e-10, 0.0, 0.0, 0.0, 1.0], "right_foot_pose": [0.9999999999999998, -3.854981947345021e-12, -7.651146383125249e-11, 1.6227962568128074e-11, 1.2495650687299904e-12, 0.9994210061726779, -0.03402429162807016, -0.14000000001098947, 7.659807184440752e-11, 0.03402429162807003, 0.999421006172678, 1.434166188585273e-10, 0.0, 0.0, 0.0, 1.0]}, {"left_foot_pose": [1.0000000000000007, -2.7662058365128086e-12, -1.0320583276879344e-10, 1.1814070307762343e-11, 9.84499518981716e-13, 0.99985098481921, -0.01726291273385686, 1.3546191945934538e-11, 1.0323797968305141e-10, 0.01726291273385668, 0.9998509848192101, 2.1317966836242874e-10, 0.0, 0.0, 0.0, 1.0], "right_foot_pose": [1.0000000000000002, -6.462383538238618e-12, -1.0430517560777726e-10, 2.1318541839004405e-11, 2.1021449023609873e-12, 0.9991281142777032, -0.04174938634136795, -0.14000000001279875, 1.0448373259056246e-10, 0.04174938634136781, 0.9991281142777033, 1.9613554530506505e-10, 0.0, 0.0, 0.0, 1.0]}, {"left_foot_pose": [1.0000000000000004, -5.4563873346566826e-12, -1.3635470530459762e-10, 1.4380285574822583e-11, 1.8857100805981206e-12, 0.9996573637891029, -0.026175466036391547, 2.0625008645414056e-11, 1.3645044603016117e-10, 0.026175466036391374, 0.999657363789103, 2.8282772651655463e-10, 0.0, 0.0, 0.0, 1.0], "right_foot_pose": [1.0, -1.0403419846879491e-11, -1.3813106214399787e-10, 2.7155194689817495e-11, 3.388320354155586e-12, 0.9987144625559989, -0.050689469137900886, -0.14000000001393345, 1.3848068374857127e-10, 0.05068946913790074, 0.9987144625559989, 2.6032140332254983e-10, 0.0, 0.0, 0.0, 1.0]}, {"left_foot_pose": [1.0000000000000002, -9.753385870305198e-12, -1.7688495113077336e-10, 1.7068426106871346e-11, 3.3155374965964717e-12, 0.9993387146180314, -0.036361153248782356, 3.047530977573487e-11, 1.7712229155628565e-10, 0.03636115324878218, 0.9993387146180315, 3.691969854835442e-10, 0.0, 0.0, 0.0, 1.0], "right_foot_pose": [0.9999999999999998, -1.6272696813250934e-11, -1.7968493359887808e-10, 3.387397371275253e-11, 5.29700225384129e-12, 0.9981429461301209, -0.06091517947673324, -0.14000000001393847, 1.8034241227307994e-10, 0.0609151794767331, 0.998142946130121, 3.3924158621134737e-10, 0.0, 0.0, 0.0, 1.0]}, {"left_foot_pose": [1.0000000000000004, -1.6399485775039172e-11, -2.2682894451619947e-10, 1.9835029405519517e-11, 5.512758335848273e-12, 0.9988514745753346, -0.047913794868289186, 4.4133662002732166e-11, 2.2735394813916828e-10, 0.047913794868289, 0.9988514745753345, 4.774891107506285e-10, 0.0, 0.0, 0.0, 1.0], "right_foot_pose": [0.9999999999999998, -2.4925890067332935e-11, -2.3115548364316383e-10, 4.162405310632424e-11, 8.095947937028107e-12, 0.9973666520600666, -0.07252421222250127, -0.14000000001211904, 2.323542577309339e-10, 0.07252421222250112, 0.9973666520600665, 4.3719308034928517e-10, 0.0, 0.0, 0.0, 1.0]}, {"left_foot_pose": [1.0000000000000002, -2.6444813307679704e-11, -2.885454652989945e-10, 2.2581731097538012e-11, 8.809552840556195e-12, 0.9981409055321919, -0.06094860706674697, 6.294511960269755e-11, 2.896204371188467e-10, 0.0609486070667468, 0.9981409055321919, 6.142255593033497e-10, 0.0, 0.0, 0.0, 1.0], "right_foot_pose": [0.9999999999999999, -3.7564364273528126e-11, -2.951207611623372e-10, 5.052162151751804e-11, 1.2153309943798246e-11, 0.996326440737854, -0.0856365779713284, -0.14000000000743126, 2.9725325415064635e-10, 0.08563657797132827, 0.9963264407378541, 5.593997140507234e-10, 0.0, 0.0, 0.0, 1.0]}, {"left_foot_pose": [1.0000000000000002, -4.1286809029287125e-11, -3.642272594639444e-10, 2.5093371954251893e-11, 1.3636637882299156e-11, 0.9971388889466937, -0.07559124387224964, 8.845513731203791e-11, 3.663057971627858e-10, 0.07559124387224947, 0.9971388889466939, 7.865929019246209e-10, 0.0, 0.0, 0.0, 1.0], "right_foot_pose": [0.9999999999999998, -5.576916543412207e-11, -3.7406522324090443e-10, 6.054276400316421e-11, 1.7937465978808485e-11, 0.9949487937249661, -0.10038375299437, -0.13999999999839058, 3.777739376731666e-10, 0.10038375299436984, 0.9949487937249661, 7.112582398050016e-10, 0.0, 0.0, 0.0, 1.0]}, {"left_foot_pose": [1.0000000000000004, -6.252216433305628e-11, -4.54534188065735e-10, 2.6911338717007607e-11, 2.0461692975640262e-11, 0.9957633179307777, -0.0919533287243586, 1.2190668613465405e-10, 4.5835727167093787e-10, 0.09195332872435842, 0.9957633179307778, 9.999954753148188e-10, 0.0, 0.0, 0.0, 1.0], "right_foot_pose": [0.9999999999999997, -8.131163676005152e-11, -4.689750254804888e-10, 7.128516910973729e-11, 2.5938640613458216e-11, 0.9931455598234407, -0.11688411783892987, -0.1399999999831438, 4.752643977923614e-10, 0.11688411783892975, 0.9931455598234403, 8.959482045156619e-10, 0.0, 0.0, 0.0, 1.0]}, {"left_foot_pose": [1.0000000000000004, -9.116907160782655e-11, -5.550196413572889e-10, 2.7020440847521546e-11, 2.9520846302827593e-11, 0.9939231279679908, -0.11007640841854341, 1.626772310608926e-10, 5.616820793893094e-10, 0.11007640841854324, 0.9939231279679909, 1.2505535981754967e-09, 0.0, 0.0, 0.0, 1.0], "right_foot_pose": [0.9999999999999998, -1.1522230845491055e-10, -5.756023990777231e-10, 8.141580438113601e-11, 3.635114908789644e-11, 0.9908202059533375, -0.13518623996023382, -0.13999999996013773, 5.858947541312934e-10, 0.13518623996023368, 0.9908202059533376, 1.1076541905907789e-09, 0.0, 0.0, 0.0, 1.0]}, {"left_foot_pose": [1.0000000000000004, -1.2504825248973272e-10, -6.472247182642809e-10, 2.30641534523762e-11, 3.997795632951482e-11, 0.9915395978620183, -0.12980456799214743, 2.041301537525353e-10, 6.579805791785543e-10, 0.12980456799214724, 0.9915395978620182, 1.5039908068947838e-09, 0.0, 0.0, 0.0, 1.0], "right_foot_pose": [1.0, -1.546945612979102e-10, -6.749982794929101e-10, 8.73709696438869e-11, 4.81029377145543e-11, 0.9878925996313442, -0.15513932961575172, -0.13999999993055004, 6.908247424743491e-10, 0.15513932961575158, 0.9878925996313443, 1.3134703533146386e-09, 0.0, 0.0, 0.0, 1.0]}, {"left_foot_pose": [1.0000000000000002, -1.5188125451881953e-10, -6.798644425209914e-10, 9.777278407437646e-12, 4.7835679440732086e-11, 0.9886107823148595, -0.15049492048173038, 2.2477121552899604e-10, 6.94978468611978e-10, 0.15049492048173016, 0.9886107823148594, 1.6452831805291446e-09, 0.0, 0.0, 0.0, 1.0], "right_foot_pose": [0.9999999999999999, -1.8497417907972242e-10, -7.132335277937319e-10, 8.082505543506941e-11, 5.6484606196681666e-11, 0.9843726467851084, -0.17609796211563752, -0.13999999990478684, 7.346610552446896e-10, 0.17609796211563736, 0.9843726467851084, 1.4124074826371569e-09, 0.0, 0.0, 0.0, 1.0]}, {"left_foot_pose": [0.9999999985528083, 5.297142834670501e-05, -9.402760130395779e-06, 3.1180498101150274e-05, -5.379895437872616e-05, 0.9853719666017372, -0.1704173833301597, -2.0696688418433973e-05, 2.3796403101767504e-07, 0.1704173835893915, 0.9853719680255221, 0.00016386125403650142, 0.0, 0.0, 0.0, 1.0], "right_foot_pose": [0.9999999999999998, -1.700754577804713e-10, -5.90476056938626e-10, 3.715399851334672e-11, 5.0875930406048797e-11, 0.9805502439159123, -0.19626823267264948, -0.13999999998009946, 6.123716357286276e-10, 0.1962682326726493, 0.9805502439159121, 1.1555974926968915e-09, 0.0, 0.0, 0.0, 1.0]}, {"left_foot_pose": [0.9999988461870701, 0.001491612030303758, -0.00028760751072889987, 0.0008805825640345305, -0.0015190861617643942, 0.9820776108121173, -0.18847084315298612, -0.0005844915669570086, 1.3275199795506506e-06, 0.18847106259347962, 0.9820787435654657, 0.004191209396507682, 0.0, 0.0, 0.0, 1.0], "right_foot_pose": [0.9999999999999999, -1.245544247966701e-10, -3.9464054246707225e-10, -1.1124116113227633e-11, 3.743394118111675e-11, 0.9769466812577314, -0.2134834466170732, -0.14000000019206527, 4.121328172002418e-10, 0.21348344661707308, 0.9769466812577314, 6.943874295006758e-10, 0.0, 0.0, 0.0, 1.0]}, {"left_foot_pose": [0.9999889014882308, 0.004612562496878615, -0.0009597747520388221, 0.0027311383878731647, -0.004711358063789277, 0.9791211603104805, -0.20322292325781996, -0.0018128001665106593, 2.3573345275018944e-06, 0.20322518962833158, 0.9791320249562738, 0.011469803124841492, 0.0, 0.0, 0.0, 1.0], "right_foot_pose": [1.0, -6.821257584983215e-11, -1.9400764328381079e-10, -2.5675729945107186e-11, 2.2461755162911555e-11, 0.9739718421703052, -0.22666903330490995, -0.14000000021758363, 2.0441938151692629e-10, 0.22666903330490976, 0.9739718421703052, 3.4176959179399446e-10, 0.0, 0.0, 0.0, 1.0]}, {"left_foot_pose": [0.9999571269259532, 0.009049399917555826, -0.00196282223488326, 0.005367954261542898, -0.009259821803659706, 0.9773067617246846, -0.21162643782707263, -0.0035629854929134126, 3.1871731897056507e-06, 0.2116355401352605, 0.9773486574101893, 0.019120927709513534, 0.0, 0.0, 0.0, 1.0], "right_foot_pose": [0.9999999999999998, -2.0392699496103447e-11, -3.8052672124422206e-11, -2.788723481006063e-11, 1.0865507605812013e-11, 0.9719176906380966, -0.23532106285819218, -0.14000000012855482, 4.1782731289786794e-11, 0.2353210628581921, 0.9719176906380969, 1.0948399825627675e-10, 0.0, 0.0, 0.0, 1.0]}, {"left_foot_pose": [0.9998905692257646, 0.014465065861565783, -0.00310023273283632, 0.008576139970864965, -0.014793564819978561, 0.9777390603070599, -0.20930236594406976, -0.005692415545861695, 3.646130574002014e-06, 0.20932532531800518, 0.9778460554541385, 0.024265879149028495, 0.0, 0.0, 0.0, 1.0], "right_foot_pose": [0.9999999999999998, 5.44431876556987e-12, 4.6868897651819426e-11, -1.3569937270996837e-11, 5.921952785205114e-12, 0.9709849677042831, -0.23914052875309955, -0.14000000003843163, -4.681108470038395e-11, 0.2391405287530994, 0.9709849677042834, 9.090443675585647e-12, 0.0, 0.0, 0.0, 1.0]}, {"left_foot_pose": [0.9997807009219992, 0.020545416987812398, -0.004054121941138512, 0.012140800431777333, -0.020941586636843413, 0.9809003702684961, -0.19338023052075412, -0.008058458016034196, 3.612239928164402e-06, 0.19342272216036377, 0.9811155133515256, 0.025000002739786427, 0.0, 0.0, 0.0, 1.0], "right_foot_pose": [1.0, 1.1973655096439326e-12, 4.5058567987865666e-11, 5.6032407586279006e-11, 9.559052018906682e-12, 0.9712760398853891, -0.23795557220741037, -0.14000000003963753, -4.404952788826679e-11, 0.23795557220741023, 0.9712760398853894, 5.405785541423569e-11, 0.0, 0.0, 0.0, 1.0]}, {"left_foot_pose": [0.9996263859830679, 0.02693242409771759, -0.004661864289302974, 0.015847035960299807, -0.02733291854383247, 0.9849994223110895, -0.17037913490418077, -0.010518471810808182, 3.2105132142068305e-06, 0.17044290122806952, 0.9853675544742949, 0.025000003458828565, 0.0, 0.0, 0.0, 1.0], "right_foot_pose": [1.0000000000000002, -2.9808120954389784e-11, -3.575695295410226e-11, 1.7173170316518995e-10, 2.069283832081747e-11, 0.9726801196427254, -0.23214948815755232, -0.14000000004015486, 4.169993220543477e-11, 0.23214948815755218, 0.9726801196427255, 2.2265054383519e-10, 0.0, 0.0, 0.0, 1.0]}, {"left_foot_pose": [0.9994354707884999, 0.033255244061330555, -0.004777915046432139, 0.019479956019993833, -0.033596721912899585, 0.9892879528288563, -0.14205846213583598, -0.012929822618640632, 2.5449657701562262e-06, 0.14213878826735776, 0.9898467380677733, 0.024910272674381666, 0.0, 0.0, 0.0, 1.0], "right_foot_pose": [1.0, -8.580988955863248e-11, -2.0078638751641573e-10, 2.8220675371536175e-10, 3.915198942656388e-11, 0.975106428363896, -0.22173735220617719, -0.14000000006190783, 2.1481512715365348e-10, 0.22173735220617702, 0.9751064283638962, 5.388720789034629e-10, 0.0, 0.0, 0.0, 1.0]}, {"left_foot_pose": [0.9992249991422685, 0.03913896484367631, -0.004188379173358101, 0.022824666676661023, -0.039362432423308835, 0.9935567853894103, -0.10628035152549371, -0.015149879447725782, 1.689605543428192e-06, 0.10636284895407573, 0.9943273828873057, 0.021163835636877175, 0.0, 0.0, 0.0, 1.0], "right_foot_pose": [0.9999999999999999, -1.6531529755107566e-10, -4.69209227027533e-10, 3.2466192175276446e-10, 6.497237538311579e-11, 0.9784933962720715, -0.20627814584183807, -0.14000000026490766, 4.932188823808157e-10, 0.20627814584183804, 0.9784933962720714, 1.026169843543201e-09, 0.0, 0.0, 0.0, 1.0]}, {"left_foot_pose": [0.9990200521597562, 0.04415972155623207, -0.002975630150900047, 0.025666265503412958, -0.044259861974260954, 0.996761018065228, -0.06714564381693774, -0.01703599497803124, 8.59203926567469e-07, 0.06721154556806265, 0.997738747439236, 0.013996813968633733, 0.0, 0.0, 0.0, 1.0], "right_foot_pose": [0.9999999999999998, -2.432275885242874e-10, -8.000430318233486e-10, 3.5629907047736174e-10, 9.037019227736334e-11, 0.9825933128475811, -0.1857697002937132, -0.14000000040610755, 8.313009045175556e-10, 0.18576970029371306, 0.9825933128475808, 1.6507927871889372e-09, 0.0, 0.0, 0.0, 1.0]}, {"left_foot_pose": [0.9988512171793287, 0.04789859846718045, -0.001403639645400637, 0.02778986316250794, -0.047919160461246744, 0.9984227666744742, -0.029252915184284908, -0.018445532014119418, 2.521397681349615e-07, 0.029286571171264184, 0.9995710563781686, 0.006287911615994915, 0.0, 0.0, 0.0, 1.0], "right_foot_pose": [0.9999999999999999, -2.970952820658119e-10, -1.154957185445225e-09, 3.583168053659876e-10, 1.0776989469981978e-10, 0.9870218851001755, -0.16058579742086862, -0.1400000003900338, 1.1876770789431225e-09, 0.1605857974208685, 0.9870218851001756, 2.3479230920608885e-09, 0.0, 0.0, 0.0, 1.0]}, {"left_foot_pose": [0.9987506861065354, 0.049969805715786846, 0.0002924353819686037, 0.028980568083300847, -0.04997066140972858, 0.9987335857317936, 0.005844461445634306, -0.01923585639387839, -1.8434676677021545e-08, -0.005851773068207205, 0.9999828782294019, 0.0009158369787635456, 0.0, 0.0, 0.0, 1.0], "right_foot_pose": [0.9999999999999998, -3.0010752182022244e-10, -1.4471656095693658e-09, 3.3546656589294755e-10, 1.0721751138558687e-10, 0.9913178019945773, -0.13148770075045013, -0.14000000014241393, 1.474061423667302e-09, 0.13148770075045002, 0.9913178019945773, 2.9735239062689267e-09, 0.0, 0.0, 0.0, 1.0]}, {"left_foot_pose": [0.9987351714195204, 0.050242044371733, 0.001947908358025157, 0.02916000037568617, -0.05027979086693196, 0.9979853907814272, 0.03869240774648583, -0.01935494983182229, 1.582957766341009e-09, -0.0387414089081901, 0.9992492698200033, 3.1508105430289035e-09, 0.0, 0.0, 0.0, 1.0], "right_foot_pose": [0.9999999999999998, -2.3725775520927204e-10, -1.5487114368717402e-09, 2.889947850823452e-10, 8.108293196875676e-11, 0.994980117587396, -0.10007280152854636, -0.13999999992977974, 1.5646800634711084e-09, 0.10007280152854622, 0.994980117587396, 3.2116729969944302e-09, 0.0, 0.0, 0.0, 1.0]}, {"left_foot_pose": [0.9987351714185387, 0.050154141891432975, 0.0035523826816665723, 0.029160000288138522, -0.05027979088642834, 0.996239334187167, 0.07056296228707862, -0.01935494993186491, 1.4652642034474725e-09, -0.07065232529396823, 0.9975010019697005, 2.8534373058830553e-09, 0.0, 0.0, 0.0, 1.0], "right_foot_pose": [1.0, -1.5189759673162483e-10, -1.4248653923409898e-09, 2.0040592588862646e-10, 5.372389641940359e-11, 0.99764088200991, -0.0686488932357177, -0.14000000000995355, 1.431931433947283e-09, 0.06864889323571755, 0.9976408820099101, 2.9389099487353576e-09, 0.0, 0.0, 0.0, 1.0]}, {"left_foot_pose": [0.9987351714184556, 0.050028772403523, 0.005017898319587095, 0.029160000184585005, -0.05027979088808136, 0.9937490507965347, 0.09967329968069505, -0.019354949952689406, 1.132350104575952e-09, -0.09979952892064868, 0.9950075648090411, 2.162464665667052e-09, 0.0, 0.0, 0.0, 1.0], "right_foot_pose": [0.9999999999815052, -6.07666058926869e-06, 2.5309949963639406e-07, -1.9136147641711874e-06, 6.081917750700305e-06, 0.9992127207754633, -0.03967289507341304, -0.14000517901255424, -1.18215218048505e-08, 0.03967289507421847, 0.999212720793941, 3.7401544230847295e-05, 0.0, 0.0, 0.0, 1.0]}, {"left_foot_pose": [0.9987351714190706, 0.04988876037301457, 0.006258510922289739, 0.029160000077844358, -0.05027979087586244, 0.9909679152783504, 0.124316264094287, -0.01935494964252629, 7.884596639325754e-10, -0.12447370195075333, 0.9922229071749332, 1.4384831034663925e-09, 0.0, 0.0, 0.0, 1.0], "right_foot_pose": [0.9999998043039642, -0.0006255652740370631, 7.753774189936548e-06, -0.0001968823469969662, 0.0006256133243938329, 0.9999237462306692, -0.012333301747402414, -0.1405328116855344, -3.789764822822954e-08, 0.012333304184688454, 0.9999239419115267, 0.003492990572289474, 0.0, 0.0, 0.0, 1.0]}, {"left_foot_pose": [0.9987351714199068, 0.049755247653643336, 0.0072438042336061565, 0.02915999996657876, -0.050279790859252396, 0.9883158795914929, 0.14388768112122818, -0.019354949608996277, 4.5576981452339525e-10, -0.14406990483171397, 0.9895675128670011, 8.171779294907644e-10, 0.0, 0.0, 0.0, 1.0], "right_foot_pose": [0.9999977284749086, -0.0021311731176583476, -3.3855059387511124e-05, -0.0006707816547523008, 0.0021314420035206502, 0.9998722457333972, 0.015841375162490606, -0.1418152824743113, 9.00213659236544e-08, -0.015841411338505217, 0.9998745169704027, 0.01053849746458023, 0.0, 0.0, 0.0, 1.0]}, {"left_foot_pose": [0.9987351714206734, 0.049646928656839305, 0.007952348223129516, 0.02915999988635931, -0.050279790844027665, 0.9861642807401876, 0.1579618752258602, -0.019354949759212696, 1.841805891608024e-10, -0.1581619229370084, 0.9874131891629102, 3.5034245643439377e-10, 0.0, 0.0, 0.0, 1.0], "right_foot_pose": [0.9999905907998383, -0.004333638990360441, -0.00019464041563746907, -0.0013652208974136144, 0.004338007800887733, 0.9989869181319811, 0.04479195340109544, -0.14369456036839323, 3.3107324814128816e-07, -0.044792376296281806, 0.9989963178238559, 0.018295207727493767, 0.0, 0.0, 0.0, 1.0]}, {"left_foot_pose": [0.9987351714211281, 0.049578355165737505, 0.008369233266590899, 0.029159999891892954, -0.05027979083499244, 0.9848021684712718, 0.16624268888546945, -0.019354949963276503, 3.890279122161649e-12, -0.16645322367963217, 0.98604935187173, 7.949010200070106e-11, 0.0, 0.0, 0.0, 1.0], "right_foot_pose": [0.9999750797641709, -0.0070412515718808605, -0.0005105163475237094, -0.0022218033342099475, 0.007059734432159478, 0.9973634419774399, 0.07222412863206892, -0.1460126136950125, 6.220822935026713e-07, -0.07222593289958781, 0.9973882968114262, 0.02388441723281319, 0.0, 0.0, 0.0, 1.0]}, {"left_foot_pose": [0.998735171421095, 0.04955903154791332, 0.00848290979024314, 0.02915999999447799, -0.05027979083564725, 0.9844183330088451, 0.16850070703000283, -0.019354950051325738, -5.923008575482786e-11, -0.16871410145011678, 0.9856650303079036, 5.5967272483137265e-11, 0.0, 0.0, 0.0, 1.0], "right_foot_pose": [0.9999488822507039, -0.010066470808428098, -0.0009481830154512435, -0.003182121513497774, 0.010111027880916775, 0.9955504008890119, 0.0936865326763619, -0.14861140525251543, 8.712348190631148e-07, -0.09369133073657772, 0.9956012929602142, 0.025000001100941936, 0.0, 0.0, 0.0, 1.0]}, {"left_foot_pose": [0.998735171420565, 0.0495892617258432, 0.008304365660393729, 0.029160000088993745, -0.05027979084618067, 0.9850188112816395, 0.16495418774244905, -0.019354950087724858, -2.5150842162443124e-12, -0.16516309074000982, 0.9862662690456411, 2.2547094052915995e-10, 0.0, 0.0, 0.0, 1.0], "right_foot_pose": [0.9999114673994092, -0.013227541379327854, -0.0014455145169456193, -0.004187779628938989, 0.01330629032108727, 0.9940021829984226, 0.10854769841991688, -0.15133290067551947, 1.0254129193660173e-06, -0.10855732284571358, 0.9940901909059963, 0.025000000491568947, 0.0, 0.0, 0.0, 1.0]}, {"left_foot_pose": [0.9987351714195596, 0.04966627527564604, 0.007830611073684665, 0.02916000020325366, -0.05027979086614749, 0.9865485728741, 0.15554374301312582, -0.019354950115697368, 1.7841855585559185e-10, -0.15574072832859326, 0.9877979679770964, 6.257739812443042e-10, 0.0, 0.0, 0.0, 1.0], "right_foot_pose": [0.9998645260224317, -0.016348102827371636, -0.0019154988602630683, -0.005180384415016092, 0.016459939271778544, 0.9930784195906336, 0.11629412256231618, -0.1540190713166522, 1.0523070097977498e-06, -0.11630989672988008, 0.9932129720868416, 0.02499255010676385, 0.0, 0.0, 0.0, 1.0]}, {"left_foot_pose": [0.9987351714181207, 0.04978458385555193, 0.007039359540974741, 0.029160000525439666, -0.0502797908947279, 0.9888985999097386, 0.1398266845925412, -0.019354949835497685, 5.100098010203525e-10, -0.1400037653311123, 0.9901509711620303, 1.3889568592495571e-09, 0.0, 0.0, 0.0, 1.0], "right_foot_pose": [0.999812065593779, -0.01926204350840636, -0.0021925266204216995, -0.006101533405892719, 0.01938642546376323, 0.9934026822120932, 0.113027773054046, -0.15651188245971734, 9.159433228773802e-07, -0.11304903650053487, 0.9935894098396288, 0.021837791935188942, 0.0, 0.0, 0.0, 1.0]}, {"left_foot_pose": [0.998735171416737, 0.049930026972523245, 0.005920285610114547, 0.029160000792289874, -0.050279790922220416, 0.9917876152444423, 0.11759791185459509, -0.01935494954276362, 9.639906542773556e-10, -0.11774684137702579, 0.9930436452370736, 2.438048374298063e-09, 0.0, 0.0, 0.0, 1.0], "right_foot_pose": [0.9997601607167841, -0.02179454455833593, -0.0021491558911893656, -0.006892835497567233, 0.021900252124776188, 0.9949374515442706, 0.09808081602160287, -0.1586533027190398, 6.489702503795413e-07, -0.09810435944486366, 0.9951761324798196, 0.014923778311168867, 0.0, 0.0, 0.0, 1.0]}, {"left_foot_pose": [0.9987351714155187, 0.05007960472475938, 0.004482250353124667, 0.029160001075482635, -0.05027979094642493, 0.9947587596616206, 0.08903343584776922, -0.019354949441180318, 1.4727763427527646e-09, -0.08914619042385909, 0.9960185524039774, 3.673629268841072e-09, 0.0, 0.0, 0.0, 1.0], "right_foot_pose": [0.9997163594996238, -0.02374973726645128, -0.0017749728430308052, -0.007495901224300563, 0.023815972554193272, 0.9969370891519989, 0.07449321931852027, -0.1602853048189276, 3.418725077715582e-07, -0.07451436272903232, 0.9972199405080951, 0.007129213968733512, 0.0, 0.0, 0.0, 1.0]}, {"left_foot_pose": [0.9987351714164312, 0.05020411322309497, 0.00275760607690551, 0.02916000093704958, -0.05027979092829135, 0.9972319412934537, 0.054775887836689026, -0.019354949513363136, 2.013453522123545e-09, -0.05484525758507237, 0.9984948661462554, 4.737554931688592e-09, 0.0, 0.0, 0.0, 1.0], "right_foot_pose": [0.999688746082446, -0.024923695500632403, -0.0011046984650463034, -0.007852332518654187, 0.0249481653854309, 0.9987083821628048, 0.04426235919666135, -0.16124985827995178, 9.005404688288036e-08, -0.044276142563968356, 0.9990193307437284, 0.001332806316004187, 0.0, 0.0, 0.0, 1.0]}, {"left_foot_pose": [0.99873517142388, 0.05027273841530415, 0.000842100434023945, 0.029159999339978385, -0.05027979078033782, 0.9985950856840422, 0.016727148195871126, -0.019354949294022518, 2.190616243141778e-09, -0.016748331854474906, 0.9998597368531718, 5.026277047348593e-09, 0.0, 0.0, 0.0, 1.0], "right_foot_pose": [0.9996830309807487, -0.02517530040575357, -0.00020449602281591723, -0.007924104919475256, 0.025176130940700214, 0.9996500531267357, 0.008119957793681663, -0.16144407669308009, 2.0833340897770735e-09, -0.008122532437270855, 0.9999670116892884, 5.857103073381165e-09, 0.0, 0.0, 0.0, 1.0]}, {"left_foot_pose": [0.9987351714293439, 0.0502675186246632, -0.0011108201110647756, 0.02915999802655331, -0.05027979067179946, 0.9984914056994383, -0.02206479989396957, -0.019354948855127174, 1.5945567631122559e-09, 0.022092743507316055, 0.9997559255559934, 4.8543047012628016e-09, 0.0, 0.0, 0.0, 1.0], "right_foot_pose": [0.9996830309806248, -0.025164930692460657, 0.0007508878977957662, -0.007924106082670619, 0.025176130945627956, 0.999238294357523, -0.029815994366728153, -0.16144407583336673, 1.4895183657238516e-09, 0.029825448072272265, 0.9995551223655893, 6.001299082680767e-09, 0.0, 0.0, 0.0, 1.0]}, {"left_foot_pose": [0.9987351714233313, 0.050193825914133426, -0.0029389117222399165, 0.02916000076742397, -0.0502797907912256, 0.9970276057780707, -0.058377186934961814, -0.01935494957936073, 1.7596474567006074e-09, 0.05845111766724886, 0.9982902718365285, 4.677162782074085e-09, 0.0, 0.0, 0.0, 1.0], "right_foot_pose": [0.999683030978892, -0.02512241670379877, 0.001643700646779836, -0.00792410327516027, 0.02517613101442581, 0.9975501617662121, -0.06526742822686205, -0.16144407705315814, 1.6830099468607252e-09, 0.06528812249685842, 0.9978664545222647, 4.4546583297111475e-09, 0.0, 0.0, 0.0, 1.0]}, {"left_foot_pose": [0.9988823015516537, 0.0470734332521758, -0.004270776126755121, 0.027749480340892096, -0.0472667710383991, 0.9947935114696156, -0.09028688660905487, -0.01933723753165249, -1.5733505029774774e-06, 0.09038783889332526, 0.9959066414969426, 0.002844457971683277, 0.0, 0.0, 0.0, 1.0], "right_foot_pose": [0.9996830309785809, -0.025060493514823333, 0.002410236144305486, -0.007924103018097805, 0.025176131026784485, 0.9950913418836381, -0.09570466934660414, -0.16144407753460618, 1.1264053808905006e-09, 0.09573501435219049, 0.9954068550231034, 2.9355837205535806e-09, 0.0, 0.0, 0.0, 1.0]}, {"left_foot_pose": [0.9992464631137862, 0.03853910906888318, -0.0046090158131646694, 0.023793291273688864, -0.038813733913090176, 0.9921647553337604, -0.11875433606072718, -0.019287544958243218, -3.7832632495464835e-06, 0.11884374340148081, 0.992912969318062, 0.00961703893207478, 0.0, 0.0, 0.0, 1.0], "right_foot_pose": [0.9996830309788503, -0.024993159071888173, 0.0030297809403430874, -0.007924102945777578, 0.025176131016086938, 0.9924176565328159, -0.12030526766927124, -0.16144407764885252, 5.914207950022826e-10, 0.12034341278824294, 0.9927323219269526, 1.7668309384988312e-09, 0.0, 0.0, 0.0, 1.0]}, {"left_foot_pose": [0.9996612296086516, 0.025759429415025778, -0.0037252937510953224, 0.017811413926805658, -0.026027408233257374, 0.9893347482830934, -0.14331549065013235, -0.019212402134354392, -6.16270996163207e-06, 0.14336389934652682, 0.9896700421484835, 0.017439494619824053, 0.0, 0.0, 0.0, 1.0], "right_foot_pose": [0.9996830309793218, -0.024932649203340977, 0.0034929322494246804, -0.007924102993782224, 0.025176130997354097, 0.9900149593134051, -0.13869586426307431, -0.16144407755889778, 1.508263642484961e-10, 0.13873984049068308, 0.9903288628837491, 9.444351758980396e-10, 0.0, 0.0, 0.0, 1.0]}, {"left_foot_pose": [0.9999498251310447, 0.00988721885320783, -0.0016093861385383429, 0.010324032719093452, -0.010017342609664774, 0.9868282624609865, -0.1614609341459163, -0.019118344254467973, -8.21186542182193e-06, 0.16146895463704483, 0.9868777921409452, 0.023433118902328083, 0.0, 0.0, 0.0, 1.0], "right_foot_pose": [0.9996830309797139, -0.02488838763654914, 0.0037954883829583214, -0.00792410311707715, 0.025176130981791216, 0.9882574423371264, -0.15070962177004218, -0.16144407739063774, -1.5459237140471105e-10, 0.15075740720155115, 0.988570788650902, 4.2420700979706183e-10, 0.0, 0.0, 0.0, 1.0]}, {"left_foot_pose": [0.9999671751525692, -0.007983839035349794, 0.0013809169596083217, 0.0018513352791033357, 0.008102378004241139, 0.9855335899623343, -0.16928642747317643, -0.019011910783003017, -9.38446082751773e-06, 0.16929205938322142, 0.9855659280543949, 0.025000007179919424, 0.0, 0.0, 0.0, 1.0], "right_foot_pose": [0.999683030979833, -0.024866768358514126, 0.00393464132774799, -0.007924103288049225, 0.025176130977058928, 0.9873989943989454, -0.1562350418087365, -0.16144407729285765, -2.961984868922435e-10, 0.1562845791860337, 0.987712068524347, 1.9609528584263458e-10, 0.0, 0.0, 0.0, 1.0]}, {"left_foot_pose": [0.9996296382343088, -0.026816199381011315, 0.004634416285132103, -0.007086468322238427, 0.027213714752017743, 0.9850880829162308, -0.16988490994147107, -0.018899636446782286, -9.640636941000112e-06, 0.1699481107490863, 0.9854530123551684, 0.025000007532683714, 0.0, 0.0, 0.0, 1.0], "right_foot_pose": [0.9996830309796334, -0.024869520283557375, 0.003917209751668463, -0.007924103560053249, 0.02517613098497942, 0.9875082661880341, -0.15554287717195456, -0.16144407725986532, -2.71374240111574e-10, 0.15559219508435593, 0.9878213749604895, 2.1694100682534412e-10, 0.0, 0.0, 0.0, 1.0]}, {"left_foot_pose": [0.9989323311763847, -0.04555950537764877, 0.007650437912827339, -0.01596919275264664, 0.04619737707441336, 0.9851719571755508, -0.1652332204683431, -0.018788053137761065, -9.05309533656563e-06, 0.16541023627526658, 0.9862248494402291, 0.025000006941147512, 0.0, 0.0, 0.0, 1.0], "right_foot_pose": [0.9996830309791753, -0.02489588339233735, 0.0037460061937359796, -0.00792410379583916, 0.025176131003161937, 0.9885550793650906, -0.14874480659569572, -0.16144407722768017, -8.992889444917575e-11, 0.14879196904266842, 0.9888685200512782, 4.917234952550587e-10, 0.0, 0.0, 0.0, 1.0]}, {"left_foot_pose": [0.9979539659290602, -0.06324392361444856, 0.00938552141921315, -0.02427665330716556, 0.06393654537046296, 0.9871598060577307, -0.1463818140007677, -0.018683700033554563, -7.2492407324540985e-06, 0.14668238963800087, 0.9891836414526552, 0.022459727125115958, 0.0, 0.0, 0.0, 1.0], "right_foot_pose": [0.999683030978936, -0.024960171817522525, 0.003290500814048567, -0.007924103551210622, 0.025176131012677527, 0.9911078135519885, -0.13065781393942416, -0.16144407740673283, 4.1792695804654875e-10, 0.1306992415396371, 0.991422063634335, 1.2378484071096096e-09, 0.0, 0.0, 0.0, 1.0]}, {"left_foot_pose": [0.9968491777075319, -0.0787197543138849, 0.009742545077140632, -0.03148863655157939, 0.07932034340995636, 0.989309105041304, -0.12237556048370861, -0.018593107619296466, -5.01449578920747e-06, 0.12276275886088879, 0.9924360458043225, 0.015838563658057768, 0.0, 0.0, 0.0, 1.0], "right_foot_pose": [0.9996830309785463, -0.02502295592001234, 0.002772949796022928, -0.007924103323935618, 0.025176131028141462, 0.9936008156365815, -0.11010713688391816, -0.16144407770124605, 8.536773529013461e-10, 0.11014204847988403, 0.9939158561752875, 2.1811574282826207e-09, 0.0, 0.0, 0.0, 1.0]}, {"left_foot_pose": [0.995828475809379, -0.09084974964722677, 0.008483499054414617, -0.03708495937979821, 0.09124498210804474, 0.9915177392123214, -0.0925576904821559, -0.018522806693333414, -2.696794814198144e-06, 0.09294566055671503, 0.9956711827588487, 0.007998177528622287, 0.0, 0.0, 0.0, 1.0], "right_foot_pose": [0.9996830309785981, -0.025088508044165268, 0.0020986513671120066, -0.00792410303767866, 0.025176131026089513, 0.9962037306210961, -0.08333240380049078, -0.16144407785682527, 1.3618982144439636e-09, 0.08335882593180342, 0.9965195964652533, 3.3605071780851148e-09, 0.0, 0.0, 0.0, 1.0]}, {"left_foot_pose": [0.9951259453921316, -0.0984390730295305, 0.005839666814445751, -0.04054543641626675, 0.09861213316188167, 0.9933800366154216, -0.058921558424809096, -0.018479332027106596, -8.248411626133967e-07, 0.05921023353299278, 0.9982455350485113, 0.0018172760662596293, 0.0, 0.0, 0.0, 1.0], "right_foot_pose": [0.99968303097938, -0.025143458048155612, 0.0012822204413707133, -0.007924102732443001, 0.025176130995044302, 0.9983856638537816, -0.050913933646538845, -0.1614440777059744, 1.8481433753757787e-09, 0.0509300768566513, 0.998702221521198, 4.545135955102975e-09, 0.0, 0.0, 0.0, 1.0]}, {"left_foot_pose": [0.9949382009456463, -0.10046392035059996, 0.002230920623843261, -0.04142728692602118, 0.10048868741824452, 0.9946929818344146, -0.022088358705896496, -0.018468248360649774, 2.0221378458436055e-09, 0.022200734157910875, 0.9997535333285154, 5.076987073804329e-09, 0.0, 0.0, 0.0, 1.0], "right_foot_pose": [0.9996830309824192, -0.0251734541161523, 0.0003671153295235469, -0.007924101609712355, 0.0251761308743658, 0.9995767423138001, -0.014577333759228409, -0.16144407693320104, 1.897384896626569e-09, 0.014581955739649724, 0.9998936776311804, 5.381881655608378e-09, 0.0, 0.0, 0.0, 1.0]}, {"left_foot_pose": [0.9949382009444632, -0.10047572854501241, -0.0016137765474286293, -0.04142728523900925, 0.10048868742995958, 0.9948098952290636, 0.015977986510954837, -0.018468247879739552, 1.0426995994034196e-09, -0.016059275440980816, 0.9998710415210116, 4.60298531929082e-09, 0.0, 0.0, 0.0, 1.0], "right_foot_pose": [0.9996830309852134, -0.0251697997601927, -0.0005645708539330202, -0.00792409980450682, 0.025176130763429665, 0.9994316430234103, 0.022417702007769862, -0.1614440760612263, 9.055301463213119e-10, -0.022424810000494667, 0.9997485323302265, 5.83293443406907e-09, 0.0, 0.0, 0.0, 1.0]}, {"left_foot_pose": [0.9949382009496535, -0.10035017023795771, -0.005274431180793753, -0.04142728701215683, 0.10048868737857056, 0.9935667440495165, 0.052222110525860725, -0.01846824874752455, 1.7335588271659265e-09, -0.05248779336242053, 0.9986215657334592, 4.177054646614664e-09, 0.0, 0.0, 0.0, 1.0], "right_foot_pose": [0.9996830309823603, -0.02513455123939367, -0.001446340179660995, -0.007924101789626416, 0.025176130876705574, 0.9980320081813552, 0.057430593585386595, -0.16144407714392733, 1.5968395239992906e-09, -0.05744880311621093, 0.9983484537076794, 4.779768913998339e-09, 0.0, 0.0, 0.0, 1.0]}, {"left_foot_pose": [0.9949382009540729, -0.10012923656412802, -0.008491894215017632, -0.041427287974711846, 0.10048868733481507, 0.9913792810308849, 0.08407820681016143, -0.01846824888292513, 1.3218918620232146e-09, -0.08450595912579985, 0.9964229738781769, 3.10382395479758e-09, 0.0, 0.0, 0.0, 1.0], "right_foot_pose": [0.9996208958675239, -0.027421929468327614, -0.0024702893034572486, -0.00868619677193234, 0.027532971925853255, 0.9955938878140509, 0.08963674472130881, -0.16149208485306904, 1.3924401363425356e-06, -0.08967077746700426, 0.995971461271117, 0.0022503005326780998, 0.0, 0.0, 0.0, 1.0]}, {"left_foot_pose": [0.9949382009543707, -0.09987145087482306, -0.011120682615718436, -0.041427288278929414, 0.10048868733186736, 0.9888269454666401, 0.11010583834399396, -0.018468248925121312, 7.972011983946953e-10, -0.11066600751483405, 0.993857653178124, 2.0946731155158105e-09, 0.0, 0.0, 0.0, 1.0], "right_foot_pose": [0.9993729704087163, -0.035147209069884694, -0.004282488885733809, -0.011232727799905978, 0.035407146214006854, 0.992048710355022, 0.1207712311766252, -0.1616525178367903, 3.6658644094739826e-06, -0.12084713475103888, 0.9926711288281861, 0.008710108459517148, 0.0, 0.0, 0.0, 1.0]}, {"left_foot_pose": [0.9949382009531857, -0.09962791732108318, -0.013124571394992653, -0.041427288332396596, 0.10048868734359552, 0.9864157198965303, 0.12994633991371837, -0.01846824909458987, 3.3182337381472425e-10, -0.13060744860563633, 0.9914341603801673, 1.3516438732152913e-09, 0.0, 0.0, 0.0, 1.0], "right_foot_pose": [0.9988599094386447, -0.04719916579057162, -0.007149829711001444, -0.015221930413582616, 0.0477376295700032, 0.9876127599817415, 0.1494729241176613, -0.1619038467132482, 6.265727650541913e-06, -0.14964382736992918, 0.9887399682883359, 0.016558463656442805, 0.0, 0.0, 0.0, 1.0]}, {"left_foot_pose": [0.9949382009515901, -0.09943862935644696, -0.014489143484876489, -0.04142728815456099, 0.10048868735939503, 0.9845415796785213, 0.14345696775308142, -0.01846824931451228, -3.020972103730178e-11, -0.1441868124199784, 0.989550485384231, 8.679387070165134e-10, 0.0, 0.0, 0.0, 1.0], "right_foot_pose": [0.9979878756872131, -0.062457417419142076, -0.010921125887689077, -0.02029420276812164, 0.06340504638349095, 0.9830957272162684, 0.17176318354706835, -0.16222341467760565, 8.627344538194921e-06, -0.17211002916288065, 0.9850777318501933, 0.02291665887694823, 0.0, 0.0, 0.0, 1.0]}, {"left_foot_pose": [0.9949382009489993, -0.09934903225021274, -0.015091258506715484, -0.04142728771695962, 0.10048868738505043, 0.9836544786247177, 0.1494185075188646, -0.0184682492895228, -1.0405654294680253e-10, -0.150178681817632, 0.988658871162101, 5.786787923844905e-10, 0.0, 0.0, 0.0, 1.0], "right_foot_pose": [0.9966906827794496, -0.0799366671419682, -0.014758458824300671, -0.026089939491929323, 0.08128765441783847, 0.9801481567894007, 0.18083668870443909, -0.16258856042591835, 9.994021667899816e-06, -0.18143792323705205, 0.9834023997893968, 0.025000008003834437, 0.0, 0.0, 0.0, 1.0]}, {"left_foot_pose": [0.994938200949515, -0.09934822347953484, -0.015096581825175414, -0.041427287583655124, 0.10048868737994276, 0.9836464710018414, 0.1494712139319148, -0.01846824931456481, -1.2894124888352665e-10, -0.15023165637469518, 0.9886508227998988, 6.019783282962266e-10, 0.0, 0.0, 0.0, 1.0], "right_foot_pose": [0.994960868311296, -0.09862972142620322, -0.018029103710977358, -0.032249507274428754, 0.1002640036364216, 0.9787614967595517, 0.17881012844857974, -0.1629766247932225, 1.019937632230955e-05, -0.1797167507840923, 0.9837183994332837, 0.02500000853999621, 0.0, 0.0, 0.0, 1.0]}, {"left_foot_pose": [0.9949382009511446, -0.09944150162300759, -0.014469417509418261, -0.04142728742120888, 0.100488687363805, 0.9845700179687827, 0.14326166070812874, -0.018468249334340704, -8.576690374135426e-12, -0.14399051174265934, 0.9895790683558784, 8.830533873571689e-10, 0.0, 0.0, 0.0, 1.0], "right_foot_pose": [0.9928682400435457, -0.1174916848671418, -0.02020796624878265, -0.03841330571424343, 0.11921685210401017, 0.9785138832717436, 0.1682198633302933, -0.16336495557921554, 9.340356324057663e-06, -0.16942928976871827, 0.9855423459604491, 0.025000007996172906, 0.0, 0.0, 0.0, 1.0]}, {"left_foot_pose": [0.9949382009537735, -0.09961927664131008, -0.013189996373445805, -0.04142728698826466, 0.10048868733777667, 0.9863301685325213, 0.1305941130363051, -0.018468249082929985, 2.716737042810994e-10, -0.13125851730105284, 0.991348173769403, 1.5146505091823137e-09, 0.0, 0.0, 0.0, 1.0], "right_foot_pose": [0.9905658842922336, -0.1355161407833975, -0.020361838412069896, -0.0442217307659153