{"LoopMode": "Wrap", "FrameDuration": 0.0167, "EnableCycleOffsetPosition": true, "EnableCycleOffsetRotation": false, "Debug_info": [{"left_foot_pose": [1.0000000000000002, -1.8769436672576543e-08, -1.9288975971995548e-10, 4.3176377344772295e-07, 1.877042670362198e-08, 0.999951112565406, 0.009887996723669416, -2.7656107804904795e-07, 7.28790473306594e-12, -0.009887996723669589, 0.9999511125654064, 1.546867495205717e-11, 0.0, 0.0, 0.0, 1.0], "right_foot_pose": [0.9999999999999972, -7.093807761687265e-08, 1.024832663177175e-09, -2.095923568127888e-07, 7.094547972389661e-08, 0.9998941597537141, -0.014548858732172371, -0.14000168210838018, 7.343828194484245e-12, 0.01454885873217226, 0.9998941597537165, 1.2997346254817188e-11, 0.0, 0.0, 0.0, 1.0]}, {"left_foot_pose": [1.0000000000000004, -1.8769804234378942e-08, -1.5031825784070383e-10, 4.31765476618874e-07, 1.8770399451430534e-08, 0.9999744833149541, 0.00714371884881503, -2.765601662350209e-07, 1.6227947548553127e-11, -0.007143718848815202, 0.9999744833149546, 3.358290728838753e-11, 0.0, 0.0, 0.0, 1.0], "right_foot_pose": [0.9999999999999973, -7.093524975068104e-08, 1.2105891289419726e-09, -2.095916898921563e-07, 7.094557721207495e-08, 0.9998504515683655, -0.017293770512256623, -0.14000168210978825, 1.6329723527116278e-11, 0.01729377051225652, 0.9998504515683679, 2.997038034413535e-11, 0.0, 0.0, 0.0, 1.0]}, {"left_foot_pose": [1.0000000000000002, -1.8770205714868346e-08, -9.082068430607567e-11, 4.3176795851353936e-07, 1.8770404163623338e-08, 0.9999944840944649, 0.003321412447389999, -2.7655858301188496e-07, 2.8476299215638413e-11, -0.003321412447390174, 0.9999944840944652, 5.830541605078565e-11, 0.0, 0.0, 0.0, 1.0], "right_foot_pose": [0.9999999999999976, -7.093052925401585e-08, 1.469584398617184e-09, -2.0959057032108472e-07, 7.094574579409821e-08, 0.9997769886539918, -0.02111807183317362, -0.1400016821113723, 2.865923293366162e-11, 0.021118071833173515, 0.9997769886539943, 5.352495530130952e-11, 0.0, 0.0, 0.0, 1.0]}, {"left_foot_pose": [1.0000000000000002, -1.8770523649622608e-08, -1.4605205933188196e-11, 4.3177123579669874e-07, 1.8770478413556503e-08, 0.9999987852065513, -0.0015587127452347336, -2.765562229119223e-07, 4.38627068315597e-11, 0.0015587127452345593, 0.9999987852065515, 8.942897811170525e-11, 0.0, 0.0, 0.0, 1.0], "right_foot_pose": [0.9999999999999976, -7.092318139821788e-08, 1.8006104385297145e-09, -2.0958895082985865e-07, 7.094602113305398e-08, 0.9996618745644755, -0.02600262567960671, -0.14000168211297465, 4.4187028025534246e-11, 0.02600262567960662, 0.9996618745644781, 8.33478216999417e-11, 0.0, 0.0, 0.0, 1.0]}, {"left_foot_pose": [1.0000000000000004, -1.8770611006591397e-08, 7.796480128199875e-11, 4.3177540990443276e-07, 1.8770669006191397e-08, 0.9999719775140044, -0.007486266541619458, -2.7655290071350314e-07, 6.255875526095399e-11, 0.007486266541619284, 0.9999719775140047, 1.2746097233229392e-10, 0.0, 0.0, 0.0, 1.0], "right_foot_pose": [0.9999999999999972, -7.091227447329368e-08, 2.202829141318275e-09, -2.095867311129784e-07, 7.094645271341321e-08, 0.9994898392817415, -0.03193839652445469, -0.14000168211444236, 6.311883303621569e-11, 0.03193839652445462, 0.999489839281744, 1.197960897147965e-10, 0.0, 0.0, 0.0, 1.0]}, {"left_foot_pose": [1.0000000000000004, -1.8770303426075624e-08, 1.8655327282993116e-10, 4.317806868635856e-07, 1.8771037797426147e-08, 0.9998952679865618, -0.01447249315363556, -2.765483215639436e-07, 8.511916755042748e-11, 0.014472493153635382, 0.9998952679865623, 1.7372212002264575e-10, 0.0, 0.0, 0.0, 1.0], "right_foot_pose": [0.9999999999999976, -7.089665577112609e-08, 2.6765686889089444e-09, -2.0958373773409818e-07, 7.094711003834935e-08, 0.9992416167612644, -0.03893830161074232, -0.140001682115603, 8.605644448456832e-11, 0.03893830161074226, 0.999241616761267, 1.6399098051733674e-10, 0.0, 0.0, 0.0, 1.0]}, {"left_foot_pose": [1.0000000000000002, -1.876943306119353e-08, 3.1091224039805897e-10, 4.3178739504535385e-07, 1.8771671260181392e-08, 0.9997456252772636, -0.022554040413497692, -2.765420467534113e-07, 1.1249318475222008e-10, 0.02255404041349752, 0.9997456252772641, 2.3041193258910297e-10, 0.0, 0.0, 0.0, 1.0], "right_foot_pose": [0.9999999999999973, -7.087491320970208e-08, 3.223585565148982e-09, -2.095797022018892e-07, 7.094809255581967e-08, 0.9988929568061913, -0.04704105486677704, -0.14000168211622588, 1.1401366291396426e-10, 0.04704105486677701, 0.998892956806194, 2.1785792614359423e-10, 0.0, 0.0, 0.0, 1.0]}, {"left_foot_pose": [1.0000000000000002, -1.876784531566232e-08, 4.5090192690758195e-10, 4.3179600484163136e-07, 1.8772693508522914e-08, 0.9994944628897975, -0.031793374351204925, -2.7653345333229773e-07, 1.4601879276861982e-10, 0.03179337435120475, 0.9994944628897977, 3.0066434758557747e-10, 0.0, 0.0, 0.0, 1.0], "right_foot_pose": [0.9999999999999973, -7.084532065092659e-08, 3.84709897272059e-09, -2.095742324745966e-07, 7.094954269672632e-08, 0.9984132379102548, -0.05631168942196635, -0.14000168211596864, 1.484248971258512e-10, 0.056311689421966335, 0.9984132379102574, 2.841423554778011e-10, 0.0, 0.0, 0.0, 1.0]}, {"left_foot_pose": [1.0000000000000002, -1.876542000092204e-08, 6.064739266346263e-10, 4.318071553230996e-07, 1.8774282589981725e-08, 0.9991059249288313, -0.04227707147030048, -2.7652168938310795e-07, 1.874149507737269e-10, 0.042277071470300305, 0.9991059249288317, 3.8862912887793755e-10, 0.0, 0.0, 0.0, 1.0], "right_foot_pose": [0.9999999999999973, -7.080577018219683e-08, 4.55168908120071e-09, -2.0956677628707328e-07, 7.095166269129435e-08, 0.9977637078188598, -0.06683998324024328, -0.1400016821143102, 1.91146107853222e-10, 0.06683998324024325, 0.9977637078188625, 3.664318917739884e-10, 0.0, 0.0, 0.0, 1.0]}, {"left_foot_pose": [1.0000000000000002, -1.8762092510992447e-08, 7.776988497635583e-10, 4.318216703687312e-07, 1.8776687025602715e-08, 0.9985349155644606, -0.05411120400320126, -2.765056525185633e-07, 2.3867967269368246e-10, 0.05411120400320109, 0.9985349155644607, 4.994167093763657e-10, 0.0, 0.0, 0.0, 1.0], "right_foot_pose": [0.9999999999999973, -7.075369224579609e-08, 5.343078812725528e-09, -2.0955658679859538e-07, 7.09547302890956e-08, 0.9968955034284975, -0.07873598442921553, -0.1400016821104697, 2.4437026423186193e-10, 0.07873598442921559, 0.9968955034285, 4.690290378306372e-10, 0.0, 0.0, 0.0, 1.0]}, {"left_foot_pose": [1.0000000000000004, -1.8757843585079354e-08, 9.650243382179067e-10, 4.318405094937808e-07, 1.8780228633119955e-08, 0.997725307099219, -0.0674107674913276, -2.7648408547700787e-07, 3.016513224728484e-10, 0.0674107674913274, 0.9977253070992196, 6.384094988765021e-10, 0.0, 0.0, 0.0, 1.0], "right_foot_pose": [0.9999999999999976, -7.068595040662404e-08, 6.227846016671343e-09, -2.0954273602028798e-07, 7.0959096972238e-08, 0.995747955618377, -0.09211953583153605, -0.14000168210334277, 3.101917476906153e-10, 0.0921195358315361, 0.9957479556183796, 5.962084090316289e-10, 0.0, 0.0, 0.0, 1.0]}, {"left_foot_pose": [1.0, -1.8752560632899482e-08, 1.1700739821488833e-09, 4.318645340730994e-07, 1.878525110283596e-08, 0.9966096105953962, -0.08227565903043976, -2.764560087797907e-07, 3.767721029401054e-10, 0.08227565903043958, 0.9966096105953964, 8.089310749026524e-10, 0.0, 0.0, 0.0, 1.0], "right_foot_pose": [0.9999999999999972, -7.059867373363326e-08, 7.2129915928979865e-09, -2.0952428531902503e-07, 7.096512105051265e-08, 0.9942486655633068, -0.10709617652175464, -0.14000168209157082, 3.8934058643755087e-10, 0.10709617652175474, 0.9942486655633093, 7.499606213823284e-10, 0.0, 0.0, 0.0, 1.0]}, {"left_foot_pose": [1.0000000000000002, -1.8745475781870805e-08, 1.3978526114403476e-09, 4.3189376019738633e-07, 1.879189826045183e-08, 0.9951137644203405, -0.0987349779013492, -2.7642206908672085e-07, 4.598116760843332e-10, 0.09873497790134904, 0.9951137644203407, 1.0053825272304806e-09, 0.0, 0.0, 0.0, 1.0], "right_foot_pose": [0.9999999999999974, -7.04868957006478e-08, 8.305338083936385e-09, -2.0950093520557923e-07, 7.097290244994344e-08, 0.9923195552628232, -0.12370084980705502, -0.1400016820740882, 4.777392647144926e-10, 0.12370084980705516, 0.9923195552628258, 9.237162978958935e-10, 0.0, 0.0, 0.0, 1.0]}, {"left_foot_pose": [0.9999999999999999, -1.873338246308921e-08, 1.662356974297202e-09, 4.3192522944442425e-07, 1.879942210465793e-08, 0.9931766974943061, -0.11661924178412349, -2.7638815175076714e-07, 5.336583392669693e-10, 0.11661924178412335, 0.9931766974943065, 1.1946230601966867e-09, 0.0, 0.0, 0.0, 1.0], "right_foot_pose": [0.9999999999999973, -7.034362831684933e-08, 9.510793319567479e-09, -2.0947500221185072e-07, 7.098147757230329e-08, 0.9898998869863826, -0.14176816900962513, -0.14000168205208968, 5.577538864990646e-10, 0.14176816900962533, 0.9898998869863852, 1.0859772525684264e-09, 0.0, 0.0, 0.0, 1.0]}, {"left_foot_pose": [1.0000000000000002, -1.8706216284403523e-08, 1.997506771101248e-09, 4.319477918587079e-07, 1.880448766735582e-08, 0.9908091013698602, -0.13526760381795241, -2.763731500980693e-07, 5.511967742326923e-10, 0.1352676038179522, 0.9908091013698604, 1.2737054258527003e-09, 0.0, 0.0, 0.0, 1.0], "right_foot_pose": [0.9999999999999973, -7.015815790543326e-08, 1.083079981256716e-08, -2.0945636793171043e-07, 7.098688154725977e-08, 0.9870139886589053, -0.16063432445039097, -0.1400016820342274, 5.796573892810644e-10, 0.16063432445039116, 0.9870139886589077, 1.1445649150676473e-09, 0.0, 0.0, 0.0, 1.0]}, {"left_foot_pose": [0.999999996740168, -7.974363779285988e-05, 1.2673457624569489e-05, -3.153297873574397e-05, 8.074380717966436e-05, 0.9882181303872408, -0.15305201813234798, 3.756634270473541e-06, -3.192159020698825e-07, 0.15305201865672716, 0.9882181336046206, 0.00016386116095076786, 0.0, 0.0, 0.0, 1.0], "right_foot_pose": [0.9999999999999973, -6.992142523589349e-08, 1.2224180445663957e-08, -2.0946049469528203e-07, 7.098050673546828e-08, 0.9839436479986563, -0.17847940375038168, -0.1400016821065726, 4.51629481098491e-10, 0.17847940375038196, 0.9839436479986586, 8.756801742060283e-10, 0.0, 0.0, 0.0, 1.0]}, {"left_foot_pose": [0.999997401975232, -0.002245076857103703, 0.00039455378942908505, -0.0009023026115833275, 0.002279482282810824, 0.9850414242101106, -0.1723026307130579, 0.00011364286635329526, -1.8191780347668027e-06, 0.17230308244492804, 0.985043982661012, 0.00419120910795117, 0.0, 0.0, 0.0, 1.0], "right_foot_pose": [0.9999999999999976, -6.967893545105079e-08, 1.3471892379435668e-08, -2.0944355691562463e-07, 7.096889568369268e-08, 0.9811466851578071, -0.19326453943712074, -0.14000168228704593, 2.4856478744392495e-10, 0.19326453943712102, 0.9811466851578095, 4.5535562126497453e-10, 0.0, 0.0, 0.0, 1.0]}, {"left_foot_pose": [0.9999750096799959, -0.00693636045513676, 0.0013663524907014605, -0.0027994149965391703, 0.007069653756684776, 0.9812126767454631, -0.19279964468267308, 0.00035305668889419606, -3.3545536378851273e-06, 0.1928044861968744, 0.9812371935934283, 0.011469802091581868, 0.0, 0.0, 0.0, 1.0], "right_foot_pose": [0.9999999999999974, -6.947906706460343e-08, 1.4415730442696597e-08, -2.0947864352766965e-07, 7.095879966152412e-08, 0.978994537098136, -0.20388647903184126, -0.14000168229334825, 5.292089351895168e-11, 0.2038864790318416, 0.9789945370981386, 1.8718845917753413e-10, 0.0, 0.0, 0.0, 1.0]}, {"left_foot_pose": [0.999903463709903, -0.013580043313999724, 0.0029403544904286, -0.0055025725380923275, 0.013894719793261987, 0.9773310681228344, -0.21126031346125387, 0.0006941980764214838, -4.775587457759827e-06, 0.21128077457608468, 0.9774254111039493, 0.01912092623404347, 0.0, 0.0, 0.0, 1.0], "right_foot_pose": [0.9999999999999973, -6.936154468257878e-08, 1.495397494721871e-08, -2.0957902728840288e-07, 7.09551936829928e-08, 0.9777641000881897, -0.20970780762462654, -0.1400016822028825, -7.580257963828509e-11, 0.2097078076246269, 0.9777641000881923, 4.750488197258207e-11, 0.0, 0.0, 0.0, 1.0]}, {"left_foot_pose": [0.9997535997956261, -0.02163922754746345, 0.004948083147704637, -0.008791476835079531, 0.02219774001472539, 0.9746574423801307, -0.22259858569016516, 0.0011092622283645805, -5.824617933132403e-06, 0.22265357361644147, 0.9748976285343518, 0.024265877624642024, 0.0, 0.0, 0.0, 1.0], "right_foot_pose": [0.9999999999999972, -6.935260827978522e-08, 1.502401186792611e-08, -2.0970848582520493e-07, 7.096121991807325e-08, 0.977634615176205, -0.21031062552631175, -0.14000168212956876, -1.0240385029929988e-10, 0.21031062552631216, 0.9776346151762074, 3.576021423423725e-11, 0.0, 0.0, 0.0, 1.0]}, {"left_foot_pose": [0.9995062246760291, -0.03063397783271257, 0.0069904389001825525, -0.01244582112622204, 0.03142143846113066, 0.9745014706460076, -0.2221701530669748, 0.001570441401362043, -6.237444545031368e-06, 0.22228010057338551, 0.974982849515919, 0.025000001002174463, 0.0, 0.0, 0.0, 1.0], "right_foot_pose": [0.9999999999999973, -6.946070238019682e-08, 1.4593040387201208e-08, -2.0984171790625676e-07, 7.097707971029153e-08, 0.9786727214751973, -0.2054256659726969, -0.14000168213715955, -1.279957557628053e-11, 0.20542566597269732, 0.9786727214751995, 2.0382674714714e-10, 0.0, 0.0, 0.0, 1.0]}, {"left_foot_pose": [0.9991587947246651, -0.04004523516876251, 0.008836405639972494, -0.01624530188574893, 0.0410085708990543, 0.9757194873794333, -0.2151505962362965, 0.00204993662474056, -6.0969583288850315e-06, 0.2153319787869304, 0.9765409048649898, 0.025000001170955286, 0.0, 0.0, 0.0, 1.0], "right_foot_pose": [0.9999999999999973, -6.967003373242866e-08, 1.3678940924411351e-08, -2.0998656413441266e-07, 7.099994689762854e-08, 0.9807575552811657, -0.1952296538922973, -0.14000168211238836, 1.8593168634240648e-10, 0.19522965389229763, 0.9807575552811681, 5.591096613466462e-10, 0.0, 0.0, 0.0, 1.0]}, {"left_foot_pose": [0.9987289940165446, -0.04935883048629301, 0.010203056587470892, -0.019969621902816082, 0.05040234598749835, 0.9780734608677008, -0.20206906904629351, 0.002519945931734196, -5.445942357827985e-06, 0.20232649603871578, 0.9793181244983873, 0.024910270230500596, 0.0, 0.0, 0.0, 1.0], "right_foot_pose": [0.9999999999999971, -6.996411910636562e-08, 1.2255098880143316e-08, -2.1007568890130715e-07, 7.102752494665346e-08, 0.9837489291120732, -0.1795495599294083, -0.1400016821457736, 5.060861532911613e-10, 0.17954955992940863, 0.9837489291120757, 1.111438718837121e-09, 0.0, 0.0, 0.0, 1.0]}, {"left_foot_pose": [0.998255209116594, -0.05810492038451483, 0.010505032065395162, -0.023398477829993946, 0.05904690892481352, 0.9823426024505727, -0.17752879754299442, 0.002952662080479942, -4.243890752819109e-06, 0.17783933658711673, 0.9840595359754636, 0.021163833217217452, 0.0, 0.0, 0.0, 1.0], "right_foot_pose": [0.9999999999999973, -7.031504312064874e-08, 1.0269932015916538e-08, -2.099712776572375e-07, 7.105458618247651e-08, 0.9874576263973412, -0.157884248960192, -0.14000168252232803, 9.605150957852393e-10, 0.15788424896019213, 0.9874576263973437, 1.927012757696467e-09, 0.0, 0.0, 0.0, 1.0]}, {"left_foot_pose": [0.997793903463789, -0.0656966280054395, 0.00955401900826962, -0.02631156683653091, 0.06638769617091983, 0.9874132655927833, -0.14355388092460047, 0.0033202907674075525, -2.759194650431459e-06, 0.143871456516265, 0.9895963843872291, 0.013996811790447018, 0.0, 0.0, 0.0, 1.0], "right_foot_pose": [0.9999999999999973, -7.065855141687489e-08, 7.760326881101525e-09, -2.0975965735034304e-07, 7.10676339541196e-08, 0.9915008470078204, -0.13010023206270588, -0.14000168284102782, 1.4983232244494233e-09, 0.1301002320627059, 0.9915008470078228, 3.027146151801663e-09, 0.0, 0.0, 0.0, 1.0]}, {"left_foot_pose": [0.9974139118083869, -0.07147183923302128, 0.00756734614915665, -0.02848859386409264, 0.07187133315346729, 0.9918718109534636, -0.10499915288534827, 0.003595033224126536, -1.35475445101347e-06, 0.10527149107211554, 0.99444351934417, 0.006287910323446395, 0.0, 0.0, 0.0, 1.0], "right_foot_pose": [0.9999999999999974, -7.092217617815761e-08, 4.7891208221355835e-09, -2.094547770128296e-07, 7.105353622871837e-08, 0.9953425060963546, -0.09640174042943302, -0.1400016829483871, 2.0702054812527946e-09, 0.09640174042943295, 0.995342506096357, 4.2919605786062576e-09, 0.0, 0.0, 0.0, 1.0]}, {"left_foot_pose": [0.9971876627986992, -0.07478965101117918, 0.00482423711005169, -0.029709258740350627, 0.07494508097245013, 0.9951198500775824, -0.06418503579187186, 0.0037490870273774873, -3.176826794634217e-07, 0.06436607866879052, 0.9979263539543904, 0.000915837768882613, 0.0, 0.0, 0.0, 1.0], "right_foot_pose": [0.9999999999999971, -7.103046027473807e-08, 1.5308508904970094e-09, -2.0909615200122473e-07, 7.100098908628205e-08, 0.9983460522354715, -0.057490520834697086, -0.14000168271202804, 2.5552593074777362e-09, 0.057490520834696905, 0.9983460522354738, 5.4165238336234545e-09, 0.0, 0.0, 0.0, 1.0]}, {"left_foot_pose": [0.99715274736149, -0.07538937316976076, 0.0016854799031742502, -0.029893206414763816, 0.0754082119495847, 0.9969036338507321, -0.022287808007359442, 0.0037723058338897525, 2.8347459392763874e-09, 0.022351448012979017, 0.9997501751796415, 5.9233245322531936e-09, 0.0, 0.0, 0.0, 1.0], "right_foot_pose": [0.9999999999999972, -7.098548179552924e-08, -1.5977215106483732e-09, -2.0882130369778262e-07, 7.095031365743735e-08, 0.9998689494644112, -0.016189005433613443, -0.1400016824992708, 2.746696422869337e-09, 0.016189005433613138, 0.9998689494644137, 5.943092379334658e-09, 0.0, 0.0, 0.0, 1.0]}, {"left_foot_pose": [0.9971527473659643, -0.07539189800465351, -0.0015684819942445262, -0.02989320628589165, 0.07540821189041944, 0.9969370231169911, 0.020740624824787137, 0.003772305621432195, 2.6988114663077638e-09, -0.02079984744869166, 0.999783659771509, 5.532324473533912e-09, 0.0, 0.0, 0.0, 1.0], "right_foot_pose": [0.9999999999999973, -7.080496929328799e-08, -4.4322686076898225e-09, -2.087122681038822e-07, 7.08966518386951e-08, 0.9996581132916242, 0.02614682638916758, -0.14000168264855345, 2.579427962367754e-09, -0.02614682638916798, 0.999658113291627, 5.819072820822946e-09, 0.0, 0.0, 0.0, 1.0]}, {"left_foot_pose": [0.9971527473689829, -0.07526655605030663, -0.004619951819691433, -0.02989320620193305, 0.07540821185050246, 0.9952795782237439, 0.061091429483005916, 0.0037723054952900348, 2.1971402459710396e-09, -0.061265869055236365, 0.9981214822299478, 4.4731035264700125e-09, 0.0, 0.0, 0.0, 1.0], "right_foot_pose": [0.9999999999964837, 2.6456020101314117e-06, 1.813051397347817e-07, -8.710538296102315e-06, -2.6517963308373448e-06, 0.9978518710567705, 0.06551063594157903, -0.13999671668135086, -7.600602976289394e-09, -0.06551063594182965, 0.9978518710602776, 3.7403572449599964e-05, 0.0, 0.0, 0.0, 1.0]}, {"left_foot_pose": [0.9971527473691926, -0.0750584539239209, -0.007254440614065162, -0.029893206180179255, 0.07540821184773178, 0.9925277613323071, 0.09592833038580083, 0.003772305812952034, 1.536134479817949e-09, -0.09620224258940319, 0.9953618078471623, 3.0482586871327655e-09, 0.0, 0.0, 0.0, 1.0], "right_foot_pose": [0.9999999608034658, 0.00027861746351492424, 2.7665420676002097e-05, -0.0008747311274144043, -0.00027998758330277646, 0.9951557080042109, 0.09831092733562607, -0.13949093207516536, -1.4026009009250761e-07, -0.09831093122815288, 0.9951557470069866, 0.0034929896386215187, 0.0, 0.0, 0.0, 1.0]}, {"left_foot_pose": [0.997152747368201, -0.07481976594026075, -0.009402182762216498, -0.029893206189328128, 0.07540821186084161, 0.9893714947362903, 0.12432878583510032, 0.0037723058509340143, 9.574186197690245e-10, -0.12468379216211062, 0.9921965289054767, 1.900925659936714e-09, 0.0, 0.0, 0.0, 1.0], "right_foot_pose": [0.9999995448695707, 0.0009466532109798214, 0.00011877857290126083, -0.002979669506057753, -0.0009540757602409169, 0.9922598234565039, 0.12417541018056558, -0.13826158804690952, -3.0815500521394e-07, -0.12417546698831523, 0.9922602750277464, 0.010538497674201702, 0.0, 0.0, 0.0, 1.0]}, {"left_foot_pose": [0.9971527473668915, -0.07459300524845047, -0.011058118586168352, -0.02989320622808183, 0.07540821187815795, 0.986372947175525, 0.14622588916333792, 0.0037723057197007505, 5.022348428354246e-10, -0.14664342006470862, 0.9891894193488556, 1.0553786178313374e-09, 0.0, 0.0, 0.0, 1.0], "right_foot_pose": [0.9999981146075888, 0.0019220325920061795, 0.0002767164299630599, -0.006064146333532437, -0.0019418499036878852, 0.9898270322965224, 0.1422626983928354, -0.13646016930080662, -4.6785972040509504e-07, -0.14226296751359654, 0.989828898382951, 0.018295209228953134, 0.0, 0.0, 0.0, 1.0]}, {"left_foot_pose": [0.9971527473658542, -0.07441009637925583, -0.01222849040395048, -0.02989320627712796, 0.0754082118918735, 0.9839542697520585, 0.16170218494493055, 0.0037723055268429166, 1.791004461680245e-10, -0.16216390656839785, 0.9867638356802894, 4.880804371776293e-10, 0.0, 0.0, 0.0, 1.0], "right_foot_pose": [0.9999950064268173, 0.0031245288969465493, 0.0004737516248036499, -0.009868786647814397, -0.003160240670894638, 0.9887220239761522, 0.1497289958004231, -0.13423815779569773, -5.760912486093207e-07, -0.14972974528687777, 0.9887269609836654, 0.023884418725304023, 0.0, 0.0, 0.0, 1.0]}, {"left_foot_pose": [0.997152747365424, -0.07429280631063594, -0.012921971679180596, -0.02989320635028759, 0.0754082118975596, 0.9824032961030317, 0.17087236577139273, 0.0037723054300237164, -4.31742668554703e-12, -0.17136027175629198, 0.9852084334107228, 1.7723916084788627e-10, 0.0, 0.0, 0.0, 1.0], "right_foot_pose": [0.9999897568041674, 0.0044790607123724934, 0.0006513845843537284, -0.014134212610984785, -0.004526177900244345, 0.9895989209002598, 0.14378278571044775, -0.13174703383932024, -5.976551764147197e-07, -0.1437842611977268, 0.9896090572703277, 0.025000002734630808, 0.0, 0.0, 0.0, 1.0]}, {"left_foot_pose": [0.997152747365634, -0.07424839610192763, -0.013174752273196443, -0.029893206475866317, 0.07540821189478562, 0.9818160421803298, 0.17421498470620944, 0.003772305412728447, -5.778185975459793e-11, -0.17471243514313725, 0.984619502653871, 5.7304855305417846e-11, 0.0, 0.0, 0.0, 1.0], "right_foot_pose": [0.9999822593212263, 0.005906681229838608, 0.0007695191127559762, -0.018601036057112264, -0.005956596555007302, 0.9916143734079258, 0.12909474585856448, -0.12913828587576812, -5.447005873300491e-07, -0.12909703934504305, 0.9916319652129248, 0.025000003483804788, 0.0, 0.0, 0.0, 1.0]}, {"left_foot_pose": [0.9971527473663608, -0.07427784446942629, -0.013007699285193316, -0.029893206574634307, 0.07540821188516772, 0.9822054499001961, 0.17200597596198874, 0.003772305388635452, -1.7371132022487193e-12, -0.17249711883776586, 0.9850100222803171, 1.3767358086891335e-10, 0.0, 0.0, 0.0, 1.0], "right_foot_pose": [0.9999728527221798, 0.007325261418420802, 0.000796469596082371, -0.02300988112616376, -0.0073684339228676145, 0.9941202876212573, 0.10803036573738521, -0.12656339911498588, -4.359137851058662e-07, -0.108033301740624, 0.9941472756663519, 0.024992553855609577, 0.0, 0.0, 0.0, 1.0]}, {"left_foot_pose": [0.9971527473674887, -0.07437947859432523, -0.012413363021581377, -0.029893206550588584, 0.07540821187025518, 0.9835493988755742, 0.16414682925365262, 0.003772305535787936, 1.6510189710963029e-10, -0.1646155312706958, 0.9863578087410612, 4.512349383034575e-10, 0.0, 0.0, 0.0, 1.0], "right_foot_pose": [0.9999623399822316, 0.008650988959671868, 0.0006921035180074062, -0.02710137271616525, -0.008678629913626524, 0.9967801506889309, 0.07971206041355616, -0.12417385262393686, -2.86894381557851e-07, -0.0797150649662395, 0.9968176906623125, 0.02183779564193071, 0.0, 0.0, 0.0, 1.0]}, {"left_foot_pose": [0.9971527473685635, -0.07454187152504166, -0.011397710510008388, -0.02989320649432711, 0.07540821185604271, 0.9856967857774855, 0.15071644930998426, 0.0037723057147416956, 4.1376212420593844e-10, -0.15114680247189838, 0.9885113272504882, 9.373304146742534e-10, 0.0, 0.0, 0.0, 1.0], "right_foot_pose": [0.9999519383699629, 0.00979313047836419, 0.0004642688742967809, -0.030616117370514465, -0.009804129238992855, 0.9988308085799624, 0.047338091230668455, -0.12212114075207105, -1.379510938047773e-07, -0.04734036783688646, 0.9988788162600353, 0.014923781913353362, 0.0, 0.0, 0.0, 1.0]}, {"left_foot_pose": [0.9971527473702374, -0.07474254250927041, -0.009997537258636679, -0.02989320657149731, 0.0754082118339108, 0.9883503386137974, 0.13220139844193982, 0.0037723058049585275, 6.920456505521905e-10, -0.13257888406998458, 0.9911724569915966, 1.48847308090172e-09, 0.0, 0.0, 0.0, 1.0], "right_foot_pose": [0.999943160557142, 0.010660614251605308, 0.000164191265741844, -0.03329474085760941, -0.010661878586458827, 0.9998246256452802, 0.015396178041414568, -0.12055675011634152, -2.9755755959343147e-08, -0.015397053518573003, 0.9998814583454105, 0.0071292164179921486, 0.0, 0.0, 0.0, 1.0]}, {"left_foot_pose": [0.9971527473691228, -0.07495403312487496, -0.00826385700058458, -0.02989320642008624, 0.07540821184865089, 0.9911469630319751, 0.10927625203255474, 0.003772305635630314, 9.544493681018526e-10, -0.10958827761584983, 0.9939770668426875, 1.990717236888262e-09, 0.0, 0.0, 0.0, 1.0], "right_foot_pose": [0.9999376267303693, 0.011167673867392354, -0.0001603409753818738, -0.03487786763220449, -0.011168824863727604, 0.9998345970956022, -0.014353947256349926, -0.1196321644420101, 1.4252849989813981e-08, 0.014354842773999805, 0.9998969639362517, 0.0013328062007548283, 0.0, 0.0, 0.0, 1.0]}, {"left_foot_pose": [0.9971527473612851, -0.07514074284338783, -0.006345643764517799, -0.029893205322423944, 0.0754082119522957, 0.9936158977702348, 0.08391096035923114, 0.0037723051286477688, 6.319164554346727e-10, -0.08415055830589982, 0.9964530513460265, 2.3026457268704448e-09, 0.0, 0.0, 0.0, 1.0], "right_foot_pose": [0.9999364813996507, 0.011261216100498805, -0.00046709530507605475, -0.035196633463943146, -0.011270899080648164, 0.999077425129576, -0.04143990142809698, -0.11944600058397051, 6.895202487213166e-10, 0.04144253380760406, 0.999140889160085, 2.0589177376906243e-09, 0.0, 0.0, 0.0, 1.0]}, {"left_foot_pose": [0.997152747359854, -0.07527756467451435, -0.004436968488719997, -0.029893204453480034, 0.0754082119712146, 0.9954251459603704, 0.058671802060960176, 0.003772304743662966, -3.687087630255186e-10, -0.05883933247794714, 0.9982674656391197, 2.350756214686278e-09, 0.0, 0.0, 0.0, 1.0], "right_foot_pose": [0.9999364813995039, 0.01124516716444253, -0.000761171349138452, -0.035196632669808284, -0.011270899093639507, 0.9976535831214693, -0.06752995571237108, -0.11944600054733726, -3.1675566133001626e-10, 0.06753424538956164, 0.9977169567064913, 1.8321010472610588e-09, 0.0, 0.0, 0.0, 1.0]}, {"left_foot_pose": [0.9971527473656268, -0.07536055460187692, -0.00268052817195236, -0.029893206229261237, 0.07540821189488019, 0.9965225563753334, 0.03544567976479725, 0.003772305427774721, 7.0103393099206e-10, -0.03554689079609069, 0.9993680095714148, 1.5864573196799903e-09, 0.0, 0.0, 0.0, 1.0], "right_foot_pose": [0.9999364813996727, 0.011223788612013546, -0.0010294344243661007, -0.035196634379933374, -0.011270899078655298, 0.9957569207454148, -0.0913297411666568, -0.11944600033501414, 7.436715473823694e-10, 0.09133554268083464, 0.9958201738482694, 1.5426356511638595e-09, 0.0, 0.0, 0.0, 1.0]}, {"left_foot_pose": [0.9974543548617871, -0.07130470819404144, -0.0006697436967478585, -0.030359179440007846, 0.07130785347498395, 0.9974103301025037, 0.009371415987240212, 0.004830296844999384, -2.1680067811508987e-07, -0.009395317673087773, 0.9999558630288519, 0.0028444590417746676, 0.0, 0.0, 0.0, 1.0], "right_foot_pose": [0.9999364813998555, 0.011200775961882936, -0.0012553021659045896, -0.0351966348949367, -0.011270899062453592, 0.993715274635423, -0.11136839673161375, -0.11944600046712747, 4.755170844801562e-10, 0.11137547115095771, 0.9937783980475235, 1.0412279788374335e-09, 0.0, 0.0, 0.0, 1.0]}, {"left_foot_pose": [0.9982103168989745, -0.05978066657308481, 0.0015604936807245408, -0.03166613084367687, 0.059801030385296744, 0.9978699010371361, -0.02606717032963473, 0.007797741942374167, 1.143143225673687e-06, 0.026113837485421117, 0.9996589755964178, 0.009617039505921493, 0.0, 0.0, 0.0, 1.0], "right_foot_pose": [0.999936481399883, 0.01117980783250427, -0.001430056799434707, -0.03519663512404567, -0.011270899060027624, 0.9918550118658442, -0.12687238577005225, -0.11944600041414999, 1.1161150204480782e-10, 0.12688044503955098, 0.9919180171095624, 6.507310870706995e-10, 0.0, 0.0, 0.0, 1.0]}, {"left_foot_pose": [0.9991012384886497, -0.04228409554259692, 0.0029615054604241247, -0.03364228576846962, 0.04238767785048006, 0.9966529619219038, -0.06990106049797322, 0.012284617919635612, 4.109931745188338e-06, 0.06996376745460374, 0.997549533219613, 0.01743949455104566, 0.0, 0.0, 0.0, 1.0], "right_foot_pose": [0.9999364813998323, 0.011164305011084714, -0.0015464343962277136, -0.035196635118989725, -0.01127089906450971, 0.9904796212882365, -0.13719725451695267, -0.11944600022003621, -2.4098812098241306e-10, 0.13720596964538853, 0.9905425391641033, 3.9738119739229916e-10, 0.0, 0.0, 0.0, 1.0]}, {"left_foot_pose": [0.9997883299300134, -0.020431693174956602, 0.002416867758050101, -0.03611580181971666, 0.020574140780000878, 0.9928193073199434, -0.11784111228223139, 0.017900742239124, 8.180476114850503e-06, 0.11786589382324786, 0.9930295217194338, 0.023433119177008514, 0.0, 0.0, 0.0, 1.0], "right_foot_pose": [0.9999364813998117, 0.011157005669588937, -0.001598245992574755, -0.03519663487120315, -0.011270899066357531, 0.9898320316235243, -0.1417939209073589, -0.11944599998763102, -5.016122079968979e-10, 0.14180292802525304, 0.9898949083632387, 3.011039403921778e-10, 0.0, 0.0, 0.0, 1.0]}, {"left_foot_pose": [0.9999915072913845, 0.004065529739755071, -0.000675879457350835, -0.038914827141621325, -0.004121310061099032, 0.9869332730744613, -0.16107678076591828, 0.02425592385747491, 1.2185482459236793e-05, 0.16107819829656198, 0.98694164664637, 0.025000008639277496, 0.0, 0.0, 0.0, 1.0], "right_foot_pose": [0.999936481399939, 0.011159690080447007, -0.0015793931801523912, -0.03519663443036807, -0.011270899055050432, 0.99007018820137, -0.14012133766630486, -0.11944599986478485, -5.988963500697346e-10, 0.14013023853619924, 0.9901330800694358, 4.2645745962355264e-10, 0.0, 0.0, 0.0, 1.0]}, {"left_foot_pose": [0.999544799931315, 0.029580418972943615, -0.0059322629454276, -0.04186749866106079, -0.030169400050782263, 0.9801299976998858, -0.19604845041315389, 0.030959969289607227, 1.5193564839327818e-05, 0.19613818195906693, 0.9805762659512764, 0.02500000780376859, 0.0, 0.0, 0.0, 1.0], "right_foot_pose": [0.9999364814002774, 0.011172292820350415, -0.0014876283031864542, -0.035196634040995184, -0.011270899025015366, 0.9911882878486595, -0.13198009269132593, -0.11944599979512027, -4.912139581533688e-10, 0.13198847640903874, 0.9912512507408101, 7.714970468031268e-10, 0.0, 0.0, 0.0, 1.0]}, {"left_foot_pose": [0.998428714382384, 0.05463805614452025, -0.012441266715603968, -0.04480197428564375, -0.05603661322451237, 0.9735756405094534, -0.22138285883269046, 0.037622700710080066, 1.6585141057896095e-05, 0.22173216958158493, 0.975107606727369, 0.025000005910895358, 0.0, 0.0, 0.0, 1.0], "right_foot_pose": [0.9999364814008289, 0.01119340966324229, -0.0013193725176613045, -0.035196633614273276, -0.01127089897610317, 0.9930617495378262, -0.11705267378895022, -0.11944599976391325, -1.4921695594752025e-10, 0.11706010928144017, 0.9931248314361177, 1.3963274772543777e-09, 0.0, 0.0, 0.0, 1.0]}, {"left_foot_pose": [0.9967792240829224, 0.0781294149013247, -0.018082393752624, -0.04754640725759289, -0.08019462703213134, 0.9711524422104293, -0.2245701578213303, 0.043853931783763594, 1.522581899241224e-05, 0.22529697848816455, 0.9742901371009969, 0.02245972590739976, 0.0, 0.0, 0.0, 1.0], "right_foot_pose": [0.9999364814013081, 0.011226357019197789, -0.0010010348889370093, -0.03519663321912091, -0.01127089893359701, 0.9959847989968689, -0.08881017399147159, -0.11944600036815899, 8.124812576379174e-10, 0.08881581545673213, 0.9960480665734741, 2.5784140378348752e-09, 0.0, 0.0, 0.0, 1.0]}, {"left_foot_pose": [0.994873302014882, 0.09878622187674987, -0.021642442221791965, -0.04992893789890064, -0.10112918864092015, 0.9718492987712584, -0.2127952717581938, 0.04926347381673003, 1.1951366717583056e-05, 0.21389301728932594, 0.976857091396707, 0.0158385621772828, 0.0, 0.0, 0.0, 1.0], "right_foot_pose": [0.9999364814016909, 0.011252237987152651, -0.0006483072463921069, -0.03519663279529874, -0.011270898899610518, 0.9982809226757337, -0.05751666071392261, -0.1194460009206318, 1.6015260487437444e-09, 0.05752031434168452, 0.9983443361075542, 4.151291942144919e-09, 0.0, 0.0, 0.0, 1.0]}, {"left_foot_pose": [0.9930913955183105, 0.11525850943179435, -0.02202171998406412, -0.05177772570285684, -0.11734342798814049, 0.9754583910138527, -0.18631008375463395, 0.053461150479267076, 7.448997340773717e-06, 0.1876070451881475, 0.9822441634035226, 0.007998175903150079, 0.0, 0.0, 0.0, 1.0], "right_foot_pose": [0.9999364814015244, 0.011268972181011949, -0.00020839463198609446, -0.03519663262262862, -0.011270898914419123, 0.9997655488405325, -0.018488217579034787, -0.1194460013899539, 2.5640482717430284e-09, 0.01848939202819713, 0.9998290565803875, 6.093050321231974e-09, 0.0, 0.0, 0.0, 1.0]}, {"left_foot_pose": [0.991857323097056, 0.12591061780360496, -0.019119804995286562, -0.05292092322914873, -0.12735403649084012, 0.9806190873473998, -0.14888638258565967, 0.056056780845569774, 2.8693108336541394e-06, 0.15010903322008373, 0.9886694483686141, 0.00181727589794696, 0.0, 0.0, 0.0, 1.0], "right_foot_pose": [0.9999364814004166, 0.011266558902024196, 0.0003127539945615795, -0.03519663283217194, -0.01127089901267334, 0.9995514248077456, 0.02774736023934151, -0.11944600160360565, 3.5676337966577817e-09, -0.027749122784565636, 0.9996149189486355, 8.059902752155512e-09, 0.0, 0.0, 0.0, 1.0]}, {"left_foot_pose": [0.9915267085865719, 0.12921322564577273, -0.013368937044315621, -0.05321225204144821, -0.12990298749251364, 0.986261880594555, -0.10204272010590709, 0.05671824217513971, 3.972323776838234e-09, 0.10291474726348657, 0.9946901803052516, 1.0569955508077378e-08, 0.0, 0.0, 0.0, 1.0], "right_foot_pose": [0.9999364813956845, 0.011235565986330775, 0.0008917572453467174, -0.03519663544080847, -0.011270899432512147, 0.9968017244233253, 0.07911566856613997, -0.11944600176492315, 4.15479881575663e-09, -0.07912069415552384, 0.9968650439033101, 9.052961970346107e-09, 0.0, 0.0, 0.0, 1.0]}, {"left_foot_pose": [0.9915267086019419, 0.12973242146318095, -0.006654693854775097, -0.0532122563176316, -0.129902987375199, 0.9902248098773342, -0.050794091924126906, 0.05671824058147374, 2.4157959089315627e-09, 0.05122816339375646, 0.9986869756211423, 1.0821043935904662e-08, 0.0, 0.0, 0.0, 1.0], "right_foot_pose": [0.9999364813894149, 0.011173236769852324, 0.0014805291758204049, -0.03519663978650271, -0.01127089998871551, 0.9912719235773896, 0.13135044857413372, -0.11944600205812074, 2.657717106134249e-09, -0.1313587922724118, 0.9913348917962755, 9.175696528973543e-09, 0.0, 0.0, 0.0, 1.0]}, {"left_foot_pose": [0.9915267085627004, 0.12990289697757654, -0.0001535045668667879, -0.05321225076483872, -0.12990298767472144, 0.9915260163186284, -0.0011716469149067874, 0.056718241754488856, 3.4431906888287457e-09, 0.0011816599109927114, 0.9999993018396843, 8.222830104320789e-09, 0.0, 0.0, 0.0, 1.0], "right_foot_pose": [0.9999364813956935, 0.011085699763814294, 0.0020348058251058307, -0.03519663458327814, -0.011270899431691454, 0.9835058002450517, 0.18052508886672977, -0.11944600184369134, 3.603648441290647e-09, -0.18053655625686063, 0.983568275136461, 9.036935200157359e-09, 0.0, 0.0, 0.0, 1.0]}, {"left_foot_pose": [0.991526708543299, 0.12978097660097973, 0.005628886016652745, -0.053212248864931304, -0.12990298782280732, 0.9905954174828198, 0.042964317948109405, 0.056718242333526764, 2.4486711103407494e-09, -0.04333147787157409, 0.9990607504178444, 5.597963766146297e-09, 0.0, 0.0, 0.0, 1.0], "right_foot_pose": [0.999895096963693, 0.014125751199556297, 0.0032028457682001447, -0.03595222830706304, -0.01448430343820797, 0.9752144594602805, 0.22078714413095393, -0.1185615976630347, -4.677238515784324e-06, -0.22081037387912958, 0.9753167581690999, 0.0022502996799993874, 0.0, 0.0, 0.0, 1.0]}, {"left_foot_pose": [0.9915267085409647, 0.12948122119301972, 0.010459426766623382, -0.053212248499336215, -0.12990298784062662, 0.9883074368204231, 0.07983498027508973, 0.05671824234959878, 1.4816067543332493e-09, -0.08051722600667725, 0.9967532173593375, 3.566388656617292e-09, 0.0, 0.0, 0.0, 1.0], "right_foot_pose": [0.9996819253706749, 0.024426866739214022, 0.006275051273481266, -0.03847704197849633, -0.02521999169573387, 0.968345098948502, 0.24833791768733748, -0.11560637990865344, -1.0297924683948223e-05, -0.2484171844372294, 0.968653138316411, 0.008710107286508721, 0.0, 0.0, 0.0, 1.0]}, {"left_foot_pose": [0.9915267085437811, 0.12911376537306712, 0.014297616428108138, -0.05321224847003413, -0.1299029878191285, 0.9855027115535352, 0.10913120212062832, 0.05671824214742058, 6.668304901877393e-10, -0.11006380473079592, 0.9939245237381872, 2.070061316805649e-09, 0.0, 0.0, 0.0, 1.0], "right_foot_pose": [0.9991163044587561, 0.04055115140604479, 0.011055056956992576, -0.04243222093339303, -0.04203105921364216, 0.964031520649352, 0.26244355060827235, -0.11097696779039558, -1.5035212858942455e-05, -0.2626762861663414, 0.9648840181388643, 0.016558462155245604, 0.0, 0.0, 0.0, 1.0]}, {"left_foot_pose": [0.991526708548157, 0.1287652151557928, 0.017155337406813104, -0.053212248648655744, -0.12990298778572856, 0.982842289685166, 0.13094368014822955, 0.05671824187090794, 5.0344185970972006e-11, -0.13206268576817415, 0.991241366685076, 1.044370888381163e-09, 0.0, 0.0, 0.0, 1.0], "right_foot_pose": [0.9979889492063881, 0.06119481204547165, 0.016530343028751802, -0.04746122483645733, -0.06338814513478272, 0.9635302274182039, 0.25998354545585395, -0.1050906797727942, -1.7840978708021458e-05, -0.26050853312347344, 0.9654715448171198, 0.022916656501845017, 0.0, 0.0, 0.0, 1.0]}, {"left_foot_pose": [0.9915267085565929, 0.12852525605895979, 0.018869148733024456, -0.053212249125254706, -0.1299029877213381, 0.9810107245794113, 0.14402490076805985, 0.056718241670205116, -2.070011640015351e-11, -0.14525569460492263, 0.9893941495606502, 4.586039326071045e-10, 0.0, 0.0, 0.0, 1.0], "right_foot_pose": [0.996142097480065, 0.0852512433609503, 0.020812187137077266, -0.053207515138355005, -0.08775489337261491, 0.9677702217795846, 0.23605058043956229, -0.09836483041526291, -1.780948282071786e-05, -0.23696629157351767, 0.9715178723732862, 0.025000005327004776, 0.0, 0.0, 0.0, 1.0]}, {"left_foot_pose": [0.9915267085567754, 0.12837965915107982, 0.019835557335768732, -0.05321224936065898, -0.12990298771994405, 0.9798994091160682, 0.15140132692751757, 0.05671824168887279, -1.668321306174311e-10, -0.15269515752057658, 0.9882733371237774, 1.3801918635758526e-10, 0.0, 0.0, 0.0, 1.0], "right_foot_pose": [0.9935273283669096, 0.11126445340540585, 0.02288381953492853, -0.059314541772474375, -0.1135933428762177, 0.9731856304021949, 0.2000157024658011, -0.09121674955045812, -1.5566532753790234e-05, -0.2013205160610269, 0.9795254205841748, 0.02500000745018561, 0.0, 0.0, 0.0, 1.0]}, {"left_foot_pose": [0.9915267085556729, 0.12835586135837795, 0.01998897385318597, -0.053212249569778, -0.12990298772835993, 0.9797177646693438, 0.15257232832512851, 0.05671824169464654, -1.5985244781801358e-10, -0.15387616594604317, 0.988090140399016, 8.455833949705394e-11, 0.0, 0.0, 0.0, 1.0], "right_foot_pose": [0.9902399827555937, 0.13759271082686958, 0.02220410951861956, -0.06542576439086392, -0.13937279651904047, 0.9776061676355235, 0.15767499672251872, -0.08406375938492698, -1.1944183587853402e-05, -0.15923073487332043, 0.9872413954697395, 0.025000008636727612, 0.0, 0.0, 0.0, 1.0]}, {"left_foot_pose": [0.9915267085536636, 0.12845279930873585, 0.01935625414404849, -0.053212249619185956, -0.1299029877436978, 0.9804576747455922, 0.14774289088727055, 0.056718241791881126, -1.742371918868949e-11, -0.1490054575584967, 0.9888363735309215, 2.9962610864631145e-10, 0.0, 0.0, 0.0, 1.0], "right_foot_pose": [0.9865300546261513, 0.1625558049267298, 0.018