{"LoopMode": "Wrap", "FrameDuration": 0.0167, "EnableCycleOffsetPosition": true, "EnableCycleOffsetRotation": false, "Debug_info": [{"left_foot_pose": [1.0000000000000007, 9.035875657801871e-14, -5.435485395111076e-12, 7.74998255124883e-13, -3.456307249816223e-14, 0.9999479323978575, 0.010204532975631586, -7.49973000369053e-14, 5.4356054759488124e-12, -0.010204532975631758, 0.9999479323978576, 1.1644525621523627e-11, 0.0, 0.0, 0.0, 1.0], "right_foot_pose": [0.9999999999999997, -1.3552320548483162e-13, -5.481448628330553e-12, 8.446943352528666e-14, 5.751394133576469e-14, 0.9998985930922546, -0.014240910509162126, -0.14000000000149232, 5.482702716436075e-12, 0.014240910509161977, 0.9998985930922544, 9.469043604770633e-12, 0.0, 0.0, 0.0, 1.0]}, {"left_foot_pose": [1.0000000000000007, 1.529187560291483e-13, -1.2109757641098901e-11, 1.9960325165337242e-12, -5.772240107058111e-14, 0.9999693161641601, 0.007833691989274758, 5.216365533966538e-13, 1.2110178967153051e-11, -0.00783369198927493, 0.9999693161641603, 2.5176034867957497e-11, 0.0, 0.0, 0.0, 1.0], "right_foot_pose": [0.9999999999999998, -3.3000604076770977e-13, -1.2188861031603436e-11, 6.106504683837742e-13, 1.2754190876923393e-13, 0.999862007482853, -0.01661222418460221, -0.14000000000262575, 1.2192415030299694e-11, 0.016612224184602058, 0.9998620074828529, 2.1977454578436806e-11, 0.0, 0.0, 0.0, 1.0]}, {"left_foot_pose": [1.0000000000000007, 1.5892325711423507e-13, -2.1263157901074698e-11, 3.767531099135282e-12, -6.225411382263011e-14, 0.9999897360348423, 0.004530764280693728, 1.5975016448566137e-12, 2.126333467425021e-11, -0.0045307642806939, 0.9999897360348424, 4.361842137479144e-11, 0.0, 0.0, 0.0, 1.0], "right_foot_pose": [1.0, -6.716615629631625e-13, -2.139471932949277e-11, 1.4764312895640032e-12, 2.4548736185357354e-13, 0.9998016440432441, -0.01991664049046078, -0.14000000000391358, 2.1403524754318577e-11, 0.01991664049046063, 0.999801644043244, 3.938346176957097e-11, 0.0, 0.0, 0.0, 1.0]}, {"left_foot_pose": [1.0000000000000007, 3.430943029010769e-14, -3.2773284086573546e-11, 6.0935723645085355e-12, -2.3733941151984555e-14, 0.9999999511440257, 0.0003125891027035523, 3.2199052452108745e-12, 3.277305891857605e-11, -0.00031258910270372584, 0.9999999511440258, 6.681741271385988e-11, 0.0, 0.0, 0.0, 1.0], "right_foot_pose": [0.9999999999999998, -1.2309575630002747e-12, -3.2989999620980364e-11, 2.7051058471136825e-12, 4.3435169614857753e-13, 0.9997086330831504, -0.024138122110455382, -0.14000000000525142, 3.3009838893177115e-11, 0.02413812211045523, 0.9997086330831502, 6.14648540397944e-11, 0.0, 0.0, 0.0, 1.0]}, {"left_foot_pose": [1.0000000000000004, -3.1289459996721057e-13, -4.677153109255983e-11, 9.037027359511047e-12, 8.81293161191219e-14, 0.9999884192343139, -0.004812628934256261, 5.511435058336289e-12, 4.677224531419768e-11, 0.004812628934256088, 0.9999884192343141, 9.514699444990171e-11, 0.0, 0.0, 0.0, 1.0], "right_foot_pose": [1.0, -2.106621769278582e-12, -4.712630286007878e-11, 4.357442726341144e-12, 7.264266008510844e-13, 0.999571557027425, -0.029269478672657404, -0.14000000000654378, 4.716751024137669e-11, 0.029269478672657254, 0.9995715570274251, 8.84936984801854e-11, 0.0, 0.0, 0.0, 1.0]}, {"left_foot_pose": [1.0000000000000007, -1.0042813056859187e-12, -6.367567584319998e-11, 1.2732464008982773e-11, 3.1332154709529107e-13, 0.9999410765623014, -0.010855570156684254, 8.671287646255799e-12, 6.368255667258562e-11, 0.010855570156684077, 0.9999410765623016, 1.295783480514956e-10, 0.0, 0.0, 0.0, 1.0], "right_foot_pose": [1.0, -3.4388055989232797e-12, -6.424577536634499e-11, 6.544313125578736e-12, 1.1673923591250788e-12, 0.999375960639552, -0.03532264565080678, -0.1400000000076874, 6.432712293244102e-11, 0.03532264565080665, 0.999375960639552, 1.213061456839526e-10, 0.0, 0.0, 0.0, 1.0]}, {"left_foot_pose": [1.0000000000000007, -2.2106240035722906e-12, -8.41926528494241e-11, 1.7396545619458948e-11, 7.078419168042769e-13, 0.999840692065884, -0.0178491033168339, 1.2999327309026754e-11, 8.421847734966222e-11, 0.017849103316833724, 0.999840692065884, 1.7172202548820792e-10, 0.0, 0.0, 0.0, 1.0], "right_foot_pose": [0.9999999999999999, -5.429716090403531e-12, -8.509309923354632e-11, 9.440218966684284e-12, 1.822755402972566e-12, 0.9991035971782373, -0.04233204584598395, -0.1400000000085455, 8.52463490152743e-11, 0.0423320458459838, 0.9991035971782372, 1.6132926244916135e-10, 0.0, 0.0, 0.0, 1.0]}, {"left_foot_pose": [1.0000000000000004, -4.178984760931133e-12, -1.0931183735962685e-10, 2.3339013575859386e-11, 1.3523639077199324e-12, 0.9996658674031891, -0.025848666291131236, 1.8923633493539427e-11, 1.0938292786865827e-10, 0.025848666291131063, 0.9996658674031893, 2.2385433784410935e-10, 0.0, 0.0, 0.0, 1.0], "right_foot_pose": [1.0, -8.371984475622546e-12, -1.107098857033861e-10, 1.3298521574926438e-11, 2.7866329379562324e-12, 0.9987313795649562, -0.05035505408873486, -0.14000000000891155, 1.1099072561485697e-10, 0.05035505408873472, 0.9987313795649564, 2.1058309956911714e-10, 0.0, 0.0, 0.0, 1.0]}, {"left_foot_pose": [1.0000000000000004, -7.267341280391935e-12, -1.402841176556534e-10, 3.097647847645824e-11, 2.3630197573460735e-12, 0.9993897363305532, -0.0349307159552778, 2.7031449995051915e-11, 1.404522213826405e-10, 0.03493071595527761, 0.9993897363305534, 2.889461794830517e-10, 0.0, 0.0, 0.0, 1.0], "right_foot_pose": [0.9999999999999998, -1.2684963081650451e-11, -1.424240170244672e-10, 1.8471226160326588e-11, 4.1925394309464305e-12, 0.9982300604068122, -0.05947055153781862, -0.1400000000084634, 1.4292621642322815e-10, 0.05947055153781847, 0.9982300604068121, 2.716745994835179e-10, 0.0, 0.0, 0.0, 1.0]}, {"left_foot_pose": [1.0000000000000004, -1.1980901337018892e-11, -1.785165903989137e-10, 4.083482595278671e-11, 3.902125748420867e-12, 0.9989784831278432, -0.04518838620258753, 3.808180507047787e-11, 1.7887547742509543e-10, 0.04518838620258735, 0.9989784831278434, 3.705459827862967e-10, 0.0, 0.0, 0.0, 1.0], "right_foot_pose": [1.0, -1.8950841381278716e-11, -1.8174745042287544e-10, 2.5421685849781595e-11, 6.223362975508712e-12, 0.9975627760086909, -0.06977469399312812, -0.14000000000670682, 1.8262650803401498e-10, 0.06977469399312797, 0.9975627760086908, 3.4764070788728674e-10, 0.0, 0.0, 0.0, 1.0]}, {"left_foot_pose": [1.0000000000000002, -1.898023085885399e-11, -2.251622222004809e-10, 5.3495321788933516e-11, 6.178531709151609e-12, 0.9983900522192422, -0.05672128021880343, 5.292846889937142e-11, 2.2587594071979079e-10, 0.056721280218803245, 0.9983900522192422, 4.720868210239537e-10, 0.0, 0.0, 0.0, 1.0], "right_foot_pose": [0.9999999999999998, -2.7912452839059557e-11, -2.2997015403092276e-10, 3.469321800507833e-11, 9.107104778174577e-12, 0.9966838998494651, -0.08137077965007775, -0.14000000000292556, 2.314788251550457e-10, 0.0813707796500776, 0.9966838998494649, 4.4124084247476603e-10, 0.0, 0.0, 0.0, 1.0]}, {"left_foot_pose": [1.0000000000000004, -2.8970759906231527e-11, -2.8002911101054854e-10, 6.939131221437589e-11, 9.407483042724133e-12, 0.9975741527865334, -0.06961185022846966, 7.218492123484133e-11, 2.813663485608543e-10, 0.0696118502284695, 0.9975741527865335, 5.94767443629074e-10, 0.0, 0.0, 0.0, 1.0], "right_foot_pose": [1.0, -4.032447203756355e-11, -2.870412241229301e-10, 4.674863407650441e-11, 1.3063626591497069e-11, 0.9955395097714191, -0.09434555889962568, -0.13999999999621826, 2.895652696494466e-10, 0.09434555889962552, 0.995539509771419, 5.529330812659161e-10, 0.0, 0.0, 0.0, 1.0]}, {"left_foot_pose": [1.0000000000000002, -4.2202794665264154e-11, -3.3875713345565755e-10, 8.819388436955761e-11, 1.3642923675617952e-11, 0.9964767098085702, -0.08386993984192133, 9.517528778979489e-11, 3.4110298455731615e-10, 0.08386993984192115, 0.9964767098085704, 7.31589830382795e-10, 0.0, 0.0, 0.0, 1.0], "right_foot_pose": [0.9999999999999999, -5.6335108050656595e-11, -3.4863800735251935e-10, 6.143031965258351e-11, 1.8099720907295676e-11, 0.9940731492728461, -0.10871326457597563, -0.13999999998586035, 3.526958599598091e-10, 0.10871326457597551, 0.9940731492728462, 6.754121567587035e-10, 0.0, 0.0, 0.0, 1.0]}, {"left_foot_pose": [1.0000000000000007, -5.6874739203561015e-11, -3.8601233320889507e-10, 1.0712724636210604e-10, 1.8261271453609036e-11, 0.995057110701727, -0.0993043123027996, 1.1712377422090636e-10, 3.8975205700487826e-10, 0.0993043123027994, 0.9950571107017271, 8.519456320965624e-10, 0.0, 0.0, 0.0, 1.0], "right_foot_pose": [0.9999999999999999, -7.356252171089899e-11, -3.990164310074813e-10, 7.642136751720004e-11, 2.3400302975134484e-11, 0.9922465063129046, -0.12428544045798445, -0.13999999997265009, 4.050652371547323e-10, 0.1242854404579843, 0.9922465063129047, 7.799054735357913e-10, 0.0, 0.0, 0.0, 1.0]}, {"left_foot_pose": [1.0000000000000002, -6.522062521586359e-11, -3.822747673964943e-10, 1.170355924312704e-10, 2.0738681314396182e-11, 0.9933393355578608, -0.11522571081780669, 1.2323448164708317e-10, 3.872435561451642e-10, 0.1152257108178065, 0.9933393355578609, 8.691734901256076e-10, 0.0, 0.0, 0.0, 1.0], "right_foot_pose": [0.9999999999999998, -8.245486916764173e-11, -3.96964017213008e-10, 8.366139965524167e-11, 2.591701260929357e-11, 0.990099215262251, -0.14036931266154626, -0.1399999999624574, 4.046075989479667e-10, 0.14036931266154612, 0.9900992152622509, 7.882467664699355e-10, 0.0, 0.0, 0.0, 1.0]}, {"left_foot_pose": [0.9999999919020399, 0.00012612413434075204, -1.6988926371866096e-05, -2.1385512948856963e-05, -0.00012726247275209564, 0.9914937766963527, -0.1301540417223627, 3.8439954908587454e-05, 4.288489270602841e-07, 0.130154042830433, 0.9914937847181445, 0.0001638610610409097, 0.0, 0.0, 0.0, 1.0], "right_foot_pose": [1.0, -6.570506979010811e-11, -2.8612567870567277e-10, 9.503969844525553e-12, 2.0527929251336854e-11, 0.9878966517357758, -0.15511352452073074, -0.14000000000985655, 2.9285441885156066e-10, 0.1551135245207306, 0.9878966517357758, 5.536664668404079e-10, 0.0, 0.0, 0.0, 1.0]}, {"left_foot_pose": [0.999993542586596, 0.003551885608621035, -0.0005467117466678845, -0.000603961714343549, -0.0035937137824081544, 0.9884606342121961, -0.15143533218530728, 0.0010856213323347484, 2.522062816659928e-06, 0.15143631903030208, 0.9884670157735123, 0.004191209203055178, 0.0, 0.0, 0.0, 1.0], "right_foot_pose": [0.9999999999999998, -3.789154764496421e-11, -1.2656675707489716e-10, -1.8547638398880586e-10, 1.6241477667789988e-11, 0.9859806030415329, -0.166859972509452, -0.14000000010664518, 1.3111480459550033e-10, 0.16685997250945192, 0.985980603041533, 2.8946667979257157e-10, 0.0, 0.0, 0.0, 1.0]}, {"left_foot_pose": [0.9999378851475582, 0.01096154339275099, -0.0020175264752283362, -0.0018732002962985573, -0.011145663823459441, 0.9834997418293844, -0.18056586609730402, 0.003367083186050574, 4.956191045485609e-06, 0.18057713694702288, 0.9835608255656855, 0.011469802167949156, 0.0, 0.0, 0.0, 1.0], "right_foot_pose": [1.0, -2.8302141443463226e-12, 6.51625975400805e-11, -2.499230451026057e-10, 1.4166401912334367e-11, 0.9846333768257356, -0.17463422700246758, -0.14000000004262184, -6.366714085403635e-11, 0.17463422700246742, 0.9846333768257356, 1.4820559363082353e-10, 0.0, 0.0, 0.0, 1.0]}, {"left_foot_pose": [0.9997600551318665, 0.02139830010723308, -0.004684540025377401, -0.0036817165472444197, -0.021905070297367227, 0.9767050022579243, -0.21346546900989957, 0.00661789580011201, 7.61550765828917e-06, 0.21351686424465335, 0.9769393781730448, 0.01912092694574031, 0.0, 0.0, 0.0, 1.0], "right_foot_pose": [0.9999999999999998, 1.996842700219968e-11, 2.1503010483314698e-10, -1.7961891556894966e-10, 1.854617339750305e-11, 0.9840963880773167, -0.17763529765556105, -0.1399999998770934, -2.1515765292651482e-10, 0.17763529765556085, 0.9840963880773166, 1.263039325904991e-10, 0.0, 0.0, 0.0, 1.0]}, {"left_foot_pose": [0.999387580235801, 0.033937026925018834, -0.008528931581475422, -0.005882124080598027, -0.03499234729649453, 0.9693174059089188, -0.2433090673047074, 0.010573124745240877, 1.0055467509085956e-05, 0.243458507359048, 0.9699113130041287, 0.024265879650438152, 0.0, 0.0, 0.0, 1.0], "right_foot_pose": [1.0, 1.2050475199687393e-11, 2.6501839611725576e-10, 5.53633172917082e-11, 3.457574690163353e-11, 0.9845272135923746, -0.17523174853899848, -0.13999999973531416, -2.6302977233868204e-10, 0.17523174853899837, 0.9845272135923748, 2.4954072835869923e-10, 0.0, 0.0, 0.0, 1.0]}, {"left_foot_pose": [0.9987728067326606, 0.04778264912306211, -0.013026855881075413, -0.00832702414007642, -0.049526562525450915, 0.9636661699178546, -0.2624778706105831, 0.014967827768402494, 1.1652319033678373e-05, 0.26280093492724815, 0.9648500756415934, 0.02500000360034378, 0.0, 0.0, 0.0, 1.0], "right_foot_pose": [0.9999999999999998, -3.61024546704242e-11, 1.763213464123228e-10, 3.73867118137295e-10, 6.503081797113845e-11, 0.9859672071214061, -0.1669391101007029, -0.13999999968996413, -1.6782018248104586e-10, 0.16693911010070275, 0.9859672071214062, 5.847807307834962e-10, 0.0, 0.0, 0.0, 1.0]}, {"left_foot_pose": [0.997909505100219, 0.06213179475042985, -0.01778369229736507, -0.010869023787711854, -0.06462677060649666, 0.9594366850652473, -0.2744168870022145, 0.019537072321831984, 1.2313086730636398e-05, 0.27499252250216055, 0.9614463648151608, 0.025000002867605065, 0.0, 0.0, 0.0, 1.0], "right_foot_pose": [1.0, -1.21166904316234e-10, -7.12804815172766e-11, 6.603663035523372e-10, 1.0886615685352961e-10, 0.9882806243193711, -0.15264798588554754, -0.1399999996196305, 8.894084127490264e-11, 0.15264798588554737, 0.9882806243193709, 1.1421732726279998e-09, 0.0, 0.0, 0.0, 1.0]}, {"left_foot_pose": [0.9968417359335536, 0.0762472456059025, -0.02220159990842582, -0.013360738427262563, -0.07941381088512414, 0.9571353122272039, -0.2785416319483243, 0.024015927710817054, 1.1903037661592318e-05, 0.27942503757760706, 0.9601675105069281, 0.02491027101297614, 0.0, 0.0, 0.0, 1.0], "right_foot_pose": [1.0, -2.3267108311579285e-10, -5.115740053795987e-10, 1.0036947544607774e-09, 1.6313900566552076e-10, 0.9912574614836782, -0.13194182450206737, -0.1399999996541463, 5.378006371307688e-10, 0.13194182450206718, 0.9912574614836783, 1.9773356910168793e-09, 0.0, 0.0, 0.0, 1.0]}, {"left_foot_pose": [0.995664969319269, 0.0896152016311688, -0.024907519086917913, -0.015654775599859186, -0.09301219687830355, 0.9593303657012576, -0.2665220078630726, 0.028139454857603517, 1.0115920570662631e-05, 0.26768332985095844, 0.9635069459103924, 0.021163833570594093, 0.0, 0.0, 0.0, 1.0], "right_foot_pose": [0.9999999999999998, -3.3983199180757976e-10, -1.1671841826377238e-09, 1.5080030959582358e-09, 2.1635295828178295e-10, 0.9945556112735254, -0.10420717866032206, -0.14000000016627231, 1.1962421583754234e-09, 0.10420717866032195, 0.9945556112735254, 3.2374539715718242e-09, 0.0, 0.0, 0.0, 1.0]}, {"left_foot_pose": [0.9945194766311106, 0.1014863126077631, -0.025130438807592855, -0.0176037435378226, -0.10455147319895247, 0.965379692235115, -0.23897916074830453, 0.0316427251117478, 7.301467363843487e-06, 0.24029685427261555, 0.9706994497646402, 0.01399681113474631, 0.0, 0.0, 0.0, 1.0], "right_foot_pose": [0.9999999999999998, -3.821217773123963e-10, -2.0048498972080584e-09, 1.852834698782344e-09, 2.425262094740823e-10, 0.9976047184965866, -0.06917243405683, -0.14000000068920104, 2.0264798497367198e-09, 0.06917243405682988, 0.9976047184965865, 4.907114839469706e-09, 0.0, 0.0, 0.0, 1.0]}, {"left_foot_pose": [0.9935761057373114, 0.11081176881687156, -0.022962447595054763, -0.01906025911277571, -0.11316590516020592, 0.9729146401738618, -0.20157028760369583, 0.03426081202109564, 4.141329162516823e-06, 0.20287398755641792, 0.979204853519328, 0.006287908916865474, 0.0, 0.0, 0.0, 1.0], "right_foot_pose": [0.9999999999999997, -2.8961175898583467e-10, -2.96214508477277e-09, 1.9277837890145957e-09, 2.0972086201236857e-10, 0.9996371823469404, -0.026935175319085822, -0.1400000010717019, 2.9688708658979363e-09, 0.026935175319085673, 0.9996371823469405, 6.828042936612988e-09, 0.0, 0.0, 0.0, 1.0]}, {"left_foot_pose": [0.9930145092697161, 0.11649398803667596, -0.018743935849656855, -0.019876932518590334, -0.11799230643669507, 0.9804064617226886, -0.15773707691645536, 0.0357287831599816, 1.2546738732184502e-06, 0.15884684625043566, 0.9873032358068706, 0.0009158382931306955, 0.0, 0.0, 0.0, 1.0], "right_foot_pose": [0.9999999999999998, -5.056511072551618e-12, -3.8436585025891645e-09, 1.5995978288728454e-09, 8.826821212900972e-11, 0.9997656247521269, 0.02164937791229877, -0.14000000114945713, 3.842647925375279e-09, -0.021649377912298932, 0.9997656247521267, 8.534285611538905e-09, 0.0, 0.0, 0.0, 1.0]}, {"left_foot_pose": [0.9929278516561202, 0.11800894319665918, -0.012968065822246987, -0.020000000649470436, -0.11871933880190859, 0.9869863499869515, -0.10846042381381905, 0.0359500011264999, 3.9593593216218614e-09, 0.10923293580712423, 0.9940161798154784, 1.0266140923476108e-08, 0.0, 0.0, 0.0, 1.0], "right_foot_pose": [0.9999999999999999, 4.190858098127166e-10, -4.217335092260302e-09, 1.336429343459177e-09, -1.0615544142794724e-10, 0.997263505314589, 0.07392902655695285, -0.14000000117340497, 4.2367769037234925e-09, -0.07392902655695299, 0.997263505314589, 9.399872422100053e-09, 0.0, 0.0, 0.0, 1.0]}, {"left_foot_pose": [0.9929278516448633, 0.11851283716325506, -0.006999203914246732, -0.020000000520247852, -0.118719338896059, 0.99120074378925, -0.05853891085185569, 0.03595000085054708, 3.7162335770920576e-09, 0.05895585585126112, 0.9982605907581681, 9.272343400035243e-09, 0.0, 0.0, 0.0, 1.0], "right_foot_pose": [0.9999999999999999, 6.817967728805074e-10, -3.886088006943571e-09, 1.4107012671974668e-09, -1.8829527347775552e-10, 0.9920806588587585, 0.12560241366459415, -0.14000000131755438, 3.940947963772092e-09, -0.1256024136645943, 0.9920806588587582, 9.482280106942742e-09, 0.0, 0.0, 0.0, 1.0]}, {"left_foot_pose": [0.9929278516350384, 0.1187113934636039, -0.0013735025875248332, -0.020000000273457986, -0.11871933897823231, 0.9928613983659563, -0.011487479591706182, 0.03595000056436812, 2.9899928134776694e-09, 0.011569299750969831, 0.9999330734120527, 7.391940504142269e-09, 0.0, 0.0, 0.0, 1.0], "right_foot_pose": [0.9999999997724691, 2.097677562718895e-05, 3.877648874050928e-06, -1.607941463087476e-05, -2.1331263518421788e-05, 0.984970017436653, 0.1727254014203355, -0.1399905863553047, -1.9614588844619102e-07, -0.17272540146375054, 0.9849700176600036, 3.740620755950108e-05, 0.0, 0.0, 0.0, 1.0]}, {"left_foot_pose": [0.9929278516297719, 0.1186678906970013, 0.0034947353849827923, -0.020000000082830427, -0.11871933902227733, 0.9924975549591013, 0.029228786193069678, 0.035950000805606994, 2.0803403833672222e-09, -0.029436968555393704, 0.9995666385400577, 5.0455124800397044e-09, 0.0, 0.0, 0.0, 1.0], "right_foot_pose": [0.999997594599874, 0.0021433864050750245, 0.00046549885534612147, -0.0016541380156780915, -0.0021933510385265535, 0.9774472126916531, 0.21116850052159636, -0.1390316153935511, -2.384865471354184e-06, -0.21116901357925663, 0.9774495627388025, 0.003492989742328409, 0.0, 0.0, 0.0, 1.0]}, {"left_foot_pose": [0.9929278516293315, 0.11848533328844789, 0.0074503190728091315, -0.020000000013252053, -0.11871933902596143, 0.9909707071803052, 0.062311925438113314, 0.03595000075813857, 1.2930787387491886e-09, -0.06275574321200948, 0.998028915760415, 3.1733138200484845e-09, 0.0, 0.0, 0.0, 1.0], "right_foot_pose": [0.9999720811137075, 0.007252751139519188, 0.001798497714484818, -0.005635587421523204, -0.007472414008492628, 0.9707271121054577, 0.24006881690940918, -0.13670076179684335, -4.6911071073103685e-06, -0.2400755535749237, 0.9707542060448091, 0.010538500035869765, 0.0, 0.0, 0.0, 1.0]}, {"left_foot_pose": [0.9929278516313613, 0.11825729504330716, 0.010463920095775299, -0.020000000004864824, -0.1187193390089858, 0.9890634737945816, 0.08751664613469301, 0.0359500005488092, 6.837142593642366e-10, -0.0881399851057162, 0.9961080980624369, 1.8214911384761834e-09, 0.0, 0.0, 0.0, 1.0], "right_foot_pose": [0.9998843579920289, 0.014691447556750807, 0.003928359906537504, -0.011469818050896237, -0.015207583581155206, 0.9660620108418967, 0.257862212450241, -0.1332852448623735, -6.670099539918485e-06, -0.25789213360782925, 0.9661737149077858, 0.018295213438014102, 0.0, 0.0, 0.0, 1.0]}, {"left_foot_pose": [0.9929278516339637, 0.11805498099288636, 0.012542045779348823, -0.019999999983449313, -0.11871933898721798, 0.9873713888913829, 0.10489737341392497, 0.03595000028628505, 2.6388935392355976e-10, -0.10564450701040605, 0.9944039612443875, 9.463005795629087e-10, 0.0, 0.0, 0.0, 1.0], "right_foot_pose": [0.9996937382986775, 0.02388954029234913, 0.006459061157458741, -0.018666226054273267, -0.024747313879574524, 0.9651261274618441, 0.2606129861427677, -0.12907227776848534, -7.884248770268792e-06, -0.2606930147800759, 0.9654217482441099, 0.023884423981653663, 0.0, 0.0, 0.0, 1.0]}, {"left_foot_pose": [0.9929278516359116, 0.11792542045430097, 0.013706810583461035, -0.01999999996934117, -0.11871933897092951, 0.9862877892997292, 0.1146390650370082, 0.035950000156304174, 3.626505862246835e-11, -0.11545558405261437, 0.9933126436883158, 5.049169971016454e-10, 0.0, 0.0, 0.0, 1.0], "right_foot_pose": [0.9993718227892991, 0.03435770509955273, 0.008689529048558766, -0.02673419896570993, -0.03543952243973049, 0.9689205829012169, 0.24482022849350152, -0.12434907164608668, -8.002337881654402e-06, -0.24497439076495056, 0.9695295497329125, 0.02500000879048527, 0.0, 0.0, 0.0, 1.0]}, {"left_foot_pose": [0.9929278516367065, 0.11788897164387534, 0.014016840188335178, -0.020000000069829472, -0.11871933896428036, 0.9859829440524651, 0.11723204593249434, 0.035950000147705205, -1.651852277551226e-11, -0.1180670335122545, 0.9930056271731885, 3.900824108171719e-10, 0.0, 0.0, 0.0, 1.0], "right_foot_pose": [0.9989121306576771, 0.04550169491526897, 0.010205438980127894, -0.035183111528718114, -0.046632125968713814, 0.9747310434408752, 0.21846015147001155, -0.11940285014564261, -7.251022540447156e-06, -0.21869839668479565, 0.9757925041907846, 0.025000010224011597, 0.0, 0.0, 0.0, 1.0]}, {"left_foot_pose": [0.9929278516363562, 0.11794858624253785, 0.013506015259785646, -0.020000000124413442, -0.11871933896720814, 0.9864815399976304, 0.11295968218392595, 0.035950000134755244, 8.329545511314397e-11, -0.1137642397561341, 0.9935077743796016, 5.992103133123372e-10, 0.0, 0.0, 0.0, 1.0], "right_foot_pose": [0.998335488179959, 0.05667114048876476, 0.010706767774897173, -0.04352235947634208, -0.057673676888553925, 0.98100044511926, 0.18523464489659797, -0.11452083035044215, -5.885368641256534e-06, -0.18554381830585684, 0.9826359913283481, 0.02499256031843327, 0.0, 0.0, 0.0, 1.0]}, {"left_foot_pose": [0.9929278516350415, 0.11809365810862736, 0.012172483803440408, -0.01999999982314779, -0.11871933897820652, 0.9876948710505342, 0.10180648433693616, 0.035950000335376965, 3.339235856887035e-10, -0.10253160300605801, 0.9947297474113305, 1.2237739779874524e-09, 0.0, 0.0, 0.0, 1.0], "right_foot_pose": [0.9976911696812879, 0.06721002801113272, 0.009754079901582497, -0.05126133498966581, -0.06791413640333108, 0.9873560862297075, 0.14323277928513467, -0.10999022079509206, -4.071048532125446e-06, -0.14356451901461295, 0.9896409595724751, 0.021837800684336814, 0.0, 0.0, 0.0, 1.0]}, {"left_foot_pose": [0.9929278516334358, 0.11829504575924316, 0.010028140377439458, -0.01999999951498812, -0.11871933899163606, 0.9893792079919166, 0.08387193417751711, 0.03595000058916426, 7.071824123807443e-10, -0.08446931361214804, 0.9964260810807262, 2.1760982529817063e-09, 0.0, 0.0, 0.0, 1.0], "right_foot_pose": [0.9970537971520588, 0.0763439890834031, 0.007437803136286837, -0.05790940641073035, -0.07670544687078992, 0.9923582269181951, 0.0966510418367456, -0.10609825388885363, -2.2390496082020885e-06, -0.09693680827533573, 0.9952905380824121, 0.014923784813591058, 0.0, 0.0, 0.0, 1.0]}, {"left_foot_pose": [0.9929278516316045, 0.11850579388712287, 0.007117462288647816, -0.019999998966462807, -0.11871933900695159, 0.9911418328885113, 0.059528024023612354, 0.03595000053071595, 1.1271642068953806e-09, -0.05995201342395526, 0.9982012603109732, 3.4011756466778564e-09, 0.0, 0.0, 0.0, 1.0], "right_foot_pose": [0.9965160281771065, 0.08328778209383178, 0.004353267739824057, -0.06297597470274079, -0.08340147232173073, 0.9951581297349508, 0.05200472321820892, -0.1031321487985966, -8.317269506175445e-07, -0.05218660916677151, 0.9986373505046677, 0.0071292177100255386, 0.0, 0.0, 0.0, 1.0]}, {"left_foot_pose": [0.9929278516327571, 0.11866616740350351, 0.0035527687403782695, -0.019999998987387562, -0.11871933899731266, 0.9924831422571617, 0.02971415291393039, 0.03595000045322924, 1.560774044082468e-09, -0.029925792372384286, 0.9995521231786197, 4.404488170017817e-09, 0.0, 0.0, 0.0, 1.0], "right_foot_pose": [0.9961770487233509, 0.0873507189323121, 0.0010674731110193413, -0.06597043382741333, -0.08735724123865031, 0.9961026832076176, 0.01217197230347059, -0.10137911969100086, -8.229860594255184e-08, -0.012218690952488918, 0.9999253490093152, 0.0013328070274866433, 0.0, 0.0, 0.0, 1.0]}, {"left_foot_pose": [0.992927851637809, 0.11871856038520552, -0.00042995580074786324, -0.01999999958848713, -0.11871933895505904, 0.9929213400013189, -0.0035959877724631986, 0.035950000519414105, 1.7983100370981883e-09, 0.0036216004818722188, 0.9999934419834715, 4.7794499954956216e-09, 0.0, 0.0, 0.0, 1.0], "right_foot_pose": [0.9961068949517574, 0.08813111162420256, -0.001990224472354331, -0.06657337864314317, -0.0881535809231139, 0.9958529996054363, -0.022488871632141475, -0.10102614699668809, 1.7545673307840264e-09, 0.022576765506539816, 0.9997451123457732, 5.2188231930427875e-09, 0.0, 0.0, 0.0, 1.0]}, {"left_foot_pose": [0.9929278516428387, 0.11863277378192776, -0.004532815542705478, -0.019999999942537046, -0.11871933891299322, 0.9922038511102778, -0.03791090093886212, 0.035950000810915254, 1.7028955397216948e-09, 0.03818092228771317, 0.9992708427514836, 4.745456048949048e-09, 0.0, 0.0, 0.0, 1.0], "right_foot_pose": [0.9961068949541368, 0.08801167416984439, -0.004999903463963784, -0.0665733788820855, -0.0881535808962279, 0.9945033960136398, -0.05649726977925059, -0.10102614663371111, 1.675355261158746e-09, 0.05671807936767923, 0.9983902340632355, 5.19729293629867e-09, 0.0, 0.0, 0.0, 1.0]}, {"left_foot_pose": [0.9929278516420426, 0.11842240470125805, -0.0083913942995394, -0.019999999015460963, -0.11871933891965035, 0.9904443964763768, -0.0701827333111753, 0.0359500002409978, 1.4153859597060314e-09, 0.07068261139288697, 0.9974988563635966, 4.3987922748733865e-09, 0.0, 0.0, 0.0, 1.0], "right_foot_pose": [0.9961068949554892, 0.08780463271240051, -0.007835834121147994, -0.06657337783471294, -0.08815358088094713, 0.9921638951564105, -0.08854237022988193, -0.10102614722485817, 1.40591739193763e-09, 0.08888842231865521, 0.9960415896827302, 4.140771267535648e-09, 0.0, 0.0, 0.0, 1.0]}, {"left_foot_pose": [0.9930729170052458, 0.116911347136994, -0.011743867391384574, -0.021278128901306367, -0.11749970855364811, 0.9880996576596527, -0.09926169967659045, 0.036082928211777894, -7.076792707399071e-07, 0.0999540066405105, 0.9949920585391671, 0.0028444574067316222, 0.0, 0.0, 0.0, 1.0], "right_foot_pose": [0.9961068949550359, 0.08755313295049393, -0.010271452360297135, -0.06657337793421976, -0.08815358088606896, 0.989322029161294, -0.1160640719307342, -0.10102614760833231, 9.709954058909829e-10, 0.11651768761322236, 0.9931886167658526, 2.7817067607682766e-09, 0.0, 0.0, 0.0, 1.0]}, {"left_foot_pose": [0.9934717971156349, 0.11315218407048741, -0.014504191666898439, -0.024862990136998664, -0.11407799232593836, 0.9854073678654556, -0.12632707953308692, 0.03645577417004672, -1.6476229205481945e-06, 0.1271569997937758, 0.9918826026303377, 0.009617038142191045, 0.0, 0.0, 0.0, 1.0], "right_foot_pose": [0.9961068949536214, 0.08730144020679306, -0.01222752483845553, -0.06657337799045995, -0.08815358090205579, 0.9864779821558983, -0.1381670615442472, -0.10102614770270192, 5.674470463153021e-10, 0.13870706275978453, 0.9903334543175614, 1.7380323985571877e-09, 0.0, 0.0, 0.0, 1.0]}, {"left_foot_pose": [0.9940525236919308, 0.10765061308626842, -0.016459819071141225, -0.030283409255662176, -0.1089016994114621, 0.9826289603559082, -0.1502689127370116, 0.03701953469010317, -2.645682424683983e-06, 0.15116769420752105, 0.9885081326023487, 0.01743949389918778, 0.0, 0.0, 0.0, 1.0], "right_foot_pose": [0.9961068949520364, 0.0870871892281916, -0.013670234136470978, -0.06657337801652141, -0.08815358091996478, 0.9840570148756034, -0.1544692126124294, -0.10102614762269893, 2.482776317357891e-10, 0.15507292783219706, 0.987903025126227, 1.0119500862271202e-09, 0.0, 0.0, 0.0, 1.0]}, {"left_foot_pose": [0.994741396509397, 0.10094945734995812, -0.017284708018501637, -0.037068027296999165, -0.10241852399988988, 0.980467304081569, -0.1679116183255486, 0.03772518422252799, -3.4956799801819766e-06, 0.16879891198633276, 0.9856505097142759, 0.023433118363420553, 0.0, 0.0, 0.0, 1.0], "right_foot_pose": [0.9961068949508376, 0.086938991616093, -0.014583057573010417, -0.06657337800632075, -0.08815358093350949, 0.9823824293695012, -0.164783823947244, -0.10102614747405528, 3.759165647170524e-11, 0.16542785195623494, 0.9862218948072213, 5.622702095586796e-10, 0.0, 0.0, 0.0, 1.0]}, {"left_foot_pose": [0.9954699219852406, 0.0936014104669165, -0.016685633979674125, -0.04474548074442103, -0.09507699199595748, 0.9800130533833084, -0.1747420407095164, 0.03852369251765405, -3.962374221589037e-06, 0.17553686552097672, 0.9844728583497724, 0.025000006996036966, 0.0, 0.0, 0.0, 1.0], "right_foot_pose": [0.9961068949503864, 0.08687602320141162, -0.014953609096362565, -0.06657337799140216, -0.08815358093860401, 0.981670906472845, -0.16897093700540344, -0.10102614738948659, -4.697904044020002e-11, 0.16963132958711016, 0.9855075910527069, 3.832727121788615e-10, 0.0, 0.0, 0.0, 1.0]}, {"left_foot_pose": [0.9961797110489092, 0.08599042789385683, -0.015219382548060472, -0.05284438449679265, -0.08732687603653254, 0.9809261658573033, -0.17366022531999503, 0.03936603257099178, -4.026513825673504e-06, 0.17432585421308788, 0.9846880199010574, 0.025000007476078785, 0.0, 0.0, 0.0, 1.0], "right_foot_pose": [0.9961068949507419, 0.08690158332169358, -0.014804345570630997, -0.06657337811583744, -0.08815358093459331, 0.9819597276692962, -0.1672843071063449, -0.10102614734125795, -7.555037910239486e-12, 0.16793810780113164, 0.9857975410540321, 4.3044426356608767e-10, 0.0, 0.0, 0.0, 1.0]}, {"left_foot_pose": [0.9968253436991961, 0.0785001308430097, -0.01330276725387956, -0.06089337871162804, -0.0796193076151332, 0.9828055517759695, -0.16659535783814522, 0.04020318223326014, -3.7238770360613296e-06, 0.16712563195381866, 0.9859356080039762, 0.025000006976168915, 0.0, 0.0, 0.0, 1.0], "right_foot_pose": [0.996106894951784, 0.08701167250316282, -0.014142937379408608, -0.06657337821091257, -0.08815358092281629, 0.9832037001586994, -0.1598106071721364, -0.10102614728819735, 1.487535191301756e-10, 0.160435198265358, 0.9870463753834242, 7.196651261032194e-10, 0.0, 0.0, 0.0, 1.0]}, {"left_foot_pose": [0.9973751953997914, 0.07163871233402709, -0.010517342646845765, -0.06842110341360971, -0.07240662671805544, 0.986791587124429, -0.144912539097771, 0.04098611187893272, -2.9224592065139694e-06, 0.14529369730161507, 0.9893885695296295, 0.022459727180033133, 0.0, 0.0, 0.0, 1.0], "right_foot_pose": [0.9961068949533287, 0.0872595415006488, -0.012523028528843112, -0.06657337794000971, -0.08815358090535887, 0.9860045402438555, -0.14150615814184697, -0.10102614750784267, 5.080664130792374e-10, 0.1420592096120472, 0.9898581620436336, 1.4619388824521629e-09, 0.0, 0.0, 0.0, 1.0]}, {"left_foot_pose": [0.9978102223510845, 0.0656788019979983, -0.007813778841716733, -0.07495617100441752, -0.06614196979092404, 0.9908194176059318, -0.11790725816174069, 0.04166579875943101, -1.9636616807444745e-06, 0.1181658862072748, 0.9929938687288026, 0.015838563637146953, 0.0, 0.0, 0.0, 1.0], "right_foot_pose": [0.9961068949548233, 0.08750407485757201, -0.010681325141607852, -0.06657337769355906, -0.08815358088847154, 0.9887676885557368, -0.12069550217255398, -0.1010261478270622, 9.139004018942116e-10, 0.12116721896398251, 0.9926321096199408, 2.403557880503726e-09, 0.0, 0.0, 0.0, 1.0]}, {"left_foot_pose": [0.9981206801477057, 0.061052502374270526, -0.005263061402052909, -0.08002722415584165, -0.06127893488349315, 0.9944310923450134, -0.08574202421828439, 0.042193222605022146, -1.0132380393899849e-06, 0.08590340232693908, 0.9963034705688979, 0.007998177534407527, 0.0, 0.0, 0.0, 1.0], "right_foot_pose": [0.9961068949554689, 0.08776177221256538, -0.008302117819172622, -0.06657337746350248, -0.08815358088117363, 0.991679585466733, -0.09381122505518605, -0.1010261480110026, 1.3931381121758416e-09, 0.09417786951634746, 0.9955553871550098, 3.5604268630584635e-09, 0.0, 0.0, 0.0, 1.0]}, {"left_foot_pose": [0.9983007930696272, 0.05819556394906653, -0.002966967004254082, -0.08316290200826672, -0.058271146860788894, 0.9970056561857726, -0.05083497789029102, 0.042519358751280094, -2.8732170630674975e-07, 0.05092148731359028, 0.9987026595186828, 0.0018172761610771651, 0.0, 0.0, 0.0, 1.0], "right_foot_pose": [0.9961068949543801, 0.08798588322584545, -0.0054349036156240045, -0.06657337727956225, -0.0881535808934794, 0.9942119669584732, -0.06141262844253152, -0.10102614790064002, 1.859182209128364e-09, 0.06165264884440515, 0.9980976660079258, 4.690955429653698e-09, 0.0, 0.0, 0.0, 1.0]}, {"left_foot_pose": [0.9983452429230143, 0.05749891597878066, -0.0008065942313708459, -0.08396198255528374, -0.057504573148480245, 0.9982470284894804, -0.014003363129420448, 0.04260247453174755, 2.094663582851336e-09, 0.014026573822159261, 0.999901622774367, 5.383833996674969e-09, 0.0, 0.0, 0.0, 1.0], "right_foot_pose": [0.9961068949503279, 0.08812540916290941, -0.0022284730838179356, -0.06657337678314947, -0.08815358093926462, 0.9957885635957564, -0.02518100036703209, -0.1010261474550104, 2.0506706666209327e-09, 0.025279415969712577, 0.9996804244998649, 5.374518018130825e-09, 0.0, 0.0, 0.0, 1.0]}, {"left_foot_pose": [0.9983452429213817, 0.057488313396932236, 0.00136739132085113, -0.08396198170568059, -0.05750457317681957, 0.9980629537509252, 0.02373951165738697, 0.04260247464589936, 1.8654276301324906e-09, -0.023778859786700367, 0.9997172429378447, 5.0348071475858625e-09, 0.0, 0.0, 0.0, 1.0], "right_foot_pose": [0.9961068949460997, 0.08814721021666914, 0.0010597980267717114, -0.06657337587398651, -0.08815358098704325, 0.9960349070604753, 0.011975394615234551, -0.10102614729414913, 1.7974781003524343e-09, -0.012022198137118616, 0.9999277307645545, 5.5925227920861076e-09, 0.0, 0.0, 0.0, 1.0]}, {"left_foot_pose": [0.9983452429197219, 0.05740189283814241, 0.003434914578296266, -0.08396198239902397, -0.057504573205630675, 0.9965625923467347, 0.059634080822926525, 0.042602474243999405, 1.7402619483283062e-09, -0.059732924202281816, 0.9982143946899611, 4.412941276288329e-09, 0.0, 0.0, 0.0, 1.0], "right_foot_pose": [0.9961068949459683, 0.08805484643920217, 0.004171074162575069, -0.06657337674694926, -0.08815358098852913, 0.994991225646367, 0.047131805032687796, -0.10102614758464287, 1.6612730294877046e-09, -0.04731601108830929, 0.9988799703140967, 4.798240603454129e-09, 0.0, 0.0, 0.0, 1.0]}, {"left_foot_pose": [0.9983452429190718, 0.057265278294720674, 0.005240595642542656, -0.08396198287017359, -0.05750457321692253, 0.9941908070159792, 0.09098276377455519, 0.04260247440935154, 1.276468575059799e-09, -0.09113356761778382, 0.9958386781267615, 3.1806092412600684e-09, 0.0, 0.0, 0.0, 1.0], "right_foot_pose": [0.9961910568660034, 0.08692318395789948, 0.0069092916291199034, -0.06743953242448404, -0.0871973521383711, 0.9930583508890795, 0.07894132953984574, -0.10096288509844172, 5.019584473948382e-07, -0.07924311843991762, 0.9968553195823683, 0.0022503005205911225, 0.0, 0.0, 0.0, 1.0]}, {"left_foot_pose": [0.9983452429195291, 0.057111285340543404, 0.00671394270891236, -0.08396198304779334, -0.057504573208984756, 0.9915173135018267, 0.11656174795435184, 0.04260247447211214, 8.094674921526704e-10, -0.11675494898663795, 0.9931607532958241, 2.1009290765428013e-09, 0.0, 0.0, 0.0, 1.0], "right_foot_pose": [0.9964656246508694, 0.08349801788819958, 0.009183675620069593, -0.0703337838953195, -0.08400154098186129, 0.990490839187078, 0.1089570493320675, -0.10075150971213023, 1.3510824298283713e-06, -0.10934339712675777, 0.9940040349530553, 0.00871010839552995, 0.0, 0.0, 0.0, 1.0]}, {"left_foot_pose": [0.9983452429204175, 0.05696835663496056, 0.007834684453479861, -0.08396198309716706, -0.05750457319356106, 0.9890359084041332, 0.13601910141240575, 0.04260247436547975, 4.2292144652902635e-10, -0.1362445530269888, 0.9906752352665715, 1.313508156408627e-09, 0.0, 0.0, 0.0, 1.0], "right_foot_pose": [0.9968751311715924, 0.07825220047609457, 0.01079657224630198, -0.07486769889442864, -0.07899349875900763, 0.9875161278894498, 0.13627884763248552, -0.10042039150363703, 2.330486441554134e-06, -0.13670585312588734, 0.9906116846250564, 0.016558463475437733, 0.0, 0.0, 0.0, 1.0]}, {"left_foot_pose": [0.9983452429213072, 0.05685859909436412, 0.008595094264954103, -0.08396198301504869, -0.05750457317811374, 0.9871303927118041, 0.14922068170412198, 0.04260247417314125, 1.4044299588607586e-10, -0.1494680149519167, 0.9887665611792983, 7.974171531421881e-10, 0.0, 0.0, 0.0, 1.0], "right_foot_pose": [0.9973594690579854, 0.07171102364022788, 0.01147251362363648, -0.08063257155476145, -0.07262292661397672, 0.9848289284778845, 0.15760041929868882, -0.09999937798306299, 3.2240951242776653e-06, -0.15801743803002352, 0.987436321626885, 0.022916658524078072, 0.0, 0.0, 0.0, 1.0]}, {"left_foot_pose": [0.99834524292204, 0.05680826589634451, 0.00892170727966559, -0.08396198278058797, -0.05750457316539075, 0.986256551340567, 0.15489105527072547, 0.042602474076697656, -9.283644187669e-13, -0.1551477871697275, 0.9878912714141864, 5.307380160357589e-10, 0.0, 0.0, 0.0, 1.0], "right_foot_pose": [0.9978630492419843, 0.06442500795458006, 0.01089739911819249, -0.08721969296706579, -0.0653401480217203, 0.9838776440493273, 0.1664795681050522, -0.09951831276333871, 3.7401287704468183e-06, -0.16683584713723063, 0.985984685528134, 0.025000007594048926, 0.0, 0.0, 0.0, 1.0]}, {"left_foot_pose": [0.9983452429220042, 0.05680824793458819, 0.008921821652986573, -0.0839619827535686, -0.057504573166012714, 0.9862562395153219, 0.15489304078005467, 0.04260247404410429, -9.125474096353931e-12, -0.15514977597051, 0.9878909590720534, 5.364217611769639e-10, 0.0, 0.0, 0.0, 1.0], "right_foot_pose": [0.9983399493200269, 0.0567965630311143, 0.009565355170559932, -0.09422032704548762, -0.05759640246542042, 0.9844649637543105, 0.16586557678814973, -0.09900704488749973, 3.837655457901962e-06, -0.16614116157074685, 0.9861019797248132, 0.02500000814140422, 0.0, 0.0, 0.0, 1.0]}, {"left_foot_pose": [0.9983452429214541, 0.05686271878404635, 0.008567797184260897, -0.0839619827002331, -0.057504573175566974, 0.9872019153687541, 0.14874677259073546, 0.04260247400405971, 1.0906776488641356e-10, -0.14899332033601592, 0.988838202384622, 7.992209671847661e-10, 0.0, 0.0, 0.0, 1.0], "right_foot_pose": [0.9987570203685924, 0.04922015733118721, 0.007860685513643832, -0.10122576952691477, -0.04984389884344625, 0.9862474686754211, 0.15758018999673926, -0.09849542597174844, 3.5405540329691397e-06, -0.15777612824384232, 0.9874749077034046, 0.025000007649025102, 0.0, 0.0, 0.0, 1.0]}, {"left_foot_pose": [0.9983452429204179, 0.056966525624697235, 0.007847986775185802, -0.08396198234487147, -0.05750457319355345, 0.9890041200955145, 0.13625004402173657, 0.04260247417673369, 3.6901617508033253e-10, -0.13647587842673403, 0.9906433942684181, 1.3938986909156625e-09, 0.0, 0.0, 0.0, 1.0], "right_foot_pose": [0.9990949498918182, 0.04211928010447312, 0.005936947376054125, -0.10782731250903035, -0.042535644964147794, 0.9893058269208408, 0.13951594793411629, -0.09801330026086556, 2.854656825233311e-06, -0.13964221089610424, 0.9902020263198307, 0.023024938045094485, 0.0, 0.0, 0.0, 1.0]}, {"left_foot_pose": [0.998345242919