{"LoopMode": "Wrap", "FrameDuration": 0.0167, "EnableCycleOffsetPosition": true, "EnableCycleOffsetRotation": false, "Debug_info": [{"left_foot_pose": [1.0000000000000007, 1.203685251609587e-13, -7.380152045044502e-12, 1.0885206293649726e-12, -4.728294301401537e-14, 0.9999514119524278, 0.009857673881144483, 8.907111159750514e-14, 7.380719680910665e-12, -0.009857673881144655, 0.999951411952428, 1.5672269038091713e-11, 0.0, 0.0, 0.0, 1.0], "right_foot_pose": [1.0, -1.8683898318186387e-13, -7.43466399555359e-12, 6.621842931754417e-14, 7.843078429634364e-14, 0.9998935928212577, -0.014587770048812608, -0.1400000000018371, 7.436476698948452e-12, 0.014587770048812456, 0.9998935928212578, 1.31923638679865e-11, 0.0, 0.0, 0.0, 1.0]}, {"left_foot_pose": [1.0000000000000004, 1.9178306275429363e-13, -1.6433077121291724e-11, 2.8219760715696297e-12, -7.483708358120716e-14, 0.9999748214650727, 0.0070962268774819185, 1.0203487360582741e-12, 1.6433561327253827e-11, -0.007096226877482089, 0.9999748214650729, 3.403183290728862e-11, 0.0, 0.0, 0.0, 1.0], "right_foot_pose": [1.0, -4.644206999860081e-13, -1.6530998792063653e-11, 7.247226316978328e-13, 1.7760525864691953e-13, 0.9998494798896855, -0.01734985776096048, -0.14000000000325555, 1.6536503131995963e-11, 0.01734985776096033, 0.9998494798896853, 3.0411402562879886e-11, 0.0, 0.0, 0.0, 1.0]}, {"left_foot_pose": [1.0000000000000004, 1.6373008399160724e-13, -2.88367107970089e-11, 5.351984962197536e-12, -6.968013996669261e-14, 0.9999947188091739, 0.0032499775018232113, 2.633998921752756e-12, 2.8836844856663922e-11, -0.0032499775018233856, 0.9999947188091738, 5.909212008603504e-11, 0.0, 0.0, 0.0, 1.0], "right_foot_pose": [1.0, -9.642111208783717e-13, -2.900818474316224e-11, 1.8399720870473116e-12, 3.4914518479352333e-13, 0.9997752944977578, -0.02119812519827603, -0.14000000000484986, 2.9021832582097622e-11, 0.02119812519827587, 0.9997752944977578, 5.430531718753073e-11, 0.0, 0.0, 0.0, 1.0]}, {"left_foot_pose": [1.0000000000000007, -7.990223683656608e-14, -4.441791379150574e-11, 8.697066272380284e-12, 6.46639717138464e-15, 0.9999986209556587, -0.0016607488617096252, 5.0373628879274435e-12, 4.4417874874569125e-11, 0.001660748861709451, 0.9999986209556588, 9.06436245506903e-11, 0.0, 0.0, 0.0, 1.0], "right_foot_pose": [1.0, -1.7975652035570673e-12, -4.471528702865156e-11, 3.4622997878778852e-12, 6.293485557902629e-13, 0.9996589887779004, -0.026113332907645472, -0.14000000000645998, 4.474685910385949e-11, 0.026113332907645323, 0.9996589887779004, 8.455683375707679e-11, 0.0, 0.0, 0.0, 1.0]}, {"left_foot_pose": [1.0000000000000007, -6.840378276846529e-13, -6.334738289481834e-11, 1.2962623979330634e-11, 2.0129478705277214e-13, 0.9999709254588118, -0.007625499134384041, 8.418958238887164e-12, 6.335045669102726e-11, 0.007625499134383867, 0.9999709254588117, 1.2920228081858554e-10, 0.0, 0.0, 0.0, 1.0], "right_foot_pose": [0.9999999999999998, -3.119020363249277e-12, -6.385270090447645e-11, 5.6958646471453934e-12, 1.0686782231552505e-12, 0.9994850989335882, -0.03208639913913161, -0.14000000000793006, 6.391986044323124e-11, 0.03208639913913147, 0.9994850989335881, 1.2152865519476919e-10, 0.0, 0.0, 0.0, 1.0]}, {"left_foot_pose": [1.0000000000000002, -1.8407149602878757e-12, -8.617961899659574e-11, 1.8361296533202142e-11, 5.778422609892288e-13, 0.9998926012402818, -0.014655578628752447, 1.3078619784390177e-11, 8.619697389212497e-11, 0.014655578628752275, 0.9998926012402818, 1.7610853747518362e-10, 0.0, 0.0, 0.0, 1.0], "right_foot_pose": [1.0, -5.146748018826531e-12, -8.701533937838231e-11, 8.71913861822391e-12, 1.7379349302990907e-12, 0.9992341156313175, -0.03913032274974028, -0.1400000000090839, 8.715001610298655e-11, 0.03913032274974013, 0.9992341156313176, 1.6635844785062304e-10, 0.0, 0.0, 0.0, 1.0]}, {"left_foot_pose": [1.0000000000000002, -3.8195352288877474e-12, -1.1386036558036489e-10, 2.523125982842629e-11, 1.224251179964874e-12, 0.9997403234274684, -0.022787841344486658, 1.9462481973264723e-11, 1.1391754771780352e-10, 0.02278784134448648, 0.9997403234274687, 2.3359500445074843e-10, 0.0, 0.0, 0.0, 1.0], "right_foot_pose": [1.0, -8.194897726461606e-12, -1.1520656650887414e-10, 1.2808212325036997e-11, 2.7383724787791224e-12, 0.9988814838158689, -0.04728404899971725, -0.14000000000968604, 1.1546500441660865e-10, 0.04728404899971712, 0.9988814838158692, 2.210005234370982e-10, 0.0, 0.0, 0.0, 1.0]}, {"left_foot_pose": [1.0000000000000004, -7.009874741554802e-12, -1.4772044698574394e-10, 3.4057513942414564e-11, 2.2669805063516816e-12, 0.9994851404617476, -0.03208510551894164, 2.8203680710325862e-11, 1.4786881582068388e-10, 0.032085105518941455, 0.9994851404617476, 3.0484428176213996e-10, 0.0, 0.0, 0.0, 1.0], "right_foot_pose": [0.9999999999999999, -1.2718262172991334e-11, -1.4983875251672877e-10, 1.8366181108465964e-11, 4.2151175280757274e-12, 0.9983961983552195, -0.05661299417841786, -0.14000000000938692, 1.5031833002539725e-10, 0.0566129941784177, 0.9983961983552193, 2.882420691019405e-10, 0.0, 0.0, 0.0, 1.0]}, {"left_foot_pose": [1.0000000000000004, -1.1975263391818138e-11, -1.8945378599255473e-10, 4.5498931470602284e-11, 3.887454391209605e-12, 0.9990907389936406, -0.04263443745543581, 4.0167730253060085e-11, 1.8979188632910165e-10, 0.042634437455435624, 0.9990907389936411, 3.9407321850148946e-10, 0.0, 0.0, 0.0, 1.0], "right_foot_pose": [1.0, -1.937041033577671e-11, -1.9272550222382268e-10, 2.5961653489992938e-11, 6.374098730200683e-12, 0.9977390223723765, -0.06720746413468186, -0.14000000000765503, 1.9359154430834231e-10, 0.06720746413468172, 0.9977390223723765, 3.717277041737077e-10, 0.0, 0.0, 0.0, 1.0]}, {"left_foot_pose": [1.0000000000000002, -1.9512733169752377e-11, -2.410078803194434e-10, 6.040629685051323e-11, 6.338849852562409e-12, 0.9985114487492316, -0.05454252209709038, 5.647445185108513e-11, 2.417133614182042e-10, 0.05454252209709021, 0.9985114487492317, 5.064825711609267e-10, 0.0, 0.0, 0.0, 1.0], "right_foot_pose": [0.9999999999999999, -2.9065682562054177e-11, -2.4598034720213475e-10, 3.6365199474590696e-11, 9.498221250457134e-12, 0.996860480705417, -0.0791781662313861, -0.14000000000369484, 2.475093687863259e-10, 0.07917816623138593, 0.996860480705417, 4.75834302515743e-10, 0.0, 0.0, 0.0, 1.0]}, {"left_foot_pose": [1.0000000000000004, -3.0677164862057334e-11, -3.041223384236952e-10, 7.977336460565002e-11, 9.94912898230013e-12, 0.9976904253322598, -0.06792507048458254, 7.840049269514093e-11, 3.055037459960657e-10, 0.06792507048458236, 0.9976904253322598, 6.475703792641063e-10, 0.0, 0.0, 0.0, 1.0], "right_foot_pose": [1.0, -4.2995339935564884e-11, -3.115618318894062e-10, 5.0537920355435156e-11, 1.3945638936362755e-11, 0.9956991370667245, -0.0926457146584783, -0.13999999999638318, 3.142048206571569e-10, 0.09264571465847815, 0.9956991370667246, 6.049283712838971e-10, 0.0, 0.0, 0.0, 1.0]}, {"left_foot_pose": [1.0000000000000007, -4.664772560232104e-11, -3.790735503272905e-10, 1.0450064660405771e-10, 1.5068910525060733e-11, 0.9965593036115062, -0.0828827749616924, 1.0694121629906128e-10, 3.816354409657827e-10, 0.08288277496169219, 0.9965593036115065, 8.20794036904271e-10, 0.0, 0.0, 0.0, 1.0], "right_foot_pose": [0.9999999999999998, -6.245336850857244e-11, -3.8998548834712174e-10, 6.946149992929384e-11, 2.0082204146828183e-11, 0.9941816503264157, -0.10771650827168693, -0.1399999999843398, 3.9444345527427403e-10, 0.10771650827168676, 0.9941816503264161, 7.611005298224782e-10, 0.0, 0.0, 0.0, 1.0]}, {"left_foot_pose": [1.0000000000000002, -6.806855817183146e-11, -4.6140191667376366e-10, 1.3463654403353125e-10, 2.1847102866081364e-11, 0.9950430010216026, -0.09944559375821332, 1.4144545430749833e-10, 4.658838259733943e-10, 0.09944559375821317, 0.9950430010216028, 1.0206676406832038e-09, 0.0, 0.0, 0.0, 1.0], "right_foot_pose": [0.9999999999999998, -8.803765907957935e-11, -4.769121209058364e-10, 9.348096568076306e-11, 2.8013116451702838e-11, 0.9922288377232793, -0.12442641837773138, -0.139999999966487, 4.841600248531763e-10, 0.12442641837773125, 0.9922288377232794, 9.37852302762554e-10, 0.0, 0.0, 0.0, 1.0]}, {"left_foot_pose": [1.0000000000000002, -9.287012758171119e-11, -5.338476882776871e-10, 1.6721035467775108e-10, 2.953002167758115e-11, 0.9930793888800062, -0.11744499726133188, 1.7596087087401457e-10, 5.410600934007975e-10, 0.11744499726133174, 0.9930793888800062, 1.2139875216199414e-09, 0.0, 0.0, 0.0, 1.0], "right_foot_pose": [1.0, -1.1705880661297356e-10, -5.54616408354746e-10, 1.202968994351838e-10, 3.676795667554314e-11, 0.989778804550818, -0.14261107271861334, -0.13999999994404944, 5.656413634576498e-10, 0.1426110727186132, 0.989778804550818, 1.103597185858618e-09, 0.0, 0.0, 0.0, 1.0]}, {"left_foot_pose": [1.0000000000000004, -1.1066450782216944e-10, -5.497730048986661e-10, 1.9090717997675712e-10, 3.4742487919663323e-11, 0.990678420504912, -0.13622139019219306, 1.9137413181935514e-10, 5.597227969916928e-10, 0.13622139019219287, 0.990678420504912, 1.297076265838193e-09, 0.0, 0.0, 0.0, 1.0], "right_foot_pose": [1.0, -1.3693534885757125e-10, -5.742227249250212e-10, 1.399153307336062e-10, 4.233648104798519e-11, 0.9868550418720635, -0.161607940187629, -0.13999999992583667, 5.88804249044017e-10, 0.1616079401876289, 0.9868550418720635, 1.1655168705160257e-09, 0.0, 0.0, 0.0, 1.0]}, {"left_foot_pose": [0.9999999994598536, -3.24546440000391e-05, 5.19510929264451e-06, -3.2059504121622084e-05, 3.286755276193383e-05, 0.9880495985730106, -0.154136269837561, 1.64229199368926e-06, -1.3058788651851126e-07, 0.1541362699250552, 0.988049599106024, 0.0001638611617444663, 0.0, 0.0, 0.0, 1.0], "right_foot_pose": [1.0, -1.187823952078493e-10, -4.4965647871819597e-10, 1.1674275949528158e-10, 3.6092953696042416e-11, 0.9837398036776382, -0.17959955083541324, -0.13999999999529292, 4.6367807674518085e-10, 0.1795995508354131, 0.9837398036776384, 8.994761532821194e-10, 0.0, 0.0, 0.0, 1.0]}, {"left_foot_pose": [0.9999995693226706, -0.0009139272269175628, 0.00016152862676145998, -0.0009054109373366544, 0.0009280915468003169, 0.9848767675145411, -0.17325383532894895, 4.639650130859943e-05, -7.443945112991679e-07, 0.17325391062580267, 0.9848771915585787, 0.0041912091746380345, 0.0, 0.0, 0.0, 1.0], "right_foot_pose": [0.9999999999999998, -7.976792145760038e-11, -2.778096086508692e-10, 7.36809362877359e-11, 2.417695426910319e-11, 0.980879753695888, -0.19461477022439594, -0.14000000017523442, 2.880216277505281e-10, 0.19461477022439577, 0.980879753695888, 4.903844066928009e-10, 0.0, 0.0, 0.0, 1.0]}, {"left_foot_pose": [0.9999958572717726, -0.0028238300658815878, 0.0005580529117041307, -0.002808148463560979, 0.002878443575467588, 0.9811146902422571, -0.19340547860240037, 0.00014390967342783542, -1.3697042217201624e-06, 0.19340628369988305, 0.9811187539862469, 0.011469802289337049, 0.0, 0.0, 0.0, 1.0], "right_foot_pose": [0.9999999999999998, -3.751828933117257e-11, -1.196846510786995e-10, 3.145199758991974e-11, 1.20923200416312e-11, 0.9786075255862451, -0.20573602228575977, -0.14000000019295142, 1.2484293605403192e-10, 0.20573602228575966, 0.9786075255862454, 2.26524340951606e-10, 0.0, 0.0, 0.0, 1.0]}, {"left_foot_pose": [0.9999839966636257, -0.005529147248547873, 0.0011978928777903123, -0.005519321788425043, 0.00565742104308676, 0.977383502760458, -0.21139886971987337, 0.0002828598101587976, -1.9452579689797967e-06, 0.21140226361702597, 0.9773991420774907, 0.01912092654820937, 0.0, 0.0, 0.0, 1.0], "right_foot_pose": [0.9999999999999998, -7.039042504937363e-12, -1.3528289599662414e-11, -2.573213409362869e-11, 4.004864579429299e-12, 0.9771796007475487, -0.21241475439070068, -0.14000000011132724, 1.4714485954386878e-11, 0.2124147543907005, 0.9771796007475486, 7.641106497535688e-11, 0.0, 0.0, 0.0, 1.0]}, {"left_foot_pose": [0.9999591520386785, -0.00881197099084934, 0.002010826035404145, -0.008817979874492373, 0.00903848706845321, 0.9749570824043035, -0.22220934548574425, 0.00045192020876442043, -2.3667783843884064e-06, 0.2222184435121122, 0.9749969042809592, 0.024265878063957053, 0.0, 0.0, 0.0, 1.0], "right_foot_pose": [0.9999999999999998, 1.040236264413064e-12, 1.731575993701994e-11, -6.808542935369929e-11, 2.6941029493826095e-12, 0.9767765443751328, -0.2142605478350457, -0.14000000003112623, -1.7136905840331743e-11, 0.21426054783504556, 0.9767765443751331, 4.066860043172582e-11, 0.0, 0.0, 0.0, 1.0]}, {"left_foot_pose": [0.9999181396090601, -0.012477237257115605, 0.00283418968791889, -0.012483161664195464, 0.01279508008433971, 0.9751228872559344, -0.22129536975564232, 0.0006397613144326492, -2.528399172206018e-06, 0.22131351811419167, 0.975202710565105, 0.025000001523258777, 0.0, 0.0, 0.0, 1.0], "right_foot_pose": [0.9999999999999998, -1.7711589264058226e-11, -3.876077236952813e-11, -1.0315309592234808e-10, 9.13392660897798e-12, 0.9774837994760489, -0.2110104778485357, -0.14000000002779245, 4.162533422805522e-11, 0.21101047784853558, 0.977483799476049, 1.6277644510065414e-10, 0.0, 0.0, 0.0, 1.0]}, {"left_foot_pose": [0.9998605342650165, -0.0163133260575418, 0.0035759491351272997, -0.01629390967839117, 0.016700659064630776, 0.9767026928764642, -0.21394610937026048, 0.0008350622778184012, -2.466508968595145e-06, 0.2139759919262082, 0.9768389196142384, 0.02500000164295125, 0.0, 0.0, 0.0, 1.0], "right_foot_pose": [0.9999999999999998, -5.896914991492607e-11, -1.7625845227797715e-10, -1.6927527846275387e-10, 2.1986413745622786e-11, 0.9792067642025958, -0.20286476515127588, -0.1400000000031326, 1.8455614146932674e-10, 0.20286476515127574, 0.9792067642025957, 4.4148770750318533e-10, 0.0, 0.0, 0.0, 1.0]}, {"left_foot_pose": [0.9997892637764704, -0.020109766484052313, 0.00412617610636656, -0.020029274246459467, 0.020528712391640367, 0.9794073023171069, -0.20084797269444774, 0.0010264992303607966, -2.2011795414078464e-06, 0.20089035183374312, 0.9796137333333335, 0.02491027057249927, 0.0, 0.0, 0.0, 1.0], "right_foot_pose": [1.0, -1.2025821441540752e-10, -4.0771219733670627e-10, -1.8951135432053253e-10, 4.074174078573952e-11, 0.9818466097257734, -0.18967665900158945, -0.1400000000228448, 4.231207320540363e-10, 0.18967665900158928, 0.9818466097257734, 8.971907661248224e-10, 0.0, 0.0, 0.0, 1.0]}, {"left_foot_pose": [0.9997106898258836, -0.02367314358374222, 0.004256632556398421, -0.023468298425372437, 0.024052788713687278, 0.9839440612203496, -0.17684894046700167, 0.0012027431616514588, -1.7179643575592195e-06, 0.17690016015275345, 0.9842288013134853, 0.021163833380594355, 0.0, 0.0, 0.0, 1.0], "right_foot_pose": [0.9999999999999998, -1.9546066739342439e-10, -7.534860513302975e-10, -2.5169428697088297e-11, 6.37810952489015e-11, 0.9852810313270471, -0.17094235667941013, -0.140000000341512, 7.75807811441208e-10, 0.17094235667940996, 0.9852810313270474, 1.6010650721876019e-09, 0.0, 0.0, 0.0, 1.0]}, {"left_foot_pose": [0.9996341754974236, -0.02676357865579607, 0.003902055243241902, -0.026390025529409954, 0.027046537233445966, 0.9891820880536109, -0.14417795080240114, 0.0013524778202716851, -1.1252264792171158e-06, 0.1442307440576895, 0.9895440831349052, 0.01399681168450441, 0.0, 0.0, 0.0, 1.0], "right_foot_pose": [0.9999999999999999, -2.5787453348756777e-10, -1.1761704388213429e-09, 1.6685264635200993e-10, 8.274162260840298e-11, 0.9892055804375145, -0.14653436331209233, -0.14000000061180437, 1.2012617371751236e-09, 0.14653436331209213, 0.9892055804375144, 2.54380515263275e-09, 0.0, 0.0, 0.0, 1.0]}, {"left_foot_pose": [0.9995711409158666, -0.029112606190279368, 0.0031607608203076433, -0.02857350823411819, 0.02928368569416858, 0.9937335828136458, -0.10787044145882063, 0.0014643825664674807, -5.64492619346823e-07, 0.10791673896650769, 0.9941599355488621, 0.0062879099124719465, 0.0, 0.0, 0.0, 1.0], "right_foot_pose": [1.0, -2.8145273693226163e-10, -1.6337570740709832e-09, 3.512102079432297e-10, 8.888205034770496e-11, 0.9931680421707088, -0.11669293042340437, -0.14000000068759155, 1.6554386874894868e-09, 0.11669293042340423, 0.9931680421707089, 3.598133992144259e-09, 0.0, 0.0, 0.0, 1.0]}, {"left_foot_pose": [0.999533606654898, -0.030461858730288796, 0.0021550707989620712, -0.029797793246912094, 0.030537995471752278, 0.9970419144614632, -0.0705326281914154, 0.0015271329315918597, -1.4095935459413914e-07, 0.07056554378531422, 0.997507144851737, 0.0009158369347178619, 0.0, 0.0, 0.0, 1.0], "right_foot_pose": [0.9999999999999999, -2.388711519522756e-10, -2.013012312396255e-09, 4.757847600821879e-10, 7.262699829578748e-11, 0.9966172231421268, -0.08218339574681081, -0.14000000044913402, 2.025833886788035e-09, 0.08218339574681063, 0.9966172231421265, 4.468482903141613e-09, 0.0, 0.0, 0.0, 1.0]}, {"left_foot_pose": [0.9995278140589591, -0.030709900784899134, 0.0010251420884325503, -0.02998228657376367, 0.03072700640348553, 0.9989713780516156, -0.0333472174422055, 0.0015365925527561514, 2.1343220527233904e-09, 0.033362970902472006, 0.9994433011294648, 4.910620077236416e-09, 0.0, 0.0, 0.0, 1.0], "right_foot_pose": [0.9999999999999998, -1.3804407075331548e-10, -2.1138047978652695e-09, 5.647396036314237e-10, 4.20458383442831e-11, 0.998971261820888, -0.04534774587543179, -0.14000000022558812, 2.117890210497479e-09, 0.04534774587543164, 0.9989712618208881, 4.756222776736152e-09, 0.0, 0.0, 0.0, 1.0]}, {"left_foot_pose": [0.9995278140601451, -0.030726806442376374, -0.00011084223811593706, -0.0299822864665199, 0.030727006364906904, 0.999521310947898, 0.003605556939976055, 0.0015365924119557714, 1.9289384173666963e-09, -0.0036072602968399143, 0.9999934938154107, 4.40913903304585e-09, 0.0, 0.0, 0.0, 1.0], "right_foot_pose": [1.0, -2.0298405958285687e-11, -1.889144618516525e-09, 6.521954336691093e-10, 3.944217361380344e-12, 0.9999625312806961, -0.008656560211927155, -0.14000000031340282, 1.8892495665345246e-09, 0.008656560211927004, 0.9999625312806963, 4.457807914470813e-09, 0.0, 0.0, 0.0, 1.0]}, {"left_foot_pose": [0.9995278140608932, -0.03070573053193407, -0.001143254632169709, -0.02998228642208956, 0.03072700634057511, 0.9988357287907375, 0.037189218497078305, 0.00153659233139424, 1.4518519887861868e-09, -0.03720678706334934, 0.9993075877808715, 3.3744940383662048e-09, 0.0, 0.0, 0.0, 1.0], "right_foot_pose": [0.9999999999219307, -1.2491301924913135e-05, -3.2508814185030624e-07, -1.0800789280352647e-05, 1.249551826622182e-05, 0.99969824755393, 0.024564480077205197, -0.1400072571771531, 1.8147708254404656e-08, -0.024564480079349766, 0.9996982476319696, 3.740253817275524e-05, 0.0, 0.0, 0.0, 1.0]}, {"left_foot_pose": [0.9995278140611135, -0.03066145894145646, -0.0020059545844745225, -0.029982286655551187, 0.030727006333413163, 0.9973956057482152, 0.06525225448931599, 0.0015365925364215884, 9.660234417422117e-10, -0.06528308027148728, 0.997866784410759, 2.236101623309672e-09, 0.0, 0.0, 0.0, 1.0], "right_foot_pose": [0.999999173899459, -0.0012831949991587062, -7.490656717705943e-05, -0.0011110765014278692, 0.0012853794190739035, 0.9983171320586827, 0.05797630238188428, -0.1407465699383852, 3.856080303091225e-07, -0.05797635077098945, 0.9983179567408026, 0.003492991064449169, 0.0, 0.0, 0.0, 1.0]}, {"left_foot_pose": [0.9995278140609253, -0.030610195981557637, -0.0026767182443697916, -0.029982286753947946, 0.03072700633952365, 0.9957280571374929, 0.08707173657740618, 0.0015365925166008435, 5.358815235824926e-10, -0.0871128700661675, 0.9961984480357496, 1.3318236374848524e-09, 0.0, 0.0, 0.0, 1.0], "right_foot_pose": [0.999990411076734, -0.004359232327274963, -0.0004181484198688908, -0.0037853942942114326, 0.004379241189377977, 0.9954451479410967, 0.095235390938104, -0.14254355211838643, 1.0906207994852924e-06, -0.0952363089060318, 0.9954546928237191, 0.010538500182835461, 0.0, 0.0, 0.0, 1.0]}, {"left_foot_pose": [0.9995278140605864, -0.03056578165021284, -0.0031435507596010675, -0.029982286743973158, 0.030727006350549264, 0.9942832891319633, 0.10225747910866424, 0.001536592361155921, 2.1027244306628592e-10, -0.10230578646898292, 0.9947529975099164, 6.954554987448347e-10, 0.0, 0.0, 0.0, 1.0], "right_foot_pose": [0.9999602804207824, -0.008831259542013194, -0.0012026785484997985, -0.007704215363472126, 0.008912776033995406, 0.9908454339726623, 0.13470667540583864, -0.14517677357420258, 2.0389357669716823e-06, -0.13471204411791768, 0.9908847890473518, 0.018295212619362518, 0.0, 0.0, 0.0, 1.0]}, {"left_foot_pose": [0.9995278140603142, -0.03053854236491329, -0.003397992059651048, -0.029982286623976378, 0.03072700635940755, 0.9933972134899806, 0.11053428115535967, 0.0015365921763823044, 1.5679851552167327e-11, -0.11058649854557102, 0.9938665032787005, 3.3216646100342473e-10, 0.0, 0.0, 0.0, 1.0], "right_foot_pose": [0.9998948035408519, -0.014288917252569146, -0.002491725456549239, -0.012538006458180257, 0.014504545590245827, 0.985066031958091, 0.1715649464184388, -0.14842480182102413, 3.0367853973557582e-06, -0.17158303973904465, 0.9851696607512269, 0.023884422982457368, 0.0, 0.0, 0.0, 1.0]}, {"left_foot_pose": [0.9995278140602611, -0.030534687487542046, -0.0034324597527971823, -0.02998228645357214, 0.030727006361122244, 0.9932718168544387, 0.11165549212988651, 0.0015365920995002846, -2.3513474916195496e-11, -0.11170823918906678, 0.9937410474048454, 2.7838958915893386e-10, 0.0, 0.0, 0.0, 1.0], "right_foot_pose": [0.9997842184890944, -0.0203586604731969, -0.0041281235310724005, -0.017957224931454217, 0.02077297392552382, 0.979880011674521, 0.19850351703440924, -0.15206619652610165, 3.8000277819874434e-06, -0.19854643704805594, 0.9800914816082643, 0.02500000726382632, 0.0, 0.0, 0.0, 1.0]}, {"left_foot_pose": [0.9995278140604731, -0.030554906335888896, -0.0032475557421348367, -0.029982286343369396, 0.030727006354235593, 0.9939295223662922, 0.10564069125683596, 0.0015365920600984954, 1.0102663015557418e-10, -0.10569059687370701, 0.9943990636220855, 5.182795859148825e-10, 0.0, 0.0, 0.0, 1.0], "right_foot_pose": [0.9996262888249812, -0.026686064757073177, -0.005927616534168927, -0.023632315539003225, 0.02733647146609599, 0.9758759669904274, 0.21660751228496491, -0.1558795226990592, 4.216417525211022e-06, -0.21668860375727947, 0.976240774083905, 0.02500000667947712, 0.0, 0.0, 0.0, 1.0]}, {"left_foot_pose": [0.9995278140609035, -0.030595651486370886, -0.0028381382554620556, -0.02998228618794349, 0.030727006340231167, 0.9952549346466343, 0.09232261988750022, 0.0015365920479776807, 4.0157113046378994e-10, -0.09236623393669893, 0.9957251020378827, 1.0863889093881696e-09, 0.0, 0.0, 0.0, 1.0], "right_foot_pose": [0.9994281573548859, -0.03293749179733916, -0.007647216507847772, -0.029233744158843344, 0.03381358112434124, 0.9735617571404652, 0.2259073853709027, -0.15964335238587923, 4.214888001164405e-06, -0.22603678166986504, 0.9741187675610015, 0.024992555474536125, 0.0, 0.0, 0.0, 1.0]}, {"left_foot_pose": [0.9995278140613877, -0.030648623033747345, -0.0021933590221326596, -0.029982285811888533, 0.030727006324481682, 0.9969780630566234, 0.0713483907751209, 0.0015365924612510736, 8.965421267172284e-10, -0.07138209642479937, 0.9974490444679377, 2.1108747944031947e-09, 0.0, 0.0, 0.0, 1.0], "right_foot_pose": [0.9992067446254675, -0.038845418435978926, -0.00877011753108573, -0.0344319739897275, 0.039823127469636184, 0.9746952530540877, 0.21996200170112287, -0.163136249016329, 3.6759301800185517e-06, -0.22013676916944486, 0.975469016856059, 0.0218377967543013, 0.0, 0.0, 0.0, 1.0]}, {"left_foot_pose": [0.9995278140615423, -0.0306991229984491, -0.0013087262822128148, -0.02998228547042654, 0.030727006319452566, 0.998620791496797, 0.04257189064342759, 0.0015365929388764157, 1.5686565009964482e-09, -0.042592002036036344, 0.9990925489475753, 3.5795711325614654e-09, 0.0, 0.0, 0.0, 1.0], "right_foot_pose": [0.9989876908355962, -0.04409343204612803, -0.008908580658923061, -0.03889744816415657, 0.04498437008214218, 0.9792141093888248, 0.1977779927650273, -0.16613678125180661, 2.697391641377962e-06, -0.19797852717970174, 0.980206357237332, 0.01492378168551689, 0.0, 0.0, 0.0, 1.0]}, {"left_foot_pose": [0.9995278140608073, -0.030726426869371302, -0.00018870788636024088, -0.029982285331916526, 0.030727006343365306, 0.999508964660964, 0.00613845612051687, 0.001536593328216429, 2.401041248853759e-09, -0.0061413560562698175, 0.9999811416950779, 5.364005392638482e-09, 0.0, 0.0, 0.0, 1.0], "right_foot_pose": [0.9988028475116615, -0.04824792117568461, -0.008062871995846538, -0.04230063454300071, 0.04891698887072692, 0.9851468458774196, 0.16459896797244056, -0.16842352328821578, 1.554883088060717e-06, -0.16479632932804147, 0.9863276179026855, 0.007129215291829263, 0.0, 0.0, 0.0, 1.0]}, {"left_foot_pose": [0.9995278140588304, -0.030705664817541275, 0.0011450200389074058, -0.029982285186127132, 0.030727006407665253, 0.9988335832958305, -0.03724679795143878, 0.0015365933972065482, 3.2250159047503755e-09, 0.03726439357516475, 0.9993054412798301, 7.1400131848586845e-09, 0.0, 0.0, 0.0, 1.0], "right_foot_pose": [0.9986863226382203, -0.05084559365498184, -0.006352525578120722, -0.044311995511570626, 0.05124089163046196, 0.9909831964926527, 0.12380095029570504, -0.16977504456060677, 5.132903712858437e-07, -0.12396382486466315, 0.9922867378558777, 0.0013328070245857207, 0.0, 0.0, 0.0, 1.0]}, {"left_foot_pose": [0.9995278140555968, -0.030614962925350552, 0.0026216358100272534, -0.029982285648968474, 0.030727006512854697, 0.9958831049475851, -0.08528008179356572, 0.0015365933764271995, 3.731848849812058e-09, 0.08532036875821405, 0.9963535691083582, 8.158734632335296e-09, 0.0, 0.0, 0.0, 1.0], "right_foot_pose": [0.9986622065762023, -0.051555066980407266, -0.003983996108934289, -0.04471698890344196, 0.051708772527978994, 0.9956936651155002, 0.07694366830683162, -0.1700471813690009, 3.7142336412914246e-09, -0.07704674112191728, 0.9970274819093462, 8.38280468651309e-09, 0.0, 0.0, 0.0, 1.0]}, {"left_foot_pose": [0.99952781405294, -0.03044986659743091, 0.004117591377383018, -0.02998228607525514, 0.03072700659928409, 0.9905126297202219, -0.13394245566727023, 0.0015365936101298418, 3.643475528005237e-09, 0.13400573117941517, 0.9909805568279689, 8.426691518181872e-09, 0.0, 0.0, 0.0, 1.0], "right_foot_pose": [0.9986622065718205, -0.05168904381551802, -0.0014282557682730773, -0.04471698922659506, 0.05170877261260549, 0.998281182194399, 0.027584127889976853, -0.17004718097537028, 3.661709656166439e-09, -0.027621079377718013, 0.999618465202604, 8.003551904556261e-09, 0.0, 0.0, 0.0, 1.0]}, {"left_foot_pose": [0.9995278140531143, -0.030228386125653445, 0.005513039673560285, -0.029982285188937086, 0.03072700659361178, 0.9833080248171367, -0.1793353824431148, 0.0015365933199420166, 3.0343349108684846e-09, 0.17942010200214584, 0.9837725484061551, 7.7765091519022e-09, 0.0, 0.0, 0.0, 1.0], "right_foot_pose": [0.9986622065672127, -0.05169852407253826, 0.0010294576370563457, -0.04471698811702975, 0.051708772701595886, 0.99846427148883, -0.01988218765565653, -0.17004718085124676, 3.0875184977024513e-09, 0.019908821386541674, 0.9998017997738347, 6.546845447708005e-09, 0.0, 0.0, 0.0, 1.0]}, {"left_foot_pose": [0.9995062167758838, -0.03067741043984543, 0.006798464169675144, -0.030663617636476858, 0.03142169036838679, 0.9758370725351622, -0.2162283173878919, 0.0005091153341853713, -8.685318456136223e-07, 0.21633516670830666, 0.9763191566514182, 0.002844456785433512, 0.0, 0.0, 0.0, 1.0], "right_foot_pose": [0.9986622065653638, -0.05161013521803171, 0.0031923534852392114, -0.04471698804151817, 0.05170877273730483, 0.9967571971313409, -0.06165462504042249, -0.1700471811484357, 2.222953667383359e-09, 0.06173721656869367, 0.9980924386500233, 4.575476150736613e-09, 0.0, 0.0, 0.0, 1.0]}, {"left_foot_pose": [0.9994430681244846, -0.032374700026215265, 0.008089028132636624, -0.03257459940838059, 0.033369950175876656, 0.9696478827004981, -0.24221773262852075, -0.0023727162140825056, -1.7825670378322228e-06, 0.24235276431816186, 0.9701881970134297, 0.00961703719048592, 0.0, 0.0, 0.0, 1.0], "right_foot_pose": [0.9986622065654069, -0.05146843369090852, 0.004979709963168489, -0.044716988046563336, 0.05170877273647801, 0.9940204862260086, -0.09617419500623256, -0.17004718115542738, 1.4596013574372407e-09, 0.09630302849035483, 0.9953520616865101, 2.943247534581417e-09, 0.0, 0.0, 0.0, 1.0]}, {"left_foot_pose": [0.9993403751805112, -0.03510439258750739, 0.009300330915520558, -0.035464062204882185, 0.03631548605767648, 0.9660310779229367, -0.2558615679609667, -0.006730127373815974, -2.5437696034532893e-06, 0.2560305413580804, 0.9666686929271157, 0.017439492623727043, 0.0, 0.0, 0.0, 1.0], "right_foot_pose": [0.998662206566371, -0.05131307909128451, 0.0063847545103702455, -0.04471698808158066, 0.05170877271784855, 0.9910200917975401, -0.12331009884680466, -0.1700471809838468, 8.539080252443679e-10, 0.12347528322610321, 0.9923476479703236, 1.7274740388151244e-09, 0.0, 0.0, 0.0, 1.0]}, {"left_foot_pose": [0.9991996061242486, -0.03869390523032713, 0.010145384131429278, -0.03908073804787989, 0.04000183886121533, 0.9665478155779909, -0.2533479289221379, -0.012184196269823325, -2.9781184200028865e-06, 0.2535509848126047, 0.9673220239877152, 0.023433116516278774, 0.0, 0.0, 0.0, 1.0], "right_foot_pose": [0.998662206567538, -0.051174146126804265, 0.007416464241705179, -0.04471698810803698, 0.05170877269531751, 0.9883368520907394, -0.14323571351346756, -0.17004718074016084, 4.1162457237969875e-10, 0.1434275899803124, 0.9896608138309001, 8.951648658439559e-10, 0.0, 0.0, 0.0, 1.0]}, {"left_foot_pose": [0.9990239153848288, -0.042975032865453254, 0.01021582299086744, -0.043173356900650675, 0.04417257611275344, 0.971955283817505, -0.23097989042078423, -0.018356003398363754, -2.954752426253148e-06, 0.23120569372194869, 0.9729048911285334, 0.02500000487360516, 0.0, 0.0, 0.0, 1.0], "right_foot_pose": [0.9986622065684522, -0.05107233687626249, 0.008087866086143052, -0.044716988123774545, 0.051708772677659165, 0.9863705900875881, -0.15620263070266732, -0.17004718059367846, 1.3226655561613048e-10, 0.15641187747821841, 0.9876919178487483, 4.0858488814521365e-10, 0.0, 0.0, 0.0, 1.0]}, {"left_foot_pose": [0.9988197130969532, -0.04762394892589238, 0.009546738585759931, -0.04749063904235203, 0.04857139819217418, 0.9793467915476025, -0.19626686211144892, -0.02486661484903674, -2.5647866667494303e-06, 0.196498909345882, 0.9805040431427614, 0.02500000661004336, 0.0, 0.0, 0.0, 1.0], "right_foot_pose": [0.9986622065689091, -0.05101694804785171, 0.008430194707135371, -0.044716988217518905, 0.05170877266883658, 0.985300854757137, -0.1628140916626629, -0.17004718060500865, 5.102454298022714e-12, 0.16303219506201272, 0.9866207495148592, 1.483792047562993e-10, 0.0, 0.0, 0.0, 1.0]}, {"left_foot_pose": [0.9985975798577884, -0.05230521324626005, 0.00818768400904499, -0.05178131656750851, 0.05294217126633158, 0.9865889239143375, -0.1544001998417003, -0.03133710467713956, -1.9429778491769036e-06, 0.15461713966056204, 0.9879744632931624, 0.025000007523120732, 0.0, 0.0, 0.0, 1.0], "right_foot_pose": [0.9986622065689376, -0.05101064826690983, 0.008468230880786043, -0.044716988291235826, 0.051708772668288085, 0.9851791858240977, -0.16354869197920024, -0.1700471806002394, -3.439316679582467e-12, 0.16376777943892865, 0.9864989175957785, 1.1808904548660237e-10, 0.0, 0.0, 0.0, 1.0]}, {"left_foot_pose": [0.9983725241796869, -0.05673628119364172, 0.005770386416658736, -0.0557941219836524, 0.05702896598898336, 0.9932506933369908, -0.10099879813054978, -0.03738855618842865, -1.144098214211385e-06, 0.10116350419941032, 0.9948698133006089, 0.0224597277240585, 0.0, 0.0, 0.0, 1.0], "right_foot_pose": [0.9986622065685369, -0.0510880443558273, 0.007988047042784911, -0.044716988176748074, 0.05170877267602404, 0.9866739519334315, -0.15427480482698344, -0.17004718069668287, 1.2805262914576683e-10, 0.1544814691151063, 0.9879956860735976, 4.09797924760813e-10, 0.0, 0.0, 0.0, 1.0]}, {"left_foot_pose": [0.9981635815639609, -0.06049959483351261, 0.003043593991964899, -0.05927777084357566, 0.06057610452306534, 0.9969032539028538, -0.05014417133340435, -0.042642026681771264, -4.667052160821328e-07, 0.050236454720490625, 0.9987373521686767, 0.015838564853877662, 0.0, 0.0, 0.0, 1.0], "right_foot_pose": [0.9986622065678964, -0.05117831238798537, 0.007387659579189604, -0.044716988060456965, 0.051708772688396076, 0.9884173163116236, -0.14267940160509504, -0.170047180871308, 3.315896991384765e-10, 0.14287053284861076, 0.9897413858395304, 8.552029917563431e-10, 0.0, 0.0, 0.0, 1.0]}, {"left_foot_pose": [0.9979927619887856, -0.06332721587422604, 0.00033278764246668784, -0.06198099720062147, 0.06332809027591847, 0.9979789847982333, -0.005243937746931255, -0.046718587201692814, -3.109585161887821e-08, 0.005254486721621843, 0.9999861950893583, 0.00799817927687331, 0.0, 0.0, 0.0, 1.0], "right_foot_pose": [0.9986622065672778, -0.05129624591071006, 0.006518614089130046, -0.04471698799329303, 0.051708772700336345, 0.9906949900516645, -0.12589535143267738, -0.17004718095774102, 5.859244160795218e-10, 0.1260639989925765, 0.9920221107203203, 1.3792327210881972e-09, 0.0, 0.0, 0.0, 1.0]}, {"left_foot_pose": [0.9978833392840665, -0.06499812562173013, -0.0020210999339402565, -0.06365253355829698, 0.0650295408200822, 0.9974013195797722, 0.031012360781784994, -0.04923931490202759, 1.0241919348208026e-07, -0.03107814933666563, 0.999516957651944, 0.0018172767951490018, 0.0, 0.0, 0.0, 1.0], "right_foot_pose": [0.9986622065670043, -0.051423546114517146, 0.005423659256426163, -0.044716988011710465, 0.05170877270562216, 0.9931535648423818, -0.10474826712718144, -0.17004718084203282, 8.200201672520598e-10, 0.10488858634702412, 0.9944839789831323, 1.8342571767027138e-09, 0.0, 0.0, 0.0, 1.0]}, {"left_foot_pose": [0.997854990931745, -0.06535159867962617, -0.0038191128060428782, -0.06407850038567918, 0.06546309702884703, 0.9961554206932363, 0.058214781206098395, -0.049881678880054584, 9.05374969374053e-10, -0.05833992092469104, 0.9982967763278124, 2.032798762652277e-09, 0.0, 0.0, 0.0, 1.0], "right_foot_pose": [0.9986622065674003, -0.051538454403464086, 0.004193434348181243, -0.044716987989694534, 0.05170877269797127, 0.9953728127532446, -0.08098868104718993, -0.17004718054991247, 9.031017463355524e-10, 0.08109717226510395, 0.9967061997653089, 2.026752071726534e-09, 0.0, 0.0, 0.0, 1.0]}, {"left_foot_pose": [0.9978549909322871, -0.0652376769458945, -0.005427944199122537, -0.06407850015228174, 0.06546309702057884, 0.9944189103440534, 0.08273822380629324, -0.0498816788355301, 8.401472337330282e-10, -0.08291607960371188, 0.9965565331395664, 1.9475295612303434e-09, 0.0, 0.0, 0.0, 1.0], "right_foot_pose": [0.9986622065680308, -0.051625892076211675, 0.0029265064508281944, -0.04471698774964431, 0.051708772685796774, 0.9970615153297334, -0.05652023952271058, -0.1700471805018925, 8.292359741789326e-10, 0.056595953174333025, 0.9983971645013267, 2.028027669409571e-09, 0.0, 0.0, 0.0, 1.0]}, {"left_foot_pose": [0.9978549909322194, -0.06509601080738547, -0.00692289308209562, -0.06407850037248027, 0.06546309702161528, 0.9922594912576748, 0.10552575485349418, -0.04988167894800456, 6.892706941060073e-10, -0.10575259517395263, 0.9943924721225395, 1.5934218736135541e-09, 0.0, 0.0, 0.0, 1.0], "right_foot_pose": [0.9986622065685256, -0.05167941033435084, 0.0017423315347282425, -0.04471698799147406, 0.05170877267624054, 0.998095125155784, -0.033650021821342066, -0.17004718060345245, 6.742474984651365e-10, 0.033695098868436274, 0.9994321589343852, 1.6074149233880064e-09, 0.0, 0.0, 0.0, 1.0]}, {"left_foot_pose": [0.9978549909318122, -0.06495050692679867, -0.008176106801252832, -0.06407850064483808, 0.06546309702781908, 0.9900415730663162, 0.12462851410452196, -0.04988167878397889, 4.704479871578263e-10, -0.12489641808445329, 0.992169786251161, 1.035287917894312e-09, 0.0, 0.0, 0.0, 1.0], "right_foot_pose": [0.9986339736994532, -0.05224864462308135, 0.0005154690010238491, -0.04515617202048757, 0.0522511872902325, 0.998585384099097, -0.009851095899420344, -0.17085658445967372, -3.3401582067146554e-08, 0.009864572910647181, 0.9999513439169377, 0.0022503012765408906, 0.0, 0.0, 0.0, 1.0]}, {"left_foot_pose": [0.9978549909311425, -0.06482053345741794, -0.009149618358501066, -0.06407850076029736, 0.06546309703802976, 0.988060384968454, 0.13946776897255178, -0.04988167874243119, 2.5269824243318557e-10, -0.1397675716977559, 0.9901843393538974, 6.019869186468796e-10, 0.0, 0.0, 0.0, 1.0], "right_foot_pose": [0.9985374965482163, -0.05405025988552045, -0.0011989134783335156, -0.04662370148106853, 0.05406355507359737, 0.9982920032177252, 0.022140648688458532, -0.173561219982286, 1.5792232499278785e-07, -0.022173085438191447, 0.9997541469191946, 0.008710109088733833, 0.0, 0.0, 0.0, 1.0]}, {"left_foot_pose": [0.997854990930501, -0.0647255448801335, -0.009799026230196552, -0.0640785007816545, 0.06546309704780466, 0.9866124721299915, 0.14936670566915922, -0.049881678835119465, 8.205375580096374e-11, -0.14968778733589924, 0.9887333140551519, 3.1634134894931165e-10, 0.0, 0.0, 0.0, 1.0], "right_foot_pose": [0.9983797502163069, -0.0567930292474048, -0.003525079705136791, -0.048922623598317075, 0.056902322954892705, 0.9964627916257941, 0.06183874633000231, -0.17779810442466928, 6.010347412390281e-07, -0.061939137338460876, 0.9980799282950268, 0.01655846297295297, 0.0, 0.0, 0.0, 1.0]}, {"left_foot_pose": [0.9978549909301472, -0.0646807911513102, -0.010090209702344458, -0.06407850071774944, 0.06546309705320039, 0.985930290067515, 0.15380522114541398, -0.04988167897132093, -8.213249216954382e-12, -0.15413584392809823, 0.9880496655616934, 1.776183852775226e-10, 0.0, 0.0, 0.0, 1.0], "right_foot_pose": [0.9981675206947542, -0.060168399603714076, -0.006431509870567831, -0.05184570523357603, 0.06051116119009059, 0.9925156259409039, 0.10607135162032255, -0.18318530320755091, 1.2305741339062723e-06, -0.10626615619407259, 0.9943377213232045, 0.022916657227336046, 0.0, 0.0, 0.0, 1.0]}, {"left_foot_pose": [0.9978549909303235, -0.06471123189320786, -0.009893105796863736, -0.06407850057892163, 0.06546309705051011, 0.9863942988988125, 0.15080076267869666, -0.04988167900929555, 3.305526949454943e-11, -0.1511249270199479, 0.9885146718350802, 2.578783991902256e-10, 0.0, 0.0, 0.0, 1.0], "right_foot_pose": [0.9979090522032138, -0.06394067137473396, -0.009440025160513095, -0.05518570854146899, 0.06463376460827676, 0.9872122748614947, 0.14572028285504537, -0.18934087466172794, 1.8559947920994068e-06, -0.14602573371478364, 0.9892807918329429, 0.02500000632960772, 0.0, 0.0, 0.0, 1.0]}, {"left_foot_pose": [0.9978549909310991, -0.06479359389757855, -0.00933848294599752, -0.06407850051760194, 0.06546309703869083, 0.9876497447327284, 0.1423466355608045, -0.04988167905109884, 2.0059167230175232e-10, -0.14265262675188714, 0.9897728163981813, 5.798242788679353e-10, 0.0, 0.0, 0.0, 1.0], "right_foot_pose": [0.9976156937944773, -0.06789000157118874, -0.012404643551013474, -0.05873538206360086, 0.06901396590127873, 0.9813746123476588, 0.1792789523342309, -0.19588286917952372, 2.3539005346718077e-06, -0.17970759006270812, 0.9837200730229676, 0.025000005430729555, 0.0, 0.0, 0.0, 1.0]}, {"left_foot_pose": [0.9978549909323503, -0.06492778680827223, -0.008354613789957258, -0.06407850042329244, 0.06546309701961735, 0.989695250187652, 0.12734949817177138, -0.04988167908716527, 5.176351585042693e-10, -0.12762325123652582, 0.9918227189088883, 1.1775858621554391e-09, 0.0, 0.0, 0.0, 1.0], "right_foot_pose": [0.9973028887315759, -0.07183077174220329, -0.015076085651569504, -0.06228749336493488, 0.07339583176731729, 0.9760441630131749, 0.20481905118200008, -0.20242935702691442, 2.614887392259316e-06, -0.2053731532572615, 0.9786837425411399, 0.02500000383400755, 0.0, 0.0, 0.0, 1.0]}, {"left_foot_pose": [0.9978549909338271, -0.06509775480636965, -0.006906474326485035, -0.06407850016238391, 0.06546309699710715, 0.9922860759601797, 0.10527547856503382, -0.04988167873356359, 1.0173976111404715e-09, -0.10550178090780896, 0.9944191139681907, 2.14524669556182e-09, 0.0, 0.0, 0.0, 1.0], "right_foot_pose": [0.9969905071589894, -0.07566880777014268, -0.016857050913674988, -0.06563480621275398, 0.07752372945425916, 0.9731424432901155, 0.2167575983416662, -0.208598399938577, 2.522671165982213e-06, -0.2174120893