{"LoopMode": "Wrap", "FrameDuration": 0.0167, "EnableCycleOffsetPosition": true, "EnableCycleOffsetRotation": false, "Debug_info": [{"left_foot_pose": [1.0000000000000002, 1.2764299901059815e-13, -8.792411243518932e-12, 1.4483533219304839e-12, -4.265226241913772e-14, 0.9999536464595523, 0.0096283400566096, 1.3171234936049103e-13, 8.793092193192789e-12, -0.009628340056609772, 0.9999536464595524, 1.8308778104714207e-11, 0.0, 0.0, 0.0, 1.0], "right_foot_pose": [0.9999999999999998, -2.1185788308534311e-13, -8.85436168829301e-12, 7.896885711687443e-13, 8.070077398351787e-14, 0.9998902180759331, -0.014817280319365671, -0.14000000000215387, 8.856343243515934e-12, 0.014817280319365522, 0.999890218075933, 1.546451855460873e-11, 0.0, 0.0, 0.0, 1.0]}, {"left_foot_pose": [1.0000000000000007, 1.950936045325193e-13, -1.9597823364136963e-11, 3.3601898967613888e-12, -6.524567357642309e-14, 0.9999781625243922, 0.006608666608404713, 1.2140496941093204e-12, 1.9598145908351104e-11, -0.006608666608404886, 0.9999781625243925, 3.983928464901254e-11, 0.0, 0.0, 0.0, 1.0], "right_foot_pose": [0.9999999999999998, -5.480024001840048e-13, -1.9712231846824576e-11, 2.090615294470376e-12, 1.9635759770827593e-13, 0.9998408916818494, -0.01783791806361737, -0.14000000000386442, 1.9718629295110753e-11, 0.017837918063617217, 0.9998408916818495, 3.5573481660389206e-11, 0.0, 0.0, 0.0, 1.0]}, {"left_foot_pose": [1.0000000000000004, 1.2559810594182494e-13, -3.4402591886362195e-11, 6.041153149523191e-12, -4.258818127077442e-14, 0.9999971121032669, 0.0024032863181432207, 3.1013611817565234e-12, 3.4402401339254255e-11, -0.0024032863181433954, 0.9999971121032669, 6.92484888875633e-11, 0.0, 0.0, 0.0, 1.0], "right_foot_pose": [1.0, -1.168064812225241e-12, -3.460909336894246e-11, 3.99874003096421e-12, 4.048531772639131e-13, 0.9997569576958121, -0.022045986909504038, -0.14000000000578852, 3.4626357996643985e-11, 0.022045986909503885, 0.9997569576958123, 6.344655356649298e-11, 0.0, 0.0, 0.0, 1.0]}, {"left_foot_pose": [1.0000000000000004, -2.32043591215076e-13, -5.2993442967164135e-11, 9.482887349902907e-12, 7.524311806553448e-14, 0.9999956040554604, -0.0029651087257429646, 5.941025449374138e-12, 5.2993639128005634e-11, 0.0029651087257427902, 0.9999956040554607, 1.0629048335930591e-10, 0.0, 0.0, 0.0, 1.0], "right_foot_pose": [1.0, -2.217738043157837e-12, -5.336164843328105e-11, 6.529772016811685e-12, 7.537915417990144e-13, 0.9996239986348489, -0.027420090322160737, -0.1400000000077122, 5.3402115491010034e-11, 0.02742009032216059, 0.999623998634849, 9.870301104220047e-11, 0.0, 0.0, 0.0, 1.0]}, {"left_foot_pose": [1.0000000000000004, -1.067121478294756e-12, -7.556821834953097e-11, 1.3761078379274462e-11, 3.5068044059919224e-13, 0.9999550212891801, -0.009484481986696746, 9.978970774704443e-12, 7.557464138978386e-11, 0.009484481986696571, 0.9999550212891805, 1.5157589766667812e-10, 0.0, 0.0, 0.0, 1.0], "right_foot_pose": [1.0, -3.898017755741105e-12, -7.62053198322121e-11, 9.767770295981173e-12, 1.308677289824189e-12, 0.9994235384587221, -0.03394982731395081, -0.14000000000942267, 7.629364793902127e-11, 0.033949827313950666, 0.9994235384587223, 1.4175548929129533e-10, 0.0, 0.0, 0.0, 1.0]}, {"left_foot_pose": [1.0000000000000007, -2.6307025684031728e-12, -1.0278128348417678e-10, 1.905076192113478e-11, 8.662642232418411e-13, 0.999852646443915, -0.01716640320801491, 1.55971711240932e-11, 1.0281104245460792e-10, 0.017166403208014734, 0.9998526464439152, 2.0669138622864125e-10, 0.0, 0.0, 0.0, 1.0], "right_foot_pose": [1.0, -6.4918360094406625e-12, -1.0384781923278294e-10, 1.3882840393415865e-11, 2.1611468631679436e-12, 0.9991323128548634, -0.041648786408385714, -0.14000000001067653, 1.0402770746729973e-10, 0.041648786408385575, 0.9991323128548636, 1.939217605939625e-10, 0.0, 0.0, 0.0, 1.0]}, {"left_foot_pose": [1.0000000000000004, -5.274997908608648e-12, -1.357544077151828e-10, 2.5638581406316526e-11, 1.7371254783887713e-12, 0.9996606376072724, -0.026050136633470316, 2.3358166095777122e-11, 1.358452622071457e-10, 0.02605013663347014, 0.9996606376072726, 2.742858440374363e-10, 0.0, 0.0, 0.0, 1.0], "right_foot_pose": [0.9999999999999999, -1.0406081026322044e-11, -1.3748391314294387e-10, 1.9147837340147193e-11, 3.4418332450273496e-12, 0.9987210900237835, -0.05055872171748088, -0.14000000001114757, 1.3783419956112278e-10, 0.05055872171748075, 0.9987210900237834, 2.5747393106456684e-10, 0.0, 0.0, 0.0, 1.0]}, {"left_foot_pose": [1.0000000000000007, -9.507983096815807e-12, -1.7606588409435618e-10, 3.3935983541479404e-11, 3.127971684657027e-12, 0.9993444548832842, -0.0362030453695875, 3.405793876087859e-11, 1.762943966670076e-10, 0.036203045369587315, 0.9993444548832842, 3.5815093252233865e-10, 0.0, 0.0, 0.0, 1.0], "right_foot_pose": [0.9999999999999999, -1.622977480907895e-11, -1.7880014135940306e-10, 2.5959342510220746e-11, 5.337746129376406e-12, 0.9981530079890265, -0.06075008347696621, -0.14000000001035534, 1.7945578649876163e-10, 0.06075008347696607, 0.9981530079890267, 3.3566400353679526e-10, 0.0, 0.0, 0.0, 1.0]}, {"left_foot_pose": [1.0000000000000004, -1.6063997898555324e-11, -2.2573537483694371e-10, 4.449830091622898e-11, 5.274231870795113e-12, 0.9988608131772316, -0.047718716442506866, 4.878472105451781e-11, 2.2624461134373776e-10, 0.047718716442506685, 0.9988608131772319, 4.633483804972194e-10, 0.0, 0.0, 0.0, 1.0], "right_foot_pose": [1.0, -2.4810345866531163e-11, -2.2997082016473753e-10, 3.486552321956668e-11, 8.113902151974511e-12, 0.9973814588970881, -0.07232029762325515, -0.14000000000757404, 2.3116265330009242e-10, 0.07232029762325497, 0.9973814588970881, 4.327686750627002e-10, 0.0, 0.0, 0.0, 1.0]}, {"left_foot_pose": [1.0000000000000007, -2.5982132140976492e-11, -2.871072268817438e-10, 5.803422698727965e-11, 8.503663338144925e-12, 0.9981553207349835, -0.06071207201573064, 6.89507947265744e-11, 2.8815494036288157e-10, 0.06071207201573046, 0.9981553207349836, 5.962108445833891e-10, 0.0, 0.0, 0.0, 1.0], "right_foot_pose": [0.9999999999999998, -3.733736731248186e-11, -2.9355712305445515e-10, 4.658889104056275e-11, 1.2134519696450162e-11, 0.9963476864689587, -0.0853890371649283, -0.14000000000172555, 2.9567296019884153e-10, 0.08538903716492816, 0.9963476864689585, 5.539840114421324e-10, 0.0, 0.0, 0.0, 1.0]}, {"left_foot_pose": [1.0000000000000002, -4.064500136943394e-11, -3.6235908718040765e-10, 7.535517003656674e-11, 1.3241238267330684e-11, 0.9971602884391993, -0.07530842688473524, 9.618521604193297e-11, 3.6439054859709557e-10, 0.0753084268847351, 0.9971602884391996, 7.636757892726109e-10, 0.0, 0.0, 0.0, 1.0], "right_foot_pose": [0.9999999999999998, -5.5375773304645537e-11, -3.7202274594250153e-10, 6.199455948198796e-11, 1.7862991088362226e-11, 0.994978650440088, -0.10008738765909199, -0.13999999999129317, 3.756968739366737e-10, 0.10008738765909185, 0.994978650440088, 7.046652150677346e-10, 0.0, 0.0, 0.0, 1.0]}, {"left_foot_pose": [1.0000000000000002, -6.16310758468789e-11, -4.521363838883008e-10, 9.715805912232892e-11, 1.9947916654779282e-11, 0.9957941312848002, -0.0916190378619578, 1.3182750724372028e-10, 4.558811379188797e-10, 0.09161903786195762, 0.9957941312848001, 9.708264123164945e-10, 0.0, 0.0, 0.0, 1.0], "right_foot_pose": [0.9999999999999998, -8.06770707794737e-11, -4.663371910851306e-10, 8.189510552424626e-11, 2.5783663873639375e-11, 0.993186784439477, -0.11653330517398, -0.13999999997440465, 4.725613342546126e-10, 0.11653330517397989, 0.9931867844394768, 8.879163168606929e-10, 0.0, 0.0, 0.0, 1.0]}, {"left_foot_pose": [1.0000000000000007, -8.994156458988789e-11, -5.519927848141022e-10, 1.2334455118589843e-10, 2.8853863574466195e-11, 0.9939663902530419, -0.10968507212624032, 1.7534992728662768e-10, 5.585274322657532e-10, 0.10968507212624012, 0.9939663902530422, 1.2133930596402998e-09, 0.0, 0.0, 0.0, 1.0], "right_foot_pose": [0.9999999999999999, -1.1425319052872992e-10, -5.722494700322038e-10, 1.0637234012910445e-10, 3.608595463144079e-11, 0.9908762393030648, -0.13477491749066528, -0.13999999994951723, 5.82426579786436e-10, 0.13477491749066514, 0.9908762393030647, 1.0977520628618898e-09, 0.0, 0.0, 0.0, 1.0]}, {"left_foot_pose": [1.0000000000000004, -1.233980024423235e-10, -6.435129096260516e-10, 1.5108692777920288e-10, 3.912313968249561e-11, 0.9915989730161658, -0.129350209560272, 2.2014901013278632e-10, 6.540680931886712e-10, 0.12935020956027177, 0.991598973016166, 1.4567415468347278e-09, 0.0, 0.0, 0.0, 1.0], "right_foot_pose": [1.0000000000000002, -1.5330014866461502e-10, -6.708570365887558e-10, 1.3277740793686568e-10, 4.770026621174698e-11, 0.9879676019266362, -0.15466097614890303, -0.13999999991787582, 6.864942572311551e-10, 0.15466097614890284, 0.9879676019266362, 1.300844189311423e-09, 0.0, 0.0, 0.0, 1.0]}, {"left_foot_pose": [1.0, -1.497916977752091e-10, -6.755787596013335e-10, 1.701288845251915e-10, 4.678073888885633e-11, 0.9886903935538607, -0.14997101618083652, 2.44495694523561e-10, 6.904024016253738e-10, 0.14997101618083633, 0.9886903935538608, 1.5860044944027152e-09, 0.0, 0.0, 0.0, 1.0], "right_foot_pose": [1.0, -1.831462899917198e-10, -7.084210995600405e-10, 1.5081188083724445e-10, 5.594225486072689e-11, 0.9844713228422163, -0.1755454770174876, -0.13999999989004394, 7.295706771059653e-10, 0.17554547701748743, 0.9844713228422162, 1.3951382618615504e-09, 0.0, 0.0, 0.0, 1.0]}, {"left_foot_pose": [0.9999999998914195, -1.4511322711876318e-05, 2.5657712969809363e-06, -1.4031038051861619e-05, 1.47362664263532e-05, 0.9854751464882462, -0.16981971451163477, -2.0310817219489075e-05, -6.41951650411061e-08, 0.16981971453100533, 0.9854751465950852, 0.00016386124047122058, 0.0, 0.0, 0.0, 1.0], "right_foot_pose": [0.9999999999999998, -1.6717173060223562e-10, -5.824686843958195e-10, 1.270822995599037e-10, 4.9991565162251024e-11, 0.9806772018722324, -0.19563288508849777, -0.13999999996073606, 6.039176695693254e-10, 0.19563288508849763, 0.9806772018722321, 1.1219743259460735e-09, 0.0, 0.0, 0.0, 1.0]}, {"left_foot_pose": [0.9999999134313351, -0.0004086164712677077, 7.854872910296415e-05, -0.00039625993412982437, 0.000416097575619934, 0.9821841683948599, -0.187920425226493, -0.0005735942978394477, -3.619371375481918e-07, 0.18792044164240818, 0.9821842533928107, 0.0041912092662017425, 0.0, 0.0, 0.0, 1.0], "right_foot_pose": [1.0, -1.2101355125371014e-10, -3.889055744110685e-10, 9.126758856458779e-11, 3.548974645734451e-11, 0.9770994325836834, -0.21278322030800328, -0.14000000016168182, 4.0574886121774517e-10, 0.2127832203080031, 0.9770994325836833, 6.543313391116357e-10, 0.0, 0.0, 0.0, 1.0]}, {"left_foot_pose": [0.999999167295593, -0.001263511900738363, 0.00026257531857373426, -0.0012290083487024013, 0.001290506763160939, 0.9791825333451892, -0.2029775873932696, -0.0017790021417719813, -6.445683806401984e-07, 0.20297775722816236, 0.9791833485462316, 0.011469802659407023, 0.0, 0.0, 0.0, 1.0], "right_foot_pose": [1.0, -6.80507957719634e-11, -2.058200276877638e-10, 6.238950586773959e-11, 1.9766009945171897e-11, 0.9741180121202281, -0.22604003730077432, -0.14000000019232345, 2.158750449245302e-10, 0.22604003730077418, 0.9741180121202281, 3.240235371682054e-10, 0.0, 0.0, 0.0, 1.0]}, {"left_foot_pose": [0.9999967832819996, -0.002478603186822993, 0.0005384718160961114, -0.0024155762461333693, 0.002536419699107781, 0.9772753835783389, -0.21195846580620878, -0.0034965566708573606, -8.743218001176698e-07, 0.21195914978611788, 0.9772785267369701, 0.019120926859869165, 0.0, 0.0, 0.0, 1.0], "right_foot_pose": [1.0, -2.4633745887160283e-11, -7.052519679362476e-11, 2.2574234285007352e-11, 7.373955690366298e-12, 0.9720062631975719, -0.23495494100931896, -0.14000000011379, 7.433868553018365e-11, 0.23495494100931877, 0.9720062631975719, 1.0929391419667311e-10, 0.0, 0.0, 0.0, 1.0]}, {"left_foot_pose": [0.9999917894473378, -0.003961342541887969, 0.0008536997001354541, -0.003859262410712304, 0.0040522878605045, 0.9776011479758757, -0.21042712382044976, -0.005586285134930768, -1.0038893222887208e-06, 0.2104288555343991, 0.9776091738304609, 0.02426587795712537, 0.0, 0.0, 0.0, 1.0], "right_foot_pose": [1.0, -1.530206859447431e-12, -1.817823669369991e-12, -8.240293970212107e-12, 1.0509377982875977e-12, 0.9709576522703319, -0.23925141064931152, -0.14000000002174856, 2.1309890336797373e-12, 0.2392514106493113, 0.9709576522703318, 7.438119564717738e-12, 0.0, 0.0, 0.0, 1.0]}, {"left_foot_pose": [0.9999835457864591, -0.00562578575327256, 0.001121913989346407, -0.005463360232748375, 0.005736563025325559, 0.9807071475075133, -0.19539852269741947, -0.007908214704401503, -9.988430392142528e-07, 0.19540174349871006, 0.9807232834172275, 0.025000001285112858, 0.0, 0.0, 0.0, 1.0], "right_foot_pose": [1.0, -4.600415222025699e-12, -9.691580871162814e-12, -2.4915698305628384e-11, 2.153292264073121e-12, 0.9710742042864072, -0.23877790888087005, -0.14000000000772456, 1.0509504362755932e-11, 0.2387779088808699, 0.9710742042864073, 3.728319042384243e-11, 0.0, 0.0, 0.0, 1.0]}, {"left_foot_pose": [0.9999719667262069, -0.007374188761709182, 0.0012988848408023446, -0.007131166168074269, 0.007487707321014206, 0.9848324142219268, -0.17334661847548943, -0.01032236383939292, -8.932077216082099e-07, 0.17335148467180386, 0.9848600219123959, 0.025000001899332103, 0.0, 0.0, 0.0, 1.0], "right_foot_pose": [0.9999999999999998, -2.981921806259838e-11, -8.33895175134101e-11, -5.314052733457701e-11, 9.485189935220447e-12, 0.972254941422756, -0.23392376723846017, -0.13999999999031976, 8.805120625041242e-11, 0.2339237672384601, 0.9722549414227559, 1.799089557885658e-10, 0.0, 0.0, 0.0, 1.0]}, {"left_foot_pose": [0.9999576405965802, -0.009105378179167468, 0.0013450281543025458, -0.008765979999987907, 0.009204184483759302, 0.989234499594, -0.14604926497931664, -0.012688757319667433, -7.144627355132338e-07, 0.14605545830684996, 0.9892764037913097, 0.024910271148174797, 0.0, 0.0, 0.0, 1.0], "right_foot_pose": [0.9999999999999998, -7.546702956128191e-11, -2.2584256686997104e-10, -5.972123861466604e-11, 2.278745310782485e-11, 0.9744251246830391, -0.22471243042262745, -0.13999999999623958, 2.37024724653733e-10, 0.2247124304226273, 0.9744251246830387, 4.495497654688485e-10, 0.0, 0.0, 0.0, 1.0]}, {"left_foot_pose": [0.9999418459930517, -0.010717377726709967, 0.0012010190140657549, -0.010271097091518225, 0.010784462516841377, 0.993726675610746, -0.11131482177966748, -0.014867423306464005, -4.816405990127985e-07, 0.1113213007212872, 0.9937844675811202, 0.021163834044709437, 0.0, 0.0, 0.0, 1.0], "right_foot_pose": [0.9999999999999998, -1.414656838144961e-10, -4.551207744007959e-10, 2.324587721976069e-11, 4.2390560769261454e-11, 0.9775483682826522, -0.2107111474695261, -0.14000000021066705, 4.747108986194779e-10, 0.21071114746952596, 0.9775483682826522, 8.806533627336854e-10, 0.0, 0.0, 0.0, 1.0]}, {"left_foot_pose": [0.9999264650016834, -0.012094381508337243, 0.0008891148233004612, -0.01154981479186736, 0.012127018973093382, 0.9972368959327147, -0.07329057784812047, -0.016718374280954004, -2.538970545366407e-07, 0.073295970737933, 0.99731023291327, 0.013996812701716335, 0.0, 0.0, 0.0, 1.0], "right_foot_pose": [1.0, -2.0706151161434953e-10, -7.332572327101149e-10, 1.104049330036258e-10, 6.24923761322926e-11, 0.9814122594456282, -0.1919113780103407, -0.14000000038143226, 7.593649537338163e-10, 0.19191137801034053, 0.981412259445628, 1.440641071714932e-09, 0.0, 0.0, 0.0, 1.0]}, {"left_foot_pose": [0.9999137934396523, -0.013121442101874454, 0.00048316280124108507, -0.012505434630305186, 0.01313033469178278, 0.999236832885982, -0.03678785281686151, -0.01810163206108873, -8.438649187079237e-08, 0.0367910255518983, 0.9993229810420823, 0.006287910910503923, 0.0, 0.0, 0.0, 1.0], "right_foot_pose": [0.9999999999999999, -2.536294603104534e-10, -1.0227715896426998e-09, 1.6845632926397686e-10, 7.744488895654009e-11, 0.9856661731197659, -0.16870742475491649, -0.14000000039252378, 1.0509004042582399e-09, 0.16870742475491632, 0.9856661731197658, 2.033464889528158e-09, 0.0, 0.0, 0.0, 1.0]}, {"left_foot_pose": [0.9999062479745392, -0.013692798970502417, 5.017802088967646e-05, -0.01304125426360157, 0.013692890910263569, 0.9998995346458522, -0.003664062435161651, -0.01887722168433415, -1.7093973647911947e-09, 0.0036644060040528985, 0.9999932860417808, 0.0009158366177725377, 0.0, 0.0, 0.0, 1.0], "right_foot_pose": [1.0, -2.5849922913446325e-10, -1.241225178194581e-09, 1.6836923373891713e-10, 7.972843029846878e-11, 0.9898781658299464, -0.14191975483751842, -0.1400000001662048, 1.2653477049013713e-09, 0.14191975483751826, 0.9898781658299463, 2.4876017704067444e-09, 0.0, 0.0, 0.0, 1.0]}, {"left_foot_pose": [0.9999050834819642, -0.013773037111215186, -0.000357037337384471, -0.01312199991643743, 0.013777664059164913, 0.9995692881237733, 0.025911661714497557, -0.01899409487969654, 1.2787557310521918e-09, -0.025914121410282327, 0.9996641727658016, 2.644726562750499e-09, 0.0, 0.0, 0.0, 1.0], "right_foot_pose": [0.9999999999999999, -2.1415695598966845e-10, -1.2791820380719784e-09, 1.5861650416284003e-10, 6.760129530036153e-11, 0.9935393370674196, -0.11348826238705176, -0.1399999999687467, 1.2952217988106102e-09, 0.11348826238705165, 0.9935393370674198, 2.5924933935717043e-09, 0.0, 0.0, 0.0, 1.0]}, {"left_foot_pose": [0.999905083482152, -0.013757313977861058, -0.0007485577237483354, -0.013121999884686064, 0.013777664045520987, 0.9984281948926983, 0.05432601233992577, -0.0189940949488846, 1.1279693412852029e-09, -0.05433116928084254, 0.9985229712152733, 2.362489558149772e-09, 0.0, 0.0, 0.0, 1.0], "right_foot_pose": [1.0, -1.412473559768398e-10, -1.121118753388827e-09, 1.8704172035938153e-10, 4.50379862878923e-11, 0.9963505364823564, -0.08535577573498475, -0.14000000003379787, 1.129083356113517e-09, 0.08535577573498461, 0.9963505364823563, 2.330108453407753e-09, 0.0, 0.0, 0.0, 1.0]}, {"left_foot_pose": [0.9999050834821709, -0.013734018903729724, -0.0010957879657064876, -0.013121999917772287, 0.01377766404416223, 0.9967375702094241, 0.07952604671741371, -0.01899409495566205, 8.054469693404156e-10, -0.07953359578043784, 0.9968321860485017, 1.7383801204085003e-09, 0.0, 0.0, 0.0, 1.0], "right_foot_pose": [0.9999999999475657, -1.021997156222826e-05, 6.483713422267949e-07, -9.264275028493536e-06, 1.0240467033927082e-05, 0.9981879885969024, -0.06017257943618144, -0.140013939494519, -3.2234435623624526e-08, 0.060172579439665815, 0.9981879886492204, 3.74011195836757e-05, 0.0, 0.0, 0.0, 1.0]}, {"left_foot_pose": [0.9999050834821016, -0.013708411635047093, -0.0013796655741132456, -0.013122000135423506, 0.013777664049188319, 0.9948791379613383, 0.1001283018064982, -0.018994094750173073, 5.195668326238203e-10, -0.10013780654552812, 0.9949735773879885, 1.0966185251537475e-09, 0.0, 0.0, 0.0, 1.0], "right_foot_pose": [0.9999994452284329, -0.0010528138749530235, 3.355251118870195e-05, -0.0009529865840619374, 0.0010533483744160123, 0.9994970885163031, -0.03169322490116242, -0.1414339715103822, -1.6857032765398485e-07, 0.03169324266114535, 0.999497643003521, 0.0034929923015646763, 0.0, 0.0, 0.0, 1.0]}, {"left_foot_pose": [0.999905083481969, -0.013685191747306757, -0.0015935977399913078, -0.013122000236144503, 0.013777664058811525, 0.9931939672722414, 0.11565430967806173, -0.018994094751097288, 2.5727121434605093e-10, -0.1156652882279984, 0.9932882467336134, 6.171968283674722e-10, 0.0, 0.0, 0.0, 1.0], "right_foot_pose": [0.9999935605613752, -0.003588649735772699, -2.0708856179692463e-05, -0.0032467906286164153, 0.0035887094866185096, 0.9999770050437841, 0.005754176560085317, -0.144885503217518, 5.865578855694386e-08, -0.005754213824487306, 0.999983444374585, 0.010538501983577205, 0.0, 0.0, 0.0, 1.0]}, {"left_foot_pose": [0.9999050834818427, -0.013668646186577505, -0.0017297799270468864, -0.013122000247611551, 0.013777664067971105, 0.9919931816459318, 0.125537657859355, -0.01899409488346702, 6.500691102509916e-11, -0.1255495745887199, 0.9920873471225163, 3.085363076138492e-10, 0.0, 0.0, 0.0, 1.0], "right_foot_pose": [0.9999733263331475, -0.007294098041333025, -0.00037783062832785785, -0.0066080279580820805, 0.007303877176142669, 0.9986390265486367, 0.05164056576168848, -0.1499432245606198, 6.45061297743693e-07, -0.05164194794694412, 0.9986656643801415, 0.018295214394426114, 0.0, 0.0, 0.0, 1.0]}, {"left_foot_pose": [0.9999050834817856, -0.013662014098159713, -0.0017814033978410689, -0.01312200015485076, 0.013777664072119148, 0.9915118609989997, 0.12928420425951773, -0.01899409503908796, -2.307994203342121e-11, -0.1292964766305818, 0.9916059807861782, 1.897803650341423e-10, 0.0, 0.0, 0.0, 1.0], "right_foot_pose": [0.9999293549699187, -0.011824258207919854, -0.0012132548266904565, -0.010754052860832605, 0.011886339522592626, 0.9947195202476143, 0.10194013425098776, -0.15618182483036294, 1.4817900097738402e-06, -0.10194735384593476, 0.9947897954048464, 0.023884424929154352, 0.0, 0.0, 0.0, 1.0]}, {"left_foot_pose": [0.9999050834818425, -0.01366709152305984, -0.00174202080087667, -0.013121999995268616, 0.013777664067990244, 0.9918803525776851, 0.1264260342777445, -0.018994095091867995, 2.47994536658269e-11, -0.12643803533616044, 0.9919745073439804, 3.2899612895098684e-10, 0.0, 0.0, 0.0, 1.0], "right_foot_pose": [0.9998550896465197, -0.016835290105572314, -0.002524423698760648, -0.015402206831813871, 0.017023504414298413, 0.988820783410431, 0.1481339211424498, -0.1631759822135414, 2.3250825590411606e-06, -0.1481554295415543, 0.9889640886766069, 0.02500000956201371, 0.0, 0.0, 0.0, 1.0]}, {"left_foot_pose": [0.9999050834820163, -0.013683319170677588, -0.0016095972466449616, -0.013121999884313295, 0.013777664055385027, 0.9930580662124919, 0.11681546602862078, -0.018994095138078357, 2.2339308021313767e-10, -0.11682655480146752, 0.9931523327733872, 7.393455986326458e-10, 0.0, 0.0, 0.0, 1.0], "right_foot_pose": [0.9997490268653909, -0.02200715774370031, -0.0041914543713871995, -0.020269825339090386, 0.022402751456249193, 0.9821200816896911, 0.18691779441514816, -0.17050037639153315, 2.9821228266189797e-06, -0.18696478318089216, 0.9823666168194178, 0.025000008142400658, 0.0, 0.0, 0.0, 1.0]}, {"left_foot_pose": [0.9999050834822777, -0.013708449615541045, -0.0013792880184224253, -0.013121999720872185, 0.013777664036388736, 0.9948818958600883, 0.10010089541826213, -0.01899409514646167, 5.973931893681584e-10, -0.10011039755677556, 0.9949763355482508, 1.4762230812759292e-09, 0.0, 0.0, 0.0, 1.0], "right_foot_pose": [0.9996159619822049, -0.027054954186259823, -0.005996499343005332, -0.025074262360310854, 0.027711523586041748, 0.9759578550109372, 0.21619051020567553, -0.17772970062411542, 3.3062872552331234e-06, -0.21627365696364753, 0.976332784091899, 0.02499255582415577, 0.0, 0.0, 0.0, 1.0]}, {"left_foot_pose": [0.9999050834825362, -0.01373806613623075, -0.0010438221208127925, -0.013121999296384232, 0.01377766401765392, 0.9970312992213439, 0.07575463251324213, -0.01899409466203389, 1.1736770645849192e-09, -0.07576182357781708, 0.9971259429420961, 2.7059970236775754e-09, 0.0, 0.0, 0.0, 1.0], "right_foot_pose": [0.9994672577655818, -0.03177527608076499, -0.007452012113479888, -0.02953286560458996, 0.03263741173533214, 0.9730876203503511, 0.22811243384811206, -0.18443863945245317, 3.125171349116973e-06, -0.2282341231080097, 0.9736062782456527, 0.02183779703630248, 0.0, 0.0, 0.0, 1.0]}, {"left_foot_pose": [0.9999050834825819, -0.013764620804278297, -0.0005993661702498204, -0.01312199889524763, 0.013777664014324618, 0.9989584870432457, 0.04349847283041515, -0.018994094131161134, 1.9385413923840106e-09, -0.043502601972576486, 0.999053313703336, 4.441808310051698e-09, 0.0, 0.0, 0.0, 1.0], "right_foot_pose": [0.9993201347433858, -0.035965612381714314, -0.008108207105743828, -0.033362974365305706, 0.036868255863614786, 0.9748684862412162, 0.2197092766437826, -0.19020187564957391, 2.456906869504436e-06, -0.21985883939420658, 0.9755316964272334, 0.01492378145357319, 0.0, 0.0, 0.0, 1.0]}, {"left_foot_pose": [0.9999050834821254, -0.013777586412170334, -4.625213970151283e-05, -0.013121998630853952, 0.013777664047480922, 0.9998994498498659, 0.003356510588614159, -0.018994093707979, 2.874363768988239e-09, -0.003356829246759333, 0.9999943658328329, 6.5722064249151835e-09, 0.0, 0.0, 0.0, 1.0], "right_foot_pose": [0.9991959864828901, -0.039319363369931866, -0.007833789674684458, -0.036281944536115655, 0.04009215127924642, 0.9799435596559813, 0.1952005104874627, -0.1945941040431379, 1.511937553566954e-06, -0.1953576401192114, 0.9807320696524442, 0.007129214465419746, 0.0, 0.0, 0.0, 1.0]}, {"left_foot_pose": [0.9999050834809543, -0.01376430297394928, 0.0006066239262025714, -0.013121998458466335, 0.01377766413244657, 0.9989353937874532, -0.04402561765336551, -0.018994093598833344, 3.829394075469863e-09, 0.04402979675569874, 0.9990302182605154, 8.728092290577472e-09, 0.0, 0.0, 0.0, 1.0], "right_foot_pose": [0.9991177229897378, -0.04147103374995442, -0.006627893142706465, -0.03800712445097752, 0.04199732857591875, 0.9865991671759345, 0.15766517599089105, -0.19719001436448894, 5.360200144441127e-07, -0.1578044254368759, 0.9874703860431714, 0.0013328066206347022, 0.0, 0.0, 0.0, 1.0]}, {"left_foot_pose": [0.999905083478971, -0.013713624801105318, 0.0013268487960137298, -0.013121999177220772, 0.013777664276391864, 0.995257429019358, -0.09629551364869178, -0.01899409352757154, 4.4227895420932875e-09, 0.09630465449080232, 0.9953519043651889, 9.999166425411765e-09, 0.0, 0.0, 0.0, 1.0], "right_foot_pose": [0.9991015257190431, -0.0421299498475041, -0.004605283023531246, -0.0383544951018921, 0.042380907327239016, 0.9931853823107586, 0.10856636246256098, -0.19771271148927536, 4.37470150168096e-09, -0.10866399445114745, 0.9940785362887186, 1.0595542956903792e-08, 0.0, 0.0, 0.0, 1.0]}, {"left_foot_pose": [0.9999050834774122, -0.013624014651680396, 0.0020518920053491474, -0.01312199987535063, 0.013777664389540407, 0.9887540069305614, -0.14891504202977443, -0.01899409324342515, 4.272391263396403e-09, 0.14892917781123682, 0.9888478649400373, 1.038013874854471e-08, 0.0, 0.0, 0.0, 1.0], "right_foot_pose": [0.9991015257148697, -0.042315572386095054, -0.002352370688503226, -0.03835449568962552, 0.04238090742561992, 0.9975613014700653, 0.05545546406920387, -0.1977127109907285, 4.261538505131775e-09, -0.05550533436514808, 0.9984583906488108, 9.959352523236653e-09, 0.0, 0.0, 0.0, 1.0]}, {"left_foot_pose": [0.9999050834777848, -0.013505633853041425, 0.0027243145032337184, -0.01312199858638428, 0.013777664362472528, 0.9801625939091471, -0.19771561765831336, -0.018994093762070938, 3.569007178249565e-09, 0.19773438587034076, 0.9802556363747573, 9.831214273225974e-09, 0.0, 0.0, 0.0, 1.0], "right_foot_pose": [0.999101525709423, -0.042380528356817146, -0.00017927994747664864, -0.0383544940428225, 0.04238090755402178, 0.9990925867489523, 0.004226319697393944, -0.19771271097029453, 3.6046961654545667e-09, -0.004230120504682527, 0.9999910530002336, 8.03253855791164e-09, 0.0, 0.0, 0.0, 1.0]}, {"left_foot_pose": [0.9998925858296452, -0.014239016963074475, 0.0034737873901684534, -0.0140256013184164, 0.014656629948800869, 0.9714220060580883, -0.2369060348421383, -0.020163529755895825, -1.2044664050776717e-06, 0.23693150179325181, 0.971526357571705, 0.0028444567986497596, 0.0, 0.0, 0.0, 1.0], "right_foot_pose": [0.9991015257069137, -0.04234513628479937, 0.00174090871074433, -0.03835449383662792, 0.04238090761318564, 0.9982582380671403, -0.04104081871711809, -0.19771271122284828, 2.5995924565457305e-09, 0.04107772588776643, 0.9991559540111293, 5.614850369373148e-09, 0.0, 0.0, 0.0, 1.0]}, {"left_foot_pose": [0.9998534124722797, -0.01651448761674602, 0.004519432076592755, -0.016560001036881117, 0.017121727760449006, 0.9644304111020114, -0.2637817821232224, -0.023443522040700597, -2.4567611789656675e-06, 0.2638204954895702, 0.9645717941934664, 0.009617038044879622, 0.0, 0.0, 0.0, 1.0], "right_foot_pose": [0.999101525706437, -0.04224944301097195, 0.0033355503792407712, -0.038354493776139434, 0.042380907624422384, 0.9960023322579731, -0.07863340769424006, -0.19771271118539216, 1.7200484546645637e-09, 0.07870412125131059, 0.9968980195075415, 3.6395860422699933e-09, 0.0, 0.0, 0.0, 1.0]}, {"left_foot_pose": [0.9997826411429604, -0.020031563676051495, 0.0057798724812391025, -0.020392089239393427, 0.020848751930550444, 0.9606414473807066, -0.2770078322308604, -0.028402963830647707, -3.48503595615933e-06, 0.277068125252607, 0.9608502765555418, 0.01743949431866499, 0.0, 0.0, 0.0, 1.0], "right_foot_pose": [0.9991015257070456, -0.042130676557225945, 0.004598632697219225, -0.03835449377886838, 0.0423809076100728, 0.9932024935305945, -0.10840971134891803, -0.1977127109796486, 1.0227938904984265e-09, 0.10850720223763775, 0.9940956629331809, 2.177297703243042e-09, 0.0, 0.0, 0.0, 1.0]}, {"left_foot_pose": [0.9996744833074541, -0.024544460962639205, 0.006963968698147637, -0.025188626719247625, 0.025513279042954112, 0.9617571223095632, -0.2727128714954703, -0.034610580098038815, -4.0560665545639025e-06, 0.2728017725801684, 0.9620702639935752, 0.023433118737866937, 0.0, 0.0, 0.0, 1.0], "right_foot_pose": [0.9991015257079988, -0.042017411596057694, 0.005538813114394594, -0.0383544937888341, 0.04238090758760032, 0.9905323494645758, -0.1305738233193727, -0.19771271070774232, 5.106343552803712e-10, 0.13069124602265794, 0.9914231176511091, 1.172891769818385e-09, 0.0, 0.0, 0.0, 1.0]}, {"left_foot_pose": [0.9995258488068031, -0.029833695545996422, 0.007617622799120135, -0.03061637354055955, 0.030790867981360343, 0.9684864626007996, -0.24715560727595304, -0.04163509844083577, -3.999418190597286e-06, 0.24727297136779708, 0.9689458589699151, 0.02500000733155737, 0.0, 0.0, 0.0, 1.0], "right_foot_pose": [0.9991015257088195, -0.041929481888611154, 0.0061692685840247395, -0.038354493801973824, 0.04238090756825778, 0.9884594668818603, -0.14543638129890282, -0.1977127105401609, 1.8000120682435497e-10, 0.1455671696509266, 0.9893483709592988, 5.709814496213106e-10, 0.0, 0.0, 0.0, 1.0]}, {"left_foot_pose": [0.9993388587645372, -0.035556551288637175, 0.007587952533548699, -0.03634207632615308, 0.036357191191320824, 0.977351686786772, -0.20847502244568822, -0.049045231097992165, -3.4453799319905477e-06, 0.20861306765279805, 0.977998255618393, 0.02500000949288858, 0.0, 0.0, 0.0, 1.0], "right_foot_pose": [0.9991015257092782, -0.04187663331965766, 0.00651835157096394, -0.03835449391568546, 0.04238090755743386, 0.9872135980547386, -0.1536657752735636, -0.19771271055019785, 1.7154775851193867e-11, 0.15380396418047232, 0.9881013817429728, 2.355829420430666e-10, 0.0, 0.0, 0.0, 1.0]}, {"left_foot_pose": [0.999122308981655, -0.04133092100847807, 0.0068093071422793295, -0.04203249547538547, 0.04188808528081493, 0.985842746428777, -0.1623559904200474, -0.05640969877792008, -2.5834391177842606e-06, 0.16249872086376005, 0.9867087542486733, 0.025000010365896615, 0.0, 0.0, 0.0, 1.0], "right_foot_pose": [0.9991015257093804, -0.04186236104083008, 0.0066093912938452685, -0.03835449400920068, 0.042380907555029684, 0.9868771388166492, -0.15581197500794464, -0.1977127105450033, -1.7122450190457674e-11, 0.15595209395564869, 0.9877646199327291, 1.5537446329538795e-10, 0.0, 0.0, 0.0, 1.0]}, {"left_foot_pose": [0.9988920818702066, -0.04680023093037127, 0.004934284332066764, -0.04735439371711203, 0.04705962998957997, 0.9933893941191091, -0.1047038818617251, -0.06329723217797467, -1.4998726082866783e-06, 0.10482008412768093, 0.9944912015504298, 0.02245972990871995, 0.0, 0.0, 0.0, 1.0], "right_foot_pose": [0.9991015257091546, -0.041914828942098255, 0.00626804916969728, -0.03835449388488821, 0.042380907560352045, 0.9881140339545659, -0.14776506548029594, -0.19771271061511, 9.312933177029121e-11, 0.14789794798032144, 0.989002627389437, 4.199666447934902e-10, 0.0, 0.0, 0.0, 1.0]}, {"left_foot_pose": [0.9986705055354652, -0.05148262526787585, 0.002600128663483009, -0.05197450956492718, 0.05154824316296056, 0.997399836481102, -0.050362136712856845, -0.06927653384822423, -5.928917105559174e-07, 0.05042921259547496, 0.9987276378055481, 0.015838566296411803, 0.0, 0.0, 0.0, 1.0], "right_foot_pose": [0.9991015257086925, -0.04197825651175491, 0.005828147801485302, -0.038354493755885594, 0.042380907571247906, 0.9896092956227539, -0.13739468945513972, -0.19771271078559444, 2.766872847125984e-10, 0.1375182460521883, 0.9904992337214248, 8.500452772230993e-10, 0.0, 0.0, 0.0, 1.0]}, {"left_foot_pose": [0.9984846678920754, -0.05503031366169576, 0.0001804515122521587, -0.05555960544013928, 0.055030609522813766, 0.9984793011087792, -0.0032737246176513714, -0.07391632135750516, -2.3007286376599276e-08, 0.003278694194334105, 0.9999946250677455, 0.007998179960279787, 0.0, 0.0, 0.0, 1.0], "right_foot_pose": [0.9991015257082275, -0.042064767666898345, 0.005166879969696368, -0.03835449368446559, 0.042380907582204926, 0.9916487373568685, -0.12180574851392216, -0.1977127108782736, 5.137064758943885e-10, 0.12191528624277624, 0.9925405094908427, 1.3661287656674403e-09, 0.0, 0.0, 0.0, 1.0]}, {"left_foot_pose": [0.9983636792527245, -0.05715099374895915, -0.0019307673268210267, -0.05777644358880412, 0.05718359860086022, 0.9977945165710249, 0.033706657381755475, -0.07678531903715824, 1.4008615322873876e-07, -0.03376191070276914, 0.9994299041882226, 0.0018172768449873783, 0.0, 0.0, 0.0, 1.0], "right_foot_pose": [0.9991015257080139, -0.04216005744972265, 0.0043209818044295046, -0.038354493712604056, 0.04238090758723944, 0.993895129794392, -0.10186427068933772, -0.19771271077257363, 7.32983759551951e-10, 0.10195587539139098, 0.9947889220699914, 1.814642006103817e-09, 0.0, 0.0, 0.0, 1.0]}, {"left_foot_pose": [0.9983321050587252, -0.05762738564792927, -0.0034774174900653082, -0.05834137217491719, 0.0577322094589789, 0.9965194440152391, 0.060133099791581546, -0.0775164341721519, 8.11913711704562e-10, -0.060233563093548895, 0.9981843105744834, 2.0086319274525977e-09, 0.0, 0.0, 0.0, 1.0], "right_foot_pose": [0.999101525708315, -0.04224697362041024, 0.003366681932296153, -0.03835449370464791, 0.042380907580146204, 0.995944120753451, -0.07936729181040848, -0.19771271047642797, 8.065202645466733e-10, 0.07943866537494043, 0.9968397556495469, 2.0088342517210478e-09, 0.0, 0.0, 0.0, 1.0]}, {"left_foot_pose": [0.99833210505912, -0.05753039025128475, -0.0048230908930008195, -0.05834137192611632, 0.05773220945215335, 0.994842155035855, 0.08340310878731866, -0.0775164340977767, 7.412219150881421e-10, -0.0835424488577602, 0.9965042193783477, 1.9148620883369105e-09, 0.0, 0.0, 0.0, 1.0], "right_foot_pose": [0.9991015257087678, -0.04231384886005056, 0.0023831745763022625, -0.03835449344537034, 0.04238090756947449, 0.997520660557191, -0.056181762477987555, -0.1977127103952385, 7.286085196906669e-10, 0.056232285710205006, 0.998417713206154, 2.029487786159301e-09, 0.0, 0.0, 0.0, 1.0]}, {"left_foot_pose": [0.9983321050590096, -0.057412275132009555, -0.00606948701406502, -0.058341372151586905, 0.0577322094540604, 0.9927996536917413, 0.10495637008353437, -0.07751643422674813, 6.095568536751761e-10, -0.10513171878042213, 0.994458305665087, 1.589955424263767e-09, 0.0, 0.0, 0.0, 1.0], "right_foot_pose": [0.9991015257090877, -0.04235550169988132, 0.001467242830434474, -0.03835449369714104, 0.042380907561921255, 0.9985025990329712, -0.034589281556996546, -0.1977127105162621, 5.941837743889963e-10, 0.03462038705954386, 0.999400534720613, 1.612721831079078e-09, 0.0, 0.0, 0.0, 1.0]}, {"left_foot_pose": [0.9983321050586877, -0.05729320980600646, -0.0071060621454604005, -0.058341372461285235, 0.0577322094596271, 0.9907407205981632, 0.1228813107821625, -0.07751643409247749, 4.1072888670228635e-10, -0.12308660633374205, 0.9923959327512604, 1.0474968600848733e-09, 0.0, 0.0, 0.0, 1.0], "right_foot_pose": [0.9990721760908327, -0.04306447605797526, 0.0004877119847296431, -0.0389375965008901, 0.043067237676980966, 0.9990081250615325, -0.01131278479932474, -0.19864130973170585, -4.908529526944033e-08, 0.011323292935072771, 0.9999358894634715, 0.0022503013612011347, 0.0, 0.0, 0.0, 1.0]}, {"left_foot_pose": [0.9983321050581607, -0.057188921117939454, -0.007901601831828598, -0.05834137259671268, 0.05773220946874191, 0.988937311765872, 0.13663815494637102, -0.07751643406627849, 2.0928388822182944e-10, -0.1368664337909675, 0.9905895109990535, 6.355693471515877e-10, 0.0, 0.0, 0.0, 1.0], "right_foot_pose": [0.9989706844576526, -0.04534947486369007, -0.0009983605544228269, -0.04088602989353884, 0.04536046289633574, 0.9987287917854425, 0.021982467209581965, -0.20174423652845747, 1.980861219494136e-07, -0.02200512641131022, 0.9997578578893909, 0.008710109801728372, 0.0, 0.0, 0.0, 1.0]}, {"left_foot_pose": [0.9983321050576711, -0.05711581152338077, -0.00841380325094461, -0.05834137261823068, 0.057732209477206024, 0.9876730662872053, 0.14549538178138322, -0.07751643416711086, 5.264976050009642e-11, -0.14573845822176149, 0.9893231533705986, 3.795922742799718e-10, 0.0, 0.0, 0.0, 1.0], "right_foot_pose": [0.998801113334521, -0.04884972023508525, -0.0031687276112538874, -0.04393830024050655, 0.048952385039852865, 0.9967074392728413, 0.06463702110312168, -0.20660505437912022, 7.939854492332445e-07, -0.06471464541453757, 0.9979038103285506, 0.016558464447109275, 0.0, 0.0, 0.0, 1.0]}, {"left_foot_pose": [0.9983321050574482, -0.05708672484175934, -0.008608940608817466, -0.05834137253094605, 0.05773220948105945, 0.9871700856596112, 0.14886978863164832, -0.07751643430745035, -2.2620951852263144e-11, -0.1491185026267292, 0.9888193324234529, 2.7784544109898945e-10, 0.0, 0.0, 0.0, 1.0], "right_foot_pose": [0.9985668520499229, -0.053174046913717646, -0.006063227022383199, -0.04781926483277592, 0.0535186134382751, 0.9921413337542829, 0.1130987704261937, -0.21278558419244767, 1.6588203157404722e-06, -0.11326117865840078, 0.9935652496973503, 0.022916659458066188, 0.0, 0.0, 0.0, 1.0]}, {"left_foot_pose": [0.9983321050577173, -0.05712303583000196, -0.008364615268629323, -0.05834137234443188, 0.0577322094764085, 0.9877979923388448, 0.14464480052985074, -0.07751643433807211, 4.57486226922396e-11, -0.14488645591949764, 0.9894482881338916, 4.1286749713487225e-10, 0.0, 0.0, 0.0, 1.0], "right_foot_pose": [0.9982736236892217, -0.0580001200202235, -0.00926057903318408, -0.0522537745773388, 0.05873476176819004, 0.9857942342699396, 0.15735296451029188, -0.21984763903550608, 2.534589779017838e-06, -0.15762523198328032, 0.9874990056885087, 0.02500000917261179, 0.0, 0.0, 0.0, 1.0]}, {"left_foot_pose": [0.9983321050585208, -0.057203084901349344, -0.007798402861634875, -0.05834137225833707, 0.057732209462512125, 0.9891822386468897, 0.1348535900008027, -0.07751643438550361, 2.424742454487798e-10, -0.13507888740768112, 0.9908348470742759, 8.050390284952691e-10, 0.0, 0.0, 0.0, 1.0], "right_foot_pose": [0.9979321205813224, -0.06303260074702635, -0.01258467143514826, -0.05696666272958782, 0.06427661084358718, 0.9786280138290806, 0.1953349120034892, -0.22735302284103776, 3.2444909992733004e-06, -0.1957398829876396, 0.9806558510494179, 0.025000008233363832, 0.0, 0.0, 0.0, 1.0]}, {"left_foot_pose": [0.9983321050597262, -0.05732540503538866, -0.00684148701273159, -0.05834137213083365, 0.057732209441669305, 0.9912974560823307, 0.11830615181673347, -0.07751643441819217, 6.004681568258689e-10, -0.11850380374582664, 0.9929535983608558, 1.499268521831798e-09, 0.0, 0.0, 0.0, 1.0], "right_foot_pose": [0.9975595874400554, -0.06802303150859959, -0.01573965345254732, -0.06168278739413624, 0.06982026563421706, 0.9718932645217192, 0.2248301867723347, -0.23486356167230313, 3.632297537743928e-06, -0.2253804551457283, 0.9742708301212301, 0.02500000612288098, 0.0, 0.0, 0.0, 1.0]}, {"left_foot_pose": [0.998332105061033, -0.05747329851346896, -0.005461498181718554, -0.05834137176924979, 0.057732209419069175, 0.993854899650737, 0.09444273627874603, -0.07751643401261615, 1.152757165940121e-09, -0.09460052007365352, 0.9955153145993262, 2.617707099694666e-09, 0.0, 0.0, 0.0, 1.0], "right_foot_pose": [0.9971803530754195, -0.07284023530175303, -0.01804559673622905, -0.06612700129532452, 0.07504227760341496, 0.9679303854699867, 0.23974867143743478, -0.2419410723895896, 3.5317641486445148e-06, -0.24042684751314355,