{"LoopMode": "Wrap", "FrameDuration": 0.0167, "EnableCycleOffsetPosition": true, "EnableCycleOffsetRotation": false, "Debug_info": [{"left_foot_pose": [1.0000000000000004, 1.3019245574862523e-13, -8.871903212082093e-12, 1.4486643597754697e-12, -4.4538797240949215e-14, 0.9999537568700023, 0.009616866515095022, 1.4862243380431295e-13, 8.872362231794735e-12, -0.009616866515095194, 0.9999537568700023, 1.848268066373393e-11, 0.0, 0.0, 0.0, 1.0], "right_foot_pose": [0.9999999999999998, -2.1534217693418802e-13, -8.93429774606602e-12, 7.131610742867132e-13, 8.289984293797232e-14, 0.9998900482481257, -0.014828736101255834, -0.14000000000215837, 8.936501461613118e-12, 0.014828736101255683, 0.9998900482481257, 1.564656737507164e-11, 0.0, 0.0, 0.0, 1.0]}, {"left_foot_pose": [1.0000000000000004, 1.9846230769528937e-13, -1.9771684289793263e-11, 3.40251148074061e-12, -6.794744964072545e-14, 0.9999783233724189, 0.006584283202205742, 1.2560473494627189e-12, 1.97722291222515e-11, -0.006584283202205917, 0.999978323372419, 4.02217426032081e-11, 0.0, 0.0, 0.0, 1.0], "right_foot_pose": [0.9999999999999999, -5.55654508729527e-13, -1.9886536861690726e-11, 1.962796136238978e-12, 2.0041403316216766e-13, 0.9998404569240235, -0.01786227023532591, -0.14000000000386933, 1.989310108941304e-11, 0.01786227023532576, 0.9998404569240236, 3.5982258839162284e-11, 0.0, 0.0, 0.0, 1.0]}, {"left_foot_pose": [1.0000000000000007, 1.2771247774292572e-13, -3.4704517037909006e-11, 6.1574781838541206e-12, -4.544585871816155e-14, 0.9999972129276337, 0.002360961025887937, 3.1806501876729953e-12, 3.470443793601815e-11, -0.00236096102588811, 0.9999972129276338, 6.991680151502422e-11, 0.0, 0.0, 0.0, 1.0], "right_foot_pose": [0.9999999999999999, -1.1831697906659443e-12, -3.491229527696759e-11, 3.817867812002932e-12, 4.117984060723161e-13, 0.9997560243199122, -0.022088273722578156, -0.14000000000579071, 3.492961584294164e-11, 0.02208827372257801, 0.999756024319912, 6.41663736034026e-11, 0.0, 0.0, 0.0, 1.0]}, {"left_foot_pose": [1.0000000000000004, -2.3515327544289295e-13, -5.345490716734958e-11, 9.709856808711223e-12, 7.350100335767569e-14, 0.9999954086914602, -0.0030302798550624834, 6.071219915693149e-12, 5.345493744592778e-11, 0.003030279855062309, 0.9999954086914604, 1.0732028460358478e-10, 0.0, 0.0, 0.0, 1.0], "right_foot_pose": [0.9999999999999998, -2.245434711695393e-12, -5.3825832679876826e-11, 6.301161120127393e-12, 7.652389862831648e-13, 0.9996222096168974, -0.02748523313766001, -0.14000000000770688, 5.386696652936176e-11, 0.02748523313765986, 0.9996222096168975, 9.981413612303314e-11, 0.0, 0.0, 0.0, 1.0]}, {"left_foot_pose": [1.0000000000000004, -1.081812774170346e-12, -7.622219522218642e-11, 1.4143764982188145e-11, 3.520940367471835e-13, 0.9999541364934097, -0.009577312238845623, 1.0176522818872158e-11, 7.622867470115109e-11, 0.00957731223884545, 0.9999541364934095, 1.5304873340893366e-10, 0.0, 0.0, 0.0, 1.0], "right_foot_pose": [1.0, -3.945985867800755e-12, -7.686484781999067e-11, 9.504521160052634e-12, 1.3270782401370789e-12, 0.9994203803057164, -0.03404267071745525, -0.14000000000940238, 7.695456464322966e-11, 0.0340426707174551, 0.9994203803057164, 1.43342407388225e-10, 0.0, 0.0, 0.0, 1.0]}, {"left_foot_pose": [1.0000000000000004, -2.666491946685013e-12, -1.0366563163444195e-10, 1.9647707923352275e-11, 8.738730851694187e-13, 0.999850487286048, -0.017291705348320866, 1.588307090016894e-11, 1.0369600247955652e-10, 0.01729170534832069, 0.9998504872860481, 2.0870578182341504e-10, 0.0, 0.0, 0.0, 1.0], "right_foot_pose": [0.9999999999999999, -6.5712568570921955e-12, -1.0474238143487466e-10, 1.360747645253358e-11, 2.1900610961116246e-12, 0.9991270774760147, -0.04177419124576111, -0.14000000001063045, 1.0492515751564301e-10, 0.04177419124576095, 0.9991270774760148, 1.9608373258428458e-10, 0.0, 0.0, 0.0, 1.0]}, {"left_foot_pose": [1.0000000000000004, -5.345824066671639e-12, -1.3691570099894071e-10, 2.6528380876959198e-11, 1.7553812203034584e-12, 0.9996563848094125, -0.026212827199228492, 2.3760155301588703e-11, 1.3700838898449953e-10, 0.02621282719922832, 0.9996563848094127, 2.7696851062630756e-10, 0.0, 0.0, 0.0, 1.0], "right_foot_pose": [0.9999999999999998, -1.053313754500876e-11, -1.3866374715121302e-10, 1.8896077797059336e-11, 3.4863991362736984e-12, 0.9987128275454159, -0.05072167284544373, -0.1400000000110604, 1.3901936428529286e-10, 0.05072167284544359, 0.998712827545416, 2.603364468445335e-10, 0.0, 0.0, 0.0, 1.0]}, {"left_foot_pose": [1.0000000000000004, -9.634131957201837e-12, -1.775633529099706e-10, 3.522608858082215e-11, 3.1633087083167904e-12, 0.999336999976557, -0.036408247387861456, 3.4612883739737477e-11, 1.777961974027981e-10, 0.03640824738786129, 0.9993369999765571, 3.6166989542119055e-10, 0.0, 0.0, 0.0, 1.0], "right_foot_pose": [1.0, -1.6427883301796492e-11, -1.803280302858922e-10, 2.578625089910079e-11, 5.405367605820761e-12, 0.99814046648772, -0.06095579676844975, -0.1400000000102052, 1.8099394706516363e-10, 0.06095579676844961, 0.9981404664877204, 3.393905989579338e-10, 0.0, 0.0, 0.0, 1.0]}, {"left_foot_pose": [1.0000000000000007, -1.6274893449026778e-11, -2.2764606866232358e-10, 4.633641028651604e-11, 5.335891361677394e-12, 0.9988486879064417, -0.04797185286791471, 4.9541488966742264e-11, 2.2816435601610937e-10, 0.047971852867914534, 0.9988486879064418, 4.679296949916534e-10, 0.0, 0.0, 0.0, 1.0], "right_foot_pose": [1.0, -2.5113334452887954e-11, -2.3192942011363e-10, 3.485580009131457e-11, 8.215057074113282e-12, 0.9973630072709392, -0.07257431864970179, -0.14000000000733015, 2.331402406270393e-10, 0.07257431864970164, 0.9973630072709394, 4.375751427865282e-10, 0.0, 0.0, 0.0, 1.0]}, {"left_foot_pose": [1.0000000000000004, -2.6320101643818545e-11, -2.895274020531242e-10, 6.062200610887607e-11, 8.604739303817974e-12, 0.9981366080946215, -0.06101894444650179, 6.997277063325313e-11, 2.9059382585849845e-10, 0.0610189444465016, 0.9981366080946215, 6.021597873107076e-10, 0.0, 0.0, 0.0, 1.0], "right_foot_pose": [0.9999999999999998, -3.779382835117347e-11, -2.960521827688465e-10, 4.687100284574969e-11, 1.2283991512377248e-11, 0.9963212174352893, -0.08569732602749679, -0.14000000000134502, 2.982017738048943e-10, 0.08569732602749662, 0.996321217435289, 5.60155789808281e-10, 0.0, 0.0, 0.0, 1.0]}, {"left_foot_pose": [1.0000000000000007, -4.1169848513975997e-11, -3.654077040948771e-10, 7.896347020829742e-11, 1.3399838064557032e-11, 0.9971325151781496, -0.07567527452542294, 9.755089097618352e-11, 3.6747497386965346e-10, 0.07567527452542275, 0.9971325151781497, 7.714014219062371e-10, 0.0, 0.0, 0.0, 1.0], "right_foot_pose": [0.9999999999999998, -5.6054346494112246e-11, -3.751852717392975e-10, 6.275982014181156e-11, 1.8081124772679265e-11, 0.9949414630139213, -0.10045638444478332, -0.1399999999907186, 3.7891818976648037e-10, 0.10045638444478318, 0.994941463013921, 7.125754222792047e-10, 0.0, 0.0, 0.0, 1.0]}, {"left_foot_pose": [1.0000000000000004, -6.242392401200202e-11, -4.5595077713400547e-10, 1.0213617560512746e-10, 2.018778895318621e-11, 0.9957541482376941, -0.09205257338838979, 1.3362501036229268e-10, 4.597608166103224e-10, 0.0920525733883896, 0.9957541482376945, 9.808649031883832e-10, 0.0, 0.0, 0.0, 1.0], "right_foot_pose": [0.9999999999999998, -8.167089012064563e-11, -4.703220035651153e-10, 8.341910255487034e-11, 2.6096778789305005e-11, 0.9931354518850778, -0.11696997139874217, -0.13999999997356494, 4.766463487685223e-10, 0.11696997139874203, 0.9931354518850776, 8.980388030432884e-10, 0.0, 0.0, 0.0, 1.0]}, {"left_foot_pose": [1.0000000000000007, -9.11028584204011e-11, -5.567132865813546e-10, 1.301066036253742e-10, 2.920279199397041e-11, 0.993910264189477, -0.11019249855958867, 1.7765537652092434e-10, 5.633617924743896e-10, 0.11019249855958847, 0.9939102641894773, 1.2264061918787483e-09, 0.0, 0.0, 0.0, 1.0], "right_foot_pose": [1.0, -1.1567813051755038e-10, -5.772170519335866e-10, 1.0902583430219695e-10, 3.652488041954908e-11, 0.9908064866518187, -0.13528675474221225, -0.13999999994833934, 5.875599786599093e-10, 0.13528675474221208, 0.9908064866518187, 1.1106476779931818e-09, 0.0, 0.0, 0.0, 1.0]}, {"left_foot_pose": [1.0000000000000002, -1.250237984938405e-10, -6.492238413535722e-10, 1.6002159486945622e-10, 3.960453631749718e-11, 0.9915219567668123, -0.12993925215004248, 2.2296809884525537e-10, 6.599650486696856e-10, 0.12993925215004226, 0.9915219567668124, 1.4734050576836744e-09, 0.0, 0.0, 0.0, 1.0], "right_foot_pose": [0.9999999999999998, -1.5526788229980924e-10, -6.769116933647004e-10, 1.369844046775375e-10, 4.829055894805969e-11, 0.9878742627033492, -0.15525605008602403, -0.13999999991632642, 6.928098224195734e-10, 0.15525605008602386, 0.9878742627033493, 1.3170457155431414e-09, 0.0, 0.0, 0.0, 1.0]}, {"left_foot_pose": [1.0000000000000004, -1.518860549060953e-10, -6.821481712826454e-10, 1.8129810403470542e-10, 4.738728346587358e-11, 0.9885871468459764, -0.1506501015297806, 2.47632730293601e-10, 6.972442133112032e-10, 0.15065010152978037, 0.9885871468459765, 1.6065227065320542e-09, 0.0, 0.0, 0.0, 1.0], "right_foot_pose": [1.0, -1.8566347532370961e-10, -7.154327130720607e-10, 1.5683273969503223e-10, 5.667508840031531e-11, 0.9843485571359536, -0.17623256811488242, -0.13999999988823944, 7.369548328819703e-10, 0.17623256811488225, 0.9843485571359536, 1.4147175653178579e-09, 0.0, 0.0, 0.0, 1.0]}, {"left_foot_pose": [0.9999999998648662, -1.6186396573613026e-05, 2.8755413963857736e-06, -1.5905383678202607e-05, 1.6439677212812506e-05, 0.9853406033026638, -0.17059863778143272, -2.0386266576390144e-05, -7.201048853279465e-08, 0.17059863780565185, 0.9853406034356099, 0.00016386125052213207, 0.0, 0.0, 0.0, 1.0], "right_foot_pose": [1.0, -1.6978363089857066e-10, -5.892717980238151e-10, 1.332349018293828e-10, 5.0730437740058495e-11, 0.9805194954688705, -0.19642178852019485, -0.1399999999595096, 6.111415101653086e-10, 0.19642178852019462, 0.9805194954688703, 1.1411147374240649e-09, 0.0, 0.0, 0.0, 1.0]}, {"left_foot_pose": [0.999999892261461, -0.0004557734873153133, 8.802042319234526e-05, -0.00044919429351827125, 0.00046419489666186793, 0.9820228799260361, -0.18876135151262624, -0.0005757250995796909, -4.05650026681523e-07, 0.18876137203438503, 0.9820229856920523, 0.004191209281066706, 0.0, 0.0, 0.0, 1.0], "right_foot_pose": [0.9999999999999999, -1.2111566333255814e-10, -3.8767816734619414e-10, 9.208010852654844e-11, 3.550081477351122e-11, 0.9769150651149849, -0.21362807762881963, -0.1400000001616468, 4.046022313930619e-10, 0.21362807762881944, 0.9769150651149852, 6.55207874067365e-10, 0.0, 0.0, 0.0, 1.0]}, {"left_foot_pose": [0.9999989636630287, -0.0014093499598394244, 0.0002939482263862584, -0.0013931850236696204, 0.0014396778626947853, 0.9790353267774735, -0.2036854345538196, -0.0017856107849318487, -7.216388675699619e-07, 0.20368564665782732, 0.9790363411769061, 0.011469802734910606, 0.0, 0.0, 0.0, 1.0], "right_foot_pose": [0.9999999999999998, -6.49786864812646e-11, -1.9568097142652582e-10, 5.741292271171594e-11, 1.8915936976803004e-11, 0.9739533734983087, -0.2267483765129622, -0.14000000019045955, 2.0531783029916054e-10, 0.2267483765129621, 0.9739533734983087, 3.100465578720346e-10, 0.0, 0.0, 0.0, 1.0]}, {"left_foot_pose": [0.9999959966558669, -0.0027649361886125223, 0.0006014982235594237, -0.002738259705128261, 0.0028296062069076322, 0.9772145665889297, -0.21223497396782853, -0.003509545692371028, -9.766658268127478e-07, 0.21223582632129723, 0.9772184781433287, 0.019120926989865755, 0.0, 0.0, 0.0, 1.0], "right_foot_pose": [0.9999999999999998, -2.0674957892879953e-11, -5.84248760482352e-11, 1.314589421090774e-11, 6.348818812511736e-12, 0.97192896461626, -0.23527449445268153, -0.1400000001096523, 6.164883957859411e-11, 0.2352744944526814, 0.97192896461626, 9.528866584673779e-11, 0.0, 0.0, 0.0, 1.0]}, {"left_foot_pose": [0.9999897816186312, -0.004419726821116292, 0.0009500911270959587, -0.0043747994040712465, 0.004520692101327994, 0.9777078554075734, -0.20992120621140054, -0.005607037205322636, -1.1171729013111808e-06, 0.20992335622591163, 0.9777178450399698, 0.024265878118896328, 0.0, 0.0, 0.0, 1.0], "right_foot_pose": [1.0, -1.4557704065778332e-13, 2.867484028001855e-12, -1.8938383043522394e-11, 8.265411016095617e-13, 0.9710394591219199, -0.23891916797990356, -0.14000000001987223, -2.7498322859037203e-12, 0.23891916797990345, 0.97103945912192, 7.401294854769702e-12, 0.0, 0.0, 0.0, 1.0]}, {"left_foot_pose": [0.9999795220439053, -0.006278127992940163, 0.0012412097920988033, -0.00619317944483304, 0.006399647773345014, 0.9810248572063477, -0.19377635059945542, -0.007937592452365787, -1.1049279889441013e-06, 0.1937803257613376, 0.9810449456302246, 0.025000001489452292, 0.0, 0.0, 0.0, 1.0], "right_foot_pose": [0.9999999999999997, -8.753473317148241e-12, -2.0828339053480198e-11, -3.72174923724288e-11, 3.555559641302041e-12, 0.9713788738419246, -0.23753543620604212, -0.14000000000855145, 2.2311107084457112e-11, 0.23753543620604192, 0.9713788738419243, 6.596156953975196e-11, 0.0, 0.0, 0.0, 1.0]}, {"left_foot_pose": [0.9999651114399647, -0.008231023494260647, 0.0014234307490106784, -0.00808377809577869, 0.008353197106648483, 0.9853596027406973, -0.17028410784566442, -0.010360709747729843, -9.786649972835955e-07, 0.17029005707595862, 0.9853939803246771, 0.02500000217325661, 0.0, 0.0, 0.0, 1.0], "right_foot_pose": [0.9999999999999998, -4.1276645803994036e-11, -1.171237551389479e-10, -7.03237896307442e-11, 1.3039521921564354e-11, 0.9728315662958039, -0.23151402466903198, -0.13999999998687393, 1.2349760554284508e-10, 0.2315140246690318, 0.9728315662958038, 2.5467526004741003e-10, 0.0, 0.0, 0.0, 1.0]}, {"left_foot_pose": [0.9999472820147535, -0.010165055161195759, 0.0014508083532664665, -0.009936977418346303, 0.010268066551914652, 0.989926197293026, -0.1412115105869751, -0.012735894056611054, -7.704016377385931e-07, 0.1412189631973685, 0.9899783858412606, 0.02491027147804853, 0.0, 0.0, 0.0, 1.0], "right_foot_pose": [1.0, -9.539384061360559e-11, -2.903532414499915e-10, -7.729996802711335e-11, 2.8907464581270567e-11, 0.9753031018030038, -0.22087068527407608, -0.1399999999932937, 3.042519652369193e-10, 0.22087068527407586, 0.975303101803004, 5.845953304772777e-10, 0.0, 0.0, 0.0, 1.0]}, {"left_foot_pose": [0.9999276250330805, -0.011965011058485743, 0.001258255170580818, -0.011643154760800162, 0.012030988963907958, 0.9944484071474602, -0.10453526116306693, -0.014922653736168436, -5.042943515100202e-07, 0.10454283348106914, 0.9945203848928871, 0.02116383439107438, 0.0, 0.0, 0.0, 1.0], "right_foot_pose": [1.0, -1.6964504517871633e-10, -5.600201413713524e-10, 2.161459425984679e-11, 5.1141172609471744e-11, 0.9787278817561631, -0.20516270000439774, -0.14000000023231915, 5.82912123962396e-10, 0.20516270000439749, 0.9787278817561631, 1.092276616376786e-09, 0.0, 0.0, 0.0, 1.0]}, {"left_foot_pose": [0.9999084828219894, -0.013500474200796588, 0.0008736000125217719, -0.01309268924380474, 0.013528709493748674, 0.9978227973624012, -0.06454950877665148, -0.01678048078927501, -2.490303570790178e-07, 0.06455542006854922, 0.9979141234293221, 0.013996813088290837, 0.0, 0.0, 0.0, 1.0], "right_foot_pose": [1.0, -2.4032081878178246e-10, -8.85119422200374e-10, 1.2727482272462913e-10, 7.301942439433615e-11, 0.9828584908920709, -0.18436156562950237, -0.1400000004236013, 9.142528134288246e-10, 0.18436156562950218, 0.982858490892071, 1.7540717628383717e-09, 0.0, 0.0, 0.0, 1.0]}, {"left_foot_pose": [0.9998927126071497, -0.014643027352350827, 0.000380821579335226, -0.014175964790305254, 0.014647978533322463, 0.9995548542416278, -0.02599096163835212, -0.018168877133219394, -6.569604040335825e-08, 0.025993751402159204, 0.9996621053576252, 0.006287911392810243, 0.0, 0.0, 0.0, 1.0], "right_foot_pose": [1.0, -2.8688822323271464e-10, -1.2283266070944857e-09, 2.061853604962042e-10, 8.816086539735866e-11, 0.9873071407822489, -0.15882257320790674, -0.1400000004455936, 1.258299791047224e-09, 0.15882257320790655, 0.9873071407822489, 2.4703585219110202e-09, 0.0, 0.0, 0.0, 1.0]}, {"left_foot_pose": [0.9998833220104718, -0.015274853936556256, -0.00014561085571305807, -0.014783361281855232, 0.015275547954306076, 0.9998379013181072, 0.009530410405620554, -0.018947347821010978, 1.1625483647100032e-08, -0.009531522702104323, 0.9999545740057296, 0.0009158372280335322, 0.0, 0.0, 0.0, 1.0], "right_foot_pose": [0.9999999999999999, -2.855765373411791e-10, -1.5058272406776022e-09, 2.2629077081460056e-10, 8.84780859108975e-11, 0.9916057062500573, -0.12929858209711834, -0.14000000021260017, 1.5301113440476441e-09, 0.1292985820971182, 0.9916057062500571, 3.05432793640259e-09, 0.0, 0.0, 0.0, 1.0]}, {"left_foot_pose": [0.9998818727609272, -0.01535640435817425, -0.0006491296405297488, -0.014874893244294684, 0.015370117894862563, 0.9989897619160559, 0.042228131178173076, -0.019064654917522, 1.607383304127374e-09, -0.04223312008472992, 0.9991077837590446, 3.3307043165176076e-09, 0.0, 0.0, 0.0, 1.0], "right_foot_pose": [1.0, -2.3058218432901193e-10, -1.6012897674499967e-09, 2.4014118813852013e-10, 7.315142867467605e-11, 0.9952230606847614, -0.09762714520693418, -0.1400000000099735, 1.616151477012248e-09, 0.097627145206934, 0.9952230606847615, 3.278535630479862e-09, 0.0, 0.0, 0.0, 1.0]}, {"left_foot_pose": [0.9998818727612436, -0.015327513814494103, -0.0011436099577170453, -0.014874893178813341, 0.01537011787426837, 0.9971103315238339, 0.07439587518782173, -0.019064655004600015, 1.4993901457738496e-09, -0.07440466442836337, 0.9972281313276833, 3.13502879906169e-09, 0.0, 0.0, 0.0, 1.0], "right_foot_pose": [0.9999999999999999, -1.432843050339669e-10, -1.4813862359019928e-09, 2.9965439450409574e-10, 4.5730363767531975e-11, 0.9978430692629469, -0.06564456659847602, -0.14000000009712746, 1.487596820337459e-09, 0.0656445665984759, 0.9978430692629471, 3.1119816584768145e-09, 0.0, 0.0, 0.0, 1.0]}, {"left_foot_pose": [0.999881872761314, -0.01528689893689727, -0.0015972614755613132, -0.014874893225172188, 0.01537011786969221, 0.9944681875124136, 0.10390757192066397, -0.019064655023359342, 1.1738550850474937e-09, -0.10391984770326264, 0.9945856751699835, 2.5062409161891175e-09, 0.0, 0.0, 0.0, 1.0], "right_foot_pose": [0.9999999995229113, -3.086749781586878e-05, 1.1723886033656426e-06, -1.0278065882514844e-05, 3.088969872847778e-05, 0.99934964120298, -0.03605958504061879, -0.14000427010078978, -5.855696785453147e-08, 0.03605958505962975, 0.9993496416796894, 3.740168013612738e-05, 0.0, 0.0, 0.0, 1.0]}, {"left_foot_pose": [0.9998818727612809, -0.015241633802147832, -0.0019832101341152727, -0.014874893709007308, 0.015370117871859058, 0.9915235251933255, 0.12901495442314703, -0.019064654848496763, 8.130583858714595e-10, -0.12903019641635366, 0.9916406649652679, 1.7355995043932815e-09, 0.0, 0.0, 0.0, 1.0], "right_foot_pose": [0.9999949518187417, -0.0031773629351126145, 2.649171639975674e-05, -0.0010572833544378309, 0.003177473369708902, 0.9999605394945442, -0.008295969911041095, -0.14043930911092373, -1.313637172645318e-07, 0.008296012208204495, 0.9999655874986019, 0.003492991331894818, 0.0, 0.0, 0.0, 1.0]}, {"left_foot_pose": [0.9998818727611292, -0.015198161728370343, -0.0022926848402358008, -0.01487489394963709, 0.015370117881732637, 0.9886955058658282, 0.1491474309434006, -0.019064654869968507, 4.210588072812021e-10, -0.14916505140545872, 0.9888123115329865, 1.1317565912216665e-09, 0.0, 0.0, 0.0, 1.0], "right_foot_pose": [0.9999414041345729, -0.010823201706560223, -0.00021587542216397837, -0.0036021259349802823, 0.01082535436179391, 0.999743602628096, 0.01988820522665012, -0.14149672234875688, 5.660155233055818e-07, -0.019889376787996155, 0.9998021867802975, 0.010538500567506333, 0.0, 0.0, 0.0, 1.0]}, {"left_foot_pose": [0.9998818727609462, -0.015162078952169209, -0.0025202948065131, -0.014874893981064098, 0.015370117893612851, 0.9863481863821084, 0.16395430673411004, -0.019064655029708496, 6.8301446983678e-11, -0.16397367649282746, 0.9864647147351123, 7.100783572244751e-10, 0.0, 0.0, 0.0, 1.0], "right_foot_pose": [0.9997572890479591, -0.022005383532124025, -0.0010611743868698662, -0.0073312235621173305, 0.02203095531836831, 0.998600775964005, 0.04807418487969944, -0.14304621099220088, 1.7986898891567713e-06, -0.04808589543402098, 0.9988432042403217, 0.018295212832652466, 0.0, 0.0, 0.0, 1.0]}, {"left_foot_pose": [0.9998818727608335, -0.01513785574511998, -0.002661925567866585, -0.014874893802005398, 0.015370117900944448, 0.984772375542444, 0.17316791805702214, -0.01906465524362378, -1.9824509666686797e-10, -0.17318837631877157, 0.9848887177280835, 4.744730858208257e-10, 0.0, 0.0, 0.0, 1.0], "right_foot_pose": [0.9993572221674637, -0.035751563701645006, -0.00263973381569283, -0.011930998066849122, 0.03584888410274615, 0.9966508171312237, 0.07349834161565727, -0.14495747582111998, 3.2122221816704577e-06, -0.0735457300225596, 0.9972918457428248, 0.023884423050468548, 0.0, 0.0, 0.0, 1.0]}, {"left_foot_pose": [0.9998818727608845, -0.01512868684523844, -0.0027135509072112487, -0.014874893506611135, 0.01537011789763913, 0.9841759039749008, 0.17652634225803146, -0.019064655364449866, -3.3487089648429125e-10, -0.17654719728595455, 0.9842921756930081, 4.456535765418046e-10, 0.0, 0.0, 0.0, 1.0], "right_foot_pose": [0.9986816422592513, -0.05111561287313942, -0.004708665943563582, -0.017087857019414246, 0.05133203089357377, 0.9944788797918906, 0.09152475212863145, -0.14710021239525228, 4.325034752023618e-06, -0.09164579514887525, 0.9957916690818539, 0.02500000760792765, 0.0, 0.0, 0.0, 1.0]}, {"left_foot_pose": [0.9998818727611279, -0.01513502319486377, -0.0026779836802077635, -0.01487489329734476, 0.015370117881803418, 0.9845881076748018, 0.17421256470660554, -0.01906465541618829, -3.2359156254359867e-10, -0.17423314638221032, 0.9847044280908644, 5.835301061796194e-10, 0.0, 0.0, 0.0, 1.0], "right_foot_pose": [0.997717044602733, -0.06718047040920068, -0.006890813071504794, -0.022488198562408822, 0.06753294666520186, 0.9925170189078897, 0.1017313535391653, -0.14934411909215448, 4.8890614556502705e-06, -0.10196446230816979, 0.9947880419477825, 0.025000007215175667, 0.0, 0.0, 0.0, 1.0]}, {"left_foot_pose": [0.9998818727615603, -0.01515632177435199, -0.002554688456288635, -0.01487489305278471, 0.01537011785369254, 0.9859736612129736, 0.16619175331961877, -0.019064655443593526, -1.5905082351440248e-10, -0.1662113874094003, 0.9860901453190999, 9.376686926909628e-10, 0.0, 0.0, 0.0, 1.0], "right_foot_pose": [0.9965072645788411, -0.08304982699855304, -0.008717676129925793, -0.027818444418343947, 0.08350611725276302, 0.9910681833210702, 0.10397396015369068, -0.15155889986939425, 4.792041748358202e-06, -0.10433878590526106, 0.994541812963564, 0.024992555985168113, 0.0, 0.0, 0.0, 1.0]}, {"left_foot_pose": [0.99988187276216, -0.015191396852878127, -0.002337088636502661, -0.014874892519660106, 0.015370117814659542, 0.9882554282116071, 0.15203607495807483, -0.019064655161223368, 1.8059329755367715e-10, -0.15205403668417444, 0.9883721818869896, 1.637932789400054e-09, 0.0, 0.0, 0.0, 1.0], "right_foot_pose": [0.9951558016715553, -0.09785702107781659, -0.009430473223495295, -0.03276500887863426, 0.09831037780365234, 0.9905705023553848, 0.09542090693084035, -0.15361425219505756, 3.942897650962538e-06, -0.09588578251845657, 0.9953923430965683, 0.021837797036287264, 0.0, 0.0, 0.0, 1.0]}, {"left_foot_pose": [0.9998818727627056, -0.01523648016063533, -0.0020224225228921322, -0.014874892167778346, 0.015370117779202082, 0.9911882669147579, 0.13156587327256553, -0.019064654820203267, 6.57500460485017e-10, -0.1315814166318098, 0.9913053670777573, 2.5947953161131743e-09, 0.0, 0.0, 0.0, 1.0], "right_foot_pose": [0.9938192259206358, -0.11067914745352068, -0.008571610669528365, -0.03701429225083294, 0.11101056789243667, 0.9908539938399644, 0.07671386255163204, -0.15537987800419498, 2.5897604620209307e-06, -0.07719125086662236, 0.9970163041710698, 0.014923781621710382, 0.0, 0.0, 0.0, 1.0]}, {"left_foot_pose": [0.99988187276286, -0.015285108965161527, -0.0016142998979018397, -0.014874892128136934, 0.015370117769140068, 0.9943517503319275, 0.10501598017252392, -0.019064654566332342, 1.229018947440117e-09, -0.10502838690447613, 0.9944692242318235, 3.6613016368702844e-09, 0.0, 0.0, 0.0, 1.0], "right_foot_pose": [0.9926917681231969, -0.12051448449885636, -0.006269970208557206, -0.040252719736769645, 0.12067747718189195, 0.9913515111524752, 0.0515667318793615, -0.1567254831519275, 1.2063314020229218e-06, -0.051946514432432644, 0.9986498683907519, 0.007129215205278337, 0.0, 0.0, 0.0, 1.0]}, {"left_foot_pose": [0.9998818727624672, -0.015329000518280662, -0.0011235052884381212, -0.014874892385926762, 0.015370117794688594, 0.9972070531710178, 0.07308797838874134, -0.019064654584778372, 1.739304025394886e-09, -0.07309661311638378, 0.9973248644002187, 4.580171020229784e-09, 0.0, 0.0, 0.0, 1.0], "right_foot_pose": [0.9919811987707734, -0.12635395657923162, -0.0028247021211440433, -0.04216670726626868, 0.12638552640729053, 0.9917334520585328, 0.02216886967839563, -0.15752077008425386, 2.271888844236428e-07, -0.02234810338349267, 0.999750249950011, 0.0013328059664420508, 0.0, 0.0, 0.0, 1.0]}, {"left_foot_pose": [0.9998818727585226, -0.01535919210339617, -0.0005794366587788436, -0.014874894699424613, 0.015370118051289358, 0.9991711043122957, 0.03769434677027857, -0.019064654198013953, 1.652974047317901e-09, -0.03769880005092411, 0.9992891475817806, 4.555243258985708e-09, 0.0, 0.0, 0.0, 1.0], "right_foot_pose": [0.9918341535341012, -0.1275268893980816, 0.001379986862919056, -0.04255209717584996, 0.1275343556979545, 0.9917760880252945, -0.010732163712450315, -0.15768090613521044, 1.4823274257623733e-09, 0.010820522246761447, 0.999941456435479, 6.091469925695314e-09, 0.0, 0.0, 0.0, 1.0]}, {"left_foot_pose": [0.9998818727562627, -0.015370095211679022, -2.6582207544302518e-05, -0.014874896645968047, 0.015370118198304337, 0.9998803774317517, 0.001729246514871115, -0.019064653802397413, 3.441342038389891e-10, -0.001729450815418673, 0.9999985044988208, 4.176557509560919e-09, 0.0, 0.0, 0.0, 1.0], "right_foot_pose": [0.9918341535387906, -0.12740427932048035, 0.0057586009428856515, -0.04255209900908652, 0.12753435566148594, 0.990822550320976, -0.04478461679468654, -0.15768090487463876, 1.5485991466205058e-10, 0.04515333195087945, 0.9989800681764044, 6.4562392584899264e-09, 0.0, 0.0, 0.0, 1.0]}, {"left_foot_pose": [0.9998818727602612, -0.015362274569088424, 0.0004909638449687818, -0.014874892663557127, 0.015370117938166096, 0.9993716300749234, -0.0319390744380336, -0.019064654641027565, 1.4929451980068343e-09, 0.031942847735530785, 0.9994896970347146, 4.331854819294989e-09, 0.0, 0.0, 0.0, 1.0], "right_foot_pose": [0.9918341535277468, -0.12715685889268052, 0.009805362433096971, -0.04255209488851047, 0.1275343557473729, 0.9888983612540432, -0.07625627327093036, -0.15768090687919933, 1.3384015000165005e-09, 0.07688409683162815, 0.9970400371371176, 4.345379660264381e-09, 0.0, 0.0, 0.0, 1.0]}, {"left_foot_pose": [0.9998030209903741, -0.01980862564029423, 0.00123998740520812, -0.016403610429417573, 0.01984739821539116, 0.9978549425647345, -0.0623826448879091, -0.018878154631979616, -1.6131019691539246e-06, 0.06239496734011425, 0.9980515357675801, 0.0028444579985422574, 0.0, 0.0, 0.0, 1.0], "right_foot_pose": [0.9918341535248367, -0.12684433615548107, 0.013248633399162955, -0.04255209446436876, 0.1275343557700047, 0.9864678731817431, -0.10303457321995553, -0.1576809074390969, 8.293115580848798e-10, 0.1038828646388025, 0.9945895386713236, 2.7682943992690667e-09, 0.0, 0.0, 0.0, 1.0]}, {"left_foot_pose": [0.9994748920092628, -0.032266122592827386, 0.002972806064696712, -0.020691316218836273, 0.032402781120299484, 0.9952718533792484, -0.09156417228756361, -0.018355049356190055, -4.329393606700692e-06, 0.09161241839325737, 0.9957947402840589, 0.009617038778753792, 0.0, 0.0, 0.0, 1.0], "right_foot_pose": [0.9918341535254843, -0.12652624194630768, 0.01600381202496997, -0.04255209434411762, 0.12753435576497094, 0.983994056275788, -0.1244615816769812, -0.157680907569951, 2.859562488296708e-10, 0.12548628336541964, 0.9920953546343888, 1.6126154578355312e-09, 0.0, 0.0, 0.0, 1.0]}, {"left_foot_pose": [0.9986793511959753, -0.051007331604557817, 0.006148627275198384, -0.027174457461586102, 0.05137658451692868, 0.991519403161139, -0.11937218988673483, -0.017564091595053476, -7.626372250406885e-06, 0.11953043661579416, 0.9928305367303513, 0.017439494324918384, 0.0, 0.0, 0.0, 1.0], "right_foot_pose": [0.9918341535274244, -0.12625668032226076, 0.0180072921490005, -0.04255209442637941, 0.1275343557498802, 0.9818976772546393, -0.14004263459892358, -0.15768090748196598, -1.86706001905312e-10, 0.1411956163481963, 0.9899817159544176, 8.303424198219389e-10, 0.0, 0.0, 0.0, 1.0]}, {"left_foot_pose": [0.9971761027334218, -0.07431329770977976, 0.01083300147154504, -0.03528925918690048, 0.07509873513612987, 0.9867677811668426, -0.14369942947701864, -0.016574064217735777, -1.0878342002588233e-05, 0.14410718175915024, 0.9895620849886569, 0.02343311854742257, 0.0, 0.0, 0.0, 1.0], "right_foot_pose": [0.9918341535288259, -0.12607771039581278, 0.019220375519403178, -0.04255209464318267, 0.12753435573898245, 0.9805058293705605, -0.14947677637878126, -0.15768090732320036, -5.16282549716856e-10, 0.15070743018079438, 0.9885784088722053, 3.6008562798173216e-10, 0.0, 0.0, 0.0, 1.0]}, {"left_foot_pose": [0.9947956018845274, -0.1005553010203618, 0.016442077359801407, -0.04447194246765273, 0.10189067815607737, 0.9817788311027166, -0.1604014230095192, -0.01545375507856879, -1.3270116389739545e-05, 0.16124192455837394, 0.9869149110174682, 0.02500000678491851, 0.0, 0.0, 0.0, 1.0], "right_foot_pose": [0.9918341535283246, -0.1260174314926165, 0.019611701985174583, -0.04255209493536917, 0.12753435574288052, 0.9800370407357245, -0.15252011962758455, -0.15768090724757183, -6.50926925504364e-10, 0.1537758295245646, 0.988105760662305, 1.898302348646297e-10, 0.0, 0.0, 0.0, 1.0]}, {"left_foot_pose": [0.9915044163729514, -0.1281153052270836, 0.02248245715007607, -0.05415870669927048, 0.13007302603215037, 0.9766006722293351, -0.17126626900838213, -0.014271947956937488, -1.4552437018972445e-05, 0.1727356233316771, 0.9849682249800976, 0.02500000671740167, 0.0, 0.0, 0.0, 1.0], "right_foot_pose": [0.9918341535256137, -0.12608083151094562, 0.01919989129233419, -0.042552095327094044, 0.12753435576396238, 0.980530102145142, -0.14931747013363392, -0.15768090722819278, -5.764889467615657e-10, 0.1505468123632847, 0.9886028814884437, 2.915903490885441e-10, 0.0, 0.0, 0.0, 1.0]}, {"left_foot_pose": [0.9874426468956902, -0.15540645999289107, 0.028387519865466008, -0.06378577594612461, 0.157977906298189, 0.9713863964249392, -0.17734556651411676, -0.013097422564372081, -1.4603938164030132e-05, 0.1796031765672594, 0.9837391416191975, 0.02500000576845439, 0.0, 0.0, 0.0, 1.0], "right_foot_pose": [0.9918341535212059, -0.12626002034522982, 0.017983858631982062, -0.042552095663241245, 0.12753435579824351, 0.9819236523395898, -0.13986039134511158, -0.15768090721995384, -2.943492314235386e-10, 0.14101187268631973, 0.9900079048984899, 6.645028555185561e-10, 0.0, 0.0, 0.0, 1.0]}, {"left_foot_pose": [0.9829333292102989, -0.18124228793993735, 0.03151671603857802, -0.07278937374186303, 0.18396214330491092, 0.968412502951615, -0.1683304902792503, -0.011998965617885844, -1.2578675472173177e-05, 0.17125553185017417, 0.9852266453220254, 0.02245972613274526, 0.0, 0.0, 0.0, 1.0], "right_foot_pose": [0.9918341535208275, -0.12661936603774954, 0.015249526347460442, -0.04255209529908445, 0.12753435580118602, 0.9847182814644853, -0.11859550682891686, -0.15768090740832164, 5.115844274727436e-10, 0.11957191264602868, 0.9928255424323906, 1.5621560503498166e-09, 0.0, 0.0, 0.0, 1.0]}, {"left_foot_pose": [0.9784641655090524, -0.20391531043321362, 0.032037836780918684, -0.08060569866365015, 0.20641675495439504, 0.9666138102614067, -0.15182182019072107, -0.011045357395849973, -9.421888610309806e-06, 0.15516535690305475, 0.9878885118920943, 0.015838562834199404, 0.0, 0.0, 0.0, 1.0], "right_foot_pose": [0.9918341535189844, -0.12694918583995193, 0.01220311959511699, -0.042552095014452194, 0.12753435581551895, 0.9872832882579807, -0.09490361854655417, -0.15768090771971682, 1.0668777753179625e-09, 0.09568496716351296, 0.9954116671301966, 2.6611823092381748e-09, 0.0, 0.0, 0.0, 1.0]}, {"left_foot_pose": [0.9746426729990308, -0.2218792529190016, 0.02900443230629535, -0.08667097676550896, 0.2237669768711262, 0.9664237134741969, -0.1263073477542036, -0.010305377247592458, -5.591218777893534e-06, 0.1295947651676178, 0.9915670410062497, 0.007998176829123481, 0.0, 0.0, 0.0, 1.0], "right_foot_pose": [0.9918341535215233, -0.12726282061742675, 0.008317836061129855, -0.042552094606442, 0.12753435579577443, 0.9897224247007175, -0.0646877897001398, -0.1576809078600981, 1.7020619283907817e-09, 0.0652203690040874, 0.9978708851685026, 4.048358162589416e-09, 0.0, 0.0, 0.0, 1.0]}, {"left_foot_pose": [0.9721256635372585, -0.23337051776674078, 0.022580870876242703, -0.09042143165052523, 0.23446043224445498, 0.9676074534914653, -0.09361688768329347, -0.009847808070087755, -1.9974158200023297e-06, 0.09630169980351443, 0.9953521902376894, 0.0018172758626800317, 0.0, 0.0, 0.0, 1.0], "right_foot_pose": [0.9918341535305257, -0.12748173965417556, 0.003663051341516532, -0.042552094114466005, 0.1275343557257635, 0.9914249580411446, -0.028487553119381424, -0.1576809076521698, 2.307583692273452e-09, 0.02872209302714811, 0.99958743558137, 5.479394375729196e-09, 0.0, 0.0, 0.0, 1.0]}, {"left_foot_pose": [0.9714654778300889, -0.23681040523762098, 0.013253578971430976, -0.09137717847694721, 0.23718099709790919, 0.9699475765669303, -0.05428511147249946, -0.009731198750593601, 2.4419937215874653e-09, 0.05587960883125094, 0.998437513977148, 6.1228988892936265e-09, 0.0, 0.0, 0.0, 1.0], "right_foot_pose": [0.991834153564104, -0.1275251409946658, -0.001533048618840756, -0.042552092303355896, 0.12753435546462416, 0.9917624928801801, 0.011922495221782414, -0.15768090642912097, 2.235761954022331e-09, -0.01202065432416856, 0.9999277493247295, 6.563894761058009e-09, 0.0, 0.0, 0.0, 1.0]}, {"left_foot_pose": [0.9714654778095299, -0.23716107968070185, 0.0030737125739001086, -0.0913771758676451, 0.2371809971821169, 0.9713838980425471, -0.012589567084070882, -0.009731197899261008, 4.208731881163488e-10, 0.012959356016070735, 0.9999160240198424, 5.487383263058643e-09, 0.0, 0.0, 0.0, 1.0], "right_foot_pose": [0.9918341535958661, -0.1273546879541629, -0.006767216330930584, -0.0425520896414561, 0.12753435521761114, 0.9904368821215923, 0.05262861172867349, -0.15768090466472365, 2.1928305504267107e-10, -0.053061907140217815, 0.9985912246813724, 7.2462356393021565e-09, 0.0, 0.0, 0.0, 1.0]}, {"left_foot_pose": [0.9714654778399765, -0.23708706802275842, -0.006674394468349379, -0.09137717872714829, 0.23718099705741047, 0.9710807558151167, 0.0273375258645638, -0.009731199380389625, 2.1707067773662834e-09, -0.028140502161738846, 0.9996039776521933, 4.973295504584474e-09, 0.0, 0.0, 0.0, 1.0], "right_foot_pose": [0.991834153555487, -0.12699472232096945, -0.011719741613618266, -0.04255209266433636, 0.12753435553163736, 0.9876374297338733, 0.09114436651706913, -0.15768090678631363, 1.9674628741023306e-09, -0.09189476530949865, 0.9957687242069376, 5.906631045382582e-09, 0.0, 0.0, 0.0, 1.0]}, {"left_foot_pose": [0.9714654778661135, -0.2366836481975756, -0.015351742254580854, -0.0913771801606446, 0.23718099695035633, 0.9694283963156797, 0.0628789241514664, -0.009731199897865861, 1.7116019351475105e-09, -0.06472584563137794, 0.9979030839251394, 3.7694378035579845e-09, 0.0, 0.0, 0.0, 1.0], "right_foot_pose": [0.9913817228214528, -0.1299441230629542, -0.016637443823121104, -0.043254990639013884, 0.13100488405783425, 0.9833572316388478, 0.12588198972281212, -0.15757706138795846, 2.9259355003238315e-06, -0.12697669024266084, 0.9919057012269153, 0.00225030037053308, 0.0, 0.0, 0.0, 1.0]}, {"left_foot_pose": [0.9714654778717431, -0.236110355781775, -0.022510557434914265, -0.09137718057999675, 0.23718099692729822, 0.9670802580190533, 0.09220059244048011, -0.009731200086226003, 1.007897094474995e-09, -0.09490876904905114, 0.9954859745659881, 2.5925976504526105e-09, 0.0, 0.0, 0.0, 1.0], "right_foot_pose": [0.989781894091534, -0.14078501560077172, -0.022613746059977777, -0.04560371280726249, 0.1425896282258023, 0.9772631669769656, 0.15692323088879592, -0.15723007690736543, 7.141582983878328e-06, -0.15854425833956076, 0.9873518714706305, 0.008710108201935136, 0.0, 0.0, 0.0, 1.0]}, {"left_foot_pose": [0.97146547786998, -0.23551315340047485, -0.0280781032517631, -0.09137718063760353, 0.2371809969345192, 0.9646341870214706, 0.1150046082666914, -0.00973120034869578, 3.54894374506428e-10, -0.1183825992483349, 0.992968055979249, 1.7112793265772197e-09, 0.0, 0.0, 0.0, 1.0], "right_foot_pose": [0.9870036972355631, -0.15792316054741848, -0.029731750806891194, -0.049283043025320515, 0.1606975466864034, 0.9699766664179217, 0.18254195433857423, -0.15668652431222954, 1.1502172786409806e-05, -0.18494740324613715, 0.9827484204516488, 0.016558463617008766, 0.0, 0.0, 0.0, 1.0]}, {"left_foot_pose": [0.9714654778651437, -0.2350066845048177, -0.032041903100505684, -0.09137718037255325, 0.23718099695432868, 0.9625597496065276, 0.13123986864200582, -0.009731200612108859, -1.7906639044061877e-10, -0.13509473222695692, 0.9908326868470417, 1.1251936812839425e-09, 0.0, 0.0, 0.0, 1.0], "right_foot_pose": [0.9829930166247064, -0.1798621254907396, -0.03707216045784947, -0.05396131330868722, 0.18364293899117895, 0.9627718122312613, 0.1983575270354387, -0.15599540206665444, 1.5024687650868212e-05, -0.2017921043720149, 0.9794283773647628, 0.022916659015514027, 0.0, 0.0, 0.0, 1.0]}, {"left_foot_pose": [0.9714654778526362, -0.23470830316206806, -0.03415900711866566, -0.09137717973468383, 0.23718099700555775, 0.961337614461266, 0.13991127789200158, -0.009731200438565926, -2.114451904540118e-10, -0.14402084379945143, 0.9895746543597885, 7.055734260741353e-10, 0.0, 0.0, 0.0, 1.0], "right_foot_pose": [0.97775760649122, -0.20537910095382053, -0.04253807517930737, -0.059306851919682164, 0.2097380811238809, 0.957452930569895, 0.19822669615768782, -0.15520570391057756, 1.6584099318098778e-05, -0.20273951424061462, 0.9792327042590272, 0.02500000819265865, 0.0, 0.0, 0.0, 1.0]}, {"left_foot_pose": [0.9714654778543247, -0.23461560141117616, -0.034790011666306145, -0.09137717952260827, 0.2371809969986417, 0.9609579189567264, 0.14249579873487161, -0.00973120042722499, -3.074143385756287e-10, -0.14668127886281468, 0.9891838061913321, 6.47184368596232e-10, 0.0, 0.0, 0.0, 1.0], "right_foot_pose": [0.9714344812310819, -0.2329707828413243, -0.04516262855059649, -0.06498795922036009, 0.23730791899639972, 0.9536929986286535, 0.1848096749314962, -0.1543664257222312, 1.6028002929121453e-05, -0.1902479400913125, 0.9817360750395777, 0.025000009049008252, 0.0, 0.0, 0.0, 1.0]}, {"left_foot_pose": [0.9714654778592751, -0.23474450854188, -0.03390930605427808, -0.0913771792836796, 0.237180996978366, 0.9614859075436722, 0.13888853180615887, -0.009731200397529375, -2.351667601902113e-10, -0.14296805693704145, 0.9897273031980315, 8.456569194903452e-10, 0.0, 0.0, 0.0, 1.0], "right_foot_pose": [0.9643290269414286, -0.26092169979665153, -0.0446026274273495, -0.07067296862477895, 0.26470649332481194, 0.9505497461611795, 0.1624366106042547, -0.1535265707009637, 1.377963111972101e-05, -0.16844894374303168, 0.9857103799605533, 0.02500000875419023, 0.0, 0.0, 0.0, 1.0]}, {"left_foot_pose": [0.971465477867062, -0.23508045839476902, -0.031496085366704486, -0.09137717880363844, 0.2371809969464703, 0.9628619189283912, 0.12900426258467473, -0.009731200087313815, 1.163275571298169e-11, -0.13279346052589522, 0.9911437316764702, 1.4043010573838721e-09, 0.0, 0.0, 0.0, 1.0], "right_foot_pose": [0.9569261029004661, -0.28761742157981285, -0.03960621657652315, -0.07603021020351251, 0.2903315922950229, 0.9479850312631668, 0.13050650181661136, -0.1527351330299738, 1.0156907616141154e-05, -0.13638401410998627, 0.99065604555