{"LoopMode": "Wrap", "FrameDuration": 0.0167, "EnableCycleOffsetPosition": true, "EnableCycleOffsetRotation": false, "Debug_info": [{"left_foot_pose": [1.0000000000000004, 1.1124565698448627e-13, -6.750155989720956e-12, 9.790677690174408e-13, -4.364989160275777e-14, 0.999950352339144, 0.00996458011271799, 3.5377950569071004e-14, 6.750556023925588e-12, -0.009964580112718164, 0.999950352339144, 1.437733959663845e-11, 0.0, 0.0, 0.0, 1.0], "right_foot_pose": [1.0, -1.7050578095903085e-13, -6.8023919830295646e-12, 5.075905538979662e-14, 7.205014487781924e-14, 0.9998951468810686, -0.014480857836690354, -0.14000000000172624, 6.804092584157264e-12, 0.0144808578366902, 0.9998951468810685, 1.1993919746267068e-11, 0.0, 0.0, 0.0, 1.0]}, {"left_foot_pose": [1.0000000000000004, 1.8062144091508734e-13, -1.5031864641912313e-11, 2.5477919348473217e-12, -7.020126455457462e-14, 0.9999731826063206, 0.007323528397371051, 8.586100580521006e-13, 1.5032735154734607e-11, -0.007323528397371224, 0.9999731826063207, 3.1182181836619804e-11, 0.0, 0.0, 0.0, 1.0], "right_foot_pose": [0.9999999999999999, -4.207491729475225e-13, -1.5124068664107423e-11, 6.512527757961738e-13, 1.61794303492006e-13, 0.9998533994367139, -0.017122489154522916, -0.14000000000305207, 1.5128960084699606e-11, 0.01712248915452276, 0.999853399436714, 2.7698426885436334e-11, 0.0, 0.0, 0.0, 1.0]}, {"left_foot_pose": [1.0000000000000002, 1.6542301262790294e-13, -2.6382174223016373e-11, 4.8371239315297405e-12, -6.89361507886539e-14, 0.9999933578733957, 0.00364475089571434, 2.2979812497325725e-12, 2.638219331579033e-11, -0.003644750895714514, 0.9999933578733957, 5.4110452230027306e-11, 0.0, 0.0, 0.0, 1.0], "right_foot_pose": [0.9999999999999997, -8.678676631757909e-13, -2.653988140366436e-11, 1.6680344311883034e-12, 3.156326274978542e-13, 0.9997835920211942, -0.02080310373954899, -0.14000000000454743, 2.655208196267548e-11, 0.020803103739548842, 0.9997835920211939, 4.9507072052978884e-11, 0.0, 0.0, 0.0, 1.0]}, {"left_foot_pose": [1.0000000000000007, -3.615177387171391e-14, -4.0642933463175275e-11, 7.861001088082738e-12, -6.2936722912385565e-15, 0.9999994461200783, -0.0010525015617619288, 4.4470035293064925e-12, 4.064255540171986e-11, 0.0010525015617617547, 0.9999994461200787, 8.296979769895074e-11, 0.0, 0.0, 0.0, 1.0], "right_foot_pose": [1.0, -1.609262542705864e-12, -4.091327276967148e-11, 3.1432479102098337e-12, 5.65333765280371e-13, 0.999674708745348, -0.02550444461075829, -0.14000000000607102, 4.094084189211959e-11, 0.02550444461075814, 0.9996747087453481, 7.713349403637437e-11, 0.0, 0.0, 0.0, 1.0]}, {"left_foot_pose": [1.0000000000000004, -5.509803211931178e-13, -5.7974069989086274e-11, 1.1711877386139956e-11, 1.59484337438099e-13, 0.999977161253095, -0.006758474103128322, 7.471792282109924e-12, 5.797619143240389e-11, 0.006758474103128147, 0.999977161253095, 1.1822970380492848e-10, 0.0, 0.0, 0.0, 1.0], "right_foot_pose": [0.9999999999999998, -2.7804773231252258e-12, -5.842815120615795e-11, 5.16701043484654e-12, 9.551780352790155e-13, 0.9995125990691613, -0.0312180124609145, -0.14000000000748808, 5.848647570158383e-11, 0.031218012460914355, 0.9995125990691613, 1.109110442376604e-10, 0.0, 0.0, 0.0, 1.0]}, {"left_foot_pose": [1.0000000000000002, -1.5470866527561875e-12, -7.888439901293508e-11, 1.6578125265861845e-11, 4.835796080876404e-13, 0.9999090827928341, -0.013484292654579465, 1.1638424599058617e-11, 7.889791193553142e-11, 0.013484292654579287, 0.9999090827928341, 1.6110998646290398e-10, 0.0, 0.0, 0.0, 1.0], "right_foot_pose": [0.9999999999999997, -4.5731330652044465e-12, -7.96298027516684e-11, 7.895782417016913e-12, 1.547434834507813e-12, 0.9992793929974262, -0.03795648469886747, -0.14000000000864726, 7.974587138631645e-11, 0.037956484698867324, 0.9992793929974263, 1.5188054286463526e-10, 0.0, 0.0, 0.0, 1.0]}, {"left_foot_pose": [1.0000000000000004, -3.260386248637632e-12, -1.042434472076081e-10, 2.2760457039636356e-11, 1.0431925105270484e-12, 0.9997738613820276, -0.02126560832120452, 1.7344141747810404e-11, 1.0428867923736863e-10, 0.021265608321204336, 0.9997738613820277, 2.1364048030658722e-10, 0.0, 0.0, 0.0, 1.0], "right_foot_pose": [0.9999999999999998, -7.263363313816463e-12, -1.05438102693256e-10, 1.1572519908288578e-11, 2.431242682630313e-12, 0.9989525802657581, -0.04575742978341166, -0.14000000000934737, 1.0565988782559216e-10, 0.04575742978341151, 0.9989525802657582, 2.0182604892893252e-10, 0.0, 0.0, 0.0, 1.0]}, {"left_foot_pose": [1.0000000000000004, -6.031796224646039e-12, -1.352708500768073e-10, 3.068981472325773e-11, 1.949215594497806e-12, 0.9995449929526445, -0.030163008193791956, 2.515380612133633e-11, 1.3539083350785772e-10, 0.030163008193791783, 0.9995449929526448, 2.7870711988287056e-10, 0.0, 0.0, 0.0, 1.0], "right_foot_pose": [1.0, -1.1250816088126991e-11, -1.371444069420135e-10, 1.6551478099686202e-11, 3.7344764462535185e-12, 0.99850372053175, -0.05468381921787552, -0.14000000000928828, 1.3755424296616131e-10, 0.054683819217875365, 0.9985037205317495, 2.632869061658383e-10, 0.0, 0.0, 0.0, 1.0]}, {"left_foot_pose": [1.0000000000000002, -1.0354914153332788e-11, -1.735184773643537e-10, 4.095059715555721e-11, 3.360947643312131e-12, 0.9991892230625773, -0.04026035910922551, 3.584058744232621e-11, 1.737943814897136e-10, 0.04026035910922532, 0.9991892230625776, 3.601176579159926e-10, 0.0, 0.0, 0.0, 1.0], "right_foot_pose": [0.9999999999999998, -1.710949643478565e-11, -1.764050572283792e-10, 2.333106446816334e-11, 5.638570522166276e-12, 0.997896810263192, -0.06482249660840698, -0.14000000000801027, 1.7714301100912895e-10, 0.06482249660840683, 0.9978968102631921, 3.395707048881036e-10, 0.0, 0.0, 0.0, 1.0]}, {"left_foot_pose": [1.0000000000000002, -1.6927496278070998e-11, -2.2075730132797818e-10, 5.4293672394329135e-11, 5.50085433967496e-12, 0.9986647162734529, -0.051660279426893364, 5.040495278108015e-11, 2.2133679882520562e-10, 0.05166027942689319, 0.9986647162734528, 4.625263227975296e-10, 0.0, 0.0, 0.0, 1.0], "right_foot_pose": [1.0, -2.5640756994593336e-11, -2.2513729769357822e-10, 3.258262600910966e-11, 8.392696695151916e-12, 0.9970864530962977, -0.07627978140926098, -0.14000000000482124, 2.26437084476956e-10, 0.07627978140926077, 0.997086453096298, 4.3461746701556336e-10, 0.0, 0.0, 0.0, 1.0]}, {"left_foot_pose": [1.0000000000000002, -2.6670047773022427e-11, -2.785364716650913e-10, 7.158571192465542e-11, 8.656645521407767e-12, 0.9979194076850717, -0.06447368273548927, 6.998447481254555e-11, 2.796761491987095e-10, 0.0644736827354891, 0.9979194076850719, 5.907395614346278e-10, 0.0, 0.0, 0.0, 1.0], "right_foot_pose": [1.0, -3.788285889326647e-11, -2.8507962657187115e-10, 4.5132742251166837e-11, 1.2311155071816708e-11, 0.9960163222411583, -0.08917110422775615, -0.13999999999873702, 2.873219562923087e-10, 0.08917110422775598, 0.9960163222411583, 5.522626800313901e-10, 0.0, 0.0, 0.0, 1.0]}, {"left_foot_pose": [1.0000000000000007, -4.059923824445762e-11, -3.469736720163034e-10, 9.35819869281567e-11, 1.3133265007893707e-11, 0.9968907704199518, -0.07879588727539093, 9.544998472166277e-11, 3.490938195882371e-10, 0.07879588727539073, 0.9968907704199519, 7.474377852756398e-10, 0.0, 0.0, 0.0, 1.0], "right_foot_pose": [1.0, -5.494424135998443e-11, -3.5655761676522926e-10, 6.179628536635309e-11, 1.771037235899953e-11, 0.9946193506931688, -0.1035970425576892, -0.1399999999885414, 3.6033114513836216e-10, 0.10359704255768905, 0.9946193506931689, 6.940429342350285e-10, 0.0, 0.0, 0.0, 1.0]}, {"left_foot_pose": [1.0000000000000004, -5.921919380191474e-11, -4.216242910359814e-10, 1.2020820543895844e-10, 1.9046488390169592e-11, 0.9955105156680424, -0.0946510073604577, 1.261434168925435e-10, 4.253364903162486e-10, 0.09465100736045752, 0.9955105156680424, 9.265541181524561e-10, 0.0, 0.0, 0.0, 1.0], "right_foot_pose": [0.9999999999999998, -7.726185804366832e-11, -4.352159188591993e-10, 8.275448625954267e-11, 2.466127010189992e-11, 0.9928237079369162, -0.11958714378390663, -0.1399999999732798, 4.413318460964924e-10, 0.1195871437839065, 0.9928237079369163, 8.531382475474025e-10, 0.0, 0.0, 0.0, 1.0]}, {"left_foot_pose": [1.0000000000000002, -8.053051858116962e-11, -4.857988455952963e-10, 1.4852879447844656e-10, 2.5682037796831028e-11, 0.9937235256697066, -0.11186400015451291, 1.5649170848064387e-10, 4.917578641805437e-10, 0.11186400015451273, 0.9937235256697069, 1.095543128437626e-09, 0.0, 0.0, 0.0, 1.0], "right_foot_pose": [1.0, -1.0222469269178215e-10, -5.039136330431398e-10, 1.0568921591997743e-10, 3.224019739370906e-11, 0.9905751832461693, -0.13697009285540404, -0.139999999954047, 5.13165782628903e-10, 0.13697009285540396, 0.9905751832461694, 9.987339150141494e-10, 0.0, 0.0, 0.0, 1.0]}, {"left_foot_pose": [1.0000000000000004, -9.497359434703746e-11, -4.950119758539967e-10, 1.678089471911709e-10, 2.99348449127886e-11, 0.9915445510116092, -0.12976672670290687, 1.68743703038432e-10, 5.031505966319076e-10, 0.12976672670290668, 0.9915445510116093, 1.1558920140486428e-09, 0.0, 0.0, 0.0, 1.0], "right_foot_pose": [0.9999999999999998, -1.182054660430119e-10, -5.161001626063914e-10, 1.2117315345623965e-10, 3.674156269431515e-11, 0.9879027574571707, -0.15507463302719196, -0.13999999993870865, 5.281871162326327e-10, 0.15507463302719188, 0.9879027574571707, 1.0424415705645451e-09, 0.0, 0.0, 0.0, 1.0]}, {"left_foot_pose": [0.9999999928797941, -0.00011797354410155071, 1.79626126611288e-05, -3.160557340433843e-05, 0.00011933234107036496, 0.9891701307774274, -0.14677342449353806, 1.3866174583893748e-05, -4.5269884788483515e-07, 0.1467734255920014, 0.9891701378123913, 0.00016386113644592526, 0.0, 0.0, 0.0, 1.0], "right_foot_pose": [0.9999999999999999, -9.871788767899292e-11, -3.885505250877935e-10, 1.3007978752708263e-10, 3.038702843997509e-11, 0.9850844249886742, -0.1720717165740303, -0.1400000000107287, 3.9974142258654515e-10, 0.17207171657403014, 0.9850844249886743, 7.770258048100942e-10, 0.0, 0.0, 0.0, 1.0]}, {"left_foot_pose": [0.9999943226326755, -0.0033221013035446383, 0.0005642210084250782, -0.0008925905142516882, 0.0033696729292021265, 0.9860055032484633, -0.16667871150238647, 0.0003916183905745274, -2.6014546004592224e-06, 0.16667966644637405, 0.9860110997278677, 0.0041912090176018935, 0.0, 0.0, 0.0, 1.0], "right_foot_pose": [0.9999999999999998, -5.644300373775348e-11, -1.8119877820410546e-10, 1.9550518948272533e-10, 2.1744407707331388e-11, 0.9825391301003575, -0.18605606096451965, -0.14000000017926123, 1.8853639911949637e-10, 0.1860560609645195, 0.9825391301003574, 3.9827022929594946e-10, 0.0, 0.0, 0.0, 1.0]}, {"left_foot_pose": [0.9999453889825959, -0.010259519167773826, 0.001990306230694768, -0.0027683852073690485, 0.010450790810558925, 0.9817331030010819, -0.18997603912941868, 0.0012146212878648283, -4.88669691643975e-06, 0.189986464618705, 0.9817867096461464, 0.011469801755906249, 0.0, 0.0, 0.0, 1.0], "right_foot_pose": [0.9999999999999998, -1.0848288872550494e-11, 3.0540570072901183e-11, 1.7706421951945967e-10, 1.6626995816057843e-11, 0.9805819597374484, -0.19610971479624706, -0.14000000016983516, -2.7820265361854646e-11, 0.1961097147962469, 0.9805819597374483, 1.6794092505545422e-10, 0.0, 0.0, 0.0, 1.0]}, {"left_foot_pose": [0.999789042349691, -0.020064605563319793, 0.004391173086629109, -0.005441167201849701, 0.020539492364656353, 0.9767473871538725, -0.2134072888668202, 0.0023873065761867776, -7.133763455490138e-06, 0.21345246143268642, 0.9769534516329005, 0.019120925821730417, 0.0, 0.0, 0.0, 1.0], "right_foot_pose": [1.0, 1.8673340988547208e-11, 1.847973440938232e-10, 5.6206853912891896e-11, 1.8969749151848425e-11, 0.9794630534215943, -0.2016237262378796, -0.14000000006697993, -1.8476738725435416e-10, 0.20162372623787944, 0.9794630534215945, 4.3465245291862686e-11, 0.0, 0.0, 0.0, 1.0]}, {"left_foot_pose": [0.9994615637171216, -0.03191619482368018, 0.007611777722951619, -0.008693113054049652, 0.03281131773858816, 0.9722586512267195, -0.23159562289270244, 0.0038141012621439457, -8.965721799663613e-06, 0.23172067586380418, 0.9727823643019228, 0.02426587732605713, 0.0, 0.0, 0.0, 1.0], "right_foot_pose": [0.9999999999999998, 1.6857506271623345e-11, 2.397342879767449e-10, -1.3492641660097974e-10, 3.195255763415344e-11, 0.9793548534114875, -0.20214863615509351, -0.13999999998640847, -2.381928127092322e-10, 0.20214863615509338, 0.9793548534114875, 2.4348523197659233e-11, 0.0, 0.0, 0.0, 1.0]}, {"left_foot_pose": [0.9989210476312926, -0.04508854395889774, 0.011124918106134104, -0.012306392162130796, 0.04644072028348063, 0.9698874987104142, -0.23908471165009382, 0.005399427777089259, -9.937464181204348e-06, 0.23934339984408046, 0.9709349807542855, 0.0250000007010382, 0.0, 0.0, 0.0, 1.0], "right_foot_pose": [1.0, -2.17191859418911e-11, 1.7398243956634487e-10, -3.417428632320542e-10, 5.563074351779459e-11, 0.980329286729248, -0.1973689174640323, -0.13999999998914925, -1.6627355704504065e-10, 0.19736891746403215, 0.9803292867292479, 1.724280718207183e-10, 0.0, 0.0, 0.0, 1.0]}, {"left_foot_pose": [0.9981620000470257, -0.05881302226562098, 0.014616773724253634, -0.016063177218546165, 0.06060215804802822, 0.9687337983517859, -0.24058721156961754, 0.007047717392556215, -1.0101698677412422e-05, 0.24103082031745557, 0.9705174617465941, 0.025000000599613943, 0.0, 0.0, 0.0, 1.0], "right_foot_pose": [0.9999999999999998, -9.064550403363948e-11, -1.3228862449920486e-11, -5.409609537762833e-10, 8.656091660248453e-11, 0.9822857369127821, -0.18738925011246887, -0.13999999996423826, 2.9980244365679044e-11, 0.1873892501124687, 0.982285736912782, 5.003062131248015e-10, 0.0, 0.0, 0.0, 1.0]}, {"left_foot_pose": [0.9972231380883468, -0.07234926084588685, 0.01765211931425957, -0.019745645822689464, 0.07447155679901447, 0.968834237799452, -0.23625030559871724, 0.008663400276728411, -9.442576693738738e-06, 0.23690885192961827, 0.9715318809942517, 0.024910269495398513, 0.0, 0.0, 0.0, 1.0], "right_foot_pose": [1.0, -1.8184195268501143e-10, -3.368419432270275e-10, -6.880354010049812e-10, 1.2120022141465109e-10, 0.9850993237454094, -0.17198640166111284, -0.14000000000342466, 3.6309701199742356e-10, 0.17198640166111273, 0.9850993237454091, 1.0135065842131752e-09, 0.0, 0.0, 0.0, 1.0]}, {"left_foot_pose": [0.9961883848595883, -0.08508689734922069, 0.019207336367357348, -0.023135970469629962, 0.08722787289797644, 0.9717569471016144, -0.2192709145086177, 0.010150900575116284, -7.780755832652593e-06, 0.22011055326638496, 0.9754749326765024, 0.021163832634268583, 0.0, 0.0, 0.0, 1.0], "right_foot_pose": [1.0, -2.76080342432496e-10, -8.0603129726242e-10, -6.692884900891104e-10, 1.514918869155276e-10, 0.9885855310164523, -0.1506607044485028, -0.14000000038462432, 8.384251846915309e-10, 0.15066070444850263, 0.9885855310164523, 1.7676764912932796e-09, 0.0, 0.0, 0.0, 1.0]}, {"left_foot_pose": [0.9951810774795756, -0.0962345948229509, 0.018802281400258324, -0.026016324799314913, 0.09805418398475489, 0.9767241760720535, -0.1907754200085884, 0.011414653261987389, -5.447562237720031e-06, 0.19169973040051935, 0.9814536226102043, 0.013996811205746133, 0.0, 0.0, 0.0, 1.0], "right_foot_pose": [1.0, -3.3140691505213425e-10, -1.3692012523769372e-09, -4.897547389825545e-10, 1.6008218906336203e-10, 0.9923717778829738, -0.12328120076226545, -0.14000000070759752, 1.3996128934669112e-09, 0.1232812007622653, 0.9923717778829738, 2.7920482315035855e-09, 0.0, 0.0, 0.0, 1.0]}, {"left_foot_pose": [0.9943514693706694, -0.10482564325533228, 0.01663550048834252, -0.02816888827567787, 0.10613743614507483, 0.9820663169604636, -0.15582231464158613, 0.012359091626277038, -2.9903295415852133e-06, 0.1567077968954224, 0.9876450103064572, 0.006287909513838751, 0.0, 0.0, 0.0, 1.0], "right_foot_pose": [0.9999999999999999, -3.0865901090709307e-10, -1.9652005578407718e-09, -1.50088788320904e-10, 1.3041745021563147e-10, 0.9959362790776609, -0.09006069074209858, -0.14000000081850197, 1.9850124534602924e-09, 0.09006069074209845, 0.9959362790776608, 3.965560824159553e-09, 0.0, 0.0, 0.0, 1.0]}, {"left_foot_pose": [0.9938575786148284, -0.10989270625721026, 0.013065471340057868, -0.02937583588883973, 0.11066667713958657, 0.9869077510795802, -0.11732850220610838, 0.012888644798965917, -8.683084771615908e-07, 0.11805373340353391, 0.9930072084475189, 0.0009158368983905527, 0.0, 0.0, 0.0, 1.0], "right_foot_pose": [1.0, -1.7715671179733879e-10, -2.44623210576833e-09, 3.170123208842312e-10, 5.02718279983438e-11, 0.9986589085438624, -0.05177242882057623, -0.14000000058131837, 2.452123138979571e-09, 0.051772428820576075, 0.9986589085438624, 4.9728776652102624e-09, 0.0, 0.0, 0.0, 1.0]}, {"left_foot_pose": [0.9937813655339833, -0.11100790735019413, 0.008708732579638466, -0.02955771596589148, 0.11134898974581228, 0.9907372289323589, -0.07772480742992441, 0.012968448674451833, 2.6385286221459357e-09, 0.07821117383828509, 0.9969368145909944, 5.428590230116548e-09, 0.0, 0.0, 0.0, 1.0], "right_foot_pose": [0.9999999999999998, -2.230232681180732e-11, -2.570353430098038e-09, 6.396089181763889e-10, -8.804581428899403e-12, 0.9999267731393054, -0.012101584987755525, -0.14000000035324658, 2.5704349872114347e-09, 0.012101584987755376, 0.9999267731393056, 5.294908816955157e-09, 0.0, 0.0, 0.0, 1.0]}, {"left_foot_pose": [0.9937813655404109, -0.11127142670315672, 0.0041553705107597325, -0.02955771592478206, 0.11134898968844638, 0.9930891209271197, -0.037086390921248255, 0.012968448452088617, 2.3814212111907207e-09, 0.037318460520837655, 0.9993034236428675, 4.738836122120116e-09, 0.0, 0.0, 0.0, 1.0], "right_foot_pose": [0.9999999999999998, 1.1863399116461845e-10, -2.295298062726659e-09, 6.618791395078662e-10, -5.338167377033387e-11, 0.9995964169856086, 0.028407800857036595, -0.14000000047176434, 2.2977417651322594e-09, -0.028407800857036748, 0.9995964169856086, 4.877311554629671e-09, 0.0, 0.0, 0.0, 1.0]}, {"left_foot_pose": [0.9937813655460611, -0.11134898928586925, -8.85566281657863e-06, -0.029557715960285235, 0.11134898963801808, 0.9937813624044463, 7.901997342728077e-05, 0.012968448262634966, 1.7984841385980317e-09, -7.951464620536085e-05, 0.9999999968387112, 3.50092561884896e-09, 0.0, 0.0, 0.0, 1.0], "right_foot_pose": [0.9999999995616089, -2.9540817282258974e-05, -2.030215289716502e-06, 1.1736023237146268e-07, 2.961030996765309e-05, 0.9978854337330493, 0.06499738661386918, -0.14000612155252068, 1.058463428108695e-07, -0.06499738664549042, 0.9978854341702985, 3.7402857598164974e-05, 0.0, 0.0, 0.0, 1.0]}, {"left_foot_pose": [0.9937813655500923, -0.11129392693924817, -0.003501330009667484, -0.029557716253133675, 0.11134898960204077, 0.9932899357588317, 0.031249096544078363, 0.012968448402133377, 1.1926788079355494e-09, -0.031444639394620784, 0.9995054950591035, 2.3006028262995137e-09, 0.0, 0.0, 0.0, 1.0], "right_foot_pose": [0.9999953615912799, -0.0030299039491520894, -0.00031060905350330925, 1.2028861301650892e-05, 0.0030457828862601134, 0.994835005920999, 0.10145952001056963, -0.14062974204922482, 1.5921592220482483e-06, -0.10145999544758692, 0.9948396198992281, 0.0034929904660024325, 0.0, 0.0, 0.0, 1.0]}, {"left_foot_pose": [0.993781365551095, -0.11117475649478797, -0.006226636469778696, -0.029557716377383653, 0.11134898959309085, 0.9922263485690525, 0.055572256764717796, 0.012968448320683616, 6.545919325695305e-10, -0.0559200028938708, 0.9984352524206818, 1.2950040484405179e-09, 0.0, 0.0, 0.0, 1.0], "right_foot_pose": [0.9999461605072781, -0.010271992671154764, -0.0014704602395391527, 4.0984451591705477e-05, 0.010376708152283646, 0.9899074859617912, 0.14133468493164886, -0.14214552502876324, 3.830751130987387e-06, -0.1413423340806636, 0.9899607793149966, 0.010538497651641679, 0.0, 0.0, 0.0, 1.0]}, {"left_foot_pose": [0.9937813655503405, -0.11105070539572814, -0.008144833700756056, -0.02955771636503923, 0.11134898959982459, 0.9911192015993525, 0.07269202663401968, 0.01296844812055856, 2.402996598126434e-10, -0.07314690049601572, 0.9973211774287293, 5.588166943071293e-10, 0.0, 0.0, 0.0, 1.0], "right_foot_pose": [0.9997769896975796, -0.020762242789651577, -0.003860070671527831, 8.341637439595893e-05, 0.021118021413194486, 0.9829901454237325, 0.18244013585672675, -0.1443666911754708, 6.545035516711533e-06, -0.18248096688195362, 0.983209385981943, 0.01829520844949347, 0.0, 0.0, 0.0, 1.0]}, {"left_foot_pose": [0.993781365549053, -0.11096567744587849, -0.009231246743396957, -0.02955771624227026, 0.11134898961131302, 0.9903603332584979, 0.08238818374413612, 0.012968447925600951, -2.1521780062078942e-11, -0.08290373174408398, 0.9965575604363784, 1.2158599821399108e-10, 0.0, 0.0, 0.0, 1.0], "right_foot_pose": [0.9994093928168939, -0.03352457751300355, -0.007547731575903891, 0.00013575383429006223, 0.03436372308938062, 0.9750630869138432, 0.21925125101919712, -0.14710645773475287, 9.208889981794582e-06, -0.21938112781326766, 0.975639236949076, 0.023884417923181037, 0.0, 0.0, 0.0, 1.0]}, {"left_foot_pose": [0.9937813655481766, -0.11094617665106755, -0.009462736164134043, -0.029557716053659065, 0.11134898961913377, 0.9901862899963787, 0.0844542101615199, 0.012968447881400363, -1.0392793830435756e-10, -0.08498268641151689, 0.9963824280918862, 2.8875769830793985e-11, 0.0, 0.0, 0.0, 1.0], "right_foot_pose": [0.9987886386613369, -0.04771167377762157, -0.01203542547528492, 0.00019442672530606964, 0.04920625120714205, 0.9685068190185266, 0.24407639450949406, -0.15017803423427178, 1.1098330947560046e-05, -0.24437294797082684, 0.969681319907151, 0.025000001738111274, 0.0, 0.0, 0.0, 1.0]}, {"left_foot_pose": [0.9937813655481873, -0.1109979238995064, -0.0088350653184022, -0.029557715845987133, 0.11134898961904018, 0.9906481303864527, 0.07885229402272234, 0.012968447902996415, 8.28130440728243e-12, -0.07934571602693054, 0.9968471584692283, 2.626737091726561e-10, 0.0, 0.0, 0.0, 1.0], "right_foot_pose": [0.9979023084258144, -0.06250766865625194, -0.01684559876023185, 0.0002558715256213961, 0.0647377995781181, 0.9635741402644222, 0.25948775215694336, -0.15339463727482494, 1.200891044803615e-05, -0.26003397388195293, 0.9655994678348503, 0.025000001074611332, 0.0, 0.0, 0.0, 1.0]}, {"left_foot_pose": [0.9937813655490186, -0.11110753013243607, -0.007328999617865457, -0.029557715619255916, 0.11134898961162121, 0.9916263580359729, 0.06541076792688365, 0.012968447955577281, 3.306887071056078e-10, -0.06582007897430178, 0.9978315074218783, 8.632969408783886e-10, 0.0, 0.0, 0.0, 1.0], "right_foot_pose": [0.9967906666677453, -0.07714432799341649, -0.02138035318968941, 0.0003165185481282569, 0.08005227482396764, 0.9606210442946926, 0.26608051892929424, -0.15656948910503912, 1.181438352883783e-05, -0.26693812376020565, 0.9637136701032112, 0.024992550711215512, 0.0, 0.0, 0.0, 1.0]}, {"left_foot_pose": [0.9937813655499614, -0.11124071094029632, -0.004909349768786067, -0.029557715433368076, 0.11134898960320616, 0.9928149869685794, 0.04381556989159795, 0.012968448400375891, 8.81725973558587e-10, -0.0440897480155852, 0.999027574254046, 1.9607540174826354e-09, 0.0, 0.0, 0.0, 1.0], "right_foot_pose": [0.9955488086549781, -0.09105488124332906, -0.024322380381372292, 0.0003727961609862071, 0.09424738447912291, 0.9618539131551496, 0.25681604363234467, -0.15951580327943282, 1.0222392746061106e-05, -0.25796522701691665, 0.9661542017429792, 0.021837792818062605, 0.0, 0.0, 0.0, 1.0]}, {"left_foot_pose": [0.993781365549407, -0.11133801969949814, -0.001562963899280979, -0.02955771531661577, 0.11134898960815202, 0.9936834601463808, 0.013949320584211281, 0.012968448905663768, 1.645521578630978e-09, -0.014036609309643048, 0.9999014819466412, 3.543033304242993e-09, 0.0, 0.0, 0.0, 1.0], "right_foot_pose": [0.9943206025722544, -0.1035182928108494, -0.024708345834476744, 0.0004211435674760383, 0.10642621502284251, 0.9671687764687622, 0.23077698884383838, -0.16204680003258776, 7.500704155377843e-06, -0.23209593033365472, 0.9726929006969749, 0.014923779224539087, 0.0, 0.0, 0.0, 1.0]}, {"left_foot_pose": [0.9937813655449912, -0.11131664721941828, 0.0026835698912172404, -0.029557715755118952, 0.11134898964756501, 0.9934927112306103, -0.023950683416517956, 0.012968449237520873, 2.649537941162851e-09, 0.024100555667438486, 0.9997095394245878, 5.537000288824423e-09, 0.0, 0.0, 0.0, 1.0], "right_foot_pose": [0.9932845349980011, -0.1134700241551387, -0.02259172751334289, 0.0004579916667332932, 0.11569715862866442, 0.9741714819119224, 0.19391774368216688, -0.1639757043397456, 4.365610897917859e-06, -0.19522929454300963, 0.9807576268034728, 0.007129214471489641, 0.0, 0.0, 0.0, 1.0]}, {"left_foot_pose": [0.9937813655352389, -0.11107927860333808, 0.007745410246009139, -0.029557715737816088, 0.11134898973460447, 0.9913742117255765, -0.06912723638751711, 0.012968449364351778, 3.572639046865142e-09, 0.06955980297883696, 0.9975777833379945, 7.577872294939336e-09, 0.0, 0.0, 0.0, 1.0], "right_foot_pose": [0.9926315534308275, -0.11978131293257462, -0.01830399425400434, 0.00047977152941651067, 0.12117177530810352, 0.9812428155924877, 0.14993311080881908, -0.16511573591678977, 1.4779936423895764e-06, -0.15104626417186168, 0.9885266946711856, 0.0013328075122405678, 0.0, 0.0, 0.0, 1.0]}, {"left_foot_pose": [0.9937813655225017, -0.11054767020478552, 0.013334547331150099, -0.029557716042617276, 0.11134898984828182, 0.9866296434798968, -0.11900986961802756, 0.012968449243685957, 4.138349471761962e-09, 0.11975457911506578, 0.9928035257698145, 8.939546582154012e-09, 0.0, 0.0, 0.0, 1.0], "right_foot_pose": [0.9924964282209181, -0.12164230085390242, -0.012409295374362824, 0.0004841583808669435, 0.12227362744565756, 0.9873719465266858, 0.10072635823548849, -0.16534528901789428, 4.156409911741895e-09, -0.10148788033589118, 0.9948367756295139, 8.492513581259686e-09, 0.0, 0.0, 0.0, 1.0]}, {"left_foot_pose": [0.9937813655135406, -0.10972071065411147, 0.018972696476795944, -0.029557716320106186, 0.11134898992826088, 0.9792490891507268, -0.1693299260007773, 0.012968449321824116, 4.0721774657921835e-09, 0.17038951567226568, 0.9853767872996461, 9.462433850360163e-09, 0.0, 0.0, 0.0, 1.0], "right_foot_pose": [0.9924964282086557, -0.12212477867431702, -0.006031453125857237, 0.00048415803072646276, 0.12227362754519193, 0.991288221894317, 0.048957340006813815, -0.1653452887029682, 4.131754328671482e-09, -0.049327472744426934, 0.998782659257082, 8.043804018698086e-09, 0.0, 0.0, 0.0, 1.0]}, {"left_foot_pose": [0.993781365514212, -0.10868500230457778, 0.024210903138102115, -0.029557715765556946, 0.11134898992226519, 0.9700054696070395, -0.21608052058369157, 0.012968449199314554, 3.409527390301082e-09, 0.217432654416216, 0.9760753253686517, 8.744456887754826e-09, 0.0, 0.0, 0.0, 1.0], "right_foot_pose": [0.9924964281957785, -0.12227354273268634, 0.0001441048906388799, 0.000484158346148209, 0.12227362764971676, 0.9924957388895049, -0.0011697296928609943, -0.1653452881856769, 3.5036732523307443e-09, 0.0011785727698594357, 0.9999993054828722, 6.671624669385423e-09, 0.0, 0.0, 0.0, 1.0]}, {"left_foot_pose": [0.9937451264675732, -0.10796728802913222, 0.028525222831414912, -0.02915850543851585, 0.11167194644008799, 0.9607792479273904, -0.2538357995444326, 0.011819309804759655, -4.792574095925351e-07, 0.2554335558765008, 0.966826612445095, 0.00284445668151391, 0.0, 0.0, 0.0, 1.0], "right_foot_pose": [0.9924964281892427, -0.12214511683341828, 0.005604504023172648, 0.00048415831981927257, 0.12227362770276823, 0.9914533030513061, -0.045491843632240465, -0.16534528840742493, 2.529688699626725e-09, 0.045835775355130136, 0.9989489885362487, 4.7735743136101405e-09, 0.0, 0.0, 0.0, 1.0]}, {"left_foot_pose": [0.9936429311210284, -0.10801795400036632, 0.031715091782729715, -0.028038811733505697, 0.11257764179565637, 0.9534002313076219, -0.2799183336444803, 0.008596244948834389, -9.701541284375021e-07, 0.2817092837592475, 0.9594998069009246, 0.009617037391916466, 0.0, 0.0, 0.0, 1.0], "right_foot_pose": [0.9924964281881118, -0.12185337851146212, 0.010128878476034064, 0.0004841581993837434, 0.12227362771194751, 0.9890852595062971, -0.08221623558349869, -0.16534528835358936, 1.6783675043990026e-09, 0.0828378148716128, 0.9965630418730652, 3.1123873409089065e-09, 0.0, 0.0, 0.0, 1.0]}, {"left_foot_pose": [0.9934868447213415, -0.1088912806341603, 0.03356454032884397, -0.026345804573023095, 0.1139468707940455, 0.9494114041824383, -0.2926330402476391, 0.0037228790404526466, -1.3708559129510914e-06, 0.2945516501569523, 0.9556355609686877, 0.01743949274597511, 0.0, 0.0, 0.0, 1.0], "right_foot_pose": [0.9924964281898295, -0.12150291689327129, 0.013706976940847113, 0.0004841580268042851, 0.12227362769800408, 0.9862405588884221, -0.1112596960854336, -0.16534528812041394, 1.0082270790328569e-09, 0.11210085276160894, 0.9936968344571296, 1.8299688708811601e-09, 0.0, 0.0, 0.0, 1.0]}, {"left_foot_pose": [0.9932888203953789, -0.11070081438624807, 0.03350595427352428, -0.024226708462312674, 0.11566036172786053, 0.9507003197970041, -0.2877352648926715, -0.002376998363622599, -1.5932916818038707e-06, 0.289679532642706, 0.9571236954361573, 0.023433116548759216, 0.0, 0.0, 0.0, 1.0], "right_foot_pose": [0.9924964281924432, -0.12117285557038501, 0.0163700671397799, 0.0004841578398556952, 0.12227362767679012, 0.9835614479042845, -0.13287602556964784, -0.16534528782735095, 5.168252130852502e-10, 0.1338806082647766, 0.9909974685793369, 9.359061373115374e-10, 0.0, 0.0, 0.0, 1.0]}, {"left_foot_pose": [0.9930611772746766, -0.11346194909177362, 0.030917378577911818, -0.021828744797797495, 0.11759888684577176, 0.9581304117704983, -0.26106822068787233, -0.009279599947175005, -1.571502552126755e-06, 0.26289256389025517, 0.9648251136080256, 0.025000004859702253, 0.0, 0.0, 0.0, 1.0], "right_foot_pose": [0.9924964281947276, -0.12091822913125361, 0.01815549185423448, 0.00048415770550304296, 0.1222736276582466, 0.9814946426783059, -0.14736833572066035, -0.16534528766735143, 1.9524126768878865e-10, 0.1484824846826938, 0.9889150376763688, 4.0550474783573875e-10, 0.0, 0.0, 0.0, 1.0]}, {"left_foot_pose": [0.992816939516945, -0.11664656982593562, 0.02661019270976487, -0.019299143525627484, 0.11964332244788331, 0.9679519904478547, -0.22080402981301936, -0.016561123424858833, -1.3563181857616345e-06, 0.2224017129787445, 0.9749551159218983, 0.025000006849868382, 0.0, 0.0, 0.0, 1.0], "right_foot_pose": [0.9924964281960419, -0.12076752751694463, 0.019132284639916276, 0.0004841576655505459, 0.12227362764757886, 0.9802713962395627, -0.155296972592641, -0.16534528770154958, 3.3656214098943663e-11, 0.15647106445596334, 0.9876825431220387, 1.0355687835028604e-10, 0.0, 0.0, 0.0, 1.0]}, {"left_foot_pose": [0.9925700373079552, -0.11981916512569342, 0.021168105892290415, -0.016785130747166352, 0.12167465240322296, 0.9774352200022048, -0.17267214500838599, -0.023797774708795315, -1.019984493626854e-06, 0.1739648193394971, 0.9847518680516106, 0.025000008019591666, 0.0, 0.0, 0.0, 1.0], "right_foot_pose": [0.9924964281963321, -0.12073096226202987, 0.019361683005535132, 0.00048415764729717444, 0.12227362764522245, 0.9799745957124717, -0.1571590014623895, -0.16534528772173718, -9.685700046397786e-13, 0.1583471708287273, 0.9873834986926497, 3.056733338668849e-11, 0.0, 0.0, 0.0, 1.0]}, {"left_foot_pose": [0.9923353638061728, -0.12277571892826857, 0.014023144487526014, -0.014433927754994443, 0.12357396869614187, 0.9859257311870331, -0.11260518124846682, -0.03056576932470282, -5.968995772972775e-07, 0.11347499911858014, 0.9935408519908394, 0.022459727924800173, 0.0, 0.0, 0.0, 1.0], "right_foot_pose": [0.9924964281955077, -0.12088993648524425, 0.018342935309068477, 0.00048415763801775563, 0.12227362765191464, 0.9812649911124479, -0.14888981562863504, -0.16534528785135608, 1.01615897928474e-10, 0.15001546744813202, 0.9886836498730615, 2.5144312326697005e-10, 0.0, 0.0, 0.0, 1.0]}, {"left_foot_pose": [0.99212868674532, -0.12502571047542987, 0.007017168739724703, -0.012392769683415295, 0.12522247776238057, 0.990569821431403, -0.05559460344682019, -0.03644129569597543, -2.4079092497206596e-07, 0.056035708164285394, 0.9984287653160189, 0.015838565110418354, 0.0, 0.0, 0.0, 1.0], "right_foot_pose": [0.9924964281941071, -0.12108148979458652, 0.01703269946494171, 0.00048415767385781745, 0.12227362766328471, 0.9828198312095768, -0.13825461785864232, -0.1653452880101965, 2.881280399311572e-10, 0.13929986435852046, 0.9902502450338992, 6.166826077569354e-10, 0.0, 0.0, 0.0, 1.0]}, {"left_foot_pose": [0.9919664220289904, -0.12649885121426066, 0.0008113004844880371, -0.010808884027395166, 0.12650145282566364, 0.991946022212287, -0.006361717552528447, -0.0410005562541188, -1.632626266654484e-08, 0.006413240888506399, 0.9999794349591928, 0.007998179625671946, 0.0, 0.0, 0.0, 1.0], "right_foot_pose": [0.9924964281926951, -0.12133884637789362, 0.015090539567020136, 0.00048415771965984976, 0.1222736276747438, 0.984908797232596, -0.12249008575839813, -0.16534528806918336, 5.241084481105094e-10, 0.12341614762065574, 0.9923550042734085, 1.0418634219244716e-09, 0.0, 0.0, 0.0, 1.0]}, {"left_foot_pose": [0.9918652606059065, -0.12722657844986532, -0.00408687400320446, -0.00982949388437805, 0.12729220244451483, 0.9913539288589552, 0.0318446688276043, -0.04381976010744034, 5.034302259626353e-08, -0.03210584793858179, 0.9994844743807396, 0.001817276974694984, 0.0, 0.0, 0.0, 1.0], "right_foot_pose": [0.9924964281919919, -0.1216198857483027, 0.012627090587608487, 0.00048415775905141594, 0.1222736276804524, 0.9871899968601316, -0.1024942440976856, -0.16534528794010747, 7.394850723035255e-10, 0.10326913135038758, 0.9946534504590715, 1.4212889684617203e-09, 0.0, 0.0, 0.0, 1.0]}, {"left_foot_pose": [0.9918393805247715, -0.12727228201030122, -0.007510623950706175, -0.009579912199415366, 0.12749369882562284, 0.9901168650526376, 0.05842901931488934, -0.04453818594068485, 8.168321794645597e-10, -0.05890975954991373, 0.9982633120724074, 1.5679832640613789e-09, 0.0, 0.0, 0.0, 1.0], "right_foot_pose": [0.9924964281925798, -0.12187521114818173, 0.009862704119942015, 0.00048415783315364225, 0.12227362767568244, 0.9892624761607847, -0.0800556883379422, -0.1653452876930456, 8.204645670513747e-10, 0.08066093334334305, 0.9967415983253539, 1.5859591140365836e-09, 0.0, 0.0, 0.0, 1.0]}, {"left_foot_pose": [0.9918393805257519, -0.12706240409974143, -0.010478010435592214, -0.009579912142580072, 0.12749369881799824, 0.9884841164973156, 0.08151385277502257, -0.04453818597775248, 7.870489375108417e-10, -0.08218452954733303, 0.9966171296456253, 1.5322133145589945e-09, 0.0, 0.0, 0.0, 1.0], "right_foot_pose": [0.9924964281937922, -0.12207218336558699, 0.007015844277268153, 0.0004841578869931558, 0.12227362766583968, 0.9908613021471626, -0.05694769428752201, -0.16534528773201326, 7.830780712505513e-10, 0.05737823590515767, 0.9983525119137088, 1.5460378879894598e-09, 0.0, 0.0, 0.0, 1.0]}, {"left_foot_pose": [0.9918393805255314, -0.12680625049012467, -0.013221878662536057, -0.009579912271286715, 0.12749369881971084, 0.9864913651421203, 0.10285982335832453, -0.044538186010821414, 6.054026909172815e-10, -0.10370612969671843, 0.9946079824047908, 1.1664615176543158e-09, 0.0, 0.0, 0.0, 1.0], "right_foot_pose": [0.9924964281951376, -0.12219557497488334, 0.0043682349354891015, 0.0004841577586807801, 0.12227362765491981, 0.9918628735279011, -0.035457017599920634, -0.16534528775166465, 5.971575179169166e-10, 0.03572508325438442, 0.9993616554713651, 1.1927636447972567e-09, 0.0, 0.0, 0.0, 1.0]}, {"left_foot_pose": [0.991839380524632, -0.12654864690963563, -0.015494618609556324, -0.00957991230536839, 0.12749369882670802, 0.9844873335756592, 0.12054064372059353, -0.04453818580236791, 3.992358734807715e-10, -0.12153242363431536, 0.9925874621440525, 7.378295127646872e-10, 0.0, 0.0, 0.0, 1.0], "right_foot_pose": [0.9924653434265742, -0.12251631964823008, 0.0015144362068742708, 0.0008413838661655833, 0.12252567933772751, 0.9923895313074497, -0.012266868149967266, -0.16623539820268354, -1.9098191014789878e-08, 0.012359998836286535, 0.9999236122968429, 0.0022503014041157926, 0.0, 0.0, 0.0, 1.0]}, {"left_foot_pose": [0.9918393805233767, -0.12632423051943495, -0.01722881385000437, -0.009579912303437623, 0.127493698836474, 0.9827414822399849, 0.13403184637149926, -0.04453818575994193, 2.0221106321421038e-10, -0.1351346286798144, 0.9908272463611253, 3.9224292563977414e-10, 0.0, 0.0, 0.0, 1.0], "right_foot_pose": [0.9923610092850225, -0.1233399535686374, -0.0026235671323142818, 0.0020350527142152714, 0.12336785339303821, 0.9921365978179231, 0.021103175577884017, -0.16920971545473007, 7.227287402595831e-08, -0.0212656324609343, 0.9997738608685626, 0.008710108955152951, 0.0, 0.0, 0.0, 1.0]}, {"left_foot_pose": [0.9918393805222774, -0.12616945397142124, -0.01832790576523648, -0.009579912310274998, 0.1274936988450255, 0.9815373952562753, 0.1425822515895351, -0.04453818586376351, 5.6245293091382284e-11, -0.1437553845881292, 0.989613252438507, 1.44397979684463e-10, 0.0, 0.0, 0.0, 1.0], "right_foot_pose": [0.9921961300667698, -0.12442645893648979, -0.008055792763717592, 0.003904962474326462, 0.12468696596051557, 0.9901232992532653, 0.06410158184780004, -0.17386906375557823, 2.952677631971916e-07, -0.06460579379866024, 0.9979108634580335, 0.01655846239966465, 0.0, 0.0, 0.0, 1.0]}, {"left_foot_pose": [0.9918393805218093, -0.12611189400623796, -0.018719867421374124, -0.009579912328303804, 0.12749369884866665, 0.9810896064401532, 0.14563152436540586, -0.0445381859963306, -3.689405967082732e-12, -0.1468297460505387, 0.989161779323653, 2.8790247963428328e-11, 0.0, 0.0, 0.0, 1.0], "right_foot_pose": [0.9919839530422756, -0.12553661869918525, -0.014435867559500486, 0.006282550670778351, 0.12636390665943434, 0.9854901254490197, 0.11331979410606419, -0.17979342527296402, 6.211484141036577e-07, -0.11423558993610715, 0.9934536878946918, 0.02291665645271629, 0.0, 0.0, 0.0, 1.0]}, {"left_foot_pose": [0.9918393805224395, -0.12619698924117403, -0.01813734135221969, -0.009579912337090633, 0.1274936988437625, 0.981751606375692, 0.14109975242318823, -0.04453818601883964, 6.944424996581108e-11, -0.1422606877714712, 0.9898292260358799, 1.554391754199358e-10, 0.0, 0.0, 0.0, 1.0], "right_foot_pose": [0.9917380430418058, -0.12662578883418962, -0.020532013679332575, 0.008999255335502956, 0.12827959300956604, 0.9789535629199547, 0.15872702247451828, -0.18656277415503764, 9.535151655940108e-07, -0.1600494650051833, 0.9871089953752045, 0.025000005511817636, 0.0, 0.0, 0.0, 1.0]}, {"left_foot_pose": [0.9918393805240604, -0.12637483594633186, -0.016853607364197734, -0.009579912268258552, 0.12749369883115352, 0.9831351681247139, 0.13111292062471497, -0.04453818603424123, 2.751154418443531e-10, -0.13219168671262724, 0.9912241713982118, 5.366308716836521e-10, 0.0, 0.0, 0.0, 1.0], "right_foot_pose": [0.9914726399624187, -0.12768117651831637, -0.0260676306719775, 0.011886504967349859, 0.13031501910541793, 0.9714355225434529, 0.1983205015531258, -0.1937570771890134, 1.227457296390776e-06, -0.2000263550226005, 0.9797905170468154, 0.02500000431646801, 0.0, 0.0, 0.0, 1.0]}, {"left_foot_pose": [0.9918393805264336, -0.12664244571567213, -0.014708303100432541, -0.009579912178306062, 0.1274936988126912, 0.9852170432785953, 0.1144234870839118, -0.044538186045348684, 6.406308391721754e-10, -0.11536493651251394, 0.9933231757205027, 1.2133863358521069e-09, 0.0, 0.0, 0.0, 1.0], "right_foot_pose": [0.9912028735946881, -0.12874772370200843, -0.03067388171039743, 0.014775737401026688, 0.13235128777508018, 0.9642175466483643, 0.22971212279652783, -0.2009563215527148, 1.3820521721367639e-06, -0.23175104396088608, 0.9727751300383504, 0.02500000259189935, 0.0, 0.0, 0.0, 1.0]}, {"left_foot_pose": [0.9918393805288797, -0.12696280059484782, -0.011622843765684236, -0.009579912173434488, 0.12749369879366063, 0.9877092498974851, 0.09042009972820941, -0.04453818568446467, 1.2059206183895385e-09, -0.09116405504397483, 0.995835887618005, 2.2774849714468637e-09, 0.0, 0.0, 0.0, 1.0], "right_foot_pose": [0.9909448360097609, -0.1300462551678292, -0.03341112842170542, 0.01749839046221942, 0.13426962420354163, 0.9597777765850978, 0.24657308772371278, -0.20774048545566312, 1.3518661461737016e-06, -0.24882642763619373, 0.9685480932343951, 0.023024933771915015, 0.0, 0.0, 