{"LoopMode": "Wrap", "FrameDuration": 0.0167, "EnableCycleOffsetPosition": true, "EnableCycleOffsetRotation": false, "Debug_info": [{"left_foot_pose": [1.0000000000000004, 1.1587513882688712e-13, -8.839484699763039e-12, 1.5672436142296534e-12, -3.053945090206293e-14, 0.9999537630786136, 0.009616220927200379, 5.4099086321812706e-14, 8.839721681321473e-12, -0.00961622092720055, 0.9999537630786137, 1.8465590168048607e-11, 0.0, 0.0, 0.0, 1.0], "right_foot_pose": [0.9999999999999999, -2.0129844077863281e-13, -8.90293394562036e-12, 1.4765141705084983e-12, 6.931351253382102e-14, 0.99989003604242, -0.014829559099581875, -0.14000000000224203, 8.904915624875953e-12, 0.014829559099581722, 0.9998900360424199, 1.5449461154837252e-11, 0.0, 0.0, 0.0, 1.0]}, {"left_foot_pose": [1.0000000000000007, 1.7691718939047152e-13, -1.972655372384225e-11, 3.301470032921338e-12, -4.6726418622552096e-14, 0.9999783323913664, 0.0065829133202951595, 1.0493619861939862e-12, 1.9727043058837123e-11, -0.006582913320295334, 0.9999783323913669, 4.0193535999488716e-11, 0.0, 0.0, 0.0, 1.0], "right_foot_pose": [0.9999999999999999, -5.350505090841906e-13, -1.9843682252940195e-11, 3.2971075997576645e-12, 1.805424938426693e-13, 0.9998404257027409, -0.017864017760904006, -0.1400000000040575, 1.9849857920255724e-11, 0.017864017760903857, 0.9998404257027408, 3.5553483768158145e-11, 0.0, 0.0, 0.0, 1.0]}, {"left_foot_pose": [1.0000000000000007, 9.875409158495774e-14, -3.46485617974679e-11, 5.613514743954131e-12, -1.670207131243637e-14, 0.9999972185287179, 0.0023585874646372866, 2.821819167220241e-12, 3.4648371696991226e-11, -0.00235858746463746, 0.999997218528718, 6.987229544952456e-11, 0.0, 0.0, 0.0, 1.0], "right_foot_pose": [0.9999999999999998, -1.1565505638305035e-12, -3.4860780928624984e-11, 5.789621937956484e-12, 3.8621730889760153e-13, 0.9997559573598948, -0.022091304248517265, -0.14000000000612028, 3.487765743599924e-11, 0.02209130424851712, 0.9997559573598946, 6.341950575805555e-11, 0.0, 0.0, 0.0, 1.0]}, {"left_foot_pose": [1.0000000000000007, -2.7187643524278886e-13, -5.339040320961886e-11, 8.457681624347932e-12, 1.1022504452191436e-13, 0.9999953976327132, -0.00303392705788249, 5.52303341949667e-12, 5.33905445469424e-11, 0.0030339270578823158, 0.9999953976327135, 1.0725007687506505e-10, 0.0, 0.0, 0.0, 1.0], "right_foot_pose": [0.9999999999999998, -2.2135417705069053e-12, -5.376776801568893e-11, 8.915785310602505e-12, 7.346966066175016e-13, 0.9996220814330375, -0.02748989471572094, -0.1400000000082099, 5.380829128959214e-11, 0.027489894715720796, 0.9996220814330378, 9.866293892990541e-11, 0.0, 0.0, 0.0, 1.0]}, {"left_foot_pose": [1.0000000000000007, -1.126962875694921e-12, -7.615102992630794e-11, 1.1850547780106474e-11, 3.975284557810259e-13, 0.9999540868370211, -0.009582495392119245, 9.40071111232843e-12, 7.615806456857503e-11, 0.009582495392119071, 0.9999540868370214, 1.5293848826258838e-10, 0.0, 0.0, 0.0, 1.0], "right_foot_pose": [1.0, -3.909657660991276e-12, -7.680328595327521e-11, 1.2708205059004943e-11, 1.2923523531487375e-12, 0.9994201543518416, -0.034049303595537365, -0.14000000001010957, 7.689189262047664e-11, 0.03404930359553722, 0.9994201543518417, 1.416913322782598e-10, 0.0, 0.0, 0.0, 1.0]}, {"left_foot_pose": [1.0000000000000004, -2.7211582375669284e-12, -1.035895258461039e-10, 1.5876093653897158e-11, 9.29125088923827e-13, 0.9998503665745898, -0.017298683784003902, 1.483616701714041e-11, 1.0362078493936675e-10, 0.017298683784003725, 0.9998503665745901, 2.0853389154362745e-10, 0.0, 0.0, 0.0, 1.0], "right_foot_pose": [1.0, -6.5314827393166614e-12, -1.0467893218901733e-10, 1.7279109024305397e-11, 2.152031813775297e-12, 0.9991267035224675, -0.04178313425686905, -0.14000000001157378, 1.0486026507016365e-10, 0.04178313425686891, 0.9991267035224678, 1.938157689895803e-10, 0.0, 0.0, 0.0, 1.0]}, {"left_foot_pose": [1.0000000000000004, -5.411631644117159e-12, -1.3683637556383125e-10, 2.068678447229722e-11, 1.822007018377641e-12, 0.9996561478424522, -0.026221862649139824, 2.2389728959737454e-11, 1.3693083999651176e-10, 0.026221862649139647, 0.9996561478424524, 2.7670301466775626e-10, 0.0, 0.0, 0.0, 1.0], "right_foot_pose": [0.9999999999999998, -1.0491172675403239e-11, -1.386011860837754e-10, 2.2824501004718596e-11, 3.446043678840942e-12, 0.9987122384521067, -0.050733270799173835, -0.14000000001227553, 1.389546384000663e-10, 0.05073327079917368, 0.9987122384521065, 2.572999938110776e-10, 0.0, 0.0, 0.0, 1.0]}, {"left_foot_pose": [1.0000000000000004, -9.713393582803635e-12, -1.7748269520723154e-10, 2.650261342853492e-11, 3.243436824725414e-12, 0.9993365859755723, -0.03641960915067961, 3.285429740762513e-11, 1.7771831537114746e-10, 0.03641960915067945, 0.9993365859755724, 3.6126359542754116e-10, 0.0, 0.0, 0.0, 1.0], "right_foot_pose": [1.0, -1.6385367011866183e-11, -1.8026974357709938e-10, 2.9625884116694874e-11, 5.3638366059570675e-12, 0.9981395740988974, -0.060970407721054574, -0.1400000000117322, 1.809332735243837e-10, 0.06097040772105443, 0.9981395740988978, 3.353830824170956e-10, 0.0, 0.0, 0.0, 1.0]}, {"left_foot_pose": [1.0000000000000002, -1.6370834931773275e-11, -2.2756568851534072e-10, 3.361247444971608e-11, 5.432401246260377e-12, 0.998848016895908, -0.04798582231360378, 4.731559415105391e-11, 2.2808863894541273e-10, 0.0479858223136036, 0.9988480168959082, 4.673131534516095e-10, 0.0, 0.0, 0.0, 1.0], "right_foot_pose": [1.0, -2.5072547393941407e-11, -2.3187818332104355e-10, 3.8055141559446503e-11, 8.173893131099074e-12, 0.99736169718125, -0.07259232050111676, -0.14000000000921192, 2.330863949920728e-10, 0.0725923205011166, 0.9973616971812502, 4.3232369073553656e-10, 0.0, 0.0, 0.0, 1.0]}, {"left_foot_pose": [1.0000000000000004, -2.64371491387057e-11, -2.894505191086689e-10, 4.2365481443931395e-11, 8.721353216274279e-12, 0.9981355763897343, -0.061035818542345334, 6.718528511306943e-11, 2.9052404851000685e-10, 0.061035818542345154, 0.9981355763897342, 6.012302600222341e-10, 0.0, 0.0, 0.0, 1.0], "right_foot_pose": [1.0, -3.7758045054684707e-11, -2.960124367845649e-10, 4.85663585386638e-11, 1.2245202034173165e-11, 0.9963193424379797, -0.08571912204375222, -0.1400000000036224, 2.9815936350535127e-10, 0.08571912204375207, 0.9963193424379798, 5.532911698247212e-10, 0.0, 0.0, 0.0, 1.0]}, {"left_foot_pose": [1.0000000000000002, -4.131398413570872e-11, -3.6533692737705725e-10, 5.31145681650242e-11, 1.3541485321943322e-11, 0.9971309900140515, -0.07569536811191682, 9.409644417812668e-11, 3.674158546943674e-10, 0.07569536811191664, 0.9971309900140516, 7.700058646253893e-10, 0.0, 0.0, 0.0, 1.0], "right_foot_pose": [0.9999999999999999, -5.602818229910977e-11, -3.7516367790146856e-10, 6.16298050503514e-11, 1.8047358908305102e-11, 0.994938835216862, -0.10048240730254254, -0.13999999999341864, 3.788944312563713e-10, 0.10048240730254238, 0.9949388352168619, 7.036018712103242e-10, 0.0, 0.0, 0.0, 1.0]}, {"left_foot_pose": [1.0000000000000002, -6.260305880864757e-11, -4.558911581575831e-10, 6.603869584624004e-11, 2.0360748146857003e-11, 0.995751961934956, -0.09207622007167292, 1.294010575775273e-10, 4.5971851734936204e-10, 0.09207622007167275, 0.9957519619349559, 9.787760324453387e-10, 0.0, 0.0, 0.0, 1.0], "right_foot_pose": [1.0, -8.166070708859073e-11, -4.70324335033467e-10, 7.751688964610937e-11, 2.6071663965159034e-11, 0.9931318339557808, -0.11700068539811069, -0.13999999997667692, 4.766480699241133e-10, 0.11700068539811057, 0.9931318339557808, 8.863042591511494e-10, 0.0, 0.0, 0.0, 1.0]}, {"left_foot_pose": [1.0000000000000002, -9.132684106757856e-11, -5.566663241474129e-10, 8.062383149582139e-11, 2.94149824048957e-11, 0.9939072091721574, -0.11022005060611366, 1.7259761848908983e-10, 5.633405319787683e-10, 0.11022005060611346, 0.9939072091721574, 1.223288033369574e-09, 0.0, 0.0, 0.0, 1.0], "right_foot_pose": [0.9999999999999999, -1.1569186829474916e-10, -5.772493594236032e-10, 9.567639352747214e-11, 3.651285581657238e-11, 0.9908015839264666, -0.13532265622875336, -0.13999999995177137, 5.875951730919594e-10, 0.13532265622875322, 0.9908015839264663, 1.0953373624777996e-09, 0.0, 0.0, 0.0, 1.0]}, {"left_foot_pose": [1.0000000000000002, -1.253032747351845e-10, -6.491891468840527e-10, 9.423980733240959e-11, 3.986498012685374e-11, 0.9915177849841719, -0.12997108163003943, 2.171341995094167e-10, 6.599681576121949e-10, 0.1299710816300392, 0.9915177849841718, 1.468766802625865e-09, 0.0, 0.0, 0.0, 1.0], "right_foot_pose": [1.0, -1.5531345436819093e-10, -6.769753091440114e-10, 1.1304216254621745e-10, 4.8296528571978724e-11, 0.9878677210579627, -0.1552976680177372, -0.13999999991983164, 6.928818208024613e-10, 0.15529766801773703, 0.9878677210579627, 1.2972776256003904e-09, 0.0, 0.0, 0.0, 1.0]}, {"left_foot_pose": [1.0000000000000007, -1.5222732493542607e-10, -6.821133657908234e-10, 9.884132169347518e-11, 4.770412806089528e-11, 0.9885815825506739, -0.150686610691217, 2.413939048651059e-10, 6.972633095120265e-10, 0.15068661069121675, 0.9885815825506739, 1.5996611674173877e-09, 0.0, 0.0, 0.0, 1.0], "right_foot_pose": [0.9999999999999999, -1.8574242509942685e-10, -7.155125381075312e-10, 1.2017286701992212e-10, 5.670290838705297e-11, 0.9843399792244627, -0.17628047339505482, -0.13999999989131065, 7.370500349893681e-10, 0.17628047339505468, 0.9843399792244627, 1.389969112031153e-09, 0.0, 0.0, 0.0, 1.0]}, {"left_foot_pose": [0.9999999999841676, -5.540517280706421e-06, 9.84136011628163e-07, 5.114482531005104e-06, 5.627189967894307e-06, 0.9853331590369268, -0.17064162936003116, -2.0176862891827657e-05, -2.425894919858045e-08, 0.17064162936286714, 0.985333159052504, 0.00016386124964471588, 0.0, 0.0, 0.0, 1.0], "right_foot_pose": [0.9999999999999998, -1.7000384705900567e-10, -5.898420085692626e-10, 9.76362918690399e-11, 5.080007613107744e-11, 0.980508497758339, -0.19647668010144523, -0.13999999996131782, 6.117465822670795e-10, 0.1964766801014451, 0.9805084977583389, 1.1207624064923927e-09, 0.0, 0.0, 0.0, 1.0]}, {"left_foot_pose": [0.999999987376984, -0.00015600555427381879, 3.0138018087935933e-05, 0.00014443876049049012, 0.00015888994271576426, 0.9820112920372092, -0.18882213076172624, -0.0005698109828899539, -1.3857291364449777e-07, 0.18882213316684912, 0.982011304428978, 0.0041912092513762406, 0.0, 0.0, 0.0, 1.0], "right_foot_pose": [1.0, -1.2089247467797476e-10, -3.873804610421409e-10, 9.157285453816376e-11, 3.53300790947158e-11, 0.9769064299781637, -0.213667562038133, -0.14000000016120223, 4.0426516808073913e-10, 0.21366756203813286, 0.9769064299781635, 6.511031713785087e-10, 0.0, 0.0, 0.0, 1.0]}, {"left_foot_pose": [0.9999998785792293, -0.0004824068217675684, 0.00010062398114625097, 0.0004479771381626514, 0.0004927894746562137, 0.9790327780685373, -0.20370217629160736, -0.0017672680145537842, -2.468563499909762e-07, 0.20370220114437065, 0.9790328969186268, 0.01146980265145095, 0.0, 0.0, 0.0, 1.0], "right_foot_pose": [0.9999999999999998, -6.382435850345734e-11, -1.93427995842654e-10, 8.880847759136629e-11, 1.8317238240522117e-11, 0.9739697855287881, -0.2266778702851399, -0.140000000182662, 2.0286040643479958e-10, 0.22667787028513972, 0.9739697855287879, 3.060167952373405e-10, 0.0, 0.0, 0.0, 1.0]}, {"left_foot_pose": [0.9999995309544203, -0.0009464483452161639, 0.00020573397904901224, 0.0008804805292111961, 0.000968550891136414, 0.9772524609119386, -0.21207708398299935, -0.00347349363370842, -3.340321252834959e-07, 0.212077183773009, 0.9772529192193795, 0.01912092688555702, 0.0, 0.0, 0.0, 1.0], "right_foot_pose": [1.0, -1.939623280075086e-11, -5.6790405711382054e-11, 6.475672830784716e-11, 5.5093498900416325e-12, 0.9720032238328065, -0.23496751447515293, -0.1400000000936309, 5.975779360756673e-11, 0.23496751447515277, 0.9720032238328066, 8.816788965582134e-11, 0.0, 0.0, 0.0, 1.0]}, {"left_foot_pose": [0.9999988027782718, -0.0015130100181767426, 0.0003244113269682275, 0.0014067018681474413, 0.0015473984227584758, 0.9778270668604091, -0.2094082922744258, -0.0055494385425499775, -3.8133220527405777e-07, 0.20940854355984367, 0.9778282374139136, 0.024265877989281925, 0.0, 0.0, 0.0, 1.0], "right_foot_pose": [1.0000000000000002, -8.156213741472887e-14, 8.587575095475631e-14, 2.2702847652573314e-11, 9.977774271053941e-14, 0.9712064783222671, -0.23823932602502826, -0.1400000000015716, -6.42651504071834e-14, 0.23823932602502806, 0.9712064783222674, -3.164829509572087e-13, 0.0, 0.0, 0.0, 1.0]}, {"left_foot_pose": [0.999997600726683, -0.0021494237760872064, 0.00042251427069654577, 0.0019913950140855764, 0.0021905571750336287, 0.9812530905162797, -0.19271111491430262, -0.00785605311189233, -3.7558159534167403e-07, 0.1927115780893337, 0.9812554446575972, 0.02500000134901937, 0.0, 0.0, 0.0, 1.0], "right_foot_pose": [1.0, -1.1218264817701377e-11, -3.186712005387442e-11, 7.2543514757285706e-12, 3.3691127950229184e-12, 0.9716704670654999, -0.23633980501116156, -0.13999999999092905, 3.361555240752024e-11, 0.23633980501116134, 0.9716704670654998, 6.446512074154143e-11, 0.0, 0.0, 0.0, 1.0]}, {"left_foot_pose": [0.9999959123183315, -0.0028183406128844063, 0.0004819780274599695, 0.002599310378896226, 0.0028592562879100505, 0.9857055416486872, -0.16845298993057164, -0.010254278858921582, -3.3050973728289906e-07, 0.16845367944707798, 0.9857095707563324, 0.025000002115029, 0.0, 0.0, 0.0, 1.0], "right_foot_pose": [0.9999999999999999, -4.721789702133322e-11, -1.399677040936351e-10, 3.075009864092174e-11, 1.3811839852980153e-11, 0.973272320926932, -0.22965406444803754, -0.1399999999661993, 1.4707023063744557e-10, 0.22965406444803738, 0.9732723209269318, 2.6908061195873856e-10, 0.0, 0.0, 0.0, 1.0]}, {"left_foot_pose": [0.99999382333611, -0.0034808692949895555, 0.00048666064284975426, 0.0031952001584576533, 0.003514724678261522, 0.990371565221512, -0.13839006290600891, -0.012605064070713826, -2.5714188989720753e-07, 0.13839091859527575, 0.9903776823264401, 0.024910271517349453, 0.0, 0.0, 0.0, 1.0], "right_foot_pose": [1.0, -1.054891164429504e-10, -3.2954333706314225e-10, 5.7967021598773454e-11, 3.104423942912996e-11, 0.9759061270645693, -0.218190813642172, -0.13999999996661672, 3.4461986944902196e-10, 0.2181908136421719, 0.9759061270645693, 6.163145549464843e-10, 0.0, 0.0, 0.0, 1.0]}, {"left_foot_pose": [0.9999915202152923, -0.0040972802793591044, 0.00041447777015298615, 0.0037438174448523303, 0.004118191044934222, 0.9949179196867488, -0.10060503759111826, -0.014769360467461447, -1.643243109856163e-07, 0.10060589138070015, 0.9949263563799428, 0.021163834565550127, 0.0, 0.0, 0.0, 1.0], "right_foot_pose": [1.0, -1.8366124566414838e-10, -6.205717606455597e-10, 6.019106894986677e-11, 5.484490020988637e-11, 0.9794872377996292, -0.20150620582913262, -0.14000000018953845, 6.44850874537358e-10, 0.20150620582913248, 0.9794872377996292, 1.1187192006101299e-09, 0.0, 0.0, 0.0, 1.0]}, {"left_foot_pose": [0.9999892773945598, -0.004622675349777247, 0.00027562387108274013, 0.004209911443370672, 0.004630885002012142, 0.9982174784287826, -0.05950143412878343, -0.016608103070411856, -7.675276360528266e-08, 0.05950207250083269, 0.9982281820145635, 0.013996813405261974, 0.0, 0.0, 0.0, 1.0], "right_foot_pose": [0.9999999999999998, -2.566523199025273e-10, -9.709497650334228e-10, 1.0281368128176034e-10, 7.812458885598141e-11, 0.9837447417306742, -0.1795725010051639, -0.14000000035864568, 1.0012542267337314e-09, 0.1795725010051637, 0.9837447417306739, 1.767958092424582e-09, 0.0, 0.0, 0.0, 1.0]}, {"left_foot_pose": [0.9999874296480806, -0.005013051392058537, 9.930541993084644e-05, 0.004558233906038318, 0.005014034884762312, 0.9997913450398592, -0.019802167496618284, -0.017982237049387798, -1.541602792285241e-08, 0.019802416497243673, 0.9998039129253649, 0.006287911721199919, 0.0, 0.0, 0.0, 1.0], "right_foot_pose": [1.0000000000000002, -3.031271668601011e-10, -1.3450119351610094e-09, 1.7027418089833555e-10, 9.415292022968147e-11, 0.9882685785923305, -0.15272595250020513, -0.14000000036777874, 1.3755281232186452e-09, 0.15272595250020496, 0.9882685785923305, 2.484808553360196e-09, 0.0, 0.0, 0.0, 1.0]}, {"left_foot_pose": [0.9999863293773328, -0.005228111946937565, -8.890399183731875e-05, 0.004753538053454134, 0.005228867798043609, 0.9998418034387815, 0.017000795211884495, -0.01875271071135711, 7.866976511329007e-09, -0.017001027667648314, 0.9998554720849633, 0.0009158374715578232, 0.0, 0.0, 0.0, 1.0], "right_foot_pose": [0.9999999999999997, -2.9848562010536565e-10, -1.659420378885555e-09, 2.601860869431732e-10, 9.435274001803622e-11, 0.9925696157882423, -0.12167809093662277, -0.14000000013885933, 1.6834091415591657e-09, 0.12167809093662264, 0.9925696157882422, 3.117792475582082e-09, 0.0, 0.0, 0.0, 1.0]}, {"left_foot_pose": [0.9999861595727215, -0.0052542871670282695, -0.0002704244206622288, 0.004782969331156559, 0.005261241583589226, 0.9986643749507751, 0.05139830290172775, -0.018868812561640982, 1.7916880617017925e-09, -0.05139901429546153, 0.9986781970832527, 3.3828255543988384e-09, 0.0, 0.0, 0.0, 1.0], "right_foot_pose": [0.9999999999999999, -2.343096439841651e-10, -1.791456483157815e-09, 3.1121745862704127e-10, 7.550653645190138e-11, 0.9961084734959429, -0.08813574206632908, -0.13999999994814738, 1.805135764916366e-09, 0.08813574206632895, 0.996108473495943, 3.4124705144966683e-09, 0.0, 0.0, 0.0, 1.0]}, {"left_foot_pose": [0.9999861595728542, -0.005241976572018037, -0.00044982702654945353, 0.0047829692839106005, 0.005261241558358665, 0.9963245574297257, 0.08549675783166805, -0.01886881267535537, 1.7116092215979983e-09, -0.08549794116866631, 0.996338347177263, 3.219191760384099e-09, 0.0, 0.0, 0.0, 1.0], "right_foot_pose": [1.0, -1.35943197573811e-10, -1.6960040039037943e-09, 2.522154014816879e-10, 4.408286751010547e-11, 0.9985384634204544, -0.05404569427732564, -0.14000000005680044, 1.7008722115959433e-09, 0.054045694277325494, 0.9985384634204544, 3.267364455383781e-09, 0.0, 0.0, 0.0, 1.0]}, {"left_foot_pose": [0.9999861595728863, -0.00522497615394256, -0.0006166740323588323, 0.004782969197430054, 0.005261241552281682, 0.9930933504334236, 0.11720885914574211, -0.018868812700085322, 1.3868527938339565e-09, -0.11721048139611331, 0.9931070954589403, 2.6040427106299724e-09, 0.0, 0.0, 0.0, 1.0], "right_foot_pose": [0.9999999999608321, -8.848386477706446e-06, 2.0447198756383935e-07, 5.054005896453669e-06, 8.850744003602336e-06, 0.9997563085581092, -0.022075403052433468, -0.14000023694804875, -9.090461937797613e-09, 0.022075403053378396, 0.9997563085972656, 3.740184754561643e-05, 0.0, 0.0, 0.0, 1.0]}, {"left_foot_pose": [0.9999861595728402, -0.005205947779444709, -0.0007607696635635987, 0.00478296910670691, 0.005261241561010687, 0.9894766877474733, 0.14459669339762582, -0.018868812386021262, 1.0119329803123776e-09, -0.1445986947105957, 0.9894903827162712, 1.816226016804201e-09, 0.0, 0.0, 0.0, 1.0], "right_foot_pose": [0.9999995855442882, -0.0009104304020844114, -5.266359141104429e-06, 0.0005198597618023182, 0.0009104456330612026, 0.9999830371396662, 0.005752957646108983, -0.14002443431990289, 2.8602265497886147e-08, -0.005752960056496663, 0.9999834515883688, 0.003492990446333784, 0.0, 0.0, 0.0, 1.0]}, {"left_foot_pose": [0.9999861595727505, -0.005187336027591262, -0.0008787535943938888, 0.004782969040550334, 0.005261241578069674, 0.9859392055651481, 0.1670215622805115, -0.018868812329160975, 6.53341821516145e-10, -0.16702387396567736, 0.9859528515732882, 1.142412789367775e-09, 0.0, 0.0, 0.0, 1.0], "right_foot_pose": [0.9999951892348017, -0.003100423496869023, -9.424114307019814e-05, 0.0017711395190688495, 0.003101855443482113, 0.9995359568891893, 0.030302629892805168, -0.14008325842821984, 2.46425380128422e-07, -0.030302776436370655, 0.9995407654218944, 0.010538497777895152, 0.0, 0.0, 0.0, 1.0]}, {"left_foot_pose": [0.9999861595726502, -0.00517119217049416, -0.000969244385503399, 0.004782968983157912, 0.005261241597095945, 0.9828707860051884, 0.18422089282814985, -0.018868812441825648, 3.523761193824549e-10, -0.1842234425611452, 0.982884389544834, 6.195111090789851e-10, 0.0, 0.0, 0.0, 1.0], "right_foot_pose": [0.9999800726946403, -0.006304542149885829, -0.00032705030517322833, 0.003604704419343774, 0.00631301935011904, 0.998641824970463, 0.0517170301385159, -0.14016946034999286, 5.539172398308166e-07, -0.051718064232369194, 0.9986617254264578, 0.018295208238619007, 0.0, 0.0, 0.0, 1.0]}, {"left_foot_pose": [0.9999861595725644, -0.0051591351506995575, -0.0010314978483575554, 0.004782968933387859, 0.0052612416133791615, 0.9805791389800286, 0.19605323647895412, -0.018868812609005754, 1.282748190961083e-10, -0.1960559499777651, 0.9805927108021542, 2.681874236576398e-10, 0.0, 0.0, 0.0, 1.0], "right_foot_pose": [0.9999472228130621, -0.01024974963480584, -0.0007030084410547351, 0.00586636908509326, 0.010273830235787986, 0.9976091549222595, 0.06834048893285453, -0.14027579038597907, 8.547553016800378e-07, -0.06834410470347257, 0.9976618081051063, 0.023884417051584256, 0.0, 0.0, 0.0, 1.0]}, {"left_foot_pose": [0.9999861595725147, -0.005152324048519338, -0.0010649977998659198, 0.004782968932976789, 0.0052612416229130534, 0.9792845696361655, 0.20242048070562527, -0.018868812667405047, 1.452369547360085e-12, -0.20242328233039342, 0.9792981235408302, 1.0104333342253469e-10, 0.0, 0.0, 0.0, 1.0], "right_foot_pose": [0.999891741216151, -0.01466983175411727, -0.0011410013319506673, 0.008401947845665527, 0.014714137645055914, 0.9968864690463529, 0.077465230817814, -0.14039499580507933, 1.046886094085641e-06, -0.07747363337678678, 0.9969944012532385, 0.025000000678290592, 0.0, 0.0, 0.0, 1.0]}, {"left_foot_pose": [0.9999861595725065, -0.0051509048636346625, -0.0010718407142733654, 0.0047829690058205, 0.005261241624463973, 0.9790148286080377, 0.2037210953783247, -0.018868812649946484, -2.7830108789966885e-11, -0.20372391500425596, 0.9790283787793591, 6.342106007029003e-11, 0.0, 0.0, 0.0, 1.0], "right_foot_pose": [0.9998125043277085, -0.019301435003130644, -0.0015526740726048648, 0.011057247546438564, 0.019363785496274016, 0.9965977063606483, 0.08011276732175232, -0.1405198279430272, 1.100048101688195e-06, -0.08012781217227188, 0.9967845974508611, 0.02500000059166839, 0.0, 0.0, 0.0, 1.0]}, {"left_foot_pose": [0.9999861595725378, -0.005154839031044609, -0.001052757299824748, 0.004782969091889798, 0.00526124161850773, 0.9797625856728768, 0.2000939655567631, -0.018868812643748404, 3.063343926233439e-11, -0.20009673498126718, 0.9797761461935259, 1.8950725017008452e-10, 0.0, 0.0, 0.0, 1.0], "right_foot_pose": [0.9997130937565522, -0.0238817129472522, -0.0018422699063801854, 0.013678081869732552, 0.02395266521039087, 0.9967550011996743, 0.07684879577947697, -0.14064303977619136, 1.0108615965400461e-06, -0.07687087465446127, 0.9970410566415185, 0.02499255059011809, 0.0, 0.0, 0.0, 1.0]}, {"left_foot_pose": [0.9999861595726132, -0.005164148887111776, -0.0010060961626108375, 0.0047829690899499535, 0.0052612416040969615, 0.9815320866545122, 0.19122521330730302, -0.018868812496945143, 1.9337351603228048e-10, -0.19122785998361227, 0.9815456716659132, 5.143913489602525e-10, 0.0, 0.0, 0.0, 1.0], "right_foot_pose": [0.999601996983287, -0.02814926532277026, -0.001861850910432071, 0.016110265436391723, 0.02821077146093003, 0.997424445537005, 0.06594412649188185, -0.1407573793355638, 7.768989120909304e-07, -0.06597040478113225, 0.9978215800895519, 0.021837793160821628, 0.0, 0.0, 0.0, 1.0]}, {"left_foot_pose": [0.999986159572713, -0.00517811772828701, -0.0009315362631330376, 0.004782969113037392, 0.0052612415851712065, 0.9841871076394886, 0.17705382371810147, -0.01886881235472831, 4.370179845708886e-10, -0.17705627425485418, 0.9842007293977132, 9.864067201936777e-10, 0.0, 0.0, 0.0, 1.0], "right_foot_pose": [0.9994920785293328, -0.031831034868152176, -0.0015395377021492557, 0.018199603078002946, 0.03186824370589525, 0.998325791555083, 0.048270373512313086, -0.14085560138842124, 4.642527578040396e-07, -0.04829491831589573, 0.9988331196274208, 0.014923780027097287, 0.0, 0.0, 0.0, 1.0]}, {"left_foot_pose": [0.9999861595728053, -0.005195198294023354, -0.0008310099388302963, 0.00478296913311819, 0.005261241567601751, 0.9874335626775118, 0.1579470754245374, -0.018868812335397767, 7.277277985291948e-10, -0.1579492615135727, 0.9874472293683945, 1.5528652044793922e-09, 0.0, 0.0, 0.0, 1.0], "right_foot_pose": [0.9993993225583871, -0.034643106339911876, -0.000921549216488117, 0.019791908604331093, 0.03465536134287838, 0.9990460458615521, 0.026570739142756518, -0.14093045966579906, 1.771591465838113e-07, -0.026586715320239276, 0.9996465108069199, 0.007129215047897992, 0.0, 0.0, 0.0, 1.0]}, {"left_foot_pose": [0.999986159572851, -0.005213334270934439, -0.0007083844444750298, 0.00478296918350349, 0.005261241558955068, 0.9908806106538752, 0.13464001918992125, -0.018868812518757154, 9.846368034505736e-10, -0.13464188269622338, 0.9908943250538969, 2.1128955390858906e-09, 0.0, 0.0, 0.0, 1.0], "right_foot_pose": [0.9993408475113671, -0.03630239007767536, -8.348599245538689e-05, 0.0207329965070071, 0.03630248607550991, 0.9993382053255285, 0.0022980168600961657, -0.14097470562044231, 7.2374097038463274e-09, -0.0022995328656426834, 0.9999973560708049, 0.0013328055811197628, 0.0, 0.0, 0.0, 1.0]}, {"left_foot_pose": [0.9999861595727695, -0.005229956964108284, -0.0005728988199301229, 0.004782968868462956, 0.005261241574410363, 0.994040023037141, 0.10888871354468657, -0.018868812908141082, 1.0704452546450742e-09, -0.10889022063745998, 0.9940537811655498, 2.4732324799270344e-09, 0.0, 0.0, 0.0, 1.0], "right_foot_pose": [0.9993287451008187, -0.03662362214446308, 0.0008772207488325619, 0.02092248737253132, 0.036634126374496666, 0.9990422033984258, -0.023929408968803988, -0.14098361772189874, 1.0824332184746953e-09, 0.023945482451570074, 0.9997132658268377, 2.2737466354172398e-09, 0.0, 0.0, 0.0, 1.0]}, {"left_foot_pose": [0.9999861595726747, -0.005243088642191454, -0.00043667446017371333, 0.004782968436677582, 0.005261241592442579, 0.9965359044955261, 0.08299705047886098, -0.018868813038705277, 8.85437893023652e-10, -0.08299819921404795, 0.9965496971687996, 2.4020626460119487e-09, 0.0, 0.0, 0.0, 1.0], "right_foot_pose": [0.9993287451004367, -0.03658759809572899, 0.0018457739763331166, 0.02092248694775476, 0.03663412638492018, 0.9980595159087559, -0.05035020842055692, -0.14098361775916265, 9.084313949610567e-10, 0.05038402891358743, 0.998729918261406, 2.0460914212927506e-09, 0.0, 0.0, 0.0, 1.0]}, {"left_foot_pose": [0.9999861595726012, -0.0052518653284721745, -0.00031396466814121956, 0.004782969036058211, 0.005261241606432079, 0.9982040502224419, 0.059674060162455626, -0.01886881269666775, 6.757886061037613e-10, -0.05967488609193345, 0.9982178659841328, 1.7354877812625347e-09, 0.0, 0.0, 0.0, 1.0], "right_foot_pose": [0.999328745100323, -0.036533511111185336, 0.002713260419276601, 0.02092248757409333, 0.03663412638802678, 0.9965840968709051, -0.07401404358490861, -0.14098361752593652, 6.991724684830112e-10, 0.07406375922063059, 0.9972535081763857, 1.61610475002405e-09, 0.0, 0.0, 0.0, 1.0]}, {"left_foot_pose": [0.9999718230948716, -0.007502946273826565, -0.00024251501280239172, 0.005762193900364168, 0.007506864601549647, 0.9994516606451016, 0.03224941887234049, -0.017404688289204467, 4.1637511517505735e-07, -0.0322503307108896, 0.9994798227922694, 0.002844460190244126, 0.0, 0.0, 0.0, 1.0], "right_foot_pose": [0.999328745100434, -0.03647429117420156, 0.003418376709935322, 0.020922487921669855, 0.036634126384990695, 0.9949686586372125, -0.09324864135029079, -0.14098361764499942, 4.0640796139115205e-10, 0.09331127698732967, 0.9956369848428662, 1.180375353015961e-09, 0.0, 0.0, 0.0, 1.0]}, {"left_foot_pose": [0.9999047051980554, -0.01380461468284534, 0.00011461347419904247, 0.008508696370421178, 0.013805090465137686, 0.999870363791548, -0.00828704341776144, -0.013298129242002, -1.9917490060073987e-07, 0.008287835954979903, 0.9999656552977929, 0.00961704256752613, 0.0, 0.0, 0.0, 1.0], "right_foot_pose": [0.999328745100718, -0.03642109784884295, 0.003944977428142967, 0.020922488014300043, 0.0366341263772395, 0.9935176185437915, -0.10761357919728205, -0.14098361755209088, 1.1819065655045215e-10, 0.10768586385667443, 0.9941849700762134, 7.913701846606891e-10, 0.0, 0.0, 0.0, 1.0]}, {"left_foot_pose": [0.9997278855213867, -0.023283557504963297, 0.0014250827523734084, 0.012661492501127924, 0.02332712813701755, 0.9978656939741206, -0.060990998372110194, -0.007088876191832537, -1.953771785524396e-06, 0.06100764492635832, 0.998137298800482, 0.017439499610189375, 0.0, 0.0, 0.0, 1.0], "right_foot_pose": [0.9993287451009334, -0.03638492711255209, 0.004265711430426294, 0.020922487861317767, 0.03663412637136857, 0.9925309312517026, -0.11636275733083606, -0.14098361735102724, -9.439409372799664e-11, 0.11644091887151474, 0.9931976200194789, 5.095992031134422e-10, 0.0, 0.0, 0.0, 1.0]}, {"left_foot_pose": [0.999378784757871, -0.0349828155850293, 0.004271672930609639, 0.01785945968530933, 0.03524265249464602, 0.9920263209169242, -0.12100303323956149, 0.0006831097160238508, -4.585184464456543e-06, 0.12107840939563322, 0.9926429462587245, 0.023433126122177038, 0.0, 0.0, 0.0, 1.0], "right_foot_pose": [0.9993287451008654, -0.03637356229967117, 0.004361557148749064, 0.02092248750976967, 0.03663412637323114, 0.9922209149772155, -0.11897729475260271, -0.140983617194481, -1.819272702381655e-10, 0.11905721249638543, 0.9928873955049439, 4.1397762995387666e-10, 0.0, 0.0, 0.0, 1.0]}, {"left_foot_pose": [0.9988124675944828, -0.047941908050169985, 0.008673409383299293, 0.02374146722035746, 0.04872016547390066, 0.9828842398829012, -0.1776651807924343, 0.009477855705298719, -7.349627629825839e-06, 0.1778767675732881, 0.9840527706905066, 0.025000016870065755, 0.0, 0.0, 0.0, 1.0], "right_foot_pose": [0.9993287451003985, -0.036390542712735514, 0.004217536856399614, 0.020922487122431138, 0.03663412638596042, 0.9926841167804823, -0.11504862048582548, -0.14098361719615723, -1.1145362745959608e-10, 0.11512589931386664, 0.9933509084443289, 6.02221425505256e-10, 0.0, 0.0, 0.0, 1.0]}, {"left_foot_pose": [0.9980180755423391, -0.06129573111926302, 0.01423917965762133, 0.029946359934280343, 0.06292790159437371, 0.9721667405566448, -0.22568098669670716, 0.018755383991672356, -9.575796659072414e-06, 0.22612974572582298, 0.9740971912526389, 0.02500001575443893, 0.0, 0.0, 0.0, 1.0], "right_foot_pose": [0.9993287450995874, -0.03643377318921065, 0.003826145433818453, 0.020922486915547857, 0.03663412640808539, 0.9938633835834265, -0.10437200560696018, -0.1409836171720846, 1.3264972440066188e-10, 0.10444211288220874, 0.9945309673693927, 1.0920723769736185e-09, 0.0, 0.0, 0.0, 1.0]}, {"left_foot_pose": [0.9970283575932871, -0.0743051553955455, 0.020327273217956663, 0.03611301375068878, 0.07703540769240232, 0.9617291045090172, -0.2629499486631446, 0.02797573914609979, -1.0793472350086199e-05, 0.26373447522447396, 0.9645953174578308, 0.025000012332091016, 0.0, 0.0, 0.0, 1.0], "right_foot_pose": [0.9993287450986268, -0.03649660259368116, 0.003171311829999209, 0.020922486729066436, 0.036634126434298815, 0.9955772818965909, -0.08650905473875077, -0.1409836171571868, 5.797980844166475e-10, 0.08656716335028682, 0.996246016920261, 1.957561640564265e-09, 0.0, 0.0, 0.0, 1.0]}, {"left_foot_pose": [0.9959222988959799, -0.08670338157848835, 0.024925853738687796, 0.04188030151223105, 0.09021515647224673, 0.9571856539076458, -0.275057902078965, 0.036598955642997685, -1.0219369941404751e-05, 0.2761849879632279, 0.9611044960457302, 0.022459731655233357, 0.0, 0.0, 0.0, 1.0], "right_foot_pose": [0.9993287450983255, -0.03658063332188117, 0.0019790113633248556, 0.020922486512820748, 0.03663412644251388, 0.9978695239772072, -0.05398475615667591, -0.14098361768085005, 1.4428719790573956e-09, 0.05402101797700511, 0.9985397987144669, 3.6289543661749413e-09, 0.0, 0.0, 0.0, 1.0]}, {"left_foot_pose": [0.9948208317957882, -0.09784689379659302, 0.027522681546236747, 0.04688707519436789, 0.10164404830852138, 0.9576789966816087, -0.2692943125250942, 0.04408506209197333, -8.282051518164443e-06, 0.27069710875675457, 0.9626645704720529, 0.015838566213014382, 0.0, 0.0, 0.0, 1.0], "right_foot_pose": [0.9993287450992343, -0.03662793467886224, 0.0006735128433282285, 0.020922486366779663, 0.03663412641771503, 0.9991598417593791, -0.01837257186631668, -0.14098361820367386, 2.376239224594961e-09, 0.018384912742058043, 0.9998309832083956, 5.7768667557911435e-09, 0.0, 0.0, 0.0, 1.0]}, {"left_foot_pose": [0.9938757593643486, -0.10708430857644215, 0.02727500329321606, 0.05077221109255, 0.11050328012863918, 0.9631372173632802, -0.2452666418625465, 0.04989410325842452, -5.362014685849064e-06, 0.2467785472573017, 0.9690719006269994, 0.00799817718271658, 0.0, 0.0, 0.0, 1.0], "right_foot_pose": [0.9993287451025314, -0.036622010636483036, -0.0009420980524733736, 0.020922486405555725, 0.036634126327771764, 0.9989982481137949, 0.025699047721064794, -0.1409836186738626, 3.5049837098771813e-09, -0.02571631004848937, 0.9996692810112202, 8.605033935404904e-09, 0.0, 0.0, 0.0, 1.0]}, {"left_foot_pose": [0.9932519084386222, -0.1134309792366528, 0.024167319513137966, 0.053174579980306454, 0.11597692174871871, 0.971451802242347, -0.20695591207256842, 0.05348611797645292, -2.1743311985619636e-06, 0.20836220595278543, 0.9780517323361593, 0.0018172758835911518, 0.0, 0.0, 0.0, 1.0], "right_foot_pose": [0.9993287451089012, -0.03652359815763916, -0.0028435851820169675, 0.020922486658896768, 0.036634126154012035, 0.9963137028104009, 0.07756897829132614, -0.14098361894500142, 4.689340852677633e-09, -0.07762108199353844, 0.9969829324668261, 1.1934571518545933e-08, 0.0, 0.0, 0.0, 1.0]}, {"left_foot_pose": [0.9930881186409045, -0.11591360232897106, 0.018439777910561575, 0.053786789282566194, 0.1173711575058785, 0.9807556042452802, -0.15602069134318952, 0.05440149197486636, 4.844623884236273e-09, 0.157106592912575, 0.9875816515424959, 1.5303936298782794e-08, 0.0, 0.0, 0.0, 1.0], "right_foot_pose": [0.9993287451206964, -0.03629905654080307, -0.004943447151688534, 0.020922488699259813, 0.03663412583226098, 0.9901885331602113, 0.1348503230345952, -0.14098361930842385, 5.183506980447503e-09, -0.13494090296228287, 0.9908536484808057, 1.4375584451997714e-08, 0.0, 0.0, 0.0, 1.0]}, {"left_foot_pose": [0.9930881186386095, -0.11677861235081173, 0.011778977725036142, 0.05378679234748452, 0.11737115752529716, 0.9880745364958079, -0.09966304084146471, 0.054401490920291284, 3.6560688956413474e-09, 0.10035669397710502, 0.9949515234291503, 1.453019767699848e-08, 0.0, 0.0, 0.0, 1.0], "right_foot_pose": [0.9993287451305823, -0.035951168041205565, -0.007040786334530218, 0.020922492100435133, 0.03663412556258843, 0.9806986204821899, 0.19206289758460404, -0.14098361985843252, 3.939838621113553e-09, -0.19219190748000464, 0.9813573613619033, 1.5256080065917388e-08, 0.0, 0.0, 0.0, 1.0]}, {"left_foot_pose": [0.9930881186643526, -0.11725498707686484, 0.005220782824654144, 0.05378678798914582, 0.11737115730748336, 0.9921051900595991, -0.04417355871004215, 0.05440149161288838, 4.319171742849294e-09, 0.044481005636245574, 0.9990102302467121, 1.1315657723331984e-08, 0.0, 0.0, 0.0, 1.0], "right_foot_pose": [0.9993287451198377, -0.03551424237611456, -0.00898875773731518, 0.020922489064202562, 0.03663412585567638, 0.9687798887927224, 0.24520087253831477, -0.14098361817941826, 4.502980365379911e-09, -0.24536557553823862, 0.969430623789443, 1.6321836660004863e-08, 0.0, 0.0, 0.0, 1.0]}, {"left_foot_pose": [0.9930881186834378, -0.11736892233626232, -0.0007242923548268014, 0.053786786238272766, 0.11737115714599947, 0.9930692099264545, 0.006128275961241382, 0.05440149205113764, 3.291213240232559e-09, -0.006170929076920328, 0.9999809596358966, 8.235685418356287e-09, 0.0, 0.0, 0.0, 1.0], "right_foot_pose": [0.9992628962859302, -0.036753078059768005, -0.011084915849307202, 0.021900094980684775, 0.0383883327979518, 0.956721813082306, 0.2884609302444592, -0.1397990107859089, 3.353702745949384e-06, -0.2886738360600727, 0.9574274992724594, 0.0022502994422249276, 0.0, 0.0, 0.0, 1.0]}, {"left_foot_pose": [0.9930881186904207, -0.11723220151288503, -0.005709592311506755, 0.05378678559090587, 0.11737115708691538, 0.9919124037669823, 0.0483093649025384, 0.05440149198254658, 2.2330220030726493e-09, -0.04864559776228718, 0.9988161021020591, 5.59524612753215e-09, 0.0, 0.0, 0.0, 1.0], "right_foot_pose": [0.9990205556823689, -0.041960039961770876, -0.014045795473978648, 0.025166768296070435, 0.04424849457450077, 0.9474046591277131, 0.31696448159216817, -0.13584065963368464, 7.209759132911915e-06, -0.31727553783660706, 0.9483333976184278, 0.008710110773682826, 0.0, 0.0, 0.0, 1.0]}, {"left_foot_pose": [0.993088118691741, -0.11696755210752877, -0.00972523867429254, 0.05378678510847032, 0.11737115707574618, 0.989673181038997, 0.08228612409667804, 0.0544014916137794, 1.3871455698205448e-09, -0.08285883468964474, 0.9965612944088665, 3.510810073215076e-09, 0.0, 0.0, 0.0, 1.0], "right_foot_pose": [0.9985718579742147, -0.0504233975466425, -0.017655748122863694, 0.03028408047145179, 0.053425128493399754, 0.942530415447167, 0.3298214238075726, -0.12963981813035835, 1.0362841224285897e-05, -0.3302936525833401, 0.9438782246432892, 0.01655846768087412, 0.0, 0.0, 0.0, 1.0]}, {"left_foot_pose": [0.993088118690175, -0.11666959542951487, -0.012813821394216503, 0.05378678475902873, 0.1173711570889954, 0.9871521418735952, 0.10841891107166116, 0.054401491123061446, 7.432471498685655e-10, -0.10917350547036439, 0.9940227088468921, 2.0300817346607936e-09, 0.0, 0.0, 0.0, 1.0], "right_foot_pose": [0.9978796406643082, -0.06157116408426864, -0.021100106657994902, 0.03679072933358404, 0.06508627044000612, 0.944047812981719, 0.323322600825621, -0.12175546144426702, 1.2160636574216746e-05, -0.32401036797877564, 0.9460535298250184, 0.022916663327940123, 0.0, 0.0, 0.0, 1.0]}, {"left_foot_pose": [0.993088118685922, -0.1164178031885285, -0.014929287511940512, 0.05378678479852976, 0.11737115712498204, 0.9850217040023291, 0.12631806727262765, 0.05440149067262555, 3.2965203369799607e-10, -0.1271972395341436, 0.9918774431626596, 1.1483911113718825e-09, 0.0, 0.0, 0.0, 1.0], "right_foot_pose": [0.9969220358808147, -0.07494049079384466, -0.023029919991813433, 0.04422542134346325, 0.07839932543794455, 0.9529849321257001, 0.29269995714425795, -0.11274655962367619, 1.2088296530625477e-05, -0.29360456737072915, 0.9559269626247185, 0.02500001325133002, 0.0, 0.0, 0.0, 1.0]}, {"left_foot_pose": [0.9930881186842984, -0.11624294546785263, -0.01623472072563726, 0.05378678482596657, 0.11737115713871814, 0.9835422164185597, 0.1373634594584256, 0.054401490691209954, 7.832784989995359e-11, -0.1383195074869269, 0.9903876583684667, 6.214490450018317e-10, 0.0, 0.0, 0.0, 1.0], "right_foot_pose": [0.9957096559401919, -0.08966081186680336, -0.02287400014974037, 0.05212684711490068, 0.09253259403076743, 0.9648353806528402, 0.2460292813516843, -0.10317210168790733, 1.0459532529703417e-05, -0.247090321655614, 0.9689924524137036, 0.025000016969078262, 0.0, 0.0, 0.0, 1.0]}, {"left_foot_pose": [0.9930881186836652, -0.11616858842930221, -0.016758508038697998, 0.05378678489347336, 0.11737115714407771, 0.9829130745371227, 0.14179527275139325, 0.05440149072340377, -2.0505747144178546e-11, -0.1427821661354287, 0.9897541376693892, 4.056676591868147e-10, 0.0, 0.0, 0.0, 1.0], "right_foot_pose": [0.994295884145359, -0.10466139211038812, -0.020535037694488365, 0.06003370197768209, 0.10665690183571067, 0.9757072445355317, 0.19136268772069365, -0.09359106785468428, 7.899750489089567e-06, -0.1924613362792532, 0.9813045571967954, 0.025000018300204332, 0.0, 0.0, 0.0, 1.0]}, {"left_foot_pose": [0.9930881186841058, -0.1162011538766139, -0.016531193732104765, 0.05378678480190062, 0.11737115714035098, 0.9831886138481364, 0.13987194526035773, 0.05440149080218493, 1.6502779577242322e-11, -0.14084545231254347, 0.9900315947296211, 5.06476194317429e-10, 0.0, 0.0, 0.0, 1.0], "right_foot_pose": [0.9927802620173234, -0.11890624875322517, -0.015768809601577376, 0.06748469210992096, 0.11994728560802508, 0.9841691800829091, 0.1304748008245307, -0.08456242649362514, 4.907293598591847e-06, -0.1314242328582148, 0.99132621825