{"LoopMode": "Wrap", "FrameDuration": 0.0167, "EnableCycleOffsetPosition": true, "EnableCycleOffsetRotation": false, "Debug_info": [{"left_foot_pose": [1.0000000000000007, 4.0754030486574193e-14, -4.522826557717964e-12, 1.2095429391389713e-12, 6.473252159878293e-15, 0.9999462403751044, 0.010369009581191574, -3.044405005869777e-13, 4.522611928196885e-12, -0.010369009581191744, 0.9999462403751046, 1.0553398432922023e-11, 0.0, 0.0, 0.0, 1.0], "right_foot_pose": [0.9999999999999996, -7.817843314761486e-14, -4.567235478702968e-12, 1.8302003468628697e-12, 1.3942700605365966e-14, 0.9999009157349972, -0.014076885746285192, -0.1400000000014954, 4.567821776104557e-12, 0.014076885746285041, 0.9999009157349973, 8.199843581913058e-12, 0.0, 0.0, 0.0, 1.0]}, {"left_foot_pose": [1.0000000000000004, 7.957234062165244e-14, -1.0149825424576878e-11, 2.017545455025538e-12, 3.820310778937992e-15, 0.9999665153139204, 0.008183413159283146, -4.431871536425547e-14, 1.0149965700458416e-11, -0.00818341315928332, 0.9999665153139208, 2.283185446261271e-11, 0.0, 0.0, 0.0, 1.0], "right_foot_pose": [0.9999999999999999, -2.219857917213491e-13, -1.0225709168310003e-11, 3.5401787870826507e-12, 5.571787310896898e-14, 0.9998677422729078, -0.016263393313764984, -0.1400000000027053, 1.022776084231112e-11, 0.01626339331376483, 0.9998677422729079, 1.9110761584339997e-11, 0.0, 0.0, 0.0, 1.0]}, {"left_foot_pose": [1.0000000000000004, 7.705846542869981e-14, -1.788841297312161e-11, 2.9048817267954006e-12, 1.5186088066682924e-14, 0.999986799392632, 0.00513819428213565, 5.346487141899559e-13, 1.788819509879354e-11, -0.005138194282135824, 0.9999867993926322, 3.956259625459424e-11, 0.0, 0.0, 0.0, 1.0], "right_foot_pose": [1.0, -4.848925870106459e-13, -1.8011425684250068e-11, 5.70278067689931e-12, 1.370616419577508e-13, 0.9998135332413566, -0.01931058640836267, -0.14000000000413698, 1.8017116362944608e-11, 0.01931058640836252, 0.9998135332413566, 3.4311484209403886e-11, 0.0, 0.0, 0.0, 1.0]}, {"left_foot_pose": [1.0000000000000004, -2.5164897468909018e-14, -2.7636781751994028e-11, 3.816707082984643e-12, 6.000241232758414e-14, 0.9999992205232026, 0.0012485803890868636, 1.4836656209160637e-12, 2.763660274271607e-11, -0.0012485803890870371, 0.9999992205232028, 6.059654861223507e-11, 0.0, 0.0, 0.0, 1.0], "right_foot_pose": [0.9999999999999999, -9.222656979595066e-13, -2.7833513271957593e-11, 8.246751480055537e-12, 2.762362139264387e-13, 0.999730752903188, -0.0232039156097592, -0.14000000000570567, 2.7847125859356378e-11, 0.023203915609759047, 0.9997307529031878, 5.360455829217514e-11, 0.0, 0.0, 0.0, 1.0]}, {"left_foot_pose": [1.0000000000000004, -2.996421192795725e-13, -3.950956228848668e-11, 4.7077748728924115e-12, 1.6254861375237826e-13, 0.9999939509472333, -0.0034782278451844684, 2.88993308450447e-12, 3.951026317677921e-11, 0.0034782278451842936, 0.9999939509472335, 8.626047098836409e-11, 0.0, 0.0, 0.0, 1.0], "right_foot_pose": [0.9999999999999999, -1.6117332403628106e-12, -3.98223676256748e-11, 1.1146702096070728e-11, 4.986482128205665e-13, 0.9996096846880991, -0.0279370413207771, -0.14000000000734458, 3.9851626652037104e-11, 0.027937041320776953, 0.9996096846880993, 7.72232208734458e-11, 0.0, 0.0, 0.0, 1.0]}, {"left_foot_pose": [1.0000000000000004, -8.421492059095159e-13, -5.386369128501655e-11, 5.5332270074927435e-12, 3.5484558320777846e-13, 0.9999590250900807, -0.009052521245272442, 4.893021751661841e-12, 5.386877774148504e-11, 0.009052521245272269, 0.9999590250900809, 1.1741844996304707e-10, 0.0, 0.0, 0.0, 1.0], "right_foot_pose": [0.9999999999999998, -2.6638058291201537e-12, -5.4354298839598395e-11, 1.4418373739057747e-11, 8.403502019842312e-13, 0.9994380024444105, -0.03352132559918316, -0.14000000000899335, 5.441286864178796e-11, 0.03352132559918303, 0.9994380024444104, 1.0589146226536172e-10, 0.0, 0.0, 0.0, 1.0]}, {"left_foot_pose": [1.0000000000000007, -1.787064383567918e-12, -7.13027414889211e-11, 6.235645469580582e-12, 6.81624608430842e-13, 0.9998797880806182, -0.015505140691364518, 7.702782856000567e-12, 7.132165918551507e-11, 0.015505140691364341, 0.9998797880806183, 1.5550553206233886e-10, 0.0, 0.0, 0.0, 1.0], "right_foot_pose": [0.9999999999999997, -4.238235225954859e-12, -7.206313323848687e-11, 1.810704019002796e-11, 1.3531858612257396e-12, 0.9992001223715403, -0.03998894163014208, -0.14000000001057758, 7.217483701735924e-11, 0.03998894163014194, 0.9992001223715403, 1.4084518967782955e-10, 0.0, 0.0, 0.0, 1.0]}, {"left_foot_pose": [1.0000000000000004, -3.32874867379998e-12, -9.267009382085685e-11, 6.7281815412545225e-12, 1.207192598209192e-12, 0.9997380395114562, -0.022887821080018817, 1.1619847445354381e-11, 9.272178135332182e-11, 0.022887821080018637, 0.9997380395114566, 2.0254571631017626e-10, 0.0, 0.0, 0.0, 1.0], "right_foot_pose": [1.0, -6.566187345784569e-12, -9.383294141684925e-11, 2.226871000113857e-11, 2.111826011126041e-12, 0.9988763066607428, -0.047393290577820685, -0.1400000000119806, 9.403847830055648e-11, 0.047393290577820546, 0.9988763066607426, 1.83830180244815e-10, 0.0, 0.0, 0.0, 1.0]}, {"left_foot_pose": [1.0000000000000007, -5.748657254161806e-12, -1.190260112693408e-10, 6.871734945334164e-12, 2.0240361483809993e-12, 0.9995109210737716, -0.03127169094023291, 1.7057440529488765e-11, 1.191474490682892e-10, 0.03127169094023273, 0.999510921073772, 2.611660193663212e-10, 0.0, 0.0, 0.0, 1.0], "right_foot_pose": [0.9999999999999998, -9.97850869332188e-12, -1.207859368079766e-10, 2.6945595794177313e-11, 3.2222548631565996e-12, 0.9984415419621374, -0.05580759163652739, -0.14000000001300758, 1.2115453939336228e-10, 0.05580759163652728, 0.9984415419621374, 2.370862048350908e-10, 0.0, 0.0, 0.0, 1.0]}, {"left_foot_pose": [1.0000000000000004, -9.443135016559108e-12, -1.5154638655090464e-10, 6.4413538734972984e-12, 3.2611702808556807e-12, 0.9991696581992233, -0.040743025587799284, 2.4546803825686858e-11, 1.5180514255334101e-10, 0.04074302558779911, 0.9991696581992235, 3.3447113134688067e-10, 0.0, 0.0, 0.0, 1.0], "right_foot_pose": [1.0, -1.4932293634538228e-11, -1.5418005760992052e-10, 3.212129920199401e-11, 4.829314311924928e-12, 0.9978643205287612, -0.0653207303669677, -0.1400000000133395, 1.5482603444314337e-10, 0.06532073036696756, 0.9978643205287612, 3.0319144417312316e-10, 0.0, 0.0, 0.0, 1.0]}, {"left_foot_pose": [1.0000000000000004, -1.4926179284502796e-11, -1.9113893801048197e-10, 5.069809436495633e-12, 5.083553818851248e-12, 0.9986784981183477, -0.051393164877076236, 3.466736273050053e-11, 1.9165342928060708e-10, 0.051393164877076056, 0.9986784981183477, 4.253759983141592e-10, 0.0, 0.0, 0.0, 1.0], "right_foot_pose": [1.0000000000000002, -2.2002876458344672e-11, -1.9503076931215433e-10, 3.762604897401422e-11, 7.1116246443142426e-12, 0.9971057410542424, -0.07602723957023656, -0.1400000000124874, 1.961388735410343e-10, 0.0760272395702364, 0.9971057410542424, 3.843976179029873e-10, 0.0, 0.0, 0.0, 1.0]}, {"left_foot_pose": [1.0000000000000004, -2.2730455926023464e-11, -2.374307417341011e-10, 2.1609729304278323e-12, 7.657028104314515e-12, 0.997994859974083, -0.06329501927728202, 4.7763092092534265e-11, 2.383932158957753e-10, 0.06329501927728186, 0.9979948599740831, 5.346237688663713e-10, 0.0, 0.0, 0.0, 1.0], "right_foot_pose": [1.0, -3.1748508615538444e-11, -2.4306895385350897e-10, 4.294728564385743e-11, 1.023443127435692e-11, 0.9961201446710889, -0.08800373503692434, -0.14000000000980442, 2.449196961307224e-10, 0.0880037350369242, 0.9961201446710889, 4.807760092817581e-10, 0.0, 0.0, 0.0, 1.0]}, {"left_foot_pose": [1.0000000000000004, -3.297736121688413e-11, -2.8616248259893894e-10, -3.2507644393083436e-12, 1.1004758616253197e-11, 0.9970735967024374, -0.07644764717678385, 6.306503930186835e-11, 2.8784578945820167e-10, 0.07644764717678366, 0.9970735967024377, 6.552969694650912e-10, 0.0, 0.0, 0.0, 1.0], "right_foot_pose": [1.0, -4.4171989024733934e-11, -2.940460652745e-10, 4.6841260088964076e-11, 1.4171982962800818e-11, 0.9948607073490545, -0.10125301463630129, -0.14000000000473864, 2.9700733082782973e-10, 0.10125301463630117, 0.9948607073490544, 5.852808723783021e-10, 0.0, 0.0, 0.0, 1.0]}, {"left_foot_pose": [1.0000000000000007, -4.402993828853514e-11, -3.22995019619298e-10, -1.2642716298377597e-11, 1.457036171375403e-11, 0.9958830521049022, -0.09064737464607556, 7.638206733773245e-11, 3.2565646382473265e-10, 0.09064737464607538, 0.9958830521049021, 7.589000886043529e-10, 0.0, 0.0, 0.0, 1.0], "right_foot_pose": [0.9999999999999998, -5.70846238855504e-11, -3.332433773373108e-10, 4.6578132872993316e-11, 1.8188034318450664e-11, 0.9932989195236617, -0.11557359764724093, -0.1399999999978234, 3.376074431678317e-10, 0.11557359764724079, 0.9932989195236616, 6.716310702037376e-10, 0.0, 0.0, 0.0, 1.0]}, {"left_foot_pose": [1.0000000000000002, -4.9294043036163224e-11, -3.1193719829403134e-10, -2.7457784433336256e-11, 1.6208597336902533e-11, 0.9944522645394455, -0.1051888470911708, 7.547400204810373e-11, 3.1539170908215104e-10, 0.10518884709117061, 0.9944522645394455, 7.671995538860443e-10, 0.0, 0.0, 0.0, 1.0], "right_foot_pose": [1.0000000000000002, -6.229607858368937e-11, -3.232098477745634e-10, 3.704646941169572e-11, 1.966526872359481e-11, 0.9914803416754785, -0.13025640894434531, -0.13999999999327006, 3.285704869086587e-10, 0.13025640894434515, 0.9914803416754786, 6.708195873783573e-10, 0.0, 0.0, 0.0, 1.0]}, {"left_foot_pose": [0.9999999962482791, -8.597830857726518e-05, 1.0543878432857633e-05, 4.277146885187453e-05, 8.662200902034063e-05, 0.9929325648015572, -0.11867988141732311, 5.779395734996709e-05, -2.65464789019766e-07, 0.11867988188540102, 0.9929325685239648, 0.00016386103486238507, 0.0, 0.0, 0.0, 1.0], "right_foot_pose": [0.9999999999999998, -4.500212317728668e-11, -2.121034459179325e-10, 6.495201672081668e-11, 1.411529214621339e-11, 0.9896607345900621, -0.14342813674680022, -0.14000000003471694, 2.1636481957423053e-10, 0.14342813674680005, 0.9896607345900622, 4.737421843703515e-10, 0.0, 0.0, 0.0, 1.0]}, {"left_foot_pose": [0.9999970082106814, -0.002421347538479244, 0.0003473410217164541, 0.0012079297318801092, 0.002446133096694495, 0.9899569597952995, -0.14134791892957574, 0.00163220949730249, -1.6002263015545029e-06, 0.14134834568875046, 0.9899599209909932, 0.00419120967928556, 0.0, 0.0, 0.0, 1.0], "right_foot_pose": [0.9999999999999998, -1.9503954607524215e-11, -7.327310980187452e-11, 2.2900902944305716e-10, 8.028436839539259e-12, 0.9881547632594708, -0.15346062637568983, -0.14000000008819732, 7.539812697207753e-11, 0.15346062637568972, 0.9881547632594707, 2.951391769867584e-10, 0.0, 0.0, 0.0, 1.0]}, {"left_foot_pose": [0.9999712211951756, -0.00746811698170748, 0.0013356684385308114, 0.0037464127286076605, 0.0075866178687135286, 0.9844278277015515, -0.17562544028733276, 0.005062336000636438, -3.2778464429609478e-06, 0.17563051920310668, 0.9844561547949732, 0.011469803505980841, 0.0, 0.0, 0.0, 1.0], "right_foot_pose": [1.0, 2.4541895348902644e-12, 4.794759034254524e-11, 2.652836334153082e-10, 5.214917612477513e-12, 0.9872313943372989, -0.159292730640268, -0.1399999999896999, -4.772649132901623e-11, 0.15929273064026783, 0.9872313943372988, 2.1309088521492825e-10, 0.0, 0.0, 0.0, 1.0]}, {"left_foot_pose": [0.9998888274256656, -0.014554406879121785, 0.003240683527470753, 0.007363445066632874, 0.014910826992563372, 0.9760646692768347, -0.21696872730396488, 0.009949856943357356, -5.265558244812523e-06, 0.2169929276034159, 0.9761731758977878, 0.01912092946320848, 0.0, 0.0, 0.0, 1.0], "right_foot_pose": [1.0, 4.737961398637003e-12, 9.101364106811613e-11, 1.4513189243814196e-10, 9.890517009158342e-12, 0.9871078736226782, -0.16005638329074834, -0.13999999983769565, -9.059885594644956e-11, 0.16005638329074812, 0.987107873622678, 2.420080039144956e-10, 0.0, 0.0, 0.0, 1.0]}, {"left_foot_pose": [0.999716239703279, -0.02301534977033461, 0.006142780191889833, 0.011764253695032726, 0.023820999581428318, 0.9659831779520893, -0.257505456044187, 0.015896450580211337, -7.2441925964914424e-06, 0.2575787133839521, 0.9662573189161314, 0.024265883474933414, 0.0, 0.0, 0.0, 1.0], "right_foot_pose": [0.9999999999999998, -2.286814756121176e-11, 1.3890999461807616e-11, -1.1655404357420046e-10, 2.47461112294279e-11, 0.9878967185019494, -0.1551130992955797, -0.13999999977091646, -1.0175959720553695e-11, 0.1551130992955795, 0.9878967185019493, 4.420978583219437e-10, 0.0, 0.0, 0.0, 1.0]}, {"left_foot_pose": [0.9994313559141291, -0.03228739528763201, 0.009720541198212227, 0.016654051115072697, 0.03371890775057955, 0.9570755508411273, -0.28787050081983306, 0.022503784982267693, -8.703670134066688e-06, 0.28803457099399316, 0.9576200111926196, 0.02500000818114144, 0.0, 0.0, 0.0, 1.0], "right_foot_pose": [0.9999999999999999, -7.994042669111078e-11, -2.0797608080158584e-10, -3.5379302686423634e-10, 4.917326190022583e-11, 0.9895872577778122, -0.14393421846034404, -0.13999999978521355, 2.173163968334377e-10, 0.14393421846034388, 0.9895872577778122, 9.150436450222621e-10, 0.0, 0.0, 0.0, 1.0]}, {"left_foot_pose": [0.9990312518288468, -0.04182232952474862, 0.013691260804302082, 0.02173805015137652, 0.044006337942842776, 0.9495170060940541, -0.31061374302990025, 0.02937353906635416, -9.494652641885719e-06, 0.31091533878422256, 0.9504376107975443, 0.02500000684172391, 0.0, 0.0, 0.0, 1.0], "right_foot_pose": [0.9999999999999999, -1.5479143203178032e-10, -5.91906190727797e-10, -4.861240647778381e-10, 7.882164757368947e-11, 0.9919978036362567, -0.12625512892885876, -0.1399999997274758, 6.067126224989546e-10, 0.1262551289288586, 0.9919978036362568, 1.7023565682117159e-09, 0.0, 0.0, 0.0, 1.0]}, {"left_foot_pose": [0.9985363008706977, -0.05114595317680563, 0.017588272146525488, 0.026721478301365734, 0.05408563352849307, 0.9443203081126336, -0.32455184475193344, 0.03610739547730879, -9.449117447795916e-06, 0.32502807134107264, 0.9457043685798527, 0.02491027403049112, 0.0, 0.0, 0.0, 1.0], "right_foot_pose": [0.9999999999999998, -2.2674063571569284e-10, -1.1790538545497487e-09, -6.458992341903749e-10, 1.0588045024785382e-10, 0.9948342412095377, -0.10151272096167781, -0.13999999977837566, 1.1959800075280577e-09, 0.10151272096167768, 0.9948342412095376, 2.8841783961119916e-09, 0.0, 0.0, 0.0, 1.0]}, {"left_foot_pose": [0.9979907191172285, -0.06001751685659934, 0.020308181263858038, 0.031309555164814984, 0.06336027531169139, 0.9453805633835187, -0.31975156901739865, 0.04230702720529107, -8.264661095065893e-06, 0.3203958302584934, 0.9472837546821263, 0.021163836534054438, 0.0, 0.0, 0.0, 1.0], "right_foot_pose": [0.9999999999999998, -2.519358478315908e-10, -2.0006399870098326e-09, -9.229566920442247e-10, 1.1339440627584274e-10, 0.9976201909151149, -0.06894892804453039, -0.14000000030811505, 2.0132493196958917e-09, 0.06894892804453022, 0.9976201909151147, 4.632843580987256e-09, 0.0, 0.0, 0.0, 1.0]}, {"left_foot_pose": [0.9974595308553695, -0.06802577646171698, 0.021141855230012958, 0.03520749496837895, 0.07123541442258666, 0.9525428400872051, -0.2959521135769166, 0.047574116868658256, -6.150503953116942e-06, 0.29670630518305846, 0.9549687787706935, 0.013996812982706296, 0.0, 0.0, 0.0, 1.0], "right_foot_pose": [0.9999999999999998, -1.586814906472834e-10, -3.0138591067263568e-09, -1.027769255907845e-09, 7.355036576431369e-11, 0.9996015786138734, -0.02822559180340348, -0.140000000850614, 3.0171369922594097e-09, 0.02822559180340333, 0.9996015786138734, 7.00203608983152e-09, 0.0, 0.0, 0.0, 1.0]}, {"left_foot_pose": [0.9970219926203505, -0.0744722049060519, 0.020025906415879594, 0.03812052521759913, 0.077117742564923, 0.9628311347466365, -0.25886108194202356, 0.051510350845814075, -3.610662142898058e-06, 0.2596345444253049, 0.9657069448481916, 0.006287909044405647, 0.0, 0.0, 0.0, 1.0], "right_foot_pose": [0.9999999999999999, 1.2651635268737795e-10, -4.149982912871054e-09, -9.380413882749762e-10, -4.1458563563177334e-11, 0.999790067659014, 0.02048952440600474, -0.14000000130518522, 4.1517038290854e-09, -0.020489524406004888, 0.999790067659014, 9.968066906618223e-09, 0.0, 0.0, 0.0, 1.0]}, {"left_foot_pose": [0.9967614905712938, -0.07857382751632697, 0.01710802570513774, 0.03975386765143998, 0.08041474313083279, 0.9739458774536411, -0.21204456342538125, 0.05371740854069336, -1.1381545293291916e-06, 0.21273359259997635, 0.9771102387029893, 0.00091583960180186, 0.0, 0.0, 0.0, 1.0], "right_foot_pose": [0.9999999999999997, 6.372601611014692e-10, -5.190563312496012e-09, -6.104881515873409e-10, -2.4003536015425103e-10, 0.9970947260496045, 0.0761715647998932, -0.1400000014938379, 5.22402444252749e-09, -0.07617156479989338, 0.9970947260496043, 1.3204551958800881e-08, 0.0, 0.0, 0.0, 1.0]}, {"left_foot_pose": [0.9967212931871181, -0.07988887940041005, 0.01282305172517696, 0.04000000302297452, 0.08091145597132617, 0.9841245022634499, -0.15796297141203075, 0.05405000188771375, 5.376327856624675e-09, 0.1584825889265585, 0.9873617721013591, 1.5356297865254387e-08, 0.0, 0.0, 0.0, 1.0], "right_foot_pose": [0.9999999999999997, 1.161233235951167e-09, -5.604361252853356e-09, -2.8965717660854487e-10, -3.9497374316292845e-10, 0.9908682765376526, 0.13483344745018427, -0.14000000143816438, 5.70975685854342e-09, -0.13483344745018447, 0.9908682765376525, 1.553248480529179e-08, 0.0, 0.0, 0.0, 1.0]}, {"left_foot_pose": [0.9967212931982832, -0.08049993590628968, 0.00815009228331045, 0.040000002808702854, 0.08091145583378943, 0.991651909807438, -0.10039833708841385, 0.05405000167392561, 5.122863474046743e-09, 0.1007285962095431, 0.9949139409545212, 1.3541590154764194e-08, 0.0, 0.0, 0.0, 1.0], "right_foot_pose": [0.9999999999999999, 1.5170311119315106e-09, -5.19957787936676e-09, 1.6848431268477762e-10, -4.83621081218964e-10, 0.9811497353388213, 0.19324905392927616, -0.14000000114814357, 5.394729068518103e-09, -0.19324905392927638, 0.9811497353388217, 1.6795726608120898e-08, 0.0, 0.0, 0.0, 1.0]}, {"left_foot_pose": [0.9967212932109292, -0.0808288940856186, 0.003654249694545227, 0.04000000218232755, 0.08091145567800812, 0.9957042420793282, -0.04501553782081902, 0.05405000121020823, 4.216250245017752e-09, 0.04516361573354856, 0.9989796033022263, 1.0795892659010153e-08, 0.0, 0.0, 0.0, 1.0], "right_foot_pose": [0.9999999999905257, 4.20540866462745e-06, 1.123725405199887e-06, 1.9326734644726567e-05, -4.3526229419133494e-06, 0.9692210086594267, 0.2461922751717819, -0.13998262384442373, -5.3799143493935114e-08, -0.24619227517434078, 0.9692210086685487, 3.741219227301751e-05, 0.0, 0.0, 0.0, 1.0]}, {"left_foot_pose": [0.9967212932184387, -0.08091096073346592, -0.00028298083289309705, 0.04000000208247101, 0.08091145558549974, 0.996715197427021, 0.003485910648777669, 0.0540500012620196, 2.917101081271857e-09, -0.003497377760985943, 0.9999938841556972, 7.946304815542593e-09, 0.0, 0.0, 0.0, 1.0], "right_foot_pose": [0.9999998999578321, 0.000428300116457236, 0.00012900905269147488, 0.001988037112637981, -0.0004473073753462388, 0.9579316248078298, 0.2869961708963083, -0.13821258465827962, -6.613580420432278e-07, -0.28699619989129027, 0.9579317205560746, 0.0034929904898875555, 0.0, 0.0, 0.0, 1.0]}, {"left_foot_pose": [0.9967212932212898, -0.08083486781101058, -0.0035196285680438497, 0.04000000174404448, 0.08091145555037675, 0.9957778353429574, 0.043357110148335036, 0.05405000096799857, 1.8491895331678185e-09, -0.04349973316782366, 0.9990534386179395, 5.4396247159416156e-09, 0.0, 0.0, 0.0, 1.0], "right_foot_pose": [0.9999988389016107, 0.0014466679555180358, 0.0004789021370268339, 0.006773167168664235, -0.0015238746209794555, 0.9495919415760932, 0.3134849634350675, -0.13391035205075447, -1.2529589860729797e-06, -0.313485329234994, 0.9495930435470015, 0.010538506472105025, 0.0, 0.0, 0.0, 1.0]}, {"left_foot_pose": [0.9967212932216419, -0.08068379523931196, -0.006065379160401137, 0.04000000123539471, 0.08091145554603935, 0.9939168226362366, 0.07471737443265768, 0.054050000483103156, 1.0436460865865689e-09, -0.07496315672695099, 0.997186304124526, 3.5018192581781626e-09, 0.0, 0.0, 0.0, 1.0], "right_foot_pose": [0.9999951907177275, 0.0029337661040041768, 0.0010057623288920903, 0.013785063858177467, -0.003101376868446711, 0.9461303187786504, 0.3237712176048539, -0.12760607071013255, -1.7132091890156508e-06, -0.3237727797456989, 0.9461348672852129, 0.018295222906993425, 0.0, 0.0, 0.0, 1.0]}, {"left_foot_pose": [0.9967212932211534, -0.08051966236339325, -0.007952836754085164, 0.04000000060767699, 0.08091145555205408, 0.9918949238944412, 0.09796834342219699, 0.054049999978140195, 4.722816753061234e-10, -0.09829060954804729, 0.9951577543659468, 2.17161026661028e-09, 0.0, 0.0, 0.0, 1.0], "right_foot_pose": [0.9999872631522634, 0.004792658832279904, 0.0015823888786088735, 0.022434092523068893, -0.0050471308187806955, 0.9496888222818993, 0.31315438253889627, -0.11982987275210681, -1.934913175965804e-06, -0.3131583804628846, 0.9497009154160688, 0.023884435719747063, 0.0, 0.0, 0.0, 1.0]}, {"left_foot_pose": [0.9967212932208008, -0.08038542169439929, -0.009211276744806611, 0.04000000009909074, 0.08091145555640356, 0.9902412572946896, 0.11347065132084587, 0.05404999974313007, 1.0870224210178892e-10, -0.11384391213607528, 0.9934986480461634, 1.398640862848577e-09, 0.0, 0.0, 0.0, 1.0], "right_foot_pose": [0.9999738743293484, 0.006943103625914927, 0.002010962653107253, 0.03213061916845095, -0.007228461477374238, 0.9605690603621311, 0.2779475303356425, -0.11111189029323512, -1.8500004312730682e-06, -0.2779548049360772, 0.9605941528083148, 0.025000022226600062, 0.0, 0.0, 0.0, 1.0]}, {"left_foot_pose": [0.9967212932210199, -0.08030663762651137, -0.009874593305181659, 0.039999999901450714, 0.08091145555370143, 0.9892707423693482, 0.12164182936877051, 0.05404999977566088, -6.173156250368935e-11, -0.12204196919553471, 0.9925249406210795, 1.0064940617060536e-09, 0.0, 0.0, 0.0, 1.0], "right_foot_pose": [0.9999547529744305, 0.00926152461740693, 0.002171673457584889, 0.042284985033158, -0.009512728393214369, 0.9735856847342572, 0.2281236999503653, -0.10198227173337587, -1.5369273178896323e-06, -0.22813403657124157, 0.9736297352460787, 0.025000025333241332, 0.0, 0.0, 0.0, 1.0]}, {"left_foot_pose": [0.9967212932218378, -0.08029394023162345, -0.009977314281345696, 0.03999999974576525, 0.08091145554362693, 0.9891143275021615, 0.12290721497031427, 0.05404999983044483, -6.719093037916342e-11, -0.12331151727242604, 0.9923680112276764, 9.462263056425613e-10, 0.0, 0.0, 0.0, 1.0], "right_foot_pose": [0.9999307629794344, 0.011597525843068777, 0.001991642961405436, 0.05230755164251178, -0.011767295619051321, 0.98552012405322, 0.16914968471723293, -0.09297115448901044, -1.0863785390067382e-06, -0.16916140954852812, 0.9855883610911683, 0.024992574850835614, 0.0, 0.0, 0.0, 1.0]}, {"left_foot_pose": [0.9967212932230297, -0.08034743146535372, -0.009536975030492788, 0.03999999941721092, 0.0809114555289423, 0.9897732685960652, 0.11748282060305684, 0.05404999999194419, 7.16891981072779e-11, -0.11786927941402846, 0.9930291199005286, 1.2465612569956264e-09, 0.0, 0.0, 0.0, 1.0], "right_foot_pose": [0.9999039520859553, 0.01378638284675839, 0.0014220586800709459, 0.0616086850751439, -0.013859531108416749, 0.9946309544323866, 0.10255329288898768, -0.08460866592848001, -5.846242544891879e-07, -0.1025631519256419, 0.9947264950059064, 0.0218378125736807, 0.0, 0.0, 0.0, 1.0]}, {"left_foot_pose": [0.996721293223997, -0.08045445049245498, -0.00858749263991477, 0.039999999307553144, 0.08091145551702507, 0.9910916008257249, 0.10578646009210944, 0.05405000016597517, 3.1131913135196753e-10, -0.10613444383733346, 0.9943517887706246, 1.7823344744538616e-09, 0.0, 0.0, 0.0, 1.0], "right_foot_pose": [0.9998774245927443, 0.015645673507581018, 0.0005905000210335409, 0.06959870360040647, -0.01565681288613403, 0.9991664519970216, 0.0376996739234149, -0.0774249674855298, -1.7102137255606853e-07, -0.037704298218869066, 0.9992889401448382, 0.014923793299538052, 0.0, 0.0, 0.0, 1.0]}, {"left_foot_pose": [0.9967212932254768, -0.08059096602362621, -0.007194430228502645, 0.039999999218936245, 0.08091145549879893, 0.9927732906723858, 0.08862578460352075, 0.05405000012089938, 5.76663549960592e-10, -0.08891731846441653, 0.9960390105197179, 2.542674404359957e-09, 0.0, 0.0, 0.0, 1.0], "right_foot_pose": [0.9998550383108132, 0.017024291324276443, -0.00027544398470027444, 0.0756879781580014, -0.017026519447005686, 0.9997242497538966, -0.016171644614247346, -0.07195019901174486, 5.724184798069379e-08, 0.016173990197689045, 0.9998691924652354, 0.007129221925211052, 0.0, 0.0, 0.0, 1.0]}, {"left_foot_pose": [0.9967212932237194, -0.08072910940175332, -0.005429045002265275, 0.039999999519673576, 0.08091145552044487, 0.9944750327691431, 0.06687858823551864, 0.05405000012157722, 8.402326013986896e-10, -0.06709858488830216, 0.9977463504849258, 3.2586532014433622e-09, 0.0, 0.0, 0.0, 1.0], "right_foot_pose": [0.9998409252958603, 0.0178080042599571, -0.0009995437933834272, 0.07928687670375145, -0.017836033850348466, 0.9982699188857387, -0.05602718040692445, -0.06871449457205629, 8.223418358463002e-08, 0.05603609579671099, 0.9984287435605285, 0.0013328070737498102, 0.0, 0.0, 0.0, 1.0]}, {"left_foot_pose": [0.9967212932131505, -0.08083725939458015, -0.0034642674664197176, 0.040000000799873994, 0.08091145565064066, 0.9958072944618769, 0.04267515250133489, 0.0540500008945647, 4.4057370491869096e-10, -0.04281553211267024, 0.9990829946555542, 3.243263178853706e-09, 0.0, 0.0, 0.0, 1.0], "right_foot_pose": [0.9998380043746546, 0.017938531257153327, -0.0014744844672370428, 0.08001152686451102, -0.0179990279767544, 0.9964774400180361, -0.08190693821034496, -0.06806298123478709, 3.359946156164977e-10, 0.08192020893184637, 0.9966388911579575, 4.180760918015558e-09, 0.0, 0.0, 0.0, 1.0]}, {"left_foot_pose": [0.9967212932099697, -0.08089780549616585, -0.001486178909469416, 0.040000001551006754, 0.08091145568982484, 0.9965531408418201, 0.018307752905751182, 0.05405000150863945, -7.735570132358756e-10, -0.01836797605096975, 0.9998312944971226, 2.8513135116869925e-09, 0.0, 0.0, 0.0, 1.0], "right_foot_pose": [0.9998380043747669, 0.017900397536020678, -0.0018816949636085852, 0.08001152758468554, -0.017999027970522236, 0.994359122492471, -0.10452736726867184, -0.06806298012606068, -8.746907078580834e-10, 0.10454430297273896, 0.9945202304206511, 4.5057566913642155e-09, 0.0, 0.0, 0.0, 1.0]}, {"left_foot_pose": [0.9967212932202183, -0.08091059969868822, 0.00037215294618416845, 0.039999999722470814, 0.08091145556357753, 0.9967107500662107, -0.004584436828624249, 0.05405000004681318, 6.909538956497211e-10, 0.004599517241080608, 0.9999894221646299, 3.1868929023515236e-09, 0.0, 0.0, 0.0, 1.0], "right_foot_pose": [0.9998380043744437, 0.017856788807174895, -0.0022583405468904016, 0.08001152546691433, -0.01799902798847129, 0.9919366851940269, -0.12544978101916512, -0.06806298213622969, 5.905559274795974e-10, 0.12547010663812386, 0.9920974006317212, 2.963198394989597e-09, 0.0, 0.0, 0.0, 1.0]}, {"left_foot_pose": [0.9970336218570647, -0.0769360190496483, 0.002192227035900224, 0.041458248014618164, 0.07696724554092618, 0.9966288718581561, -0.028406599454754274, 0.05489466568842856, 6.539191405101837e-07, 0.028491064415569946, 0.9995940472251928, 0.002844457759020702, 0.0, 0.0, 0.0, 1.0], "right_foot_pose": [0.9998380043746772, 0.017813470867442338, -0.00257784090239594, 0.08001152539987759, -0.017999027975512435, 0.989530392501799, -0.14319789561013976, -0.06806298264872832, 3.782245098016865e-10, 0.1432210968080139, 0.9896907180675737, 2.0859283050844724e-09, 0.0, 0.0, 0.0, 1.0]}, {"left_foot_pose": [0.9978263414400503, -0.06579071368638786, 0.0037648799450832105, 0.04554829781974264, 0.06589834840606072, 0.9961944725047511, -0.057043672991273414, 0.057263776228939425, 2.391366452874644e-06, 0.05716777889351283, 0.9983645852346048, 0.009617038396226865, 0.0, 0.0, 0.0, 1.0], "right_foot_pose": [0.9998380043747094, 0.017776147120153355, -0.0028237566398401953, 0.08001152532287165, -0.01799902797370944, 0.9874570726895089, -0.15685842211200424, -0.06806298275946349, 7.706588301361546e-11, 0.15688383660858332, 0.9876170623328514, 1.3231767764798619e-09, 0.0, 0.0, 0.0, 1.0]}, {"left_foot_pose": [0.9987915651997961, -0.04894667379532905, 0.00443084756185341, 0.05173257298087987, 0.049146813322990604, 0.9947148542630839, -0.09014959483307637, 0.06084595069535982, 5.0929243246148635e-06, 0.09025841696344056, 0.9959183792567124, 0.01743949401072009, 0.0, 0.0, 0.0, 1.0], "right_foot_pose": [0.9998380043746444, 0.017749949084301535, -0.002984009992076211, 0.08001152524591426, -0.01799902797731323, 0.9860017805912903, -0.1657604405842273, -0.0680629826334572, -2.1507222971388654e-10, 0.16578729739732745, 0.986161534446406, 7.448994684966515e-10, 0.0, 0.0, 0.0, 1.0]}, {"left_foot_pose": [0.9996034198857622, -0.02793940036507738, 0.0035203494044386096, 0.05947328809765787, 0.028160306865476357, 0.9917247144522935, -0.12525608912049183, 0.06532968076335899, 8.362514211577023e-06, 0.12530554916586184, 0.9921181982396609, 0.023433119027628874, 0.0, 0.0, 0.0, 1.0], "right_foot_pose": [0.9998380043746142, 0.01773884051186143, -0.0030493516497059896, 0.08001152521163438, -0.01799902797899982, 0.985384702206089, -0.1693901521636627, -0.06806298245435134, -4.2624410639450337e-10, 0.16941759706568948, 0.9855443560816975, 4.052684923760985e-10, 0.0, 0.0, 0.0, 1.0]}, {"left_foot_pose": [0.9999903306520959, -0.00434507349304783, 0.0006774501109551853, 0.06823265799935668, 0.004397553009343143, 0.9876508393909328, -0.15660932596086644, 0.07040345099812712, 1.1394860265922511e-05, 0.15661079077358253, 0.9876603971423737, 0.02500000787134108, 0.0, 0.0, 0.0, 1.0], "right_foot_pose": [0.9998380043747638, 0.017745258141569447, -0.0030117804333579233, 0.08001152532097508, -0.017999027970690286, 0.9857411985241972, -0.1673030917950709, -0.068062982393985, -4.977162889664457e-10, 0.16733019854637307, 0.9859009101600583, 3.6321157192986675e-10, 0.0, 0.0, 0.0, 1.0]}, {"left_foot_pose": [0.9997863096380221, 0.020319382551826908, -0.003802335216448345, 0.07747287214830108, -0.020672079574232803, 0.9828495107413403, -0.1832471128328792, 0.07575574402279388, 1.3655119991462052e-05, 0.18328655686716858, 0.9830595291666303, 0.025000007389350237, 0.0, 0.0, 0.0, 1.0], "right_foot_pose": [0.9998380043751675, 0.017768764788333263, -0.0028698440688946754, 0.08001152568734055, -0.017999027948277607, 0.9870469846230225, -0.15941858467417253, -0.06806298236981614, -3.994239387407529e-10, 0.15944441396454134, 0.9872069078240407, 5.929866042642118e-10, 0.0, 0.0, 0.0, 1.0]}, {"left_foot_pose": [0.9989609511275942, 0.04460647265664312, -0.009342415072420117, 0.08665614240921687, -0.04557431190356155, 0.9778126311655784, -0.204463787570236, 0.08107505442576504, 1.4723113878336688e-05, 0.20467711384075607, 0.9788295453515128, 0.02500000583164856, 0.0, 0.0, 0.0, 1.0], "right_foot_pose": [0.9998380043758408, 0.01780752134835625, -0.0026186235246756745, 0.08001152606302496, -0.01799902791086633, 0.9891998990509543, -0.14546337928099423, -0.06806298235382024, -1.0568893219793418e-10, 0.1454869475279838, 0.9893601710696615, 1.1131267227404429e-09, 0.0, 0.0, 0.0, 1.0]}, {"left_foot_pose": [0.9976278322829698, 0.06732045161074164, -0.014375849516091638, 0.0952446839398236, -0.06883827474942704, 0.9756721228033653, -0.20814706510997938, 0.08604986935681336, 1.3561189812414153e-05, 0.20864291404047577, 0.9779918886354806, 0.022459726182350877, 0.0, 0.0, 0.0, 1.0], "right_foot_pose": [0.9998380043764095, 0.017869924582768714, -0.0021519293680941575, 0.08001152590265513, -0.01799902787928018, 0.9926663787026433, -0.11953867821245764, -0.0680629825862901, 7.686691697161195e-10, 0.11955804610642783, 0.9928272123643737, 2.271222085403757e-09, 0.0, 0.0, 0.0, 1.0]}, {"left_foot_pose": [0.9960312245864049, 0.08720327471551033, -0.017815401421216202, 0.10270068525391159, -0.0890044916468095, 0.975898336547625, -0.19925018742845008, 0.09036867512344554, 1.0751780452678447e-05, 0.20004505893040875, 0.9797866983593572, 0.015838562787846303, 0.0, 0.0, 0.0, 1.0], "right_foot_pose": [0.9998380043770269, 0.017925142685464104, -0.0016291909250410934, 0.08001152588189772, -0.01799902784498315, 0.9957337238578302, -0.09050075231098424, -0.0680629829010485, 1.4483501323600944e-09, 0.09051541543805856, 0.9958950544952393, 3.6388199467496385e-09, 0.0, 0.0, 0.0, 1.0]}, {"left_foot_pose": [0.9945114098847867, 0.10296512497547586, -0.018580598692167667, 0.10848635879692073, -0.10462817767212833, 0.9787152725304374, -0.17654846290093362, 0.09371996719416406, 6.7811659604763025e-06, 0.1775235149338178, 0.9841165589499851, 0.007998176360036906, 0.0, 0.0, 0.0, 1.0], "right_foot_pose": [0.9998380043770453, 0.017972534372294017, -0.0009762231118853205, 0.08001152572914301, -0.017999027843954827, 0.998366310620942, -0.05422863462969926, -0.06806298306457666, 2.266710867241769e-09, 0.05423742089522302, 0.9985280677951094, 5.4126921347763535e-09, 0.0, 0.0, 0.0, 1.0]}, {"left_foot_pose": [0.9934490042180437, 0.11309917820103071, -0.01636007055087862, 0.11206391853809439, -0.11427631430549347, 0.9832189939237426, -0.14220173689633991, 0.09579223660312455, 2.632525820931717e-06, 0.14313974248207714, 0.9897024876776027, 0.00181727577174174, 0.0, 0.0, 0.0, 1.0], "right_foot_pose": [0.9998380043759679, 0.017997893114750047, -0.00020211113778282862, 0.08001152535046939, -0.017999027903805552, 0.9997749692819173, -0.011227011706549158, -0.06806298291969458, 3.0998756363765426e-09, 0.011228830783790214, 0.9999369546922592, 7.4005199399151955e-09, 0.0, 0.0, 0.0, 1.0]}, {"left_foot_pose": [0.9931633043244632, 0.11617665475542895, -0.011385773278612956, 0.11297560499317909, -0.1167332469492475, 0.9884278361994286, -0.09686981822426553, 0.09632032764164944, 3.817174662834404e-09, 0.09753664704076193, 0.9952319340154067, 8.415597767263971e-09, 0.0, 0.0, 0.0, 1.0], "right_foot_pose": [0.9998380043710032, 0.017986977753482004, 0.0006585185686340487, 0.08001152325480818, -0.017999028179584507, 0.9991686013054416, 0.03658061166680812, -0.0680629818325844, 3.5711038204273003e-09, -0.03658653846188585, 0.9993304884788501, 9.11753226390255e-09, 0.0, 0.0, 0.0, 1.0]}, {"left_foot_pose": [0.993163304330137, 0.11660344988119223, -0.0055033088091655585, 0.11297560144724764, -0.1167332469009779, 0.992058995910236, -0.04682197882971682, 0.09632032796613019, 2.749595522709273e-09, 0.04714429031578973, 0.9988880897731347, 7.664679953223175e-09, 0.0, 0.0, 0.0, 1.0], "right_foot_pose": [0.9998380043646006, 0.01793326116021694, 0.0015372613221137125, 0.08001151974370695, -0.017999028535257235, 0.9961846441776502, 0.08539431875971035, -0.06806298039472862, 2.4967387295631297e-09, -0.0854081544631864, 0.9963460478925945, 1.0021523361158913e-08, 0.0, 0.0, 0.0, 1.0]}, {"left_foot_pose": [0.9931633043035132, 0.116733120209017, 0.00017213713994029017, 0.11297560507504588, -0.11673324712749007, 0.9931622244436017, 0.001464565911871291, 0.09632032679722506, 3.243831855046703e-09, -0.0014746472477010098, 0.9999989127071569, 6.61909312776876e-09, 0.0, 0.0, 0.0, 1.0], "right_foot_pose": [0.9998380043701526, 0.017842759890464514, 0.002366629798178406, 0.0800115236157988, -0.01799902822683448, 0.9911573458705295, 0.1314653973856885, -0.06806298222646641, 3.010036778275766e-09, -0.131486697602376, 0.9913179350509205, 8.485567415394968e-09, 0.0, 0.0, 0.0, 1.0]}, {"left_foot_pose": [0.9931633042900774, 0.11661738079311165, 0.005199760433960302, 0.11297560644914363, -0.11673324724180387, 0.992177514816809, 0.044239440325636946, 0.09632032650054084, 2.273519371769603e-09, -0.04454397365408907, 0.9990074246025925, 5.091412007274254e-09, 0.0, 0.0, 0.0, 1.0], "right_foot_pose": [0.9997775620370709, 0.02078097113869896, 0.0036024555157474244, 0.08076387397210094, -0.021090908827003527, 0.985113608441882, 0.170605838198654, -0.06748847559074238, -3.472952669508007e-06, -0.17064386804437742, 0.9853327713451894, 0.0022503001588700527, 0.0, 0.0, 0.0, 1.0]}, {"left_foot_pose": [0.9931633042885328, 0.11635560855033286, 0.009382077252136186, 0.11297560661035877, -0.11673324725494136, 0.9899503634981281, 0.07982247049071707, 0.09632032628865583, 1.3438183084662605e-09, -0.0803719488926732, 0.9967649421158403, 3.5922329832960287e-09, 0.0, 0.0, 0.0, 1.0], "right_foot_pose": [0.9995062544803327, 0.030775684817747614, 0.00633280969990116, 0.08327784229820512, -0.031420489977461434, 0.9790459447082989, 0.20120087216463717, -0.06556877867291784, -8.01702850304218e-06, -0.20130051011915773, 0.9795295322559163, 0.008710108340938015, 0.0, 0.0, 0.0, 1.0]}, {"left_foot_pose": [0.9931633042909052, 0.11604151548768393, 0.012689274734723366, 0.11297560637305219, -0.11673324723476002, 0.9872780688047303, 0.10796001040770244, 0.09632032594125589, 5.651452324688354e-10, -0.10870318091263266, 0.9940742519849693, 2.381004997331626e-09, 0.0, 0.0, 0.0, 1.0], "right_foot_pose": [0.9988667299536096, 0.04640390763118933, 0.010579846328707091, 0.08721603035968, -0.04759470183384514, 0.9739325853976366, 0.2217883303017148, -0.06256153407829695, -1.2211895030948067e-05, -0.22204052886180775, 0.9750374369190336, 0.016558464356072576, 0.0, 0.0, 0.0, 1.0]}, {"left_foot_pose": [0.9931633042942799, 0.11574792853457538, 0.015134993994806781, 0.11297560584344417, -0.11673324720604641, 0.9847802397576438, 0.12876811864592266, 0.09632032559989061, -2.0376663568405263e-11, -0.12965452719760037, 0.9915592284766289, 1.523007171766455e-09, 0.0, 0.0, 0.0, 1.0], "right_foot_pose": [0.9976756735626295, 0.06633271159295942, 0.015595568411519291, 0.09222343336496147, -0.06814139824497728, 0.9712447385720261, 0.22812366742926096, -0.05873782930320284, -1.505232561480987e-05, -0.22865613739605156, 0.9735072524663313, 0.02291666032191715, 0.0, 0.0, 0.0, 1.0]}, {"left_foot_pose": [0.993163304300308, 0.11555259874135142, 0.016560432223078573, 0.11297560509086599, -0.11673324715476252, 0.9831183797177097, 0.14089570777682028, 0.0963203256828347, -1.0946457827998029e-10, -0.14186559972504384, 0.9898859285870543, 9.13923305090325e-10, 0.0, 0.0, 0.0, 1.0], "right_foot_pose": [0.9957974933665349, 0.08944792790224013, 0.019657578663761808, 0.09794504900745134, -0.09158248721577031, 0.9726242414276567, 0.21357605910459163, -0.05436874857354708, -1.5501599713867538e-05, -0.21447879424612235, 0.9767286453147721, 0.025000009688464712, 0.0, 0.0, 0.0, 1.0]}, {"left_foot_pose": [0.9931633042999822, 0.11544263620711974, 0.017310365030595083, 0.1129756048642164, -0.11673324715753337, 0.9821828215988196, 0.14727611471056676, 0.09632032573537513, -2.361256019704502e-10, -0.1482899278499134, 0.9889439303106464, 7.05222220898083e-10, 0.0, 0.0, 0.0, 1.0], "right_foot_pose": [0.9931978290459578, 0.11439164305943562, 0.02173992586368935, 0.10402584603515169, -0.11643913511258074, 0.975755454941081, 0.1853192379839661, -0.04972538627979345, -1.3879128001270364e-05, -0.18659004301110615, 0.9824378635091805, 0.02500001141337265, 0.0, 0.0, 0.0, 1.0]}, {"left_foot_pose": [0.9931633042984049, 0.11544271373310364, 0.017309848093237497, 0.11297560467948642, -0.11673324717095035, 0.9821834810259867, 0.14727171692012478, 0.09632032578839826, -1.9885458232226991e-10, -0.1482854997820502, 0.9889445942793703, 7.57341848955928e-10, 0.0, 0.0, 0.0, 1.0], "right_foot_pose": [0.9899753894563784, 0.13965906778063536, 0.021073041008266825, 0.11011082000660011, -0.1412399665635472, 0.978905958908086, 0.14762925001289143, -0.04507883432542671, -1.0761981352312058e-05, -0.14912567988406528, 0.988818249974835, 0.025000011608581577, 0.0, 0.0, 0.0, 1.0]}, {"left_foot_pose": [0.99316330429604, 0.11555033029966644, 0.016576253117334912, 0.11297560437869887, -0.11673324719107196, 0.9830990794506307, 0.1410303122862289, 0.096320325977472, -1.345421331031247e-11, -0.1420011308087413, 0.9898664954674645, 1.0961411292531587e-09, 0.0, 0.0, 0.0, 1.0], "right_foot_pose": [0.9863720273169653, 0.16365578132193515, 0.016941338982697087, 0.11584496810483444, -0.16453031234696866, 0.9811333715180706, 0.10152380810722558, -0.0407001765276877, -6.754895557889076e-06, -0.10292760821806182, 0.9946888495508938, 0.023024941536848677, 0.0, 0.0, 0.0, 1.0]}, {"left_foot_pose": [0.