{"LoopMode": "Wrap", "FrameDuration": 0.0167, "EnableCycleOffsetPosition": true, "EnableCycleOffsetRotation": false, "Debug_info": [{"left_foot_pose": [1.0000000000000007, 7.538603705219993e-14, -4.973133016505929e-12, 8.19001149110781e-13, -2.3873131850316778e-14, 0.9999470400334574, 0.010291604749900757, -1.4864498520950065e-13, 4.973141205019406e-12, -0.010291604749900927, 0.9999470400334577, 1.0623259216746561e-11, 0.0, 0.0, 0.0, 1.0], "right_foot_pose": [0.9999999999999998, -1.161850944367846e-13, -5.017652959793394e-12, 4.661262891470719e-13, 4.5219959215237703e-14, 0.9998998280137059, -0.014153937196462697, -0.140000000001442, 5.0184620801322235e-12, 0.014153937196462544, 0.9998998280137059, 8.453154842769095e-12, 0.0, 0.0, 0.0, 1.0]}, {"left_foot_pose": [1.0000000000000007, 1.3115177403050705e-13, -1.1097400776094452e-11, 1.8705552840675367e-12, -4.183000774709306e-14, 0.9999678486335457, 0.008018834029893956, 3.278349813840009e-13, 1.1097875763359226e-11, -0.008018834029894126, 0.9999678486335462, 2.2936805232909308e-11, 0.0, 0.0, 0.0, 1.0], "right_foot_pose": [0.9999999999999999, -2.8880405407926785e-13, -1.1173229008676343e-11, 1.2303733876758658e-12, 1.0528346406233064e-13, 0.9998650635680555, -0.016427253454192176, -0.1400000000025481, 1.1176503583190989e-11, 0.016427253454192027, 0.9998650635680555, 1.9684941177100512e-11, 0.0, 0.0, 0.0, 1.0]}, {"left_foot_pose": [1.0000000000000004, 1.388122569109662e-13, -1.950190009480935e-11, 3.3325545273138844e-12, -4.3851372616465764e-14, 0.9999882273047543, 0.004852344989385619, 1.2229505602645574e-12, 1.9501962632445632e-11, -0.004852344989385793, 0.9999882273047543, 3.971101225630491e-11, 0.0, 0.0, 0.0, 1.0], "right_foot_pose": [0.9999999999999999, -5.929947631503718e-13, -1.9626245073567358e-11, 2.3415169067847043e-12, 2.0837004642926683e-13, 0.999807994356431, -0.01959526526920858, -0.14000000000381588, 1.9633770495756524e-11, 0.019595265269208424, 0.9998079943564311, 3.533338205352621e-11, 0.0, 0.0, 0.0, 1.0]}, {"left_foot_pose": [1.0000000000000007, 3.295336623983578e-14, -3.007566418133934e-11, 5.194256690922651e-12, -8.317806519913893e-15, 0.9999996734658615, 0.000808126333652381, 2.59763564824933e-12, 3.007543406193025e-11, -0.0008081263336525544, 0.9999996734658618, 6.080538850206096e-11, 0.0, 0.0, 0.0, 1.0], "right_foot_pose": [1.0, -1.0908779795419727e-12, -3.02778913052748e-11, 3.798273468457711e-12, 3.7478710099848354e-13, 0.9997204718190962, -0.023642720355402005, -0.14000000000515037, 3.029483899386333e-11, 0.023642720355401853, 0.9997204718190962, 5.520010837312128e-11, 0.0, 0.0, 0.0, 1.0]}, {"left_foot_pose": [1.0000000000000004, -2.6758308331935494e-13, -4.2941650235661655e-11, 7.4887949553837e-12, 9.158786478724837e-14, 0.9999915697430642, -0.004106146953444989, 4.560952310272981e-12, 4.294207984237029e-11, 0.004106146953444817, 0.9999915697430644, 8.65583160702954e-11, 0.0, 0.0, 0.0, 1.0], "right_foot_pose": [0.9999999999999998, -1.8696392496172986e-12, -4.326783376029651e-11, 5.635984977401594e-12, 6.330880085244969e-13, 0.9995919978215236, -0.02856287610124146, -0.14000000000646715, 4.3303427378762806e-11, 0.02856287610124131, 0.9995919978215237, 7.953122882486952e-11, 0.0, 0.0, 0.0, 1.0]}, {"left_foot_pose": [1.0000000000000004, -8.700067908516714e-13, -5.848460604696015e-11, 1.0299919124466876e-11, 2.912470901124924e-13, 0.9999509844064215, -0.009900948673214154, 7.289540499000324e-12, 5.848981200322408e-11, 0.009900948673213977, 0.9999509844064216, 1.1784857117946856e-10, 0.0, 0.0, 0.0, 1.0], "right_foot_pose": [1.0, -3.0532246414705498e-12, -5.900396837787977e-11, 7.934809405019066e-12, 1.0236760322773996e-12, 0.9994092677416034, -0.034367361728712215, -0.1400000000076774, 5.907398202156079e-11, 0.03436736172871207, 0.9994092677416034, 1.0907960645845094e-10, 0.0, 0.0, 0.0, 1.0]}, {"left_foot_pose": [1.0000000000000004, -1.9248617988961987e-12, -7.73561215083873e-11, 1.3766371685431238e-11, 6.40194940882305e-13, 0.9998620763921424, -0.016608076131643633, 1.1049426998366307e-11, 7.737710413811571e-11, 0.016608076131643456, 0.9998620763921424, 1.5613137865910787e-10, 0.0, 0.0, 0.0, 1.0], "right_foot_pose": [0.9999999999999999, -4.8205919843210105e-12, -7.817019254119369e-11, 1.0825797538032762e-11, 1.6046104319609646e-12, 0.9991554737049543, -0.04108940697343175, -0.14000000000866478, 7.830222451449357e-11, 0.0410894069734316, 0.9991554737049544, 1.451275419284137e-10, 0.0, 0.0, 0.0, 1.0]}, {"left_foot_pose": [1.0000000000000004, -3.649985341772278e-12, -1.0046741216740424e-10, 1.808527601825057e-11, 1.2098007126114775e-12, 0.9997051727490852, -0.02428101272027816, 1.6221213608447194e-11, 1.0052616353685652e-10, 0.024281012720277984, 0.9997051727490854, 2.0345818779743396e-10, 0.0, 0.0, 0.0, 1.0], "right_foot_pose": [0.9999999999999998, -7.430691526123282e-12, -1.0172479525394347e-10, 1.4497178915117874e-11, 2.4593467859456377e-12, 0.9988093380450007, -0.0487842826544283, -0.14000000000925203, 1.0196620638714511e-10, 0.04878428265442816, 0.9988093380450007, 1.8948622532155568e-10, 0.0, 0.0, 0.0, 1.0]}, {"left_foot_pose": [1.0000000000000007, -6.361016400047259e-12, -1.289676143656492e-10, 2.3515821901820914e-11, 2.1028175727313557e-12, 0.9994555693741914, -0.03299340611261204, 2.3328231707475666e-11, 1.2910694395868453e-10, 0.03299340611261186, 0.9994555693741916, 2.624911399351504e-10, 0.0, 0.0, 0.0, 1.0], "right_foot_pose": [1.0000000000000002, -1.1254249520261366e-11, -1.3088330419463993e-10, 1.920111076357487e-11, 3.706234581980116e-12, 0.9983439004186226, -0.05752787582495445, -0.140000000009159, 1.3131393010519247e-10, 0.057527875824954305, 0.9983439004186226, 2.4447960322859785e-10, 0.0, 0.0, 0.0, 1.0]}, {"left_foot_pose": [1.0000000000000004, -1.0502941561103466e-11, -1.6413836956274945e-10, 3.037128591272571e-11, 3.4628146254820336e-12, 0.9990821696233715, -0.042834779568215464, 3.3048197858875916e-11, 1.6443722551719568e-10, 0.04283477956821527, 0.9990821696233716, 3.3637310992151725e-10, 0.0, 0.0, 0.0, 1.0], "right_foot_pose": [0.9999999999999999, -1.6804686613578668e-11, -1.6702167426885232e-10, 2.5250718964874375e-11, 5.507161318589101e-12, 0.9977251898140095, -0.06741250336991716, -0.14000000000794977, 1.677744756748419e-10, 0.06741250336991701, 0.9977251898140096, 3.127815992320926e-10, 0.0, 0.0, 0.0, 1.0]}, {"left_foot_pose": [1.0000000000000004, -1.6655280702822082e-11, -2.0700030578524294e-10, 3.8963476598098174e-11, 5.474005140849652e-12, 0.9985463171241712, -0.05390039478292728, 4.6142752813116417e-11, 2.0759703412260088e-10, 0.053900394782927116, 0.9985463171241711, 4.2803501715260595e-10, 0.0, 0.0, 0.0, 1.0], "right_foot_pose": [0.9999999999999999, -2.4732581883772625e-11, -2.1128032656747549e-10, 3.2971742810455086e-11, 8.062969337397565e-12, 0.9969112117691306, -0.07853684389510182, -0.1400000000049832, 2.1256986657158877e-10, 0.07853684389510168, 0.9969112117691307, 3.96717596273799e-10, 0.0, 0.0, 0.0, 1.0]}, {"left_foot_pose": [1.0000000000000007, -2.5427543095297087e-11, -2.572624335783753e-10, 4.942968861451544e-11, 8.32380609156675e-12, 0.9978018798343888, -0.06626770404171953, 6.315079362217979e-11, 2.5838175644536546e-10, 0.06626770404171936, 0.997801879834389, 5.381361536938023e-10, 0.0, 0.0, 0.0, 1.0], "right_foot_pose": [1.0, -3.568383922102136e-11, -2.634894524788931e-10, 4.2537355078885114e-11, 1.1563020452002765e-11, 0.9958525078790902, -0.0909823199909011, -0.13999999999943608, 2.6564303814909117e-10, 0.09098231999090094, 0.9958525078790904, 4.963097779975278e-10, 0.0, 0.0, 0.0, 1.0]}, {"left_foot_pose": [1.0000000000000004, -3.6996799639534466e-11, -3.1061386795982964e-10, 6.124167185185558e-11, 1.2047984997063257e-11, 0.9967996035892455, -0.07994091745986098, 8.342368115754617e-11, 3.125770969483823e-10, 0.07994091745986079, 0.9967996035892455, 6.593415882716336e-10, 0.0, 0.0, 0.0, 1.0], "right_foot_pose": [1.0, -4.9724315976789856e-11, -3.1935937228055846e-10, 5.347939590503422e-11, 1.599560803804836e-11, 0.9944978305497616, -0.10475717174407638, -0.13999999999061097, 3.2281105870618045e-10, 0.10475717174407621, 0.9944978305497615, 6.040457994904713e-10, 0.0, 0.0, 0.0, 1.0]}, {"left_foot_pose": [1.0000000000000002, -4.964554038617289e-11, -3.5224112515663736e-10, 7.192903902370157e-11, 1.6057577857740087e-11, 0.995503732894897, -0.09472231939900154, 1.0254320829961028e-10, 3.5535963338703645e-10, 0.09472231939900135, 0.9955037328948972, 7.617369790491324e-10, 0.0, 0.0, 0.0, 1.0], "right_foot_pose": [0.9999999999999998, -6.457111807104892e-11, -3.636842493826005e-10, 6.339382510435167e-11, 2.0586510462413723e-11, 0.9928141899128896, -0.11966613684586302, -0.13999999997911478, 3.687975350033671e-10, 0.11966613684586286, 0.9928141899128896, 6.919270711946979e-10, 0.0, 0.0, 0.0, 1.0]}, {"left_foot_pose": [1.0000000000000004, -5.623523645974126e-11, -3.444821095044393e-10, 7.433441030208467e-11, 1.8031341279783315e-11, 0.9939410726517869, -0.10991425792778795, 1.0694964532043105e-10, 3.4857593392647754e-10, 0.10991425792778775, 0.9939410726517868, 7.628762621614271e-10, 0.0, 0.0, 0.0, 1.0], "right_foot_pose": [1.0, -7.140134621794101e-11, -3.5723707325629975e-10, 6.51739948273657e-11, 2.2517884449756216e-11, 0.9908445193984828, -0.13500791968617817, -0.1399999999699748, 3.6360589834196887e-10, 0.13500791968617806, 0.9908445193984828, 6.857228257439729e-10, 0.0, 0.0, 0.0, 1.0]}, {"left_foot_pose": [0.9999999916277709, -0.00012834819768734945, 1.6468130560056942e-05, -1.0692812586655963e-05, 0.0001293997181844984, 0.992271666890283, -0.12408433560483376, 4.9239704992216915e-05, -4.1485852534744026e-07, 0.12408433669694248, 0.9922716751909776, 0.00016386104650414207, 0.0, 0.0, 0.0, 1.0], "right_foot_pose": [1.0, -5.310664718147957e-11, -2.4018992350605086e-10, 8.092541621619346e-11, 1.674609326495554e-11, 0.9888496167449902, -0.14891754585436293, -0.14000000002345256, 2.454199666097933e-10, 0.1489175458543628, 0.9888496167449902, 4.502809028417154e-10, 0.0, 0.0, 0.0, 1.0]}, {"left_foot_pose": [0.9999933237392735, -0.0036145212581102913, 0.0005363888104430587, -0.00030198227064853577, 0.0036541032785096135, 0.9892600395992078, -0.1461205720677448, 0.001390623395368511, -2.472101873523987e-06, 0.14612155654881867, 0.9892666428752362, 0.004191209020465575, 0.0, 0.0, 0.0, 1.0], "right_foot_pose": [0.9999999999999998, -2.1570706889565114e-11, -6.111561257071673e-11, 1.8067692529409822e-10, 1.1534936102502031e-11, 0.9871685490614864, -0.15968173265542834, -0.1400000001209395, 6.37757644701665e-11, 0.15968173265542823, 0.9871685490614864, 2.0570345427017855e-10, 0.0, 0.0, 0.0, 1.0]}, {"left_foot_pose": [0.9999357798221061, -0.011150941110246197, 0.002023053116643405, -0.0009366042499937047, 0.011332969906131524, 0.9839529685178937, -0.17806773862194403, 0.004313052550741719, -4.966252582724637e-06, 0.1780792302801817, 0.9840161521632435, 0.011469801538677028, 0.0, 0.0, 0.0, 1.0], "right_foot_pose": [0.9999999999999997, 7.998974886536372e-12, 1.1740841632246197e-10, 1.5696556368993122e-10, 1.162591214306135e-11, 0.986091668612103, -0.1662023498443965, -0.14000000004824076, -1.1710503561240764e-10, 0.16620234984439633, 0.9860916686121026, 8.594674971718064e-11, 0.0, 0.0, 0.0, 1.0]}, {"left_foot_pose": [0.9997519220295114, -0.021746489238535668, 0.004815039366098639, -0.001840864443941502, 0.022273175280342828, 0.9761869632128815, -0.21578442602779382, 0.008477166269019435, -7.824958085497722e-06, 0.21583814088110437, 0.9764291560987719, 0.01912092595197669, 0.0, 0.0, 0.0, 1.0], "right_foot_pose": [0.9999999999999998, 1.474121552920166e-11, 2.1732710075994525e-10, -9.466425460823894e-12, 2.1894654248945947e-11, 0.9858525609332824, -0.16761482064927585, -0.1399999999050485, -2.1672361252264683e-10, 0.16761482064927577, 0.9858525609332824, 7.668404106153659e-11, 0.0, 0.0, 0.0, 1.0]}, {"left_foot_pose": [0.9993668216348185, -0.034426972652863375, 0.008985508860405588, -0.00294106665977859, 0.03558027126430835, 0.9670484780301893, -0.25209380285174265, 0.013543598604123758, -1.0596211048796396e-05, 0.2522538893524815, 0.9676610848816163, 0.024265878317210554, 0.0, 0.0, 0.0, 1.0], "right_foot_pose": [1.0, -1.6092369995670696e-11, 1.843515895494364e-10, -2.855038271592216e-10, 4.597765804905748e-11, 0.9865795642976737, -0.16328123992122448, -0.1399999998332473, -1.7925018745175188e-10, 0.1632812399212244, 0.9865795642976735, 2.075643476540101e-10, 0.0, 0.0, 0.0, 1.0]}, {"left_foot_pose": [0.9987312118232747, -0.048357176226645385, 0.014055249460562153, -0.0041635143548060215, 0.05035837935933945, 0.9591120800500069, -0.2785104154792971, 0.01917297445063132, -1.2582303452957321e-05, 0.27886484434136705, 0.960330359007853, 0.025000001990476403, 0.0, 0.0, 0.0, 1.0], "right_foot_pose": [0.9999999999999998, -8.558915652814026e-11, -1.008426675497225e-11, -5.673034957474796e-10, 8.304528628318071e-11, 0.9882703680172797, -0.15271437292864856, -0.13999999985257355, 2.303650440164168e-11, 0.15271437292864845, 0.9882703680172799, 5.779555445339923e-10, 0.0, 0.0, 0.0, 1.0]}, {"left_foot_pose": [0.9978386572668333, -0.06270974902980817, 0.01963419060065331, -0.005434514152014617, 0.0657115962264827, 0.9523170933882243, -0.2979498947171698, 0.025025928790253296, -1.361220267322176e-05, 0.29859611688235876, 0.9543795674664692, 0.025000001118057523, 0.0, 0.0, 0.0, 1.0], "right_foot_pose": [1.0, -1.809879960201498e-10, -3.813245275097177e-10, -7.948602806176354e-10, 1.2755762680743316e-10, 0.9907464136559687, -0.13572598803411345, -0.13999999981242078, 4.0236051621748425e-10, 0.13572598803411332, 0.9907464136559686, 1.2233547994067173e-09, 0.0, 0.0, 0.0, 1.0]}, {"left_foot_pose": [0.9967347196824543, -0.07675479707958911, 0.02507189073068172, -0.006680370398956007, 0.08074588780988012, 0.9475200825146463, -0.3093312057216877, 0.030763099763054483, -1.3466048381157605e-05, 0.31034560470016287, 0.95062379807259, 0.02491026938372745, 0.0, 0.0, 0.0, 1.0], "right_foot_pose": [0.9999999999999998, -2.792562878380694e-10, -9.617380225535027e-10, -9.656259562704659e-10, 1.6995416802327492e-10, 0.993727427682151, -0.11182933189559699, -0.13999999989259987, 9.869344419706916e-10, 0.11182933189559682, 0.9937274276821509, 2.172544380507624e-09, 0.0, 0.0, 0.0, 1.0]}, {"left_foot_pose": [0.9955181127456786, -0.09008023881366055, 0.028796488858141827, -0.007827386707887362, 0.09457106882113235, 0.9482823570390749, -0.30301301006796055, 0.03604511674986753, -1.1718018280382879e-05, 0.3043782546498534, 0.952551246893834, 0.02116383261025289, 0.0, 0.0, 0.0, 1.0], "right_foot_pose": [0.9999999999999999, -3.327481076257086e-10, -1.76178815980421e-09, -1.009653041804687e-09, 1.900161584294773e-10, 0.9967623625537761, -0.08040393395981846, -0.1400000004840693, 1.7828383007146124e-09, 0.0804039339598183, 0.9967623625537761, 3.539463867829884e-09, 0.0, 0.0, 0.0, 1.0]}, {"left_foot_pose": [0.9943338612194932, -0.10203929189558313, 0.0298019352019765, -0.008801871263691745, 0.10630226882399417, 0.9544815439855087, -0.27868406813793883, 0.04053261807244532, -8.672149963115432e-06, 0.28027301885926853, 0.9599203273315482, 0.0139968108179215, 0.0, 0.0, 0.0, 1.0], "right_foot_pose": [1.0, -2.692554434677187e-10, -2.7362664911656497e-09, -7.942115975491525e-10, 1.5630218015012626e-10, 0.9991510614557585, -0.04119655800951087, -0.14000000106521918, 2.74503583730799e-09, 0.04119655800951072, 0.9991510614557588, 5.3860161747243396e-09, 0.0, 0.0, 0.0, 1.0]}, {"left_foot_pose": [0.9933585884517696, -0.11159981883307708, 0.028003485239038933, -0.00953012941310305, 0.1150596137816304, 0.9634993931711721, -0.24172340522838617, 0.04388624555678196, -5.052803289839968e-06, 0.2433400908095679, 0.9699410292276853, 0.006287908907105184, 0.0, 0.0, 0.0, 1.0], "right_foot_pose": [1.0, -1.5368395913990935e-11, -3.8140853253487705e-09, -2.869947757730944e-10, 3.694255679869084e-11, 0.9999840019001318, 0.005656495717047804, -0.14000000150570435, 3.8139373864923715e-09, -0.0056564957170479584, 0.999984001900132, 7.610061705798365e-09, 0.0, 0.0, 0.0, 1.0]}, {"left_foot_pose": [0.992778010570314, -0.1176191140284879, 0.023612830054955174, -0.009938465332847927, 0.11996591901691726, 0.973359607102114, -0.1953951215779076, 0.04576663513954567, -1.573899378247312e-06, 0.1968167149333924, 0.9804402994167223, 0.0009158388932925393, 0.0, 0.0, 0.0, 1.0], "right_foot_pose": [1.0, 4.661038108134514e-10, -4.783803575492132e-09, 4.952089916977019e-10, -1.818600364746902e-10, 0.9982433668133031, 0.059246777239283344, -0.14000000164280194, 4.803015219632849e-09, -0.05924677723928348, 0.9982433668133032, 9.803732471669324e-09, 0.0, 0.0, 0.0, 1.0]}, {"left_foot_pose": [0.9926884272147884, -0.11945692552645819, 0.01731269527245707, -0.009999998916173971, 0.12070495629356234, 0.9824245036393354, -0.1423812072401964, 0.046050002114583904, 5.209956234063667e-09, 0.1434299048063988, 0.9896604783496351, 1.1262705289227792e-08, 0.0, 0.0, 0.0, 1.0], "right_foot_pose": [1.0, 9.377002483821446e-10, -5.178964257446244e-09, 1.0056943124272697e-09, -3.355092549813635e-10, 0.9933569740753507, 0.11507355063550845, -0.14000000169980434, 5.252464410261822e-09, -0.11507355063550859, 0.993356974075351, 1.1109357066219072e-08, 0.0, 0.0, 0.0, 1.0]}, {"left_foot_pose": [0.99268842723113, -0.12025561234177629, 0.010405486134288693, -0.009999999012230962, 0.12070495615916738, 0.9889929796655915, -0.08557569591180446, 0.04605000165296524, 4.976628360358028e-09, 0.08620599673155248, 0.9962773339424724, 1.0118390098012853e-08, 0.0, 0.0, 0.0, 1.0], "right_foot_pose": [1.0, 1.2711019303983967e-09, -4.8278465114570745e-09, 9.83395519963704e-10, -4.232368802361911e-10, 0.9851476615082531, 0.17170930383884292, -0.1400000018581329, 4.974401541746444e-09, -0.17170930383884309, 0.9851476615082533, 1.1373128605551841e-08, 0.0, 0.0, 0.0, 1.0]}, {"left_foot_pose": [0.9926884272494455, -0.12064613218481482, 0.0037679163827563527, -0.009999999232381216, 0.12070495600853895, 0.9922046537606041, -0.030987717740696457, 0.046050001080614446, 4.120697761837539e-09, 0.031215954969285975, 0.999512663329163, 8.063282520842652e-09, 0.0, 0.0, 0.0, 1.0], "right_foot_pose": [0.9999999997612148, -2.123984241062607e-05, -5.141921145701446e-06, 3.004858108756339e-06, 2.185173365244504e-05, 0.9747404611226795, 0.22334062096458748, -0.13998412658284518, 2.683189954833791e-07, -0.2233406210236172, 0.9747404613540537, 3.740774831709898e-05, 0.0, 0.0, 0.0, 1.0]}, {"left_foot_pose": [0.992688427262632, -0.12068731340811652, -0.002063676615700906, -0.009999999571167054, 0.12070495590009221, 0.9925433342375743, 0.01697183790037726, 0.0460500011006892, 2.949140982675861e-09, -0.01709684306797222, 0.9998538382969333, 5.691489710080155e-09, 0.0, 0.0, 0.0, 1.0], "right_foot_pose": [0.9999974771330735, -0.0021660850209892345, -0.00059481355872214, 0.000309020773822601, 0.0022462676010103037, 0.9646603755717567, 0.2634868385396535, -0.1383670792741767, 3.0581767635470603e-06, -0.26348750990784897, 0.9646628074686039, 0.003492988831571349, 0.0, 0.0, 0.0, 1.0]}, {"left_foot_pose": [0.9926884272680405, -0.12050799936167379, -0.0068926379530678435, -0.009999999821805083, 0.1207049558556123, 0.9910686402522466, 0.056685659036997696, 0.04605000088347473, 1.9608511881668466e-09, -0.057103173277943536, 0.9983682825498766, 3.6931761399072727e-09, 0.0, 0.0, 0.0, 1.0], "right_foot_pose": [0.999970718872028, -0.007321751952481343, -0.0022256115800714637, 0.0010528208432331431, 0.0076525397541196555, 0.9569667283352671, 0.29009674161321897, -0.13443671065344154, 5.819848010852603e-06, -0.2901052788344976, 0.9569947372679158, 0.010538498135620834, 0.0, 0.0, 0.0, 1.0]}, {"left_foot_pose": [0.9926884272686547, -0.12022769075038502, -0.010723280454958264, -0.009999999988905654, 0.1207049558505614, 0.9887633569805094, 0.08818921433910576, 0.04605000052869841, 1.1914060854002594e-09, -0.08883876557823417, 0.9960460198858969, 2.179505020905026e-09, 0.0, 0.0, 0.0, 1.0], "right_foot_pose": [0.9998787178983148, -0.014846805465659807, -0.00470338829856294, 0.002142749849919884, 0.015573998522823805, 0.9533465359940937, 0.30147609006034576, -0.12867733912421894, 8.002080196302751e-06, -0.3015127769689497, 0.9534621362489645, 0.018295210738570156, 0.0, 0.0, 0.0, 1.0]}, {"left_foot_pose": [0.9926884272670107, -0.11993691853084086, -0.013594923445023306, -0.010000000085791515, 0.1207049558640807, 0.9863720196539906, 0.11180586958455781, 0.04605000014682996, 6.23875824707568e-10, -0.11262936747152237, 0.9936370693482429, 1.1341918446095e-09, 0.0, 0.0, 0.0, 1.0], "right_foot_pose": [0.9996788061237841, -0.024225333646572752, -0.007444313039971335, 0.003487154105934574, 0.02534333253764704, 0.9556842020421458, 0.29330090600431724, -0.12157327530215722, 9.10006056034718e-06, -0.2933953632503068, 0.955991192815294, 0.023884420656058218, 0.0, 0.0, 0.0, 1.0]}, {"left_foot_pose": [0.992688427264838, -0.11969897651998668, -0.015551250577729913, -0.010000000110533385, 0.12070495588195101, 0.9844151626597177, 0.1278948832095285, 0.046049999970290516, 2.447139607265044e-10, -0.1288368834833811, 0.9916657992762941, 5.009275425016391e-10, 0.0, 0.0, 0.0, 1.0], "right_foot_pose": [0.9993412033572503, -0.03501810344207584, -0.009533714061317556, 0.004994380750854217, 0.03629268790354235, 0.964308293778953, 0.2622829680971693, -0.1136088291360264, 8.787431923960191e-06, -0.2624561810673256, 0.9649439118116331, 0.02500000521726581, 0.0, 0.0, 0.0, 1.0]}, {"left_foot_pose": [0.9926884272631675, -0.11954932063311142, -0.016662722284827774, -0.010000000073335572, 0.12070495589568743, 0.9831843788401285, 0.13703572828635655, 0.04605000000281549, 4.0296052710727956e-11, -0.13804505474993833, 0.9904259502148999, 1.4151470273393585e-10, 0.0, 0.0, 0.0, 1.0], "right_foot_pose": [0.9988591150684719, -0.046600040738488724, -0.010435729385156287, 0.006572774537782021, 0.04775424786993951, 0.9747508786802515, 0.218128990100935, -0.10526832601964634, 7.416562901441483e-06, -0.21837848043076194, 0.9758641499869468, 0.025000007317237574, 0.0, 0.0, 0.0, 1.0]}, {"left_foot_pose": [0.9926884272623588, -0.11950312383623081, -0.016990873219694873, -0.010000000015264349, 0.12070495590233782, 0.982804452097137, 0.13973447161907504, 0.04605000003094785, -2.075080870809123e-11, -0.140763675468602, 0.9900432251515946, 4.251848179093187e-11, 0.0, 0.0, 0.0, 1.0], "right_foot_pose": [0.9982543832578145, -0.058236895432507395, -0.009831089306045093, 0.008130681401410756, 0.059060869256727266, 0.9843426935890344, 0.16607611297391264, -0.09703608120671697, 5.403703327616269e-06, -0.16636684041078403, 0.9860639301701145, 0.024992558375066976, 0.0, 0.0, 0.0, 1.0]}, {"left_foot_pose": [0.9926884272625043, -0.1195635808487052, -0.016560087974770914, -0.010000000007037685, 0.12070495590114393, 0.9833016560994529, 0.13619165441750763, 0.046050000141905724, 4.687807391948156e-11, -0.13719476391870794, 0.9905440912717067, 2.3181420671924968e-10, 0.0, 0.0, 0.0, 1.0], "right_foot_pose": [0.9975786824679628, -0.06914478225124808, -0.007468023360370864, 0.009576447963648285, 0.0695469070179215, 0.9918154300346302, 0.107076516890784, -0.08939640106283303, 3.1183560395805047e-06, -0.1073366285694184, 0.994222735687344, 0.021837798994007833, 0.0, 0.0, 0.0, 1.0]}, {"left_foot_pose": [0.9926884272633915, -0.11971726478960996, -0.01540983090852369, -0.009999999986009271, 0.12070495589384454, 0.9845655669067737, 0.12673183532250132, 0.046050000295125335, 2.1781060401135565e-10, -0.127665269250642, 0.9918173113165357, 5.763355903631862e-10, 0.0, 0.0, 0.0, 1.0], "right_foot_pose": [0.9969102693042763, -0.07845340737577781, -0.0038701197404504666, 0.010818416877097944, 0.07854880619280541, 0.9957002367403281, 0.049103193388410876, -0.0828336229409605, 1.1663074272490513e-06, -0.04925547102997639, 0.9987862126462574, 0.014923784516152123, 0.0, 0.0, 0.0, 1.0]}, {"left_foot_pose": [0.9926884272653943, -0.11993324710955798, -0.013627274530051107, -0.010000000149463537, 0.12070495587737791, 0.986341825298401, 0.11207192910653375, 0.0460500002862985, 4.66233866984212e-10, -0.1128973866162425, 0.9936066526021371, 1.0116569040818923e-09, 0.0, 0.0, 0.0, 1.0], "right_foot_pose": [0.9963463143570455, -0.08540503858481015, -3.53759641881525e-05, 0.011764934599076453, 0.08540504591141986, 0.9963462289101961, 0.00041263700703600414, -0.07783206450077905, 5.4290053521990566e-09, -0.0004141506469734434, 0.9999999142396172, 0.0071292183027017245, 0.0, 0.0, 0.0, 1.0]}, {"left_foot_pose": [0.9926884272656137, -0.12017287258360622, -0.011321089520358728, -0.010000000025827762, 0.1207049558755717, 0.9883125268688835, 0.09310565429188399, 0.046050000177150746, 6.60742134203358e-10, -0.09379141713956467, 0.9955918692270208, 1.368161722803407e-09, 0.0, 0.0, 0.0, 1.0], "right_foot_pose": [0.9959908316838895, -0.08939615637767563, 0.003254293553461306, 0.01232434789111347, 0.08945536988669507, 0.9953316583903297, -0.0362301891299381, -0.07487603774796403, -2.6174640312853116e-07, 0.03637605023713626, 0.999338172476703, 0.0013328067424510162, 0.0, 0.0, 0.0, 1.0]}, {"left_foot_pose": [0.9926884272637418, -0.1203875300771146, -0.008748084280088404, -0.009999999610236277, 0.12070495589096489, 0.9900778891812281, 0.07194502747101453, 0.04605000011571655, 6.598434551259307e-10, -0.07247493329680675, 0.9973702341876983, 1.4799820882704928e-09, 0.0, 0.0, 0.0, 1.0], "right_foot_pose": [0.995917263294791, -0.09010376997085517, 0.005487741653252275, 0.012436988464205127, 0.09027072987083704, 0.9940752677062404, -0.060543847444254464, -0.07428083845695743, 6.502082239541823e-10, 0.06079204530040077, 0.9981504532024189, 1.532534751880199e-09, 0.0, 0.0, 0.0, 1.0]}, {"left_foot_pose": [0.9926884272626287, -0.12054889249487395, -0.006136032684807072, -0.0099999993967974, 0.12070495590011943, 0.9914049479658495, 0.05046328140324076, 0.0460500002247817, 4.797798741466187e-10, -0.050834965005315993, 0.9987070673290088, 1.3702228796041993e-09, 0.0, 0.0, 0.0, 1.0], "right_foot_pose": [0.9959172632945239, -0.08996474696030711, 0.007426235675876349, 0.012436988672370662, 0.09027072987378439, 0.9925414879427303, -0.08193039753647878, -0.07428083830905337, 4.751786722812917e-10, 0.08226626900983831, 0.9966103857492159, 1.4942903650561057e-09, 0.0, 0.0, 0.0, 1.0]}, {"left_foot_pose": [0.9926884272629168, -0.1206462332761415, -0.003764674561820959, -0.009999999954791101, 0.12070495589774954, 0.9922054872573901, 0.03096101868557222, 0.04605000003480074, 4.751702579169478e-10, -0.031189059822392586, 0.9995135029340003, 1.0833630728623866e-09, 0.0, 0.0, 0.0, 1.0], "right_foot_pose": [0.9959172632947614, -0.08980322165497684, 0.009175295736932024, 0.012436988097001273, 0.09027072987116624, 0.9907594502140514, -0.10122700795774864, -0.0742808385247287, 4.732255969576951e-10, 0.10164198537975451, 0.9948210426041771, 1.046577137453486e-09, 0.0, 0.0, 0.0, 1.0]}, {"left_foot_pose": [0.9929504160549413, -0.11852763825191384, -0.0008186737707174221, -0.009503482472564549, 0.11853046551968201, 0.9929267266768508, 0.006858877056994521, 0.04754134981362563, -8.343125147654903e-08, -0.006907562610564442, 0.9999761425047975, 0.002844458987775779, 0.0, 0.0, 0.0, 1.0], "right_foot_pose": [0.9959172632949513, -0.08964687496935832, 0.010594455121538534, 0.012436988058377476, 0.09027072986906703, 0.9890345461663465, -0.1168839673284394, -0.07428083878158381, 2.9200427333163667e-10, 0.11736313006118214, 0.9930890673561168, 6.483909173460312e-10, 0.0, 0.0, 0.0, 1.0]}, {"left_foot_pose": [0.9936598183852557, -0.11237648073069136, 0.0034193427973807033, -0.008110867799634843, 0.11242848983276824, 0.9931999619485505, -0.030226978997607713, 0.05172426794273314, 7.103866238853151e-07, 0.030419766008027687, 0.9995372118313122, 0.00961703949557223, 0.0, 0.0, 0.0, 1.0], "right_foot_pose": [0.9959172632954258, -0.08951804451299732, 0.01163290061498548, 0.012436988038428147, 0.09027072986383296, 0.9876132167214726, -0.12834067744451438, -0.07428083880861305, 8.013914182717563e-11, 0.12886680667896977, 0.9916619112058126, 3.249334412647187e-10, 0.0, 0.0, 0.0, 1.0]}, {"left_foot_pose": [0.9946612395979315, -0.1028652568619456, 0.008231486635652449, -0.006005194957870702, 0.10319408139645166, 0.9914898514212385, -0.07936533307076692, 0.05804897803788713, 2.4999108990876538e-06, 0.07979106127516482, 0.9968116103528964, 0.01743949440619358, 0.0, 0.0, 0.0, 1.0], "right_foot_pose": [0.9959172632958007, -0.0894402254694165, 0.012216821901882694, 0.012436988046989547, 0.09027072985969697, 0.9867546737361735, -0.13478282231210292, -0.07428083868824908, -9.288671983601653e-11, 0.1353353609660025, 0.9907998486436108, 1.0852969911656629e-10, 0.0, 0.0, 0.0, 1.0]}, {"left_foot_pose": [0.9957937624582128, -0.09076266859872359, 0.012526796803471513, -0.0033695732484683365, 0.09162304635671255, 0.9864352951316133, -0.1362006824319302, 0.06596547898477668, 5.062900602960086e-06, 0.1367755332924933, 0.9906020661531666, 0.023433118999181823, 0.0, 0.0, 0.0, 1.0], "right_foot_pose": [0.9959172632956016, -0.08943046158043685, 0.01228809225669783, 0.012436988114503743, 0.09027072986189444, 0.9866469531400575, -0.13556911591377488, -0.07428083855651826, -1.7275460195081068e-10, 0.13612487796487316, 0.9906916864489417, 4.919532142766414e-11, 0.0, 0.0, 0.0, 1.0]}, {"left_foot_pose": [0.9969129810294395, -0.07706419913784571, 0.015020568106439485, -0.0003871115963841941, 0.07851438209224905, 0.9784808834090833, -0.19081575565883813, 0.07492375819078312, 7.72464263573431e-06, 0.1914060344247887, 0.9815109423364101, 0.025000008305614836, 0.0, 0.0, 0.0, 1.0], "right_foot_pose": [0.9959172632944182, -0.08949678926325712, 0.011795311938398693, 0.012436988285637005, 0.09027072987494887, 0.9873787170560008, -0.1301324879985399, -0.074280838540969, -1.1430285806423482e-10, 0.1306659627309814, 0.9914264502138248, 2.3743257360209213e-10, 0.0, 0.0, 0.0, 1.0]}, {"left_foot_pose": [0.9979066136697976, -0.0627959317666781, 0.015461608830670284, 0.0027590710877108504, 0.06467140246063612, 0.9689307296168357, -0.23872756629254513, 0.08437379804978294, 9.892038380091619e-06, 0.2392277411960027, 0.9709634842487163, 0.02500000682852707, 0.0, 0.0, 0.0, 1.0], "right_foot_pose": [0.9959172632921671, -0.08963285879455021, 0.010712390067412562, 0.012436988557927488, 0.09027072989978632, 0.9888799117713836, -0.1181850896618556, -0.07428083850347197, 1.0855874997452496e-10, 0.11866958632833105, 0.9929337990423445, 7.004264113152914e-10, 0.0, 0.0, 0.0, 1.0]}, {"left_foot_pose": [0.9987036817338757, -0.0488962582955151, 0.014146095429521752, 0.005885864511539732, 0.05090143384723734, 0.9593007257465156, -0.2777609792870565, 0.09376560184450775, 1.1112975615182974e-05, 0.27812096919669227, 0.9605460563500299, 0.025000004386471507, 0.0, 0.0, 0.0, 1.0], "right_foot_pose": [0.995917263289021, -0.08982137687812373, 0.008995828957076315, 0.01243698884567348, 0.09027072993449715, 0.9909597480498185, -0.09924703049529299, -0.07428083848136348, 5.333485390586475e-10, 0.09965389104675523, 0.9950221615618627, 1.4973068687695879e-09, 0.0, 0.0, 0.0, 1.0]}, {"left_foot_pose": [0.9992771814645479, -0.03634698304830594, 0.011136041826259232, 0.008810159618574075, 0.03801466154131465, 0.9553578526732738, -0.2929953222210406, 0.10254916346208318, 1.0591003586178776e-05, 0.2932068726322734, 0.9560490205680003, 0.022459724917842643, 0.0, 0.0, 0.0, 1.0], "right_foot_pose": [0.9959172632859742, -0.09007110091069812, 0.006000122474599877, 0.012436988980933768, 0.09027072996810967, 0.993714842660576, -0.06619672791831677, -0.07428083897513466, 1.3994974120008062e-09, 0.06646809954257633, 0.9977885506174135, 3.0515971277678133e-09, 0.0, 0.0, 0.0, 1.0]}, {"left_foot_pose": [0.9996402197557641, -0.025672468467881217, 0.007768874398135053, 0.011348839273794898, 0.026822210416420477, 0.956696712647615, -0.28984818273990415, 0.11017447121299284, 8.661734194736561e-06, 0.2899522794737319, 0.9570411044218332, 0.015838561690585798, 0.0, 0.0, 0.0, 1.0], "right_foot_pose": [0.9959172632853772, -0.09023007231889899, 0.0027090107956427413, 0.012436989108580175, 0.09027072997469696, 0.9954687044763377, -0.029887350468678492, -0.07428083954517238, 2.3270579608212233e-09, 0.030009872667649082, 0.9995496023422106, 4.989003002386916e-09, 0.0, 0.0, 0.0, 1.0]}, {"left_foot_pose": [0.999835548652084, -0.017474920300397843, 0.0048479698927999006, 0.013318791941502843, 0.018134928158494965, 0.9633634050366575, -0.26758563903330806, 0.11609152919698779, 5.680932195171925e-06, 0.2676295518000063, 0.9635218850503895, 0.007998175301434533, 0.0, 0.0, 0.0, 1.0], "right_foot_pose": [0.995917263289821, -0.09026083926703854, -0.001336254513038264, 0.012436989068372031, 0.09027072992567291, 0.9958081445713539, 0.014742269975942423, -0.0742808400444936, 3.466573711735e-09, -0.014802705839378868, 0.9998904339475565, 7.501892600181304e-09, 0.0, 0.0, 0.0, 1.0]}, {"left_foot_pose": [0.9999185551634403, -0.012422180555750147, 0.002927878088194797, 0.014536907674943865, 0.012762563784532438, 0.9732080774698753, -0.22957167707066078, 0.11975033587618059, 2.3462177797987244e-06, 0.22959034687379662, 0.9732873535687528, 0.0018172758828688268, 0.0, 0.0, 0.0, 1.0], "right_foot_pose": [0.9959172633018836, -0.09006578989782486, -0.006079321291678235, 0.012436988729403877, 0.09027072979258875, 0.9936562550607446, 0.0670704265781091, -0.07428084029819212, 4.679458583878316e-09, -0.06734538045580393, 0.9977297227863179, 1.032544497819865e-08, 0.0, 0.0, 0.0, 1.0]}, {"left_foot_pose": [0.999935091570051, -0.011213537139522596, 0.00201723365417899, 0.014847324843450313, 0.011393535307137104, 0.9841377574257404, -0.17703971803592744, 0.12068273162497012, 5.6487390803338e-09, 0.1770512100886524, 0.9842016404203687, 1.2685150541091872e-08, 0.0, 0.0, 0.0, 1.0], "right_foot_pose": [0.995917263330968, -0.08955980049859236, -0.011306933006265956, 0.01243698655356885, 0.09027072947171652, 0.9880739042606198, 0.12474435907014005, -0.0742808400523128, 5.529067658588585e-09, -0.125255745791673, 0.9921244872223305, 1.2590075773588616e-08, 0.0, 0.0, 0.0, 1.0]}, {"left_foot_pose": [0.9999350915699664, -0.011314229148649577, 0.0013419633884121885, 0.014847321523630995, 0.011393535314553286, 0.9929748624890665, -0.11777567583273023, 0.12068273108384713, 5.0734342394441625e-09, 0.1177833209057723, 0.9930393191190412, 1.1625337928422574e-08, 0.0, 0.0, 0.0, 1.0], "right_foot_pose": [0.9959172633646045, -0.0887360270159483, -0.016574741077359505, 0.012436983208769537, 0.09027072910061489, 0.978985580135102, 0.182861776637933, -0.07428083970636913, 4.957279894841651e-09, -0.18361141412494714, 0.982998905697782, 1.3858306224800998e-08, 0.0, 0.0, 0.0, 1.0]}, {"left_foot_pose": [0.9999350915735877, -0.011373421202011206, 0.0006767051673072196, 0.014847325261613935, 0.011393534996734006, 0.9981698117294215, -0.059390355381409604, 0.12068273058132507, 4.857642382280919e-09, 0.05939421051090371, 0.9982346055701472, 9.548546203719255e-09, 0.0, 0.0, 0.0, 1.0], "right_foot_pose": [0.9959172633376939, -0.08768136263037607, -0.021465862042768718, 0.012436987360262754, 0.09027072939751112, 0.9673499307686212, 0.23682336636401727, -0.07428083986006154, 4.6954511758780765e-09, -0.23779421794741928, 0.9713155563002045, 1.3072762934662752e-08, 0.0, 0.0, 0.0, 1.0]}, {"left_foot_pose": [0.9999350915755322, -0.011393274227712469, 7.705974611338021e-05, 0.014847326368797873, 0.011393534826046008, 0.9999122185012764, -0.006763331725126967, 0.12068273051944704, 3.5113437278621454e-09, 0.006763770710821391, 0.9999771254412636, 6.9804923299998656e-09, 0.0, 0.0, 0.0, 1.0], "right_foot_pose": [0.9960703546087546, -0.08497349301263743, -0.02496706139738342, 0.012617372483731891, 0.08856550490695038, 0.9556618962147083, 0.28083178499572575, -0.07314230499640977, -3.1884821282909325e-06, -0.28193943606480437, 0.9594322041610307, 0.002250299617124564, 0.0, 0.0, 0.0, 1.0]}, {"left_foot_pose": [0.9999350915761357, -0.011385491007679577, -0.0004280527302710263, 0.014847326387045702, 0.011393534773100343, 0.9992291512606523, 0.037567148365178216, 0.12068273028840427, 2.336467144063678e-09, -0.03756958697445598, 0.9992940138590692, 4.690517356464863e-09, 0.0, 0.0, 0.0, 1.0], "right_foot_pose": [0.9965606806997432, -0.07872107421968377, -0.025880536257260264, 0.013220127230501859, 0.08286621528330308, 0.946684547840614, 0.31132227232312526, -0.06933790871968247, -6.9199412124885225e-06, -0.3123961577124661, 0.9499519148875916, 0.008710108054420518, 0.0, 0.0, 0.0, 1.0]}, {"left_foot_pose": [0.9999350915761532, -0.011362861926984383, -0.0008354659891644012, 0.014847326216718066, 0.011393534771560875, 0.9972431481794221, 0.07332319397438672, 0.12068272988718545, 1.40405441722937e-09, -0.07332795359223254, 0.997307881860951, 2.901406094546477e-09, 0.0, 0.0, 0.0, 1.0], "right_foot_pose": [0.9972632073417295, -0.06984647975635512, -0.024239730776800382, 0.014164353890195323, 0.07393304526243366, 0.9420960907892771, 0.3270915170679081, -0.06337824020625396, -1.0035418751042332e-05, -0.32798845251808456, 0.9446817320738677, 0.016558463784385365, 0.0, 0.0, 0.0, 1.0]}, {"left_foot_pose": [0.9999350915759109, -0.01133553840516664, -0.0011481307159801938, 0.014847325928352592, 0.011393534792854746, 0.9948451390193391, 0.10076376697264075, 0.1206827294406761, 7.113837220043327e-10, -0.1007703078225806, 0.9949097170403671, 1.6248916032135519e-09, 0.0, 0.0, 0.0, 1.0], "right_foot_pose": [0.9980408062717504, -0.05918526122268189, -0.0202892550488453, 0.015364935483624312, 0.06256635577829724, 0.9440449507113026, 0.3238280132433237, -0.05580053416978016, -1.1876772472061453e-05, -0.32446299618060875, 0.9458983898751728, 0.022916658594281665, 0.0, 0.0, 0.0, 1.0]}, {"left_foot_pose": [0.9999350915754561, -0.01131262324359902, -0.001355430313009725, 0.01484732539942527, 0.011393534832748317, 0.9928340207101939, 0.11895711279467924, 0.120682729201524, 3.2826516984273243e-10, -0.11896483461838417, 0.9928984681850513, 7.592290060531859e-10, 0.0, 0.0, 0.0, 1.0], "right_foot_pose": [0.9987707046940065, -0.04736197420070717, -0.014626101491814945, 0.01673675825760211, 0.04956893487399097, 0.9542317648335116, 0.29493161864774675, -0.04714202002035849, -1.1853074198866093e-05, -0.2952940608656624, 0.9554064148188305, 0.025000007282376238, 0.0, 0.0, 0.0, 1.0]}, {"left_foot_pose": [0.9999350915753152, -0.011295935600491552, -0.0014881112782311244, 0.014847325286810027, 0.011393534845115336, 0.9913694531307318, 0.130601664472579, 0.12068272922978313, 7.289793714084831e-11, -0.13061014217197886, 0.9914338055371205, 2.910280835766166e-10, 0.0, 0.0, 0.0, 1.0], "right_foot_pose": [0.9993608861875233, -0.03461515005066202, -0.00892247417807072, 0.01819469987551309, 0.035746594973725294, 0.9676572286447599, 0.24972318434484025, -0.03793994543327584, -1.0308861419646823e-05, -0.24988253087903695, 0.9682761592930059, 0.025000009988691875, 0.0, 0.0, 0.0, 1.0]}, {"left_foot_pose": [0.9999350915752665, -0.011288595556216202, -0.0015428048263578299, 0.014847325207470816, 0.0113935348493812, 0.990725264611474, 0.1354017630024113, 0.12068272925791376, -2.0296007868759285e-11, -0.1354105522878237, 0.9907895752020747, 1.0838244884903148e-10, 0.0, 0.0, 0.0, 1.0], "right_foot_pose": [0.9997599919187777, -0.021490307977845926, -0.004257372614949638, 0.019653642921074747, 0.021907955130380834, 0.98063168740584, 0.19463179379942014, -0.028731549928478237, -7.782699716766801e-06, -0.19467835092426738, 0.9808671365790769, 0.025000011367008808, 0.0, 0.0, 0.0, 1.0]}, {"left_foot_pose": [0.9999350915753088, -0.01129121186577313, -0.0015235389334724069, 0.014847325088130043, 0.011393534845674043, 0.9909548816155438, 0.13371091939720156, 0.12068272934761555, 2.377442301205698e-11, -0.13371959892598687, 0.9910192071110805, 2.2106301511559678e-10, 0.0, 0.0, 0.0, 1.0], "right_foot_pose": [0.9999607204708928, -0.008787047317253945, -0.0011598770522398447, 0.021028472928109675, 0.00886326647264241, 0.9912908786548748, 0.13139191909353018, -0.020054062330123922, -4.771467933424955e-06, -0.13139703838020947, 0.9913298231578341, 0.023024940726067103, 0.0, 0.0, 0.0, 1.0]}, {"left_foot_pose": [0.9999350915754092, -