{"LoopMode": "Wrap", "FrameDuration": 0.0167, "EnableCycleOffsetPosition": true, "EnableCycleOffsetRotation": false, "Debug_info": [{"left_foot_pose": [1.0000000000000007, 6.55148952460404e-14, -5.937805802602728e-12, 1.2989230868098731e-12, -5.251836126420707e-15, 0.999949059007015, 0.010093532136281698, -2.1301363450909605e-13, 5.93776045910796e-12, -0.010093532136281868, 0.9999490590070151, 1.3101214557664775e-11, 0.0, 0.0, 0.0, 1.0], "right_foot_pose": [0.9999999999999999, -1.1728946193308466e-13, -5.988987084037944e-12, 1.77287662003785e-12, 3.138414236007991e-14, 0.9998969999713856, -0.014352332501124823, -0.1400000000017644, 5.989853719607649e-12, 0.014352332501124672, 0.9998969999713858, 1.0474919542868832e-11, 0.0, 0.0, 0.0, 1.0]}, {"left_foot_pose": [1.0000000000000004, 1.1426589932057047e-13, -1.329159005081238e-11, 2.3564174305786546e-12, -1.2948757198424931e-14, 0.9999711371434551, 0.007597689124082547, 2.6264754260374445e-13, 1.3291736179252707e-11, -0.007597689124082719, 0.9999711371434551, 2.8409732899525864e-11, 0.0, 0.0, 0.0, 1.0], "right_foot_pose": [1.0000000000000002, -3.202377871620526e-13, -1.338151811580701e-11, 3.572799669083684e-12, 9.47902709223948e-14, 0.999858042600254, -0.016849173498686403, -0.1400000000031964, 1.3384907974515301e-11, 0.01684917349868625, 0.9998580426002541, 2.428865442105632e-11, 0.0, 0.0, 0.0, 1.0]}, {"left_foot_pose": [1.0000000000000004, 9.430297663838299e-14, -2.3389734593592958e-11, 3.6232756805210273e-12, 2.4136564877538374e-15, 0.9999915091247318, 0.004120883211477508, 1.1961820423067593e-12, 2.3389582395395684e-11, -0.0041208832114776805, 0.9999915091247318, 4.928837893380944e-11, 0.0, 0.0, 0.0, 1.0], "right_foot_pose": [0.9999999999999998, -6.929025757113281e-13, -2.354139105875674e-11, 5.903335249262554e-12, 2.1426886198087589e-13, 0.9997933589867528, -0.020328288811067286, -0.14000000000486923, 2.3550367175011556e-11, 0.020328288811067137, 0.9997933589867529, 4.3494562118606694e-11, 0.0, 0.0, 0.0, 1.0]}, {"left_foot_pose": [1.0000000000000002, -8.065658887564019e-14, -3.609434973128601e-11, 5.040189733254911e-12, 6.947582910052596e-14, 0.9999999491394038, -0.00031893759667827557, 2.668476550837795e-12, 3.609401985120539e-11, 0.00031893759667810177, 0.999999949139404, 7.555373687795353e-11, 0.0, 0.0, 0.0, 1.0], "right_foot_pose": [0.9999999999999998, -1.3176754891615576e-12, -3.6347702625505456e-11, 8.69356127478172e-12, 4.1690921596604867e-13, 0.9996931116883288, -0.024772614777347247, -0.140000000006657, 3.636904710736038e-11, 0.024772614777347095, 0.9996931116883288, 6.783707623414514e-11, 0.0, 0.0, 0.0, 1.0]}, {"left_foot_pose": [1.0000000000000007, -5.182180256661378e-13, -5.154959792363911e-11, 6.570243030088691e-12, 2.2404607832882964e-13, 0.9999836814715407, -0.005712861859473177, 4.814714599232772e-12, 5.155126482998179e-11, 0.005712861859473001, 0.9999836814715408, 1.076211550432582e-10, 0.0, 0.0, 0.0, 1.0], "right_foot_pose": [1.0, -2.309236776917426e-12, -5.1965987069024764e-11, 1.1925461168482667e-11, 7.402123986596909e-13, 0.9995446503111014, -0.030174360547620915, -0.14000000000844912, 5.2011866526087155e-11, 0.03017436054762077, 0.9995446503111016, 9.760471597619613e-11, 0.0, 0.0, 0.0, 1.0]}, {"left_foot_pose": [1.0000000000000004, -1.3607841369680806e-12, -7.021255798989044e-11, 8.192495323723276e-12, 5.134291904729333e-13, 0.999927133270161, -0.012071791504103898, 7.847398078575374e-12, 7.022350328580846e-11, 0.012071791504103722, 0.9999271332701611, 1.4658403657552554e-10, 0.0, 0.0, 0.0, 1.0], "right_foot_pose": [1.0, -3.830057189169403e-12, -7.08839653640325e-11, 1.5632227359855867e-11, 1.237050804381027e-12, 0.9993319784626263, -0.03654581811880838, -0.14000000001013205, 7.097653853554179e-11, 0.03654581811880823, 0.9993319784626263, 1.3370653889621664e-10, 0.0, 0.0, 0.0, 1.0]}, {"left_foot_pose": [1.0000000000000002, -2.808214838068224e-12, -9.286360569404903e-11, 9.891904252588951e-12, 1.0036886656089248e-12, 0.999811221569756, -0.019429905383011, 1.208286248832735e-11, 9.290032617531415e-11, 0.01942990538301082, 0.9998112215697561, 1.9426225211782722e-10, 0.0, 0.0, 0.0, 1.0], "right_foot_pose": [0.9999999999999998, -6.11450715265007e-12, -9.392409072717097e-11, 1.9889066163074275e-11, 1.9832627622263395e-12, 0.9990349241799835, -0.04392289003122157, -0.14000000001155904, 9.410183699131348e-11, 0.04392289003122143, 0.9990349241799834, 1.7770088178714616e-10, 0.0, 0.0, 0.0, 1.0]}, {"left_foot_pose": [1.0000000000000007, -5.149320403308522e-12, -1.2059320209090166e-10, 1.164379890976724e-11, 1.789732607625306e-12, 0.999612251217504, -0.027845057297027274, 1.7972599103410758e-11, 1.2068951461054544e-10, 0.027845057297027093, 0.9996122512175042, 2.5323663305210076e-10, 0.0, 0.0, 0.0, 1.0], "right_foot_pose": [1.0, -9.50195376201908e-12, -1.2224010692563065e-10, 2.479724905922961e-11, 3.087804120595126e-12, 0.9986279818285084, -0.052365579430771476, -0.14000000001250776, 1.2256992797340494e-10, 0.05236557943077134, 0.9986279818285084, 2.3179929503625019e-10, 0.0, 0.0, 0.0, 1.0]}, {"left_foot_pose": [1.0000000000000004, -8.802215387258023e-12, -1.5478851533856626e-10, 1.3395948495273127e-11, 3.007745929518857e-12, 0.9993004807384259, -0.03739718165786874, 2.6137706582440856e-11, 1.5500899072610756e-10, 0.03739718165786855, 0.999300480738426, 3.268930126587577e-10, 0.0, 0.0, 0.0, 1.0], "right_foot_pose": [0.9999999999999999, -1.4479405901636376e-11, -1.573061680915088e-10, 3.0463514750677214e-11, 4.705515789913897e-12, 0.9980788500422235, -0.061956509733786365, -0.14000000001262697, 1.5790087416714236e-10, 0.06195650973378622, 0.9980788500422239, 2.988650785185065e-10, 0.0, 0.0, 0.0, 1.0]}, {"left_foot_pose": [1.0000000000000004, -1.435727536438975e-11, -1.9701756892587218e-10, 1.5036814841516176e-11, 4.847874146489167e-12, 0.9988384826643787, -0.04818387228858348, 3.7384833076470336e-11, 1.9748034724692626e-10, 0.0481838722885833, 0.9988384826643788, 4.193229929949638e-10, 0.0, 0.0, 0.0, 1.0], "right_foot_pose": [0.9999999999999998, -2.1725089608153634e-11, -2.0081564189311494e-10, 3.696041255995587e-11, 7.048820956728619e-12, 0.9973468060714354, -0.0727966236793085, -0.1400000000113688, 2.018642055556309e-10, 0.07279662367930835, 0.9973468060714356, 3.822618541149403e-10, 0.0, 0.0, 0.0, 1.0]}, {"left_foot_pose": [1.0000000000000004, -2.2589903326207562e-11, -2.4861035452516903e-10, 1.6334573704656804e-11, 7.555419423182599e-12, 0.9981796910046958, -0.06031006935637595, 5.2628148367039884e-11, 2.4951989673407867e-10, 0.06031006935637578, 0.9981796910046961, 5.346253925675448e-10, 0.0, 0.0, 0.0, 1.0], "right_foot_pose": [0.9999999999999998, -3.2111140768200585e-11, -2.5425822558489115e-10, 4.4231865036644246e-11, 1.0384342345856142e-11, 0.9963813817618821, -0.08499495325184113, -0.14000000000792784, 2.5606719310757065e-10, 0.08499495325184099, 0.9963813817618822, 4.851339677203192e-10, 0.0, 0.0, 0.0, 1.0]}, {"left_foot_pose": [1.0000000000000004, -3.4342301387004287e-11, -3.095094180949326e-10, 1.6817412895827374e-11, 1.1387123872060089e-11, 0.9972682995148816, -0.07386432686146463, 7.253974851351153e-11, 3.1120041519166117e-10, 0.07386432686146444, 0.9972682995148819, 6.74705756542604e-10, 0.0, 0.0, 0.0, 1.0], "right_foot_pose": [0.9999999999999999, -4.6546315983058084e-11, -3.17747383959954e-10, 5.1888538443771326e-11, 1.4975243465298375e-11, 0.9951227061621907, -0.09864481578085395, -0.14000000000126955, 3.2078916987209793e-10, 0.09864481578085381, 0.9951227061621906, 6.083217957142395e-10, 0.0, 0.0, 0.0, 1.0]}, {"left_foot_pose": [1.0000000000000007, -4.997433024986963e-11, -3.7530506480365406e-10, 1.5514700465085174e-11, 1.6426142618296855e-11, 0.9960438312889812, -0.0888633003616707, 9.644821399867887e-11, 3.78260866817585e-10, 0.08886330036167049, 0.9960438312889816, 8.329939099604999e-10, 0.0, 0.0, 0.0, 1.0], "right_foot_pose": [1.0000000000000002, -6.530138897040842e-11, -3.869326525851587e-10, 5.874485295285687e-11, 2.085704338248873e-11, 0.9935073708111761, -0.11376776408044637, -0.13999999999051527, 3.918494802383934e-10, 0.1137677640804462, 0.9935073708111763, 7.446997116189458e-10, 0.0, 0.0, 0.0, 1.0]}, {"left_foot_pose": [1.0000000000000004, -6.758849463880029e-11, -4.300212963492799e-10, 1.0425830937526086e-11, 2.200901393483629e-11, 0.9944591715472052, -0.10512352793569642, 1.1938711477754715e-10, 4.3474357015655e-10, 0.10512352793569622, 0.9944591715472053, 9.779203280491089e-10, 0.0, 0.0, 0.0, 1.0], "right_foot_pose": [1.0, -8.588043071979608e-11, -4.454039914669745e-10, 6.180247409920345e-11, 2.7165369916920135e-11, 0.9914899061946949, -0.1301835854247195, -0.13999999997640697, 4.527935069327449e-10, 0.1301835854247194, 0.9914899061946949, 8.648255098164803e-10, 0.0, 0.0, 0.0, 1.0]}, {"left_foot_pose": [1.0000000000000004, -7.860158974721364e-11, -4.31815916357435e-10, -2.094012378280643e-12, 2.5348316855565605e-11, 0.9925342946112812, -0.12196587235980136, 1.2587768674632294e-10, 4.381785464389624e-10, 0.12196587235980118, 0.9925342946112813, 1.0170962336242262e-09, 0.0, 0.0, 0.0, 1.0], "right_foot_pose": [0.9999999999999999, -9.778123026190288e-11, -4.4944525878776124e-10, 5.456218109108681e-11, 3.055325401366481e-11, 0.9891052831573649, -0.14720984624062658, -0.13999999996521853, 4.589428154401544e-10, 0.14720984624062644, 0.9891052831573649, 8.871082896044769e-10, 0.0, 0.0, 0.0, 1.0]}, {"left_foot_pose": [0.999999994395103, 0.00010481264797366542, -1.4970085676359952e-05, 3.207873920637029e-05, -0.00010587564277640552, 0.9904521819816847, -0.13785667919280672, 2.6677827366507895e-05, 3.7803043527818737e-07, 0.13785668000510143, 0.9904521875274087, 0.00016386109950431577, 0.0, 0.0, 0.0, 1.0], "right_foot_pose": [0.9999999999999999, -8.064432504106167e-11, -3.3513442021515475e-10, 8.641754710705281e-12, 2.4936488672045592e-11, 0.9866248906634839, -0.16300713212393053, -0.14000000003054552, 3.4379741501155013e-10, 0.16300713212393036, 0.9866248906634839, 6.502645505390703e-10, 0.0, 0.0, 0.0, 1.0]}, {"left_foot_pose": [0.9999955307141901, 0.0029516431644980795, -0.00047576703918250776, 0.0009059496895703922, -0.0029897402610075115, 0.9873692741109931, -0.15840763237515756, 0.0007534403008035949, 2.1949508186854545e-06, 0.15840834682604565, 0.9873736859219121, 0.004191208985614404, 0.0, 0.0, 0.0, 1.0], "right_foot_pose": [0.9999999999999999, -5.1477722262239425e-11, -1.8060608564240937e-10, -5.974088490875807e-11, 1.8913084214496856e-11, 0.9844141892667451, -0.17586558495139762, -0.1400000001960804, 1.8684426097230976e-10, 0.17586558495139748, 0.984414189266745, 3.507797108337485e-10, 0.0, 0.0, 0.0, 1.0]}, {"left_foot_pose": [0.9999570093095149, 0.009112029957134475, -0.0017176853122721856, 0.0028098148876557895, -0.009272513950798016, 0.9827343503459304, -0.1847896564615984, 0.0023368180761664907, 4.219474007597568e-06, 0.1847976394876934, 0.9827765933425426, 0.011469801619004252, 0.0, 0.0, 0.0, 1.0], "right_foot_pose": [0.9999999999999999, -1.5096150657173246e-11, -4.507283435373128e-12, -6.273295763795491e-11, 1.4002218268126246e-11, 0.9827487140532167, -0.18494584349681686, -0.1400000001922007, 7.221258349118493e-12, 0.18494584349681675, 0.9827487140532165, 1.4491880612199637e-10, 0.0, 0.0, 0.0, 1.0]}, {"left_foot_pose": [0.999833929194706, 0.017802042045643528, -0.0038988883135709974, 0.0055225899146838986, -0.018223994921980936, 0.9767583544503933, -0.21356732666876843, 0.00459294554769542, 6.337204415920924e-06, 0.21360291269167167, 0.9769205677277325, 0.01912092584050927, 0.0, 0.0, 0.0, 1.0], "right_foot_pose": [1.0000000000000002, 1.2423945412203543e-11, 1.359696244485064e-10, -1.1652820060327167e-11, 1.3580025605025224e-11, 0.9818632025058254, -0.18959074757225045, -0.14000000009188493, -1.3585907569821568e-10, 0.18959074757225028, 0.9818632025058255, 2.957060984964954e-11, 0.0, 0.0, 0.0, 1.0]}, {"left_foot_pose": [0.9995761242774794, 0.02826780733657049, -0.0069643982365096046, 0.00882319295797815, -0.0291130848081266, 0.9706215165542708, -0.23884367250325683, 0.007337952416426225, 8.207860327625336e-06, 0.23894518758550182, 0.9710330567299763, 0.024265877683398544, 0.0, 0.0, 0.0, 1.0], "right_foot_pose": [0.9999999999999999, 1.5913523962696993e-11, 1.967070950570359e-10, 9.532284205017877e-11, 2.160628210922439e-11, 0.9819237580088175, -0.18927686984373318, -0.14000000001615776, -1.9616350698038311e-10, 0.18927686984373307, 0.9819237580088176, 3.356263877929422e-11, 0.0, 0.0, 0.0, 1.0]}, {"left_foot_pose": [0.999150593444718, 0.0398504993015095, -0.010489486378726176, 0.01249053849215865, -0.04120790617269843, 0.966296000500617, -0.25411404503760615, 0.010387961933000886, 9.377160793732048e-06, 0.2543304486724561, 0.9671173779796004, 0.025000001157763643, 0.0, 0.0, 0.0, 1.0], "right_foot_pose": [1.0, -1.3896169156953656e-11, 1.4668388725880282e-10, 2.8258475677768983e-10, 4.058877524526736e-11, 0.983004140417784, -0.18358338683414135, -0.14000000003339153, -1.4163990101985854e-10, 0.18358338683414127, 0.9830041404177841, 2.1603618893806242e-10, 0.0, 0.0, 0.0, 1.0]}, {"left_foot_pose": [0.9985529920095858, 0.051869155872358436, -0.014195521046937574, 0.016303537787873627, -0.053776593907142685, 0.9631828228322509, -0.2634139854841501, 0.013559106618376442, 9.820961527156243e-06, 0.2637962101130088, 0.9645784361230366, 0.025000000772093543, 0.0, 0.0, 0.0, 1.0], "right_foot_pose": [1.0, -7.579906118523665e-11, -2.6887048143464237e-11, 5.266043641477891e-10, 7.00249882168588e-11, 0.9850100352776627, -0.1724970446190255, -0.14000000003286134, 3.955876540130361e-11, 0.17249704461902535, 0.9850100352776627, 5.864666252630713e-10, 0.0, 0.0, 0.0, 1.0]}, {"left_foot_pose": [0.9978137781242965, 0.06368710337682888, -0.01765267823268797, 0.020041108603327196, -0.0660883052885621, 0.9615981715930444, -0.2663856082692922, 0.01666751955624044, 9.455340326983397e-06, 0.2669698658133237, 0.963704877365583, 0.024910269433949785, 0.0, 0.0, 0.0, 1.0], "right_foot_pose": [1.0, -1.658432077042543e-10, -3.5131181297387477e-10, 7.573302311377748e-10, 1.0912732557265136e-10, 0.9878068346450645, -0.1556844803713536, -0.14000000008756483, 3.728472702906936e-10, 0.15568448037135352, 0.9878068346450645, 1.1864351237567128e-09, 0.0, 0.0, 0.0, 1.0]}, {"left_foot_pose": [0.9969990098444002, 0.07483849764116149, -0.01980337446246833, 0.0234821667218457, -0.07741430297254377, 0.9638524126120095, -0.25494225306387497, 0.01952932662169593, 8.035048955636218e-06, 0.25571023830269973, 0.966753471140712, 0.021163832692278443, 0.0, 0.0, 0.0, 1.0], "right_foot_pose": [1.0, -2.684347993618213e-10, -8.562026088121385e-10, 8.761120184947897e-10, 1.5262833975165367e-10, 0.9911840663435962, -0.1324920625040379, -0.1400000004517462, 8.842197027860436e-10, 0.13249206250403772, 0.9911840663435962, 2.094612351621894e-09, 0.0, 0.0, 0.0, 1.0]}, {"left_foot_pose": [0.9962057987402767, 0.08468716328988965, -0.02005220511963972, 0.02640562282225991, -0.08702876836063228, 0.9694171879945647, -0.22946962565521223, 0.02196066393759638, 5.82064223838896e-06, 0.23034409042695966, 0.9731092435957527, 0.01399681110893198, 0.0, 0.0, 0.0, 1.0], "right_foot_pose": [1.0, -3.3829915624195226e-10, -1.5020321653125263e-09, 9.057317305825949e-10, 1.8231736213044567e-10, 0.9947167844364498, -0.10265728790694469, -0.14000000076725108, 1.528825381461594e-09, 0.10265728790694455, 0.9947167844364498, 3.316821900467559e-09, 0.0, 0.0, 0.0, 1.0]}, {"left_foot_pose": [0.9955524786085648, 0.09238012920376149, -0.018470897775701364, 0.02859039475751164, -0.09420861067473908, 0.9762368688330444, -0.1951571510495821, 0.023777668068148156, 3.3285800871854672e-06, 0.19602930306296124, 0.9805980381020407, 0.006287909113445463, 0.0, 0.0, 0.0, 1.0], "right_foot_pose": [0.9999999999999998, -3.2509199782705007e-10, -2.22905766067427e-09, 7.741279932953791e-10, 1.7647307629078485e-10, 0.9977962735861257, -0.06635206415509091, -0.1400000008985701, 2.245715839492192e-09, 0.06635206415509075, 0.9977962735861259, 4.755943090739567e-09, 0.0, 0.0, 0.0, 1.0]}, {"left_foot_pose": [0.9951635215376227, 0.09702971010034529, -0.015323209803481315, 0.029815399743510763, -0.09823220144019888, 0.9829830387979898, -0.1552249336791058, 0.02479647041571823, 1.025021535931775e-06, 0.15597942426266864, 0.987760304530222, 0.0009158370728937909, 0.0, 0.0, 0.0, 1.0], "right_foot_pose": [0.9999999999999999, -1.830828299702796e-10, -2.8689400299874977e-09, 4.273136805842916e-10, 1.129172210513177e-10, 0.9997013486612545, -0.024437951732271927, -0.14000000069705656, 2.8725569948878598e-09, 0.02443795173227178, 0.9997013486612545, 6.1023077008171e-09, 0.0, 0.0, 0.0, 1.0]}, {"left_foot_pose": [0.9951035011897527, 0.09822239304996346, -0.011017414553124931, 0.030000000958161306, -0.09883836259214758, 0.9889019304497945, -0.11092317175763657, 0.024950001027393993, 3.145423647344735e-09, 0.11146897979352599, 0.993767913822836, 6.7207420531567585e-09, 0.0, 0.0, 0.0, 1.0], "right_foot_pose": [0.9999999999999998, 6.865914567095594e-11, -3.0770802017521252e-09, 9.623832723586044e-11, -5.109033941622092e-12, 0.9997868082870196, 0.020647953294562132, -0.14000000049591796, 3.077841606116467e-09, -0.02064795329456228, 0.9997868082870198, 6.662311778649066e-09, 0.0, 0.0, 0.0, 1.0]}, {"left_foot_pose": [0.995103501182789, 0.0986157804400715, -0.006629463172208583, 0.030000000799872934, -0.0988383626622577, 0.9928625478562596, -0.0667453304031203, 0.02495000074931132, 2.847644013552548e-09, 0.0670737572570177, 0.9977480198363852, 5.810843355102957e-09, 0.0, 0.0, 0.0, 1.0], "right_foot_pose": [1.0, 2.4225915703554167e-10, -2.74241013231702e-09, -5.762687479903781e-12, -6.381536837449816e-11, 0.9978929380584743, 0.06488207898199404, -0.14000000062054394, 2.7523498029173587e-09, -0.06488207898199418, 0.9978929380584746, 6.2257382096864156e-09, 0.0, 0.0, 0.0, 1.0]}, {"left_foot_pose": [0.9951035011770776, 0.09880445541673134, -0.002588732300923325, 0.030000000557009986, -0.09883836271975888, 0.9947621234139445, -0.02606330515990514, 0.024950000498932735, 2.167931818202152e-09, 0.02619155227901102, 0.9996569424503672, 4.303527756377434e-09, 0.0, 0.0, 0.0, 1.0], "right_foot_pose": [0.9999999999998834, -4.799097375404565e-07, -5.547178949516311e-08, 2.8285850757658593e-06, 4.830800238338811e-07, 0.9945028890645424, 0.10470913829291614, -0.14000463580943173, 4.915919889599974e-09, -0.10470913829293084, 0.9945028890646584, 3.740378580000675e-05, 0.0, 0.0, 0.0, 1.0]}, {"left_foot_pose": [0.9951035011752822, 0.09883496815164218, 0.000819157591603503, 0.03000000030976118, -0.09883836273783546, 0.9950693243996332, 0.008247283805120211, 0.024950000730076916, 1.4409624886737733e-09, -0.008287865184839843, 0.9999656550555518, 2.888165540060328e-09, 0.0, 0.0, 0.0, 1.0], "right_foot_pose": [0.9999999987651896, -4.917560086751384e-05, -7.168024579617754e-06, 0.0002909597911838794, 4.969525887978019e-05, 0.9896564607520857, 0.14345761472308413, -0.14047689920414236, 3.926743268711935e-08, -0.14345761490215828, 0.9896564619738419, 0.003492990011108553, 0.0, 0.0, 0.0, 1.0]}, {"left_foot_pose": [0.9951035011753188, 0.09877684154761301, 0.003486763901004222, 0.030000000107241655, -0.09883836273746915, 0.9944841062551265, 0.03510470705360695, 0.02495000064398166, 8.043966409665579e-10, -0.03527744293200571, 0.9993775572926282, 1.640061614294197e-09, 0.0, 0.0, 0.0, 1.0], "right_foot_pose": [0.9999999856671522, -0.00016639831687342437, -3.126171864337092e-05, 0.0009912825107782357, 0.00016930944393392914, 0.9828975502545436, 0.18415313474912326, -0.14162479559759578, 8.429500217010522e-08, -0.18415313740258882, 0.9828975643396294, 0.010538496688100002, 0.0, 0.0, 0.0, 1.0]}, {"left_foot_pose": [0.9951035011760115, 0.09869220225375312, 0.005373189141303086, 0.02999999997149137, -0.09883836273048976, 0.993631958995214, 0.05409720987343732, 0.02495000037921684, 3.256680599965628e-10, -0.05436340016627878, 0.9985212169615436, 7.026203716065105e-10, 0.0, 0.0, 0.0, 1.0], "right_foot_pose": [0.999999940629998, -0.000335784484690087, -7.738720778260706e-05, 0.0020174966136310927, 0.00034458668308294597, 0.9745428408100109, 0.22420109876173963, -0.14330687833375147, 1.338989001422865e-07, -0.22420111211752144, 0.9745428986582625, 0.018295207278564214, 0.0, 0.0, 0.0, 1.0]}, {"left_foot_pose": [0.9951035011763449, 0.09862672052804757, 0.006464668936853665, 0.02999999992677156, -0.09883836272713474, 0.9929726899246253, 0.06508621295846125, 0.02495000010563981, 3.1982984418331505e-11, -0.06540647568656568, 0.9978587038946265, 1.4144010962446885e-10, 0.0, 0.0, 0.0, 1.0], "right_foot_pose": [0.9999998427589321, -0.0005417837349528229, -0.0001447497689061576, 0.003283308379225513, 0.0005607870177659305, 0.9661949730545877, 0.2578118685436436, -0.14538169632898584, 1.782220130925118e-07, -0.2578119091788214, 0.9661951249543436, 0.023884416984502013, 0.0, 0.0, 0.0, 1.0]}, {"left_foot_pose": [0.9951035011757182, 0.09860715186113826, 0.006756593051431122, 0.030000000008719385, -0.0988383627334456, 0.9927756728112, 0.06802530063470165, 0.024950000011761474, -6.246083121855688e-11, -0.06836002542498218, 0.9976607173402675, 8.557932140718094e-12, 0.0, 0.0, 0.0, 1.0], "right_foot_pose": [0.9999996774595397, -0.0007715494037300993, -0.00022314195904165742, 0.004702427868678221, 0.0008031692061569518, 0.9607021977909145, 0.2775799742037112, -0.1477077914528763, 2.0630688643007617e-07, -0.2775800638936889, 0.9607025076103073, 0.0250000008587324, 0.0, 0.0, 0.0, 1.0]}, {"left_foot_pose": [0.9951035011740091, 0.09864061217206273, 0.006249126463016515, 0.030000000174512955, -0.09883836275065463, 0.9931125505882009, 0.06291613396394087, 0.024949999997113774, 4.906789526752105e-11, -0.06322571861607701, 0.9979992527579776, 2.409820329396517e-10, 0.0, 0.0, 0.0, 1.0], "right_foot_pose": [0.9999994413821717, -0.0010122641185343277, -0.0003042313252289374, 0.006188554000851146, 0.0010569935183471913, 0.9577409464753006, 0.2876302525974929, -0.1501437142817904, 2.1701326266924934e-07, -0.28763041349264484, 0.9577414814207449, 0.025000000411762903, 0.0, 0.0, 0.0, 1.0]}, {"left_foot_pose": [0.9951035011715357, 0.09871533858822402, 0.004929896912125757, 0.030000000367228972, -0.09883836277555305, 0.99386489487639, 0.04963414929452779, 0.024950000014655308, 3.768262936072375e-10, -0.04987837868010226, 0.9987552990298703, 8.673097032230181e-10, 0.0, 0.0, 0.0, 1.0], "right_foot_pose": [0.9999991451944514, -0.0012515911182616978, -0.00037832530804664927, 0.007655390426262619, 0.001307520677594609, 0.9572701314180496, 0.28919229914461386, -0.15254801908222687, 2.090042734038399e-07, -0.2891925466095953, 0.957270949619497, 0.0249925504085683, 0.0, 0.0, 0.0, 1.0]}, {"left_foot_pose": [0.9951035011692458, 0.09879929963234524, 0.0027785522970600342, 0.030000000608144818, -0.09883836279860853, 0.9947102133955064, 0.027974442013341132, 0.02495000046444349, 9.301843151190042e-10, -0.02811209275072369, 0.9996047770199861, 2.0476924808554564e-09, 0.0, 0.0, 0.0, 1.0], "right_foot_pose": [0.9999988141826444, -0.0014805312845581277, -0.00042386368152207685, 0.009016645837297672, 0.001540010802897823, 0.961408038337643, 0.27512217683511475, -0.15477925101146758, 1.789606944774548e-07, -0.27512250334511124, 0.9614091783174774, 0.021837792212090708, 0.0, 0.0, 0.0, 1.0]}, {"left_foot_pose": [0.9951035011689089, 0.09883813486001165, -0.00021227052114320067, 0.030000000834168022, -0.09883836280200073, 0.9951012062885258, -0.002137119964274389, 0.02495000096695385, 1.7004078915236194e-09, 0.0021476360296481646, 0.9999976938270834, 3.738774172201698e-09, 0.0, 0.0, 0.0, 1.0], "right_foot_pose": [0.9999984866750904, -0.0016867798092036444, -0.0004259359153981809, 0.010186016025212645, 0.0017397262748768457, 0.9695832282983152, 0.24475566746268668, -0.15669596487042636, 1.3140183548996212e-07, -0.24475603807974197, 0.9695846955390182, 0.014923778614345476, 0.0, 0.0, 0.0, 1.0]}, {"left_foot_pose": [0.9951035011694457, 0.09875658678361418, -0.0040197670533087025, 0.030000001348350926, -0.09883836279659994, 0.9942801822663639, -0.04047094256444816, 0.024950001323306673, 2.566851249364571e-09, 0.04067008383588245, 0.9991726298697254, 5.830809793327951e-09, 0.0, 0.0, 0.0, 1.0], "right_foot_pose": [0.9999982102976714, -0.0018519838978582372, -0.00038672612452921474, 0.011077201801894584, 0.0018919306137605912, 0.9788923793389599, 0.20436763508604328, -0.15815671816411167, 7.768677011481607e-08, -0.20436800098780533, 0.978894131238022, 0.007129214231452546, 0.0, 0.0, 0.0, 1.0]}, {"left_foot_pose": [0.9951035011807031, 0.09846782090666807, -0.00855044933322069, 0.030000001062420605, -0.09883836268325955, 0.9913728939635469, -0.08608578963124881, 0.024950001475006513, 3.5841446239631128e-09, 0.08650938307626264, 0.9962510359541744, 7.919829396463296e-09, 0.0, 0.0, 0.0, 1.0], "right_foot_pose": [0.9999980360615265, -0.0019569455969297017, -0.00031342785522297135, 0.011603908741520345, 0.0019818862452051014, 0.9874160736064709, 0.1581314949985969, -0.15902006251536993, 2.896928958911179e-08, -0.15813180561642534, 0.9874180128256159, 0.0013328077532314894, 0.0, 0.0, 0.0, 1.0]}, {"left_foot_pose": [0.9951035012228346, 0.09790624515547125, -0.013542119982250295, 0.029999997977689857, -0.09883836225907837, 0.9857189625398096, -0.1363418682407783, 0.024950001470767036, 4.082556607348535e-09, 0.1370127514102222, 0.9905692837712069, 9.266452008493964e-09, 0.0, 0.0, 0.0, 1.0], "right_foot_pose": [0.999998000001173, -0.0019883365506180705, -0.00021566505369806767, 0.011709958634905352, 0.0019999984134728187, 0.9941672968308359, 0.10783035712829059, -0.15919390385430102, 4.103111370844199e-09, -0.10783057279746819, 0.9941692851673553, 9.140764214987662e-09, 0.0, 0.0, 0.0, 1.0]}, {"left_foot_pose": [0.9951035012554988, 0.09707729402107292, -0.018574734845885604, 0.029999995135420704, -0.09883836193021775, 0.9773730957448136, -0.18701018668819053, 0.024950001475173657, 3.2208969839836366e-09, 0.1879303879093181, 0.9821823503302505, 9.926389508974065e-09, 0.0, 0.0, 0.0, 1.0], "right_foot_pose": [0.999998000001268, -0.001996978299065512, -0.00010986872554595914, 0.011709956068934737, 0.001999998365944779, 0.9984880557924765, 0.05493270834663476, -0.15919390282942267, 3.1836854263560083e-09, -0.05493281821855944, 0.9984900527709664, 8.909040526139389e-09, 0.0, 0.0, 0.0, 1.0]}, {"left_foot_pose": [0.9951035012062328, 0.09606442337101692, -0.023251848302694295, 0.030000000491781496, -0.0988383624262229, 0.9671755229309279, -0.23409930789344488, 0.02495000125457012, 3.5169305437465108e-09, 0.23525121552434394, 0.9719345994429458, 9.251730222203935e-09, 0.0, 0.0, 0.0, 1.0], "right_foot_pose": [0.999998000000629, -0.001999984252989393, -7.597981376717057e-06, 0.011709961215951819, 0.0019999986853780514, 0.9999907906210979, 0.0037971934701635777, -0.15919390343545903, 3.5842581296793843e-09, -0.0037972010717319425, 0.9999927906060229, 7.010445945976329e-09, 0.0, 0.0, 0.0, 1.0]}, {"left_foot_pose": [0.9953940036394064, 0.09221937131438353, -0.02619857005819515, 0.029629590044069273, -0.09586854278826985, 0.9574915178805248, -0.2720647270237426, 0.023733840163777338, -4.729471628539641e-06, 0.27332321661584064, 0.9619222521786278, 0.0028444566317428754, 0.0, 0.0, 0.0, 1.0], "right_foot_pose": [0.9999980000004729, -0.0019982845404268013, 8.278858249289872e-05, 0.01170996173333947, 0.001999998763473057, 0.9991408371895963, -0.04139550054074639, -0.15919390368512487, 2.5351518402484307e-09, 0.041395583326827357, 0.9991428354750043, 4.92909971866462e-09, 0.0, 0.0, 0.0, 1.0]}, {"left_foot_pose": [0.9961614385550311, 0.08351927948108914, -0.02620912610011639, 0.0285906733045981, -0.08753506866382456, 0.9504287314977038, -0.2983669520869999, 0.02032279411692762, -9.4863862779619e-06, 0.2995158698610581, 0.9540913182769157, 0.009617037624587037, 0.0, 0.0, 0.0, 1.0], "right_foot_pose": [0.9999980000004491, -0.00199376353613459, 0.00015780387777343272, 0.01170996187374874, 0.001999998775464124, 0.9968803217436162, -0.07890262432417998, -0.1591939036003063, 1.5948355055512276e-09, 0.07890278212652892, 0.9968823155080514, 3.1670697175911755e-09, 0.0, 0.0, 0.0, 1.0]}, {"left_foot_pose": [0.997189285364035, 0.07118646894465004, -0.023366980856727584, 0.027019799454414115, -0.07492348748560881, 0.9473960887739376, -0.31117056737236537, 0.015165195853552896, -1.3347660623210337e-05, 0.31204669140216545, 0.9500667672362832, 0.01743949305515695, 0.0, 0.0, 0.0, 1.0], "right_foot_pose": [0.9999980000004903, -0.0019881853977365047, 0.0002170572348884739, 0.011709961807915052, 0.0019999987547470468, 0.9940912841646112, -0.1085288844176301, -0.15919390333042144, 8.378642635522022e-10, 0.10852910147411385, 0.9940932723508503, 1.8322802095016577e-09, 0.0, 0.0, 0.0, 1.0]}, {"left_foot_pose": [0.9982507900754872, 0.0562802918778378, -0.018107701671156665, 0.025053573380921804, -0.05912156859783758, 0.9501962904298201, -0.3059928917147272, 0.008709551931987688, -1.5498302105611262e-05, 0.30652820163820965, 0.9518615767853267, 0.02343311667116542, 0.0, 0.0, 0.0, 1.0], "right_foot_pose": [0.9999980000005511, -0.001982904457493612, 0.0002609306615418808, 0.011709961608285748, 0.0019999987244198043, 0.9914508597515378, -0.13046529309758545, -0.15919390300841385, 2.825101667956197e-10, 0.13046555402806126, 0.9914528426567505, 9.111628188063214e-10, 0.0, 0.0, 0.0, 1.0]}, {"left_foot_pose": [0.999149974730068, 0.03959477745041789, -0.011470902124824616, 0.022828600256582038, -0.041222903367495754, 0.9595843024193506, -0.27838577332242287, 0.0014043659895403397, -1.5325126493595414e-05, 0.27862200227013856, 0.9604008431983596, 0.025000004815420633, 0.0, 0.0, 0.0, 1.0], "right_foot_pose": [0.999998000000601, -0.0019788600811719184, 0.00029001306376259556, 0.011709961350480462, 0.0019999986995018304, 0.9894287099529067, -0.145006303056554, -0.15919390282487247, -6.691145581709155e-11, 0.1450065930697852, 0.9894306888136702, 3.6821877491544086e-10, 0.0, 0.0, 0.0, 1.0]}, {"left_foot_pose": [0.999750706869701, 0.021695397974411078, -0.0052757767453217716, 0.02048148534202154, -0.022327649597940553, 0.971299659110646, -0.23680888554903357, -0.0063018420288911275, -1.3302861588313724e-05, 0.23686764641519853, 0.9715419280220281, 0.025000006833268612, 0.0, 0.0, 0.0, 1.0], "right_foot_pose": [0.9999980000006259, -0.001976520206728448, 0.00030555297465813, 0.011709961105860575, 0.0019999986869816935, 0.9882587924026548, -0.1527761736793358, -0.15919390282794368, -2.1936703665566227e-10, 0.15277647923263207, 0.9882607689235069, 7.556018311039026e-11, 0.0, 0.0, 0.0, 1.0]}, {"left_foot_pose": [0.9999937307205163, 0.0034802208814911488, -0.0006531326666847165, 0.01814883390522901, -0.003540962743513264, 0.9823043436140086, -0.1872582123697167, -0.01396056067880945, -1.0124885479539566e-05, 0.18725935111408673, 0.9823105086060208, 0.025000008038046938, 0.0, 0.0, 0.0, 1.0], "right_foot_pose": [0.9999980000006274, -0.0019760427949438667, 0.0003086253673719842, 0.011709960897930513, 0.0019999986862084002, 0.9880200868670331, -0.15431237135277193, -0.15919390282793836, -2.1269796696411036e-10, 0.15431267997845516, 0.9880220629104731, 1.9074207491254214e-11, 0.0, 0.0, 0.0, 1.0]}, {"left_foot_pose": [0.9999015702033752, -0.013918823396019731, 0.0017652932040037382, 0.015967250251083382, 0.014030319579763403, 0.9920101419752736, -0.12537554925378436, -0.02112328895251478, -6.10863368968485e-06, 0.12538797619177353, 0.9921077841591693, 0.022459727826969395, 0.0, 0.0, 0.0, 1.0], "right_foot_pose": [0.9999980000006343, -0.001978761325770563, 0.00029068599333343943, 0.011709960864861788, 0.001999998682771014, 0.9893793298485148, -0.14534284183877982, -0.15919390299686847, 8.112729550439828e-11, 0.14534313252479206, 0.989381308610528, 2.367511256484711e-10, 0.0, 0.0, 0.0, 1.0]}, {"left_foot_pose": [0.9995712086810982, -0.02921599931938522, 0.0019555458518005693, 0.014073341997015829, 0.029281372383049106, 0.9973456846475709, -0.06666473240202747, -0.027341496957472646, -2.6784399393406485e-06, 0.06669340820979511, 0.9977735160316635, 0.01583856495286428, 0.0, 0.0, 0.0, 1.0], "right_foot_pose": [0.999998000000611, -0.0019818995735769516, 0.00026845643641222323, 0.01170996086406642, 0.0019999986944985487, 0.9909484321754556, -0.13422818174373327, -0.15919390316566495, 2.913896574851396e-10, 0.134228450199974, 0.9909504140757567, 6.152881537602184e-10, 0.0, 0.0, 0.0, 1.0]}, {"left_foot_pose": [0.9991545687847226, -0.041106143144432915, 0.0006577783859852465, 0.012603714732058754, 0.04111140567304896, 0.9990268451390353, -0.015975450389044736, -0.03216666952610216, -4.4911526287505413e-07, 0.01598898643867675, 0.9998721679857197, 0.007998179515108735, 0.0, 0.0, 0.0, 1.0], "right_foot_pose": [0.9999980000005946, -0.0019860412301952587, 0.00023587081840166217, 0.011709960918085984, 0.0019999987027518222, 0.9930192409691584, -0.11793552081635901, -0.15919390324426824, 5.457897162192233e-10, 0.11793575668671817, 0.9930212270111507, 1.055943180117147e-09, 0.0, 0.0, 0.0, 1.0]}, {"left_foot_pose": [0.9988268826418519, -0.04841054224885897, -0.001130447315340026, 0.01169497327224332, 0.04842373913540719, 0.9985548310108376, 0.02331074758698803, -0.035150299034031045, 3.2769702322794276e-07, -0.02333814183026683, 0.9997276284747783, 0.0018172769705931471, 0.0, 0.0, 0.0, 1.0], "right_foot_pose": [0.9999980000005967, -0.0019904954753347643, 0.00019473717938063285, 0.011709961014951474, 0.0019999987015898403, 0.9952463558274252, -0.09736884110136904, -0.1591939031324204, 7.69527925362846e-10, 0.09736903583785071, 0.9952483463236739, 1.4363893754976154e-09, 0.0, 0.0, 0.0, 1.0]}, {"left_foot_pose": [0.9987348200981591, -0.050222252247597035, -0.002546468668112624, 0.011463394574859835, 0.05028676887113522, 0.9974534699357744, 0.050574857286846006, -0.03591062603714622, 7.690449879690121e-10, -0.050638924675219334, 0.9987170266435527, 1.5725268587285512e-09, 0.0, 0.0, 0.0, 1.0], "right_foot_pose": [0.9999980000006543, -0.001994462721032212, 0.00014870489513592032, 0.011709961451319317, 0.0019999986728556343, 0.9972299992429611, -0.07435273105402457, -0.15919390288443408, 7.678301620455188e-10, 0.0743528797582039, 0.9972319937064102, 1.5725887467232802e-09, 0.0, 0.0, 0.0, 1.0]}, {"left_foot_pose": [0.9987348200983592, -0.05014829913405018, -0.00372923813409474, 0.011463395174397303, 0.050286768867158244, 0.9959847027139529, 0.07406559819984493, -0.03591062612958616, 3.6026740764548816e-10, -0.07415942322969939, 0.9972463988133721, 1.533807102160889e-09, 0.0, 0.0, 0.0, 1.0], "right_foot_pose": [0.999998000000697, -0.001997407690949114, 0.00010176994505118882, 0.01170996205322123, 0.001999998651394181, 0.998702512526426, -0.05088508110240445, -0.15919390284083015, 3.5252607824622375e-10, 0.050885182872030435, 0.9987045099347853, 1.5394970021009868e-09, 0.0, 0.0, 0.0, 1.0]}, {"left_foot_pose": [0.9987348200981774, -0.05005509764440285, -0.004821444106477318, 0.01146339437644299, 0.05028676887077375, 0.9941336482669866, 0.09575766423586983, -0.03591062611139312, 5.859608210748539e-10, -0.095878968409039, 0.9953929994815213, 1.1525404727819044e-09, 0.0, 0.0, 0.0, 1.0], "right_foot_pose": [0.9999980000006641, -0.0019991528214943553, 5.816070978199581e-05, 0.011709961263940702, 0.0019999986679623332, 0.9995750689114957, -0.029080605494152843, -0.1591939029425393, 5.79036168559528e-10, 0.029080663654303108, 0.9995770680650019, 1.1655953285893972e-09, 0.0, 0.0, 0.0, 1.0]}, {"left_foot_pose": [0.9987348200984778, -0.04995898299141571, -0.005732289361681282, 0.011463393958220335, 0.05028676886480818, 0.9922247354982562, 0.11384777179441705, -0.035910625922454316, 4.010057553483719e-10, -0.11399199219190678, 0.9934816685355204, 7.156347944792252e-10, 0.0, 0.0, 0.0, 1.0], "right_foot_pose": [0.9999906176591397, -0.004331752719441294, 2.2628967469154178e-05, 0.011851442472985958, 0.004331811824954958, 0.9999770642958699, -0.005206369995215102, -0.1601548864490077, -7.574107274990521e-08, 0.005206419171705879, 0.9999864465078527, 0.002250301392996208, 0.0, 0.0, 0.0, 1.0]}, {"left_foot_pose": [0.9987348200983391, -0.049873988261026625, -0.006429962525405718, 0.01146339382823173, 0.05028676886755774, 0.9905366725995793, 0.12770411548660154, -0.035910625902404, 1.2819184514678607e-10, -0.12786588884567077, 0.9917914672297335, 3.6815052395500203e-10, 0.0, 0.0, 0.0, 1.0], "right_foot_pose": [0.999926509648366, -0.012118037768929257, -0.00035841744737517226, 0.012324199784423293, 0.012123337067033368, 0.9994915950766098, 0.029488575238108713, -0.16336602603807268, 8.915576929298015e-07, -0.029490753327870687, 0.9995650531442963, 0.00871010883554603, 0.0, 0.0, 0.0, 1.0]}, {"left_foot_pose": [0.9987348200981102, -0.049814534365312566, -0.006875411955868261, 0.011463393840280023, 0.050286768872098264, 0.9893558706649626, 0.1365510968728524, -0.035910626036827806, -1.260158427792666e-10, -0.13672407742143325, 0.9906091694776799, 1.3236754747847357e-10, 0.0, 0.0, 0.0, 1.0], "right_foot_pose": [0.999704046283125, -0.024259879954982307, -0.0018105440389614743, 0.01306478200113883, 0.02432734748455595, 0.9969409663252714, 0.07427576877286218, -0.1683963624373549, 3.08428978293264e-06, -0.07429783231699219, 0.9972360964703809, 0.016558462237216826, 0.0, 0.0, 0.0, 1.0]}, {"left_foot_pose": [0.9987348200981276, -0.04979183503115409, -0.007037917859161348, 0.011463393999924203, 0.05028676887176184, 0.9889050435443711, 0.13977859538907966, -0.03591062620583878, -2.9552406033526186e-10, -0.1399556644682036, 0.9901577712583307, 3.743997473160121e-11, 0.0, 0.0, 0.0, 1.0], "right_foot_pose": [0.9992060978149634, -0.039523722273330834, -0.0050049442608126075, 0.014006427437789338, 0.039839353039380326, 0.9913094171231629, 0.1253733044644608, -0.1747924351576144, 6.2287117768093964e-06, -0.12547316406545034, 0.9920970139359395, 0.022916656430450946, 0.0, 0.0, 0.0, 1.0]}, {"left_foot_pose": [0.9987348200985421, -0.04982338019605988, -0.006811013769820508, 0.011463394299333272, 0.05028676886352761, 0.9895315558609983, 0.13527209923919686, -0.035910626213523526, -1.7767256442883928e-10, -0.1354434595731808, 0.9907850772285832, 1.7564903698197298e-10, 0.0, 0.0, 0.0, 1.0], "right_foot_pose": [0.9983425141338105, -0.056685290326217726, -0.009949991638893929, 0.01508237826938151, 0.057551927718964106, 0.9833374012388432, 0.17243935438486585, -0.18210077534666058, 9.42405356616126e-06, -0.1727261797918043, 0.9849698811261778, 0.02500000572113096, 0.0, 0.0, 0.0, 1.0]}, {"left_foot_pose": [0.9987348201000145, -0.04989159971517051, -0.006291851687172712, 0.011463394576689828, 0.05028676883427896, 0.9908864502917051, 0.12496112798991917, -0.035910626235229774, 6.43504574644553e-12, -0.12511942657383937, 0.9921416880132768, 5.774462644159151e-10, 0.0, 0.0, 0.0, 1.0], "right_foot_pose": [0.9970805807146337, -0.07459573675345799, -0.01630311687921271, 0.016225876282667508, 0.07635650213051005, 0.9741216557063999, 0.21273618513599288, -0.18986790563072597, 1.2006743214061501e-05, -0.21335996799313336, 0.97697365569078, 0.02500000452423551, 0.0, 0.0, 0.0, 1.0]}, {"left_foot_pose": [0.9987348201020972, -0.04999371234366275, -0.0054210554074890374, 0.011463394881435215, 0.05028676879291407, 0.9929144891256163, 0.10766642080419123, -0.03591062623738745, 3.89691700880216e-10, -0.10780281077280075, 0.9941722959273632, 1.284793563205433e-09, 0.0, 0.0, 0.0, 1.0], "right_foot_pose": [0.9954632543914947, -0.09223315188134422, -0.02336567675730429, 0.0173701592765208, 0.09514677596107039, 0.9650144227812287, 0.24432407750450225, -0.19764037065124673, 1.3435320100633694e-05, -0.24543881013043786, 0.9694120848747694, 0.025000002754514902, 0.0, 0.0, 0.0, 1.0]}, {"left_foot_pose": [0.9987348201043795, -0.050113707889330526, -0.004168380099682386, 0.011463395208591274, 0.050286768747580195, 0.9952976968628564, 0.08278729074212957, -0.03591062581647256, 1.0076623468641371e-09, -0.08289216429239464, 0.9965585226663426, 2.41382433485704e-09, 0.0, 0.0, 0.0, 1.0], "right_foot_pose": [0.9936151431527249, -0.10886516329382458, -0.029619647509688086, 0.018448467778679423, 0.11282263569884239, 0.9587926333859937, 0.2607445858281958, -0.