{"LoopMode": "Wrap", "FrameDuration": 0.0167, "EnableCycleOffsetPosition": true, "EnableCycleOffsetRotation": false, "Debug_info": [{"left_foot_pose": [1.0000000000000007, 1.177228983505072e-13, -8.759326597385102e-12, 1.5284403642930334e-12, -3.3041068722316614e-14, 0.9999536348438673, 0.009629546330889296, 6.641215355429608e-14, 8.75967446809847e-12, -0.009629546330889468, 0.9999536348438676, 1.8263120182826498e-11, 0.0, 0.0, 0.0, 1.0], "right_foot_pose": [0.9999999999999998, -2.019852635934146e-13, -8.822220731730111e-12, 1.3090208021087387e-12, 7.131849196867972e-14, 0.9998902341585109, -0.014816195005403135, -0.14000000000220866, 8.8240912536874e-12, 0.014816195005402983, 0.999890234158511, 1.529818632883817e-11, 0.0, 0.0, 0.0, 1.0]}, {"left_foot_pose": [1.0000000000000007, 1.8022987801201743e-13, -1.9542256701754474e-11, 3.289031997601261e-12, -5.0697289197426165e-14, 0.9999781454371176, 0.006611251632162269, 1.0706036751573222e-12, 1.954274575359273e-11, -0.006611251632162444, 0.9999781454371179, 3.9744457724921745e-11, 0.0, 0.0, 0.0, 1.0], "right_foot_pose": [1.0, -5.331458121803753e-13, -1.9658386030130256e-11, 2.9971167113851643e-12, 1.8250554511879426e-13, 0.9998409332211557, -0.017835589573889192, -0.1400000000039883, 1.9664505899140087e-11, 0.017835589573889043, 0.999840933221156, 3.5208939930253536e-11, 0.0, 0.0, 0.0, 1.0]}, {"left_foot_pose": [1.0000000000000007, 1.0596795182567122e-13, -3.432104600520348e-11, 5.66607655794215e-12, -2.2999090114082262e-14, 0.9999971012055046, 0.002407816560453282, 2.851503755341156e-12, 3.432091092398056e-11, -0.0024078165604534546, 0.9999971012055047, 6.908460609134082e-11, 0.0, 0.0, 0.0, 1.0], "right_foot_pose": [0.9999999999999998, -1.1481015806659305e-12, -3.453015651189161e-11, 5.336950722917807e-12, 3.867795038936167e-13, 0.9997570477953214, -0.022041900634557306, -0.1400000000060061, 3.45469214979583e-11, 0.02204190063455716, 0.9997570477953212, 6.280933412261547e-11, 0.0, 0.0, 0.0, 1.0]}, {"left_foot_pose": [1.0000000000000004, -2.560836011247293e-13, -5.2882032086643e-11, 8.622652257706622e-12, 9.998624855354418e-14, 0.9999956249336539, -0.0029580590852148476, 5.55817024350258e-12, 5.288217266589321e-11, 0.0029580590852146733, 0.9999956249336539, 1.0603561084732149e-10, 0.0, 0.0, 0.0, 1.0], "right_foot_pose": [1.0, -2.1923681308455654e-12, -5.325390128874118e-11, 8.302747853660188e-12, 7.317227269226771e-13, 0.9996241733111857, -0.02741372159938457, -0.1400000000080453, 5.329381317063385e-11, 0.027413721599384426, 0.9996241733111855, 9.771911751998985e-11, 0.0, 0.0, 0.0, 1.0]}, {"left_foot_pose": [1.0000000000000007, -1.0950499752028526e-12, -7.542289015560753e-11, 1.2188678623133235e-11, 3.80755386233473e-13, 0.9999551175803345, -0.009474324508919656, 9.435506195809573e-12, 7.54294241166693e-11, 0.00947432450891948, 0.9999551175803346, 1.5120229374110394e-10, 0.0, 0.0, 0.0, 1.0], "right_foot_pose": [1.0, -3.8666238938534e-12, -7.606515417535317e-11, 1.193839876337709e-11, 1.2827634917628285e-12, 0.9994238506742895, -0.03394063498780367, -0.14000000000989224, 7.615237196630205e-11, 0.033940634987803524, 0.9994238506742896, 1.4034351458747096e-10, 0.0, 0.0, 0.0, 1.0]}, {"left_foot_pose": [1.0000000000000004, -2.6617625710165983e-12, -1.0259609828366931e-10, 1.6468048180287107e-11, 9.019266058840323e-13, 0.9998528846609659, -0.01715252270501746, 1.4861398570098494e-11, 1.026264677380699e-10, 0.017152522705017284, 0.999852884660966, 2.0616288537445016e-10, 0.0, 0.0, 0.0, 1.0], "right_foot_pose": [1.0, -6.453314979825901e-12, -1.0366912883696951e-10, 1.6368262968473575e-11, 2.1314011894079166e-12, 0.9991328373988146, -0.04163620097215755, -0.1400000000113047, 1.0384768467676396e-10, 0.04163620097215741, 0.9991328373988144, 1.9198241607565336e-10, 0.0, 0.0, 0.0, 1.0]}, {"left_foot_pose": [1.0000000000000004, -5.308054963009359e-12, -1.3552187150267506e-10, 2.1642337193885553e-11, 1.7787052484999834e-12, 0.999661113278722, -0.02603187658135849, 2.2391586848580225e-11, 1.3561394705751045e-10, 0.02603187658135831, 0.999661113278722, 2.735529441855178e-10, 0.0, 0.0, 0.0, 1.0], "right_foot_pose": [0.9999999999999997, -1.0358658678289341e-11, -1.3725998115887698e-10, 2.1803840495244854e-11, 3.4080779592111297e-12, 0.9987219297428833, -0.050542131441513385, -0.14000000001195959, 1.376079914523366e-10, 0.05054213144151325, 0.9987219297428831, 2.548792357726093e-10, 0.0, 0.0, 0.0, 1.0]}, {"left_foot_pose": [1.0000000000000004, -9.541276922193064e-12, -1.757762824183827e-10, 2.7972939048031656e-11, 3.175839463507983e-12, 0.99934530059953, -0.036179692779733624, 3.2812636288626074e-11, 1.760062380476269e-10, 0.036179692779733444, 0.9993453005995302, 3.571446055561367e-10, 0.0, 0.0, 0.0, 1.0], "right_foot_pose": [0.9999999999999998, -1.6170682081407833e-11, -1.785208647575586e-10, 2.85501980669469e-11, 5.2995432462571646e-12, 0.9981543019167779, -0.06072881988833518, -0.14000000001137988, 1.7917323452431151e-10, 0.06072881988833504, 0.9981543019167779, 3.3224371864815083e-10, 0.0, 0.0, 0.0, 1.0]}, {"left_foot_pose": [1.0000000000000007, -1.609480822218649e-11, -2.2537643973308238e-10, 3.580635193129694e-11, 5.3287459977915506e-12, 0.9988622091316401, -0.04768948698256795, 4.720165751315175e-11, 2.2588739679350366e-10, 0.04768948698256775, 0.9988622091316404, 4.6197166925221467e-10, 0.0, 0.0, 0.0, 1.0], "right_foot_pose": [1.0, -2.4735468789793798e-11, -2.2962370893608848e-10, 3.7015422891923754e-11, 8.070487503717233e-12, 0.997383392862581, -0.07229362103205604, -0.1400000000088429, 2.3081087886544025e-10, 0.07229362103205589, 0.9973833928625812, 4.2829381707853997e-10, 0.0, 0.0, 0.0, 1.0]}, {"left_foot_pose": [1.0000000000000004, -2.600623420372633e-11, -2.8666297113844006e-10, 4.5569199054224636e-11, 8.565077893139682e-12, 0.9981575082984253, -0.06067609601383412, 6.695899217035173e-11, 2.877124051057935e-10, 0.06067609601383394, 0.9981575082984255, 5.943265879437831e-10, 0.0, 0.0, 0.0, 1.0], "right_foot_pose": [1.0, -3.724060297790754e-11, -2.9312535732017843e-10, 4.770938341943111e-11, 1.208471271600172e-11, 0.9963505067486084, -0.08535612281372412, -0.14000000000327048, 2.9523419972728813e-10, 0.08535612281372396, 0.9963505067486086, 5.481462089784728e-10, 0.0, 0.0, 0.0, 1.0]}, {"left_foot_pose": [1.0000000000000002, -4.065606310890958e-11, -3.618086386047985e-10, 5.771320483609528e-11, 1.3309661408332847e-11, 0.997163587070193, -0.07526473690451882, 9.370462045188432e-11, 3.638420979863802e-10, 0.07526473690451863, 0.9971635870701931, 7.610890112585977e-10, 0.0, 0.0, 0.0, 1.0], "right_foot_pose": [0.9999999999999996, -5.5248327289426936e-11, -3.714857865766416e-10, 6.118559769154552e-11, 1.780504214751751e-11, 0.9949826808188562, -0.10004731315993495, -0.13999999999313806, 3.751490894918972e-10, 0.10004731315993484, 0.9949826808188561, 6.970516525095505e-10, 0.0, 0.0, 0.0, 1.0]}, {"left_foot_pose": [1.0000000000000002, -6.162004424806725e-11, -4.51454706951181e-10, 7.252811716790498e-11, 2.0023373048986144e-11, 0.9957989583127501, -0.09156655843288285, 1.2877969697566716e-10, 4.55200182102351e-10, 0.0915665584328827, 0.9957989583127503, 9.672618678235878e-10, 0.0, 0.0, 0.0, 1.0], "right_foot_pose": [0.9999999999999998, -8.05066635038095e-11, -4.656692254023649e-10, 7.783094346305519e-11, 2.5715184894241888e-11, 0.9931924463501876, -0.11648503986748551, -0.1399999999765497, 4.718767702506315e-10, 0.11648503986748542, 0.9931924463501877, 8.779859964058723e-10, 0.0, 0.0, 0.0, 1.0]}, {"left_foot_pose": [1.0000000000000004, -8.989680014467158e-11, -5.511544554082077e-10, 8.958812012729066e-11, 2.893639847118991e-11, 0.9939732808537136, -0.10962261148552067, 1.716858270134347e-10, 5.576872148566098e-10, 0.10962261148552051, 0.993973280853714, 1.208469518898525e-09, 0.0, 0.0, 0.0, 1.0], "right_foot_pose": [0.9999999999999998, -1.1402411796985504e-10, -5.714224093900094e-10, 9.723194299271633e-11, 3.6004245220743835e-11, 0.9908840726118482, -0.1347173138247552, -0.13999999995190746, 5.815743720116318e-10, 0.13471731382475507, 0.9908840726118483, 1.0848314191402864e-09, 0.0, 0.0, 0.0, 1.0]}, {"left_foot_pose": [1.0000000000000007, -1.2330820564723624e-10, -6.424966114693098e-10, 1.06218807604712e-10, 3.92141372875957e-11, 0.9916085919052818, -0.12927644974868857, 2.1591566728984546e-10, 6.530459101128903e-10, 0.12927644974868835, 0.991608591905282, 1.4499564604530946e-09, 0.0, 0.0, 0.0, 1.0], "right_foot_pose": [0.9999999999999998, -1.529963354718424e-10, -6.698475107924641e-10, 1.164216350695255e-10, 4.760354185668826e-11, 0.9879782783507169, -0.15459276020290685, -0.13999999992034423, 6.854468166305702e-10, 0.15459276020290674, 0.987978278350717, 1.2842079552544128e-09, 0.0, 0.0, 0.0, 1.0]}, {"left_foot_pose": [1.0000000000000004, -1.4965746931110357e-10, -6.743952618570831e-10, 1.1390656231171887e-10, 4.6885843564449545e-11, 0.9887035152655025, -0.14988448519322842, 2.3998758535981324e-10, 6.892081338531662e-10, 0.14988448519322822, 0.9887035152655028, 1.5767821909262736e-09, 0.0, 0.0, 0.0, 1.0], "right_foot_pose": [0.9999999999999999, -1.8276433632900695e-10, -7.072367136373704e-10, 1.2580684266681974e-10, 5.5833511880265064e-11, 0.9844856297069938, -0.1754652241910749, -0.1399999998922215, 7.283329996689049e-10, 0.1754652241910748, 0.9844856297069938, 1.3743674323607458e-09, 0.0, 0.0, 0.0, 1.0]}, {"left_foot_pose": [0.9999999986652179, -5.087920479087364e-05, 8.992834234501237e-06, 1.0009339825395497e-10, 5.1667332728272294e-05, 0.9854899996445985, -0.16973349089374404, -1.7875407792196374e-05, -2.2644316357833665e-07, 0.16973349113182237, 0.9854900009579768, 0.00016386124909659183, 0.0, 0.0, 0.0, 1.0], "right_foot_pose": [1.0, -1.6616903055655933e-10, -5.789999035776807e-10, 1.2303219486047665e-10, 4.974441703414271e-11, 0.9806959624533693, -0.1955388177003734, -0.13999999996216844, 6.00315216950739e-10, 0.1955388177003732, 0.9806959624533695, 1.1033434790808094e-09, 0.0, 0.0, 0.0, 1.0]}, {"left_foot_pose": [0.9999989358081458, -0.0014326025278284325, 0.00027574004740529834, 1.1052222619631173e-09, 0.001458897172201915, 0.9821393280071684, -0.18814944060684755, -0.0005048142269732832, -1.2717806407510117e-06, 0.18814964265612064, 0.9821403728422726, 0.004191209218885959, 0.0, 0.0, 0.0, 1.0], "right_foot_pose": [0.9999999999999999, -1.1417632743194139e-10, -3.6296754490905347e-10, 1.757159125903629e-10, 3.440180737405715e-11, 0.9771406796009596, -0.21259372584574346, -0.14000000015440053, 3.7894341255670167e-10, 0.21259372584574335, 0.9771406796009598, 6.36371295936744e-10, 0.0, 0.0, 0.0, 1.0]}, {"left_foot_pose": [0.9999897635444026, -0.00442934140592999, 0.0009239811253052028, 1.7618029997130275e-09, 0.004524687973995276, 0.9790196183449431, -0.20371576790828252, -0.0015656794411766928, -2.268962817427211e-06, 0.20371786330715547, 0.9790296380418828, 0.011469802541706861, 0.0, 0.0, 0.0, 1.0], "right_foot_pose": [0.9999999999999996, -5.5020798283209817e-11, -1.5531254060618918e-10, 1.8522342484980836e-10, 1.859092238385472e-11, 0.9742571190611596, -0.22543971690598252, -0.14000000016503913, 1.6371792691220548e-10, 0.22543971690598238, 0.9742571190611595, 2.9884029972837567e-10, 0.0, 0.0, 0.0, 1.0]}, {"left_foot_pose": [0.999960456980509, -0.008687824944615053, 0.0018989926444901142, 1.1383331809176715e-09, 0.008892944721676666, 0.9769698478607419, -0.21319200713239064, -0.003077278235626417, -3.083717418951522e-06, 0.21320046451331137, 0.9770084758699897, 0.019120926730348292, 0.0, 0.0, 0.0, 1.0], "right_foot_pose": [0.9999999999999996, -1.0642700524497847e-11, -9.724832050750305e-12, 1.3035602544752544e-10, 8.077544625598764e-12, 0.9723513689917932, -0.2335226225010884, -0.14000000006802174, 1.1941028489339156e-11, 0.23352262250108832, 0.9723513689917929, 8.894597558484207e-11, 0.0, 0.0, 0.0, 1.0]}, {"left_foot_pose": [0.9998990688734313, -0.013883838846388585, 0.003015142605875636, 1.5432878819289161e-10, 0.01420746470945801, 0.9771756991206233, -0.21195707347161505, -0.004916422806388154, -3.546233413245441e-06, 0.21197851793757203, 0.977274325826897, 0.024265877818459652, 0.0, 0.0, 0.0, 1.0], "right_foot_pose": [1.0, 5.610206851735129e-12, 4.838746070490171e-11, 2.3827947035129382e-11, 5.9945590908699335e-12, 0.9716222449937055, -0.23653797376614127, -0.1399999999731481, -4.834160887391884e-11, 0.2365379737661411, 0.9716222449937058, 7.191636175463145e-12, 0.0, 0.0, 0.0, 1.0]}, {"left_foot_pose": [0.9997977339278346, -0.019717619023521725, 0.0039631720642483775, 4.4644439203432237e-10, 0.020111967091860396, 0.9802286270407249, -0.19684345940252232, -0.006959925349207169, -3.530371493563112e-06, 0.1968833518352928, 0.98042692015144, 0.02500000115158068, 0.0, 0.0, 0.0, 1.0], "right_foot_pose": [0.9999999999999997, -1.1109703510918341e-11, 9.769629549794053e-12, -6.961819420514439e-11, 1.308980319382197e-11, 0.9721571227324106, -0.23432995694242897, -0.1399999999589896, -6.894563122283371e-12, 0.2343299569424289, 0.9721571227324106, 8.154443786878574e-11, 0.0, 0.0, 0.0, 1.0]}, {"left_foot_pose": [0.9996554040432314, -0.025847885530892217, 0.004578207154172655, 5.928109529955081e-10, 0.026250202994166312, 0.9843553464124063, -0.1742282377574824, -0.0090845892102791, -3.151143389036776e-06, 0.17428837827834234, 0.9846946537821643, 0.02500000186939999, 0.0, 0.0, 0.0, 1.0], "right_foot_pose": [0.9999999999999996, -5.408944393019919e-11, -1.1244594144699218e-10, -1.2021290584624385e-10, 2.7118465188176544e-11, 0.9738316444718309, -0.22727060572209884, -0.13999999992692963, 1.2179603497494866e-10, 0.2272706057220987, 0.9738316444718309, 3.013408342300572e-10, 0.0, 0.0, 0.0, 1.0]}, {"left_foot_pose": [0.9994793157907343, -0.03192066976520168, 0.004708306301337095, 8.946634440232248e-10, 0.032266039425562866, 0.9887923979746639, -0.1457686399994959, -0.01116722407964723, -2.5048585522295924e-06, 0.14584465896718837, 0.9893075029759307, 0.024910271262987047, 0.0, 0.0, 0.0, 1.0], "right_foot_pose": [0.9999999999999996, -1.195036635629617e-10, -3.234690293396618e-10, -1.5858866952070773e-10, 4.7037742495768867e-11, 0.976535019374296, -0.21535866812283924, -0.13999999992559273, 3.4161480024484035e-10, 0.2153586681228392, 0.9765350193742959, 6.635940130728102e-10, 0.0, 0.0, 0.0, 1.0]}, {"left_foot_pose": [0.9992851889433016, -0.037577035081241064, 0.00413250445297134, 2.426027502803671e-09, 0.03780358654661169, 0.9933014214324606, -0.10919329203054441, -0.013084643281291072, -1.662381944563315e-06, 0.1092714629478256, 0.9940119452916448, 0.021163834328465102, 0.0, 0.0, 0.0, 1.0], "right_foot_pose": [0.9999999999999999, -2.022384703795659e-10, -6.401411067891149e-10, -1.9716801296151644e-10, 7.137766766648636e-11, 0.9801696731263264, -0.19816006631869681, -0.14000000016197295, 6.675223166147891e-10, 0.19816006631869668, 0.9801696731263265, 1.1774473410164354e-09, 0.0, 0.0, 0.0, 1.0]}, {"left_foot_pose": [0.9990961567208134, -0.04240659427145408, 0.0029241046487842527, 2.797944423566824e-09, 0.04250728908076884, 0.9967307726487522, -0.06870878568295515, -0.01471364389097825, -8.3948854726741e-07, 0.06877097947040264, 0.9976324736003627, 0.01399681319035078, 0.0, 0.0, 0.0, 1.0], "right_foot_pose": [0.9999999999999998, -2.7411420460947605e-10, -1.015773021251219e-09, -1.4943495605860467e-10, 9.143070530315397e-11, 0.9844524582275038, -0.17565123822457118, -0.1400000003451445, 1.0481285249403102e-09, 0.17565123822457107, 0.9844524582275038, 1.8430486511955557e-09, 0.0, 0.0, 0.0, 1.0]}, {"left_foot_pose": [0.9989404315093888, -0.046002328925307985, 0.001341651700261449, 1.7818776196307923e-09, 0.046021889311294265, 0.9985160082627853, -0.029116437748686757, -0.015931032458838812, -2.3675377595919097e-07, 0.029147332234732967, 0.9995751262529208, 0.006287911563357583, 0.0, 0.0, 0.0, 1.0], "right_foot_pose": [0.9999999999999998, -3.120314097082788e-10, -1.4107789936268472e-09, -2.3471734393949475e-11, 9.956474774635606e-11, 0.9889632012762906, -0.14816135299514174, -0.14000000036716848, 1.441439187082763e-09, 0.14816135299514163, 0.9889632012762906, 2.57825482491425e-09, 0.0, 0.0, 0.0, 1.0]}, {"left_foot_pose": [0.998847706167525, -0.047990764006436135, -0.0003826930269217548, 4.709583316863872e-10, 0.047992289837780616, 0.9988159542088834, 0.007964278619272357, -0.016613618727218612, 2.808515467771366e-08, -0.00797346774480636, 0.9999682114008037, 0.0009158374589781984, 0.0, 0.0, 0.0, 1.0], "right_foot_pose": [0.9999999999999999, -2.915364865160802e-10, -1.7362815629695644e-09, 1.7835220956371672e-10, 8.746268314004181e-11, 0.993203147567231, -0.11639376126985912, -0.14000000014849065, 1.75841309125018e-09, 0.116393761269859, 0.9932031475672313, 3.2219523438126174e-09, 0.0, 0.0, 0.0, 1.0]}, {"left_foot_pose": [0.9988333961003399, -0.04824528735931472, -0.002058903174090815, 3.4078216632057665e-10, 0.04828919997953126, 0.9979250912916307, 0.042587149892054824, -0.016716476466920007, 1.853608562494266e-09, -0.04263689034402765, 0.9990906343179244, 3.5045727986293684e-09, 0.0, 0.0, 0.0, 1.0], "right_foot_pose": [0.9999999999999999, -2.217934744421562e-10, -1.868841581487145e-09, 3.143966527326999e-10, 6.693998639372375e-11, 0.9965946587712702, -0.08245657104546325, -0.1399999999662776, 1.8807657653655137e-09, 0.08245657104546311, 0.9965946587712704, 3.5138417314728443e-09, 0.0, 0.0, 0.0, 1.0]}, {"left_foot_pose": [0.9988333961016742, -0.04814441222806017, -0.0037366299270790355, 2.977262267560461e-10, 0.04828919995192879, 0.9958385509337219, 0.07728993234716162, -0.016716476590389655, 1.7679570625019458e-09, -0.07738020448047923, 0.9970016569467477, 3.326969935657509e-09, 0.0, 0.0, 0.0, 1.0], "right_foot_pose": [0.9999999999999998, -1.1821121685485986e-10, -1.7679213093479967e-09, 2.6947970083962574e-10, 3.391431798864451e-11, 0.9988662108224607, -0.047605597120288286, -0.14000000008228233, 1.7715441148453192e-09, 0.047605597120288154, 0.9988662108224609, 3.3607001348467946e-09, 0.0, 0.0, 0.0, 1.0]}, {"left_foot_pose": [0.9988333961021139, -0.047997799713081844, -0.005296985352234018, 2.287614855574563e-10, 0.04828919994283329, 0.9928059588087813, 0.10956496393764861, -0.016716476628628758, 1.4267704937105502e-09, -0.10969293220841556, 0.993965522854551, 2.6840987210619005e-09, 0.0, 0.0, 0.0, 1.0], "right_foot_pose": [0.9999999999990388, -1.386204352137831e-06, 2.0422269708671818e-08, 4.896744750830207e-06, 1.3863547471262677e-06, 0.9998882781424098, -0.014947616247590712, -0.13999972803468294, 3.0046247269336987e-10, 0.014947616247604508, 0.9998882781433707, 3.74019064841441e-05, 0.0, 0.0, 0.0, 1.0]}, {"left_foot_pose": [0.9988333961016717, -0.04783042796102212, -0.006640556683565361, 2.656068180065946e-10, 0.048289199951978945, 0.9893439730750242, 0.13735594675195004, -0.016716476336799825, 1.016611197837841e-09, -0.13751637393849592, 0.9904994936388455, 1.8701721907210533e-09, 0.0, 0.0, 0.0, 1.0], "right_foot_pose": [0.9999999898311958, -0.00014259720084884694, -1.909503333229767e-06, 0.0005036855584161856, 0.0001426099848342669, 0.9999113630569819, 0.013313365161402666, -0.13997208246529547, 1.0885474609300685e-08, -0.013313365298336058, 0.9999113732248639, 0.003492990427751988, 0.0, 0.0, 0.0, 1.0]}, {"left_foot_pose": [0.998833396100853, -0.04766569728112576, -0.007734864985370267, 2.595945527766527e-10, 0.048289199968915, 0.9859366157689068, 0.15999107116498104, -0.016716476302697132, 6.412719337751466e-10, -0.16017793539954234, 0.9870881566563047, 1.1783493625294739e-09, 0.0, 0.0, 0.0, 1.0], "right_foot_pose": [0.9999998819661886, -0.0004855170479929498, -1.8460889823931585e-05, 0.0017160360311382359, 0.00048586788940862896, 0.999281600074639, 0.03789521981283956, -0.13990489768510683, 4.8852265405276573e-08, -0.037895224309476075, 0.9992817180227666, 0.010538497818650606, 0.0, 0.0, 0.0, 1.0]}, {"left_foot_pose": [0.9988333960999861, -0.04752285323831889, -0.008568853800735441, 1.9928242140244273e-10, 0.04828919998684183, 0.9829819704069205, 0.1772416401965401, -0.01671647643190012, 3.3839642528357973e-10, -0.17744865250268368, 0.9841300603705704, 6.448712605577889e-10, 0.0, 0.0, 0.0, 1.0], "right_foot_pose": [0.9999995110753623, -0.000987144929022295, -5.82574001169942e-05, 0.0034925570882092497, 0.0009888624908205395, 0.9982684964774419, 0.05881352813462083, -0.13980645206080508, 9.905116717348453e-08, -0.05881355698779586, 0.9982689845499725, 0.01829520836505452, 0.0, 0.0, 0.0, 1.0]}, {"left_foot_pose": [0.9988333960992942, -0.04741685839978876, -0.009137197395586083, 9.278166462119847e-11, 0.048289200001155066, 0.9807895291277876, 0.1889974939424916, -0.016716476607390937, 1.2297829092385846e-10, -0.18921823668132023, 0.981935058396029, 2.896384937445262e-10, 0.0, 0.0, 0.0, 1.0], "right_foot_pose": [0.9999987050833151, -0.001604840093236127, -0.00011966606838608091, 0.005683860717865813, 0.001609295395996467, 0.9972369487552263, 0.07426895856072391, -0.13968502300985772, 1.4562252550906532e-07, -0.07426905496666336, 0.9972382400782361, 0.023884417227167352, 0.0, 0.0, 0.0, 1.0]}, {"left_foot_pose": [0.998833396098938, -0.04735822675833857, -0.009436376199008868, 3.763347272700557e-12, 0.048289200008526344, 0.979576767887637, 0.19518583190730832, -0.01671647667182597, 1.0115287802679222e-11, -0.19541380241200293, 0.9807208806928113, 1.2519370956587395e-10, 0.0, 0.0, 0.0, 1.0], "right_foot_pose": [0.9999973437892615, -0.002297175716255928, -0.0001881439614442695, 0.008140556568660626, 0.0023048675432212253, 0.9966662497404064, 0.08155411831416996, -0.13954888516728195, 1.7259631186208595e-07, -0.08155433533615546, 0.9966688970705607, 0.025000000925353538, 0.0, 0.0, 0.0, 1.0]}, {"left_foot_pose": [0.9988333960989453, -0.047348620216910504, -0.009484461028636239, -1.2838310004936043e-11, 0.04828920000837634, 0.9793780622352561, 0.19618043830837642, -0.016716476665945675, -3.879194394745061e-12, -0.19640957047931867, 0.9805219429590197, 1.0026645486105323e-10, 0.0, 0.0, 0.0, 1.0], "right_foot_pose": [0.9999953995944678, -0.0030230471964539404, -0.00024894888662899557, 0.010713247787590302, 0.003033280380882331, 0.9966265469158503, 0.08201417677889274, -0.139406317638047, 1.7634205862574543e-07, -0.08201455461219401, 0.9966311317793218, 0.025000000869194718, 0.0, 0.0, 0.0, 1.0]}, {"left_foot_pose": [0.998833396099277, -0.04738758803059338, -0.009287805845782126, -1.3828688248760518e-11, 0.048289200001513856, 0.9801840887334105, 0.19211274126686234, -0.016716476669569054, 7.069819059723752e-11, -0.19233712250758403, 0.9813289108680658, 2.440540269876834e-10, 0.0, 0.0, 0.0, 1.0], "right_foot_pose": [0.9999929603379235, -0.003741259350750347, -0.0002867979549655823, 0.013252545930623343, 0.0037522359429767514, 0.9970708389775305, 0.07639150990831232, -0.1392656005813289, 1.5742681198032144e-07, -0.07639204827149217, 0.9970778580235654, 0.02499255087225597, 0.0, 0.0, 0.0, 1.0]}, {"left_foot_pose": [0.998833396099936, -0.04747448398871978, -0.008832904701986532, -1.0170024295364649e-10, 0.048289199987881525, 0.9819814809053933, 0.18270337797474384, -0.016716476522716378, 2.47605717872496e-10, -0.18291676940307172, 0.9831284023316306, 5.856766044365358e-10, 0.0, 0.0, 0.0, 1.0], "right_foot_pose": [0.9999902342413121, -0.004410602699554863, -0.0002792952419282888, 0.015609061968015371, 0.0044194368410266326, 0.9979929952303109, 0.06317000909641117, -0.1391350091491545, 1.1688239395784846e-07, -0.06317062652102788, 0.9980027414516089, 0.021837793461018155, 0.0, 0.0, 0.0, 1.0]}, {"left_foot_pose": [0.9988333961007174, -0.04760199884749552, -0.008117668361767335, -1.1701781839519587e-10, 0.048289199971718696, 0.9846190510944819, 0.16790913431941223, -0.01671647637675046, 5.011065307733774e-10, -0.16810524657941547, 0.9857690531115669, 1.0775392730866251e-09, 0.0, 0.0, 0.0, 1.0], "right_foot_pose": [0.9999875369607004, -0.0049878447674485534, -0.0002175496434331417, 0.01763339763362394, 0.004992586831207019, 0.9990383052954054, 0.04356074642631105, -0.139022826125171, 6.618596404661374e-08, -0.04356128966250153, 0.999050756489847, 0.014923780252979857, 0.0, 0.0, 0.0, 1.0]}, {"left_foot_pose": [0.9988333961016334, -0.04775544696577071, -0.007159896450258246, -1.5716997522246048e-10, 0.04828919995277401, 0.9877930353048844, 0.14809818557661375, -0.016716476372543376, 8.000382751389326e-10, -0.1482711593273068, 0.9889467444264821, 1.680311313700944e-09, 0.0, 0.0, 0.0, 1.0], "right_foot_pose": [0.9999852607532662, -0.005428250988546083, -0.00011120893599710443, 0.019176165254607892, 0.005429390041395839, 0.9997755534059898, 0.020478391917468107, -0.13893733248780454, 2.2124360192358098e-08, -0.02047869387808669, 0.9997902895592892, 0.00712921521512979, 0.0, 0.0, 0.0, 1.0]}, {"left_foot_pose": [0.9988333961016741, -0.0479161703815261, -0.005990613321356112, 3.235776902497933e-11, 0.048289199951929984, 0.9911175039152658, 0.12391225363448369, -0.01671647650645031, 1.0644749342949442e-09, -0.12405697904085307, 0.9922750959039829, 2.245354235874686e-09, 0.0, 0.0, 0.0, 1.0], "right_foot_pose": [0.999983825755259, -0.0056874878400574695, 2.664478175127643e-05, 0.020087976048173868, 0.005687550252542431, 0.9999728533893253, -0.0046844697177040005, -0.13888680692292993, -1.1938793924268036e-09, 0.004684545493479332, 0.9999890274565615, 0.001332805699855992, 0.0, 0.0, 0.0, 1.0]}, {"left_foot_pose": [0.9988333960999941, -0.048060255030777786, -0.004696671345779247, 7.006332291680656e-10, 0.04828919998668124, 0.9940978078494925, 0.09714783370451932, -0.016716476514329993, 1.0255015444030709e-09, -0.09726129916473067, 0.9952588807364592, 2.424032932712983e-09, 0.0, 0.0, 0.0, 1.0], "right_foot_pose": [0.999983528754557, -0.00573671134646378, 0.00017989583444053843, 0.020271573161032883, 0.005739531303503371, 0.9994922096147064, -0.031342952954816865, -0.13887663635356112, 9.88781984264039e-10, 0.03134346921511883, 0.9995086727675556, 2.5876745468611517e-09, 0.0, 0.0, 0.0, 1.0]}, {"left_foot_pose": [0.9988333960991298, -0.04816928805449077, -0.0034009594827410167, 1.0463427239991267e-09, 0.048289200004553626, 0.996353089675522, 0.07034681127785666, -0.016716476319986632, 6.723320413062715e-10, -0.07042897402607573, 0.9975167966594022, 2.191993163369599e-09, 0.0, 0.0, 0.0, 1.0], "right_foot_pose": [0.9999835287545421, -0.005729883236186833, 0.00033265254191192865, 0.020271573509935498, 0.005739531306123842, 0.9983025642341472, -0.057957294829148874, -0.1388766360758993, 6.464664661942298e-10, 0.0579582494699979, 0.9983190077917846, 2.501767237816921e-09, 0.0, 0.0, 0.0, 1.0]}, {"left_foot_pose": [0.9988333960995172, -0.048238137288864474, -0.002220123241394611, 6.535885905840227e-11, 0.048289199996545275, 0.9977771950686118, 0.04592191377444876, -0.01671647661701413, 7.592858966232836e-10, -0.04597554906594268, 0.9989425653600345, 1.8628153741762077e-09, 0.0, 0.0, 0.0, 1.0], "right_foot_pose": [0.9999835287545024, -0.0057201926018464, 0.000470761394470977, 0.02027157246601067, 0.005739531312985657, 0.9966141851191173, -0.08201965495943826, -0.13887663643890408, 7.399685820244241e-10, 0.08202100594333016, 0.9966306008667628, 1.799206755803695e-09, 0.0, 0.0, 0.0, 1.0]}, {"left_foot_pose": [0.99895690012132, -0.045654801351693766, -0.0008664949749706686, 0.0009833957241769022, 0.04566302333315362, 0.9987769124853474, 0.018962262162348437, -0.015468390179877268, -2.8313641572501436e-07, -0.01898204940924771, 0.9998198246684977, 0.002844459351784019, 0.0, 0.0, 0.0, 1.0], "right_foot_pose": [0.999983528754489, -0.005709611606912789, 0.0005852819981590271, 0.02027157235063968, 0.00573953131528723, 0.9947706876528596, -0.10197223527479393, -0.13887663678094483, 4.823282633751679e-10, 0.10197391490942802, 0.9947870730352525, 1.1975548400156022e-09, 0.0, 0.0, 0.0, 1.0]}, {"left_foot_pose": [0.9992664563275778, -0.038289582153692624, 0.0006761338785085262, 0.0037415945303765847, 0.0382955514162883, 0.9991104671526441, -0.01765574036253289, -0.011967770892264926, 4.984858807499862e-07, 0.01766868202561656, 0.9998438966534877, 0.00961704007856156, 0.0, 0.0, 0.0, 1.0], "right_foot_pose": [0.9999835287545172, -0.005699957617628335, 0.0006728319407579902, 0.02027157228014262, 0.005739531310417639, 0.9930887039681633, -0.11722578142699883, -0.13887663683359924, 1.8579134462314097e-10, 0.11722771231236656, 0.9931050616455488, 6.750455333603966e-10, 0.0, 0.0, 0.0, 1.0]}, {"left_foot_pose": [0.9996313210007775, -0.027096750374817243, 0.001728639166021082, 0.00791207294869782, 0.02715183361193781, 0.9975977264760754, -0.06373032293403288, -0.006674718338530339, 2.3981499296652323e-06, 0.06375376262536413, 0.9979656596022525, 0.017439495211749256, 0.0, 0.0, 0.0, 1.0], "right_foot_pose": [0.9999835287545557, -0.005692984310956261, 0.0007294855868905996, 0.02027157225615163, 0.005739531303710803, 0.9918737695370518, -0.12709635354632806, -0.13887663670673983, -7.217342747347803e-11, 0.1270984470164552, 0.9918901072024083, 2.885095218285727e-10, 0.0, 0.0, 0.0, 1.0]}, {"left_foot_pose": [0.9999128917370134, -0.013110437908724626, 0.0015249117896428957, 0.013132166335056383, 0.013198822357283247, 0.9931718695617238, -0.115911296255593, -4.9519877598238476e-05, 5.14835944231217e-06, 0.11592132646373744, 0.9932583984263023, 0.023433119749208337, 0.0, 0.0, 0.0, 1.0], "right_foot_pose": [0.9999835287545668, -0.005690019582189856, 0.000752261071256455, 0.02027157229750772, 0.00573953130186019, 0.9913572366707311, -0.13106443865903208, -0.13887663655711577, -2.3435715385723003e-10, 0.13106659749046085, 0.9913735658278738, 9.485429108835319e-11, 0.0, 0.0, 0.0, 1.0]}, {"left_foot_pose": [0.9999966371549507, 0.0025561670605370158, -0.0004378227376643433, 0.019039207910474514, -0.0025933789553942207, 0.9861607828645593, -0.16577148345102738, 0.007447526953723643, 8.024008156906015e-06, 0.16577206142748868, 0.9861640956685139, 0.025000008675621535, 0.0, 0.0, 0.0, 1.0], "right_foot_pose": [0.9999835287545137, -0.00569181473927642, 0.0007385557826708798, 0.020271572451447405, 0.005739531311035912, 0.9916700009436064, -0.12867659852839441, -0.13887663653659763, -2.5359440087306107e-10, 0.12867871802859118, 0.9916863352524924, 1.7183699602130176e-10, 0.0, 0.0, 0.0, 1.0]}, {"left_foot_pose": [0.9998146678360197, 0.018822614413553623, -0.004042173498156351, 0.025270513569041506, -0.019251749846276252, 0.9776410306187724, -0.20939767281066438, 0.015356120451123889, 1.0383010266551342e-05, 0.2094366835998514, 0.9778222105551142, 0.025000007322642244, 0.0, 0.0, 0.0, 1.0], "right_foot_pose": [0.9999835287543838, -0.005698233363340111, 0.0006872819414049709, 0.02027157275523478, 0.005739531333659965, 0.9927882935716164, -0.11974331683742638, -0.1388766365394254, -1.0277013799675908e-10, 0.1197452891920815, 0.9928046463007237, 5.179918577402631e-10, 0.0, 0.0, 0.0, 1.0]}, {"left_foot_pose": [0.999358898017377, 0.03470804981212224, -0.008783178908271882, 0.031463417590976595, -0.03580213423560011, 0.9688995898799112, -0.2448505501621692, 0.02321597745597407, 1.1733350512305257e-05, 0.24500803253930273, 0.9695210486903054, 0.025000004993603518, 0.0, 0.0, 0.0, 1.0], "right_foot_pose": [0.9999835287541813, -0.005708476538759812, 0.000596251575616357, 0.020271573071848667, 0.005739531368935695, 0.9945729224635567, -0.1038833946401695, -0.13887663655103222, 2.489855486380508e-10, 0.10388510575586184, 0.9945893045886296, 1.1932693375071857e-09, 0.0, 0.0, 0.0, 1.0]}, {"left_foot_pose": [0.9986847436747246, 0.04952856801909289, -0.013255327281082231, 0.03725525440384319, -0.05127165519393064, 0.9647887019741243, -0.25798057662692364, 0.03056680599535947, 1.1181464685788722e-05, 0.25832088861155483, 0.9660591691930225, 0.02245972540085807, 0.0, 0.0, 0.0, 1.0], "right_foot_pose": [0.9999835287539695, -0.005723659399140019, 0.0004265487558976255, 0.020271573093091758, 0.005739531405831096, 0.9972181770053019, -0.07431665512833557, -0.13887663696412647, 1.0488776247720837e-09, 0.07431787923040523, 0.9972346027022402, 2.596098815088599e-09, 0.0, 0.0, 0.0, 1.0]}, {"left_foot_pose": [0.9979053271703209, 0.06255153585930201, -0.016500405047677094, 0.042283342980182846, -0.06469125073621497, 0.9649347717114454, -0.2543932554537669, 0.03694830936108269, 9.125736945830133e-06, 0.2549278166537025, 0.9669600861529384, 0.015838562063527704, 0.0, 0.0, 0.0, 1.0], "right_foot_pose": [0.9999835287538622, -0.005734598928458135, 0.00023789935449339625, 0.020271573109934313, 0.005739531424527492, 0.9991241393127629, -0.04144890856895612, -0.13887663743780118, 1.878863983401469e-09, 0.041449591284601774, 0.9991405964038993, 4.351892547715952e-09, 0.0, 0.0, 0.0, 1.0]}, {"left_foot_pose": [0.9971762760051573, 0.07301681595948545, -0.017550474626794658, 0.04618501684323645, -0.0750964349164652, 0.9695803170907332, -0.23296895538477053, 0.041900204851589684, 5.943414136791629e-06, 0.23362909343096105, 0.9723257924519457, 0.007998175621640756, 0.0, 0.0, 0.0, 1.0], "right_foot_pose": [0.9999835287540241, -0.005739530837227696, 2.5333140179240667e-06, 0.020271572954379244, 0.005739531396304048, 0.9999834311242106, -0.0004418782658898423, -0.13887663780055684, 2.9018894554213012e-09, 0.0004418855276394238, 0.9999999023685854, 6.642713393234523e-09, 0.0, 0.0, 0.0, 1.0]}, {"left_foot_pose": [0.9966711882149587, 0.07992105870786617, -0.016098663211465674, 0.0485976095757209, -0.08152633057077052, 0.9770523637345263, -0.19677940935077817, 0.04496220472062164, 2.4182165056806723e-06, 0.19743683267260317, 0.980315610963308, 0.001817275748290742, 0.0, 0.0, 0.0, 1.0], "right_foot_pose": [0.9999835287546238, -0.00573288381951847, -0.00027615677027545356, 0.02027157252005966, 0.0057395312918260485, 0.9988253904316264, 0.04811337869718491, -0.13887663787057902, 3.983655141365479e-09, -0.048114171220343116, 0.9988418425996075, 9.23623611620572e-09, 0.0, 0.0, 0.0, 1.0]}, {"left_foot_pose": [0.9965358517313727, 0.08225471183289312, -0.012266156501365337, 0.049212421611317496, -0.0831642724613652, 0.9856368319477915, -0.14698210535263803, 0.04574251351478682, 4.9138081686244035e-09, 0.14749304352819453, 0.9890630930890058, 1.0884017798140633e-08, 0.0, 0.0, 0.0, 1.0], "right_foot_pose": [0.999983528756435, -0.005709594284230288, -0.0005854476381454715, 0.02027157025753281, 0.005739530976264869, 0.9947678206386033, 0.10200020002968765, -0.1388766371215188, 4.712016023213152e-09, -0.10200188015440359, 0.9947842059687951, 1.1418445584887582e-08, 0.0, 0.0, 0.0, 1.0]}, {"left_foot_pose": [0.9965358517342032, 0.08281647094015027, -0.00759791743874758, 0.04921241804480704, -0.0831642724274475, 0.9923682414944243, -0.09104381947654719, 0.04574251350805659, 4.1377497786351805e-09, 0.09136030546295304, 0.9958179023223659, 9.984292670406347e-09, 0.0, 0.0, 0.0, 1.0], "right_foot_pose": [0.999983528758693, -0.0056686470944414475, -0.0008992504827717619, 0.020271566755870107, 0.005739530582902202, 0.9876337900939984, 0.156673400592607, -0.13887663606780365, 3.945498064942905e-09, -0.15667598126286714, 0.9876500579128814, 1.2694828521730983e-08, 0.0, 0.0, 0.0, 1.0]}, {"left_foot_pose": [0.9965358517095629, 0.08310909160205973, -0.003029051101779014, 0.049212421825757684, -0.08316427272270627, 0.9958746325461372, -0.03629628071305258, 0.045742512487906346, 4.2343523440925125e-09, 0.03642245384619041, 0.9993364823000425, 8.398581663460192e-09, 0.0, 0.0, 0.0, 1.0], "right_foot_pose": [0.9999835287567759, -0.005614243330203656, -0.0011926805838971346, 0.020271571072350746, 0.005739530916889162, 0.9781551442276873, 0.2077969480184105, -0.1388766371960818, 4.0191104964490434e-09, -0.20780037077142396, 0.9781712559195646, 1.155874391339795e-08, 0.0, 0.0, 0.0, 1.0]}, {"left_foot_pose": [0.9965358516972986, 0.08315746200134626, 0.0010643286310895934, 0.04921242299382516, -0.08316427286966588, 0.9964542383653646, 0.012753609754180667, 0.04574251230685021, 3.043050461413743e-09, -0.012797943475296484, 0.9999181029678403, 6.264631299823797e-09, 0.0, 0.0, 0.0, 1.0], "right_foot_pose": [0.9999932122253359, -0.0035682888640098417, -0.0009180511080253851, 0.02078712707819673, 0.003684493419918479, 0.968224536488324, 0.2500553367760998, -0.13792621833831037, -3.390065063756049e-06, -0.25005702201008717, 0.9682311117351858, 0.002250299698412929, 0.0, 0.0, 0.0, 1.0]}, {"left_foot_pose": [0.9965358516944702, 0.08304266465495123, 0.004495790762792684, 0.049212423008366535, -0.08316427290355782, 0.9950786503908755, 0.05387191521281951, 0.045742512121065206, 1.9846584525444117e-09, -0.05405918407893371, 0.998537733196258, 4.273717803260357e-09, 0.0, 0.0, 0.0, 1.0], "right_foot_pose": [0.9999949375393659, 0.003052200832934949, 0.0008994252135254166, 0.022509851127733287, -0.003181955409084509, 0.9598729208361654, 0.28041728014732503, -0.13475041094376522, -7.444050745437439e-06, -0.28041872247680666, 0.9598777734842399, 0.008710108216531967, 0.0, 0.0, 0.0, 1.0]}, {"left_foot_pose": [0.9965358516952069, 0.08284807335674414, 0.007245207187182994, 0.04921242277408999, -0.083164272894733, 0.9927469136814324, 0.08681744692100704, 0.04574251177045717, 1.1370979335088383e-09, -0.08711924079712303, 0.9961978909247572, 2.689233405406277e-09, 0.0, 0.0, 0.0, 1.0], "right_foot_pose": [0.9999028651096861, 0.01330332880602492, 0.0041571370099813725, 0.025208534526827295, -0.01393772673138183, 0.9546235489792863, 0.29748885610683623, -0.12977544089779938, -1.0908817144064044e-05, -0.29751790059905886, 0.9547162398870808, 0.016558464014380686, 0.0, 0.0, 0.0, 1.0]}, {"left_foot_pose": [0.996535851697349, 0.08263901588498766, 0.009332166704474204, 0.04921242237262043, -0.08316427286905889, 0.9902418331856347, 0.11182493249412293, 0.045742511385147865, 5.07686825997983e-10, -0.11221365720229998, 0.9936841022866802, 1.5539291450816783e-09, 0.0, 0.0, 0.0, 1.0], "right_foot_pose": [0.9996187465827457, 0.026360643361466235, 0.008214497057620411, 0.028639905252287854, -0.027610891156814546, 0.954495267059503, 0.29694515293322216, -0.12344977685950566, -1.3033288384209639e-05, -0.2970587511630953, 0.9548592033318605, 0.022916659189746273, 0.0, 0.0, 0.0, 1.0]}, {"left_foot_pose": [0.9965358517010484, 0.08247699075615149, 0.010669689324269122, 0.049212421740622056, -0.08316427282473325, 0.9883003290859007, 0.12785211478201777, 0.04574251129071661, 2.1861101299316686e-10, -0.1282965530499971, 0.991735849143052, 7.677263755279107e-10, 0.0, 0.0, 0.0, 1.0], "right_foot_pose": [0.999065257854835, 0.04158835750318984, 0.011790634742822836, 0.03256069582598262, -0.04322742619508209, 0.9612660327220637, 0.27221132224676614, -0.11622188315665885, -1.3114896493674731e-05, -0.27246655364460987, 0.9621652545031067, 0.025000007999476805, 0.0, 0.0, 0.0, 1.0]}, {"left_foot_pose": [0.9965358517018693, 0.08236730644651255, 0.011485778231236561, 0.049212421617855974, -0.08316427281489816, 0.9869860109682234, 0.137631093435329, 0.045742511335405585, 1.0242314789934645e-11, -0.13810952531154919, 0.9904169622023944, 3.82633036366542e-10, 0.0, 0.0, 0.0, 1.0], "right_foot_pose": [0.9982096310219712, 0.05816981599597947, 0.013921387932740545, 0.03672762167019166, -0.05981247698000018, 0.9708400399423429, 0.23214668733855912, -0.10854023967506822, -1.1510730114704462e-05, -0.23256373180645284, 0.9725811588323925, 0.025000010440039994, 0.0, 0.0, 0.0, 1.0]}, {"left_foot_pose": [0.9965358517019604, 0.082330566373627, 0.011746238259414763, 0.04921242153010341, -0.08316427281380567, 0.986545764333267, 0.14075211758066553, 0.04574251137672952, -4.297192731937807e-11, -0.14124139873524505, 0.9899751851856253, 2.7070395924866375e-10, 0.0, 0.0, 0.0, 1.0], "right_foot_pose": [0.997077834844789, 0.07509928990251144, 0.013995996476338755, 0.040897409960952445, -0.07639235029790525, 0.980221785891321, 0.1825635759947509, -0.10085331969224365, -8.785742096415354e-06, -0.18309928213995724, 0.9830944272055674, 0.025000011491305166, 0.0, 0.0, 0.0, 1.0]}, {"left_foot_pose": [0.9965358517013923, 0.08236895691913806, 0.011473936109067079, 0.049212421361685785, -0.08316427282061525, 0.9870057880361829, 0.1374891926999824, 0.04574251150589646, 3.914497425740827e-11, -0.13796713129991464, 0.9904368080200133, 4.45152407990701e-10, 0.0, 0.0, 0.0, 1.0], "right_foot_pose": [0.9957592752105994, 0.09127033127710278, 0.01154090380468844, 0.04482679