{"LoopMode": "Wrap", "FrameDuration": 0.0167, "EnableCycleOffsetPosition": true, "EnableCycleOffsetRotation": false, "Debug_info": [{"left_foot_pose": [1.0000000000000004, 5.4365190250158945e-14, -4.990785562597469e-12, 1.1503996801734612e-12, -2.745618261047313e-15, 0.999947194078891, 0.010276626574586506, -2.523068559634467e-13, 4.9908494119242136e-12, -0.010276626574586676, 0.9999471940788911, 1.1123525711642657e-11, 0.0, 0.0, 0.0, 1.0], "right_foot_pose": [0.9999999999999999, -9.616014113775327e-14, -5.037137373875566e-12, 1.5417345572179164e-12, 2.4843425919768384e-14, 0.9998996119917142, -0.014169189772860519, -0.140000000001557, 5.037946648287641e-12, 0.014169189772860366, 0.9998996119917143, 8.729024447706735e-12, 0.0, 0.0, 0.0, 1.0]}, {"left_foot_pose": [1.0000000000000007, 9.950983511881393e-14, -1.1178502568043319e-11, 2.067813181821501e-12, -9.895918485934707e-15, 0.9999681035086159, 0.007986987253206563, 1.0577649867116179e-13, 1.117864480661393e-11, -0.007986987253206734, 0.9999681035086161, 2.406410487543198e-11, 0.0, 0.0, 0.0, 1.0], "right_foot_pose": [0.9999999999999999, -2.61245586548238e-13, -1.1257994536606473e-11, 3.086512056329659e-12, 7.597212917403596e-14, 0.9998645301229049, -0.01645969021891522, -0.14000000000280458, 1.1260658816107942e-11, 0.016459690218915073, 0.9998645301229048, 2.0322465932309797e-11, 0.0, 0.0, 0.0, 1.0]}, {"left_foot_pose": [1.0000000000000007, 9.511722038448319e-14, -1.9680312934866613e-11, 3.1633827891564334e-12, -3.79546097001174e-16, 0.9999884941751762, 0.004797032130867096, 8.396859596526696e-13, 1.9680098469433223e-11, -0.004797032130867268, 0.9999884941751764, 4.169953271571103e-11, 0.0, 0.0, 0.0, 1.0], "right_foot_pose": [0.9999999999999998, -5.609796714294285e-13, -1.981126374062114e-11, 5.0837328014278145e-12, 1.7161228689778684e-13, 0.9998068882949718, -0.01965161871006891, -0.14000000000426582, 1.9818456665120598e-11, 0.019651618710068756, 0.9998068882949718, 3.6468418562751737e-11, 0.0, 0.0, 0.0, 1.0]}, {"left_foot_pose": [1.0000000000000004, -2.5736951462203114e-14, -3.038358453721913e-11, 4.390058532086011e-12, 4.803190826206893e-14, 0.9999997387094375, 0.0007228976813919021, 2.011170743831947e-12, 3.038324424711289e-11, -0.0007228976813920754, 0.9999997387094375, 6.387598783241799e-11, 0.0, 0.0, 0.0, 1.0], "right_foot_pose": [0.9999999999999998, -1.0589622509185235e-12, -3.0596303268737295e-11, 7.47625288062893e-12, 3.326871485324424e-13, 0.9997184137848572, -0.02372958363497915, -0.14000000000584245, 3.0612641212016076e-11, 0.023729583634979005, 0.9997184137848569, 5.695706406516621e-11, 0.0, 0.0, 0.0, 1.0]}, {"left_foot_pose": [1.0000000000000007, -3.462724422495346e-13, -4.341227377580026e-11, 5.720278970232238e-12, 1.630698716703957e-13, 0.9999910634541722, -0.0042276484946807, 3.7254435647504636e-12, 4.3413093174611795e-11, 0.004227648494680526, 0.9999910634541724, 9.094248271113159e-11, 0.0, 0.0, 0.0, 1.0], "right_foot_pose": [1.0000000000000002, -1.8442291817188695e-12, -4.375488860119957e-11, 1.0252766328594108e-11, 5.883468509724886e-13, 0.9995884501522481, -0.028686762142606084, -0.1400000000074517, 4.378970631477909e-11, 0.02868676214260593, 0.9995884501522482, 8.20362944242703e-11, 0.0, 0.0, 0.0, 1.0]}, {"left_foot_pose": [1.0000000000000007, -9.764562866106917e-13, -5.915629097685836e-11, 7.140859850748698e-12, 3.8132614455307984e-13, 0.9999493454548826, -0.010065114224542511, 6.149969422608592e-12, 5.916294186339769e-11, 0.010065114224542331, 0.9999493454548827, 1.2381638075931178e-10, 0.0, 0.0, 0.0, 1.0], "right_foot_pose": [1.0, -3.043263104848043e-12, -5.969941208050497e-11, 1.344638608271274e-11, 9.798064839772458e-13, 0.9994034946601714, -0.0345348354713985, -0.14000000000901205, 5.97687057705712e-11, 0.034534835471398365, 0.9994034946601715, 1.1247575093520368e-10, 0.0, 0.0, 0.0, 1.0]}, {"left_foot_pose": [1.0000000000000004, -2.0706243435653822e-12, -7.827527515047447e-11, 8.643905512944032e-12, 7.539606244674988e-13, 0.9998585089002835, -0.016821479712047362, 9.53579576412622e-12, 7.829886893664086e-11, 0.016821479712047182, 0.9998585089002834, 1.6402065816656375e-10, 0.0, 0.0, 0.0, 1.0], "right_foot_pose": [0.9999999999999998, -4.8387735522371455e-12, -7.912354105243931e-11, 1.7127271236704125e-11, 1.5663343440935503e-12, 0.999146491681214, -0.04130724102529053, -0.14000000001041993, 7.925574175897953e-11, 0.04130724102529039, 0.999146491681214, 1.4958965316447248e-10, 0.0, 0.0, 0.0, 1.0]}, {"left_foot_pose": [1.0000000000000004, -3.851963932953039e-12, -1.016934314534978e-10, 1.0214537623186378e-11, 1.3545107058600872e-12, 0.999698589495223, -0.024550563359372276, 1.4242308721268415e-11, 1.017567929418542e-10, 0.024550563359372092, 0.9996985894952233, 2.1370515773666554e-10, 0.0, 0.0, 0.0, 1.0], "right_foot_pose": [0.9999999999999998, -7.495206259598515e-12, -1.0299933128621315e-10, 2.1389548077612157e-11, 2.4331397073549666e-12, 0.9987958519870553, -0.04905961733903434, -0.14000000001151608, 1.0324291013453e-10, 0.0490596173390342, 0.998795851987055, 1.952359662826808e-10, 0.0, 0.0, 0.0, 1.0]}, {"left_foot_pose": [1.0000000000000004, -6.643709379760375e-12, -1.305751617941552e-10, 1.1814044757002206e-11, 2.2887440712304767e-12, 0.999444518075525, -0.03332649529702207, 2.0764119590399588e-11, 1.3072370956652445e-10, 0.03332649529702189, 0.9994445180755249, 2.7566714189131147e-10, 0.0, 0.0, 0.0, 1.0], "right_foot_pose": [1.0, -1.1391361155371757e-11, -1.3256062914024361e-10, 2.633368003146159e-11, 3.701274611752689e-12, 0.998324221422149, -0.05786837583568778, -0.14000000001204282, 1.329975867599334e-10, 0.057868375835687644, 0.9983242214221488, 2.5180273144354004e-10, 0.0, 0.0, 0.0, 1.0]}, {"left_foot_pose": [1.0000000000000004, -1.0901531762880168e-11, -1.6622331289184426e-10, 1.3351942385374748e-11, 3.704285047688744e-12, 0.9990647389286813, -0.04323941985464803, 2.974168307467995e-11, 1.6653899276828224e-10, 0.04323941985464785, 0.9990647389286815, 3.5322633706869055e-10, 0.0, 0.0, 0.0, 1.0], "right_foot_pose": [1.0, -1.7052198494897392e-11, -1.692056494917437e-10, 3.203132762591562e-11, 5.536376840593217e-12, 0.9976971308778947, -0.0678265068982419, -0.14000000001159107, 1.6997244388741823e-10, 0.06782650689824175, 0.9976971308778947, 3.220479924403996e-10, 0.0, 0.0, 0.0, 1.0]}, {"left_foot_pose": [1.0000000000000007, -1.7219207393551466e-11, -2.0967982905517576e-10, 1.462736285159589e-11, 5.790562535504754e-12, 0.9985200218595585, -0.054385346791096044, 4.1890673221911534e-11, 2.1030565008142283e-10, 0.05438534679109586, 0.9985200218595585, 4.495382260882863e-10, 0.0, 0.0, 0.0, 1.0], "right_foot_pose": [1.0, -2.5143735280192182e-11, -2.1409890527124263e-10, 3.843934893758403e-11, 8.14417002591443e-12, 0.9968719605335654, -0.07903350113696161, -0.1400000000095475, 2.154162058643565e-10, 0.07903350113696145, 0.9968719605335651, 4.0840838350097997e-10, 0.0, 0.0, 0.0, 1.0]}, {"left_foot_pose": [1.0000000000000007, -2.6223052380271567e-11, -2.6066843128447157e-10, 1.5215887952768292e-11, 8.740994847760351e-12, 0.9977635330708443, -0.06684259176593285, 5.769812926048612e-11, 2.6183799748760834e-10, 0.06684259176593266, 0.9977635330708446, 5.655265977733137e-10, 0.0, 0.0, 0.0, 1.0], "right_foot_pose": [0.9999999999999999, -3.633018078596219e-11, -2.6708996125890373e-10, 4.5211029570299374e-11, 1.1719712563736765e-11, 0.9957984836952907, -0.09157171981654715, -0.14000000000511198, 2.692942900700531e-10, 0.091571719816547, 0.9957984836952907, 5.110540532426988e-10, 0.0, 0.0, 0.0, 1.0]}, {"left_foot_pose": [1.0000000000000002, -3.8103199116557e-11, -3.148682425901932e-10, 1.4227149971108832e-11, 1.2595997637459756e-11, 0.9967452059906848, -0.08061634036960465, 7.647012710554346e-11, 3.1691491158787705e-10, 0.08061634036960447, 0.996745205990685, 6.941183322561884e-10, 0.0, 0.0, 0.0, 1.0], "right_foot_pose": [1.0, -5.0691032176428587e-11, -3.2388153270446165e-10, 5.126792210511864e-11, 1.625504456156991e-11, 0.9944245572688772, -0.1054504618320747, -0.13999999999759327, 3.274208782340731e-10, 0.10545046183207453, 0.9944245572688772, 6.226811150034095e-10, 0.0, 0.0, 0.0, 1.0]}, {"left_foot_pose": [1.0000000000000007, -5.1128427491996274e-11, -3.5737501846710896e-10, 9.835934578231113e-12, 1.6762164937055373e-11, 0.9954284702957905, -0.09551000222271742, 9.379437851397832e-11, 3.606243188403414e-10, 0.09551000222271722, 0.9954284702957907, 8.054744302099515e-10, 0.0, 0.0, 0.0, 1.0], "right_foot_pose": [0.9999999999999999, -6.592588559034956e-11, -3.691701389030296e-10, 5.387199185454938e-11, 2.096976153954712e-11, 0.9927162801043324, -0.1204756706385842, -0.13999999998756116, 3.744233763039238e-10, 0.1204756706385841, 0.9927162801043324, 7.156021608611951e-10, 0.0, 0.0, 0.0, 1.0]}, {"left_foot_pose": [1.0000000000000004, -5.805401324571308e-11, -3.502052536852308e-10, -1.1173984129009358e-12, 1.8884428368811867e-11, 0.9938396705077361, -0.11082738526679936, 9.631745054305973e-11, 3.544816078964924e-10, 0.11082738526679918, 0.9938396705077365, 8.164225268059155e-10, 0.0, 0.0, 0.0, 1.0], "right_foot_pose": [0.9999999999999999, -7.308641562666036e-11, -3.633798262292483e-10, 4.7165918498008217e-11, 2.3007397989923102e-11, 0.990716034379654, -0.13594756056307977, -0.13999999997989768, 3.699419506224595e-10, 0.13594756056307963, 0.990716034379654, 7.160632364833219e-10, 0.0, 0.0, 0.0, 1.0]}, {"left_foot_pose": [0.9999999954704821, 9.439185111422986e-05, -1.2215356380131534e-05, 3.207872644275147e-05, -9.517847113306918e-05, 0.9921407723110427, -0.12512665127424769, 4.752884218745673e-05, 3.0841687512344054e-07, 0.12512665187012298, 0.9921407768011951, 0.00016386105547414737, 0.0, 0.0, 0.0, 1.0], "right_foot_pose": [1.0, -5.647327910840545e-11, -2.547668187524718e-10, 1.2159365014796146e-11, 1.7617610314458028e-11, 0.9886849866159058, -0.15000665731995544, -0.14000000003743837, 2.6035553038936706e-10, 0.15000665731995533, 0.9886849866159054, 4.937260322801507e-10, 0.0, 0.0, 0.0, 1.0]}, {"left_foot_pose": [0.9999963880385297, 0.0026582439242303336, -0.00039705054391175453, 0.0009059495385779731, -0.0026877326017979743, 0.9891250814842686, -0.14705219914099, 0.0013423060718598806, 1.8320366884910511e-06, 0.14705273515980374, 0.9891286534514433, 0.004191209085950498, 0.0, 0.0, 0.0, 1.0], "right_foot_pose": [1.0, -3.22989889956017e-11, -1.215819112054815e-10, -2.486895395724575e-11, 1.229343118737496e-11, 0.9869420986255641, -0.161075429412954, -0.14000000017457298, 1.251967024280737e-10, 0.16107542941295389, 0.9869420986255638, 2.4654532582157884e-10, 0.0, 0.0, 0.0, 1.0]}, {"left_foot_pose": [0.9999652557404388, 0.008200956219409758, -0.0014938637979657796, 0.0028098147273240013, -0.008335904179172014, 0.983855783988637, -0.17876887037071376, 0.004163195487576337, 3.6708588159839203e-06, 0.17877511188415646, 0.9838899630331294, 0.011469801799375533, 0.0, 0.0, 0.0, 1.0], "right_foot_pose": [1.0, -4.516653976000111e-12, 2.3393342818423006e-11, -7.973803754627322e-12, 8.38829558343964e-12, 0.9857441221646552, -0.1682513762732225, -0.14000000015044053, -2.2300128785861183e-11, 0.16825137627322237, 0.9857441221646552, 9.039539949906583e-11, 0.0, 0.0, 0.0, 1.0]}, {"left_foot_pose": [0.9998657835287817, 0.015993830320342062, -0.003551382837637644, 0.005522590169442855, -0.016383372516526766, 0.9761685935275985, -0.21639422847048365, 0.0081826274662671, 5.7758172364284065e-06, 0.21642336842872395, 0.9762996085037654, 0.019120926420998406, 0.0, 0.0, 0.0, 1.0], "right_foot_pose": [1.0, 1.1263042877997237e-11, 1.2190803921896524e-10, 5.658256469608596e-11, 9.717972526261113e-12, 0.9853147416886818, -0.17074794233303847, -0.14000000004228214, -1.220410413418922e-10, 0.17074794233303828, 0.9853147416886816, 3.0342159340612795e-11, 0.0, 0.0, 0.0, 1.0]}, {"left_foot_pose": [0.999657424329922, 0.025319096836269712, -0.006631539599708446, 0.008823194047670773, -0.026173152673347126, 0.9671132628291301, -0.25299585557698806, 0.013073027374188917, 7.823333325693567e-06, 0.25308275365063915, 0.9674446339421219, 0.024265878980829367, 0.0, 0.0, 0.0, 1.0], "right_foot_pose": [1.0, 1.126017699583826e-12, 1.2788103909144866e-10, 1.756032167673669e-10, 2.0366305078441253e-11, 0.9857973408615468, -0.16793928292780055, -0.13999999997944593, -1.262541995092806e-10, 0.16793928292780044, 0.9857973408615468, 1.0654589710501483e-10, 0.0, 0.0, 0.0, 1.0]}, {"left_foot_pose": [0.9993134996017791, 0.0355583489192213, -0.010398717987557815, 0.012490539956536994, -0.037047664257966656, 0.9592115919459065, -0.2802509454928369, 0.018506811353544463, 9.309930265903872e-06, 0.28044380131987034, 0.9598704465783844, 0.02500000278274167, 0.0, 0.0, 0.0, 1.0], "right_foot_pose": [1.0, -4.16044387438315e-11, 9.231782005514564e-12, 3.753318758003755e-10, 4.254388747139162e-11, 0.9872288513600522, -0.15930849017648835, -0.1400000000084541, -2.486068650780224e-12, 0.15930849017648824, 0.9872288513600521, 3.9804340379312464e-10, 0.0, 0.0, 0.0, 1.0]}, {"left_foot_pose": [0.9988304868329995, 0.046096218418794105, -0.014587570751879192, 0.01630353916478853, -0.04834933785153077, 0.9523472198006789, -0.30115961626226817, 0.024156405712140568, 1.0112999052029465e-05, 0.301512705512396, 0.9534621588255734, 0.02500000186585341, 0.0, 0.0, 0.0, 1.0], "right_foot_pose": [0.9999999999999998, -1.1326442575097666e-10, -2.533758203249186e-10, 6.301939901034087e-10, 7.541563496344393e-11, 0.9894791626440743, -0.14467545297382509, -0.14000000000115081, 2.6709641775484e-10, 0.14467545297382495, 0.9894791626440741, 9.288610228197491e-10, 0.0, 0.0, 0.0, 1.0]}, {"left_foot_pose": [0.9982329908841026, 0.05638921395751817, -0.01873906240539241, 0.020041109679166697, -0.05942134136248147, 0.9473489531947329, -0.31464116874866915, 0.029694239710554238, 1.0062969186804594e-05, 0.31519869515925686, 0.949025701690233, 0.02491026999350189, 0.0, 0.0, 0.0, 1.0], "right_foot_pose": [0.9999999999999998, -2.0431173352362004e-10, -6.979932742900974e-10, 8.718269804653331e-10, 1.1650400408823597e-10, 0.9923374208837885, -0.12355744863710522, -0.14000000007662577, 7.178888856779471e-10, 0.12355744863710508, 0.9923374208837885, 1.7552606312865038e-09, 0.0, 0.0, 0.0, 1.0]}, {"left_foot_pose": [0.9975743966747067, 0.06613979479743508, -0.021699093143470256, 0.023482167197530972, -0.0696083545355817, 0.9479051390591983, -0.31085450668119896, 0.03479273382948961, 8.828619867067844e-06, 0.31161093512474153, 0.9502097794870039, 0.02116383324756021, 0.0, 0.0, 0.0, 1.0], "right_foot_pose": [1.0, -2.869359068880567e-10, -1.358919698990489e-09, 1.0098348045210798e-09, 1.5621517277496252e-10, 0.995454823012814, -0.09523494810481785, -0.14000000055654754, 1.3800692990434516e-09, 0.09523494810481771, 0.9954548230128138, 2.998270520748747e-09, 0.0, 0.0, 0.0, 1.0]}, {"left_foot_pose": [0.9969332002335382, 0.07488868479648189, -0.022712973419840222, 0.026405623020606984, -0.07825723115737813, 0.9540451806954368, -0.2892638915651125, 0.03912431778208747, 6.61043203854671e-06, 0.2901542315412023, 0.9569798962752758, 0.013996811275412246, 0.0, 0.0, 0.0, 1.0], "right_foot_pose": [1.0, -3.029438546857914e-10, -2.202952320562444e-09, 1.0487349281524762e-09, 1.7161289948369184e-10, 0.9982358491328338, -0.05937330634258367, -0.14000000101378302, 2.217052586096138e-09, 0.059373306342583525, 0.9982358491328339, 4.685764352918564e-09, 0.0, 0.0, 0.0, 1.0]}, {"left_foot_pose": [0.9964050659126955, 0.08189046317319004, -0.021700153566247066, 0.028590395038397675, -0.08471684961184689, 0.9631741089821876, -0.2551836420662843, 0.04236142449337919, 3.919432916782364e-06, 0.256104642339123, 0.9666490635990856, 0.006287908806379958, 0.0, 0.0, 0.0, 1.0], "right_foot_pose": [1.0, -1.8592885438215584e-10, -3.1681362533397804e-09, 8.987471090844857e-10, 1.3491058694252916e-10, 0.9998704514578827, -0.01609597158950147, -0.14000000131132362, 3.1707185726541484e-09, 0.016095971589501316, 0.9998704514578824, 6.720298130480362e-09, 0.0, 0.0, 0.0, 1.0]}, {"left_foot_pose": [0.9960906323686595, 0.08631263263340065, -0.0188037643916632, 0.029815400105461833, -0.08833715020203636, 0.9732651877511022, -0.21201750448016232, 0.044176480617296315, 1.2603050329636464e-06, 0.21284972107029973, 0.9770849483226668, 0.0009158379206656714, 0.0, 0.0, 0.0, 1.0], "right_foot_pose": [0.9999999999999999, 1.1345979849558668e-10, -4.053155588934488e-09, 4.784332385580951e-10, 2.30186578205386e-11, 0.9994334670254128, 0.0336562771197739, -0.14000000127133744, 4.0546779197195015e-09, -0.03365627711977404, 0.9994334670254128, 8.710995758054452e-09, 0.0, 0.0, 0.0, 1.0]}, {"left_foot_pose": [0.9960421135957572, 0.08771064150381962, -0.014385802399776288, 0.03000000107643584, -0.08888255140181837, 0.9829093797915904, -0.1612111757106672, 0.044450001700291286, 4.47540072408648e-09, 0.16185176701136425, 0.9868150817226599, 1.0061924619886309e-08, 0.0, 0.0, 0.0, 1.0], "right_foot_pose": [0.9999999999999997, 5.357475369929923e-10, -4.38650127332352e-09, 1.1962788496176072e-10, -1.5124286116811624e-10, 0.9961915960010713, 0.08719119254166709, -0.140000001184804, 4.416508055026588e-09, -0.08719119254166724, 0.9961915960010715, 9.750445187362011e-09, 0.0, 0.0, 0.0, 1.0]}, {"left_foot_pose": [0.9960421135861645, 0.08834774829944468, -0.009735673229161714, 0.030000000941749854, -0.08888255150932023, 0.9900489680688093, -0.10910056307407326, 0.044450001342801235, 4.148190553062462e-09, 0.10953408691500922, 0.9939830399980153, 8.694954978238911e-09, 0.0, 0.0, 0.0, 1.0], "right_foot_pose": [0.9999999999999997, 7.923372699579457e-10, -3.9786152150611575e-09, 1.2920780787700555e-10, -2.2949196560193868e-10, 0.9902192814075729, 0.1395198004896448, -0.14000000131014317, 4.050248169508989e-09, -0.13951980048964496, 0.9902192814075728, 9.549479651482784e-09, 0.0, 0.0, 0.0, 1.0]}, {"left_foot_pose": [0.9960421135757985, 0.0887216813365995, -0.005345207597829722, 0.030000000804981813, -0.0888825516254846, 0.9942393594588522, -0.0598998173569434, 0.04445000088844284, 3.270577354764246e-09, 0.06013783637327703, 0.998190082417343, 6.58073632392453e-09, 0.0, 0.0, 0.0, 1.0], "right_foot_pose": [0.9999999988549125, 4.692189139098994e-05, 9.408009771005682e-06, -1.1174026663358806e-06, -4.785335852118038e-05, 0.9824089947616708, 0.18674197364657816, -0.13999482328657986, -4.802268162586011e-07, -0.18674197388294736, 0.9824089958820971, 3.740622194089299e-05, 0.0, 0.0, 0.0, 1.0]}, {"left_foot_pose": [0.9960421135675046, 0.08886882034727973, -0.0015622964067382467, 0.0300000013524403, -0.0888825517184308, 0.9958882364916511, -0.017507496039425793, 0.044450000866180096, 2.093125293304941e-09, 0.017577064249555636, 0.9998455114728315, 4.5314246660543844e-09, 0.0, 0.0, 0.0, 1.0], "right_foot_pose": [0.9999878962381019, 0.004788912353750117, 0.0011285813055213285, -0.00011495065049078934, -0.004920095912698228, 0.9735939271490468, 0.2282337785576576, -0.13946746222009723, -5.788343671686117e-06, -0.2282365687986135, 0.9736057049080653, 0.0034929892569394924, 0.0, 0.0, 0.0, 1.0]}, {"left_foot_pose": [0.996042113565387, 0.08887029876546212, 0.0014758053854237738, 0.03000000141611919, -0.08888255174216188, 0.9959048031702108, 0.016538289461327686, 0.044450000589205035, 1.0536094780677018e-09, -0.01660400613834845, 0.9998621439879396, 2.751278163626303e-09, 0.0, 0.0, 0.0, 1.0], "right_foot_pose": [0.9998595175725027, 0.01616008122357043, 0.004449370127270241, -0.0003916362779338195, -0.016761413563078347, 0.9641721467457585, 0.2647472879087587, -0.1381856785982276, -1.162107095105459e-05, -0.2647846732998787, 0.9643075633066596, 0.010538496634270457, 0.0, 0.0, 0.0, 1.0]}, {"left_foot_pose": [0.9960421135664557, 0.0888037519576609, 0.0037418765761728957, 0.03000000113147939, -0.08888255173018501, 0.9951590617095525, 0.041932492118822995, 0.04445000022018358, 2.4650922537445776e-10, -0.042099115615491, 0.9991134392372042, 1.3910277790740722e-09, 0.0, 0.0, 0.0, 1.0], "right_foot_pose": [0.9994181455994409, 0.0325979356801324, 0.010037172707925422, -0.0007970832258686597, -0.034108209494229706, 0.9553121223330737, 0.29362455443742513, -0.13630742118523934, -1.7078422173164528e-05, -0.29379605768776546, 0.9558681269900438, 0.018295207743073888, 0.0, 0.0, 0.0, 1.0]}, {"left_foot_pose": [0.9960421135680277, 0.08872792826531992, 0.005240490881679471, 0.030000000643937527, -0.08888255171256432, 0.9943093612449925, 0.058726366664722994, 0.04444999991247187, -2.9246264370009015e-10, -0.0589597225766919, 0.9982603623873288, 4.922536545048928e-10, 0.0, 0.0, 0.0, 1.0], "right_foot_pose": [0.998459236607221, 0.052753176594878354, 0.01721206532855938, -0.0012971942820467213, -0.05549011073589734, 0.9493299954248033, 0.3093435103525865, -0.13399063247838602, -2.1077069503188437e-05, -0.309821984607117, 0.950794582131106, 0.023884417234117647, 0.0, 0.0, 0.0, 1.0]}, {"left_foot_pose": [0.9960421135684181, 0.08868078232402839, 0.0059855529868073415, 0.030000000132130725, -0.08888255170819258, 0.9937810312415408, 0.06707573291691163, 0.044449999848779516, -5.497512512779791e-10, -0.06734226600656357, 0.9977299330024646, 7.825371600711506e-11, 0.0, 0.0, 0.0, 1.0], "right_foot_pose": [0.996840410649331, 0.07558496675204478, 0.024415333247060352, -0.0018578696922466682, -0.07943044244191373, 0.9486675662177614, 0.3061382916590982, -0.13139325114254422, -2.2582173303641916e-05, -0.30711034109512114, 0.951673913629287, 0.025000001218276398, 0.0, 0.0, 0.0, 1.0]}, {"left_foot_pose": [0.9960421135670415, 0.08868022231904354, 0.005993844371237988, 0.029999999691530634, -0.08888255172361754, 0.9937747554826523, 0.06716864867253197, 0.04444999992554167, -5.272783953013769e-10, -0.06743555097158081, 0.9977236323076449, 5.930927970965172e-11, 0.0, 0.0, 0.0, 1.0], "right_foot_pose": [0.9945299720378402, 0.09986342984885374, 0.030617480256141354, -0.0024450193364008634, -0.10445158802064573, 0.9509054177950986, 0.29132241961080463, -0.12867322731359299, -2.187184059739835e-05, -0.2929269222634745, 0.9561348324032917, 0.025000002215999857, 0.0, 0.0, 0.0, 1.0]}, {"left_foot_pose": [0.9960421135643003, 0.08872574254606434, 0.005277368284666382, 0.029999999325891313, -0.08888255175433728, 0.9942848669746135, 0.059139625454627504, 0.04445000003816048, -2.405377945398207e-10, -0.05937462349291698, 0.9982357707901852, 4.15329888536764e-10, 0.0, 0.0, 0.0, 1.0], "right_foot_pose": [0.9916337757431964, 0.1242775670692524, 0.034893281998675224, -0.0030245477064565797, -0.12908312993044144, 0.9547572066606494, 0.26791084691910866, -0.1259885090483965, -1.9304205708017606e-05, -0.2701735787468881, 0.962811631096367, 0.024992553274938746, 0.0, 0.0, 0.0, 1.0]}, {"left_foot_pose": [0.9960421135615204, 0.08879947637621075, 0.0038420056235325692, 0.029999999167847197, -0.08888255178549062, 0.9951111477332857, 0.04305456590239318, 0.04445000049240192, 2.821059618897862e-10, -0.0432256480836874, 0.999065334874425, 1.242952997471125e-09, 0.0, 0.0, 0.0, 1.0], "right_foot_pose": [0.9884003658341647, 0.14765173256930048, 0.03554831484294066, -0.003562354328753653, -0.1518707232993984, 0.9609654875724893, 0.23125876221039737, -0.12349703553711795, -1.4946793229921815e-05, -0.23397499345838518, 0.9722426148923642, 0.021837794518071857, 0.0, 0.0, 0.0, 1.0]}, {"left_foot_pose": [0.9960421135608799, 0.08886622156626672, 0.0017037246582492205, 0.02999999929854355, -0.08888255179266555, 0.9958591123782548, 0.019092414200916497, 0.04445000093537914, 9.847125087397494e-10, -0.019168279988838067, 0.9998162716430808, 2.4766075856774705e-09, 0.0, 0.0, 0.0, 1.0], "right_foot_pose": [0.9852046004346449, 0.16836111774374324, 0.03203793555286414, -0.004024353758388216, -0.17138230710262464, 0.9678476626620102, 0.1841168289208388, -0.12135676294260236, -9.725928809880992e-06, -0.18688348218010398, 0.9823820865598301, 0.014923780873671369, 0.0, 0.0, 0.0, 1.0]}, {"left_foot_pose": [0.9960421135672621, 0.08887568582256083, -0.001104748854721981, 0.030000000022129544, -0.08888255172114765, 0.9959651726889146, -0.012380096537545657, 0.044450001124621025, 1.8135471589615527e-09, 0.012429290418642248, 0.9999227533863255, 3.984570985660074e-09, 0.0, 0.0, 0.0, 1.0], "right_foot_pose": [0.9825103901434711, 0.18445323250576126, 0.025501730888312434, -0.004376453320155937, -0.1862077689997279, 0.973256341284297, 0.13453163536524781, -0.11972564263885396, -4.926283369396357e-06, -0.1369273499636931, 0.9905810924945279, 0.007129216317517756, 0.0, 0.0, 0.0, 1.0]}, {"left_foot_pose": [0.9960421135759809, 0.08876971800402779, -0.004477180874063545, 0.0300000005425147, -0.0888825516234409, 0.9947776706804148, -0.050172481825752804, 0.04445000102424902, 2.497881405435091e-09, 0.050371848101241554, 0.9987305326858023, 5.418060486372944e-09, 0.0, 0.0, 0.0, 1.0], "right_foot_pose": [0.980813117410407, 0.19417958903193208, 0.017318080698197586, -0.004584555995561593, -0.19495032370769905, 0.976936115001767, 0.0871217452276855, -0.11876162047358801, -1.3937925275694537e-06, -0.08882631596911136, 0.996047130204898, 0.001332808092749313, 0.0, 0.0, 0.0, 1.0]}, {"left_foot_pose": [0.9960421136063278, 0.08850249112020953, -0.008210784868543458, 0.030000003105986602, -0.08888255128336613, 0.9917830580344777, -0.09201227023142182, 0.04445000011525544, 2.196680650047328e-09, 0.09237789162617677, 0.995724020569306, 6.374374389439552e-09, 0.0, 0.0, 0.0, 1.0], "right_foot_pose": [0.9804619560904451, 0.19651523439950586, 0.008724408759658131, -0.004626458180034179, -0.19670880168233015, 0.9794971519907985, 0.04348536055520765, -0.11856751788957892, 2.289564755896499e-09, -0.04435190966375651, 0.9990159698969674, 5.743773227873117e-09, 0.0, 0.0, 0.0, 1.0]}, {"left_foot_pose": [0.9960421136237045, 0.08807521298718222, -0.011952604121559539, 0.030000005186463296, -0.08888255108863703, 0.9869948636269054, -0.13394413494469767, 0.04444999925262075, 6.613068540410828e-10, 0.13447637722429195, 0.9909167997206584, 6.9436685221080374e-09, 0.0, 0.0, 0.0, 1.0], "right_foot_pose": [0.9804619560746601, 0.19670879874434483, 3.4450077100664114e-05, -0.0046264562205837155, -0.19670880176100647, 0.9804619410379505, 0.00017171442435869492, -0.11856751792535537, 7.486795610203823e-10, -0.0001751360937801367, 0.9999999846636746, 5.5256309458573405e-09, 0.0, 0.0, 0.0, 1.0]}, {"left_foot_pose": [0.9960421135882047, 0.0875233555936623, -0.015484514340724965, 0.030000001049719414, -0.08888255148645714, 0.980810598354076, -0.17352366466156016, 0.04445000074620502, 2.369659155475188e-09, 0.1742131808502033, 0.9847079605741266, 5.939168892798996e-09, 0.0, 0.0, 0.0, 1.0], "right_foot_pose": [0.9804619561098467, 0.19653208538755876, -0.008336188245869704, -0.004626460053660284, -0.19670880158562606, 0.9795811444657045, -0.041550316316572675, -0.1185675169208859, 2.5081614957764268e-09, 0.04237830601236679, 0.9991016360608775, 4.807626685643385e-09, 0.0, 0.0, 0.0, 1.0]}, {"left_foot_pose": [0.9956454394398653, 0.09117590461958815, -0.019419406257608487, 0.029409343647549952, -0.09322102174412777, 0.9738143352305454, -0.20735351842800495, 0.043728934118818286, 5.251576597003314e-06, 0.2082608818676515, 0.9780733127205393, 0.0028444571488661224, 0.0, 0.0, 0.0, 1.0], "right_foot_pose": [0.9804619561235275, 0.1960767459685587, -0.015756341098332276, -0.004626460934677209, -0.19670880151743506, 0.9773115822246979, -0.07853482447317404, -0.11856751695006794, 1.8209710723604932e-09, 0.0800998186005388, 0.9967868473551208, 3.4244109770042996e-09, 0.0, 0.0, 0.0, 1.0]}, {"left_foot_pose": [0.9944321068806212, 0.10243385390858815, -0.02474046035148564, 0.027752683648925667, -0.10537924220568916, 0.9666614674965179, -0.23336842667686214, 0.041706517461314846, 1.082238481155083e-05, 0.23467618718334693, 0.9720736016639704, 0.009617038191649316, 0.0, 0.0, 0.0, 1.0], "right_foot_pose": [0.9804619561270823, 0.19549049515540193, -0.02185906885828265, -0.00462646134738868, -0.1967088014997176, 0.9743895135503281, -0.10895284895632533, -0.11856751682529144, 1.0804212642423553e-09, 0.1111239946503497, 0.9938065494918762, 2.2309043848367516e-09, 0.0, 0.0, 0.0, 1.0]}, {"left_foot_pose": [0.9923156568381075, 0.11976189384247084, -0.031092217309493488, 0.025247761311273036, -0.12373211769513322, 0.9605067219564632, -0.2492332243645049, 0.038648568148760436, 1.5640767940928156e-05, 0.2511651366326839, 0.9679442514399539, 0.017439493917582823, 0.0, 0.0, 0.0, 1.0], "right_foot_pose": [0.9804619561247729, 0.19490025490503024, -0.026612839569248217, -0.0046264614268124275, -0.19670880151122944, 0.9714475598502358, -0.13264722337477855, -0.11856751657842149, 4.120430998893738e-10, 0.13529053588103238, 0.990805970360001, 1.3394017353562937e-09, 0.0, 0.0, 0.0, 1.0]}, {"left_foot_pose": [0.989189420496807, 0.14186785419367548, -0.037118759727044016, 0.022112401646615123, -0.14664341113767865, 0.9570078392030335, -0.2502632727226412, 0.03482100643711211, 1.8630555627149338e-05, 0.2530010032597172, 0.9674660159418935, 0.023433118052929476, 0.0, 0.0, 0.0, 1.0], "right_foot_pose": [0.9804619561202434, 0.19440250831695588, -0.030033603862032663, -0.004626461221385087, -0.1967088015338043, 0.9689666251530438, -0.14969745067520474, -0.11856751630167349, -1.2453644979662115e-10, 0.15268052953666622, 0.9882755971389781, 7.520112518810684e-10, 0.0, 0.0, 0.0, 1.0]}, {"left_foot_pose": [0.9850140481202325, 0.167624897367543, -0.040610574833587196, 0.018564435974111414, -0.17247412747913216, 0.9573454433307582, -0.23182402266406105, 0.030489749048979504, 1.8870761583209763e-05, 0.23535419247669195, 0.9719096685019342, 0.02500000652828909, 0.0, 0.0, 0.0, 1.0], "right_foot_pose": [0.9804619561165772, 0.19406432243333926, -0.03214640518851868, -0.004626460844501403, -0.19670880155207962, 0.9672809940649381, -0.160228355520146, -0.11856751615827746, -4.82260858148558e-10, 0.16342128771746567, 0.9865563758451749, 4.574776391041979e-10, 0.0, 0.0, 0.0, 1.0]}, {"left_foot_pose": [0.9798786302162505, 0.19536390101774054, -0.04087561895134726, 0.014821710717291227, -0.1995942628537456, 0.9591274970088745, -0.2005905648762234, 0.0259207231940487, 1.6774831922741672e-05, 0.2047129469785023, 0.9788220517836647, 0.02500000765796956, 0.0, 0.0, 0.0, 1.0], "right_foot_pose": [0.9804619561155555, 0.19391408195571724, -0.033040602738603556, -0.004626460550996844, -0.19670880155717171, 0.9665321454906793, -0.16468533366127633, -0.11856751618069603, -6.352498781673161e-10, 0.16796708175251507, 0.9857926046829242, 3.3395410048431273e-10, 0.0, 0.0, 0.0, 1.0]}, {"left_foot_pose": [0.974035212606482, 0.2232643280470132, -0.03752924758588564, 0.011102049954100107, -0.2263965645310266, 0.9605688403210909, -0.16140662493449234, 0.02137985350673416, 1.3084173361423326e-05, 0.1657122289570415, 0.9861741514574872, 0.025000007897797098, 0.0, 0.0, 0.0, 1.0], "right_foot_pose": [0.9804619561174621, 0.19395748304996524, -0.032784865033161, -0.004626460242783688, -0.19670880154766865, 0.9667484710357753, -0.16341065186722392, -0.1185675162243916, -5.957983936532974e-10, 0.16666699888974293, 0.9860132410272626, 4.168706282947632e-10, 0.0, 0.0, 0.0, 1.0]}, {"left_foot_pose": [0.967906840231127, 0.2496787150059278, -0.028581250966067964, 0.007623279572575664, -0.25130926876702764, 0.9616304963012015, -0.11004744438326441, 0.017133054836289678, 8.098048109221086e-06, 0.11369840744924538, 0.9935153104396169, 0.02245972759361998, 0.0, 0.0, 0.0, 1.0], "right_foot_pose": [0.9804619561177896, 0.19432699244829849, -0.030518397921197534, -0.004626459918991551, -0.19670880154603562, 0.9685902289962621, -0.15211382477372445, -0.11856751665418597, -4.69937859635376e-11, 0.1551450556703882, 0.9878917003908031, 7.712018107453034e-10, 0.0, 0.0, 0.0, 1.0]}, {"left_foot_pose": [0.962069794816312, 0.2722761274279711, -0.016953475600243864, 0.004603248588995282, -0.2728034271939266, 0.9602110492108095, -0.05977483655122323, 0.013446262504021044, 3.65358007271465e-06, 0.062132530982608826, 0.9980679078000394, 0.015838564220272473, 0.0, 0.0, 0.0, 1.0], "right_foot_pose": [0.9804619561231249, 0.1947399346672798, -0.02776167215783594, -0.004626459698408444, -0.19670880151944287, 0.9706484704406524, -0.13837338702223947, -0.11856751695679832, 2.6847699984227e-10, 0.1411308069735505, 0.9899909571925366, 1.3675363688681053e-09, 0.0, 0.0, 0.0, 1.0]}, {"left_foot_pose": [0.9572113438085197, 0.28935440557977665, -0.004524517196671952, 0.0022597787348145578, -0.28938977743498157, 0.957094379745539, -0.014963454669110924, 0.010585406144271987, 6.484487960375295e-07, 0.015632537576382954, 0.9998778044183716, 0.007998178706162873, 0.0, 0.0, 0.0, 1.0], "right_foot_pose": [0.9804619561262709, 0.1952479519956817, -0.023928849335857566, -0.004626459674566031, -0.19670880150376133, 0.9731805977129168, -0.11926932399441172, -0.11856751713862985, 6.534336474533045e-10, 0.12164604998363937, 0.9925735431308743, 2.0193809610602464e-09, 0.0, 0.0, 0.0, 1.0]}, {"left_foot_pose": [0.9540639566904487, 0.29952750321061067, 0.0067261701275248146, 0.000810696708241557, -0.29960301491132946, 0.9538235293835327, 0.02141747535037345, 0.008816408055266317, -4.5641349788687555e-07, -0.022448822124110535, 0.9997479934388629, 0.0018172768063609152, 0.0, 0.0, 0.0, 1.0], "right_foot_pose": [0.9804619561243322, 0.1957712598860441, -0.01918245019488128, -0.004626459886700008, -0.19670880151342515, 0.975788937974506, -0.09561169349895339, -0.11856751706597539, 1.0072835753582287e-09, 0.09751698482426982, 0.9952338607939258, 2.5307002188279526e-09, 0.0, 0.0, 0.0, 1.0]}, {"left_foot_pose": [0.9532444589144141, 0.30179907370568065, 0.015566652156456277, 0.0004414185137798215, -0.30220026728804655, 0.9519789550436725, 0.04910262319868002, 0.008365611631232705, 9.444486153148976e-10, -0.05151104992476541, 0.9986724246396561, 3.1630954938632883e-09, 0.0, 0.0, 0.0, 1.0], "right_foot_pose": [0.9804619560986942, 0.1962182068802744, -0.013884089160336793, -0.0046264612175436065, -0.19670880164121357, 0.9780166693473514, -0.06920290337544563, -0.11856751684693383, 1.0262753891667988e-09, 0.0705819365518078, 0.9975059850610406, 2.5072956211236175e-09, 0.0, 0.0, 0.0, 1.0]}, {"left_foot_pose": [0.953244458911713, 0.30127496507596874, 0.023630424723028138, 0.00044141634080545767, -0.30220026729656724, 0.9503257349068728, 0.07453855391404013, 0.008365610836388327, -5.138077227587274e-10, -0.07819458416148133, 0.9969381159368991, 3.748651701551697e-09, 0.0, 0.0, 0.0, 1.0], "right_foot_pose": [0.9804619560751949, 0.19652785937477915, -0.00843523436362466, -0.004626463243431127, -0.19670880175834077, 0.9795600790859892, -0.042044009940161275, -0.11856751665051245, -4.3273086210689764e-10, 0.04288183707139475, 0.9990801509635663, 2.259951829841622e-09, 0.0, 0.0, 0.0, 1.0]}, {"left_foot_pose": [0.9532444589165672, 0.30059503162235546, 0.031106727709885446, 0.0004414191458971071, -0.30220026728125454, 0.9481809886207064, 0.09812141088161581, 0.008365611613755108, 7.74075108003898e-10, -0.10293415265214872, 0.9946881723524136, 2.5282337889898088e-09, 0.0, 0.0, 0.0, 1.0], "right_foot_pose": [0.9804619561030956, 0.19668136826613222, -0.0032851197015941434, -0.004626460720314902, -0.196708801619276, 0.9803252192388224, -0.016374122567738087, -0.11856751694515202, 8.609107337685287e-10, 0.01670041620191262, 0.9998605383245618, 2.185539922650026e-09, 0.0, 0.0, 0.0, 1.0]}, {"left_foot_pose": [0.9532444589078777, 0.29987909656452183, 0.0373835392261729, 0.0004414199104721085, -0.3022002673086649, 0.9459226811038124, 0.1179206504898424, 0.008365612092144172, 4.812232131216067e-10, -0.1237045222173483, 0.9923190974595715, 1.4664513214857067e-09, 0.0, 0.0, 0.0, 1.0], "right_foot_pose": [0.9797865548169215, 0.20003813378322646, 0.0017470067291791198, -0.005625923249776359, -0.20004576226440984, 0.9797492005715952, 0.008555523325397486, -0.11895384526634732, -1.9752675515179522e-07, -0.00873206801646682, 0.9999618747672918, 0.0022503010274733393, 0.0, 0.0, 0.0, 1.0]}, {"left_foot_pose": [0.953244458908551, 0.29922252894840307, 0.04231878696119199, 0.0004414199805141013, -0.30220026730654054, 0.9438516392817291, 0.1334881323004003, 0.008365612188422335, 8.578897556772371e-11, -0.14003557117716908, 0.9901464734094069, 7.820306624495288e-10, 0.0, 0.0, 0.0, 1.0], "right_foot_pose": [0.9774473608594686, 0.21102119465721045, 0.008167750871768865, -0.008965624653145304, -0.21117920528779435, 0.9767163158413277, 0.037796582165052654, -0.12024477561925459, -1.6956177550397498e-06, -0.03866902862482773, 0.9992520734140796, 0.008710108910993483, 0.0, 0.0, 0.0, 1.0]}, {"left_foot_pose": [0.9532444589107899, 0.298724748721966, 0.045700394493644145, 0.00044141986142169436, -0.30220026729947846, 0.9422814679953981, 0.14415489418178679, 0.008365612125096115, -2.6994419036722156e-10, -0.15122552553533045, 0.9884992870136854, 3.4072233923154727e-10, 0.0, 0.0, 0.0, 1.0], "right_foot_pose": [0.9735287533308578, 0.22795102295398265, 0.016736115806810965, -0.014197347881713264, -0.22856457822348936, 0.970916844951045, 0.07126509504537537, -0.1222670563112319, -4.425439378248823e-06, -0.07320390238601274, 0.9973169950702107, 0.01655846280019075, 0.0, 0.0, 0.0, 1.0]}, {"left_foot_pose": [0.9532444589114113, 0.29846365330563857, 0.047375618308824474, 0.000441419605223297, -0.3022002672975185, 0.9414578826282033, 0.1494391303592512, 0.0083656120312204, -5.073884767009844e-10, -0.15676894747580833, 0.9876353057213619, 1.048594266972458e-10, 0.0, 0.0, 0.0, 1.0], "right_foot_pose": [0.9680998889906927, 0.2490352664790325, 0.027641291321596186, -0.02084948040091073, -0.25056457226138296, 0.9621946619172045, 0.10676529260722573, -0.12483838808294188, -7.97986298595644e-06, -0.11028539625786227, 0.993899960412801, 0.022916656692117184, 0.0, 0.0, 0.0, 1.0]}, {"left_foot_pose": [0.9532444589142584, 0.2985798867862216, 0.04663746086560965, 0.0004414193818788935, -0.3022002672885382, 0.9418245232216478, 0.14711072669609254, 0.008365612004171834, -2.220632999006477e-10, -0.15432633820914615, 0.9880199296243761, 1.5275191528330012e-10, 0.0, 0.0, 0.0, 1.0], "right_foot_pose": [0.9612883783948946, 0.2727360276318077, 0.03923917423361248, -0.02845040640149141, -0.27554428579572593, 0.9514970893539213, 0.13685260507691788, -0.1277764663703976, -1.132419219057219e-05, -0.1423669490529223, 0.9898139480170635, 0.025000005305899138, 0.0, 0.0, 0.0, 1.0]}, {"left_foot_pose": [0.9532444589058959, 0.2989233074942263, 0.044383080131046235, 0.00044141913912811785, -0.3022002673149155, 0.9429077910724036, 0.13999962846291553, 0.008365612015725991, -5.925712342817897e-11, -0.14686644876102006, 0.9891563305303807, 4.189646615748721e-10, 0.0, 0.0, 0.0, 1.0], "right_foot_pose": [0.9533429863257602, 0.29748180222317955, 0.051397740899088294, -0.03652849149900772, -0.30188930128211006, 0.9394323171741681, 0.16226451004508843, -0.13089898580353004, -1.3959945273922937e-05, -0.1702101606685758, 0.985407784123049, 0.025000004547580473, 0.0, 0.0, 0.0, 1.0]}, {"left_foot_pose": [0.9532444588953534, 0.29951852473496937, 0.04017032394559509, 0.0004414189402733896, -0.3022002673481716, 0.9447853124314853, 0.12671113537663262, 0.008365612025019706, 2.760887115199253e-10, -0.13292617031393564, 0.9911259421716657, 9.56731853463122e-10, 0.0, 0.0, 0.0, 1.0], "right_foot_pose": [0.944669554817856, 0.32190461552542493, 0.06306227639137406, -0.04461212442573393, -0.3280235234938017, 0.9270567937309364, 0.18156615662624712, -0.1340236508261248, -1.532791556047124e-05, -0.19220593045154472, 0.9813546148382403, 0.02500000323764376, 0.0, 0.0, 0.0, 1.0]}, {"left_foot_pose": [0.953244458885339, 0.3002973758531791, 0.03385982368667458, 0.00044141903192407685, -0.3022002673797593, 0.9472420787113655, 0.10680563053591345, 0.008365612321757847, 8.025129356615711e-10, -0.1120443232576589, 0.9937032100309097, 1.8192415490725367e-09, 0.0, 0.0, 0.0, 1.0], "right_foot_pose": [0.935840617408362, 0.34508991576947745, 0.07152124749296951, -0.052229690546021494, -0.3524235216201818, 0.91637513632431, 0.18987962222269003, -0.1369681589161038, -1.4750082286683614e-05, -0.20290283280628996, 0.9791988767465053, 0.023024934120045103, 0.0, 0.0, 0.0, 1.0]}, {"left_foot_pose": [0.9532444588818179, 0.30113513581313567, 0.02535017928763179, 0.0004414193445351285, -0