{"LoopMode": "Wrap", "FrameDuration": 0.0167, "EnableCycleOffsetPosition": true, "EnableCycleOffsetRotation": false, "Debug_info": [{"left_foot_pose": [1.0000000000000002, 1.2918225739674413e-13, -8.45912229152646e-12, 1.3378816279912292e-12, -4.694854390803218e-14, 0.999953128681607, 0.009681964669750692, 1.4285447824669006e-13, 8.45958066077787e-12, -0.009681964669750862, 0.9999531286816071, 1.771965907337858e-11, 0.0, 0.0, 0.0, 1.0], "right_foot_pose": [0.9999999999999998, -2.08930459166327e-13, -8.519185357158675e-12, 4.4184495400776675e-13, 8.319801802586795e-14, 0.9998910125156567, -0.014763573091052107, -0.14000000000205953, 8.52133290331778e-12, 0.014763573091051956, 0.9998910125156565, 1.5003068232211092e-11, 0.0, 0.0, 0.0, 1.0]}, {"left_foot_pose": [1.0000000000000007, 1.9946783677118332e-13, -1.8844592553080026e-11, 3.2602250653693867e-12, -7.244786893633626e-14, 0.9999774026151005, 0.006722667562647471, 1.2142630650968655e-12, 1.8845247025103194e-11, -0.006722667562647644, 0.9999774026151007, 3.853992125435468e-11, 0.0, 0.0, 0.0, 1.0], "right_foot_pose": [1.0, -5.321819155848119e-13, -1.8954449121366676e-11, 1.4580859855351233e-12, 1.9622090364718837e-13, 0.9998429226931315, -0.017723711249527725, -0.14000000000367713, 1.8960900927194756e-11, 0.017723711249527575, 0.9998429226931318, 3.451955388200645e-11, 0.0, 0.0, 0.0, 1.0]}, {"left_foot_pose": [1.0000000000000007, 1.4228304696402366e-13, -3.307309981437357e-11, 6.010869404318986e-12, -5.5921425470473614e-14, 0.9999966167442302, 0.002601249717710937, 3.069367676689083e-12, 3.307301831151637e-11, -0.0026012497177111105, 0.9999966167442305, 6.697507132225056e-11, 0.0, 0.0, 0.0, 1.0], "right_foot_pose": [1.0, -1.1239460771107273e-12, -3.3270219912395753e-11, 3.0307880559178673e-12, 3.9687188029589097e-13, 0.9997613128562609, -0.021847592909185178, -0.1400000000054921, 3.328664986893188e-11, 0.021847592909185025, 0.9997613128562607, 6.157684084850956e-11, 0.0, 0.0, 0.0, 1.0]}, {"left_foot_pose": [1.0000000000000004, -1.8480188638888753e-13, -5.094058508348099e-11, 9.597698252649783e-12, 4.9623081721930754e-14, 0.9999964617771392, -0.0026601566125976006, 5.844423903167417e-12, 5.0940500641482615e-11, 0.0026601566125974267, 0.9999964617771393, 1.0278809747799045e-10, 0.0, 0.0, 0.0, 1.0], "right_foot_pose": [0.9999999999999998, -2.121313590615916e-12, -5.1289417157818194e-11, 5.198252445982728e-12, 7.299239097186876e-13, 0.999632338937685, -0.027114331081057638, -0.14000000000730542, 5.1327827214782944e-11, 0.02711433108105749, 0.9996323389376849, 9.580799348318791e-11, 0.0, 0.0, 0.0, 1.0]}, {"left_foot_pose": [1.0000000000000007, -9.599642288102228e-13, -7.263850632099889e-11, 1.4119607518654136e-11, 3.028875705470801e-13, 0.9999590488665546, -0.009049894468787288, 9.770755385329899e-12, 7.264392581812799e-11, 0.009049894468787113, 0.9999590488665548, 1.4656881958119428e-10, 0.0, 0.0, 0.0, 1.0], "right_foot_pose": [1.0, -3.713703881226626e-12, -7.32411353787654e-11, 8.06376577467563e-12, 1.2570946964516681e-12, 0.9994382534594148, -0.03351384075265727, -0.14000000000891963, 7.332435205650988e-11, 0.03351384075265713, 0.999438253459415, 1.3761713990589897e-10, 0.0, 0.0, 0.0, 1.0]}, {"left_foot_pose": [1.0000000000000007, -2.4194958549413718e-12, -9.879791429412419e-11, 1.9785310718583286e-11, 7.814809173495826e-13, 0.9998625508876806, -0.016579485286980618, 1.5210378095931176e-11, 9.882405917523719e-11, 0.01657948528698044, 0.9998625508876807, 1.9984953969487407e-10, 0.0, 0.0, 0.0, 1.0], "right_foot_pose": [1.0, -6.167895063317706e-12, -9.980377635443456e-11, 1.1815442580189882e-11, 2.0648633676022456e-12, 0.99915669972258, -0.04105958352786882, -0.14000000001010857, 9.997266743098096e-11, 0.04105958352786868, 0.9991566997225804, 1.8828637260437375e-10, 0.0, 0.0, 0.0, 1.0]}, {"left_foot_pose": [1.0000000000000004, -4.8949326348422646e-12, -1.3049750169358268e-10, 2.6930123915033537e-11, 1.5937317147187394e-12, 0.9996802162650839, -0.025287649321275866, 2.2697989321418532e-11, 1.305792447379649e-10, 0.025287649321275682, 0.999680216265084, 2.6518653939433534e-10, 0.0, 0.0, 0.0, 1.0], "right_foot_pose": [0.9999999999999998, -9.867720046263411e-12, -1.321278086940935e-10, 1.674888920923787e-11, 3.276549342991114e-12, 0.9987595755345672, -0.049792672934993315, -0.14000000001056942, 1.324550502493707e-10, 0.04979267293499316, 0.9987595755345673, 2.5002504233651024e-10, 0.0, 0.0, 0.0, 1.0]}, {"left_foot_pose": [1.0000000000000004, -8.864623467613081e-12, -1.6925638668396898e-10, 3.603505137617111e-11, 2.8947528102539837e-12, 0.9993788530820031, -0.03524071526658886, 3.299056167138659e-11, 1.6946307375857719e-10, 0.035240715266588674, 0.9993788530820031, 3.4623600514427366e-10, 0.0, 0.0, 0.0, 1.0], "right_foot_pose": [0.9999999999999998, -1.536874803506154e-11, -1.7183282574606543e-10, 2.3294442271601358e-11, 5.068757489390398e-12, 0.9982114324669912, -0.059782406209498366, -0.14000000000985552, 1.7244410770560466e-10, 0.05978240620949823, 0.9982114324669912, 3.259924968856964e-10, 0.0, 0.0, 0.0, 1.0]}, {"left_foot_pose": [1.0000000000000007, -1.5020327082192157e-11, -2.1701679342456236e-10, 4.775240416270316e-11, 4.906426946764135e-12, 0.9989168563683524, -0.046530786186885574, 4.712241881421608e-11, 2.1748044340638788e-10, 0.04653078618688539, 0.9989168563683526, 4.4787144826141656e-10, 0.0, 0.0, 0.0, 1.0], "right_foot_pose": [0.9999999999999998, -2.3470154961885727e-11, -2.2100621333009927e-10, 3.2054601803375985e-11, 7.69181139266393e-12, 0.9974674401173396, -0.07112458017986308, -0.14000000000729176, 2.2211565584620412e-10, 0.07112458017986292, 0.9974674401173396, 4.2033984626321796e-10, 0.0, 0.0, 0.0, 1.0]}, {"left_foot_pose": [1.0000000000000002, -2.4340772911736452e-11, -2.7602725660713604e-10, 6.292216818581922e-11, 7.937950101103428e-12, 0.9982419338229864, -0.05927091662312715, 6.643383759774579e-11, 2.769842504671268e-10, 0.05927091662312694, 0.9982419338229863, 5.761735463738482e-10, 0.0, 0.0, 0.0, 1.0], "right_foot_pose": [1.0, -3.5292975088585984e-11, -2.8210123126370924e-10, 4.383795213093113e-11, 1.1489834471297775e-11, 0.9964710781129275, -0.08393682436487586, -0.1400000000018753, 2.8406783977553645e-10, 0.0839368243648757, 0.9964710781129275, 5.381015702465852e-10, 0.0, 0.0, 0.0, 1.0]}, {"left_foot_pose": [1.0000000000000007, -3.8126924158616597e-11, -3.4835956341794305e-10, 8.25232234892033e-11, 1.23901404295008e-11, 0.9972890036576421, -0.07358425907453794, 9.246470256130124e-11, 3.502204218390001e-10, 0.07358425907453776, 0.9972890036576423, 7.377593050361675e-10, 0.0, 0.0, 0.0, 1.0], "right_foot_pose": [1.0, -5.230898193788591e-11, -3.574591733723761e-10, 5.964163238554966e-11, 1.690012889426785e-11, 0.995152098777063, -0.0983478535587161, -0.1399999999921967, 3.608704940213117e-10, 0.09834785355871596, 0.9951520987770629, 6.844401226335783e-10, 0.0, 0.0, 0.0, 1.0]}, {"left_foot_pose": [1.0000000000000002, -5.785744318115295e-11, -4.34569324969657e-10, 1.0744149388220636e-10, 1.869659818414315e-11, 0.9959796555165276, -0.08957971755470141, 1.2646203355337615e-10, 4.380048615109745e-10, 0.08957971755470125, 0.9959796555165276, 9.373525497458068e-10, 0.0, 0.0, 0.0, 1.0], "right_foot_pose": [1.0, -7.615520901236305e-11, -4.479386306321937e-10, 8.0467029068745e-11, 2.4377746292862842e-11, 0.9934263558282225, -0.11447303414279718, -0.13999999997652374, 4.5371166939838924e-10, 0.11447303414279705, 0.9934263558282225, 8.622699221305652e-10, 0.0, 0.0, 0.0, 1.0]}, {"left_foot_pose": [1.0000000000000004, -8.444276385518272e-11, -5.302021599540282e-10, 1.377272809019561e-10, 2.706705375740269e-11, 0.9942271210609952, -0.1072960006093705, 1.6784790744794886e-10, 5.362017115473412e-10, 0.10729600060937032, 0.9942271210609953, 1.1704240771015506e-09, 0.0, 0.0, 0.0, 1.0], "right_foot_pose": [1.0, -1.077379815875856e-10, -5.492612475954666e-10, 1.0663107841311031e-10, 3.4091168705660204e-11, 0.9912020056565851, -0.13235778776620205, -0.13999999995346105, 5.586885438458526e-10, 0.1323577877662019, 0.991202005656585, 1.0655356666444682e-09, 0.0, 0.0, 0.0, 1.0]}, {"left_foot_pose": [1.0000000000000004, -1.1572451297701582e-10, -6.171053112957714e-10, 1.7047094552666443e-10, 3.668453219953538e-11, 0.9919571486478469, -0.12657414920288526, 2.1013187717633386e-10, 6.267894971571574e-10, 0.12657414920288507, 0.9919571486478468, 1.4027041958519781e-09, 0.0, 0.0, 0.0, 1.0], "right_foot_pose": [0.9999999999999999, -1.4427329470442606e-10, -6.427902654593245e-10, 1.3567891771719693e-10, 4.4993974990811624e-11, 0.9884038549847447, -0.15184801431462977, -0.13999999992430573, 6.572438489641682e-10, 0.15184801431462963, 0.9884038549847446, 1.2613456598642436e-09, 0.0, 0.0, 0.0, 1.0]}, {"left_foot_pose": [1.0000000000000002, -1.3992458974715836e-10, -6.451920664396456e-10, 1.9458608191392818e-10, 4.3716698423629085e-11, 0.989171059132165, -0.14676721628262832, 2.3211584043725253e-10, 6.587414179747804e-10, 0.14676721628262812, 0.9891710591321651, 1.5219839416547032e-09, 0.0, 0.0, 0.0, 1.0], "right_foot_pose": [0.9999999999999999, -1.7158307762419202e-10, -6.759108828191519e-10, 1.5714430429117206e-10, 5.256176299412874e-11, 0.9850455512112191, -0.17229411492847255, -0.139999999899283, 6.953657831554339e-10, 0.17229411492847238, 0.9850455512112193, 1.3497367598591659e-09, 0.0, 0.0, 0.0, 1.0]}, {"left_foot_pose": [0.999999993204594, 0.00011487441449745444, -1.9866597939901523e-05, -2.138550488147619e-05, -0.00011657856050688532, 0.9860975872468226, -0.16616718940704095, -1.555882085341187e-05, 5.020457032273216e-07, 0.16616719059388657, 0.9860975939377827, 0.00016386121853868146, 0.0, 0.0, 0.0, 1.0], "right_foot_pose": [1.0, -1.5669973012539774e-10, -5.554592341638899e-10, 7.243614254836865e-11, 4.7196436021861395e-11, 0.9814150155615039, -0.19189728301988374, -0.13999999996129966, 5.752062097816613e-10, 0.1918972830198835, 0.9814150155615041, 1.0852393914073666e-09, 0.0, 0.0, 0.0, 1.0]}, {"left_foot_pose": [0.9999945820772758, 0.003234789306949868, -0.0006098805085040306, -0.0006039621770953107, -0.0032917788769698413, 0.9828396586712841, -0.1844325609396023, -0.00043939021907403106, 2.8142748271896585e-06, 0.18443356929001442, 0.982844981933075, 0.00419120941735731, 0.0, 0.0, 0.0, 1.0], "right_foot_pose": [1.0, -1.1316168605019612e-10, -3.477397259032948e-10, -1.8200711506636589e-10, 3.814687176855911e-11, 0.9780085218420119, -0.20856493282525465, -0.14000000012691902, 3.6369390359529784e-10, 0.20856493282525448, 0.978008521842012, 6.381798145493889e-10, 0.0, 0.0, 0.0, 1.0]}, {"left_foot_pose": [0.99994788524631, 0.010001189912430083, -0.0020501199401333466, -0.001873201025139531, -0.010209151095110985, 0.979677668903394, -0.20031834236018006, -0.0013627660202728854, 5.0349390344239355e-06, 0.20032883280333996, 0.9797287169019302, 0.01146980310786852, 0.0, 0.0, 0.0, 1.0], "right_foot_pose": [0.9999999999999998, -5.3756889353597705e-11, -1.0517475779181463e-10, -2.9133116186321633e-10, 2.915313960082487e-11, 0.9752138542386969, -0.22126440857242735, -0.1400000001232814, 1.1446211870269999e-10, 0.2212644085724272, 0.9752138542386968, 3.2696666901754767e-10, 0.0, 0.0, 0.0, 1.0]}, {"left_foot_pose": [0.9997986865965865, 0.019613397297628, -0.004230948615470171, -0.003681716939116326, -0.02006455164056316, 0.9773901596061367, -0.21048964267287534, -0.0026784591916009307, 6.8705537806188384e-06, 0.210532160373509, 0.9775869318895682, 0.019120927726541136, 0.0, 0.0, 0.0, 1.0], "right_foot_pose": [1.0, -2.404846239033467e-13, 1.0459438870569215e-10, -2.7373329732660754e-10, 2.4235293130891608e-11, 0.9733160844187934, -0.22946851594863377, -0.14000000000054488, -1.0174857013034048e-10, 0.22946851594863363, 0.9733160844187936, 1.4479124843536084e-10, 0.0, 0.0, 0.0, 1.0]}, {"left_foot_pose": [0.9994861810781772, 0.03133454476788274, -0.00674686134077594, -0.005882124196418348, -0.03205267181960674, 0.9771451597256074, -0.21014272067821596, -0.004279247498318969, 7.936413742351279e-06, 0.21025100030441615, 0.9776474399332344, 0.02426587938602693, 0.0, 0.0, 0.0, 1.0], "right_foot_pose": [0.9999999999999999, 2.9034472789340055e-11, 2.382518071719629e-10, -1.2437358724805765e-10, 2.7238631943122392e-11, 0.9725145646536972, -0.2328420527663114, -0.13999999985784486, -2.384639529016834e-10, 0.2328420527663113, 0.9725145646536972, 9.044526932955321e-11, 0.0, 0.0, 0.0, 1.0]}, {"left_foot_pose": [0.9989703771494131, 0.044484936219744815, -0.008903708636610124, -0.008327024751427277, -0.04536722952734589, 0.979576889368976, -0.1958849976369178, -0.006057909202349006, 7.9355838149162e-06, 0.19608724656062498, 0.9805864529317647, 0.025000003059194663, 0.0, 0.0, 0.0, 1.0], "right_foot_pose": [1.0, 2.1917284911219493e-11, 2.6688407039898705e-10, 8.125474384360483e-11, 4.0375318318800564e-11, 0.9729105333284227, -0.231181950287223, -0.13999999980292632, -2.6472129927368366e-10, 0.23118195028722283, 0.9729105333284229, 1.7966647614109377e-10, 0.0, 0.0, 0.0, 1.0]}, {"left_foot_pose": [0.9982460256776188, 0.0582954125571936, -0.010320711875951578, -0.010869024566625824, -0.059201960848260765, 0.9829809996801736, -0.17390653265328646, -0.007907213824192554, 7.11060981935842e-06, 0.17421251144092417, 0.9847080789791899, 0.025000003535864783, 0.0, 0.0, 0.0, 1.0], "right_foot_pose": [0.9999999999999998, -2.0117094514627497e-11, 1.8918694388858639e-10, 2.4783144409849523e-10, 6.213623176747488e-11, 0.9743989716599794, -0.22482580818930706, -0.1399999997569269, -1.798207767636487e-10, 0.22482580818930695, 0.9743989716599792, 3.9134771118165546e-10, 0.0, 0.0, 0.0, 1.0]}, {"left_foot_pose": [0.9973500643470804, 0.07196870380811192, -0.010646822016687924, -0.013360739706199899, -0.07275196983369459, 0.9866237495342777, -0.14587915457748252, -0.009719936689156175, 5.673791163803183e-06, 0.14626716147893257, 0.9892451250527873, 0.024910272544148085, 0.0, 0.0, 0.0, 1.0], "right_foot_pose": [0.9999999999999998, -9.527121690856814e-11, -4.0887293550889126e-12, 4.411897645606841e-10, 9.219557993806856e-11, 0.9768896584516382, -0.21374422848405072, -0.1399999997543821, 2.4357730012353253e-11, 0.2137442284840505, 0.9768896584516382, 7.510221403106421e-10, 0.0, 0.0, 0.0, 1.0]}, {"left_foot_pose": [0.9963625697070538, 0.08469686003985613, -0.009384646298386, -0.015654777178213026, -0.0852151962528706, 0.9903069137774491, -0.10968403189238529, -0.01138885723856943, 3.7870148509763933e-06, 0.11008477834820797, 0.993922200960259, 0.021163834955670736, 0.0, 0.0, 0.0, 1.0], "right_foot_pose": [1.0, -1.9939058375079977e-10, -3.3382713260365775e-10, 7.451323100361398e-10, 1.2955600867366218e-10, 0.9803156239942005, -0.19743676798626367, -0.14000000001967342, 3.6662289282912827e-10, 0.19743676798626342, 0.9803156239942004, 1.3196951934024703e-09, 0.0, 0.0, 0.0, 1.0]}, {"left_foot_pose": [0.9954012421217672, 0.09555777800979748, -0.006714033383475042, -0.017603743695332748, -0.09579335665215406, 0.9929547316104904, -0.06974620988737192, -0.012806738552298445, 1.938374869926005e-06, 0.07006862374965299, 0.9975421735255475, 0.013996812939358588, 0.0, 0.0, 0.0, 1.0], "right_foot_pose": [0.9999999999999998, -2.976393042404748e-10, -7.538708546306319e-10, 9.093650240785953e-10, 1.6045806218304053e-10, 0.9844225045149866, -0.17581903368077456, -0.14000000026719917, 7.944578865831187e-10, 0.17581903368077442, 0.9844225045149868, 2.0430484110045555e-09, 0.0, 0.0, 0.0, 1.0]}, {"left_foot_pose": [0.9946094844766316, 0.10364099071286734, -0.0032432134040951506, -0.01906025800499366, -0.1036917228557394, 0.9941230377408425, -0.03110325455846434, -0.013866352115097723, 5.810444869485643e-07, 0.031271886367398936, 0.9995109149592554, 0.006287910964704865, 0.0, 0.0, 0.0, 1.0], "right_foot_pose": [0.9999999999999998, -3.5527274804875606e-10, -1.2083929967765505e-09, 8.618623110111397e-10, 1.7095912903841288e-10, 0.9888016701960944, -0.14923557557571274, -0.1400000003631473, 1.2478801402470204e-09, 0.1492355755757126, 0.9888016701960943, 2.794092825164629e-09, 0.0, 0.0, 0.0, 1.0]}, {"left_foot_pose": [0.9941381186672874, 0.1081164715218845, 0.0004791641939255189, -0.019876931338878644, -0.10811753332677419, 0.9941283566948375, 0.004405610350069321, -0.0144604733062601, -3.1666744659691136e-08, -0.004431591235704944, 0.9999901804513481, 0.000915837029012663, 0.0, 0.0, 0.0, 1.0], "right_foot_pose": [0.9999999999999998, -3.3496007452814787e-10, -1.5813765297245631e-09, 5.447237309945168e-10, 1.4519556188369924e-10, 0.9929532166364251, -0.11850700220399035, -0.14000000020838665, 1.6099277774340079e-09, 0.11850700220399019, 0.9929532166364252, 3.3470225757614713e-09, 0.0, 0.0, 0.0, 1.0]}, {"left_foot_pose": [0.9940653792563465, 0.10870690234739801, 0.004102577966345869, -0.019999999983985505, -0.10878429006036026, 0.9933582136690449, 0.03748916606579164, -0.01454999987440643, 1.5945119786566734e-09, -0.03771297811468169, 0.9992886126048486, 3.741207399432511e-09, 0.0, 0.0, 0.0, 1.0], "right_foot_pose": [0.9999999999999999, -2.3437476485305826e-10, -1.7117086081874772e-09, 2.9622606212492597e-10, 8.705183165763461e-11, 0.9963325354371431, -0.08556564047206544, -0.14000000004797641, 1.7254852860755031e-09, 0.08556564047206527, 0.9963325354371427, 3.5066924780613462e-09, 0.0, 0.0, 0.0, 1.0]}, {"left_foot_pose": [0.9940653792543162, 0.10851966686399514, 0.007583117544997056, -0.019999999892681957, -0.1087842900789156, 0.9916472646622279, 0.06929416079258714, -0.014549999962628289, 1.4737227800646877e-09, -0.06970785028711028, 0.9975674491523623, 3.44392898227186e-09, 0.0, 0.0, 0.0, 1.0], "right_foot_pose": [1.0, -1.381676561861209e-10, -1.5712240397647284e-09, 3.481466821084276e-10, 5.552397047773061e-11, 0.9986221247210966, -0.052477157102140896, -0.14000000013832983, 1.5763096132874102e-09, 0.052477157102140744, 0.9986221247210966, 3.2909974190253877e-09, 0.0, 0.0, 0.0, 1.0]}, {"left_foot_pose": [0.994065379253994, 0.10825085771016983, 0.010759812899230095, -0.01999999981447753, -0.1087842900818579, 0.989190900004113, 0.09832264022309357, -0.01454999995685976, 1.1308128431567687e-09, -0.09890963125028002, 0.995096419873941, 2.662473415349087e-09, 0.0, 0.0, 0.0, 1.0], "right_foot_pose": [0.999999998737914, 5.022760817707944e-05, -1.1659497370922855e-06, -8.639586537884114e-06, -5.0241102913435534e-05, 0.999757825962594, -0.02200651954260468, -0.14000450175952125, 6.033253330288159e-08, 0.022006519573409006, 0.999757827224304, 3.7401777836634786e-05, 0.0, 0.0, 0.0, 1.0]}, {"left_foot_pose": [0.9940653792529992, 0.10795030969960467, 0.013444419152608786, -0.019999999563973185, -0.10878429009094796, 0.9864445075505798, 0.12285443318294782, -0.014549999612213042, 6.797697268513285e-10, -0.12358788030812104, 0.9923336313160744, 1.645300118369164e-09, 0.0, 0.0, 0.0, 1.0], "right_foot_pose": [0.9999866451868444, 0.005168018123109118, 3.219688878188436e-05, -0.0008887314524178171, -0.005168118413154517, 0.9999674407409374, 0.0061974196313972375, -0.1404631334220798, -1.6746350357132922e-07, -0.0061975032633499235, 0.9999807952922259, 0.0034929906311870138, 0.0, 0.0, 0.0, 1.0]}, {"left_foot_pose": [0.9940653792538962, 0.10766454429808266, 0.01556816205900179, -0.019999999490383235, -0.10878429008275545, 0.9838331982361141, 0.14226108490972034, -0.014549999583834836, 2.089898942863966e-10, -0.14311039078133372, 0.9897067323457062, 8.884033370071265e-10, 0.0, 0.0, 0.0, 1.0], "right_foot_pose": [0.9998449884334769, 0.017596356590100146, 0.0006060851542485688, -0.0030278714380117364, -0.01760679135920719, 0.9992555036427371, 0.034328404240996445, -0.14157789108155136, -1.5790838656243269e-06, -0.03433375415613574, 0.9994104228609251, 0.010538498340830225, 0.0, 0.0, 0.0, 1.0]}, {"left_foot_pose": [0.9940653792554169, 0.10743449124376445, 0.01708367223340467, -0.019999999593946372, -0.1087842900688552, 0.9817309856553095, 0.15610973716738688, -0.0145499997251903, -1.895367345022627e-10, -0.15704172023844193, 0.987591969441101, 3.7182456419371235e-10, 0.0, 0.0, 0.0, 1.0], "right_foot_pose": [0.9993579560432405, 0.03575825264209356, 0.002241218655190824, -0.006162465435350236, -0.03582841998589899, 0.9974073984078852, 0.06240838022676729, -0.1432114101997149, -3.793441004671913e-06, -0.0624486106266501, 0.9980481807089331, 0.018295208997407206, 0.0, 0.0, 0.0, 1.0]}, {"left_foot_pose": [0.9940653792563472, 0.10729153254618223, 0.01795964386694065, -0.01999999983609644, -0.10878429006035642, 0.9804246367507633, 0.16411431957083653, -0.014549999898746252, -4.5488944372042317e-10, -0.16509409043338297, 0.986277821561438, 7.37729807798182e-11, 0.0, 0.0, 0.0, 1.0], "right_foot_pose": [0.9982998443073318, 0.05805833600659277, 0.005162409912337426, -0.010028922470488144, -0.05828739843652053, 0.9943861801396772, 0.08831027081106668, -0.14522632528158363, -6.281697462312983e-06, -0.08846103304487933, 0.9960796381781795, 0.0238844178600678, 0.0, 0.0, 0.0, 1.0]}, {"left_foot_pose": [0.9940653792558156, 0.10725590762605217, 0.018171187201282572, -0.020000000149407785, -0.10878429006521215, 0.9800990981210871, 0.16604739111844008, -0.014549999975640403, -5.444202348362768e-10, -0.16703870252592462, 0.9859503394484209, 7.1320796490859095e-12, 0.0, 0.0, 0.0, 1.0], "right_foot_pose": [0.9965135727218889, 0.08293935440234015, 0.009042282476242043, -0.014363650083272358, -0.08343080553339727, 0.9906543750987428, 0.1079037060798544, -0.147485265455697, -8.312976084818794e-06, -0.10828191256642182, 0.9941202278104256, 0.025000001359292215, 0.0, 0.0, 0.0, 1.0]}, {"left_foot_pose": [0.9940653792537162, 0.10732842860623723, 0.01773781785006611, -0.020000000461026794, -0.10878429008439695, 0.9807617908597872, 0.16208728457327265, -0.014550000025731903, -4.5027439276544346e-10, -0.16305495393400124, 0.9866169885003914, 1.535197732827065e-10, 0.0, 0.0, 0.0, 1.0], "right_foot_pose": [0.9939642696576853, 0.10888164849332034, 0.013409596013361287, -0.018903048478978942, -0.10970428684889723, 0.9865214525732223, 0.1214100204258034, -0.14985086340933165, -9.530969952223132e-06, -0.12214831244923606, 0.9925118587074738, 0.025000000984162184, 0.0, 0.0, 0.0, 1.0]}, {"left_foot_pose": [0.9940653792504317, 0.10750216931239241, 0.016652488367387024, -0.02000000071946845, -0.10878429011441025, 0.9823494239991818, 0.1521696007512018, -0.014550000056436557, -1.7170107302905033e-10, -0.15307806100681506, 0.9882140998985972, 5.162039337647251e-10, 0.0, 0.0, 0.0, 1.0], "right_foot_pose": [0.9907688920172403, 0.13441385554709878, 0.01760448942439611, -0.023383525755212287, -0.1355618033104268, 0.982388275361013, 0.12859344429806369, -0.1521857564650409, -9.703358060033597e-06, -0.1297928806606039, 0.9915411277580307, 0.024992550687305604, 0.0, 0.0, 0.0, 1.0]}, {"left_foot_pose": [0.9940653792467773, 0.1077628099433121, 0.01487274608414789, -0.020000000867355146, -0.10878429014780527, 0.9847311440741326, 0.13590640936868428, -0.014549999777180207, 2.959082085363136e-10, -0.13671777749646163, 0.9906100389741813, 1.116444853233034e-09, 0.0, 0.0, 0.0, 1.0], "right_foot_pose": [0.9872018064892881, 0.15818667910082865, 0.02023778197671894, -0.027541490687199036, -0.1594759956613285, 0.9792273246330737, 0.12522481183767242, -0.15435257574313854, -8.491975942332019e-06, -0.12684960089414574, 0.9919219619914069, 0.02183779300039026, 0.0, 0.0, 0.0, 1.0]}, {"left_foot_pose": [0.9940653792448361, 0.10807692713321437, 0.012385459549927183, -0.020000000808017667, -0.10878429016554246, 0.9876015304582639, 0.11317771534040852, -0.014549999498821558, 8.870118809672619e-10, -0.11385339194744028, 0.9934975617192342, 1.9608653797908993e-09, 0.0, 0.0, 0.0, 1.0], "right_foot_pose": [0.983676631771537, 0.17880834424896425, 0.020195547369338086, -0.031113341825401486, -0.1799452251910378, 0.9774656545943299, 0.11036580095040759, -0.15621395694914073, -6.1277996078153285e-06, -0.11219835166089685, 0.9936858305556276, 0.01492377967230396, 0.0, 0.0, 0.0, 1.0]}, {"left_foot_pose": [0.9940653792504667, 0.10839381537414339, 0.009208830776110094, -0.02000000019870601, -0.10878429011409158, 0.9904972394704533, 0.08414984744956679, -0.014549999395859905, 1.565722927010477e-09, -0.0846522261375826, 0.9964105582589705, 2.9503751455828287e-09, 0.0, 0.0, 0.0, 1.0], "right_foot_pose": [0.9807050243417129, 0.19472355100111977, 0.017331875733304525, -0.03383548760753017, -0.19549336362060932, 0.9768447286796232, 0.0869294014193898, -0.15763253858531634, -3.3497174237806748e-06, -0.08864036741997151, 0.9960636953791819, 0.00712921475233546, 0.0, 0.0, 0.0, 1.0]}, {"left_foot_pose": [0.9940653792562204, 0.10864826037817789, 0.005438499883559346, -0.019999999852516034, -0.10878429006151459, 0.992822345887057, 0.04969675787346613, -0.014549999538471184, 2.0768854414698356e-09, -0.04999344981212444, 0.9987495456699262, 3.916022575656264e-09, 0.0, 0.0, 0.0, 1.0], "right_foot_pose": [0.9788331507486076, 0.20431515188534793, 0.011873571729726239, -0.03544433643496143, -0.20465987148104936, 0.9771847205877204, 0.0567834382127285, -0.1584709560261785, -9.560700851874698e-07, -0.05801155540033084, 0.9983159116427626, 0.0013328061740402117, 0.0, 0.0, 0.0, 1.0]}, {"left_foot_pose": [0.9940653792823181, 0.10877689744778174, 0.0012681852927638108, -0.019999997916437424, -0.10878428982303433, 0.9939978279424035, 0.011588629491132058, -0.014550000058169487, 1.7352811910505688e-09, -0.011657814006901922, 0.9999320453773757, 4.358670285808941e-09, 0.0, 0.0, 0.0, 1.0], "right_foot_pose": [0.9784458781782995, 0.2064582576086112, 0.0043187198464828495, -0.03576828078696831, -0.20650342243143574, 0.9782318799270201, 0.02046278618741664, -0.1586397774716155, 1.7477685517350182e-09, -0.020913559229943077, 0.9997812876026113, 4.448949916802114e-09, 0.0, 0.0, 0.0, 1.0]}, {"left_foot_pose": [0.9940653792939024, 0.10874563596270048, -0.00289971521689917, -0.01999999644200825, -0.10878428971717939, 0.9937121633189095, -0.026497448608924525, -0.01455000038269095, 3.808269143376707e-10, 0.026655639762003525, 0.9996446753066208, 4.285110107027368e-09, 0.0, 0.0, 0.0, 1.0], "right_foot_pose": [0.978445878167924, 0.20647141823959825, -0.003635511838584739, -0.035768279308074594, -0.20650342248059605, 0.9782942370455395, -0.017225628211652317, -0.15863977722997924, 3.934703232020564e-10, 0.01760509055968065, 0.999845018383542, 4.258113542321418e-09, 0.0, 0.0, 0.0, 1.0]}, {"left_foot_pose": [0.994065379269092, 0.10857092930107108, -0.0068099228555554055, -0.01999999953606198, -0.10878428994389176, 0.9921157014388251, -0.06222871700390599, -0.014549999606156301, 1.7562558778405984e-09, 0.06260022579233086, 0.9980386824821723, 3.5573548273770683e-09, 0.0, 0.0, 0.0, 1.0], "right_foot_pose": [0.978445878190323, 0.2062040275761666, -0.011115865406480234, -0.03576828248008826, -0.20650342237446673, 0.977027298743621, -0.05266871991396221, -0.1586397769061483, 1.7777508795041786e-09, 0.05382895615846885, 0.9985501707369988, 3.3506756327850162e-09, 0.0, 0.0, 0.0, 1.0]}, {"left_foot_pose": [0.9936271811068362, 0.11220430778133868, -0.010733977873754956, -0.019716956993192182, -0.11271656914998301, 0.9891132971176357, -0.09460370238070834, -0.014595248062941126, 2.1773067182616585e-06, 0.09521070727807458, 0.9954571418272457, 0.002844457679886947, 0.0, 0.0, 0.0, 1.0], "right_foot_pose": [0.9784458781988067, 0.20574848994403933, -0.01764149431067074, -0.03576828315242099, -0.20650342233426988, 0.9748688896479035, -0.08358818433784632, -0.15863977709871535, 1.2656973547500907e-09, 0.0854295433817317, 0.996344214173791, 2.31728036065304e-09, 0.0, 0.0, 0.0, 1.0]}, {"left_foot_pose": [0.9923151609874591, 0.12275941841969507, -0.01551600669285799, -0.018923086099694533, -0.1237360951662897, 0.9844879010852353, -0.1243903186336768, -0.014722144099912345, 5.237689765211983e-06, 0.12535428914100633, 0.9921120411357384, 0.009617036008775781, 0.0, 0.0, 0.0, 1.0], "right_foot_pose": [0.978445878200439, 0.2052249047996134, -0.022943449665668688, -0.03576828346412903, -0.20650342232653526, 0.9723880603071419, -0.10870969018235008, -0.15863977704985532, 6.986857319716942e-10, 0.11110444915530425, 0.9938087348066007, 1.4185761523788365e-09, 0.0, 0.0, 0.0, 1.0]}, {"left_foot_pose": [0.9900993201997489, 0.13873631992682775, -0.021344078175374627, -0.01772273190514054, -0.1403685722178706, 0.9785954013065055, -0.1504915428696149, -0.014914008056960977, 8.573909707119109e-06, 0.15199761206980075, 0.9883808607270617, 0.0174394892587368, 0.0, 0.0, 0.0, 1.0], "right_foot_pose": [0.9784458781981881, 0.2047361632574573, -0.026958614422708364, -0.03576828351806981, -0.2065034223372011, 0.970072325261505, -0.12773417837352727, -0.15863977684032252, 1.818253737920101e-10, 0.13054802647436814, 0.9914419865951049, 7.334015478255296e-10, 0.0, 0.0, 0.0, 1.0]}, {"left_foot_pose": [0.9869330663562906, 0.15873435829967167, -0.027686206453068973, -0.016220279576344185, -0.16113076180920569, 0.9722672052673341, -0.16950917131657894, -0.015154156364906406, 1.1461037733246694e-05, 0.17175530576037473, 0.9851396422902724, 0.023433112143389737, 0.0, 0.0, 0.0, 1.0], "right_foot_pose": [0.9784458781947789, 0.20436251102019432, -0.02965851535678866, -0.03576828335404329, -0.20650342235335453, 0.968301901508466, -0.14052673799473636, -0.15863977660136505, -2.2618473102583816e-10, 0.14362239249020364, 0.9896325623055205, 2.826744255335356e-10, 0.0, 0.0, 0.0, 1.0]}, {"left_foot_pose": [0.9828252216844182, 0.18152989877933512, -0.03318854426062278, -0.014520110370647729, -0.18453883994982143, 0.9668128053799894, -0.17668733939716671, -0.015425910330583558, 1.3074746732752995e-05, 0.17977734896932882, 0.9837073267118692, 0.025000000061735056, 0.0, 0.0, 0.0, 1.0], "right_foot_pose": [0.9784458781927424, 0.2041606645660746, -0.031017519107304287, -0.035768283048595764, -0.2065034223630039, 0.9673455208465791, -0.14696591390668676, -0.15863977651091396, -4.755257124549029e-10, 0.1502034165456952, 0.9886551136053462, 8.921718225307629e-11, 0.0, 0.0, 0.0, 1.0]}, {"left_foot_pose": [0.9778902928647882, 0.20574103897473764, -0.03743260613977041, -0.0127266076563414, -0.2091185667115537, 0.9621075299765913, -0.17498150136185428, -0.015712585190546417, 1.331634217356433e-05, 0.17894056455689067, 0.9838598854403696, 0.02500000007187312, 0.0, 0.0, 0.0, 1.0], "right_foot_pose": [0.978445878193621, 0.2041524047590303, -0.031071837361481804, -0.03576828274304129, -0.20650342235883953, 0.9673063845494199, -0.14722328268319673, -0.15863977656106473, -5.36850765946172e-10, 0.15046645486963126, 0.9886151151782806, 7.885685160413658e-11, 0.0, 0.0, 0.0, 1.0]}, {"left_foot_pose": [0.9723768424154378, 0.22996323490393572, -0.040002336515526184, -0.010944157363299714, -0.23341652936949803, 0.9579999844021603, -0.16659157752587436, -0.015997493303823815, 1.2299682324015067e-05, 0.17132699868374096, 0.9852142200408703, 0.025000000335215516, 0.0, 0.0, 0.0, 1.0], "right_foot_pose": [0.97844587819776, 0.20433659510134636, -0.0298365437040378, -0.03576828241884492, -0.20650342233923025, 0.9681791077277042, -0.14137026533812608, -0.15863977662545029, -4.06712537249029e-10, 0.14448450180547073, 0.9895070635109308, 2.9078579821817385e-10, 0.0, 0.0, 0.0, 1.0]}, {"left_foot_pose": [0.9666741572045449, 0.2531669108285841, -0.03804719509236264, -0.00927714335213353, -0.2560099093787599, 0.9559447983235949, -0.143626142668879, -0.016263955223684186, 9.631385641347936e-06, 0.14858013938468975, 0.9889003701524556, 0.022459721743651427, 0.0, 0.0, 0.0, 1.0], "right_foot_pose": [0.978445878201449, 0.20482864390883032, -0.026246715319541196, -0.03576828228765589, -0.2065034223217509, 0.9705105133174567, -0.12436108760255779, -0.15863977698420997, 2.2900576524511246e-10, 0.12710063011156178, 0.9918898274633348, 8.734829526346743e-10, 0.0, 0.0, 0.0, 1.0]}, {"left_foot_pose": [0.961297719378386, 0.27352092596151684, -0.033060516920781005, -0.007829949321337399, -0.275511696079472, 0.9543544515218816, -0.11532946797667096, -0.01649528111501064, 6.428621333353948e-06, 0.11997451363320463, 0.9927769719514801, 0.015838560246881975, 0.0, 0.0, 0.0, 1.0], "right_foot_pose": [0.9784458782079976, 0.2053207878041947, -0.022068926418042416, -0.03576828216881246, -0.20650342229072152, 0.9728423693050389, -0.10456606078062781, -0.15863977730562248, 6.874870361218912e-10, 0.10686954000285998, 0.9942730517416112, 1.6773917532741933e-09, 0.0, 0.0, 0.0, 1.0]}, {"left_foot_pose": [0.9568545443412129, 0.2894772686961705, -0.02514541472665916, -0.006706962988547796, -0.29056734324887995, 0.953265849017162, -0.08279396194697938, -0.016674780410702125, 3.2951493508001692e-06, 0.08652821508499714, 0.9962494004933439, 0.007998176337190466, 0.0, 0.0, 0.0, 1.0], "right_foot_pose": [0.9784458782110413, 0.20583869775495348, -0.016555782022275135, -0.03576828217761625, -0.20650342227630064, 0.9752963087718205, -0.07844390788479333, -0.15863977748598604, 1.2493402748368023e-09, 0.08017194398670272, 0.9967810488755257, 2.642852492407144e-09, 0.0, 0.0, 0.0, 1.0]}, {"left_foot_pose": [0.9539890643508063, 0.29945161909331003, -0.01528374697086663, -0.006012567917384533, -0.29984139990701836, 0.9527490788430898, -0.0486243525966584, -0.0167857679764646, 9.347353304808608e-07, 0.05096980072591895, 0.9987001949599728, 0.0018172763016848711, 0.0, 0.0, 0.0, 1.0], "right_foot_pose": [0.97844587820659, 0.20626895555027006, -0.009837753642731912, -0.03576828234015774, -0.20650342229739027, 0.977334938089148, -0.04661282409108768, -0.1586397773806956, 1.8068385492312743e-09, 0.04763965539843621, 0.9988645870354591, 3.5763508127173438e-09, 0.0, 0.0, 0.0, 1.0]}, {"left_foot_pose": [0.9532444589299395, 0.3021697783779335, -0.004292616265041264, -0.005835612658562927, -0.30220026723907484, 0.953148286583642, -0.013540393764586345, -0.016814046204799253, 2.0549898203556974e-09, 0.014204535110271546, 0.9998991105018057, 4.229241415409923e-09, 0.0, 0.0, 0.0, 1.0], "right_foot_pose": [0.9784458781704436, 0.20649072054763196, -0.002290375294330881, -0.0357682837124882, -0.20650342246865816, 0.9783856945694119, -0.010852150508546956, -0.15863977672019702, 2.045167147772676e-09, 0.011091212271389874, 0.9999384906134732, 4.091527262828354e-09, 0.0, 0.0, 0.0, 1.0]}, {"left_foot_pose": [0.9532444589368685, 0.3021157612823715, 0.007146208150561082, -0.00583561517636781, -0.3022002672172176, 0.9529778978351228, 0.02254162220413384, -0.016814046300838367, 9.319271878356772e-10, -0.02364726247422851, 0.9997203643907011, 4.397587474724851e-09, 0.0, 0.0, 0.0, 1.0], "right_foot_pose": [0.9784458781252666, 0.20643035909518406, 0.00549276100965439, -0.035768286094112436, -0.20650342268271435, 0.9780996911733429, 0.026025574862728225, -0.15863977589420722, 9.173394354297272e-10, -0.026598890398748957, 0.999646186922931, 4.211786711061372e-09, 0.0, 0.0, 0.0, 1.0]}, {"left_foot_pose": [0.9532444589138575, 0.3016639888956227, 0.017995537046998175, -0.005835612159782004, -0.3022002672898024, 0.9515528505139391, 0.05676417117134601, -0.016814046592103362, 1.7283015730390602e-09, -0.05954838773954982, 0.9982254201920635, 3.3730618922978017e-09, 0.0, 0.0, 0.0, 1.0], "right_foot_pose": [0.9784458781692781, 0.20610117415867743, 0.012882915196681236, -0.0357682833285044, -0.2065034224741817, 0.9765399615080012, 0.061041298187383186, -0.15863977704093699, 1.7183115287232135e-09, -0.06238597268910639, 0.9980520980448035, 3.508448226385852e-09, 0.0, 0.0, 0.0, 1.0]}, {"left_foot_pose": [0.9532444588989861, 0.3009557419850423, 0.0273978638695237, -0.005835611103063005, -0.30220026733671196, 0.9493187939368372, 0.08642236921034936, -0.016814046492018227, 1.1647437281863382e-09, -0.09066128636051286, 0.9958817857333563, 2.269022483791794e-09, 0.0, 0.0, 0.0, 1.0], "right_foot_pose": [0.977802623104589, 0.2085906801441526, 0.019797939458065263, -0.03598491693457048, -0.20952811325952667, 0.9734287799134065, 0.09238170917557047, -0.15858272118505717, -1.9205016522752075e-06, -0.09447930245983292, 0.9955268260589542, 0.0022503005040136748, 0.0, 0.0, 0.0, 1.0]}, {"left_foot_pose": [0.9532444589005377, 0.3001613651931635, 0.035045062716432276, -0.0058356109350267745, -0.3022002673318178, 0.9468130541607881, 0.11054428476994925, -0.01681404650510207, 5.670479156259089e-10, -0.11596635424164342, 0.9932531422975227, 1.3720342709189204e-09, 0.0, 0.0, 0.0, 1.0], "right_foot_pose": [0.9755854095991764, 0.2179123557705948, 0.02733704043448606, -0.03670880293750273, -0.21962037371956825, 0.9680009512247093, 0.12141272534349523, -0.15839208454442888, -4.948144121756141e-06, -0.12445225442139504, 0.9922255975054001, 0.008710106521779393, 0.0, 0.0, 0.0, 1.0]}, {"left_foot_pose": [0.953244458906067, 0.29943346514013097, 0.040799528417056, -0.005835611048159096, -0.3022002673143755, 0.9445170051815391, 0.1286958637952946, -0.016814046648093876, 5.2130338852066684e-11, -0.13500824744092943, 0.9908444747400723, 6.962908929986078e-10, 0.0, 0.0, 0.0, 1.0], "right_foot_pose": [0.9719027917690407, 0.23266698697598082, 0.035651599165579445, -0.03784278979609106, -0.2353825891658756, 0.9606953253581385, 0.14717176547350583, -0.15809345424718077, -8.313419257865053e-06, -0.15142841545277708, 0.9884682265628715, 0.01655845901074092, 0.0, 0.0, 0.0, 1.0]}, {"left_foot_pose": [0.9532444589111004, 0.29889008914435394, 0.044606234615412285, -0.0058356113557534285, -0.3022002672985, 0.9428030090588496, 0.14070353426369403, -0.016814046794904777, -3.1919481329625713e-10, -0.14760488041003175, 0.9890464090623557, 2.4821095873095445e-10, 0.0, 0.0, 0.0, 1.0], "right_foot_pose": [0.9668527563646241, 0.251517240976827, 0.04398664571813855, -0.039284652749131316, -0.2553345792914469, 0.9524056175988479, 0.16651664236411046, -0.1577137497133738, -1.1322017139624189e-05, -0.1722283863292056, 0.9850570454619617, 0.022916651968300693, 0.0, 0.0, 0.0, 1.0]}, {"left_foot_pose": [0.9532444589196867, 0.29869013035397723, 0.04592610987269412, -0.005835611733035644, -0.30220026727141464, 0.9421722697296168, 0.14486687893935088, -0.0168140467361813, -2.2423964657557562e-10, -0.15197243230819002, 0.9883847326918466, 2.6134185093784623e-11, 0.0, 0.0, 0.0, 1.0], "right_foot_pose": [0.9605812806415617, 0.27345307735662366, 0.0500701284720684, -0.04093216536651547, -0.27799928617135594, 0.94488102223984, 0.17296314838488358, -0.1572798863210034, -1.3008979231277331e-05, -0.18006462255309122, 0.9836547827035558, 0.025000000051833608, 0.0, 0.0, 0.0, 1.0]}, {"left_foot_pose": [0.9532444589153369, 0.29873268324267455, 0.045648499535467166, -0.005835611942773281, -0.3022002672851355, 0.9423064962375507, 0.14399119973562466, -0.016814046697122283, -1.9541253002876947e-10, -0.15105380204133942, 0.9885255428611124, 6.457923085179118e-11, 0.0, 0.0, 0.0, 1.0], "right_foot_pose": [0.9533339272885248, 0.29701295238882175, 0.054200822815828, -0.04268310435806768, -0.3019179075545513, 0.9378540170087221, 0.1711006133200143, -0.15681878281846184, -1.3361085286861411e-05, -0.17948021867013447, 0.9837615823600769, 0.02500000006488315, 0.0, 0.0, 0.0, 1.0]}, {"left_foot_pose": [0.9532444589082261, 0.2990579565364982, 0.04346654107446788, -0.005835612121396109, -0.30220026730756594, 0.9433325208557698, 0.13710854654300245, -0.016814046671225734, -1.1819317193921083e-11, -0.14383356259271737, 0.9896018928194753, 3.340088830516841e-10, 0.0, 0.0, 0.0, 1.0], "right_foot_pose": [0.9454855421033649, 0.32080722447128707, 0.05603404679777576, -0.044435245999962604, -0.3256640746516717, 0.9313914438265146, 0.16264344083925003, -0.15635736273767975, -1.2440916323205232e-05, -0.1720252978308412, 0.9850925320757609, 0.025000000342383748, 0.0, 0.0, 0.0, 1.0]}, {"left_foot_pose": [0.953244458899924, 0.2996308224034784, 0.03932393472692671, -0.0058356122050498985, -0.3022002673337537, 0.9451395382555174, 0.12404133040868322, -0.016814046434107638, 3.32177484264917e-10, -0.13012541447374426, 0.9914975423610678, 8.579753574267102e-10, 0.0, 0.0, 0.0, 1.0], "right_foot_pose": [0.9375483909167484, 0.3436366708085112, 0.054007899098728974, -0.04608636448615825, -0.34785487575263324, 0.9261839271866501, 0.1455345953243901, -0.155922542638108, -1.0224261624018715e-05, -0.1552326366997514, 0.9878779420549418, 0.023024932038037987, 0.0, 0.0, 0.0, 1.0]}, {"left_foot_pose": [0.953244458