{"LoopMode": "Wrap", "FrameDuration": 0.0167, "EnableCycleOffsetPosition": true, "EnableCycleOffsetRotation": false, "Debug_info": [{"left_foot_pose": [1.0000000000000004, 1.002605172604008e-13, -7.163547532940133e-12, 1.2413919179274871e-12, -2.910735701380292e-14, 0.9999511297815017, 0.009886255544908922, -3.3579042324483055e-14, 7.163892838613181e-12, -0.009886255544909094, 0.9999511297815018, 1.504788654793643e-11, 0.0, 0.0, 0.0, 1.0], "right_foot_pose": [1.0, -1.6499067218160996e-13, -7.219058684171386e-12, 9.578802413746126e-13, 5.993103861516611e-14, 0.9998940062520921, -0.014559404559976398, -0.14000000000189486, 7.220815589883546e-12, 0.014559404559976246, 0.9998940062520922, 1.2395716397772816e-11, 0.0, 0.0, 0.0, 1.0]}, {"left_foot_pose": [1.0000000000000004, 1.6231940181752481e-13, -1.598499110855301e-11, 2.7123801916154957e-12, -4.7582685004792185e-14, 0.999974388347442, 0.007157000011164817, 7.415890818096571e-13, 1.5985308173815828e-11, -0.007157000011164991, 0.9999743883474423, 3.2662532400973276e-11, 0.0, 0.0, 0.0, 1.0], "right_foot_pose": [1.0, -4.267461746944922e-13, -1.6083967491198333e-11, 2.257798651441393e-12, 1.4866314386715288e-13, 0.9998505249113614, -0.017289529619837853, -0.14000000000339738, 1.608886059908613e-11, 0.0172895296198377, 0.9998505249113614, 2.8637925364449757e-11, 0.0, 0.0, 0.0, 1.0]}, {"left_foot_pose": [1.0000000000000007, 1.2898169703128099e-13, -2.8080426872634244e-11, 4.7161408809306e-12, -3.44263971273847e-14, 0.9999943701796534, 0.003355534085558528, 2.1383502607497107e-12, 2.8080448855264656e-11, -0.003355534085558701, 0.9999943701796534, 5.670044989081191e-11, 0.0, 0.0, 0.0, 1.0], "right_foot_pose": [0.9999999999999998, -9.041527172569244e-13, -2.8253344108719596e-11, 4.081770058427547e-12, 3.0806183361007654e-13, 0.9997775114688084, -0.02109330607649534, -0.14000000000511076, 2.8265825154734574e-11, 0.02109330607649519, 0.9997775114688083, 5.119135670916819e-11, 0.0, 0.0, 0.0, 1.0]}, {"left_foot_pose": [1.0000000000000004, -1.1197596901219365e-13, -4.3281600525801884e-11, 7.2282262464702814e-12, 4.746703250140834e-14, 0.9999988778459451, -0.0014981010818837647, 4.26556359678365e-12, 4.328144896138502e-11, 0.0014981010818835903, 0.9999988778459454, 8.69580588092056e-11, 0.0, 0.0, 0.0, 1.0], "right_foot_pose": [1.0, -1.704789876146299e-12, -4.357886274064525e-11, 6.415674546783888e-12, 5.733348556430123e-13, 0.9996631965715925, -0.02595175177642281, -0.14000000000687302, 4.360821273781215e-11, 0.025951751776422675, 0.9996631965715927, 7.975398813586665e-11, 0.0, 0.0, 0.0, 1.0]}, {"left_foot_pose": [1.0000000000000007, -7.007064184179505e-13, -6.175548961095956e-11, 1.0281319320011003e-11, 2.4442429856801247e-13, 0.9999726666994003, -0.007393636053467244, 7.307146207558013e-12, 6.175861660154213e-11, 0.00739363605346707, 0.9999726666994004, 1.2392557813267757e-10, 0.0, 0.0, 0.0, 1.0], "right_foot_pose": [1.0, -2.977911763648736e-12, -6.225681081772902e-11, 9.301564849186195e-12, 9.932224978665694e-13, 0.9994924708741679, -0.0318559361163738, -0.14000000000852975, 6.231991571488765e-11, 0.031855936116373655, 0.9994924708741681, 1.1466492338962908e-10, 0.0, 0.0, 0.0, 1.0]}, {"left_foot_pose": [1.0000000000000007, -1.822905677758037e-12, -8.404354989721694e-11, 1.3972928501486072e-11, 6.176703058438344e-13, 0.9998971435617687, -0.014342325369912217, 1.1551631179385069e-11, 8.406090166271733e-11, 0.014342325369912038, 0.999897143561769, 1.6888184600771794e-10, 0.0, 0.0, 0.0, 1.0], "right_foot_pose": [0.9999999999999999, -4.934266251756343e-12, -8.486816804875726e-11, 1.2846955812341281e-11, 1.6361437187548807e-12, 0.9992462675118542, -0.03881876947596328, -0.14000000000990978, 8.499551415511616e-11, 0.03881876947596315, 0.9992462675118543, 1.5699335581542684e-10, 0.0, 0.0, 0.0, 1.0]}, {"left_foot_pose": [1.0000000000000002, -3.73921331453901e-12, -1.1107054165293557e-10, 1.846907887080627e-11, 1.2527762820602463e-12, 0.9997495207842313, -0.02238069908874006, 1.742690887429621e-11, 1.111262209211226e-10, 0.02238069908873988, 0.9997495207842314, 2.2395594406754427e-10, 0.0, 0.0, 0.0, 1.0], "right_foot_pose": [0.9999999999999998, -7.877461801368502e-12, -1.1239298380871783e-10, 1.7231934785517525e-11, 2.600023345693117e-12, 0.9989005833322903, -0.046878829106643906, -0.14000000001078586, 1.1263842801523617e-10, 0.04687882910664376, 0.9989005833322904, 2.0857568450161068e-10, 0.0, 0.0, 0.0, 1.0]}, {"left_foot_pose": [1.0000000000000007, -6.826014551365023e-12, -1.4413636950649778e-10, 2.4007256205458302e-11, 2.2724301983282744e-12, 0.9995015124462715, -0.031570977457419595, 2.5541587941879662e-11, 1.4427968168950437e-10, 0.03157097745741941, 0.9995015124462715, 2.921789130083674e-10, 0.0, 0.0, 0.0, 1.0], "right_foot_pose": [0.9999999999999999, -1.2247034558325804e-11, -1.462099330495902e-10, 2.271540817825751e-11, 4.025307684951853e-12, 0.9984251054383726, -0.056100880834216105, -0.1400000000108194, 1.466664682598108e-10, 0.05610088083421594, 0.9984251054383726, 2.720270814160486e-10, 0.0, 0.0, 0.0, 1.0]}, {"left_foot_pose": [1.0000000000000004, -1.1628010395036468e-11, -1.848953212757463e-10, 3.0900609689716786e-11, 3.852607232050927e-12, 0.9991176371196996, -0.041999371380404486, 3.673155009320528e-11, 1.8522014810156415e-10, 0.041999371380404306, 0.9991176371196998, 3.7755545911899446e-10, 0.0, 0.0, 0.0, 1.0], "right_foot_pose": [0.9999999999999996, -1.8674641227086665e-11, -1.8808993251795404e-10, 2.964382621854798e-11, 6.11132640500157e-12, 0.9977814695741354, -0.06657431167108624, -0.14000000000949053, 1.889157781369368e-10, 0.0665743116710861, 0.9977814695741353, 3.507557994053556e-10, 0.0, 0.0, 0.0, 1.0]}, {"left_foot_pose": [1.0000000000000004, -1.8915369153383564e-11, -2.3524732162272213e-10, 3.9531315427323683e-11, 6.2387542084152095e-12, 0.9985532673979862, -0.053771480998819, 5.2085273594126846e-11, 2.3592370717398953e-10, 0.05377148099881884, 0.9985532673979863, 4.849958420982681e-10, 0.0, 0.0, 0.0, 1.0], "right_foot_pose": [0.9999999999999999, -2.8043565259283328e-11, -2.4009283450254755e-10, 3.844884509323413e-11, 9.131939706770272e-12, 0.996921301263535, -0.07840866716773259, -0.14000000000601331, 2.4155240386902906e-10, 0.07840866716773244, 0.9969213012635351, 4.4882279143232395e-10, 0.0, 0.0, 0.0, 1.0]}, {"left_foot_pose": [1.0000000000000007, -2.9706515158074465e-11, -2.968779666545624e-10, 5.0293416828942736e-11, 9.748766313391331e-12, 0.9977528585302275, -0.06700174098305832, 7.285756546682176e-11, 2.9820091175877125e-10, 0.06700174098305813, 0.9977528585302277, 6.19609537289012e-10, 0.0, 0.0, 0.0, 1.0], "right_foot_pose": [0.9999999999999999, -4.1503048235730145e-11, -3.0411562157439655e-10, 4.959222899575746e-11, 1.343370641700306e-11, 0.9957845429161515, -0.09172319275554618, -0.13999999999926202, 3.066403622792406e-10, 0.09172319275554602, 0.9957845429161515, 5.70188764259516e-10, 0.0, 0.0, 0.0, 1.0]}, {"left_foot_pose": [1.0000000000000002, -4.5136433119837514e-11, -3.700191819611113e-10, 6.340837120433458e-11, 1.4721909934487234e-11, 0.9966496329952873, -0.08178941893888342, 1.0005797579371034e-10, 3.724708165284369e-10, 0.08178941893888325, 0.9966496329952875, 7.843634700077651e-10, 0.0, 0.0, 0.0, 1.0], "right_foot_pose": [0.9999999999999999, -6.029597020940216e-11, -3.806221449131893e-10, 6.337187119336066e-11, 1.9369350375577324e-11, 0.9942995464089669, -0.10662275559618062, -0.139999999987821, 3.8488125985950477e-10, 0.10662275559618048, 0.994299546408967, 7.164610432708329e-10, 0.0, 0.0, 0.0, 1.0]}, {"left_foot_pose": [1.0000000000000004, -6.581112638803143e-11, -4.5021403272116226e-10, 7.83914063013206e-11, 2.1299314623953805e-11, 0.9951703567578933, -0.09816293104002276, 1.331479006910774e-10, 4.5449969728481525e-10, 0.09816293104002256, 0.9951703567578934, 9.732250144667276e-10, 0.0, 0.0, 0.0, 1.0], "right_foot_pose": [0.9999999999999998, -8.497553444987502e-11, -4.652656593329136e-10, 7.934062910320697e-11, 2.7035300266407988e-11, 0.9923891139786606, -0.12314157079008278, -0.1399999999704955, 4.721885325267356e-10, 0.12314157079008266, 0.9923891139786607, 8.806637294411779e-10, 0.0, 0.0, 0.0, 1.0]}, {"left_foot_pose": [1.0000000000000002, -8.967968251253127e-11, -5.203527608799148e-10, 9.261831174163069e-11, 2.873916814675402e-11, 0.9932548137511837, -0.1159520373262243, 1.6652658071936166e-10, 5.272411324956217e-10, 0.11595203732622415, 0.9932548137511837, 1.1526637491710012e-09, 0.0, 0.0, 0.0, 1.0], "right_foot_pose": [1.0, -1.1287189126966586e-10, -5.40473221732895e-10, 9.472730284276516e-11, 3.547444559644767e-11, 0.9899934304763359, -0.14111345652947607, -0.13999999994820644, 5.509925106526009e-10, 0.14111345652947588, 0.9899934304763358, 1.0310892972764663e-09, 0.0, 0.0, 0.0, 1.0]}, {"left_foot_pose": [1.0000000000000002, -1.0657805569726464e-10, -5.343702147442267e-10, 9.80919035253316e-11, 3.373999588649027e-11, 0.9909142858846941, -0.13449489964168806, 1.819601413988181e-10, 5.43849255023706e-10, 0.13449489964168782, 0.9909142858846941, 1.2198714330335925e-09, 0.0, 0.0, 0.0, 1.0], "right_foot_pose": [0.9999999999999998, -1.3165970317239266e-10, -5.579838258107364e-10, 1.0087036387465454e-10, 4.075942058848349e-11, 0.9871374926596643, -0.15987360815841806, -0.1399999999290646, 5.718554558371375e-10, 0.15987360815841786, 0.987137492659664, 1.0762741461944891e-09, 0.0, 0.0, 0.0, 1.0]}, {"left_foot_pose": [0.999999994394698, 0.0001045827692913766, -1.6524191551183582e-05, 1.808891943140576e-10, -0.00010587931941797552, 0.9883543961822112, -0.1521695644235969, 5.292181761790138e-06, 4.1744291359116636e-07, 0.15216956532021036, 0.9883544017153384, 0.00016386114968548054, 0.0, 0.0, 0.0, 1.0], "right_foot_pose": [0.9999999999999998, -1.1490812687345262e-10, -4.39173197808173e-10, 3.350841591433296e-11, 3.50826612233202e-11, 0.9841020918115081, -0.17760369616709665, -0.13999999999114857, 4.525990855473386e-10, 0.17760369616709645, 0.9841020918115082, 8.167330145525398e-10, 0.0, 0.0, 0.0, 1.0]}, {"left_foot_pose": [0.999995530653746, 0.002945051104585588, -0.000515117971930158, 2.492668245383388e-09, -0.002989760339086401, 0.9851778165963557, -0.17151014844478765, 0.00014947556140776364, 2.376646750338994e-06, 0.17151092198583034, 0.9851822184925605, 0.004191208988966896, 0.0, 0.0, 0.0, 1.0], "right_foot_pose": [0.9999999999999999, -7.768279375233175e-11, -2.5650859214465485e-10, -1.3054415032102003e-10, 2.6891325883563388e-11, 0.9813253002604903, -0.19235554337907448, -0.14000000015313524, 2.6666102500347266e-10, 0.19235554337907432, 0.9813253002604903, 4.4507547647398837e-10, 0.0, 0.0, 0.0, 1.0]}, {"left_foot_pose": [0.9999570091062436, 0.009098558615129437, -0.0017877836624780677, 4.988126923988721e-09, -0.00927253579216484, 0.98128626328986, -0.1923311975697318, 0.00046361115945905973, 4.390875117311684e-06, 0.1923395063676497, 0.981328443626786, 0.011469801706935817, 0.0, 0.0, 0.0, 1.0], "right_foot_pose": [1.0, -2.9671947292792106e-11, -4.884748161515501e-11, -1.884372464718967e-10, 1.9133784273185813e-11, 0.9791621311825731, -0.20308008483847442, -0.1400000001405303, 5.385519357690732e-11, 0.20308008483847426, 0.979162131182573, 1.9073605889152745e-10, 0.0, 0.0, 0.0, 1.0]}, {"left_foot_pose": [0.9998339293854387, 0.017811434293370346, -0.0038557046162368052, 5.087971197516913e-09, -0.018223984483175006, 0.977272530204619, -0.21120200779590192, 0.0009112219121419664, 6.263521546535795e-06, 0.2112371996497684, 0.9774348292571189, 0.019120925674303922, 0.0, 0.0, 0.0, 1.0], "right_foot_pose": [0.9999999999999998, 8.791271893355312e-12, 1.1843631630981117e-10, -1.5093581436103557e-10, 1.6172426356968303e-11, 0.9778866803620545, -0.20913545938095074, -0.14000000001690377, -1.1765588401174877e-10, 0.20913545938095066, 0.9778866803620545, 5.354120619083247e-11, 0.0, 0.0, 0.0, 1.0]}, {"left_foot_pose": [0.9995761268260812, 0.028378655329480917, -0.0064975842481299435, 1.940508462467197e-09, -0.029112997455754665, 0.9744215338443835, -0.22283426073990764, 0.0014558261159963552, 7.649328208354914e-06, 0.22292897142823395, 0.9748346904165025, 0.024265876969878947, 0.0, 0.0, 0.0, 1.0], "right_foot_pose": [0.9999999999999999, 2.048906059590734e-11, 2.0116752708076989e-10, -8.757363863973797e-12, 2.222888893720788e-11, 0.9776848681389791, -0.21007688738189914, -0.13999999989764156, -2.009828864800034e-10, 0.210076887381899, 0.9776848681389791, 4.469157682818192e-11, 0.0, 0.0, 0.0, 1.0]}, {"left_foot_pose": [0.9991506013611645, 0.040172035193074065, -0.00918059845926215, 9.914061390413342e-11, -0.04120771447801611, 0.9740830644055974, -0.22240527850233263, 0.0020609387927111485, 8.192805154076226e-06, 0.22259467924154913, 0.9749110773328156, 0.025000000256821697, 0.0, 0.0, 0.0, 1.0], "right_foot_pose": [0.9999999999999999, -4.504024730820082e-12, 1.7128459761650563e-10, 1.9841770659127406e-10, 3.9622762383699604e-11, 0.9786376417843559, -0.20559271894392306, -0.1399999998687158, -1.6669974427784664e-10, 0.20559271894392298, 0.9786376417843556, 2.0337239531320606e-10, 0.0, 0.0, 0.0, 1.0]}, {"left_foot_pose": [0.9985530079962986, 0.052512848302228264, -0.011588398713027687, 3.341657896574479e-11, -0.05377629735842306, 0.9751244971209402, -0.21503563648161442, 0.0026900838152486076, 7.997709345883986e-06, 0.21534766281021409, 0.9765374463164309, 0.025000000465566517, 0.0, 0.0, 0.0, 1.0], "right_foot_pose": [0.9999999999999997, -6.384904444777275e-11, 2.368211182712837e-11, 3.997081911163011e-10, 6.725069563476601e-11, 0.9806350020757392, -0.19584430730535732, -0.13999999982809955, -1.0719114211025575e-11, 0.19584430730535718, 0.9806350020757391, 5.239219613706325e-10, 0.0, 0.0, 0.0, 1.0]}, {"left_foot_pose": [0.9978138026908496, 0.06472738236077188, -0.013340956950274272, -4.223969557373003e-10, -0.0660879346694658, 0.9772935589163528, -0.20131985642686798, 0.00330678239952565, 7.123973525608844e-06, 0.20176140778982668, 0.979434701384384, 0.024910269648540907, 0.0, 0.0, 0.0, 1.0], "right_foot_pose": [1.0000000000000002, -1.5419731269424958e-10, -2.609845672907331e-10, 6.1753476238833e-10, 1.0451538879820318e-10, 0.9835485849342641, -0.18064379611214756, -0.1399999998417029, 2.845456006521675e-10, 0.18064379611214737, 0.983548584934264, 1.0302025343911225e-09, 0.0, 0.0, 0.0, 1.0]}, {"left_foot_pose": [0.9969990382789294, 0.0761960488747578, -0.013677712044279654, 7.132737204693096e-10, -0.07741393699003599, 0.9813267128667379, -0.1760822676304076, 0.003874550054116351, 5.5311296057064695e-06, 0.17661269702385288, 0.9842804250920406, 0.02116383273277074, 0.0, 0.0, 0.0, 1.0], "right_foot_pose": [1.0, -2.64078827397205e-10, -7.079837827106401e-10, 8.765294232150757e-10, 1.4783118485227146e-10, 0.9872100751312777, -0.15942480220874566, -0.14000000017115127, 7.410293484241355e-10, 0.1594248022087455, 0.9872100751312772, 1.7844960509272312e-09, 0.0, 0.0, 0.0, 1.0]}, {"left_foot_pose": [0.9962058232777323, 0.08614350383554013, -0.012379596700726402, 3.0264358749122755e-09, -0.08702848760438281, 0.986081361328857, -0.14166718457399566, 0.004356915662966476, 3.5819096340981728e-06, 0.142207051817992, 0.9898369332371905, 0.0139968115298552, 0.0, 0.0, 0.0, 1.0], "right_foot_pose": [0.9999999999999998, -3.52305244700327e-10, -1.2741895316636921e-09, 1.024667015565505e-09, 1.8102036605248676e-10, 0.9912487930019525, -0.13200693304585287, -0.14000000047000902, 1.3095454169808842e-09, 0.1320069330458527, 0.9912487930019526, 2.768564447142019e-09, 0.0, 0.0, 0.0, 1.0]}, {"left_foot_pose": [0.9955524935798221, 0.09370080734427823, -0.009766843401493943, 3.0422529192011827e-09, -0.09420845250781996, 0.9901898592923346, -0.10319307162164323, 0.004717404232672992, 1.7551701715167052e-06, 0.10365423897582887, 0.9946133915945742, 0.006287910246216825, 0.0, 0.0, 0.0, 1.0], "right_foot_pose": [0.9999999999999998, -3.756258334432839e-10, -1.9059848699320956e-09, 9.937997631525598e-10, 1.8586584533242142e-10, 0.9951271682521045, -0.09859979212223467, -0.140000000605896, 1.933733725113324e-09, 0.09859979212223455, 0.9951271682521046, 3.864271368170247e-09, 0.0, 0.0, 0.0, 1.0]}, {"left_foot_pose": [0.995163525970194, 0.0980341320174864, -0.0062342231392458185, 1.0432946277727506e-09, -0.09823215653948603, 0.9931576621082355, -0.06315300164922263, 0.00491953643592863, 4.16777053725714e-07, 0.0634599649801582, 0.9979843850705002, 0.0009158376435075208, 0.0, 0.0, 0.0, 1.0], "right_foot_pose": [0.9999999999999998, -2.904748947890392e-10, -2.4656797159572347e-09, 7.254587023273371e-10, 1.4210062393826004e-10, 0.9982005491587291, -0.0599638529383445, -0.14000000046192076, 2.4786608271333464e-09, 0.05996385293834434, 0.9982005491587292, 4.801693695433151e-09, 0.0, 0.0, 0.0, 1.0]}, {"left_foot_pose": [0.9951035011765036, 0.09881494303627743, -0.0021515062172480347, 1.3928040426720856e-10, -0.09883836272554061, 0.9948677125897878, -0.02166131344351993, 0.004950000471816214, 2.6149636854889713e-09, 0.021767900199634777, 0.9997630511880803, 5.378415650347801e-09, 0.0, 0.0, 0.0, 1.0], "right_foot_pose": [1.0, -9.688691216940812e-11, -2.7002667879472134e-09, 5.06069672037713e-10, 4.7914397469982354e-11, 0.9998356326362408, -0.018130298146697164, -0.14000000033724116, 2.701579476759615e-09, 0.01813029814669701, 0.9998356326362409, 5.201923274078535e-09, 0.0, 0.0, 0.0, 1.0]}, {"left_foot_pose": [0.9951035011715387, 0.09881939395992623, 0.001936319586077862, 2.078965059999771e-10, -0.09883836277552586, 0.9949125228657328, 0.019494868268268083, 0.004950000252635107, 2.4631396629924433e-09, -0.01959079432632976, 0.9998080819725679, 5.019140804363165e-09, 0.0, 0.0, 0.0, 1.0], "right_foot_pose": [1.0, 6.70726543291711e-11, -2.5160442063132397e-09, 5.388748579198805e-10, -7.16305212090617e-12, 0.9997166577870777, 0.023803448133314295, -0.1400000005125519, 2.516927592300142e-09, -0.023803448133314444, 0.9997166577870776, 5.0192691392059174e-09, 0.0, 0.0, 0.0, 1.0]}, {"left_foot_pose": [0.9951035011688161, 0.09867145000005625, 0.005741682371217465, 2.267685194354621e-10, -0.09883836280293948, 0.9934230238257886, 0.05780721210421645, 0.004950000127349849, 1.9757213944594304e-09, -0.05809165764301991, 0.9983112537241515, 4.040301773700072e-09, 0.0, 0.0, 0.0, 1.0], "right_foot_pose": [0.9999999999321996, 1.1619498117098916e-05, 7.669257676145418e-07, -1.034644155284008e-05, -1.1644720205781722e-05, 0.9980355505534396, 0.0626501372376246, -0.139996141695192, -3.745602924522273e-08, -0.06265013724230767, 0.998035550621078, 3.7403003902564125e-05, 0.0, 0.0, 0.0, 1.0]}, {"left_foot_pose": [0.995103501168878, 0.09842671187634948, 0.009011345662666927, 1.0318829341340874e-10, -0.09883836280231438, 0.9909590030894758, 0.09072613865072703, 0.004950000439718034, 1.3942572978896853e-09, -0.09117256487081535, 0.9958351085470315, 2.7690758783172065e-09, 0.0, 0.0, 0.0, 1.0], "right_foot_pose": [0.9999992826376234, 0.0011922712590886184, 0.00011494991650073197, -0.0010643414655678507, -0.001197799605234148, 0.9954306376673154, 0.09547989772380046, -0.13960313627632912, -5.867308053512372e-07, -0.09547996691707887, 0.9954313516848711, 0.0034929901605211602, 0.0, 0.0, 0.0, 1.0]}, {"left_foot_pose": [0.9951035011705598, 0.09814844324172181, 0.011657832016329037, 8.591514977750181e-12, -0.09883836278537993, 0.9881573980867923, 0.1173709276109179, 0.004950000478597303, 8.742595408326913e-10, -0.1179484620313818, 0.9930197179837027, 1.7268179108853587e-09, 0.0, 0.0, 0.0, 1.0], "right_foot_pose": [0.9999916733285534, 0.0040500411733715965, 0.000500439860315866, -0.0036261750601298487, -0.004080842053819552, 0.9924830416007668, 0.12231418095634783, -0.138647912814551, -1.3006057441187428e-06, -0.12231520470237725, 0.9924913050989032, 0.010538498286126706, 0.0, 0.0, 0.0, 1.0]}, {"left_foot_pose": [0.9951035011727491, 0.09789005445291735, 0.013658667319404757, -5.3668217005892194e-11, -0.09883836276333816, 0.9855559433465859, 0.1375153103493742, 0.004950000342649274, 4.633767328424644e-10, -0.1381919671088986, 0.9904054625387392, 9.609163117985098e-10, 0.0, 0.0, 0.0, 1.0], "right_foot_pose": [0.9999655092166333, 0.008220598662835537, 0.0011841177070178153, -0.007380171187368004, -0.00830544237881562, 0.9897847499009963, 0.1423276799864108, -0.13724817793738875, -2.002912713290611e-06, -0.1423326056146188, 0.9898188871581213, 0.018295209686982845, 0.0, 0.0, 0.0, 1.0]}, {"left_foot_pose": [0.9951035011746536, 0.09769193563108015, 0.015010251916603014, -4.936082174510775e-11, -0.09883836274416395, 0.983561285891867, 0.15112304571041182, 0.004950000137601409, 1.7725907763838586e-10, -0.15186666061842263, 0.988400990181925, 4.725597135823989e-10, 0.0, 0.0, 0.0, 1.0], "right_foot_pose": [0.9999086524487102, 0.013357392526479361, 0.0020656289836244067, -0.01201065471460057, -0.01351616631641702, 0.9881911427674697, 0.15262889177357297, -0.1355216354624488, -2.512247560415817e-06, -0.1526428688829442, 0.9882814146653134, 0.023884419256809036, 0.0, 0.0, 0.0, 1.0]}, {"left_foot_pose": [0.9951035011757519, 0.0975810154889715, 0.015715195318624003, -4.322832781837593e-12, -0.09883836273310755, 0.9824445435134912, 0.15822040630970266, 0.0049500000399962975, 2.7747325558879978e-11, -0.15899894445155904, 0.9872787527660519, 2.613835051179514e-10, 0.0, 0.0, 0.0, 1.0], "right_foot_pose": [0.9998126262725666, 0.019137689088987768, 0.002908814584337152, -0.017201938810959907, -0.019357487926397254, 0.9884807474094678, 0.15010362974291797, -0.13358598706608918, -2.6706172528615877e-06, -0.15013181160950834, 0.9886659896728092, 0.025000003531122306, 0.0, 0.0, 0.0, 1.0]}, {"left_foot_pose": [0.9951035011758924, 0.09756502374829432, 0.015814173657706907, -3.441466697121781e-11, -0.09883836273169083, 0.9822835388986578, 0.1592169188913317, 0.004950000034482096, 7.512612750510732e-12, -0.16000036046748473, 0.9871169559126599, 2.560961165354314e-10, 0.0, 0.0, 0.0, 1.0], "right_foot_pose": [0.9996754879315997, 0.025225786010284405, 0.003546624998629403, -0.02263833343327784, -0.02547388510608466, 0.9899530277376515, 0.13908301136608525, -0.13155894246864214, -2.5138732566343685e-06, -0.1391282235681171, 0.9902743748075383, 0.02500000377629874, 0.0, 0.0, 0.0, 1.0]}, {"left_foot_pose": [0.9951035011751362, 0.09764319797010254, 0.015324093420436204, -3.420971741562723e-11, -0.09883836273930703, 0.9830705958391756, 0.15428279763934233, 0.0049500000249489366, 1.0375595340934171e-10, -0.15504196040614476, 0.9879078856418854, 4.893110569503811e-10, 0.0, 0.0, 0.0, 1.0], "right_foot_pose": [0.999503438444103, 0.0312756461336574, 0.003835426617322977, -0.028004164613420358, -0.03150994341451583, 0.9920795938415574, 0.12159441989328547, -0.12955820874284618, -2.104432313252194e-06, -0.12165489485463746, 0.9925724590947899, 0.024992553678536623, 0.0, 0.0, 0.0, 1.0]}, {"left_foot_pose": [0.9951035011734987, 0.09780967420194443, 0.014222854311109624, 2.4966242571575203e-10, -0.09883836275579186, 0.9847466761473053, 0.1431955371671539, 0.004950000228289244, 3.29298815880623e-10, -0.14390014402127904, 0.9895922132629461, 1.068591402864083e-09, 0.0, 0.0, 0.0, 1.0], "right_foot_pose": [0.9993111688946263, 0.03693899478613765, 0.003563479569893793, -0.032983751340431834, -0.037110479924812284, 0.9946972573665465, 0.09591756078644142, -0.12770148671250503, -1.4850770657924992e-06, -0.09598373222406134, 0.9953829027796961, 0.021837795342248285, 0.0, 0.0, 0.0, 1.0]}, {"left_foot_pose": [0.9951035011715132, 0.09804379120876894, 0.012507476228563165, 5.006906295818014e-10, -0.09883836277577998, 0.9871037629196044, 0.12592513360628832, 0.004950000464387614, 6.573887113527486e-10, -0.1265447598099964, 0.9919608983042786, 1.902851001767125e-09, 0.0, 0.0, 0.0, 1.0], "right_foot_pose": [0.999120943652712, 0.04183312697430336, 0.002707294233314295, -0.037261404239018345, -0.0419206387576813, 0.997036473281446, 0.06450527879673579, -0.12610649156937964, -8.135761022517712e-07, -0.0645620665255416, 0.9979136934451242, 0.014923781034612803, 0.0, 0.0, 0.0, 1.0]}, {"left_foot_pose": [0.9951035011688949, 0.09830935599051024, 0.010212369271593056, 8.875444363828922e-10, -0.09883836280214374, 0.9897774656095669, 0.1028180266786662, 0.004950000440613158, 1.0114880267635745e-09, -0.10332395219035287, 0.9946477572003903, 2.9313894783777883e-09, 0.0, 0.0, 0.0, 1.0], "right_foot_pose": [0.9989604235964367, 0.04556292696853702, 0.0014462966802461712, -0.04052145317079027, -0.04558587596999598, 0.9984577148488666, 0.031687845790265144, -0.12489093186579867, -2.7507482007605985e-07, -0.031720834554583494, 0.9994967677061719, 0.007129215632229971, 0.0, 0.0, 0.0, 1.0]}, {"left_foot_pose": [0.9951035011690854, 0.09855957304975813, 0.007418390747211265, 7.673907231236024e-10, -0.09883836280022473, 0.9922966481060762, 0.07468828687564022, 0.004950000357509856, 1.3934819126346909e-09, -0.07505579736233746, 0.997179335567231, 3.748280436033369e-09, 0.0, 0.0, 0.0, 1.0], "right_foot_pose": [0.9988592305666668, 0.047751826047252, -2.4918245167674916e-05, -0.04244821982507963, -0.04775183254877171, 0.9988590946156339, -0.0005211447690406869, -0.12417251280643413, 4.201450581606616e-09, 0.0005217401548883221, 0.9999998638935959, 0.0013328063472941784, 0.0, 0.0, 0.0, 1.0]}, {"left_foot_pose": [0.9951035011746604, 0.09874437196466816, 0.0043094031184270675, -1.7567625913011975e-10, -0.09883836274409744, 0.9941572024049168, 0.04338703673329704, 0.004950000532995462, 1.5453866049011797e-09, -0.043600526507527236, 0.9990490448863197, 3.939300489974595e-09, 0.0, 0.0, 0.0, 1.0], "right_foot_pose": [0.9988382871129027, 0.04816345955908135, -0.001535369878157258, -0.04283618253850579, -0.04818792584623257, 0.9983311514132143, -0.031825083198698007, -0.12402786057142658, 1.4707009942042306e-09, 0.03186209787924818, 0.9994922744667581, 4.5557455793932e-09, 0.0, 0.0, 0.0, 1.0]}, {"left_foot_pose": [0.9951035011791521, 0.09883197331460629, 0.0011238290506029667, -8.242780321146559e-10, -0.09883836269887296, 0.995039172786398, 0.01131471075933499, 0.0049500009048274625, 1.2629635089595235e-09, -0.011370385714758863, 0.9999353550748663, 3.776646197162226e-09, 0.0, 0.0, 0.0, 1.0], "right_foot_pose": [0.9988382871136561, 0.048091319894043576, -0.0030497781404211746, -0.042836183069128037, -0.048187925830616686, 0.9968358429188434, -0.06321571067718963, -0.12402786001941454, 1.198816130511602e-09, 0.0632892346543069, 0.9979952268307059, 4.635218778248351e-09, 0.0, 0.0, 0.0, 1.0]}, {"left_foot_pose": [0.9951035011765123, 0.09882103047617927, -0.001850913794416614, 6.648620887780149e-10, -0.09883836272545314, 0.9949290005138995, -0.018634966867841614, 0.004950000203624618, 1.1827465879354446e-09, 0.0187266620634834, 0.9998246406885365, 3.571314570460782e-09, 0.0, 0.0, 0.0, 1.0], "right_foot_pose": [0.9988382871142791, 0.047981533498364294, -0.004455181001671482, -0.04283618156198747, -0.048187925817701496, 0.9945601937519102, -0.09234687222397119, -0.12402786095726352, 1.1371385954035633e-09, 0.09245427760416546, 0.9957169309360426, 3.491178610093293e-09, 0.0, 0.0, 0.0, 1.0]}, {"left_foot_pose": [0.9953015968798127, 0.09671619179805631, -0.004550768350255376, -0.001302558526140169, -0.09682319581688334, 0.9942013741441583, -0.04678564311489128, 0.005443844545235653, -5.490856598588301e-07, 0.04700644523839417, 0.9988945860829108, 0.002844458084763926, 0.0, 0.0, 0.0, 1.0], "right_foot_pose": [0.9988382871141249, 0.04785589535277225, -0.005647076668974594, -0.042836181586505664, -0.04818792582090205, 0.9919559685700885, -0.11705246782215718, -0.12402786136526306, 7.558813194555811e-10, 0.11718860737359406, 0.9931096768745321, 2.2785540607084265e-09, 0.0, 0.0, 0.0, 1.0]}, {"left_foot_pose": [0.9958354354740075, 0.09090310364936943, -0.006957815835950096, -0.004955939021734104, -0.09116899391589026, 0.9929297608445493, -0.07601779119095396, 0.0068289809823473425, -1.630737837224872e-06, 0.0763355472640312, 0.9970821852892783, 0.009617039098331684, 0.0, 0.0, 0.0, 1.0], "right_foot_pose": [0.9988382871134831, 0.0477346931283827, -0.006593577795262405, -0.04283618161831192, -0.04818792583420703, 0.9894436904780397, -0.13667153023579923, -0.12402786146809533, 3.920059768090938e-10, 0.1368304879956843, 0.9905944768445175, 1.3727395331564196e-09, 0.0, 0.0, 0.0, 1.0]}, {"left_foot_pose": [0.9965816107310307, 0.08214736618147006, -0.008769457348804743, -0.010479961194926913, -0.08261412193665228, 0.9909471571758914, -0.1058236199610278, 0.008923356105309631, -3.062829814264671e-06, 0.10618635465288179, 0.994346246574176, 0.01743949489189941, 0.0, 0.0, 0.0, 1.0], "right_foot_pose": [0.99883828711277, 0.04763609526157468, -0.00727176910096748, -0.04283618166354273, -0.04818792584898833, 0.9873999549260934, -0.15072907089981383, -0.12402786139187501, 1.0245590163457992e-10, 0.15090437846589758, 0.9885483642998056, 7.570498603004516e-10, 0.0, 0.0, 0.0, 1.0]}, {"left_foot_pose": [0.99741201387899, 0.07125134405864354, -0.009618759779451558, -0.0173942569079316, -0.07189766720131656, 0.9884372876406547, -0.13350076349068213, 0.011544841367702344, -4.568004698385785e-06, 0.1338468317571362, 0.9910020310815267, 0.02343311937079063, 0.0, 0.0, 0.0, 1.0], "right_foot_pose": [0.9988382871122967, 0.04757411393068442, -0.007666803915776225, -0.04283618171244678, -0.048187925858794715, 0.9861152064526215, -0.1589173477136177, -0.12402786124726384, -7.945261498050317e-11, 0.15910217876136643, 0.9872621215834153, 3.9284146075013737e-10, 0.0, 0.0, 0.0, 1.0]}, {"left_foot_pose": [0.9982127119485961, 0.05904647429957696, -0.0092138795857023, -0.025218453252715097, -0.05976103807059841, 0.9862622457252123, -0.1539980551363766, 0.014511302329874192, -5.740632758667919e-06, 0.1542734472611907, 0.9880281895964277, 0.025000007863033614, 0.0, 0.0, 0.0, 1.0], "right_foot_pose": [0.998838287112278, 0.047558132189881905, -0.007765324282986595, -0.04283618177483774, -0.04818792585918402, 0.9857839371016553, -0.16095947674414757, -0.12402786116672251, -1.276588666689213e-10, 0.1611466829164339, 0.9869304669453821, 2.8780417632434663e-10, 0.0, 0.0, 0.0, 1.0]}, {"left_foot_pose": [0.9988973042923264, 0.04628119182559564, -0.007888394052462961, -0.0334721548551835, -0.046948646801533725, 0.9846733355305097, -0.1679709702857192, 0.01764060470866055, -6.405413306971971e-06, 0.1681560988439715, 0.9857603797985331, 0.02500000771862921, 0.0, 0.0, 0.0, 1.0], "right_foot_pose": [0.9988382871127377, 0.047589209857518966, -0.007572536089660746, -0.04283618195209618, -0.048187925849658524, 0.9864281148212274, -0.15696336544731523, -0.12402786110867806, -3.887509338279883e-11, 0.1571459238904293, 0.9875753938837395, 4.243866438824462e-10, 0.0, 0.0, 0.0, 1.0]}, {"left_foot_pose": [0.9994147490155567, 0.03367435101650986, -0.006016438630050492, -0.041674992546657304, -0.03420759284533093, 0.9838021498876427, -0.17596354869171393, 0.02075062338847687, -6.473045844851871e-06, 0.17606637373465142, 0.9843782971998268, 0.025000006570690868, 0.0, 0.0, 0.0, 1.0], "right_foot_pose": [0.9988382871135864, 0.04766408581601746, -0.007085980476967357, -0.04283618209290643, -0.048187925832065374, 0.9879801431367936, -0.14687804659445927, -0.12402786105191677, 1.885312318013886e-10, 0.1470488751766707, 0.9891292273051463, 8.188546993248558e-10, 0.0, 0.0, 0.0, 1.0]}, {"left_foot_pose": [0.9997516205512138, 0.021972585546090096, -0.0037286310681819176, -0.04934659646098336, -0.02228670397941762, 0.985618860770021, -0.1675075046681205, 0.023659226033755303, -5.563870279548033e-06, 0.16754899814330826, 0.9858637498103975, 0.02245972671053041, 0.0, 0.0, 0.0, 1.0], "right_foot_pose": [0.9988382871143607, 0.04780813092907017, -0.006038113241584337, -0.04283618178382863, -0.04818792581601023, 0.9909659086722815, -0.12515786693160924, -0.12402786130157381, 6.860431550327252e-10, 0.12530343357780968, 0.9921184654735599, 1.7266685720107589e-09, 0.0, 0.0, 0.0, 1.0]}, {"left_foot_pose": [0.9999287731872163, 0.011799935740215213, -0.0017916664969437387, -0.05600657107093561, -0.011935180570623552, 0.98854590594523, -0.1504478092352042, 0.026184282035145542, -4.129900858791252e-06, 0.15045847718042518, 0.9886163293348401, 0.015838563125104017, 0.0, 0.0, 0.0, 1.0], "right_foot_pose": [0.9988382871150284, 0.04794184731715589, -0.004863688819576962, -0.042836181507399235, -0.048187925802167034, 0.9937375800860058, -0.10081441232132554, -0.12402786166567538, 1.1949799127636236e-09, 0.1009316659955035, 0.9948933605162776, 2.857470579598065e-09, 0.0, 0.0, 0.0, 1.0]}, {"left_foot_pose": [0.9999923881975654, 0.003872069954625447, -0.00048023035828877685, -0.06117454932140913, -0.0039017356540751065, 0.9923127837017887, -0.12369363670332469, 0.028143667183345183, -2.411690605871041e-06, 0.12369456890371057, 0.9923203382063225, 0.007998176925041525, 0.0, 0.0, 0.0, 1.0], "right_foot_pose": [0.9988382871148036, 0.048069917901809894, -0.003370339223023184, -0.042836181186292045, -0.048187925806834446, 0.9963922244110194, -0.0698602815603794, -0.12402786189147996, 1.7962429168772612e-09, 0.06994153362755005, 0.9975510923626049, 4.270854836452287e-09, 0.0, 0.0, 0.0, 1.0]}, {"left_foot_pose": [0.9999994319510537, -0.0010615226606009067, 9.626635735112493e-05, -0.06437016055171875, 0.0010658784489719685, 0.9959832695199698, -0.08953318233729775, 0.02935525339783661, -8.381794128145005e-07, 0.0895332340863033, 0.99598383520685, 0.0018172759492404433, 0.0, 0.0, 0.0, 1.0], "right_foot_pose": [0.9988382871130751, 0.048161950959788806, -0.0015819850710610322, -0.04283618084766282, -0.04818792584266465, 0.9982998819329051, -0.03279130274523504, -0.12402786181084687, 2.3949361923558813e-09, 0.03282944124554519, 0.9994609686163363, 5.706352793066749e-09, 0.0, 0.0, 0.0, 1.0]}, {"left_foot_pose": [0.9999972813737517, -0.002329008252958037, 0.00011386687185021012, -0.06518451387627187, 0.0023317901078025558, 0.9988042154233958, -0.04883341076915093, 0.0296640124511878, 2.7051000767185274e-09, 0.048833543523003814, 0.9988069308064436, 6.58585715129778e-09, 0.0, 0.0, 0.0, 1.0], "right_foot_pose": [0.9988382871083683, 0.04818611489879555, 0.0004177767110469964, -0.04283617986399567, -0.048187925940220824, 0.9988007474103004, 0.008659720908028825, -0.12402786128114777, 2.6154212918751186e-09, -0.008669792591823678, 0.999962416641953, 6.670027308253168e-09, 0.0, 0.0, 0.0, 1.0]}, {"left_foot_pose": [0.9999972813738117, -0.0023317535072574563, 1.3060167761358692e-05, -0.06518451244076613, 0.002331790082015564, 0.9999815908744003, -0.005601844992305726, 0.029664012658079476, 2.194372628513122e-09, 0.005601860216552705, 0.999984309457961, 6.086215177669718e-09, 0.0, 0.0, 0.0, 1.0], "right_foot_pose": [0.9988382871039422, 0.04812512956499303, 0.002459292503010869, -0.042836178318891124, -0.048187926031971126, 0.9975366410972402, 0.05097620477412168, -0.12402786090762465, 2.076556910253985e-09, -0.051035493264869704, 0.9986968401007443, 7.076374299030963e-09, 0.0, 0.0, 0.0, 1.0]}, {"left_foot_pose": [0.9999972813739555, -0.0023302893866230657, -8.364253608973384e-05, -0.06518451382192722, 0.00233179002040231, 0.9993537642605523, 0.0358694384339395, 0.02966401198527089, 2.311606658505135e-09, -0.03586953595518105, 0.9993564811369171, 5.387414639401733e-09, 0.0, 0.0, 0.0, 1.0], "right_foot_pose": [0.9988382871061694, 0.04798752470065532, 0.004390180396904541, -0.042836179966969444, -0.04818792598580434, 0.9946843694816213, 0.09099960932957983, -0.12402786146556805, 2.1804475675286114e-09, -0.09110544759811862, 0.9958412511128197, 6.118217453499053e-09, 0.0, 0.0, 0.0, 1.0]}, {"left_foot_pose": [0.9999972813740473, -0.0023256487429817786, -0.00016912255950641804, -0.06518451456140859, 0.002331789981080021, 0.9973636413262746, 0.0725281305141613, 0.02966401202505178, 1.7362184437320085e-09, -0.07252832769559331, 0.9973663527920329, 3.951919354261424e-09, 0.0, 0.0, 0.0, 1.0], "right_foot_pose": [0.9989132988797299, 0.04623417970650829, 0.0058840418150773585, -0.04364700746807124, -0.046607095162452115, 0.9909171673810366, 0.12613859865267343, -0.12369922478736108, 1.3165898865575732e-06, -0.12627576179302358, 0.9919951773984882, 0.0022503002770569366, 0.0, 0.0, 0.0, 1.0]}, {"left_foot_pose": [0.9999972813740527, -0.00231944727880656, -0.00023960138916141448, -0.06518451480213158, 0.00233178997871835, 0.9947041156960432, 0.10275351562281818, 0.02966401203698269, 1.1257259293804782e-09, -0.10275379497456265, 0.9947068199315448, 2.649545888244731e-09, 0.0, 0.0, 0.0, 1.0], "right_foot_pose": [0.9991457989242223, 0.04081772752355982, 0.006448690711279547, -0.046356379251640475, -0.04132399402240104, 0.9868930973062819, 0.15599468583015794, -0.12260110221587883, 3.1802317137819107e-06, -0.15612792065811168, 0.9877368436890772, 0.00871010817818317, 0.0, 0.0, 0.0, 1.0]}, {"left_foot_pose": [0.999997281374021, -0.002313122512213924, -0.000294463600389161, -0.06518451486314086, 0.002331789992359079, 0.9919916924238307, 0.12628160957770704, 0.0296640118875443, 6.113140698787146e-10, -0.1262819528925192, 0.9919943892853694, 1.6807198688351122e-09, 0.0, 0.0, 0.0, 1.0], "right_foot_pose": [0.9994538431753611, 0.032509991160924116, 0.005925861685647709, -0.0506006756528183, -0.03304565533527111, 0.9832254689341186, 0.17937575617330379, -0.12088087327058372, 5.046112968493295e-06, -0.17947361286272348, 0.9837627875969583, 0.016558463547239985, 0.0, 0.0, 0.0, 1.0]}, {"left_foot_pose": [0.9999972813739778, -0.002307787047604784, -0.00033371184762488477, -0.0651845147478234, 0.002331790010772623, 0.9897035299908618, 0.1431135405158211, 0.02966401165755711, 2.1845471206941996e-10, -0.1431139295895786, 0.9897062206318753, 1.0273610642763664e-09, 0.0, 0.0, 0.0, 1.0], "right_foot_pose": [0.9997464687410841, 0.02209610094135977, 0.004331346548297526, -0.05599729846007097, -0.022516620476845023, 0.9810197728142439, 0.1925959686748159, -0.1186936071798055, 6.483357946945945e-06, -0.19264466686279752, 0.981268583155136, 0.02291665873974469, 0.0, 0.0, 0.0, 1.0]}, {"left_foot_pose": [0.999997281373924, -0.0023046054839080798, -0.0003550187675528507, -0.0651845144060086, 0.0023317900338099516, 0.988339082002515, 0.15225117977101016, 0.02966401157760535, 1.8985068778905964e-11, -0.15225159368620686, 0.9883417689342141, 6.257243403973156e-10, 0.0, 0.0, 0.0, 1.0], "right_foot_pose": [0.99994505228264, 0.010293845629483628, 0.001982210287610287, -0.062163646731265336, -0.010482955988577906, 0.9817792767838647, 0.1897354982903639, -0.11619436950923033, 7.0149472305674985e-06, -0.18974585218103607, 0.9818332401843417, 0.025000007817762716, 0.0, 0.0, 0.0, 1.0]}, {"left_foot_pose": [0.9999972813739173, -0.0023034336792669904, -0.0003625438738269597, -0.06518451434449671, 0.00233179003669545, 0.9878365424937172, 0.15547838457253185, 0.029664011558493665, -6.059913605279172e-11, -0.15547880726113317, 0.9878392280592305, 5.215946494163681e-10, 0.0, 0.0, 0.0, 1.0], "right_foot_pose": [0.9999973372507895, -0.002270867464455225, -0.00041067297088729976, -0.06871709292148605, 0.0023076929760004234, 0.9845456269855242, 0.17511305758512039, -0.1135382342018317, 6.667732536830197e-06, -0.17511353901009508, 0.9845482458523303, 0.025000008871452192, 0.0, 0.0, 0.0, 1.0]}, {"left_foot_pose": [0.9999972813739331, -0.002304487247533822, -0.0003557854267774001, -0.06518451425942608, 0.002331790029988678, 0.988288375588106, 0.15257997716830077, 0.029664011534186893, -1.0125925901691476e-11, -0.1525803919773086, 0.9882910623819543, 6.708501185115345e-10, 0.0, 0.0, 0.0, 1.0], "right_foot_pose": [0.9998858872851217, -0.014929648627872954, -0.002306078900026666, -0.07527504055912425, 0.015106699717027435, 0.9882239475293595, 0.1522669273123648, -0.11088027445610381, 5.630671478921207e-06, -0.15228438896136962, 0.9883367163305012, 0.025000008786492216, 0.0, 0.0, 0.0, 1.0]}, {"left_foot_pose": [0.9999972813739706, -0.002307659993473612, -0.00033458933511932903, -0.06518451389033085, 0.0023317900138425255, 0.9896490385152672, 0.14348987184167056, 0.029664011691242373, 1.7708052645075977e-10, -0.14349026193844047, 0.9896517290081591, 1.149663565735981e-09, 0.0, 0.0, 0.0, 1.0], "right_foot_pose": [0.9996309493429967, -0.026966912823325494, -0.003278830339905064, -0.08145488982569064, 0.02716551304769816, 0.9923409107164654, 0.1205054