{"LoopMode": "Wrap", "FrameDuration": 0.0167, "EnableCycleOffsetPosition": true, "EnableCycleOffsetRotation": false, "Debug_info": [{"left_foot_pose": [1.0000000000000004, 1.1179010678118068e-13, -6.7244543267008834e-12, 9.639271186872638e-13, -4.441874509656741e-14, 0.9999503036057528, 0.009969469332113472, 3.8869948926212317e-14, 6.7248543120524e-12, -0.009969469332113642, 0.9999503036057529, 1.4350118315853422e-11, 0.0, 0.0, 0.0, 1.0], "right_foot_pose": [0.9999999999999998, -1.7072256648083605e-13, -6.7765237865557984e-12, 2.497943033401898e-15, 7.267393487663436e-14, 0.9998952178512714, -0.014475956554181059, -0.1400000000017169, 6.778057804719881e-12, 0.014475956554180908, 0.9998952178512712, 1.1981540759542497e-11, 0.0, 0.0, 0.0, 1.0]}, {"left_foot_pose": [1.0000000000000002, 1.8154160662800859e-13, -1.4973189355060874e-11, 2.5366163258905315e-12, -7.139586713252448e-14, 0.9999731064920353, 0.007333913871140723, 8.640553550431918e-13, 1.497367118605282e-11, -0.007333913871140897, 0.9999731064920354, 3.1122777965908455e-11, 0.0, 0.0, 0.0, 1.0], "right_foot_pose": [0.9999999999999998, -4.202100187204848e-13, -1.5064727243441208e-11, 5.659542960833205e-13, 1.6242607699448185e-13, 0.9998535777144245, -0.017112075609503244, -0.1400000000030333, 1.5069618558844833e-11, 0.01711207560950309, 0.9998535777144246, 2.7668145552439682e-11, 0.0, 0.0, 0.0, 1.0]}, {"left_foot_pose": [1.0000000000000002, 1.6736225644760087e-13, -2.6277702236399146e-11, 4.839313943289248e-12, -7.07826646211629e-14, 0.9999932920410705, 0.0036627684697655453, 2.3045506475360966e-12, 2.6277776660292605e-11, -0.0036627684697657192, 0.9999932920410705, 5.400703495528347e-11, 0.0, 0.0, 0.0, 1.0], "right_foot_pose": [1.0000000000000002, -8.654539618063704e-13, -2.643479879438359e-11, 1.5400749845858734e-12, 3.158847441124728e-13, 0.9997839678967034, -0.0207850315545478, -0.14000000000451718, 2.644705468200385e-11, 0.020785031554547643, 0.9997839678967033, 4.9452088257684323e-11, 0.0, 0.0, 0.0, 1.0]}, {"left_foot_pose": [1.0000000000000002, -3.1926291778833916e-14, -4.048128499078985e-11, 7.888023937288854e-12, -9.226647453767349e-15, 0.999999474918203, -0.0010247747651990914, 4.452858221037914e-12, 4.048101767459055e-11, 0.0010247747651989175, 0.9999994749182031, 8.28113064232916e-11, 0.0, 0.0, 0.0, 1.0], "right_foot_pose": [1.0, -1.603245280259363e-12, -4.0750181007354045e-11, 2.969765657739783e-12, 5.646164887305453e-13, 0.9996754181848551, -0.025476622164935906, -0.1400000000060289, 4.077763882648746e-11, 0.025476622164935757, 0.9996754181848553, 7.704743787417812e-11, 0.0, 0.0, 0.0, 1.0]}, {"left_foot_pose": [1.0000000000000007, -5.424162060080752e-13, -5.774303257766178e-11, 1.1778078552350766e-11, 1.5476081601741256e-13, 0.9999774272409716, -0.0067190035368747325, 7.473873950281096e-12, 5.7745264648891674e-11, 0.00671900353687456, 0.9999774272409715, 1.1800405097517341e-10, 0.0, 0.0, 0.0, 1.0], "right_foot_pose": [1.0, -2.7683099973225932e-12, -5.819444925947435e-11, 4.947666206018781e-12, 9.526188695524934e-13, 0.9995138359558936, -0.031178385665950634, -0.1400000000074347, 5.825249579893072e-11, 0.03117838566595048, 0.9995138359558935, 1.1078786499307824e-10, 0.0, 0.0, 0.0, 1.0]}, {"left_foot_pose": [1.0000000000000002, -1.5310939834126871e-12, -7.857026140811739e-11, 1.670238562512323e-11, 4.760121278005053e-13, 0.9999097994148987, -0.013431047392441095, 1.1632042551390498e-11, 7.85834407317793e-11, 0.013431047392440927, 0.9999097994148987, 1.6080321796341224e-10, 0.0, 0.0, 0.0, 1.0], "right_foot_pose": [1.0, -4.551168059729039e-12, -7.931116874360098e-11, 7.632676235350986e-12, 1.5418334225845123e-12, 0.9992814232402606, -0.03790299680657307, -0.140000000008585, 7.942640417081622e-11, 0.03790299680657292, 0.9992814232402608, 1.5171317674367302e-10, 0.0, 0.0, 0.0, 1.0]}, {"left_foot_pose": [1.0000000000000004, -3.2324256920791686e-12, -1.0382916748596923e-10, 2.2968460374470113e-11, 1.0312213438655713e-12, 0.999775328624118, -0.021196515622566015, 1.732240739737989e-11, 1.0387389922499394e-10, 0.021196515622565835, 0.9997753286241183, 2.1323461052435988e-10, 0.0, 0.0, 0.0, 1.0], "right_foot_pose": [1.0, -7.226318039039492e-12, -1.0501594038814229e-10, 1.1270767507774209e-11, 2.4208747845246466e-12, 0.9989557592755861, -0.04568797445867938, -0.14000000000928042, 1.0523639255149264e-10, 0.04568797445867925, 0.9989557592755862, 2.0160641905908605e-10, 0.0, 0.0, 0.0, 1.0]}, {"left_foot_pose": [1.0000000000000007, -5.985253399738281e-12, -1.3473461235591334e-10, 3.1016859618392525e-11, 1.9306179288859807e-12, 0.9995476175524877, -0.03007590805190717, 2.5106668480323613e-11, 1.3485337367133142e-10, 0.03007590805190698, 0.9995476175524878, 2.7817895209558685e-10, 0.0, 0.0, 0.0, 1.0], "right_foot_pose": [1.0, -1.1191105548222419e-11, -1.3659623432360483e-10, 1.6221030345459798e-11, 3.716851079595387e-12, 0.9985085155781624, -0.05459619325460955, -0.14000000000922355, 1.3700340492773819e-10, 0.054596193254609404, 0.9985085155781623, 2.6300463890072123e-10, 0.0, 0.0, 0.0, 1.0]}, {"left_foot_pose": [1.0000000000000007, -1.0280216117293286e-11, -1.7283252606858905e-10, 4.14455533072978e-11, 3.3325266373712605e-12, 0.9991935446482543, -0.04015296169970496, 3.575342973072271e-11, 1.7310576458557415e-10, 0.04015296169970478, 0.9991935446482545, 3.5943653609038506e-10, 0.0, 0.0, 0.0, 1.0], "right_foot_pose": [0.9999999999999998, -1.7016145124427126e-11, -1.7570106480846438e-10, 2.2989248402634546e-11, 5.610180163877691e-12, 0.997903829152932, -0.06471435514563974, -0.14000000000795912, 1.7643379944922127e-10, 0.06471435514563958, 0.9979038291529321, 3.3921327552421943e-10, 0.0, 0.0, 0.0, 1.0]}, {"left_foot_pose": [1.0000000000000004, -1.6810831736955334e-11, -2.198864423874622e-10, 5.502381022661569e-11, 5.458068765077109e-12, 0.9986714404575272, -0.05153012725084924, 5.025678484482654e-11, 2.204601654244801e-10, 0.05153012725084906, 0.9986714404575272, 4.616524454381654e-10, 0.0, 0.0, 0.0, 1.0], "right_foot_pose": [0.9999999999999996, -2.5498056224959653e-11, -2.2423923828895893e-10, 3.225862200149252e-11, 8.34858360235853e-12, 0.9970964803402733, -0.07614859744630127, -0.14000000000480164, 2.2552958685238522e-10, 0.07614859744630113, 0.9970964803402733, 4.341696169252174e-10, 0.0, 0.0, 0.0, 1.0]}, {"left_foot_pose": [1.0000000000000004, -2.6492008362172707e-11, -2.774376839376198e-10, 7.2641914751983e-11, 8.593247210737926e-12, 0.9979294461933197, -0.064318118911353, 6.974557389960445e-11, 2.7856675728695796e-10, 0.06431811891135282, 0.99792944619332, 5.896236901503649e-10, 0.0, 0.0, 0.0, 1.0], "right_foot_pose": [1.0, -3.766873268442031e-11, -2.839404267263033e-10, 4.487401363379525e-11, 1.2244553930424814e-11, 0.9960303629618819, -0.08901413403511742, -0.1399999999987769, 2.8616632356166074e-10, 0.08901413403511728, 0.9960303629618819, 5.517085954753753e-10, 0.0, 0.0, 0.0, 1.0]}, {"left_foot_pose": [1.0000000000000004, -4.033358731083665e-11, -3.455978281330367e-10, 9.508183418735213e-11, 1.3040983139635197e-11, 0.99690528569205, -0.07861203062670169, 9.508000636815339e-11, 3.476987670095474e-10, 0.07861203062670151, 0.9969052856920498, 7.460255260771653e-10, 0.0, 0.0, 0.0, 1.0], "right_foot_pose": [1.0, -5.462886647005864e-11, -3.551223759501451e-10, 6.167607720753115e-11, 1.76124015042271e-11, 0.9946386798385601, -0.10341129807234184, -0.13999999998868257, 3.588675362505627e-10, 0.10341129807234167, 0.99463867983856, 6.933717558443853e-10, 0.0, 0.0, 0.0, 1.0]}, {"left_foot_pose": [1.0000000000000004, -5.883414186106639e-11, -4.199238734514655e-10, 1.222894125628057e-10, 1.891575460706455e-11, 0.9955309601015877, -0.09443573200442724, 1.2559147125057457e-10, 4.236030414457172e-10, 0.09443573200442708, 0.9955309601015878, 9.24804614832464e-10, 0.0, 0.0, 0.0, 1.0], "right_foot_pose": [1.0, -7.680904914692667e-11, -4.334297365460311e-10, 8.287782753667983e-11, 2.452167398074e-11, 0.9928499147995669, -0.11936937078871158, -0.13999999997358126, 4.3949930977478866e-10, 0.1193693707887114, 0.9928499147995669, 8.523613898026028e-10, 0.0, 0.0, 0.0, 1.0]}, {"left_foot_pose": [1.0000000000000002, -7.999788699329522e-11, -4.837519274047949e-10, 1.5131222451675502e-10, 2.5504949116407948e-11, 0.9937516470511292, -0.1116139058682609, 1.5570445627277607e-10, 4.896577082970675e-10, 0.1116139058682607, 0.9937516470511291, 1.0934945449125877e-09, 0.0, 0.0, 0.0, 1.0], "right_foot_pose": [1.0, -1.0160243041623786e-10, -5.017497528569941e-10, 1.0618543697461321e-10, 3.2050885401021034e-11, 0.9906101816584199, -0.1367167436515092, -0.13999999995458182, 5.109289582343306e-10, 0.13671674365150904, 0.9906101816584197, 9.979343740251778e-10, 0.0, 0.0, 0.0, 1.0]}, {"left_foot_pose": [1.0000000000000007, -9.430175510690401e-11, -4.926919983105888e-10, 1.7127406119067044e-10, 2.971550268082384e-11, 0.9915822884820124, -0.1294780489842818, 1.6769357777390859e-10, 5.007544549045406e-10, 0.12947804898428164, 0.9915822884820126, 1.1538560107382523e-09, 0.0, 0.0, 0.0, 1.0], "right_foot_pose": [0.9999999999999999, -1.1742400971301663e-10, -5.136347458467576e-10, 1.2213733515494804e-10, 3.650764895311321e-11, 0.9879486819820935, -0.15478178759093097, -0.13999999993953932, 5.256198890681133e-10, 0.15478178759093086, 0.9879486819820938, 1.0419103912973071e-09, 0.0, 0.0, 0.0, 1.0]}, {"left_foot_pose": [0.9999999985393064, -5.343689129609686e-05, 8.11703568576286e-06, -3.178811445043858e-05, 5.404947620193124e-05, 0.9892197604221583, -0.1464385969237017, 1.3297274591896752e-05, -2.0430871126248272e-07, 0.1464385971485211, 0.9892197618654471, 0.00016386112855550083, 0.0, 0.0, 0.0, 1.0], "right_foot_pose": [1.0, -9.87088743276269e-11, -3.901614586965246e-10, 1.0593599596419033e-10, 3.023789586642691e-11, 0.9851431117468126, -0.17173540513769367, -0.14000000000737967, 4.013166591337857e-10, 0.17173540513769345, 0.9851431117468125, 7.805628920998231e-10, 0.0, 0.0, 0.0, 1.0]}, {"left_foot_pose": [0.999998835299647, -0.0015048178332011546, 0.00025479921362173255, -0.0008977461539301549, 0.001526236538438961, 0.9860930505271246, -0.16618714241522942, 0.0003755517989541095, -1.1743582771276564e-06, 0.1661873377408755, 0.9860941987321606, 0.004191209083706737, 0.0, 0.0, 0.0, 1.0], "right_foot_pose": [0.9999999999999998, -6.176587901696894e-11, -2.2149021505768435e-10, 8.907851692129788e-11, 1.9568485552739738e-11, 0.9826126114397724, -0.18566759501730848, -0.14000000017562086, 2.2910677559148752e-10, 0.1856675950173083, 0.9826126114397723, 4.0489735869675414e-10, 0.0, 0.0, 0.0, 1.0]}, {"left_foot_pose": [0.999988796589117, -0.004647753964787803, 0.0008972621318880991, -0.002784375969123704, 0.004733570681846934, 0.9819475968864445, -0.18909391919767757, 0.0011647904330494806, -2.2023815167117446e-06, 0.18909604795452645, 0.9819585961959549, 0.011469801956117465, 0.0, 0.0, 0.0, 1.0], "right_foot_pose": [0.9999999999999997, -2.3155871348553575e-11, -6.679218289562513e-11, 4.8180473066578944e-11, 9.643293073380316e-12, 0.980681479342393, -0.1956114415744016, -0.14000000018126357, 7.003117878075644e-11, 0.1956114415744015, 0.980681479342393, 1.7265040785918728e-10, 0.0, 0.0, 0.0, 1.0]}, {"left_foot_pose": [0.9999567213030532, -0.009091744336283453, 0.001973754232959485, -0.005472597504813123, 0.009303521407090135, 0.9772675814063572, -0.2118053795860668, 0.0022893656333727724, -3.205665288989656e-06, 0.2118145757899905, 0.9773098717769257, 0.019120926140910724, 0.0, 0.0, 0.0, 1.0], "right_foot_pose": [1.0, 1.1563253870038576e-12, 2.9264868306455576e-11, -2.9954836244570964e-11, 4.747730848327382e-12, 0.979604198352053, -0.20093684224410438, -0.14000000009420285, -2.8900574727059583e-11, 0.2009368422441042, 0.9796041983520529, 5.525869345435197e-11, 0.0, 0.0, 0.0, 1.0]}, {"left_foot_pose": [0.9998895331580987, -0.01446781681081236, 0.003406428864593964, -0.008743329714063372, 0.014863427087720244, 0.9733378934684388, -0.22889391357926359, 0.003657625159042041, -4.011084539556595e-06, 0.22891925959855805, 0.9734454132455301, 0.024265877739037003, 0.0, 0.0, 0.0, 1.0], "right_foot_pose": [0.9999999999999996, -1.030958853611548e-13, 3.81467635257593e-11, -1.0936851930420546e-10, 7.7757640749755e-12, 0.979552669666953, -0.20118789066031217, -0.14000000002408358, -3.734631630051058e-11, 0.20118789066031206, 0.9795526696669528, 5.880129716473448e-11, 0.0, 0.0, 0.0, 1.0]}, {"left_foot_pose": [0.9997786238125813, -0.020450263643660812, 0.0049487457326949915, -0.012377482486973897, 0.021040516816392147, 0.9717810119856726, -0.234944592183353, 0.005177912411591962, -4.418284376400717e-06, 0.2349967052130893, 0.9719961669263273, 0.025000001161707405, 0.0, 0.0, 0.0, 1.0], "right_foot_pose": [0.9999999999999996, -3.041062546084289e-11, -5.364714228406323e-11, -1.8446310829741988e-10, 1.930338032789753e-11, 0.9805950885765267, -0.19604405693515506, -0.1400000000330027, 5.856768632342631e-11, 0.19604405693515486, 0.9805950885765266, 2.4062765668908526e-10, 0.0, 0.0, 0.0, 1.0]}, {"left_foot_pose": [0.9996228468378786, -0.026693697069049248, 0.006450629157056585, -0.016155969494716777, 0.027462047627478395, 0.9716928407760582, -0.23464624251127747, 0.006758579666232984, -4.45445442652502e-06, 0.23473489242407244, 0.9720594273288121, 0.025000001053348445, 0.0, 0.0, 0.0, 1.0], "right_foot_pose": [0.9999999999999999, -8.417339731816831e-11, -2.4401169973486906e-10, -2.8312774356306074e-10, 3.742068446775964e-11, 0.9826241205113505, -0.1856066749588901, -0.1400000000076797, 2.55394746776665e-10, 0.18560667495888997, 0.9826241205113507, 6.0934902262888e-10, 0.0, 0.0, 0.0, 1.0]}, {"left_foot_pose": [0.999430123717324, -0.03286309155746333, 0.007710059640553675, -0.019859710975395222, 0.03375541126109814, 0.9730381841012226, -0.22816061117465222, 0.00830797776894981, -4.119377117301352e-06, 0.22829084408771705, 0.9735929798887983, 0.02491026989375051, 0.0, 0.0, 0.0, 1.0], "right_foot_pose": [0.9999999999999997, -1.5627123901340466e-10, -5.5071269766671e-10, -3.242082806683187e-10, 6.058376292896643e-11, 0.9855061927672634, -0.16963945300953465, -0.14000000004096325, 5.692402574526874e-10, 0.16963945300953445, 0.9855061927672633, 1.1874359065466855e-09, 0.0, 0.0, 0.0, 1.0]}, {"left_foot_pose": [0.9992176609242995, -0.03867304224496442, 0.008274170683029124, -0.023269620702168845, 0.03954827538309339, 0.9771219149941363, -0.20897056527754324, 0.009734451528302586, -3.346003857338289e-06, 0.20913430861939428, 0.9778869264629186, 0.021163832846958018, 0.0, 0.0, 0.0, 1.0], "right_foot_pose": [1.0, -2.336650696019029e-10, -9.929618238757582e-10, -1.5787256535707815e-10, 8.453445575811809e-11, 0.9890456560031602, -0.14760992629656866, -0.14000000042506355, 1.0165757592993594e-09, 0.14760992629656847, 0.9890456560031604, 2.0597755862050704e-09, 0.0, 0.0, 0.0, 1.0]}, {"left_foot_pose": [0.9990107771884036, -0.04375324804455846, 0.00794483146287107, -0.026166613406560055, 0.04446871997425322, 0.98294658636807, -0.17843357669231097, 0.010946357301137084, -2.296425202544258e-06, 0.17861036261345703, 0.9839198841175111, 0.013996811259813585, 0.0, 0.0, 0.0, 1.0], "right_foot_pose": [0.9999999999999998, -2.826266495179799e-10, -1.5326651614522272e-09, 8.203860936153057e-11, 9.769175220347173e-11, 0.992852915531516, -0.11934440967455583, -0.14000000075612806, 1.5554407598810322e-09, 0.11934440967455572, 0.9928529155315161, 3.235657769495859e-09, 0.0, 0.0, 0.0, 1.0]}, {"left_foot_pose": [0.9988403480314599, -0.04765866979071931, 0.006827176442167765, -0.028331611398731475, 0.04814518815932931, 0.9887504350644775, -0.14161432843081365, 0.011852049253482929, -1.223161136902896e-06, 0.14177880079048022, 0.9898983643005571, 0.00628790964665759, 0.0, 0.0, 0.0, 1.0], "right_foot_pose": [0.9999999999999998, -2.694480202484318e-10, -2.124412368242899e-09, 3.7340841450107684e-10, 8.786713473983048e-11, 0.9963797301806101, -0.08501431223749847, -0.1400000008818954, 2.1396282781840517e-09, 0.08501431223749832, 0.99637973018061, 4.585604937434873e-09, 0.0, 0.0, 0.0, 1.0]}, {"left_foot_pose": [0.9987388683372957, -0.04994728023608808, 0.005093335778892773, -0.029545531698806114, 0.050206303112517794, 0.9935868831150269, -0.10131353724720571, 0.01235987737652789, -3.359846130057983e-07, 0.10144148509749139, 0.9948415075282612, 0.0009158374621353327, 0.0, 0.0, 0.0, 1.0], "right_foot_pose": [0.9999999999999998, -1.6387600233539562e-10, -2.635569706921358e-09, 6.666339951855605e-10, 4.416233041278637e-11, 0.998970780645672, -0.04535834450436075, -0.14000000066723034, 2.640290000697224e-09, 0.04535834450436059, 0.9989707806456722, 5.767407884604836e-09, 0.0, 0.0, 0.0, 1.0]}, {"left_foot_pose": [0.9987232075133966, -0.050428330139123366, 0.002989697899923895, -0.029728463072182288, 0.05051687613217242, 0.9969726418690078, -0.059106654368004954, 0.012436407597040728, 2.8662113045640585e-09, 0.0591822176342825, 0.9982471963977105, 6.400319420285516e-09, 0.0, 0.0, 0.0, 1.0], "right_foot_pose": [1.0, -1.6866476834880106e-12, -2.8057214884746884e-09, 8.866596943563495e-10, -6.910122932915771e-12, 0.999995305840462, -0.0030640328067682997, -0.14000000046527813, 2.805713303779799e-09, 0.003064032806768147, 0.999995305840462, 6.272323389844292e-09, 0.0, 0.0, 0.0, 1.0]}, {"left_foot_pose": [0.9987232075165186, -0.05051025658652242, 0.0008177698218514151, -0.02972846294307781, 0.050516876070456775, 0.998592338869615, -0.016167435881889125, 0.012436407381845977, 2.6556808371191364e-09, 0.016188104598022408, 0.9998689640495522, 5.827173243933004e-09, 0.0, 0.0, 0.0, 1.0], "right_foot_pose": [1.0, 1.6030716982121357e-10, -2.5603109077287923e-09, 9.957021787661947e-10, -5.924892899563052e-11, 0.9992226356554111, 0.03942238442628162, -0.14000000058657072, 2.5646401015972547e-09, -0.039422384426281765, 0.9992226356554114, 6.067901875406179e-09, 0.0, 0.0, 0.0, 1.0]}, {"left_foot_pose": [0.9987232075188816, -0.050502711187868525, -0.0011962131383882197, -0.029728462817591752, 0.05051687602373826, 0.9984431684080753, 0.023649200748592634, 0.012436407240480243, 2.0807531107947964e-09, -0.023679434577702458, 0.9997196028777675, 4.5836078405026015e-09, 0.0, 0.0, 0.0, 1.0], "right_foot_pose": [0.9999999999407987, 1.084437760234819e-05, 8.954261853099471e-07, -1.2472827126402221e-05, -1.088119378618613e-05, 0.9969329434139418, 0.07826050228316786, -0.14000025452511294, -4.3993424417273806e-08, -0.07826050228827819, 0.996932943472922, 3.740370436666751e-05, 0.0, 0.0, 0.0, 1.0]}, {"left_foot_pose": [0.9987232075194489, -0.05043300838251162, -0.0029097126240233157, -0.02972846270064618, 0.05051687601252594, 0.9970651384622036, 0.05752525446517045, 0.012436407564943533, 1.3797086047105212e-09, -0.05759879624468754, 0.9983398112221933, 3.040594470649083e-09, 0.0, 0.0, 0.0, 1.0], "right_foot_pose": [0.9999993736686039, 0.0011119350945803452, 0.00012752546820193092, -0.0012831034144199823, -0.0011192238274976344, 0.9935529868030046, 0.11336317635304852, -0.14002620836440074, -6.508156054987893e-07, -0.11336324807967478, 0.9935536090138279, 0.003492990092820329, 0.0, 0.0, 0.0, 1.0]}, {"left_foot_pose": [0.99872320751913, -0.050335753325902455, -0.004273955991284528, -0.029728462675959473, 0.05051687601882728, 0.9951423967924328, 0.0844964812492891, 0.012436407586726856, 7.718809908568625e-10, -0.08460450368229182, 0.9964146114728917, 1.817178692242738e-09, 0.0, 0.0, 0.0, 1.0], "right_foot_pose": [0.9999927299675715, 0.0037719737464409976, 0.0005587719207516263, -0.004371484113226898, -0.003813136490238616, 0.9892535055003643, 0.14616073975369484, -0.14008930547758458, -1.452608267428375e-06, -0.14616180783397797, 0.9892606966460321, 0.010538498622948804, 0.0, 0.0, 0.0, 1.0]}, {"left_foot_pose": [0.9987232075185764, -0.05024042092531083, -0.005277771220413098, -0.029728462723374788, 0.05051687602977307, 0.9932576657418096, 0.10434200822930838, 0.012436407436506983, 3.0907388839527836e-10, -0.10447540165215977, 0.9945274709376412, 9.418280738637819e-10, 0.0, 0.0, 0.0, 1.0], "right_foot_pose": [0.9999698859950078, 0.007640199393311043, 0.0013617842565469775, -0.008897052617128021, -0.0077606119485730644, 0.9845065337112617, 0.17517607708251656, -0.1401817717844422, -2.305340227155225e-06, -0.1751813701084297, 0.9845361788992918, 0.018295210602395848, 0.0, 0.0, 0.0, 1.0]}, {"left_foot_pose": [0.9987232075182685, -0.05016898900741028, -0.005918387144943619, -0.029728462797391247, 0.05051687603586666, 0.9918454495286717, 0.11700704886819768, 0.012436407239102821, 9.803042367082295e-12, -0.11715663357762661, 0.9931134493142055, 3.9640357663017767e-10, 0.0, 0.0, 0.0, 1.0], "right_foot_pose": [0.9999202440354662, 0.012383002108938402, 0.0024833096511354793, -0.014479251715391082, -0.01262955101753968, 0.9804472462177551, 0.19637640343257948, -0.14029582990488107, -3.0246911102861546e-06, -0.19639210432904358, 0.9805254414588442, 0.023884420435447952, 0.0, 0.0, 0.0, 1.0]}, {"left_foot_pose": [0.9987232075184583, -0.050135521053426446, -0.006195505850563149, -0.02972846290231568, 0.05051687603210393, 0.9911837848271793, 0.12248571317352155, 0.012436407150181733, -1.1367518457729703e-10, -0.12264230193685455, 0.9924509387247464, 1.8261381296014179e-10, 0.0, 0.0, 0.0, 1.0], "right_foot_pose": [0.9998364028964141, 0.01770384100795227, 0.0037069470895184915, -0.02073751759615569, -0.01808777021992403, 0.9786525809094342, 0.20472410324086046, -0.14042369777404748, -3.410362180339869e-06, -0.20475766137770884, 0.9788126991899424, 0.025000004478280782, 0.0, 0.0, 0.0, 1.0]}, {"left_foot_pose": [0.9987232075191423, -0.05014453705564958, -0.006122104715775884, -0.02972846308412925, 0.050516876018577885, 0.9913620323856116, 0.1210345652348684, 0.01243640711774192, -6.792543272703329e-11, -0.12118929881695242, 0.9926294141583031, 2.53029659724735e-10, 0.0, 0.0, 0.0, 1.0], "right_foot_pose": [0.9997166661539106, 0.02329995977780564, 0.004868191498174514, -0.027291274714206625, -0.02380309648226968, 0.9786149086800219, 0.20431904734274797, -0.14055760123278857, -3.4591934976035316e-06, -0.20437703487316036, 0.9788922451447294, 0.025000004697950592, 0.0, 0.0, 0.0, 1.0]}, {"left_foot_pose": [0.9987232075201635, -0.05019407423757705, -0.0057017253589637775, -0.029728463216501137, 0.05051687599838769, 0.9923413878219993, 0.11272362332214318, 0.012436407096772618, 1.38333549271521e-10, -0.11286773200052137, 0.9936100216247111, 6.215041328805349e-10, 0.0, 0.0, 0.0, 1.0], "right_foot_pose": [0.9995664477383929, 0.028867168909610608, 0.005796819368802566, -0.03375996514061528, -0.029443446562450994, 0.9800238937267944, 0.19668820803265372, -0.140689766896255, -3.1897652374908102e-06, -0.19677361175654745, 0.9804489510964397, 0.024992554479592817, 0.0, 0.0, 0.0, 1.0]}, {"left_foot_pose": [0.9987232075212058, -0.05027611462310814, -0.004926160468315937, -0.029728463082967126, 0.05051687597779117, 0.993963334738848, 0.09739062807207771, 0.012436407401654657, 5.063772427635759e-10, -0.097515134688075, 0.9952340420759167, 1.3747386978790743e-09, 0.0, 0.0, 0.0, 1.0], "right_foot_pose": [0.999398574635025, 0.034126265509650054, 0.006155243280748005, -0.039763029627835664, -0.034676923318797105, 0.983541630800097, 0.17732278892524714, -0.1408124134734301, -2.5734385436140213e-06, -0.17742958740145462, 0.98413349780806, 0.02183779591318776, 0.0, 0.0, 0.0, 1.0]}, {"left_foot_pose": [0.9987232075216437, -0.05037408218519155, -0.003795602940213842, -0.029728462856873385, 0.0505168759691276, 0.9959001629885987, 0.07503939366494661, 0.012436407740904442, 1.0031937766964059e-09, -0.07513532593449378, 0.9971733464131091, 2.4806335874316687e-09, 0.0, 0.0, 0.0, 1.0], "right_foot_pose": [0.9992324860707261, 0.0387454841319816, 0.005764220701406908, -0.044919888522620605, -0.03917191312525109, 0.9883612812755352, 0.1469950301795607, -0.14091777179921824, -1.7389486950844756e-06, -0.1471080049989143, 0.9891204349634152, 0.014923781551023758, 0.0, 0.0, 0.0, 1.0]}, {"left_foot_pose": [0.9987232075215247, -0.050463311643627246, -0.0023257119073988673, -0.029728462704852642, 0.05051687597148193, 0.9976642373511891, 0.045979503613594916, 0.012436407971063004, 1.5763210577451172e-09, -0.04603828502918868, 0.9989396760123068, 3.8026770968202506e-09, 0.0, 0.0, 0.0, 1.0], "right_foot_pose": [0.9990923330215661, 0.042333226201310005, 0.004733714916698491, -0.0488499862211474, -0.04259706676169566, 0.9929064550766667, 0.11100568170317496, -0.1409980705142596, -9.074641114788938e-07, -0.11110656788181204, 0.993808497937455, 0.007129215800472127, 0.0, 0.0, 0.0, 1.0]}, {"left_foot_pose": [0.9987232075184458, -0.050513890236333125, -0.0005492333381177194, -0.029728462264761193, 0.050516876032352186, 0.9986641785204794, 0.01085835051693173, 0.012436407825368574, 2.1342671542855634e-09, -0.010872232209084324, 0.9999408955367275, 5.099356811810729e-09, 0.0, 0.0, 0.0, 1.0], "right_foot_pose": [0.9990039791810582, 0.04450433871921167, 0.003226982425982745, -0.051172763362324174, -0.04462117860776724, 0.9963885174611413, 0.07224176556011376, -0.14104553421728416, -2.5623113720598376e-07, -0.07231380301681282, 0.9973819298008061, 0.001332806876009833, 0.0, 0.0, 0.0, 1.0]}, {"left_foot_pose": [0.9987232075063252, -0.05049685715264984, 0.001422042890918979, -0.02972846011444162, 0.05051687627198229, 0.9983274266647525, -0.028113953486751077, 0.012436406936872403, 1.8733184485298426e-09, 0.028149894966745487, 0.9996037131850614, 6.07488768317177e-09, 0.0, 0.0, 0.0, 1.0], "right_foot_pose": [0.9989856930126793, 0.0450057042424429, 0.0014393545840838409, -0.05164045957036485, -0.04502871479375084, 0.9984751903971224, 0.031932882824031054, -0.1410550962167144, 2.037594769648953e-09, -0.03196530536491129, 0.9994889790552612, 5.393039667622723e-09, 0.0, 0.0, 0.0, 1.0]}, {"left_foot_pose": [0.9987232075001955, -0.05040225145044106, 0.0034011541054260884, -0.02972845830176484, 0.050516876393165676, 0.9964570611948985, -0.067241136176489, 0.012436406193322667, 6.288165609812269e-10, 0.06732709887967823, 0.9977309565992464, 6.537276553419957e-09, 0.0, 0.0, 0.0, 1.0], "right_foot_pose": [0.9989856930105249, 0.045026904375850406, -0.00040378535022162745, -0.05164045793264873, -0.04502871484154331, 0.9989455270353814, -0.008958172566034468, -0.1410550963639031, 7.899728444705985e-10, 0.008967268164379984, 0.9999597932425421, 4.936402051014532e-09, 0.0, 0.0, 0.0, 1.0]}, {"left_foot_pose": [0.9987232075125483, -0.05024194818669566, 0.005263213681178556, -0.029728461729226226, 0.050516876148950354, 0.9932878529368547, -0.10405424754543109, 0.012436407538090957, 1.896857102152102e-09, 0.10418727297755495, 0.9945576967423768, 5.209900240388254e-09, 0.0, 0.0, 0.0, 1.0], "right_foot_pose": [0.9989856930160428, 0.04497704426352452, -0.0021565339259415213, -0.051640460962838135, -0.04502871471912972, 0.9978393590162635, -0.047843792165294205, -0.14105509538950953, 2.072404787451871e-09, 0.04789236982369515, 0.9988525020805975, 4.5191459394078315e-09, 0.0, 0.0, 0.0, 1.0]}, {"left_foot_pose": [0.9989095379337298, -0.046244912221134145, 0.006414290193255775, -0.030638611142471232, 0.04668763236389294, 0.9894283108904285, -0.13730215800477782, 0.012137942838603064, 3.045933228959039e-06, 0.13745190323227433, 0.9905084423105888, 0.0028444575629562804, 0.0, 0.0, 0.0, 1.0], "right_foot_pose": [0.9989856930181477, 0.044876891162542565, -0.003694561494426897, -0.051640461708442005, -0.04502871467242637, 0.9956174113959142, -0.08196575492392126, -0.1410550954809667, 1.4885477809351325e-09, 0.08204897784180129, 0.9966282984318254, 3.25419408780947e-09, 0.0, 0.0, 0.0, 1.0]}, {"left_foot_pose": [0.9993538015945788, -0.035438269158631665, 0.006009019679165221, -0.03319137400461354, 0.035944112069955174, 0.9852582876092173, -0.16725467857389323, 0.01130083125480298, 6.779878037550829e-06, 0.16736258774407778, 0.9858954123930387, 0.009617038593226698, 0.0, 0.0, 0.0, 1.0], "right_foot_pose": [0.9989856930185599, 0.04475585059354973, -0.004949644621069812, -0.05164046205792981, -0.04502871466327926, 0.9929320623763115, -0.10981044741233785, -0.14105509540455424, 8.63630944185284e-10, 0.1099219420442191, 0.993940222879237, 2.1857380419487704e-09, 0.0, 0.0, 0.0, 1.0]}, {"left_foot_pose": [0.9998060907022074, -0.01932837435122485, 0.0037676172456045575, -0.03705123169614291, 0.01969215286955824, 0.981234159125992, -0.191811741245604, 0.010035099102784576, 1.0494399855705705e-05, 0.1918487396603048, 0.9814245060016697, 0.017439494893253416, 0.0, 0.0, 0.0, 1.0], "right_foot_pose": [0.998985693018016, 0.0446391150285677, -0.00591054606447548, -0.051640462118739114, -0.045028714675348865, 0.9903422210448328, -0.13112856313814106, -0.14105509519163836, 3.0362611715547637e-10, 0.13126170281332517, 0.9913477519894552, 1.402119517712741e-09, 0.0, 0.0, 0.0, 1.0]}, {"left_foot_pose": [0.9999997842510198, 0.0006398750968969097, -0.0001485186026876756, -0.0418825343593149, -0.0006567494090027489, 0.978497666346869, -0.20625684384753484, 0.00845081367519333, 1.3346488196182355e-05, 0.2062568968873353, 0.9784978754745869, 0.023433119843406375, 0.0, 0.0, 0.0, 1.0], "right_foot_pose": [0.9989856930171687, 0.04454611582595751, -0.006574854509997164, -0.051640461909552425, -0.045028714694150956, 0.9882789831285584, -0.14586660467487225, -0.14105509492342805, -1.376279338693016e-10, 0.14601470840707473, 0.9892824191952453, 9.002162557059101e-10, 0.0, 0.0, 0.0, 1.0]}, {"left_foot_pose": [0.9997195303459746, 0.023176540940217902, -0.004869147242657343, -0.047349624190245555, -0.023682492181223973, 0.9784867031610736, -0.20494611804340318, 0.0066580387981460334, 1.4453737301739532e-05, 0.20500395041808492, 0.9787611455835739, 0.025000008908318085, 0.0, 0.0, 0.0, 1.0], "right_foot_pose": [0.9989856930165905, 0.04449040157748904, -0.006941852464320771, -0.05164046152043364, -0.04502871470698034, 0.9870429319974884, -0.154008653151825, -0.14105509475239789, -4.152559388501366e-10, 0.15416502379358124, 0.9880451130584698, 6.846315597774932e-10, 0.0, 0.0, 0.0, 1.0]}, {"left_foot_pose": [0.9988493425687524, 0.04706282967640158, -0.009223931527377497, -0.053116822725417304, -0.047958217837879555, 0.9802561111780029, -0.1918279589632176, 0.004766846510932177, 1.3848688941307474e-05, 0.19204959401422697, 0.981385221636838, 0.0250000096165783, 0.0, 0.0, 0.0, 1.0], "right_foot_pose": [0.9989856930166116, 0.044477227356195206, -0.007025766493831856, -0.051640461254074184, -0.04502871470651281, 0.9867506546553206, -0.15587033197236666, -0.14105509471834052, -5.059767398002971e-10, 0.15602859284118917, 0.9877525389569995, 6.64367907909913e-10, 0.0, 0.0, 0.0, 1.0]}, {"left_foot_pose": [0.9974005718365012, 0.07100022849249557, -0.01229092568666121, -0.058848480877294634, -0.07205622221455664, 0.9828115527349706, -0.1699686813823159, 0.002887308418369516, 1.1848543944796526e-05, 0.17041249767751832, 0.9853728129469189, 0.02500000910598578, 0.0, 0.0, 0.0, 1.0], "right_foot_pose": [0.9989856930172915, 0.04450688866756378, -0.006835349873645489, -0.051640460962024376, -0.04502871469142833, 0.9874087071180806, -0.1516458372677565, -0.14105509470425823, -4.147398755323256e-10, 0.15179980885539346, 0.9884112595632781, 8.794448988491688e-10, 0.0, 0.0, 0.0, 1.0]}, {"left_foot_pose": [0.9955195693008051, 0.09371091084764921, -0.012611594952429445, -0.06420894634975963, -0.09455573525270203, 0.9866367199326354, -0.1326921090773374, 0.0011294873227546912, 8.36427305084221e-06, 0.13329008991172236, 0.9910770665600962, 0.022459728511821563, 0.0, 0.0, 0.0, 1.0], "right_foot_pose": [0.9989856930178912, 0.04460700069197459, -0.006148222086889327, -0.0516404605164401, -0.04502871467811991, 0.9896297470973264, -0.13640153413550113, -0.14105509516290904, 1.4137778900658817e-10, 0.13654002764518522, 0.9906345546419487, 1.4365052550258106e-09, 0.0, 0.0, 0.0, 1.0]}, {"left_foot_pose": [0.9934750450934156, 0.11355981342684662, -0.010559524188897397, -0.06886253990330735, -0.11404970299658171, 0.989211562140477, -0.09194101682051185, -0.00039653840975222704, 4.798701947231653e-06, 0.09254541642922125, 0.9957084642981174, 0.015838564331434955, 0.0, 0.0, 0.0, 1.0], "right_foot_pose": [0.9989856930192097, 0.0447106858075436, -0.005342257720105071, -0.05164046014786617, -0.04502871464886488, 0.9919300574902276, -0.11852078258476408, -0.1410550955038149, 5.356198583860409e-10, 0.11864112112607883, 0.9929372006214426, 2.3119915704139515e-09, 0.0, 0.0, 0.0, 1.0]}, {"left_foot_pose": [0.9916254852439337, 0.12897591710688402, -0.006641522504087455, -0.07247361543254505, -0.12914680410737606, 0.9903141205408718, -0.05098083606818301, -0.0015806933558478332, 1.8934309178461118e-06, 0.05141162771006333, 0.9986775478264333, 0.007998178070215328, 0.0, 0.0, 0.0, 1.0], "right_foot_pose": [0.9989856930199464, 0.044826593964439256, -0.0042616446360967675, -0.05164046001577956, -0.04502871463252164, 0.9945015419427169, -0.09454680286557314, -0.1410550957493343, 1.0191190233939188e-09, 0.09464279976366875, 0.9955112959946232, 3.3238698321502724e-09, 0.0, 0.0, 0.0, 1.0]}, {"left_foot_pose": [0.9903669955242521, 0.1384546399654929, -0.0018779904932010242, -0.07470652025692229, -0.13846737585514254, 0.9902759274628032, -0.013430313156298255, -0.0023129073755761703, 2.396047416831069e-07, 0.013560979305027216, 0.9999080456923186, 0.0018172764631596491, 0.0, 0.0, 0.0, 1.0], "right_foot_pose": [0.9989856930193445, 0.04493279165670911, -0.002937580057550714, -0.051640460195034134, -0.04502871464587611, 0.9968575932613851, -0.0651717240408701, -0.14105509575097452, 1.4879454262615406e-09, 0.0652378953603948, 0.9978697394995731, 4.203456013818219e-09, 0.0, 0.0, 0.0, 1.0]}, {"left_foot_pose": [0.9900322770252366, 0.14081282092856146, 0.0027999839940664566, -0.0752755446807246, -0.14084065623329817, 0.9898366099440289, 0.019682356725940434, -0.002499495687071678, 1.5085174454868789e-09, -0.019880520029772995, 0.9998023629314681, 5.320551589582667e-09, 0.0, 0.0, 0.0, 1.0], "right_foot_pose": [0.9989856930129931, 0.04500530056782246, -0.0014519215368039393, -0.05164046165340149, -0.04502871478677873, 0.9984662374506242, -0.03221160529753381, -0.1410550958795674, 1.6557383168649762e-09, 0.03224431100199122, 0.9994800170128499, 4.317732837932908e-09, 0.0, 0.0, 0.0, 1.0]}, {"left_foot_pose": [0.990032277025905, 0.14064647140842199, 0.007393275814040637, -0.07527554676225293, -0.14084065622859923, 0.9886672644855184, 0.051970661798938604, -0.002499496965230979, 4.2412637574744893e-10, -0.05249390645667506, 0.9986212444089697, 5.926452287252637e-09, 0.0, 0.0, 0.0, 1.0], "right_foot_pose": [0.9989856930055051, 0.04502864002414994, 8.214551681092036e-05, -0.05164046381218418, -0.045028714952909804, 0.9989840306484123, 0.0018224541535902929, -0.14105509636422475, 5.725590372914339e-10, -0.0018243045326564464, 0.9999983359551013, 3.982133546520661e-09, 0.0, 0.0, 0.0, 1.0]}, {"left_foot_pose": [0.9900322770222353, 0.14035244227729643, 0.011716757271834504, -0.07527554382842801, -0.1408406562543956, 0.9866004007967285, 0.0823623621174506, -0.0024994956093297143, 1.2544810204802757e-09, -0.08319159269140827, 0.9965335713890764, 4.332802415463188e-09, 0.0, 0.0, 0.0, 1.0], "right_foot_pose": [0.9989856930129628, 0.045002388405065964, 0.0015395431952414237, -0.05164046103485348, -0.04502871478746002, 0.9984016273377128, 0.03415560530859516, -0.14105509583553802, 1.384821633820747e-09, -0.03419028469092581, 0.9994153413034808, 4.031134488713395e-09, 0.0, 0.0, 0.0, 1.0]}, {"left_foot_pose": [0.9900322770178333, 0.13999356833387455, 0.0154237248430457, -0.07527554300818852, -0.1408406562853394, 0.9840777144195297, 0.10842030031294786, -0.002499494871106349, 8.2925962140772e-10, -0.10951188432304426, 0.9939854864091413, 2.738820129022379e-09, 0.0, 0.0, 0.0, 1.0], "right_foot_pose": [0.9988462923920827, 0.047924511632076144, 0.003053745146033497, -0.05280259599431959, -0.04802170522818058, 0.9968263333846333, 0.06349154981511511, -0.14117912133455573, -1.2520593586680598e-06, -0.0635649451802999, 0.9979777040308355, 0.0022503004721071626, 0.0, 0.0, 0.0, 1.0]}, {"left_foot_pose": [0.9900322770187551, 0.13963246719955857, 0.0184082743575809, -0.07527554291175281, -0.1408406562788589, 0.9815393726041113, 0.12940003696625535, -0.002499494710727329, 3.5364780401267997e-10, -0.130702846685496, 0.9914215883610306, 1.6243179787323037e-09, 0.0, 0.0, 0.0, 1.0], "right_foot_pose": [0.9983154496066582, 0.057771784192739414, 0.0053557471787735135, -0.05668586240031802, -0.05801950589268818, 0.9940586632269193, 0.0920929476098918, -0.1415935678373994, -3.5529861211357354e-06, -0.0922485502037703, 0.9957360116881775, 0.0087101086298619, 0.0, 0.0, 0.0, 1.0]}, {"left_foot_pose": [0.9900322770207772, 0.13932701330014297, 0.020593052758588963, -0.07527554297349873, -0.140840656264646, 0.9793922003437371, 0.14475782344591112, -0.002499494769886856, -6.048113780611171e-11, -0.14621525662773927, 0.9892527981912843, 8.65573918096274e-10, 0.0, 0.0, 0.0, 1.0], "right_foot_pose": [0.9972827288926662, 0.07313537906623736, 0.008852964544991864, -0.06276909084485317, -0.07366925146644421, 0.9900659465922705, 0.11975918664856276, -0.14224281506544395, -6.385210178309627e-06, -0.12008595974213347, 0.9927634976327644, 0.016558463453414128, 0.0, 0.0, 0.0, 1.0]}, {"left_foot_pose": [0.9900322770222891, 0.13912248370851465, 0.02193228170610256, -0.0752755431418862, -0.14084065625401535, 0.9779544703137073, 0.1541718636437121, -0.0024994949127737677, -3.505791784838048e-10, -0.1557240781645897, 0.9878005929740018, 4.0304797693790917e-10, 0.0, 0.0, 0.0, 1.0], "right_foot_pose": [0.9956154086805975, 0.09255108148081886, 0.013574067721099604, -0.07050391057490997, -0.09354120970202859, 0.9850911916863664, 0.1443793134400326, -0.1430683360503521, -9.23294507639916e-06, -0.14501600387083127, 0.9894293095194259, 0.0229166580986752, 0.0, 0.0, 0.0, 1.0]}, {"left_foot_pose": [0.9900322770249743, 0.13908791317539507, 0.022150459527049804, -0.07527554335432497, -0.14084065623514275, 0.9777114584725397, 0.15570553465678177, -0.0024994950625988853, -2.0475844959423621e-10, -0.15727319027734446, 0.987555134470976, 3.0537104095396117e-10, 0.0, 0.0, 0.0, 1.0], "right_foot_pose": [0.993225668200578, 0.11468514176638081, 0.018710699760828186, -0.07934194983872501, -0.11620142813523293, 0.9802808866133683, 0.15983307367325525, -0.14401159923698534, -1.1262637527449067e-05, -0.16092452143328922, 0.9869667158899634, 0.025000007020920006, 0.0, 0.0, 0.0, 1.0]}, {"left_foot_pose": [0.9900322770224699, 0.13916750585142343, 0.021644763080224283, -0.07527554358855408, -0.14084065625274883, 0.9782709509469548, 0.1521507675946346, -0.002499495085834769, -1.2198795656248793e-10, -0.15368263352908682, 0.9881202599641227, 4.1486294954928837e-10, 0.0, 0.0, 0.0, 1.0], "right_foot_pose": [0.9901206929483618, 0.13813943752762245, 0.024052218089146576, -0.08873481080907743, -0.14021773512102856, 0.9754603159779379, 0.16975322886399127, -0.14501407542593842, -1.2368703439915212e-05, -0.17144873213813425, 0.9851930430607196, 0.025000007125407425, 0.0, 0.0, 0.0, 1.0]}, {"left_foot_pose": [0.9900322770188013, 0.13937659841357278, 0.02025473464723909, -0.07527554378534554, -0.14084065627853462, 0.9797407561150845, 0.1423796345903254, -0.002499495112944657, 1.1437035283488542e-10, -0.14381312395502957, 0.9896048632551763, 8.00520469357302e-10, 0.0, 0.0, 0.0, 1.0], "right_foot_pose": [0.9864323695067505, 0.16157245795408504, 0.029077847581498433, -0.09813412312658464, -0.1641681462257067, 0.9708491210505071, 0.17464479356760898, -0.14601724121790866, -1.2414200936242375e-05, -0.17704893387460227, 0.9842020498148509, 0.025000006284770476, 0.0, 0.0, 0.0, 1.0]}, {"left_foot_pose": [0.9900322770147721, 0.13969365798226305, 0.017938015176746973, -0.07527554367565484, -0.14084065630685835, 0.9819695097815114, 0.12609437493604622, -0.0024994948872265107, 5.162397217760277e-10, -0.12736390296702382, 0.9918560562001967, 1.5040990050674274e-09, 0.0, 0.0, 0.0, 1.0], "right_foot_pose": [0.982426554343699, 0.1838058048217158, 0.03245753278067439, -0.10699151530111867, -0.1866495786146219, 0.9674687483754225, 0.17078101686041536, -0.14696256588201065, -1.110636237359569e-05, -0.17383799075787434, 0.984774264918572, 0.023024936