{"LoopMode": "Wrap", "FrameDuration": 0.0167, "EnableCycleOffsetPosition": true, "EnableCycleOffsetRotation": false, "Debug_info": [{"left_foot_pose": [1.0000000000000007, 1.2550366136774341e-13, -7.670086787925361e-12, 1.1295254024689165e-12, -4.992336349175746e-14, 0.9999518769810257, 0.00981038847979308, 1.2100043189633425e-13, 7.670488362813902e-12, -0.009810388479793252, 0.9999518769810258, 1.6299447902490272e-11, 0.0, 0.0, 0.0, 1.0], "right_foot_pose": [0.9999999999999999, -1.9533882296933835e-13, -7.726486117576313e-12, 2.1358570475272832e-14, 8.230908837877763e-14, 0.9998929019840873, -0.014635045672640363, -0.14000000000188198, 7.728243787370268e-12, 0.014635045672640212, 0.9998929019840874, 1.3789150377085946e-11, 0.0, 0.0, 0.0, 1.0]}, {"left_foot_pose": [1.0000000000000007, 1.9817264723940622e-13, -1.7076062786003383e-11, 2.9529163969295082e-12, -7.838096091491231e-14, 0.9999755298017723, 0.006995698511620902, 1.1098674063125813e-12, 1.707671452989934e-11, -0.006995698511621073, 0.9999755298017727, 3.541262422190883e-11, 0.0, 0.0, 0.0, 1.0], "right_foot_pose": [0.9999999999999998, -4.860569022731644e-13, -1.71769820589418e-11, 6.682208963819444e-13, 1.8630732882811664e-13, 0.9998477303485978, -0.017450390160614993, -0.14000000000333596, 1.7182709458966603e-11, 0.017450390160614844, 0.9998477303485978, 3.1758803920034495e-11, 0.0, 0.0, 0.0, 1.0]}, {"left_foot_pose": [1.0000000000000004, 1.6428908839123943e-13, -2.996225489937389e-11, 5.622932993235216e-12, -7.181243040342418e-14, 0.9999952709470691, 0.0030753997299644924, 2.814016381025297e-12, 2.996216865880634e-11, -0.003075399729964667, 0.999995270947069, 6.150654985326298e-11, 0.0, 0.0, 0.0, 1.0], "right_foot_pose": [1.0, -1.010806405444128e-12, -3.013922444949912e-11, 1.7863294167812504e-12, 3.6648494752016624e-13, 0.9997715762622519, -0.02137277001449418, -0.14000000000496665, 3.0153817742034356e-11, 0.02137277001449403, 0.9997715762622521, 5.668496227961839e-11, 0.0, 0.0, 0.0, 1.0]}, {"left_foot_pose": [1.0000000000000002, -9.898318844416631e-14, -4.614619797393972e-11, 9.162579849151925e-12, 1.0266295997334943e-14, 0.9999981381331623, -0.0019296969217513862, 5.346776840720047e-12, 4.614610623318283e-11, 0.0019296969217512123, 0.9999981381331623, 9.436315617783464e-11, 0.0, 0.0, 0.0, 1.0], "right_foot_pose": [1.0, -1.8875138478699955e-12, -4.6456005708961344e-11, 3.4338942175749324e-12, 6.612953215149762e-13, 0.9996519212058387, -0.026382502335365102, -0.14000000000660565, 4.6489523393104385e-11, 0.026382502335364957, 0.9996519212058389, 8.823543978797588e-11, 0.0, 0.0, 0.0, 1.0]}, {"left_foot_pose": [1.0000000000000007, -7.450389911191514e-13, -6.580563871594336e-11, 1.3687933384001825e-11, 2.1832375549471364e-13, 0.9999679289149491, -0.00800881648860763, 8.90666013164676e-12, 6.580904940916944e-11, 0.008008816488607457, 0.9999679289149492, 1.345208805458853e-10, 0.0, 0.0, 0.0, 1.0], "right_foot_pose": [1.0, -3.2796246579510826e-12, -6.633421589796737e-11, 5.725422437676014e-12, 1.124075728485392e-12, 0.9994727028554689, -0.03247023632164733, -0.14000000000808788, 6.640548713845541e-11, 0.032470236321647195, 0.9994727028554689, 1.2678692123957447e-10, 0.0, 0.0, 0.0, 1.0]}, {"left_foot_pose": [1.0000000000000004, -1.9771863294551817e-12, -8.951372976184756e-11, 1.9429410343337685e-11, 6.190731258783708e-13, 0.999884878451509, -0.01517332672856917, 1.3808974796969409e-11, 8.953308823216386e-11, 0.015173326728568989, 0.9998848784515093, 1.8337881213525975e-10, 0.0, 0.0, 0.0, 1.0], "right_foot_pose": [1.0, -5.417769247832995e-12, -9.039108350705756e-11, 8.854116965008333e-12, 1.8296462559315056e-12, 0.9992136653565135, -0.03964909790653465, -0.14000000000922586, 9.053470276594032e-11, 0.039649097906534495, 0.9992136653565131, 1.7352531911374314e-10, 0.0, 0.0, 0.0, 1.0]}, {"left_foot_pose": [1.0000000000000004, -4.0808068583234226e-12, -1.1825307399959678e-10, 2.6752859258802807e-11, 1.3057363190494722e-12, 0.9997247624472205, -0.023460591421561486, 2.0522212401674622e-11, 1.1831598050773586e-10, 0.02346059142156131, 0.9997247624472207, 2.432685303199733e-10, 0.0, 0.0, 0.0, 1.0], "right_foot_pose": [0.9999999999999999, -8.633955711735395e-12, -1.196690524452037e-10, 1.3117479092597363e-11, 2.8849297717460708e-12, 0.9988493233066279, -0.04795862101740838, -0.1400000000097684, 1.1994537175528518e-10, 0.04795862101740824, 0.998849323306628, 2.304895926896755e-10, 0.0, 0.0, 0.0, 1.0]}, {"left_foot_pose": [1.0000000000000004, -7.467988141703779e-12, -1.534027904703804e-10, 3.618243888233382e-11, 2.4120572170171276e-12, 0.999457515968614, -0.03293438588843708, 2.971049795075231e-11, 1.5356504557914375e-10, 0.03293438588843689, 0.9994575159686143, 3.1751715146022264e-10, 0.0, 0.0, 0.0, 1.0], "right_foot_pose": [1.0, -1.3408762527523944e-11, -1.5563472732793563e-10, 1.8950081513802964e-11, 4.443082959642731e-12, 0.9983475056776665, -0.05746527566436792, -0.14000000000934407, 1.5614784217716684e-10, 0.05746527566436776, 0.9983475056776664, 3.005901916264264e-10, 0.0, 0.0, 0.0, 1.0]}, {"left_foot_pose": [1.0000000000000002, -1.2735017179648475e-11, -1.9672247164592684e-10, 4.8431628204046197e-11, 4.129745083020273e-12, 0.999045435547308, -0.04368315135255626, 4.228098947345327e-11, 1.9709078052750042e-10, 0.04368315135255608, 0.9990454355473082, 4.1054230848214246e-10, 0.0, 0.0, 0.0, 1.0], "right_foot_pose": [1.0, -2.043304394465887e-11, -2.0017321133991562e-10, 2.6966708356494324e-11, 6.72145934742865e-12, 0.9976675071570498, -0.06826086113607326, -0.140000000007389, 2.0110082592571195e-10, 0.0682608611360731, 0.9976675071570499, 3.876400520019807e-10, 0.0, 0.0, 0.0, 1.0]}, {"left_foot_pose": [1.0000000000000002, -2.072536783460199e-11, -2.502387186353868e-10, 6.442458720834892e-11, 6.726251893289893e-12, 0.9984411101433911, -0.055815316675924605, 5.940606513654689e-11, 2.510052192071234e-10, 0.05581531667592442, 0.9984411101433912, 5.278144310505439e-10, 0.0, 0.0, 0.0, 1.0], "right_foot_pose": [0.9999999999999998, -3.0674057173175494e-11, -2.554877420735123e-10, 3.8004765742689233e-11, 1.0018659861078154e-11, 0.9967580020013833, -0.0804579731674288, -0.14000000000306256, 2.571272437672034e-10, 0.08045797316742866, 0.9967580020013832, 4.962363159277672e-10, 0.0, 0.0, 0.0, 1.0]}, {"left_foot_pose": [1.0000000000000004, -3.2556784913175963e-11, -3.157787364926884e-10, 8.524855962060655e-11, 1.0548130664431365e-11, 0.9975855283606326, -0.0694486400546351, 8.24217239597802e-11, 3.1727706577307004e-10, 0.06944864005463491, 0.997585528360633, 6.75177219688905e-10, 0.0, 0.0, 0.0, 1.0], "right_foot_pose": [1.0, -4.539471169902719e-11, -3.236357293268097e-10, 5.311804856374929e-11, 1.4713207447003624e-11, 0.9955552380218619, -0.09417944599133188, -0.13999999999518212, 3.264722454471095e-10, 0.09417944599133171, 0.9955552380218621, 6.310167874334915e-10, 0.0, 0.0, 0.0, 1.0]}, {"left_foot_pose": [1.0000000000000002, -4.9484791320920105e-11, -3.936909687141102e-10, 1.1191068627629739e-10, 1.5967222608008954e-11, 0.9964076807941256, -0.08468608890764161, 1.1237146803344533e-10, 3.9646731694853473e-10, 0.0846860889076414, 0.9964076807941257, 8.564895459528543e-10, 0.0, 0.0, 0.0, 1.0], "right_foot_pose": [1.0, -6.597637764628974e-11, -4.0522218913707733e-10, 7.340765048886703e-11, 2.1193818085936327e-11, 0.9939830327450447, -0.10953415273312463, -0.13999999998230078, 4.1001052126687157e-10, 0.10953415273312447, 0.9939830327450451, 7.943671692656196e-10, 0.0, 0.0, 0.0, 1.0]}, {"left_foot_pose": [1.0000000000000004, -7.222035019851975e-11, -4.795134844748349e-10, 1.4454859321968063e-10, 2.314785068437424e-11, 0.9948294086892294, -0.10156006895940632, 1.4859097112462916e-10, 4.843687273943472e-10, 0.10156006895940614, 0.9948294086892295, 1.0666026256656025e-09, 0.0, 0.0, 0.0, 1.0], "right_foot_pose": [0.9999999999999998, -9.309421730607158e-11, -4.959194166431752e-10, 9.934442221594242e-11, 2.9581838109377954e-11, 0.9919588743266339, -0.12656062438467022, -0.13999999996329937, 5.037137383840588e-10, 0.12656062438467006, 0.9919588743266339, 9.799961814271896e-10, 0.0, 0.0, 0.0, 1.0]}, {"left_foot_pose": [1.0000000000000004, -9.866643167101118e-11, -5.557417859236562e-10, 1.8016291274745824e-10, 3.13188859821747e-11, 0.9927854000209646, -0.11990475180414624, 1.849275975407405e-10, 5.635626733532976e-10, 0.11990475180414606, 0.9927854000209649, 1.2721267234061528e-09, 0.0, 0.0, 0.0, 1.0], "right_foot_pose": [0.9999999999999999, -1.2402887907511187e-10, -5.777524014760608e-10, 1.2867425121278418e-10, 3.8886038547523043e-11, 0.9894173795838768, -0.14509737756890936, -0.13999999993948775, 5.896344738330604e-10, 0.14509737756890922, 0.9894173795838769, 1.1560516849362656e-09, 0.0, 0.0, 0.0, 1.0]}, {"left_foot_pose": [1.0000000000000002, -1.1806461665349533e-10, -5.7479981885322e-10, 2.070077974627127e-10, 3.6983767220832196e-11, 0.9902833815216098, -0.1390641013422472, 2.0161262936913005e-10, 5.856330438113313e-10, 0.13906410134224703, 0.9902833815216098, 1.3671937262871303e-09, 0.0, 0.0, 0.0, 1.0], "right_foot_pose": [0.9999999999999999, -1.457729705513903e-10, -6.008302744220364e-10, 1.510888296070082e-10, 4.4959673671246234e-11, 0.986379498297639, -0.16448551710742926, -0.1399999999201434, 6.166241355922204e-10, 0.16448551710742904, 0.9863794982976389, 1.2278079039584888e-09, 0.0, 0.0, 0.0, 1.0]}, {"left_foot_pose": [0.9999999946998088, 0.00010160812043119962, -1.661845578204897e-05, -3.1918068916913356e-05, -0.00010295730615001526, 0.9875375518083639, -0.1573835225432998, -2.8334967417976975e-06, 4.1990522505358706e-07, 0.1573835234201282, 0.9875375570355241, 0.00016386117633777203, 0.0, 0.0, 0.0, 1.0], "right_foot_pose": [1.0, -1.294850684061374e-10, -4.809875275846301e-10, 7.170407973563167e-11, 3.932119118223368e-11, 0.9831289093408158, -0.18291404434416228, -0.13999999997938245, 4.965572540157552e-10, 0.18291404434416206, 0.9831289093408161, 9.700066930240503e-10, 0.0, 0.0, 0.0, 1.0]}, {"left_foot_pose": [0.9999957740280438, 0.002861258485755832, -0.0005149038081176389, -0.0009014175692265823, -0.0029072186724637865, 0.9843309319285866, -0.17630701780754943, -8.00067313845923e-05, 2.375794497729589e-06, 0.1763077696770018, 0.9843350904777691, 0.004191209426415654, 0.0, 0.0, 0.0, 1.0], "right_foot_pose": [1.0, -9.034800220044135e-11, -2.928188247430791e-10, -1.6858936495471656e-10, 3.046175474902155e-11, 0.9801243513764338, -0.1983841118611191, -0.14000000012487215, 3.049222577853928e-10, 0.1983841118611189, 0.9801243513764339, 5.622207630007203e-10, 0.0, 0.0, 0.0, 1.0]}, {"left_foot_pose": [0.9999593502599936, 0.008842192932023886, -0.0017644975955800086, -0.0027957637971176646, -0.009016529755526607, 0.9807187192527915, -0.19521653592442648, -0.0002481321185486829, 4.333547896536751e-06, 0.19522451006807004, 0.9807585791875101, 0.011469803073979982, 0.0, 0.0, 0.0, 1.0], "right_foot_pose": [0.9999999999999998, -3.9362890897713465e-11, -8.015227370705677e-11, -2.768490725254865e-10, 2.1664494565743623e-11, 0.9777287211825038, -0.2098726942096708, -0.14000000010630653, 8.662832408566849e-11, 0.2098726942096707, 0.9777287211825039, 2.973208693135554e-10, 0.0, 0.0, 0.0, 1.0]}, {"left_foot_pose": [0.9998429732490237, 0.017321923957576413, -0.0037389563999202756, -0.005494982293661932, -0.017720857983560632, 0.9774065819812402, -0.21062370401281214, -0.0004876849292735144, 6.072810449781933e-06, 0.21065688797226195, 0.9775600623557429, 0.019120927844315024, 0.0, 0.0, 0.0, 1.0], "right_foot_pose": [1.0, 3.4506552710972587e-12, 9.467815420549639e-11, -2.634045947307465e-10, 1.715664668435372e-11, 0.976218366536615, -0.21678953119692754, -0.13999999997355836, -9.317477855200702e-11, 0.21678953119692737, 0.9762183665366149, 1.666791080157104e-10, 0.0, 0.0, 0.0, 1.0]}, {"left_foot_pose": [0.999599209824414, 0.027630648723419252, -0.006161734295728332, -0.008779098051353526, -0.02830935650677495, 0.9756898252266335, -0.21731991460378167, -0.0007791451046359026, 7.251237071300339e-06, 0.21740724964992675, 0.9760809842154876, 0.02426587985169243, 0.0, 0.0, 0.0, 1.0], "right_foot_pose": [0.9999999999999998, 2.1240394010414156e-11, 1.9036605625188927e-10, -1.0544301082901072e-10, 2.0913323805262596e-11, 0.9757848495388817, -0.2187325476703968, -0.13999999982953504, -1.9040254035133235e-10, 0.21873254767039665, 0.9757848495388814, 1.7484097503128737e-10, 0.0, 0.0, 0.0, 1.0]}, {"left_foot_pose": [0.9991968550928502, 0.03916551871961401, -0.008467993622027742, -0.012428121455320497, -0.04007049682150086, 0.9766701402324819, -0.21097344018322228, -0.0011029947599318496, 7.552297475954863e-06, 0.2111433146507108, 0.9774551143767551, 0.02500000365013747, 0.0, 0.0, 0.0, 1.0], "right_foot_pose": [1.0, 3.850368916875125e-12, 1.8047524585895755e-10, 1.081451029118019e-10, 3.512094449349759e-11, 0.9765179431201233, -0.21543608510285323, -0.13999999977201893, -1.770669631804625e-10, 0.21543608510285298, 0.9765179431201234, 3.4832287054697986e-10, 0.0, 0.0, 0.0, 1.0]}, {"left_foot_pose": [0.9986317966877618, 0.051262789642592524, -0.010327683294594478, -0.016222067420928, -0.052292777641438304, 0.978989060831869, -0.19709359243283256, -0.0014397072435875305, 7.121600356681276e-06, 0.19736399157292, 0.9803302784162532, 0.025000003793043825, 0.0, 0.0, 0.0, 1.0], "right_foot_pose": [0.9999999999999999, -4.669389381019781e-11, 6.253142448287038e-11, 2.604622468568353e-10, 5.863350166287711e-11, 0.9783132642684508, -0.20713077259646545, -0.1399999997112882, -5.150359836241563e-11, 0.20713077259646528, 0.9783132642684507, 6.712975592071402e-10, 0.0, 0.0, 0.0, 1.0]}, {"left_foot_pose": [0.9979328269972516, 0.06324861727979696, -0.011387941581690927, -0.019940962781047258, -0.0642656421766058, 0.9821569535020777, -0.1767417492364133, -0.0017697598312896787, 6.074755717226905e-06, 0.17710824684275, 0.9841913781696049, 0.024910272498138014, 0.0, 0.0, 0.0, 1.0], "right_foot_pose": [1.0, -1.281757986026553e-10, -1.7846280009336994e-10, 4.629486066862367e-10, 9.118201898401579e-11, 0.9810626855826567, -0.1936904926870333, -0.1399999997096221, 1.9990954523957606e-10, 0.19369049268703306, 0.9810626855826567, 1.1827801654762382e-09, 0.0, 0.0, 0.0, 1.0]}, {"left_foot_pose": [0.9971623981359197, 0.07446678884543659, -0.011038528111654056, -0.023364824065037804, -0.0752804870065295, 0.9863928657287766, -0.14615732179891666, -0.002073634961750198, 4.458956867424882e-06, 0.14657357128221138, 0.9891997716243658, 0.02116383469422898, 0.0, 0.0, 0.0, 1.0], "right_foot_pose": [1.0000000000000002, -2.3311861653558595e-10, -5.661934254774775e-10, 8.652113914326604e-10, 1.3069168201612934e-10, 0.9846427075590338, -0.17458160971538697, -0.1400000000377733, 5.981962560374301e-10, 0.17458160971538678, 0.9846427075590336, 1.9828522504483637e-09, 0.0, 0.0, 0.0, 1.0]}, {"left_foot_pose": [0.9964123328603672, 0.08412514360990998, -0.009242463761028663, -0.026273667275864533, -0.0846313353116065, 0.9904560992917918, -0.10878535038811003, -0.0023318002850460824, 2.6713805399787247e-06, 0.1091772668109139, 0.9940222957281005, 0.013996812316451591, 0.0, 0.0, 0.0, 1.0], "right_foot_pose": [0.9999999999999997, -3.2521316820656026e-10, -1.058472420822907e-09, 1.1231032272927145e-09, 1.631451419211695e-10, 0.9887382863851781, -0.14965493989876041, -0.14000000035320226, 1.0952218695667668e-09, 0.14965493989876028, 0.988738286385178, 3.012743568509002e-09, 0.0, 0.0, 0.0, 1.0]}, {"left_foot_pose": [0.9957945337846552, 0.09138841038398501, -0.006434666431910553, -0.028447521972070684, -0.09161466303636655, 0.9933361933581789, -0.06992825238354484, -0.0025247290268060885, 1.1552327412811684e-06, 0.07022368127755847, 0.9975312699792896, 0.006287910289349441, 0.0, 0.0, 0.0, 1.0], "right_foot_pose": [0.9999999999999999, -3.666369722442333e-10, -1.6024334636988133e-09, 1.1548855721592903e-09, 1.7307895425303583e-10, 0.9928750766356805, -0.11915990179456888, -0.14000000051165684, 1.6347045202398537e-09, 0.11915990179456876, 0.9928750766356806, 4.120848426381052e-09, 0.0, 0.0, 0.0, 1.0]}, {"left_foot_pose": [0.9954267156364816, 0.09547902855176117, -0.0030673936786797754, -0.02966640954732768, -0.09552828794198003, 0.994913490450866, -0.031960799767053225, -0.002632898645040146, 2.0523794634793476e-07, 0.03210765680780115, 0.9994844162738463, 0.0009158374202326569, 0.0, 0.0, 0.0, 1.0], "right_foot_pose": [0.9999999999999999, -3.17449670719087e-10, -2.0708061376772925e-09, 8.77331099198202e-10, 1.4264085298445997e-10, 0.9964762272763298, -0.08387567271344235, -0.14000000039786623, 2.090135079364779e-09, 0.08387567271344219, 0.9964762272763298, 4.985967673454272e-09, 0.0, 0.0, 0.0, 1.0]}, {"left_foot_pose": [0.9953699541047639, 0.09611656401111952, 0.0005104783809442642, -0.029850089718867445, -0.09611791958568898, 0.995355916044782, 0.005286390940218616, -0.002649195162873475, 2.056707251397919e-09, -0.005310980827515257, 0.9999858966418733, 5.749676151856065e-09, 0.0, 0.0, 0.0, 1.0], "right_foot_pose": [0.9999999999999998, -1.7328639660776045e-10, -2.251297481770108e-09, 6.6970057704543e-10, 7.007462436503481e-11, 0.9989522405672617, -0.04576484530344018, -0.14000000026735443, 2.2568688766214832e-09, 0.04576484530344003, 0.9989522405672617, 5.324348913149368e-09, 0.0, 0.0, 0.0, 1.0]}, {"left_foot_pose": [0.9953699541016829, 0.09603379056218744, 0.0040206394854978, -0.029850089535683067, -0.0961179196175945, 0.9944987365971749, 0.041636623722505234, -0.002649195268708139, 1.9136432144765154e-09, -0.04183029974649763, 0.9991247299627409, 5.3813770939381556e-09, 0.0, 0.0, 0.0, 1.0], "right_foot_pose": [0.9999999999999999, -4.2127007921108346e-11, -2.0800624001005015e-09, 8.023685549658005e-10, 2.6323976996980953e-11, 0.9999711436901055, -0.007596827436635184, -0.1400000003682974, 2.08032215801373e-09, 0.007596827436635034, 0.9999711436901055, 5.2273243719702656e-09, 0.0, 0.0, 0.0, 1.0]}, {"left_foot_pose": [0.9953699541004152, 0.09584400488453071, 0.007251289666859003, -0.029850089360804827, -0.09611791963072536, 0.9925333693896243, 0.07509231767592334, -0.0026491952816725377, 1.496654101790739e-09, -0.07544161567579596, 0.9971502206910584, 4.359758630501087e-09, 0.0, 0.0, 0.0, 1.0], "right_foot_pose": [0.9999999994244431, 3.391370513766486e-05, 9.871257444779898e-07, -1.771532941625639e-05, -3.3928032486290524e-05, 0.9996178361677927, 0.027643814210572965, -0.14000031853653996, -4.9244336721262414e-08, -0.02764381422815376, 0.999617836743081, 3.740308637078388e-05, 0.0, 0.0, 0.0, 1.0]}, {"left_foot_pose": [0.9953699540999562, 0.09559638289479497, 0.00999930259989673, -0.02985008922826234, -0.09611791963547948, 0.9899690662450462, 0.10354995607367244, -0.002649194880374203, 9.916361773003096e-10, -0.10403162718781163, 0.9945739894772323, 2.864328448037856e-09, 0.0, 0.0, 0.0, 1.0], "right_foot_pose": [0.9999939097173687, 0.003484015407922012, 0.0002053407130429857, -0.0018223592688792088, -0.003490061184101463, 0.9982792456091408, 0.0585351796698007, -0.14003280465118578, -1.049904234421245e-06, -0.0585355398256649, 0.99828532523333, 0.0034929905982294188, 0.0, 0.0, 0.0, 1.0]}, {"left_foot_pose": [0.995369954101237, 0.09534130597279929, 0.01219384467275864, -0.029850089195710902, -0.0961179196222132, 0.9873275624055617, 0.12627600738774572, -0.0026491947921968304, 5.202713906687741e-10, -0.12686339065977, 0.9919201984586801, 1.7342698249711574e-09, 0.0, 0.0, 0.0, 1.0], "right_foot_pose": [0.9999293082123712, 0.011845848671834202, 0.0010268627815145542, -0.006208707155189282, -0.01189027210796669, 0.9962127956890814, 0.08613180094798224, -0.1401117768103145, -2.669562499595631e-06, -0.0861379218148915, 0.9962832219897538, 0.010538500526339006, 0.0, 0.0, 0.0, 1.0]}, {"left_foot_pose": [0.9953699541031235, 0.09512174965896003, 0.013802434950585205, -0.02985008924791794, -0.09611791960267839, 0.9850539000731523, 0.1429341088821197, -0.002649194884003353, 1.4423119100070041e-10, -0.14359897873066793, 0.9896359599911021, 9.527412470067276e-10, 0.0, 0.0, 0.0, 1.0], "right_foot_pose": [0.999707188495481, 0.024049893078891972, 0.002672061629983759, -0.012636255702823248, -0.024197876973715268, 0.9936139953183997, 0.11020749093129813, -0.14022750424767344, -4.519458514488975e-06, -0.11023987912865797, 0.9939050100634734, 0.018295213623500804, 0.0, 0.0, 0.0, 1.0]}, {"left_foot_pose": [0.9953699541047021, 0.09497048039711843, 0.014807508863563424, -0.029850089336748233, -0.09611791958632847, 0.9834873989888676, 0.153342367154381, -0.0026491950389091823, -1.0384791526803733e-10, -0.15405565190298454, 0.9880621721919869, 4.754389867911435e-10, 0.0, 0.0, 0.0, 1.0], "right_foot_pose": [0.9992245518348497, 0.03904583170443431, 0.005071295391928031, -0.02056450931737622, -0.03937378534500458, 0.9909219259458103, 0.12854354012338273, -0.14037025420440505, -6.168362459670325e-06, -0.12864353736723513, 0.9916908995526762, 0.023884424124273912, 0.0, 0.0, 0.0, 1.0]}, {"left_foot_pose": [0.9953699541053427, 0.09490900802704984, 0.01519653446185744, -0.029850089466523656, -0.09611791957969634, 0.9828508087645644, 0.15737100510104526, -0.002649195112150741, -1.998952369489267e-10, -0.15810302940223403, 0.9874226208133159, 2.913895513767528e-10, 0.0, 0.0, 0.0, 1.0], "right_foot_pose": [0.9984095721876473, 0.0558359563248931, 0.007789232655634356, -0.02945296371632673, -0.05637664510117088, 0.9888516963282286, 0.13781870901993556, -0.1405302900766705, -7.156507029101432e-06, -0.13803864911708502, 0.9904268429817088, 0.025000008420854626, 0.0, 0.0, 0.0, 1.0]}, {"left_foot_pose": [0.9953699541048973, 0.0949410525315521, 0.014995032824800041, -0.029850089694748064, -0.09611791958430911, 0.9831826524374744, 0.1552843117665063, -0.002649195136104298, -1.4532420162767983e-10, -0.15600662963545622, 0.987756008085897, 3.619097729834486e-10, 0.0, 0.0, 0.0, 1.0], "right_foot_pose": [0.9972460071436601, 0.07342127951597162, 0.010474585923302636, -0.038761097087239245, -0.07416468958155988, 0.9872639900084252, 0.14074591593333988, -0.14069788129820626, -7.436257852750184e-06, -0.14113514709979774, 0.9899903384366034, 0.02500000853605304, 0.0, 0.0, 0.0, 1.0]}, {"left_foot_pose": [0.9953699541035311, 0.09506236468771906, 0.014205678016696326, -0.029850089871537692, -0.09611791959845406, 0.9844389263036984, 0.14710997896161657, -0.0026491951539967624, 5.507912998086283e-11, -0.14779427322464614, 0.9890181256185347, 6.954332665287666e-10, 0.0, 0.0, 0.0, 1.0], "right_foot_pose": [0.9957867973623405, 0.09081013433754347, 0.012734743831356553, -0.04794841226693644, -0.09169871400280928, 0.9861480202785757, 0.13821515094546136, -0.1408632979086735, -7.005993205926379e-06, -0.1388005821394242, 0.9903203513755905, 0.024992557569721754, 0.0, 0.0, 0.0, 1.0]}, {"left_foot_pose": [0.9953699541015619, 0.09526195386733735, 0.012799008447258911, -0.029850089708655783, -0.09611791961884979, 0.9865058146264106, 0.13254291092482912, -0.0026491948985479363, 4.1128967072644797e-10, -0.13315944522886924, 0.9910946282501691, 1.3582742916518065e-09, 0.0, 0.0, 0.0, 1.0], "right_foot_pose": [0.9941568389557182, 0.10706737241171806, 0.013738898151753031, -0.05647440914890347, -0.10794526170481032, 0.9860784093022796, 0.1264800030967965, -0.14101680359457747, -5.7492408469623235e-06, -0.12722400902634765, 0.9918740098894668, 0.02183779843942754, 0.0, 0.0, 0.0, 1.0]}, {"left_foot_pose": [0.9953699540999844, 0.09551285860921215, 0.010767929944626952, -0.029850089453399595, -0.09611791963518393, 0.9891041124492328, 0.11150964200920366, -0.002649194630614727, 8.799929582192287e-10, -0.11202833827346181, 0.9937050122766252, 2.344607084869832e-09, 0.0, 0.0, 0.0, 1.0], "right_foot_pose": [0.9925449869096951, 0.12119002099367293, 0.012939388393043413, -0.06379856245889805, -0.1218788289455075, 0.9869389462555214, 0.10534261919523466, -0.1411486718869309, -3.912114022526655e-06, -0.1061343260947826, 0.9943518013304457, 0.014923782994108244, 0.0, 0.0, 0.0, 1.0]}, {"left_foot_pose": [0.9953699541012482, 0.09577313569064337, 0.008133938311924334, -0.029850088872050647, -0.09611791962210017, 0.9917994681060622, 0.0842327762337951, -0.002649194665289057, 1.4164646548782953e-09, -0.08462459184253011, 0.9964129056046426, 3.603410909935878e-09, 0.0, 0.0, 0.0, 1.0], "right_foot_pose": [0.9911854388281865, 0.13207165026141196, 0.010416575838633564, -0.0693803795604902, -0.13248179441326055, 0.9881180637905066, 0.07791833006387516, -0.1412491733606058, -2.0043118482867264e-06, -0.07861152083586576, 0.9969053258900039, 0.00712921613428881, 0.0, 0.0, 0.0, 1.0]}, {"left_foot_pose": [0.9953699541031584, 0.09598899841830977, 0.004976610425496691, -0.02985008867899301, -0.09611791960231648, 0.994034881820728, 0.05153638767875573, -0.002649194852810526, 1.8792047740301197e-09, -0.05177611327921575, 0.9986587175275141, 4.74318921639405e-09, 0.0, 0.0, 0.0, 1.0], "right_foot_pose": [0.990328651784648, 0.1385923590957911, 0.006428021053529424, -0.07267936120552881, -0.13874134731267704, 0.9892653532037301, 0.045879183695464676, -0.14130857560271937, -5.142161772738583e-07, -0.04632730243563082, 0.9989263141237061, 0.001332806238954709, 0.0, 0.0, 0.0, 1.0]}, {"left_foot_pose": [0.9953699541100911, 0.09610668451964348, 0.0014695732436450588, -0.0298500878304698, -0.09611791953052588, 0.9952536072097591, 0.015218504561445675, -0.002649195553650483, 1.9449504922123825e-09, -0.015289294509727434, 0.9998831119052849, 5.479972857436177e-09, 0.0, 0.0, 0.0, 1.0], "right_foot_pose": [0.9901513537384263, 0.139994407729247, 0.0013647323911045073, -0.07334362070432042, -0.1400010596029971, 0.9901043085123917, 0.00965202441132528, -0.14132054031776836, 2.020452651061638e-09, -0.00974802901801938, 0.9999524868363818, 5.2464265501428464e-09, 0.0, 0.0, 0.0, 1.0]}, {"left_foot_pose": [0.9953699541145359, 0.09609531232837472, -0.002084560994560378, -0.02985008697010256, -0.09611791948449501, 0.995135841160595, -0.0215871070680658, -0.002649195941915901, 1.5628005502895595e-09, 0.02168752143764172, 0.999764798046967, 5.627677893138561e-09, 0.0, 0.0, 0.0, 1.0], "right_foot_pose": [0.990151353740915, 0.13994613388487354, -0.003921262004821172, -0.07334361988740173, -0.14000105958539522, 0.9897628944642239, -0.027732941725830334, -0.1413205405700211, 1.6560598501866445e-09, 0.028008790628635576, 0.9996076768650396, 4.817120889677451e-09, 0.0, 0.0, 0.0, 1.0]}, {"left_foot_pose": [0.9953699541117754, 0.09596543376299956, -0.005412021267782322, -0.02985008837137714, -0.0961179195130831, 0.9937908558093114, -0.05604534287765305, -0.0026491951545410727, 1.607717466661089e-09, 0.0563060425929278, 0.9984135563820857, 4.610919562830773e-09, 0.0, 0.0, 0.0, 1.0], "right_foot_pose": [0.9901513537462918, 0.13971807534935937, -0.008896971116955003, -0.0733436210307696, -0.14000105954736614, 0.9881499611915859, -0.06292342586574538, -0.1413205397555778, 1.7075913772940447e-09, 0.06354930068645813, 0.9979787003650237, 4.259091426761508e-09, 0.0, 0.0, 0.0, 1.0]}, {"left_foot_pose": [0.9951986259545699, 0.09749659973504754, -0.008608596763800373, -0.03091420916429064, -0.09787591581860207, 0.9913425618063287, -0.0875227413529549, -0.0025226559006353948, 8.986879800793113e-07, 0.08794508622640765, 0.9961253243482083, 0.002844457776673026, 0.0, 0.0, 0.0, 1.0], "right_foot_pose": [0.9901513537477326, 0.13937692637085763, -0.013204887994420213, -0.07334362148100879, -0.14000105953717856, 0.9857372001224627, -0.09339098255825043, -0.14132053990999222, 1.2198269703948438e-09, 0.094319906118171, 0.9955419405077113, 3.0053512109495806e-09, 0.0, 0.0, 0.0, 1.0]}, {"left_foot_pose": [0.9947015238934425, 0.10208580779284433, -0.012139448560237399, -0.03389882373950468, -0.10280505026121792, 0.9877449443740616, -0.11743528645288599, -0.0021677271964882575, 2.202861936542788e-06, 0.11806105501292709, 0.9930063379880226, 0.009617038406972749, 0.0, 0.0, 0.0, 1.0], "right_foot_pose": [0.9901513537467148, 0.1390024906095806, -0.016691443253389313, -0.07334362167826244, -0.14000105954437492, 0.983089019387092, -0.11804949507294814, -0.14132053989428087, 7.497864931397197e-10, 0.11922368709639494, 0.9928674193643079, 1.9845935381179736e-09, 0.0, 0.0, 0.0, 1.0]}, {"left_foot_pose": [0.993903529890927, 0.10908277896915415, -0.0160225030105324, -0.038411652905837174, -0.11025322334048877, 0.9833571065057477, -0.14440577491110412, -0.0016310578866017764, 3.6589729193266288e-06, 0.14529194202367468, 0.9893888272916781, 0.017439494330309058, 0.0, 0.0, 0.0, 1.0], "right_foot_pose": [0.9901513537445944, 0.13866234173901992, -0.019314545327245802, -0.07334362169022876, -0.14000105955937248, 0.98068333102611, -0.1366012722114488, -0.14132053975523615, 3.5940917406629646e-10, 0.13795999141412166, 0.9904378025747077, 1.2473036908877688e-09, 0.0, 0.0, 0.0, 1.0]}, {"left_foot_pose": [0.9928261169406208, 0.1179113224269363, -0.0198298150304146, -0.04406026360902866, -0.1195671422097935, 0.9790838613236322, -0.16461619300478963, -0.0009593177143767742, 4.938859228967037e-06, 0.16580625000022825, 0.9861583480539373, 0.023433119082892723, 0.0, 0.0, 0.0, 1.0], "right_foot_pose": [0.9901513537424769, 0.13840856179466104, -0.021056274691262224, -0.0733436215300823, -0.14000105957434877, 0.978888483119375, -0.14891957874741957, -0.1413205395754077, 7.517727275141649e-11, 0.150400823262982, 0.988625102028983, 7.771330384764852e-10, 0.0, 0.0, 0.0, 1.0]}, {"left_foot_pose": [0.9915016701018119, 0.12810229432213902, -0.022676868715123824, -0.05045221621942757, -0.13009395894243356, 0.9763299207815446, -0.17278729013844765, -0.00019918142536360858, 5.657139769986077e-06, 0.17426901037220519, 0.9846980816432468, 0.025000008029778933, 0.0, 0.0, 0.0, 1.0], "right_foot_pose": [0.990151353741247, 0.13827723111268017, -0.021902146930987455, -0.07334362127413356, -0.14000105958304787, 0.9779596523994846, -0.1549019741459204, -0.14132053948491677, -7.935521973147602e-11, 0.15644272317525637, 0.9876870325996542, 5.813212272665069e-10, 0.0, 0.0, 0.0, 1.0]}, {"left_foot_pose": [0.9899835579767683, 0.1390518052405382, -0.024436660880874202, -0.05719504947083809, -0.1411827004367856, 0.9750486078383719, -0.17131158002257327, 0.0006026790833624542, 5.747711366973954e-06, 0.17304568128618847, 0.9849137993525946, 0.025000008446146332, 0.0, 0.0, 0.0, 1.0], "right_foot_pose": [0.9901513537413453, 0.13827973870972066, -0.02188630956906069, -0.07334362116679069, -0.14000105958235234, 0.9779773872557375, -0.1547899652182273, -0.14132053946655432, -9.624321187800474e-11, 0.15632960013641922, 0.9877049438578239, 5.992731588744249e-10, 0.0, 0.0, 0.0, 1.0]}, {"left_foot_pose": [0.9883519418572453, 0.15012265010370265, -0.024972564002416184, -0.06389632992463891, -0.15218554136113394, 0.974960392527776, -0.16214744525494149, 0.0013995981651523624, 5.256613003464287e-06, 0.1640592055567958, 0.9864504939653292, 0.02500000777885008, 0.0, 0.0, 0.0, 1.0], "right_foot_pose": [0.9901513537428002, 0.13841359074678047, -0.021023191429533662, -0.07334362103481253, -0.14000105957206188, 0.9789240501192387, -0.1486855992248292, -0.1413205394517812, 1.9585683478597677e-11, 0.15016451643024495, 0.9886610228006719, 8.62738505635896e-10, 0.0, 0.0, 0.0, 1.0]}, {"left_foot_pose": [0.986715338971875, 0.16087763169158534, -0.02261033964639856, -0.0701636225330818, -0.1624587326720529, 0.9771157543278077, -0.1373024501711116, 0.002144901978375883, 4.026070218213069e-06, 0.1391516807864956, 0.9902710789062182, 0.022459727635930862, 0.0, 0.0, 0.0, 1.0], "right_foot_pose": [0.9901513537454998, 0.13876073477440742, -0.01859449275511749, -0.07334362071115617, -0.14000105955296743, 0.9813792115196887, -0.13150873172926827, -0.14132053981902717, 3.9462184380991377e-10, 0.13281679743865504, 0.9911406047166765, 1.5411540307819216e-09, 0.0, 0.0, 0.0, 1.0]}, {"left_foot_pose": [0.9852079546148629, 0.17034797848154346, -0.018623973551616265, -0.07560446500816513, -0.17136302447390236, 0.9793738551492704, -0.10705870209008282, 0.0027919235654780654, 2.5992955408926645e-06, 0.10866654534541914, 0.9940782574404979, 0.01583856377006837, 0.0, 0.0, 0.0, 1.0], "right_foot_pose": [0.9901513537485622, 0.13910784080752298, -0.015789404540962636, -0.07334362040866944, -0.1400010595313096, 0.9838341041399917, -0.11166986550171476, -0.14132054018644355, 7.982516044452086e-10, 0.11278060186454586, 0.9936199151803826, 2.4980829488319145e-09, 0.0, 0.0, 0.0, 1.0]}, {"left_foot_pose": [0.9839828851227264, 0.1777754950444094, -0.013174033067795911, -0.07982642640122979, -0.17826295684739665, 0.9812926952184484, -0.0727115157793953, 0.0032939999208083867, 1.2567028826627282e-06, 0.0738953291665265, 0.9972660027925311, 0.007998177574789753, 0.0, 0.0, 0.0, 1.0], "right_foot_pose": [0.9901513537504973, 0.1394770374158031, -0.012101764324595069, -0.07334362024395831, -0.14000105951762423, 0.986445231215032, -0.08558918826034767, -0.14132054042744785, 1.2939082430322675e-09, 0.08644051044986517, 0.996257014104878, 3.649456431498166e-09, 0.0, 0.0, 0.0, 1.0]}, {"left_foot_pose": [0.9832011813807608, 0.18239365009083622, -0.006927722426521066, -0.08243707047712574, -0.1825251679396026, 0.9824928041138721, -0.03731558565909256, 0.0036044631006400037, 3.1155931594814996e-07, 0.0379532116032743, 0.9992795173168022, 0.0018172762298619902, 0.0, 0.0, 0.0, 1.0], "right_foot_pose": [0.9901513537495277, 0.1397938374887003, -0.007614438138202503, -0.07334362026217427, -0.14000105952448227, 0.9886857856845958, -0.05385276703435348, -0.1413205403833418, 1.7900982305214572e-09, 0.05438841958925487, 0.9985198544919291, 4.7292219099159816e-09, 0.0, 0.0, 0.0, 1.0]}, {"left_foot_pose": [0.9829990236535893, 0.18361043660349127, -0.0003564636963574755, -0.08310235483514905, -0.1836107826247996, 0.9829971711767426, -0.0019083926302844714, 0.0036835850531681917, 2.001089036110613e-09, 0.0019413986705826846, 0.9999981154838256, 5.756798676648245e-09, 0.0, 0.0, 0.0, 1.0], "right_foot_pose": [0.9901513537417662, 0.1399774462093097, -0.002571232402485425, -0.07334362095636894, -0.14000105957937517, 0.9899843494910034, -0.01818491351441772, -0.1413205402317794, 2.0840793170238575e-09, 0.018365791994750278, 0.9998313346181973, 5.161564647915284e-09, 0.0, 0.0, 0.0, 1.0]}, {"left_foot_pose": [0.9829990236483918, 0.18350062206670875, 0.006359340173373811, -0.0831023557492731, -0.18361078265262532, 0.9824092553904237, 0.03404607784935065, 0.0036835845552237213, 1.819788640095974e-09, -0.03463490471135641, 0.9994000317068419, 5.886766976659352e-09, 0.0, 0.0, 0.0, 1.0], "right_foot_pose": [0.9901513537314252, 0.1399760887610049, 0.0026441026828581725, -0.07334362193083409, -0.14000105965251183, 0.9899747479424459, 0.018700313699641632, -0.1413205405271153, 1.8832830607403363e-09, -0.01888631810233283, 0.9998216375876938, 5.068408526209822e-09, 0.0, 0.0, 0.0, 1.0]}, {"left_foot_pose": [0.9829990236430421, 0.18316826997015517, 0.012739874134674974, -0.08310235422579715, -0.1836107826812655, 0.9806299379531996, 0.06820561027567545, 0.0036835848994234343, 1.6542361097970485e-09, -0.06938522656909539, 0.9975899409747255, 4.72032873205519e-09, 0.0, 0.0, 0.0, 1.0], "right_foot_pose": [0.9901513537337733, 0.13979508384250075, 0.0075915237366740145, -0.07334362055957397, -0.1400010596359052, 0.9886945983125427, 0.05369073074957819, -0.14132054028603197, 1.6952912478356933e-09, -0.054224771102036017, 0.9985287548182734, 4.7645530715234585e-09, 0.0, 0.0, 0.0, 1.0]}, {"left_foot_pose": [0.982999023641732, 0.1826992445802077, 0.018273082641524604, -0.08310235381879755, -0.183610782688279, 0.9781189116381447, 0.09782880545325023, 0.003683585372781035, 1.1488909316272921e-09, -0.09952075525052, 0.9950354864397385, 3.190914837913894e-09, 0.0, 0.0, 0.0, 1.0], "right_foot_pose": [0.9899571406510896, 0.14084833742868266, 0.012108076539836187, -0.07436382236996249, -0.1413678169645262, 0.9863198489836252, 0.08478381819429204, -0.14115321345925716, -7.763907318489063e-07, -0.08564403858117936, 0.9963257994526201, 0.0022503003466413304, 0.0, 0.0, 0.0, 1.0]}, {"left_foot_pose": [0.9829990236441025, 0.18219291190739967, 0.022774160038177452, -0.08310235378951149, -0.1836107826755878, 0.9754081531902864, 0.12192626942202928, 0.0036835855093425027, 6.807068616389398e-10, -0.12403498514781157, 0.9922778453938109, 2.0024375213534285e-09, 0.0, 0.0, 0.0, 1.0], "right_foot_pose": [0.9892944973524422, 0.14497660139192095, 0.016678805623492898, -0.07777282035694313, -0.14593285272366818, 0.9828135543911999, 0.11305361471827334, -0.14059410739707365, -2.0274008982641184e-06, -0.11427730463125095, 0.993448890301915, 0.00871010827969701, 0.0, 0.0, 0.0, 1.0]}, {"left_foot_pose": [0.9829990236474551, 0.1817364743668296, 0.026168175191748702, -0.08310235382687677, -0.18361078265764047, 0.9729645189413494, 0.14009684283765142, 0.0036835854502738803, 3.00225641371588e-10, -0.1425198188531816, 0.9897919484588958, 1.1584622983118464e-09, 0.0, 0.0, 0.0, 1.0], "right_foot_pose": [0.9882141388041091, 0.15157866482849877, 0.021371107516047663, -0.08311309718699988, -0.15307780980912455, 0.9785393275353229, 0.1379419030271788, -0.13971826085924474, -3.4196926764442922e-06, -0.13958758123675555, 0.9902097288720092, 0.016558463207689895, 0.0, 0.0, 0.0, 1.0]}, {"left_foot_pose": [0.9829990236502916, 0.18139745532028959, 0.028423277536165432, -0.0831023538878127, -0.18361078264245337, 0.9711495093082755, 0.15217000712269843, 0.003683585302056815, 3.594730822331863e-11, -0.1548017886641496, 0.987945548209202, 6.141045172380899e-10, 0.0, 0.0, 0.0, 1.0], "right_foot_pose": [0.9867659561844424, 0.16008821228446857, 0.025782009288762654, -0.08990325602477937, -0.16215100275254238, 0.9742174673424725, 0.15686739186702772, -0.1386046260816604, -4.663462578988661e-06, -0.15897198058897566, 0.9872830948445689, 0.02291665799518875, 0.0, 0.0, 0.0, 1.0]}, {"left_foot_pose": [0.9829990236525704, 0.1812641636256609, 0.029261279588964486, -0.08310235396659618, -0.18361078263025246, 0.97043590425785, 0.15665642734709564, 0.0036835851505410315, -3.800352731643719e-11, -0.1593658015771874, 0.9872196013489914, 4.0206211970872374e-10, 0.0, 0.0, 0.0, 1.0], "right_foot_pose": [0.9850092647560672, 0.17009340265385253, 0.028722512396126703, -0.09766189835827749, -0.17250144438788168, 0.9712641628844513, 0.16397919862122923, -0.13733215142716002, -5.367100425664267e-06, -0.166475704743967, 0.98604555660537, 0.025000006978647148, 0.0, 0.0, 0.0, 1.0]}, {"left_foot_pose": [0.9829990236518328, 0.18128713730775683, 0.029118608248037605, -0.08310235409959318, -0.1836107826342017, 0.9705588986659921, 0.1558926063696189, 0.0036835851394601436, -1.5708964461383648e-11, -0.15858877030551588, 0.9873447229478595, 4.142319959266061e-10, 0.0, 0.0, 0.0, 1.0], "right_foot_pose": [0.9830233028971733, 0.18091915572036596, 0.030552333046129723, -0.10590760009505848, -0.18348075084471782, 0.9693042240241195, 0.1636585939034608, -0.1359797926774473, -5.530840008889834e-06, -0.16648597653384928, 0.986043822346137, 0.02500000754039096, 0.0, 0.0, 0.0, 1.0]}, {"left_foot_pose": [0.9829990236496317, 0.18148537371633272, 0.02785639299900108, -0.08310235420667723, -0.18361078264598635, 0.9716201988727365, 0.14913507179276284, 0.003683585114839347, 1.3295496322865226e-10, -0.15171436408444444, 0.988424378357016, 6.887441311720366e-10, 0.0, 0.0, 0.0, 1.0], "right_foot_pose": [0.9809134827590145, 0.19192329219418705, 0.031212004980861432, -0.11415896560921251, -0.19444469474569884, 0.9681980604858247, 0.1574286389344049, -0.134626505664183, -5.18001640299668e-06, -0.16049288328406353, 0.9870369974769616, 0.025000007127140865, 0.0, 0.0, 0.0, 1.0]}, {"left_foot_pose": [0.9829990236463153, 0.18184032647850334, 0.02543649300873138, -0.08310235400396995, -0.18361078266374184, 0.9735205129918838, 0.13617962870278552, 0.003683585272018488, 4.2046100288827505e-10, -0.13853485644491, 0.9903575584352299, 1.2736490126452615e-09, 0.0, 0.0, 0.0, 1.0], "right_foot_pose": [0.978813401930909, 0.20256018290601666, 0.02989475709085949, -0.12193459702044095, -0.20475430198661426, 0.9683276309687259, 0.14288903009142823, -0.13335123907060686, -4.291241594544542e-06, -0.14598277776359744, 0.989287131513399, 0.02302493755552454, 0.0, 0.0, 0.0, 1.0]}, {"left_foot_pose": [0.9829990236431769, 0.182309