{"LoopMode": "Wrap", "FrameDuration": 0.0167, "EnableCycleOffsetPosition": true, "EnableCycleOffsetRotation": false, "Debug_info": [{"left_foot_pose": [1.0000000000000002, 1.2067756621841331e-13, -7.331579787717151e-12, 1.0692860999885507e-12, -4.8009259976823907e-14, 0.9999513278593155, 0.009866200504376433, 9.123604649552419e-14, 7.332091827234002e-12, -0.009866200504376607, 0.9999513278593156, 1.560269968781114e-11, 0.0, 0.0, 0.0, 1.0], "right_foot_pose": [1.0, -1.865351393410535e-13, -7.386036227075009e-12, 1.2141572213441407e-14, 7.88967191331349e-14, 0.9998937173781084, -0.014579230013537052, -0.14000000000182317, 7.387904355354704e-12, 0.014579230013536898, 0.9998937173781084, 1.3142320565151522e-11, 0.0, 0.0, 0.0, 1.0]}, {"left_foot_pose": [1.0000000000000007, 1.9247158117126246e-13, -1.632305401955137e-11, 2.802946440216665e-12, -7.60112260604357e-14, 0.9999746926657342, 0.007114353665030396, 1.0213132423109172e-12, 1.632353804439048e-11, -0.0071143536650305665, 0.9999746926657345, 3.387898295237335e-11, 0.0, 0.0, 0.0, 1.0], "right_foot_pose": [0.9999999999999999, -4.623671420294037e-13, -1.6420309556508525e-11, 6.274546284088698e-13, 1.777738712373461e-13, 0.999849794840812, -0.01733169803528097, -0.1400000000032281, 1.6425536157251403e-11, 0.017331698035280813, 0.9998497948408122, 3.029556466804806e-11, 0.0, 0.0, 0.0, 1.0]}, {"left_foot_pose": [1.0000000000000004, 1.660444058062992e-13, -2.8642199723094573e-11, 5.3417198094601305e-12, -7.172492651967368e-14, 0.9999946160118216, 0.00328145506911194, 2.6306734568493084e-12, 2.8642388979376746e-11, -0.0032814550691121136, 0.9999946160118217, 5.882501430409803e-11, 0.0, 0.0, 0.0, 1.0], "right_foot_pose": [1.0, -9.582833211893951e-13, -2.8812063845862206e-11, 1.691916382466418e-12, 3.482818928094114e-13, 0.9997759628550918, -0.02116657972308822, -0.1400000000048066, 2.8825766877318153e-11, 0.021166579723088077, 0.9997759628550922, 5.4098482638043066e-11, 0.0, 0.0, 0.0, 1.0]}, {"left_foot_pose": [1.0000000000000007, -7.352476198383652e-14, -4.4117598463344633e-11, 8.70628507550644e-12, 2.7272071228882416e-15, 0.9999987003110902, -0.0016122580846968943, 5.0250220651193445e-12, 4.4117337017282904e-11, 0.0016122580846967202, 0.99999870031109, 9.023247427020209e-11, 0.0, 0.0, 0.0, 1.0], "right_foot_pose": [1.0, -1.7844902472713242e-12, -4.441219614292889e-11, 3.2591128029150744e-12, 6.263570869769252e-13, 0.9996602575657861, -0.026064716447833553, -0.14000000000640092, 4.4443490171348e-11, 0.026064716447833404, 0.9996602575657862, 8.423534786361486e-11, 0.0, 0.0, 0.0, 1.0]}, {"left_foot_pose": [1.0000000000000004, -6.696519159834793e-13, -6.291844822925441e-11, 1.3005157609603065e-11, 1.9452981038096852e-13, 0.9999714500671992, -0.007556391367850917, 8.390595510054943e-12, 6.292141031263556e-11, 0.007556391367850743, 0.9999714500671992, 1.286143899714709e-10, 0.0, 0.0, 0.0, 1.0], "right_foot_pose": [0.9999999999999998, -3.0939419672948958e-12, -6.34189367687554e-11, 5.435603133722276e-12, 1.0619332154759627e-12, 0.9994873220098847, -0.032017075780106936, -0.14000000000785734, 6.348526294011259e-11, 0.032017075780106805, 0.9994873220098844, 1.2106776692277776e-10, 0.0, 0.0, 0.0, 1.0]}, {"left_foot_pose": [1.0000000000000007, -1.8123738139126604e-12, -8.559553066334044e-11, 1.8455432138629942e-11, 5.660555036761775e-13, 0.9998939649704506, -0.014562239376971648, 1.3024276102058252e-11, 8.561255155931581e-11, 0.014562239376971473, 0.9998939649704506, 1.7530512458341363e-10, 0.0, 0.0, 0.0, 1.0], "right_foot_pose": [1.0, -5.1026198141615266e-12, -8.642309090589602e-11, 8.40215214477855e-12, 1.7251275432944167e-12, 0.9992377801019022, -0.039036634294245205, -0.14000000000900237, 8.655648992789154e-11, 0.039036634294245046, 0.9992377801019021, 1.6572948569049117e-10, 0.0, 0.0, 0.0, 1.0]}, {"left_foot_pose": [1.0000000000000004, -3.768478201374151e-12, -1.1308953773436764e-10, 2.5402163522892882e-11, 1.2045003676651397e-12, 0.9997430804206435, -0.022666564606120203, 1.936794301327094e-11, 1.1314566394813483e-10, 0.022666564606120026, 0.9997430804206435, 2.3252628295056255e-10, 0.0, 0.0, 0.0, 1.0], "right_foot_pose": [0.9999999999999999, -8.12155691783242e-12, -1.14422082919674e-10, 1.2437647284793257e-11, 2.7161877370539423e-12, 0.9988872428467217, -0.04716223147895124, -0.14000000000960383, 1.1467763301745786e-10, 0.0471622314789511, 0.9988872428467219, 2.2016789780199275e-10, 0.0, 0.0, 0.0, 1.0]}, {"left_foot_pose": [1.0000000000000007, -6.923322495318832e-12, -1.46721412797035e-10, 3.4339755847070056e-11, 2.23502103911576e-12, 0.9994900432478175, -0.03193201290988208, 2.8048677963576907e-11, 1.4686744863392078e-10, 0.03193201290988189, 0.9994900432478176, 3.03444623594995e-10, 0.0, 0.0, 0.0, 1.0], "right_foot_pose": [1.0, -1.2600972807139368e-11, -1.4881806897903963e-10, 1.7949426190103942e-11, 4.178802377341945e-12, 0.9984049132215101, -0.05645909364441791, -0.14000000000931745, 1.4929203830753966e-10, 0.05645909364441776, 0.9984049132215101, 2.8715991390315665e-10, 0.0, 0.0, 0.0, 1.0]}, {"left_foot_pose": [1.0000000000000002, -1.1834636775550768e-11, -1.8817403191206931e-10, 4.594054949025124e-11, 3.837183805264327e-12, 0.9990987878115765, -0.042445402500616305, 3.992365292526667e-11, 1.8850663475580572e-10, 0.04244540250061612, 0.9990987878115767, 3.92255498915528e-10, 0.0, 0.0, 0.0, 1.0], "right_foot_pose": [0.9999999999999998, -1.918786923914199e-11, -1.9141221940799359e-10, 2.5512909183428112e-11, 6.3168843766155655e-12, 0.9977518164754433, -0.06701725688174177, -0.14000000000761909, 1.9226749040892528e-10, 0.06701725688174164, 0.9977518164754432, 3.7033651839601944e-10, 0.0, 0.0, 0.0, 1.0]}, {"left_foot_pose": [1.0000000000000004, -1.929122309291639e-11, -2.393806819434016e-10, 6.107364645743178e-11, 6.261593121417409e-12, 0.9985239540594785, -0.0543131031098888, 5.6101106399308875e-11, 2.4007489198610625e-10, 0.05431310310988862, 0.9985239540594786, 5.041313130837999e-10, 0.0, 0.0, 0.0, 1.0], "right_foot_pose": [1.0, -2.878725983180778e-11, -2.443020230558089e-10, 3.590984314457004e-11, 9.410546006776635e-12, 0.9968788078162373, -0.0789470868802494, -0.14000000000372498, 2.458119464714097e-10, 0.07894708688024925, 0.9968788078162375, 4.740576611816927e-10, 0.0, 0.0, 0.0, 1.0]}, {"left_foot_pose": [1.0000000000000004, -3.033684615455886e-11, -3.0206515067021604e-10, 8.07561154210091e-11, 9.832844020715727e-12, 0.9977090838216189, -0.06765045498610521, 7.7842843282383e-11, 3.0342535023885613e-10, 0.06765045498610503, 0.9977090838216188, 6.445357511597472e-10, 0.0, 0.0, 0.0, 1.0], "right_foot_pose": [1.0, -4.2577764752820014e-11, -3.09427594658018e-10, 5.011871372525518e-11, 1.3814367598573992e-11, 0.9957248644324279, -0.09236879533166631, -0.13999999999652826, 3.120373294513134e-10, 0.09236879533166614, 0.9957248644324279, 6.026715237972269e-10, 0.0, 0.0, 0.0, 1.0]}, {"left_foot_pose": [1.0000000000000004, -4.613718218446737e-11, -3.764913381054661e-10, 1.0591489057736189e-10, 1.4897749311284906e-11, 0.9965862832794005, -0.08255773724704189, 1.0612734302473115e-10, 3.790150893352832e-10, 0.08255773724704171, 0.9965862832794005, 8.168933307572956e-10, 0.0, 0.0, 0.0, 1.0], "right_foot_pose": [0.9999999999999999, -6.183799261441114e-11, -3.872902554213905e-10, 6.914659889103698e-11, 1.9890031251231196e-11, 0.9942171524882245, -0.10738833129444912, -0.13999999998467116, 3.9169104255113445e-10, 0.10738833129444898, 0.9942171524882247, 7.582552988272262e-10, 0.0, 0.0, 0.0, 1.0]}, {"left_foot_pose": [1.0000000000000004, -6.732464293752226e-11, -4.5820086613801317e-10, 1.3661830884873295e-10, 2.1602407179786516e-11, 0.9950810179977195, -0.09906446194586212, 1.4029044592689388e-10, 4.6261626927019693e-10, 0.09906446194586195, 0.9950810179977198, 1.0157098981333768e-09, 0.0, 0.0, 0.0, 1.0], "right_foot_pose": [1.0, -8.715235109504993e-11, -4.73547867585466e-10, 9.337069099386027e-11, 2.7739960993996067e-11, 0.9922770834107417, -0.12404108084772622, -0.1399999999671005, 4.807009545987828e-10, 0.12404108084772608, 0.9922770834107417, 9.343224041669096e-10, 0.0, 0.0, 0.0, 1.0]}, {"left_foot_pose": [1.0000000000000004, -9.183483692436844e-11, -5.299785610368685e-10, 1.6987978749656795e-10, 2.919611708091234e-11, 0.9931317255888973, -0.1170016052403567, 1.743880630178385e-10, 5.37082826007004e-10, 0.11700160524035653, 0.9931317255888973, 1.2078824815353606e-09, 0.0, 0.0, 0.0, 1.0], "right_foot_pose": [0.9999999999999998, -1.1583715109232707e-10, -5.505219058399284e-10, 1.205192332519848e-10, 3.639733201583347e-11, 0.9898433841670925, -0.14216214271260033, -0.13999999994505458, 5.613978644845442e-10, 0.1421621427126002, 0.9898433841670925, 1.0993861793151538e-09, 0.0, 0.0, 0.0, 1.0]}, {"left_foot_pose": [1.0000000000000004, -1.0934621736500367e-10, -5.453543727718093e-10, 1.9424872323612558e-10, 3.432553673135116e-11, 0.9907487516000587, -0.13570892086714756, 1.8937773224592114e-10, 5.5514822892043e-10, 0.13570892086714736, 0.9907487516000589, 1.290190426717075e-09, 0.0, 0.0, 0.0, 1.0], "right_foot_pose": [0.9999999999999998, -1.3538738484189497e-10, -5.695202087707676e-10, 1.4057678481220228e-10, 4.187624914147649e-11, 0.9869399947413223, -0.1610883198124524, -0.13999999992730214, 5.838915069197423e-10, 0.1610883198124522, 0.9869399947413223, 1.1609919137178792e-09, 0.0, 0.0, 0.0, 1.0]}, {"left_foot_pose": [0.9999999988828894, 4.6677707041749584e-05, -7.444056679629451e-06, -3.2039215344718887e-05, -4.726718568416041e-05, 0.9881406355647632, -0.15355156173572404, 2.3621396184475563e-06, 1.8834008356445787e-07, 0.15355156191604932, 0.9881406366672242, 0.000163861156544029, 0.0, 0.0, 0.0, 1.0], "right_foot_pose": [1.0, -1.18097057438887e-10, -4.485228299877512e-10, 8.476568036613766e-11, 3.590320185764896e-11, 0.9838486953771215, -0.179002079889415, -0.13999999999019813, 4.624181341215078e-10, 0.17900207988941477, 0.9838486953771215, 9.008354825978948e-10, 0.0, 0.0, 0.0, 1.0]}, {"left_foot_pose": [0.999999109283966, 0.001314472546181202, -0.00023150205335056604, -0.00090483844544189, -0.0013347022640847444, 0.9849806145597252, -0.1726598028245527, 6.672626899857301e-05, 1.0684641388358116e-06, 0.17265995802001233, 0.9849814916511818, 0.004191209291513738, 0.0, 0.0, 0.0, 1.0], "right_foot_pose": [0.9999999999999998, -8.054873701241814e-11, -2.7982582917473973e-10, -6.924464317328808e-11, 2.4759660357796135e-11, 0.9810198205756827, -0.1939074821600641, -0.1400000001497378, 2.901334313466172e-10, 0.19390748216006393, 0.9810198205756828, 4.969924194409003e-10, 0.0, 0.0, 0.0, 1.0]}, {"left_foot_pose": [0.9999914321167007, 0.0040615818376981165, -0.0007995287153653386, -0.0028063733897309632, -0.004139527670396879, 0.9812533629757173, -0.19267771526440805, 0.00020696277758907797, 1.963931900588317e-06, 0.19267937409546945, 0.9812617687418186, 0.011469802648277003, 0.0, 0.0, 0.0, 1.0], "right_foot_pose": [1.0, -3.6865892893648877e-11, -1.1328832316692661e-10, -1.4447323906139808e-10, 1.2890227650853338e-11, 0.9788161635470464, -0.20474109987748418, -0.14000000014806907, 1.1843621752841175e-10, 0.204741099877484, 0.9788161635470464, 2.3712909413831085e-10, 0.0, 0.0, 0.0, 1.0]}, {"left_foot_pose": [0.9999669023860335, 0.007953680418112485, -0.0017126296412197494, -0.005515834236505156, -0.008135977184225918, 0.9776332530398728, -0.21015953089482986, 0.00040678836476074065, 2.781941840159229e-06, 0.21016650903149064, 0.977665606674275, 0.01912092717992328, 0.0, 0.0, 0.0, 1.0], "right_foot_pose": [1.0, -4.685050605543746e-12, 2.2964963264371654e-12, -1.5347970266689058e-10, 5.0640677263968735e-12, 0.9775124418837035, -0.2108777512270078, -0.14000000004050167, -1.2570314358524804e-12, 0.21087775122700766, 0.9775124418837032, 1.1030232976994014e-10, 0.0, 0.0, 0.0, 1.0]}, {"left_foot_pose": [0.9999155198812383, 0.012679336654046672, -0.002861384742870195, -0.0088124105102007, -0.012998195616798177, 0.9754435432012054, -0.2198657338872664, 0.0006499150315706984, 3.367613401282732e-06, 0.21988435244257853, 0.9755259461129511, 0.02426587898760625, 0.0, 0.0, 0.0, 1.0], "right_foot_pose": [0.9999999999999999, 3.180975422105086e-12, 3.7073677461307827e-11, -7.066116897665835e-11, 4.747062308443064e-12, 0.97729235575918, -0.21189537837025255, -0.13999999993232481, -3.6905949432976266e-11, 0.21189537837025246, 0.97729235575918, 1.212273059714164e-10, 0.0, 0.0, 0.0, 1.0]}, {"left_foot_pose": [0.9998307008973981, 0.01796020457956688, -0.0040000743091254225, -0.012475279013626493, -0.01840025897339849, 0.9759612040665459, -0.21716620047026422, 0.0009200520327277001, 3.567950876143065e-06, 0.21720303683060954, 0.976126447126002, 0.02500000263430928, 0.0, 0.0, 0.0, 1.0], "right_foot_pose": [1.0, -1.9113668026006213e-11, -2.5010327142638166e-11, 4.814487475935201e-11, 1.350769473299897e-11, 0.9782322452623117, -0.20751307026078292, -0.13999999990502096, 2.8432074685906692e-11, 0.20751307026078272, 0.9782322452623116, 3.0883118284918964e-10, 0.0, 0.0, 0.0, 1.0]}, {"left_foot_pose": [0.9997115677536832, 0.023493669376547455, -0.00498285045923947, -0.016283620743882034, -0.024016271310598733, 0.9779871843308736, -0.20727828153693853, 0.0012009174220632586, 3.436475205360661e-06, 0.2073381652851111, 0.9782693316282567, 0.025000002749790882, 0.0, 0.0, 0.0, 1.0], "right_foot_pose": [0.9999999999999998, -6.760944655014254e-11, -1.8159745929224825e-10, 1.1821957531687516e-10, 3.033108937206048e-11, 0.980219020390268, -0.19791582065399355, -0.13999999985605163, 1.9138607260756887e-10, 0.19791582065399338, 0.9802190203902679, 6.684062262007906e-10, 0.0, 0.0, 0.0, 1.0]}, {"left_foot_pose": [0.9995641772132214, 0.028976401888635237, -0.005641255679810666, -0.020016626913780696, -0.02952042721571627, 0.9811629060368192, -0.19091332115488038, 0.0014762259629465119, 3.009696821786279e-06, 0.1909966490569223, 0.9815906886477529, 0.024910271578566907, 0.0, 0.0, 0.0, 1.0], "right_foot_pose": [1.0, -1.3961953351131786e-10, -4.495933625392458e-10, 2.3902044050910016e-10, 5.501821423671511e-11, 0.9831254105321683, -0.18293284878871732, -0.13999999986349496, 4.675474596388008e-10, 0.18293284878871718, 0.9831254105321683, 1.2308588384635222e-09, 0.0, 0.0, 0.0, 1.0]}, {"left_foot_pose": [0.9994016870031968, 0.034121419469771486, -0.005656566850360136, -0.023453479722365927, -0.03458710756829913, 0.9859563350389083, -0.16338248800499966, 0.001729687026360987, 2.285513449852643e-06, 0.1634803784250967, 0.986546585754958, 0.02116383408978227, 0.0, 0.0, 0.0, 1.0], "right_foot_pose": [1.0000000000000002, -2.2725184134708965e-10, -8.54721959875347e-10, 5.596713852980424e-10, 8.57642903924711e-11, 0.986786918101956, -0.16202338801186722, -0.14000000021580414, 8.802482888054216e-10, 0.16202338801186708, 0.9867869181019558, 2.091188652797449e-09, 0.0, 0.0, 0.0, 1.0]}, {"left_foot_pose": [0.9992434602306167, 0.038573430771144224, -0.004959599266944246, -0.026373361027336752, -0.038890965329855656, 0.9910896001689823, -0.12739268916464608, 0.0019450238947410301, 1.434178231560116e-06, 0.12748919513210474, 0.9918399594302058, 0.013996812065723722, 0.0, 0.0, 0.0, 1.0], "right_foot_pose": [0.9999999999999998, -2.984975030525627e-10, -1.3608904003703494e-09, 8.135838514044742e-10, 1.1202512163837374e-10, 0.9908436831001578, -0.1350140572700272, -0.1400000005382421, 1.3887307722807323e-09, 0.13501405727002705, 0.9908436831001579, 3.224120789790952e-09, 0.0, 0.0, 0.0, 1.0]}, {"left_foot_pose": [0.9991131117615888, 0.04194285929702733, -0.0037130122630421266, -0.028555464563387433, -0.04210688667700428, 0.9952224643046028, -0.08808664278904313, 0.002105955084145383, 6.675499695168828e-07, 0.08816486316818244, 0.9961058964297377, 0.006287910296923646, 0.0, 0.0, 0.0, 1.0], "right_foot_pose": [1.0, -3.200461247362358e-10, -1.926112436212433e-09, 9.394884259333022e-10, 1.2171914033593722e-10, 0.994774221378595, -0.10209920901069917, -0.1400000006837384, 1.9487234365958274e-09, 0.10209920901069904, 0.9947742213785947, 4.4875845192637875e-09, 0.0, 0.0, 0.0, 1.0]}, {"left_foot_pose": [0.9990354963470148, 0.043859421949352766, -0.0021043157898951166, -0.02977897683010606, -0.043909874045080045, 0.9978877674129201, -0.04787407031999839, 0.0021961950778951102, 1.4193491241352461e-07, 0.04792029584557665, 0.9988511627094665, 0.0009158377756178643, 0.0, 0.0, 0.0, 1.0], "right_foot_pose": [0.9999999999999998, -2.568038995420177e-10, -2.4306398560547377e-09, 8.641897787515844e-10, 1.0070979373116998e-10, 0.9979497217750233, -0.06400275626216123, -0.14000000052958034, 2.442092286414404e-09, 0.06400275626216108, 0.9979497217750234, 5.550034994084019e-09, 0.0, 0.0, 0.0, 1.0]}, {"left_foot_pose": [0.9990235181155571, 0.04418049344347019, -0.00030700343251400614, -0.02996335381837097, -0.04418156009033691, 0.9989993997368187, -0.006941835021105744, 0.0022097976837885946, 2.548162805801705e-09, 0.006948620335564225, 0.9999758580462998, 6.294784776761375e-09, 0.0, 0.0, 0.0, 1.0], "right_foot_pose": [0.9999999999999998, -1.0028988869601939e-10, -2.6425803767438075e-09, 8.157666162597401e-10, 4.0580097309780104e-11, 0.9997449126654977, -0.022585606023661116, -0.14000000038109778, 2.6441712769370642e-09, 0.02258560602366096, 0.9997449126654977, 6.035605924770149e-09, 0.0, 0.0, 0.0, 1.0]}, {"left_foot_pose": [0.9990235181134407, 0.04415617329124072, 0.0014975368171126094, -0.0299633536253331, -0.04418156013819174, 0.9984494745760516, 0.03386202094622162, 0.0022097975244396526, 2.4166882883135742e-09, -0.03389511880906994, 0.9994253953752227, 5.924092001674541e-09, 0.0, 0.0, 0.0, 1.0], "right_foot_pose": [0.9999999999999999, 5.895995342576652e-11, -2.475327220974322e-09, 9.521226135232874e-10, -1.2129323064485713e-11, 0.9998211014724561, 0.018914678173431284, -0.14000000051152378, 2.475999436433772e-09, -0.018914678173431437, 0.9998211014724564, 5.982816082827913e-09, 0.0, 0.0, 0.0, 1.0]}, {"left_foot_pose": [0.9990235181122593, 0.044066868908931536, 0.0031814027045489624, -0.02996335342883063, -0.04418156016490858, 0.9964301420053712, 0.07193720765050124, 0.002209797470200587, 1.9505390102340157e-09, -0.07200752160517583, 0.9974040890392826, 4.843814432886617e-09, 0.0, 0.0, 0.0, 1.0], "right_foot_pose": [0.9999999994147997, 3.4148383200614224e-05, 2.0708392737265126e-06, -1.5697488868217164e-05, -3.4210956602295674e-05, 0.9983463738763095, 0.05748492495980223, -0.13999554365318664, -1.043976341744448e-07, -0.05748492499700757, 0.9983463744603259, 3.7403655989878826e-05, 0.0, 0.0, 0.0, 1.0]}, {"left_foot_pose": [0.9990235181120051, 0.043938169075347505, 0.004631150766192293, -0.029963353172330794, -0.044181560170652626, 0.993520010214513, 0.10471857067512777, 0.0022097979025145174, 1.3071198086263701e-09, -0.10482092635376278, 0.9944911127799684, 3.2212183059820987e-09, 0.0, 0.0, 0.0, 1.0], "right_foot_pose": [0.9999938081588537, 0.0035048438675725395, 0.00031577431418397723, -0.0016148058220173068, -0.003519039833228229, 0.9960007399298721, 0.08927565411577254, -0.13954161708624307, -1.6142217268564496e-06, -0.0892762125574941, 0.9960069065366883, 0.003492989932595676, 0.0, 0.0, 0.0, 1.0]}, {"left_foot_pose": [0.9990235181126557, 0.043798105058697856, 0.005808291580204119, -0.029963353089099684, -0.044181560155944904, 0.9903529154568594, 0.1313358008628492, 0.0022097979939434548, 7.038804725994399e-10, -0.13146417321600098, 0.991320922386204, 1.9751685842450684e-09, 0.0, 0.0, 0.0, 1.0], "right_foot_pose": [0.9999281298319935, 0.011910538045280097, 0.0013690340255734415, -0.005501580581647031, -0.011988959839136528, 0.9934212437955915, 0.11388809076279757, -0.13843831816147564, -3.5590465491809414e-06, -0.11389631890053174, 0.9934926414061864, 0.010538499208268992, 0.0, 0.0, 0.0, 1.0]}, {"left_foot_pose": [0.9990235181135724, 0.04366983712079011, 0.006704892379894073, -0.029963353143547377, -0.044181560135222404, 0.987452551478628, 0.15160952582989673, 0.002209797892385598, 2.110355603386013e-10, -0.15175771447999648, 0.9884177234832495, 1.0930842342382618e-09, 0.0, 0.0, 0.0, 1.0], "right_foot_pose": [0.9997023089166565, 0.024187553018270243, 0.00320247181003305, -0.01119707736460973, -0.024398637612966925, 0.9910824825612623, 0.13099701997693042, -0.13682160001411559, -5.416345892620735e-06, -0.13103615928129764, 0.9913775894841832, 0.018295211846545346, 0.0, 0.0, 0.0, 1.0]}, {"left_foot_pose": [0.9990235181142619, 0.04357084636887099, 0.007320628477410049, -0.02996335327527038, -0.04418156011962454, 0.9852141964106705, 0.1655324044900981, 0.0022097977219772977, -1.3748495813794222e-10, -0.16569420188279904, 0.9861771805626123, 5.251714271792274e-10, 0.0, 0.0, 0.0, 1.0], "right_foot_pose": [0.9992116331563599, 0.0393159326454058, 0.005510862475342555, -0.01822235845609283, -0.039700278589653165, 0.9895614773711529, 0.1385350871906654, -0.13482741317234745, -6.7010556759202e-06, -0.13864465349678398, 0.9903421933916845, 0.023884422057979464, 0.0, 0.0, 0.0, 1.0]}, {"left_foot_pose": [0.9990235181144271, 0.043512833442521846, 0.007657909641498205, -0.029963353469556055, -0.04418156011588968, 0.9839024219616762, 0.17315892643370884, 0.002209797639971686, -3.1843817577659694e-10, -0.1733281782739091, 0.9848641239360124, 2.4083599697855007e-10, 0.0, 0.0, 0.0, 1.0], "right_foot_pose": [0.9983830843774638, 0.05632538195383067, 0.007659515434872911, -0.026098480333809747, -0.05684379279645335, 0.9892945657024419, 0.13440627028576618, -0.13259170642717244, -7.032484798248353e-06, -0.13462434259587558, 0.9908967082048321, 0.02500000639093035, 0.0, 0.0, 0.0, 1.0]}, {"left_foot_pose": [0.9990235181140531, 0.04349881720430915, 0.007737128462612041, -0.029963353751341633, -0.0441815601243419, 0.9835854898281414, 0.1749502041854051, 0.0022097976303595505, -3.3704425482879113e-10, -0.1751212068864361, 0.9845468820216937, 1.7943239255524546e-10, 0.0, 0.0, 0.0, 1.0], "right_foot_pose": [0.9972001543713169, 0.07420510606873193, 0.009244152484122118, -0.03434648392751135, -0.07477868733032518, 0.9895620757075451, 0.12318703764003844, -0.13025043638798395, -6.555525973256282e-06, -0.12353339853943578, 0.9923404150805922, 0.0250000071110639, 0.0, 0.0, 0.0, 1.0]}, {"left_foot_pose": [0.9990235181132744, 0.04352848626512323, 0.007568430487529143, -0.02996335399001023, -0.04418156014195918, 0.9842563590615514, 0.17113564617087165, 0.0022097976243259368, -2.1164430400042838e-10, -0.1713029203789777, 0.9852184069888436, 3.439140222605275e-10, 0.0, 0.0, 0.0, 1.0], "right_foot_pose": [0.9957166694263689, 0.09192111118259748, 0.009941003239876223, -0.04248743017324135, -0.09245709381458184, 0.9899507514983678, 0.10700091313244925, -0.12793955625830575, -5.460795275889475e-06, -0.10746170911898305, 0.9942092239782362, 0.024992556877415043, 0.0, 0.0, 0.0, 1.0]}, {"left_foot_pose": [0.9990235181122614, 0.04359996924470608, 0.007145134040874967, -0.029963353955541665, -0.04418156016486244, 0.9858727146115657, 0.1615641678275903, 0.002209797821308322, 5.5188403293128673e-11, -0.16172208651351203, 0.9868363424265024, 7.764525550291168e-10, 0.0, 0.0, 0.0, 1.0], "right_foot_pose": [0.9940596056301906, 0.10844457528784807, 0.009234421746261086, -0.050042378876712715, -0.10883703615715602, 0.9904780822378452, 0.0843069876520665, -0.12579501332412063, -3.856872086063381e-06, -0.084811217990771, 0.9963970379763513, 0.02183779803096622, 0.0, 0.0, 0.0, 1.0]}, {"left_foot_pose": [0.9990235181115333, 0.04370529855441427, 0.006469709292149403, -0.029963353825351553, -0.04418156018131755, 0.988254395771547, 0.14629162306215707, 0.0022097980343783576, 4.1461038168097536e-10, -0.14643461379224934, 0.989220351531202, 1.446300267049505e-09, 0.0, 0.0, 0.0, 1.0], "right_foot_pose": [0.9924209586061956, 0.12268221342286273, 0.007050916878463967, -0.056532364767307164, -0.12288466509145173, 0.9907869442567887, 0.05692618181167902, -0.12395276975760092, -2.1264018529555968e-06, -0.05736118548253494, 0.9983534917029723, 0.014923783157145348, 0.0, 0.0, 0.0, 1.0]}, {"left_foot_pose": [0.9990235181120755, 0.04383034332915874, 0.0055597898000817, -0.02996335353346555, -0.04418156016906818, 0.9910818794573687, 0.12571673696162144, 0.0022097980433975232, 8.18796383409922e-10, -0.12583961703254923, 0.992050598903656, 2.277906294145815e-09, 0.0, 0.0, 0.0, 1.0], "right_foot_pose": [0.9910388175456581, 0.13352032628928753, 0.0037927015840862536, -0.061478452977246495, -0.13357418207564187, 0.990639394799069, 0.028134095950604194, -0.12254877930778178, -7.259307339228821e-07, -0.02838858819555432, 0.9995969628103801, 0.00712921661972641, 0.0, 0.0, 0.0, 1.0]}, {"left_foot_pose": [0.9990235181130994, 0.04395642399329577, 0.004454553473504092, -0.029963353371647437, -0.044181560145910084, 0.99393278742592, 0.10072538817406047, 0.0022097978075335777, 1.1188103694442043e-09, -0.10082384077917038, 0.9949042934526607, 3.0277736290384993e-09, 0.0, 0.0, 0.0, 1.0], "right_foot_pose": [0.9901677965457933, 0.13988466618358272, -0.00012186203656482837, -0.06440170381783147, -0.13988471926428614, 0.9901674208976419, -0.000862501747333039, -0.12171899311582789, 1.3049442313313932e-08, 0.0008710680914473749, 0.9999996206201182, 0.0013328060930684338, 0.0, 0.0, 0.0, 1.0]}, {"left_foot_pose": [0.9990235181194558, 0.044063082285960814, 0.0032334229057139293, -0.02996335209757588, -0.044181560002183304, 0.9963445254126077, 0.07311344907812595, 0.0022097967116385692, 7.124878368800326e-10, -0.07318491278799842, 0.9973183887506608, 3.6675546072340026e-09, 0.0, 0.0, 0.0, 1.0], "right_foot_pose": [0.9899875534486711, 0.14109000448542092, -0.004272546198466959, -0.06499030818666818, -0.14115468117180563, 0.9895339440578593, -0.029965472473892925, -0.12155191755153916, 8.451890025605268e-10, 0.030268534678799017, 0.9995418029319226, 3.0503442549623117e-09, 0.0, 0.0, 0.0, 1.0]}, {"left_foot_pose": [0.999023518120912, 0.04413542887012626, 0.0020184547967321796, -0.029963350985870475, -0.044181559969249606, 0.9979804126073845, 0.045640834903394364, 0.002209795782818029, -5.284204864442072e-10, -0.04568544593681196, 0.9989558749161824, 3.932703544762273e-09, 0.0, 0.0, 0.0, 1.0], "right_foot_pose": [0.9899875534450767, 0.14090570629397564, -0.008380092936649404, -0.06499030716059788, -0.14115468119701516, 0.988241369206756, -0.058773737030459024, -0.12155191791937338, -4.1001914077981753e-10, 0.05936815747648238, 0.9982361553649756, 2.6287428553373182e-09, 0.0, 0.0, 0.0, 1.0]}, {"left_foot_pose": [0.9990235181156683, 0.04417259299236933, 0.000890101187861702, -0.029963353084260035, -0.044181560087825325, 0.9988207557755953, 0.02012678762434561, 0.002209797439577433, 8.567969874494019e-10, -0.02014646023995656, 0.999797039473413, 2.709550660229265e-09, 0.0, 0.0, 0.0, 1.0], "right_foot_pose": [0.9899875534499629, 0.1406293356800976, -0.012166920741548565, -0.06499030913041125, -0.14115468116274665, 0.9863030464831046, -0.0853326226245878, -0.12155191686193183, 9.621713248456144e-10, 0.08619565211959017, 0.996278228988107, 2.533339274468638e-09, 0.0, 0.0, 0.0, 1.0]}, {"left_foot_pose": [0.9988456514226793, 0.04803384370390934, -0.0003383681913830077, -0.030773610960010484, -0.0480350354843036, 0.9988208931363003, -0.007032695104011538, 0.0030646895243100093, 1.6184168262586006e-07, 0.007040830450503152, 0.9999752130460744, 0.002844458691437561, 0.0, 0.0, 0.0, 1.0], "right_foot_pose": [0.9899875534527727, 0.14031205400810992, -0.015400373651916396, -0.0649903097471526, -0.14115468114304025, 0.9840777933370447, -0.1080104284423477, -0.12155191684506067, 6.509018238161747e-10, 0.10910281463334541, 0.994030470276984, 1.8193178699665857e-09, 0.0, 0.0, 0.0, 1.0]}, {"left_foot_pose": [0.9982674726989973, 0.0587895890202204, -0.0024160244186177343, -0.033046197934412574, -0.058839212676092656, 0.9974267266913232, -0.040961835084513946, 0.005462486012314297, 1.6778773353146565e-06, 0.041033024561528374, 0.999157790788081, 0.009617039886658067, 0.0, 0.0, 0.0, 1.0], "right_foot_pose": [0.9899875534530272, 0.14000880522242576, -0.017949330580217908, -0.06499031000591746, -0.14115468114125398, 0.9819509594539693, -0.12588752606727957, -0.12155191673749535, 2.677144687609801e-10, 0.12716071597634981, 0.9918821262188277, 1.250958094056731e-09, 0.0, 0.0, 0.0, 1.0]}, {"left_foot_pose": [0.997171333490458, 0.07491713068469628, -0.006062606274178109, -0.03648242071580458, -0.07516203593017172, 0.993926945772055, -0.08037347089100261, 0.00908803526004084, 4.437915188032956e-06, 0.08060179897624756, 0.996746381975926, 0.017439496146960665, 0.0, 0.0, 0.0, 1.0], "right_foot_pose": [0.9899875534519418, 0.1397674870408141, -0.019740657955970093, -0.06499030999528094, -0.14115468114886848, 0.9802584753735651, -0.13845099294716123, -0.12155191654670543, -9.173998043055895e-11, 0.1398512460601959, 0.9901725248538311, 8.651473565324252e-10, 0.0, 0.0, 0.0, 1.0]}, {"left_foot_pose": [0.995423273569661, 0.09485634781402151, -0.011609466621946932, -0.04078347028783592, -0.09556414795009491, 0.9880606643433645, -0.12084542690529455, 0.013626056720395045, 7.901456890160994e-06, 0.12140179923187272, 0.9926034470425903, 0.02343312152984911, 0.0, 0.0, 0.0, 1.0], "right_foot_pose": [0.9899875534508097, 0.13962648374305184, -0.020714464753681983, -0.06499030972846019, -0.14115468115680832, 0.9792695492047997, -0.14528078327070124, -0.12155191634953626, -3.621675910910132e-10, 0.14675011086121856, 0.9891735969799337, 6.661383181172376e-10, 0.0, 0.0, 0.0, 1.0]}, {"left_foot_pose": [0.9929418341151485, 0.11715830629747086, -0.018451160656004988, -0.04565052905993089, -0.1186023353159188, 0.9808668450022496, -0.1543817295956479, 0.01876126200157416, 1.1029776584680435e-05, 0.15548042848166266, 0.9878389728278104, 0.02500001115723375, 0.0, 0.0, 0.0, 1.0], "right_foot_pose": [0.9899875534510172, 0.13961243559471065, -0.02080893652694006, -0.06499030928715945, -0.1411546811553532, 0.9791710224779635, -0.14594336136799826, -0.12155191626848441, -4.837023665784013e-10, 0.14741939006376434, 0.9890740737847837, 6.996285981109018e-10, 0.0, 0.0, 0.0, 1.0]}, {"left_foot_pose": [0.9897463832388325, 0.14048440011167881, -0.025811435274167113, -0.050784757777753715, -0.1428359082779896, 0.9734687707428499, -0.17876368673421175, 0.024178359824494303, 1.3116874843927606e-05, 0.1806175122009697, 0.9835534119275278, 0.025000010856756932, 0.0, 0.0, 0.0, 1.0], "right_foot_pose": [0.9899875534533789, 0.13972904159179914, -0.02001097057192845, -0.06499030896219742, -0.1411546811387893, 0.9799888381744196, -0.14034683126511321, -0.12155191623988412, -4.2159360551189795e-10, 0.1417662582894417, 0.989900160627632, 9.492914787578854e-10, 0.0, 0.0, 0.0, 1.0]}, {"left_foot_pose": [0.9859847421885779, 0.1635877509437846, -0.03275875321924279, -0.0558873464419762, -0.16683551175344147, 0.9668069174736152, -0.1935207904674165, 0.029562074466266984, 1.3758346746735558e-05, 0.19627387005488223, 0.980549115416657, 0.025000009057538068, 0.0, 0.0, 0.0, 1.0], "right_foot_pose": [0.989987553458022, 0.13996440124097972, -0.01829235860828011, -0.06499030860045155, -0.14115468110622426, 0.9816395322473128, -0.12829335419684504, -0.12155191624802372, -1.5542636240958803e-10, 0.12959087589229035, 0.9915675493305885, 1.4683100568735341e-09, 0.0, 0.0, 0.0, 1.0]}, {"left_foot_pose": [0.9819401566829135, 0.18569251418762353, -0.03621904013382628, -0.06065948189403751, -0.18919177716460708, 0.9637905951684039, -0.18792062185463237, 0.034597121522273455, 1.211750712007122e-05, 0.19137914943800285, 0.9815161847945013, 0.022459728364132958, 0.0, 0.0, 0.0, 1.0], "right_foot_pose": [0.9899875534622169, 0.1403772178272952, -0.014794617432107613, -0.06499030825262189, -0.14115468107680412, 0.984534819881101, -0.10376196052404742, -0.12155191689703897, 6.740582572470459e-10, 0.10481137894692714, 0.9944921190453163, 2.4648587546027834e-09, 0.0, 0.0, 0.0, 1.0]}, {"left_foot_pose": [0.9780178648965125, 0.2053374526553489, -0.03629857408053143, -0.06480232801148306, -0.20852111610165625, 0.9630932645348989, -0.17020666246428723, 0.038968214586134434, 9.109713795103845e-06, 0.17403417579465438, 0.984739613081798, 0.015838563802229026, 0.0, 0.0, 0.0, 1.0], "right_foot_pose": [0.9899875534665561, 0.14073474996950705, -0.010879987698653275, -0.06499030783889839, -0.14115468104637013, 0.9870423699694383, -0.07630672253355045, -0.1215519174390864, 1.3265651922684256e-09, 0.07707846674743267, 0.997025029757962, 3.868929759898165e-09, 0.0, 0.0, 0.0, 1.0]}, {"left_foot_pose": [0.9747120380337109, 0.2211052107577796, -0.032387168569170684, -0.06801707676960303, -0.2234646345243727, 0.9644241568606624, -0.14124306276943224, 0.04236007983061174, 5.390578716628824e-06, 0.1449087003577054, 0.989445030576021, 0.007998176847813981, 0.0, 0.0, 0.0, 1.0], "right_foot_pose": [0.9899875534665172, 0.14102979228569548, -0.005936469424914055, -0.0649903076392793, -0.14115468104664228, 0.9891116474838838, -0.041635379550786396, -0.1215519178567879, 2.123330714171459e-09, 0.04205646798734962, 0.9991152353459682, 5.5858431213806625e-09, 0.0, 0.0, 0.0, 1.0]}, {"left_foot_pose": [0.9725536045629928, 0.23132452137270706, -0.025068946192830375, -0.07000491313893467, -0.23267893382901284, 0.9668933121759581, -0.10477517178033907, 0.04445743844983977, 1.929953316348146e-06, 0.10773248665603996, 0.9941799189860868, 0.0018172760064761873, 0.0, 0.0, 0.0, 1.0], "right_foot_pose": [0.9899875534584305, 0.14115467662655876, -3.555056666972206e-05, -0.06499030773743084, -0.14115468110335952, 0.9899875220656704, -0.00024931282055376465, -0.12155191797048495, 2.9468411625229645e-09, 0.0002518347181669939, 0.999999968289637, 7.274834082360293e-09, 0.0, 0.0, 0.0, 1.0]}, {"left_foot_pose": [0.9719896324389075, 0.23454097388162312, -0.015056095175663314, -0.07051148460483576, -0.23502373163423018, 0.9699930880036425, -0.06226760629637042, 0.04499192317924271, 3.2306897452350687e-09, 0.06406200742888399, 0.9979459199797265, 9.446028813309137e-09, 0.0, 0.0, 0.0, 1.0], "right_foot_pose": [0.9899875534222452, 0.1410024864686637, 0.006553081617947133, -0.06499030961756756, -0.14115468135714498, 0.9889201343094529, 0.04596002489486454, -0.12155191796529914, 3.43457643151139e-09, -0.04642485074858128, 0.9989217853430628, 7.996294210110833e-09, 0.0, 0.0, 0.0, 1.0]}, {"left_foot_pose": [0.9719896324456426, 0.23498864135071224, -0.004061139536125755, -0.07051148769264795, -0.23502373160637502, 0.9718445095443102, -0.01679567951570535, 0.044991922093587544, 2.250719283744224e-09, 0.017279690527499517, 0.9998506950016461, 9.78816330765575e-09, 0.0, 0.0, 0.0, 1.0], "right_foot_pose": [0.9899875533749964, 0.14052631378560346, 0.01330410825339849, -0.06499031271415372, -0.14115468168852216, 0.9855804970298637, 0.09330830462385628, -0.12155191822813655, 2.4694510790253656e-09, -0.09425199736979861, 0.9955483719999761, 7.9068777844582e-09, 0.0, 0.0, 0.0, 1.0]}, {"left_foot_pose": [0.9719896324076176, 0.2349333257153583, 0.0065182022388583115, -0.07051148345836084, -0.23502373176363517, 0.9716157390223144, 0.026957395868622263, 0.04499192284689117, 2.7786355443113772e-09, -0.027734241515575492, 0.99961533193902, 7.533543955329236e-09, 0.0, 0.0, 0.0, 1.0], "right_foot_pose": [0.9899875534162985, 0.1397741319202047, 0.019693555462767846, -0.06499030888950555, -0.14115468139885365, 0.9803050746108887, 0.1381206596108209, -0.12155191805085978, 2.940066223158299e-09, -0.1395175714313197, 0.9902195954746135, 7.900778489777771e-09, 0.0, 0.0, 0.0, 1.0]}, {"left_foot_pose": [0.9719896323878298, 0.23448814719065914, 0.015857596213300417, -0.07051148191911914, -0.23502373184547157, 0.9697746098490525, 0.06558240283449993, 0.04499192341127337, 1.9480756927026743e-09, -0.06747232706236476, 0.9977211459525105, 5.071114868304694e-09, 0.0, 0.0, 0.0, 1.0], "right_foot_pose": [0.9895574544723712, 0.14186207623990865, 0.025518534892569517, -0.06598423005778996, -0.14413897559584374, 0.973930169440247, 0.17516843542223118, -0.12074290555915632, -3.5130710932112377e-06, -0.17701744653845294, 0.9842077136502559, 0.002250299788240623, 0.0, 0.0, 0.0, 1.0]}, {"left_foot_pose": [0.9719896323872529, 0.23383525427169777, 0.023605685573275543, -0.07051148159750154, -0.2350237318478578, 0.9670744351567225, 0.0976262379415146, 0.044991923500311636, 1.1303805070236463e-09, -0.10043958744438174, 0.9949431588156198, 3.202192878914989e-09, 0.0, 0.0, 0.0, 1.0], "right_foot_pose": [0.9880551021792379, 0.1508673938611334, 0.0314029381925579, -0.06930541327829481, -0.15410098959771626, 0.9673325935462023, 0.20129713974168198, -0.1180396086789939, -7.910782250104617e-06, -0.2037318898276051, 0.9790267192496291, 0.008710107939749738, 0.0, 0.0, 0.0, 1.0]}, {"left_foot_pose": [0.9719896323926367, 0.23314100781132532, 0.029688802568430456, -0.07051148158422883, -0.23502373182559147, 0.964203234553985, 0.12278423332987731, 0.044991923383133924, 4.3535315696544027e-10, -0.126322574990985, 0.9919892172033162, 1.8570288640162858e-09, 0.0, 0.0, 0.0, 1.0], "right_foot_pose": [0.9855001231795874, 0.1655440116968926, 0.03721138809983146, -0.0745081246546003, -0.16967470959122372, 0.9615235013511186, 0.2160626049889681, -0.11380483621496978, -1.175376833067737e-05, -0.21924355530045614, 0.9756701611308325, 0.01655846337591753, 0.0, 0.0, 0.0, 1.0]}, {"left_foot_pose": [0.9719896323990171, 0.23253485891986705, 0.03411295788908096, -0.07051148174935896, -0.23502373179920483, 0.9616963798665732, 0.14108124766496752, 0.04499192319031028, -8.645812546091149e-11, -0.14514686472206748, 0.9894101210627246, 9.555125510263274e-10, 0.0, 0.0, 0.0, 1.0], "right_foot_pose": [0.9818971386884502, 0.184724193964103, 0.041892495745025245, -0.08112336622290292, -0.18941491185813264, 0.9575977516213828, 0.21709108055249116, -0.1084203316660926, -1.4184863389626268e-05, -0.22109617421833613, 0.9752520092493042, 0.022916658332810848, 0.0, 0.0, 0.0, 1.0]}, {"left_foot_pose": [0.9719896324099064, 0.23216047744358265, 0.03657413294698491, -0.07051148211775464, -0.23502373175416957, 0.9601480474661892, 0.15125994995110004, 0.04499192302640807, -1.3807677287095563e-10, -0.15561889236218418, 0.987817169490371, 5.005124301127317e-10, 0.0, 0.0, 0.0, 1.0], "right_foot_pose": [0.97729643937896, 0.20737905128359554, 0.04342348058277396, -0.0886821412329733, -0.21187654275290674, 0.9565653783205981, 0.20022738980830404, -0.10226783483072806, -1.4431992221693498e-05, -0.2048819320659749, 0.9787866946912545, 0.025000007549989885, 0.0, 0.0, 0.0, 1.0]}, {"left_foot_pose": [0.9719896324089439, 0.23197279686500594, 0.037746205162293656, -0.07051148237628624, -0.23502373175815064, 0.9593718553607311, 0.15610729852310476, 0.04499192306903064, -2.2993190179994836e-10, -0.16060592970477697, 0.9870186094211525, 2.8151053710345764e-10, 0.0, 0.0, 0.0, 1.0], "right_foot_pose": [0.9718438674548959, 0.23182024431203294, 0.042176671483410345, -0.0967154327696627, -0.23562575649095308, 0.9561577993051635, 0.1739044729326211, -0.09572910083543285, -1.2975985399099634e-05, -0.17894590566709304, 0.9838589140098327, 0.025000009431516652, 0.0, 0.0, 0.0, 1.0]}, {"left_foot_pose": [0.9719896324056942, 0.23201290357764487, 0.0374988942412291, -0.07051148261079217, -0.2350237317715901, 0.9595377249339077, 0.15508449288312645, 0.04499192309773639, -1.7408567474546516e-10, -0.15955364929117555, 0.9871892589558852, 3.3478014804799727e-10, 0.0, 0.0, 0.0, 1.0], "right_foot_pose": [0.9658099314478391, 0.2564017269398202, 0.03833185019011697, -0.10475424345833817, -0.2592511836201789, 0.9552005466163808, 0.14276112753583722, -0.08918587631506657, -1.040461435252853e-05, -0.14781769233094258, 0.9890146256379116, 0.02500001001891613, 0.0, 0.0, 0.0, 1.0]}, {"left_foot_pose": [0.971989632400963, 0.23227295769336787, 0.03585286082610667, -0.07051148257083857, -0.2350237317911556, 0.9606132327214572, 0.14827697938449771, 0.04499192321328625, 1.899672313938784e-11, -0.15254995983220382, 0.9882957602636946, 6.756212950209672e-10, 0.0, 0.0, 0.0, 1.0], "right_foot_pose": [0.9595982882370144, 0.2796185862727476, 0.031377881117455445, -0.11232957660940886, -0.2813736397773922, 0.9536156737348335, 0.10698608155120888, -0.08301989957277718, -7.14236798400903e-06, -0.11149256934024662, 0.9937652675209055, 0.023024940063350603, 0.0, 0.0, 0.0, 1.0]}, {"left_foot_pose": [0.971989632