{"LoopMode": "Wrap", "FrameDuration": 0.0167, "EnableCycleOffsetPosition": true, "EnableCycleOffsetRotation": false, "Debug_info": [{"left_foot_pose": [1.0000000000000004, 1.0417551671506619e-13, -6.037115252155449e-12, 8.132128175930474e-13, -4.290501381947495e-14, 0.999949059295574, 0.010093503549185012, -2.1111584702637742e-15, 6.037513998156173e-12, -0.010093503549185185, 0.9999490592955742, 1.3007095400752178e-11, 0.0, 0.0, 0.0, 1.0], "right_foot_pose": [1.0, -1.554664193265808e-13, -6.0858540429364885e-12, -1.422495737937683e-13, 6.81698277683211e-14, 0.9998970064143684, -0.014351883624957198, -0.1400000000015806, 6.087386807786675e-12, 0.014351883624957045, 0.9998970064143684, 1.0778475334483062e-11, 0.0, 0.0, 0.0, 1.0]}, {"left_foot_pose": [1.0000000000000004, 1.7229631173578616e-13, -1.343941624654122e-11, 2.2325031852812886e-12, -6.985663290600466e-14, 0.999971137670197, 0.007597619796539096, 7.239035759720736e-13, 1.3439839931430424e-11, -0.007597619796539267, 0.9999711376701972, 2.8170431265461815e-11, 0.0, 0.0, 0.0, 1.0], "right_foot_pose": [0.9999999999999998, -3.7674998524133576e-13, -1.3523959729866416e-11, 2.6568217908835025e-13, 1.4890933931085125e-13, 0.9998580585417983, -0.016848227474305474, -0.14000000000277907, 1.3528126735136004e-11, 0.01684822747430532, 0.9998580585417981, 2.493590056662498e-11, 0.0, 0.0, 0.0, 1.0]}, {"left_foot_pose": [1.0000000000000004, 1.7179709919036325e-13, -2.3585688957439298e-11, 4.3317813854630265e-12, -7.427584885459892e-14, 0.9999915096921673, 0.0041207455128088105, 1.999057169799201e-12, 2.3585758805222835e-11, -0.004120745512808984, 0.9999915096921674, 4.884898041623842e-11, 0.0, 0.0, 0.0, 1.0], "right_foot_pose": [0.9999999999999998, -7.669302935942737e-13, -2.372813057149869e-11, 1.0297511576753883e-12, 2.8452483269311124e-13, 0.9997933920508115, -0.020326662577325374, -0.1400000000041324, 2.3738772005864228e-11, 0.020326662577325225, 0.9997933920508113, 4.461227914864807e-11, 0.0, 0.0, 0.0, 1.0]}, {"left_foot_pose": [1.0000000000000004, 1.6511493741953967e-14, -3.633765510713261e-11, 7.127797174751007e-12, -2.7778754596622864e-14, 0.9999999490621575, -0.0003191797038649388, 3.9002516494246464e-12, 3.6337602785227284e-11, 0.0003191797038647651, 0.9999999490621576, 7.486948561119533e-11, 0.0, 0.0, 0.0, 1.0], "right_foot_pose": [0.9999999999999999, -1.4082087837844037e-12, -3.657696368009055e-11, 2.194350084292997e-12, 5.018288669892237e-13, 0.9996931730591342, -0.02477013804886728, -0.14000000000552223, 3.660063960528154e-11, 0.024770138048867123, 0.9996931730591343, 6.955291897980942e-11, 0.0, 0.0, 0.0, 1.0]}, {"left_foot_pose": [1.0000000000000002, -4.007258814025966e-13, -5.1840753911847066e-11, 1.0710751956283895e-11, 1.0487167250298716e-13, 0.9999836792305252, -0.005713254115052028, 6.568030841425099e-12, 5.1841976732899305e-11, 0.005713254115051855, 0.999983679230525, 1.0665323485481437e-10, 0.0, 0.0, 0.0, 1.0], "right_foot_pose": [0.9999999999999998, -2.4154257105147692e-12, -5.2237270065091915e-11, 3.844891000363979e-12, 8.383537079020563e-13, 0.9995447555202359, -0.030170875227472638, -0.14000000000683774, 5.228614708912018e-11, 0.030170875227472492, 0.9995447555202357, 1.0006307588072971e-10, 0.0, 0.0, 0.0, 1.0]}, {"left_foot_pose": [1.0000000000000004, -1.2217200200555666e-12, -7.055300788039175e-11, 1.5261579352912816e-11, 3.7022001159974913e-13, 0.9999271260326346, -0.012072390985899243, 1.023057506766012e-11, 7.056245438121653e-11, 0.01207239098589907, 0.9999271260326345, 1.4529503988836012e-10, 0.0, 0.0, 0.0, 1.0], "right_foot_pose": [0.9999999999999998, -3.951253960694685e-12, -7.119743683503541e-11, 6.125076998456509e-12, 1.3470498474301321e-12, 0.9993321482248148, -0.03654117573883955, -0.14000000000795615, 7.129411778485256e-11, 0.0365411757388394, 0.9993321482248148, 1.3708518348254373e-10, 0.0, 0.0, 0.0, 1.0]}, {"left_foot_pose": [1.0000000000000007, -2.645623424794927e-12, -9.325573646634664e-11, 2.106846161801654e-11, 8.334249091225341e-13, 0.9998112045237403, -0.0194307825058198, 1.5230428029866516e-11, 9.328923730960457e-11, 0.019430782505819623, 0.9998112045237404, 1.9261361949851619e-10, 0.0, 0.0, 0.0, 1.0], "right_foot_pose": [0.9999999999999999, -6.2502900255749766e-12, -9.428130498534411e-11, 9.256532862714885e-12, 2.103776536315788e-12, 0.9990351853706289, -0.04391694879511831, -0.1400000000087146, 9.446482434921917e-11, 0.043916948795118156, 0.999035185370629, 1.8223191705635244e-10, 0.0, 0.0, 0.0, 1.0]}, {"left_foot_pose": [1.0000000000000002, -4.960462021335458e-12, -1.2104234281551377e-10, 2.8544108531347488e-11, 1.588300303340026e-12, 0.9996122166497973, -0.027846298218608484, 2.205550499179143e-11, 1.211332152547362e-10, 0.0278462982186083, 0.9996122166497974, 2.511883340217125e-10, 0.0, 0.0, 0.0, 1.0], "right_foot_pose": [0.9999999999999999, -9.652043441317105e-12, -1.2264350646162817e-10, 1.3563008803615747e-11, 3.217472451055299e-12, 0.9986283686821396, -0.05235820148982117, -0.14000000000886886, 1.2298054388456594e-10, 0.05235820148982102, 0.9986283686821398, 2.377929797514611e-10, 0.0, 0.0, 0.0, 1.0]}, {"left_foot_pose": [1.0000000000000004, -8.583439029409756e-12, -1.5529955099680122e-10, 3.824859193468838e-11, 2.7697463210509068e-12, 0.9993004167625837, -0.03739889113499791, 3.137340734427063e-11, 1.5551175523989018e-10, 0.03739889113499773, 0.9993004167625839, 3.2440560654434236e-10, 0.0, 0.0, 0.0, 1.0], "right_foot_pose": [0.9999999999999998, -1.464358407727373e-11, -1.5775980521937064e-10, 1.950147447142466e-11, 4.8426942491834e-12, 0.9980794056270854, -0.061947558975991364, -0.14000000000804166, 1.5836378156689173e-10, 0.06194755897599123, 0.9980794056270853, 3.067398141043398e-10, 0.0, 0.0, 0.0, 1.0]}, {"left_foot_pose": [1.0000000000000002, -1.4103911856490792e-11, -1.975992147684733e-10, 5.090135746605743e-11, 4.566327238825581e-12, 0.9988383714821576, -0.04818617701034534, 4.4045732339181853e-11, 1.9804900350316805e-10, 0.04818617701034516, 0.9988383714821576, 4.163638045451279e-10, 0.0, 0.0, 0.0, 1.0], "right_foot_pose": [0.9999999999999998, -2.1903062850262454e-11, -2.0132479017220804e-10, 2.7689652293243133e-11, 7.191410920489776e-12, 0.9973475840530456, -0.07278596419333484, -0.14000000000566143, 2.0238478902427087e-10, 0.07278596419333466, 0.9973475840530456, 3.925806069116078e-10, 0.0, 0.0, 0.0, 1.0]}, {"left_foot_pose": [1.0000000000000004, -2.2296012328291446e-11, -2.4927171438093823e-10, 6.732974202050954e-11, 7.221406796736856e-12, 0.9981795065746961, -0.06031312174226433, 6.104240030113672e-11, 2.501625493623824e-10, 0.060313121742264136, 0.9981795065746961, 5.311825077014554e-10, 0.0, 0.0, 0.0, 1.0], "right_foot_pose": [1.0, -3.230234543431282e-11, -2.5482921328645587e-10, 3.888936020777399e-11, 1.0529572465695016e-11, 0.9963824483760224, -0.08498244858912543, -0.14000000000091067, 2.566520584707266e-10, 0.08498244858912526, 0.9963824483760223, 4.986421969777055e-10, 0.0, 0.0, 0.0, 1.0]}, {"left_foot_pose": [1.0000000000000004, -3.4000524844653805e-11, -3.10263481573258e-10, 8.824356701689569e-11, 1.0989344741132548e-11, 0.9972680045453503, -0.07386830924108406, 8.307118708195116e-11, 3.119273337568265e-10, 0.07386830924108385, 0.99726800454535, 6.708126415455595e-10, 0.0, 0.0, 0.0, 1.0], "right_foot_pose": [0.9999999999999999, -4.674988444424226e-11, -3.183877606005578e-10, 5.384812663665527e-11, 1.5119308878928527e-11, 0.9951241420961926, -0.09863032909463945, -0.13999999999277804, 3.214461442007199e-10, 0.0986303290946393, 0.9951241420961926, 6.259679094511306e-10, 0.0, 0.0, 0.0, 1.0]}, {"left_foot_pose": [1.0000000000000004, -4.957552118526603e-11, -3.761657096923435e-10, 1.1352274073259715e-10, 1.5950459471012048e-11, 0.9960433736932409, -0.08886842927489855, 1.0942363855293014e-10, 3.790828204851144e-10, 0.0888684292748984, 0.9960433736932411, 8.287736816270375e-10, 0.0, 0.0, 0.0, 1.0], "right_foot_pose": [1.0, -6.551597791471092e-11, -3.876524656831744e-10, 7.270795762847957e-11, 2.0994890624486293e-11, 0.9935092721356201, -0.11375115902948282, -0.13999999998048757, 3.925888330940923e-10, 0.11375115902948267, 0.9935092721356201, 7.675757043856812e-10, 0.0, 0.0, 0.0, 1.0]}, {"left_foot_pose": [1.0000000000000002, -6.712144397389224e-11, -4.310033441257121e-10, 1.4021038455959708e-10, 2.1438435363789714e-11, 0.9944584812368914, -0.10513005800443682, 1.3488579697629177e-10, 4.3567127258117525e-10, 0.10513005800443662, 0.9944584812368915, 9.736689995931691e-10, 0.0, 0.0, 0.0, 1.0], "right_foot_pose": [0.9999999999999997, -8.610453517501156e-11, -4.462183955666882e-10, 9.323462879878306e-11, 2.7290169578153977e-11, 0.9914923821507391, -0.13016472693111972, -0.13999999996505508, 4.5362967121348827e-10, 0.13016472693111963, 0.991492382150739, 8.938327300533899e-10, 0.0, 0.0, 0.0, 1.0]}, {"left_foot_pose": [1.0000000000000002, -7.805301088342225e-11, -4.3292908147307545e-10, 1.5764477282986388e-10, 2.466444472410581e-11, 0.9925332836584815, -0.12197409901332823, 1.431687060571285e-10, 4.3921649402688525e-10, 0.12197409901332804, 0.9925332836584815, 1.013479584976995e-09, 0.0, 0.0, 0.0, 1.0], "right_foot_pose": [0.9999999999999998, -9.801423232346135e-11, -4.5037662488311923e-10, 1.0647340807431849e-10, 3.065646328213535e-11, 0.9891084454026506, -0.14718859749706056, -0.13999999995338, 4.598977180493089e-10, 0.14718859749706042, 0.9891084454026503, 9.218230762053636e-10, 0.0, 0.0, 0.0, 1.0]}, {"left_foot_pose": [0.9999999947718012, 0.00010122909937727852, -1.4459177173022648e-05, -3.098165429573022e-05, -0.00010225588020073476, 0.9904510054988237, -0.13786513428022723, 2.576573657920092e-05, 3.65143190673474e-07, 0.13786513503797654, 0.9904510106718195, 0.00016386108842788433, 0.0, 0.0, 0.0, 1.0], "right_foot_pose": [0.9999999999999998, -8.0813215846698e-11, -3.357826794392333e-10, 3.306933614819756e-11, 2.5005971167791196e-11, 0.9866289208850365, -0.16298273673376842, -0.14000000000483484, 3.444638261360615e-10, 0.16298273673376829, 0.9866289208850362, 6.794806800547448e-10, 0.0, 0.0, 0.0, 1.0]}, {"left_foot_pose": [0.9999958310896583, 0.0028507799595618435, -0.000459191601372088, -0.000874971125107806, -0.0028875246867732674, 0.9873866859101378, -0.15830096237414076, 0.000727681199202003, 2.1184623607836295e-06, 0.1583016283587063, 0.9873908012810811, 0.004191209309085814, 0.0, 0.0, 0.0, 1.0], "right_foot_pose": [0.9999999999999998, -5.031905312710508e-11, -1.7700685361887705e-10, -1.6586876992401273e-10, 1.8423555809535622e-11, 0.984431564054687, -0.17576830116048517, -0.14000000011773922, 1.8309536990412596e-10, 0.17576830116048495, 0.984431564054687, 3.622631014610356e-10, 0.0, 0.0, 0.0, 1.0]}, {"left_foot_pose": [0.9999598986590528, 0.008801674364693994, -0.001652755927595286, -0.0027137399588776823, -0.008955504301652347, 0.982866908579637, -0.18409899228896312, 0.0022569256769767176, 4.059728196400501e-06, 0.18410641093532407, 0.9829063177312644, 0.011469802600207565, 0.0, 0.0, 0.0, 1.0], "right_foot_pose": [1.0, -1.3078551748101956e-11, 2.6340041259239937e-13, -2.324532751848739e-10, 1.2902640075693421e-11, 0.9828257295278858, -0.18453613569699434, -0.14000000007837973, 2.1543628674434104e-12, 0.18453613569699417, 0.9828257295278855, 1.7357971310305587e-10, 0.0, 0.0, 0.0, 1.0]}, {"left_foot_pose": [0.9998450904830042, 0.017201885735387275, -0.0037269510569370944, -0.005333767848973667, -0.017600994300026603, 0.9772460107380385, -0.21137748105283374, 0.00443591945821897, 6.056776502730504e-06, 0.2114103347136493, 0.9773973963233071, 0.01912092751540114, 0.0, 0.0, 0.0, 1.0], "right_foot_pose": [0.9999999999999999, 1.2401301488866904e-11, 1.3229678463844144e-10, -1.7851744862171758e-10, 1.2764841108417924e-11, 0.9820649274984313, -0.1885430406498775, -0.13999999993922102, -1.322623522391068e-10, 0.18854304064987734, 0.982064927498431, 1.0599215949369523e-10, 0.0, 0.0, 0.0, 1.0]}, {"left_foot_pose": [0.9996046113243783, 0.027335743771152877, -0.006586207673442501, -0.008521533436141558, -0.02811798283709685, 0.9718602927473415, -0.23387379165315947, 0.007087078219137545, 7.759674187652555e-06, 0.23396651147873812, 0.972244656167499, 0.024265880172595795, 0.0, 0.0, 0.0, 1.0], "right_foot_pose": [1.0, 9.879609547129504e-12, 1.7182183453812164e-10, 8.95215883930955e-12, 2.246472039775411e-11, 0.9823168466066035, -0.1872261009391032, -0.13999999981333097, -1.70633505115255e-10, 0.18722610093910308, 0.9823168466066035, 1.7474987429322297e-10, 0.0, 0.0, 0.0, 1.0]}, {"left_foot_pose": [0.9992076757026346, 0.03858229376768555, -0.009768696154719722, -0.012063500370334821, -0.039799758049010404, 0.9686959516492023, -0.24503904284355904, 0.01003281165721922, 8.728082425143562e-06, 0.24523368419952282, 0.9694639962668807, 0.02500000424261057, 0.0, 0.0, 0.0, 1.0], "right_foot_pose": [1.0, -2.8689455266803583e-11, 8.88291662448639e-11, 2.5732833567099186e-10, 4.422434766855151e-11, 0.9836355765811966, -0.18016951041665452, -0.13999999977622937, -8.220664381874693e-11, 0.18016951041665435, 0.9836355765811968, 4.40605177343123e-10, 0.0, 0.0, 0.0, 1.0]}, {"left_foot_pose": [0.998650226581798, 0.05029829030647245, -0.012954031819098792, -0.015746137862856932, -0.05193962714478837, 0.9671349912329886, -0.2489019563298538, 0.013095538723210322, 8.954592467961431e-06, 0.24923882266816666, 0.9684420525745474, 0.02500000387226879, 0.0, 0.0, 0.0, 1.0], "right_foot_pose": [0.9999999999999998, -9.993867135504259e-11, -1.2851658626189468e-10, 4.738409963667046e-10, 7.70202832041646e-11, 0.985895400187731, -0.16736265978011375, -0.1399999997117019, 1.4342973652075488e-10, 0.1673626597801136, 0.9858954001877311, 9.139615522735234e-10, 0.0, 0.0, 0.0, 1.0]}, {"left_foot_pose": [0.9979606696490764, 0.06187152281379383, -0.015697659006049497, -0.019355926473538024, -0.06383182406162226, 0.9673452317017014, -0.24529309191444573, 0.016097678444093315, 8.398455930383081e-06, 0.2457948684750859, 0.9693218673695454, 0.024910272238478387, 0.0, 0.0, 0.0, 1.0], "right_foot_pose": [0.9999999999999998, -1.9686738641719285e-10, -5.083727327992435e-10, 7.353972775141597e-10, 1.1920769098762655e-10, 0.9889169699475611, -0.1484696149039759, -0.13999999973190005, 5.319670259464811e-10, 0.14846961490397576, 0.9889169699475607, 1.6330828911392814e-09, 0.0, 0.0, 0.0, 1.0]}, {"left_foot_pose": [0.9972006191091141, 0.07280553632719064, -0.017037579890070938, -0.02267933720042573, -0.0747724895984119, 0.9709894461601387, -0.22713117409304118, 0.018861642440960766, 6.903314900497032e-06, 0.22776928968967283, 0.9737151280670373, 0.02116383464394843, 0.0, 0.0, 0.0, 1.0], "right_foot_pose": [1.0, -2.9779744390009803e-10, -1.0747999157345568e-09, 1.1377293869930656e-09, 1.6344325356181313e-10, 0.9924186389135328, -0.12290339758123518, -0.1400000001884554, 1.1032515652851037e-09, 0.122903397581235, 0.9924186389135328, 2.713084500116647e-09, 0.0, 0.0, 0.0, 1.0]}, {"left_foot_pose": [0.9964606619649716, 0.08242110907916836, -0.016519985910723633, -0.025502840316529735, -0.08406038980044073, 0.9770396482646365, -0.1957737893220492, 0.021209853980598457, 4.788378995333161e-06, 0.1964695561583931, 0.9805099252327822, 0.013996812097646062, 0.0, 0.0, 0.0, 1.0], "right_foot_pose": [1.0000000000000002, -3.5396442005546554e-10, -1.7948678654455796e-09, 1.4183622468960134e-09, 1.9022670578992096e-10, 0.9959039256909364, -0.0904177570689619, -0.14000000063797519, 1.8195204480786287e-09, 0.09041775706896174, 0.9959039256909367, 4.149290300237141e-09, 0.0, 0.0, 0.0, 1.0]}, {"left_foot_pose": [0.9958511911248151, 0.08986181013951838, -0.014326905239330959, -0.027612918263277178, -0.09099673141733852, 0.9834352856129304, -0.15676298632896724, 0.022964736288624655, 2.578431593144023e-06, 0.1574163082080899, 0.9875323315737506, 0.006287909794199714, 0.0, 0.0, 0.0, 1.0], "right_foot_pose": [0.9999999999999998, -3.0987525436473364e-10, -2.615246241788325e-09, 1.4887964953412346e-09, 1.7577667473092648e-10, 0.9986924769667408, -0.051120802517519735, -0.14000000092630505, 2.6276675447395874e-09, 0.05112080251751959, 0.9986924769667409, 5.784419561394305e-09, 0.0, 0.0, 0.0, 1.0]}, {"left_foot_pose": [0.9954883330058775, 0.09426806578467631, -0.010794008634232546, -0.02879604539365548, -0.09488402841710858, 0.9890267451018963, -0.1132392097486143, 0.02394870735829299, 7.219521294385663e-07, 0.1137524911655358, 0.9935091196124546, 0.0009158379584353338, 0.0, 0.0, 0.0, 1.0], "right_foot_pose": [0.9999999999999998, -1.1571442881267519e-10, -3.3689637746192594e-09, 1.2373245751424184e-09, 9.619120509940002e-11, 0.9999832119677476, -0.005794461378458876, -0.14000000089794495, 3.369577786491628e-09, 0.0057944613784587295, 0.9999832119677476, 7.1958331654409236e-09, 0.0, 0.0, 0.0, 1.0]}, {"left_foot_pose": [0.9954323381016376, 0.095260355992379, -0.006318610425809731, -0.028974335387050333, -0.09546968242069231, 0.9932497597468519, -0.06588212581052612, 0.024096989666169598, 3.529123710665948e-09, 0.0661844342653702, 0.9978074065975729, 8.401586426565189e-09, 0.0, 0.0, 0.0, 1.0], "right_foot_pose": [0.9999999999999998, 2.0635179730661583e-10, -3.693233496804284e-09, 1.002810371944175e-09, -4.6383963775737235e-11, 0.9990637858980247, 0.04326143440878721, -0.14000000085175793, 3.6987027954042136e-09, -0.043261434408787366, 0.9990637858980249, 7.829870578290876e-09, 0.0, 0.0, 0.0, 1.0]}, {"left_foot_pose": [0.9954323380938781, 0.09545386284771551, -0.001737913808413841, -0.02897433527612666, -0.09546968250159778, 0.9952673921796668, -0.018120645323239783, 0.02409698939978604, 3.3505364192378268e-09, 0.018203794421386713, 0.9998342972056244, 7.558264188134434e-09, 0.0, 0.0, 0.0, 1.0], "right_foot_pose": [0.9999999999999997, 4.399360536772148e-10, -3.433291817511733e-09, 9.902377487859236e-10, -1.2219315700851373e-10, 0.9957586288017286, 0.09200409320731771, -0.14000000104356347, 3.459205824383876e-09, -0.09200409320731787, 0.9957586288017286, 7.70774929992335e-09, 0.0, 0.0, 0.0, 1.0]}, {"left_foot_pose": [0.9954323380882963, 0.09543485312658195, 0.0025785842581645606, -0.028974335201093847, -0.09546968255979829, 0.9950691817727769, 0.02688611533837831, 0.02409698915253333, 2.7405583990110313e-09, -0.02700948527397435, 0.9996351773048184, 5.944629247189859e-09, 0.0, 0.0, 0.0, 1.0], "right_foot_pose": [0.9999999999634517, -8.459932908388993e-06, -1.235348868810992e-06, -2.702953185874828e-06, 8.549397535782908e-06, 0.9905917144608075, 0.13685048472148642, -0.13999148299318712, 6.598043456453847e-08, -0.13685048472704642, 0.9905917144969304, 3.740489690960691e-05, 0.0, 0.0, 0.0, 1.0]}, {"left_foot_pose": [0.9954323380878325, 0.09525983005374829, 0.0063265367400512544, -0.028974335547225907, -0.09546968256463494, 0.993244270625176, 0.06596482836535678, 0.024096989317129378, 1.9696526116689907e-09, -0.06626751578559599, 0.9978018923371547, 4.108021020576835e-09, 0.0, 0.0, 0.0, 1.0], "right_foot_pose": [0.9999996134656306, -0.0008657414540754628, -0.00015349372564148995, -0.00027811379489367895, 0.0008792428380700874, 0.9847995772314343, 0.17369231306197674, -0.1391238702702738, 7.879204474069195e-07, -0.1736923808821872, 0.9847999577695241, 0.0034929892526843545, 0.0, 0.0, 0.0, 1.0]}, {"left_foot_pose": [0.9954323380892947, 0.09500591721202777, 0.009398722295222114, -0.02897433571940437, -0.0954696825493901, 0.9905968015574975, 0.09799753291780167, 0.024096989258107417, 1.2549973437971296e-09, -0.09844720635324475, 0.9951422750347022, 2.5823221061482826e-09, 0.0, 0.0, 0.0, 1.0], "right_foot_pose": [0.9999955134826246, -0.0029336209607866534, -0.000605708412144002, -0.000947520919284214, 0.002995498644455381, 0.9794450311798667, 0.20168901280174115, -0.13701507109182812, 1.578979102537311e-06, -0.2016899223192084, 0.9794494245403272, 0.010538497174716992, 0.0, 0.0, 0.0, 1.0]}, {"left_foot_pose": [0.9954323380913898, 0.09473998723073594, 0.011781133282937308, -0.02897433574245623, -0.0954696825275453, 0.9878240339873146, 0.12283817645634286, 0.02409698906321604, 6.644272791772508e-10, -0.12340183425115689, 0.9923567842784424, 1.4351498461850909e-09, 0.0, 0.0, 0.0, 1.0], "right_foot_pose": [0.999981416133268, -0.005947589205694428, -0.0013392426008709908, -0.001928435768955398, 0.006096505798249533, 0.9756370022413204, 0.21930634389962694, -0.13392494101204186, 2.2705926699416075e-06, -0.21931043304004008, 0.9756551306453702, 0.01829520861759993, 0.0, 0.0, 0.0, 1.0]}, {"left_foot_pose": [0.9954323380930671, 0.0945129824305428, 0.013481707260385303, -0.02897433564518159, -0.09546968251005535, 0.9854571270802882, 0.1405695216186439, 0.02409698883428043, 2.2205557289503365e-10, -0.14121454188131324, 0.9899790165257303, 6.512008710046757e-10, 0.0, 0.0, 0.0, 1.0], "right_foot_pose": [0.9999507816134179, -0.009671676132673912, -0.0022120197782036543, -0.003138373527650258, 0.009921408339982837, 0.9748414781638217, 0.2226783736870878, -0.13011333093603542, 2.6955182595667266e-06, -0.22268936016828406, 0.9748894546873375, 0.02388441801960419, 0.0, 0.0, 0.0, 1.0]}, {"left_foot_pose": [0.9954323380936344, 0.09435981275967552, 0.014515027158085362, -0.028974335487432657, -0.09546968250413804, 0.9838600755933393, 0.15134362020259756, 0.02409698875132282, -5.2304847500637956e-11, -0.15203807874814818, 0.988374636770174, 2.0417141588513488e-10, 0.0, 0.0, 0.0, 1.0], "right_foot_pose": [0.9998990425047987, -0.013896776304174234, -0.0029638499182981755, -0.004494850180092715, 0.014209320552242718, 0.9779455197659536, 0.20837623563914937, -0.12584009032378887, 2.7258150751567773e-06, -0.2083973127898978, 0.9780442525849837, 0.025000002072660538, 0.0, 0.0, 0.0, 1.0]}, {"left_foot_pose": [0.9954323380929485, 0.09429414755789714, 0.014935662527543386, -0.028974335323440632, -0.09546968251129301, 0.9831754053043821, 0.15572945169671, 0.024096988799863106, -1.6160712545545028e-10, -0.15644403517198932, 0.9876868247876486, 7.98327376427821e-12, 0.0, 0.0, 0.0, 1.0], "right_foot_pose": [0.9998251512151882, -0.018381848794438962, -0.0034314184275221096, -0.0059153746537374055, 0.018699384791840398, 0.9828709136838121, 0.18334421191506156, -0.12136507969652456, 2.4357843318773885e-06, -0.18337631981596408, 0.9830427891627204, 0.02500000334119236, 0.0, 0.0, 0.0, 1.0]}, {"left_foot_pose": [0.9954323380911755, 0.09431912076808019, 0.014777135712751494, -0.02897433513519043, -0.09546968252977862, 0.9834357928608174, 0.15407654278922517, 0.024096988836470268, -1.2901684504282331e-10, -0.15478354168887934, 0.9879484071662085, 6.645157341056418e-11, 0.0, 0.0, 0.0, 1.0], "right_foot_pose": [0.9997324475573192, -0.022865081716401937, -0.0034959031957219433, -0.007317461149960545, 0.023130786786472124, 0.9882609916909817, 0.15101383712956934, -0.11694815398959683, 1.9210327847066315e-06, -0.15105429600001333, 0.9885254673786862, 0.024992554311763573, 0.0, 0.0, 0.0, 1.0]}, {"left_foot_pose": [0.9954323380885023, 0.09443265024822749, 0.01403334795245578, -0.028974334988452317, -0.09546968255765123, 0.9846195284563433, 0.14632130362578913, 0.02409698900069847, 4.554781781246367e-11, -0.14699271665461902, 0.9891375744811721, 4.144179235887613e-10, 0.0, 0.0, 0.0, 1.0], "right_foot_pose": [0.9996288460588664, -0.027075781538706486, -0.0030120061566129104, -0.008618627245934683, 0.02724279951537448, 0.9935055076634013, 0.1104745948942669, -0.1128491607143843, 1.258708776756484e-06, -0.11051564729284061, 0.9938743842668749, 0.0218377957895362, 0.0, 0.0, 0.0, 1.0]}, {"left_foot_pose": [0.9954323380858926, 0.0946189614667322, 0.012716619983765743, -0.028974334906535847, -0.09546968258486256, 0.9865621362284772, 0.13259219836570355, 0.02409698919210126, 3.311638754271725e-10, -0.13320061370452319, 0.9910890961506637, 9.64336256681353e-10, 0.0, 0.0, 0.0, 1.0], "right_foot_pose": [0.9995263428966933, -0.030706602708399738, -0.0020480248215683466, -0.009736376806246717, 0.03077482502270902, 0.9973119084478722, 0.06649712334293002, -0.1093279681743769, 6.187956039176076e-07, -0.0665286541136353, 0.9977845149036165, 0.014923782144115869, 0.0, 0.0, 0.0, 1.0]}, {"left_foot_pose": [0.9954323380821161, 0.09484791519170785, 0.010878110321165223, -0.02897433473546728, -0.09546968262423831, 0.9889493639999501, 0.11342263946727038, 0.024096989290568055, 6.053734452750744e-10, -0.113943092936263, 0.9934872780122147, 1.6044208461796217e-09, 0.0, 0.0, 0.0, 1.0], "right_foot_pose": [0.9994398438929727, -0.03345556669497679, -0.0008505858616616425, -0.010588223258185573, 0.033466377741893726, 0.9991171075330437, 0.025396987924584852, -0.10664443356177293, 1.642624493300166e-07, -0.025411227674447236, 0.9996770826162068, 0.007129216935358541, 0.0, 0.0, 0.0, 1.0]}, {"left_foot_pose": [0.9954323380842017, 0.095081484245117, 0.008600677296927116, -0.028974334933789963, -0.09546968260249035, 0.9913847150588939, 0.08967656578714527, 0.024096989121867928, 9.657188262484994e-10, -0.09008805748456396, 0.9959338039742697, 2.243469743312687e-09, 0.0, 0.0, 0.0, 1.0], "right_foot_pose": [0.9993853131233384, -0.035055264449656245, 0.00035262973651034027, -0.011091681742883325, 0.0350570380004595, 0.9993347616291081, -0.010051780256677783, -0.10505840983127235, -2.733859128909176e-08, 0.010057963713339701, 0.9999494174036707, 0.001332806823719404, 0.0, 0.0, 0.0, 1.0]}, {"left_foot_pose": [0.9954323381064867, 0.0952759916787954, 0.006078294290039663, -0.028974336898514537, -0.09546968237013341, 0.9934127858203124, 0.06337646816344786, 0.02409698819603964, 5.896676780131524e-10, -0.06366727871009464, 0.9979711807570659, 2.9463577966293286e-09, 0.0, 0.0, 0.0, 1.0], "right_foot_pose": [0.9993740270443038, -0.0353496729757471, 0.001398102199063157, -0.011193054928861983, 0.03537731009066818, 0.9985933050434022, -0.03949502567721245, -0.10473906435192333, 7.461071866462841e-10, 0.039519763954288537, 0.9992187889831724, 2.3218050468343243e-09, 0.0, 0.0, 0.0, 1.0]}, {"left_foot_pose": [0.9954323381152671, 0.09540490282546923, 0.0035163548222853203, -0.028974338926563346, -0.09546968227858191, 0.9947569036036505, 0.036663912754981556, 0.024096987189753245, -1.2013980715701004e-09, -0.03683214967580793, 0.9993214661710517, 3.470629485191612e-09, 0.0, 0.0, 0.0, 1.0], "right_foot_pose": [0.9993740270454622, -0.03529547682542012, 0.0024048664415830434, -0.011193056833537609, 0.03537731005794004, 0.9970623211682564, -0.0679350692914432, -0.1047390641386734, -1.0525352607648308e-09, 0.06797762148115377, 0.9976868461485124, 2.1975175568123007e-09, 0.0, 0.0, 0.0, 1.0]}, {"left_foot_pose": [0.9954323380929323, 0.09546294018930297, 0.0011346053289806664, -0.0289743353610477, -0.09546968251145972, 0.995362037922668, 0.011830181046578054, 0.024096988872270804, 7.931855650509395e-10, -0.01188446518979167, 0.9999293772497904, 2.1362727975482443e-09, 0.0, 0.0, 0.0, 1.0], "right_foot_pose": [0.9993740270438539, -0.03522053674491585, 0.0033268395738399897, -0.011193053354841002, 0.03537731010337049, 0.9949453323284656, -0.09397995322221174, -0.10473906409010957, 8.903504659209034e-10, 0.09403881894834255, 0.9955685313080164, 1.831122656281714e-09, 0.0, 0.0, 0.0, 1.0]}, {"left_foot_pose": [0.995918519449116, 0.09024666508664023, -0.0013572247499164928, -0.028137654217334912, -0.09025687019874144, 0.9958058372248886, -0.014981052391821313, 0.02486972997466355, -4.5768945757209516e-07, 0.015042406375935869, 0.9998868566043926, 0.0028444590001078796, 0.0, 0.0, 0.0, 1.0], "right_foot_pose": [0.9993740270430179, -0.03513910493504613, 0.004098460221253915, -0.01119305274031521, 0.03537731012699224, 0.9926449643760555, -0.11577746165397602, -0.10473906416419915, 4.738489640237993e-10, 0.1158499805922429, 0.9932667224853439, 1.3775473678423467e-09, 0.0, 0.0, 0.0, 1.0]}, {"left_foot_pose": [0.9971364586396643, 0.07552891767461332, -0.0037769625959903647, -0.02579095526811726, -0.07562329564293317, 0.9958902028914356, -0.04983794679716792, 0.027037112243630597, -2.7661346811426988e-06, 0.04998086013422871, 0.9987501757760006, 0.009617040526282428, 0.0, 0.0, 0.0, 1.0], "right_foot_pose": [0.9993740270430437, -0.03506413324621813, 0.004696874648259334, -0.011193052568584877, 0.035377310126266014, 0.9905270899677021, -0.13268206347636355, -0.10473906399569659, -2.4165106274002044e-11, 0.13276517088380968, 0.9911475215124098, 9.72872019056048e-10, 0.0, 0.0, 0.0, 1.0]}, {"left_foot_pose": [0.9985696256825985, 0.053244483111465284, -0.004871106887484847, -0.022242676824934287, -0.05346683661615666, 0.9944052357737329, -0.09110172582366015, 0.030314268794238722, -6.810109114884127e-06, 0.09123185893086379, 0.9958296781426242, 0.01743949701226724, 0.0, 0.0, 0.0, 1.0], "right_foot_pose": [0.9993740270433377, -0.035008211877318764, 0.005096976783803532, -0.011193052777812922, 0.03537731011795382, 0.9889473686465702, -0.14398454075296868, -0.10473906370277852, -4.686569354409557e-10, 0.1440747276526244, 0.989566810706494, 6.692341195102536e-10, 0.0, 0.0, 0.0, 1.0]}, {"left_foot_pose": [0.9996697479964908, 0.025468675728119988, -0.0034265868279492063, -0.017801372360695348, -0.025698147813713393, 0.9906816682410337, -0.13375140152577103, 0.034416214222020645, -1.1814318556175701e-05, 0.1337952867922459, 0.9910089914287377, 0.02343312299342381, 0.0, 0.0, 0.0, 1.0], "right_foot_pose": [0.9993740270433654, -0.03498060913185311, 0.005283091508883483, -0.011193053302208001, 0.03537731011717434, 0.988167619709398, -0.14924208952817558, -0.10473906345375614, -7.612343446346642e-10, 0.14933556958282634, 0.988786573360183, 5.313521220240425e-10, 0.0, 0.0, 0.0, 1.0]}, {"left_foot_pose": [0.9999834822318842, -0.005662238832457247, 0.0009870738573633476, -0.012775598615377366, 0.0057476080904961535, 0.9856088950905367, -0.1689439875214563, 0.03905795593223088, -1.626756727466314e-05, 0.16894687025753416, 0.9856251593610784, 0.02500001281396641, 0.0, 0.0, 0.0, 1.0], "right_foot_pose": [0.9993740270427385, -0.03498640858718163, 0.0052445482694371244, -0.011193053928136937, 0.03537731013488275, 0.9883314483923071, -0.1481532788917775, -0.10473906339054219, -8.384578054805849e-10, 0.14824607695630676, 0.9889505046598971, 6.391520160353714e-10, 0.0, 0.0, 0.0, 1.0]}, {"left_foot_pose": [0.9992426124458481, -0.03816696061661652, 0.0075818592500335, -0.007473941597091166, 0.03891273705614976, 0.9801874840755882, -0.19421198458480465, 0.04395450180338784, -1.9162375982485228e-05, 0.19435992174020597, 0.9809302831771203, 0.025000012676538057, 0.0, 0.0, 0.0, 1.0], "right_foot_pose": [0.9993740270414089, -0.035024643940927754, 0.004982809633964378, -0.011193054345375361, 0.03537731017244104, 0.9894115574712221, -0.14075942550086507, -0.1047390633500137, -6.810260902809573e-10, 0.14084759230878555, 0.9900312902837051, 9.824032351501977e-10, 0.0, 0.0, 0.0, 1.0]}, {"left_foot_pose": [0.9974168199830125, -0.0702318273911195, 0.015072413087483675, -0.00220495623773068, 0.07183096001850775, 0.9752700725710989, -0.20901817798934094, 0.04882087224219501, -1.994480749841094e-05, 0.20956091231064092, 0.9777955939938254, 0.025000010858979883, 0.0, 0.0, 0.0, 1.0], "right_foot_pose": [0.9993740270395816, -0.035091015243109425, 0.004491628646366777, -0.011193054704241649, 0.03537731022405469, 0.9912864779591776, -0.12688405942670636, -0.10473906333766801, -2.777075185823501e-10, 0.12696353517643083, 0.9919073851602795, 1.5957356963580693e-09, 0.0, 0.0, 0.0, 1.0]}, {"left_foot_pose": [0.9947281619465045, -0.10041020510375377, 0.020824853938302006, 0.0027228039453940527, 0.10254698204369113, 0.9740354728574857, -0.2018390796873248, 0.053372079407484584, -1.7443063624970952e-05, 0.2029105426692199, 0.9791972790859989, 0.022459730086436556, 0.0, 0.0, 0.0, 1.0], "right_foot_pose": [0.9993740270396092, -0.035199963637190586, 0.003537886173243859, -0.011193054613578501, 0.03537731022328256, 0.9943641590801903, -0.09994180835922489, -0.10473906401611437, 8.105005661494144e-10, 0.10000440838626483, 0.9949869940372658, 2.5932891944968617e-09, 0.0, 0.0, 0.0, 1.0]}, {"left_foot_pose": [0.9916270988121034, -0.12693071341888446, 0.023754807775798508, 0.007000751376310292, 0.12913441342590745, 0.9747234175794889, -0.18231446045585392, 0.057323135300133804, -1.3062886929976817e-05, 0.18385552266150504, 0.982953277941646, 0.015838565255844365, 0.0, 0.0, 0.0, 1.0], "right_foot_pose": [0.9993740270393954, -0.035288808692504475, 0.002500811893213381, -0.011193054717326718, 0.03537731022931816, 0.9968739430681947, -0.07064550624496989, -0.10473906439563593, 1.5420042942822124e-09, 0.07068975606644358, 0.9974983500674406, 4.007337094102947e-09, 0.0, 0.0, 0.0, 1.0]}, {"left_foot_pose": [0.9887310512677611, -0.14793919507814807, 0.022910757704152275, 0.010320332233265967, 0.1497027327717502, 0.977091429526354, -0.151266090538552, 0.060389061581096116, -7.721319790735626e-06, 0.15299128375752957, 0.9882275380875628, 0.007998177433485722, 0.0, 0.0, 0.0, 1.0], "right_foot_pose": [0.9993740270412254, -0.035356700234896274, 0.0012074037864236316, -0.011193054561668544, 0.035377310177623515, 0.9987918142453187, -0.03410803015626711, -0.10473906468592799, 2.379469077905793e-09, 0.03412939414997403, 0.9994174225292232, 5.7663714844724545e-09, 0.0, 0.0, 0.0, 1.0]}, {"left_foot_pose": [0.9867267651018845, -0.16132060800789325, 0.018599797405748696, 0.012372989459612585, 0.1623893193034901, 0.9802349106059894, -0.1130010132937686, 0.06228487596115895, -2.778577255024069e-06, 0.11452153274049752, 0.9934207661062092, 0.0018172761266433274, 0.0, 0.0, 0.0, 1.0], "right_foot_pose": [0.9993740270458885, -0.03537583649215247, -0.00032289094794809756, -0.011193054122522767, 0.03537731004590041, 0.9993324014336851, 0.009121259710172894, -0.104739064801611, 3.1943045619047038e-09, -0.009126973061463622, 0.9999583483139364, 7.66663258572331e-09, 0.0, 0.0, 0.0, 1.0]}, {"left_foot_pose": [0.9861899705710266, -0.1652084694331646, 0.011640600185117077, 0.012896080385665512, 0.1656180604436567, 0.9837510171031543, -0.06931518162272736, 0.06276800004560704, 2.792572265178345e-09, 0.0702858305497018, 0.9975268928825626, 9.695003043430628e-09, 0.0, 0.0, 0.0, 1.0], "right_foot_pose": [0.9993740270612779, -0.035319547422041804, -0.002020793217096122, -0.011193051564743062, 0.0353773096111634, 0.9977423073698531, 0.05708532253528075, -0.10473906527488099, 3.13075513295725e-09, -0.05712107889547695, 0.9983672582500975, 8.549268716573355e-09, 0.0, 0.0, 0.0, 1.0]}, {"left_foot_pose": [0.9861899705461108, -0.16557067994735464, 0.003961304839678276, 0.012896083992879004, 0.1656180605920209, 0.9859078375590434, -0.023588002149183832, 0.06276799821290378, 6.604041232186934e-11, 0.023918314769706312, 0.9997139161873152, 1.0129789618229523e-08, 0.0, 0.0, 0.0, 1.0], "right_foot_pose": [0.9993740270767064, -0.0351812471469263, -0.0037193888843612363, -0.011193047980186707, 0.03537730917532058, 0.9938354696926931, 0.10506904956369412, -0.10473906604409323, 3.9866587000343496e-10, -0.10513486115409652, 0.994457973455947, 8.28395271129656e-09, 0.0, 0.0, 0.0, 1.0]}, {"left_foot_pose": [0.9861899705783727, -0.1655822847242975, -0.0034422254590711705, 0.012896078713871427, 0.16561806039991378, 0.9859769409183273, 0.02049707410116992, 0.062767999802403, 2.568251181659451e-09, -0.02078410360876622, 0.9997839871878231, 7.606055701936398e-09, 0.0, 0.0, 0.0, 1.0], "right_foot_pose": [0.9993740270568084, -0.034974209762615116, -0.0053252883243801825, -0.011193052414111752, 0.03537730973741753, 0.9879868633714574, 0.15043405120241835, -0.10473906510712606, 2.8459596113675116e-09, -0.1505282779311238, 0.9886057037783517, 8.598115393276817e-09, 0.0, 0.0, 0.0, 1.0]}, {"left_foot_pose": [0.9861899706057415, -0.16530965407311515, -0.010102482213541738, 0.012896076493607994, 0.16561806023694403, 0.984353534778848, 0.06015626893134479, 0.06276800057787248, 2.0695701830187174e-09, -0.06099866259693915, 0.9981378477752391, 5.3540436667498525e-09, 0.0, 0.0, 0.0, 1.0], "right_foot_pose": [0.9992208918597386, -0.03875772375935347, -0.0074463494426229605, -0.010027452305816746, 0.0394665585677133, 0.9812987837869828, 0.18840140045394935, -0.10399451813192309, 5.084217029030408e-06, -0.18854849717561226, 0.982063879891206, 0.002250299654421771, 0.0, 0.0, 0.0, 1.0]}, {"left_foot_pose": [0.9861899706124863, -0.1648770095162758, -0.015649715534602676, 0.012896075778368151, 0.16561806019677977, 0.9817773079426595, 0.09318785192030797, 0.06276800066677249, 1.2397645683002122e-09, -0.09449280047620169, 0.9955255449551086, 3.5123383576585177e-09, 0.0, 0.0, 0.0, 1.0], "right_foot_pose": [0.9985878677520149, -0.05188203680423938, -0.01142473787565939, -0.0061326036968725505, 0.05312504353093215, 0.9752689655814779, 0.2145417780374498, -0.10150663229207013, 1.1327865847890549e-05, -0.2148457563711171, 0.97664799228842, 0.008710107935949694, 0.0, 0.0, 0.0, 1.0]}, {"left_foot_pose": [0.986189970611946, -0.16439933245850813, -0.02005495827985818, 0.0128960754067692, 0.16561806019999756, 0.9789329298131504, 0.11941933286965173, 0.06276800040816893, 4.597708438142058e-10, -0.1210916116609221, 0.9926413358234492, 2.0816170662185662e-09, 0.0, 0.0, 0.0, 1.0], "right_foot_pose": [0.9972210021485103, -0.07251372118938887, -0.017088976364548508, -3.123740768333136e-05, 0.07450015164888583, 0.9706829652750092, 0.22852638431745326, -0.09760930647869064, 1.6679734239368684e-05, -0.22916444131710964, 0.973387722625267, 0.01655846318559607, 0.0, 0.0, 0.0, 1.0]}, {"left_foot_pose": [0.9861899706079181, -0.163966065111523, -0.02333391017805706, 0.012896075301911017, 0.1656180602239802, 0.9763529936702438, 0.13894419699577182, 0.06276800001584444, -1.950986794441328e-10, -0.14088989049253153, 0.9900252717769397, 1.094180593352867e-09, 0.0, 0.0, 0.0, 1.0], "right_foot_pose": [0.9948225131690008, -0.0989148168271665, -0.023324371463375404, 0.007726637309522487, 0.10162758923241291, 0.9683125180900379, 0.22812869266477254, -0.09265386514897014, 1.9973016611452614e-05, -0.22931795900491184, 0.9733515671528455, 0.0229166585398237, 0.0, 0.0, 0.0, 1.0]}, {"left_foot_pose": [0.9861899705942958, -0.16366333177400533, -0.02537037114143241, 0.012896075756006152, 0.16561806030509554, 0.9745503359844662, 0.15107051576446842, 0.06276799974083735, -2.22897065998065e-10, -0.1531860191570908, 0.9881973707386617, 5.968308416925971e-10, 0.0, 0.0, 0.0, 1.0], "right_foot_pose": [0.9911789440053153, -0.12948929436644543, -0.028228064138158804, 0.016591018412827407, 0.13253037593770015, 0.9684677460379986, 0.2109642726574584, -0.08699162916951761, 2.0354847953774984e-05, -0.21284442094769288, 0.9770861026834438, 0.025000008399463536, 0.0, 0.0, 0.0, 1.0]}, {"left_foot_pose": [0.9861899705948698, -0.1635077136080703, -0.02635468627685965, 0.012896076030225141, 0.16561806030167878, 0.973623691272883, 0.15693172367012526, 0.06276799979952535, -3.946611728130998e-10, -0.15912930397267583, 0.9872577498390035, 3.214099195125719e-10, 0.0, 0.0, 0.0, 1.0], "right_foot_pose": [0.9862547949548641, -0.1623675965094825, -0.030630753047755227, 0.02601188313044336, 0.16523159230562418, 0.9691802742189185, 0.1827241554066945, -0.08097393327066911, 1.823970074506218e-05, -0.18527374252353127, 0.9826869491341775, 0.025000010579975418, 0.0, 0.0, 0.0, 1.0]}, {"left_foot_pose": [0.9861899705978682, -0.16351415130971148, -0.02631471477408962, 0.012896076334313113, 0.16561806028382586, 0.9736620253501095, 0.1566937091875324, 0.06276799987337374, -3.8991985195258965e-10, -0.1588879564743304, 0.9872966207211551, 3.189236166822873e-10, 0.0, 0.0, 0.0, 1.0], "right_foot_pose": [0.9802475802693149, -0.19543087232005085, -0.03035548583661049, 0.0354392202826057, 0.1977743187605132, 0.9686439079592379, 0.15038051207609884, -0.0749521052018249, 1.466177380760353e-05, -0.15341366861423666, 0.9881620545575274, 0.025000011302310547, 0.0, 0.0, 0.0, 1.0]}, {"left_foot_pose": [0.9861899706030286, -0.1636813588776018, -0.025253804425873744, 0.01289607645208525, 0.16561806025309742, 0.9746576805749035, 0.15037640710680553, 0.06276800002172193, -2.1095955242657672e-10, -0.15248219060707394, 0.9883062185110792, 6.239805408481125e-10, 0.0, 0.0, 0.0, 1.0], "right_foot_pose": [0.9736041563028391, -0.22666831887398642, -0.02676602414773259, 0.04432302664453785, 0.22824317454374013, 0.9668916210262274, 0.11412995427787714, -0.06927746345599539, 1.0199607296