{"LoopMode": "Wrap", "FrameDuration": 0.0167, "EnableCycleOffsetPosition": true, "EnableCycleOffsetRotation": false, "Debug_info": [{"left_foot_pose": [1.0000000000000007, 6.132859262626746e-14, -5.807354597209272e-12, 1.3169993352067514e-12, -2.2486064116929727e-15, 0.9999488267689804, 0.010116513398424632, -2.32239574793347e-13, 5.807420046388029e-12, -0.0101165133984248, 0.9999488267689807, 1.2961999529270685e-11, 0.0, 0.0, 0.0, 1.0], "right_foot_pose": [0.9999999999999998, -1.1179920721841705e-13, -5.858535878644488e-12, 1.8807562914459795e-12, 2.7905535165873262e-14, 0.9998973291785067, -0.014329378970801603, -0.14000000000175228, 5.859235748896854e-12, 0.014329378970801448, 0.9998973291785065, 1.0336939637589637e-11, 0.0, 0.0, 0.0, 1.0]}, {"left_foot_pose": [1.0000000000000007, 1.0831329983132998e-13, -1.300565211082017e-11, 2.3337885499347548e-12, -8.532331940893637e-15, 0.999970764755017, 0.007646544008080926, 2.109683955309194e-13, 1.3005853262253375e-11, -0.007646544008081097, 0.9999707647550171, 2.8109306549062296e-11, 0.0, 0.0, 0.0, 1.0], "right_foot_pose": [0.9999999999999998, -3.0842758372811987e-13, -1.309463648624387e-11, 3.748250804241733e-12, 8.845229303329339e-14, 0.9998588638777753, -0.01680036681279404, -0.14000000000317947, 1.3098081363099185e-11, 0.01680036681279389, 0.9998588638777753, 2.3973413532107912e-11, 0.0, 0.0, 0.0, 1.0]}, {"left_foot_pose": [1.0000000000000004, 8.920662385286253e-14, -2.2892576723165813e-11, 3.523596760464379e-12, 7.403971970055193e-15, 0.9999911559221842, 0.004205719607244838, 1.0939929517839175e-12, 2.2892645721887584e-11, -0.0042057196072450105, 0.9999911559221843, 4.876749004623093e-11, 0.0, 0.0, 0.0, 1.0], "right_foot_pose": [1.0, -6.701569717165302e-13, -2.3043011943002508e-11, 6.149286403500481e-12, 2.036158694245968e-13, 0.9997950791531803, -0.020243510097951622, -0.14000000000485216, 2.30517096471703e-11, 0.020243510097951473, 0.9997950791531803, 4.293423949697228e-11, 0.0, 0.0, 0.0, 1.0]}, {"left_foot_pose": [1.0000000000000007, -7.967612422014205e-14, -3.53340690040227e-11, 4.823368900774033e-12, 7.335557439911007e-14, 0.9999999822813439, -0.00018824800858197572, 2.4944525611747537e-12, 3.5333626795788315e-11, 0.00018824800858180203, 0.999999982281344, 7.475359220521227e-11, 0.0, 0.0, 0.0, 1.0], "right_foot_pose": [1.0, -1.276834200306235e-12, -3.558336958420227e-11, 9.00615141796338e-12, 3.996667826418406e-13, 0.9996963407280611, -0.024641962887006253, -0.14000000000664847, 3.560388007916731e-11, 0.02464196288700611, 0.9996963407280609, 6.696646015491581e-11, 0.0, 0.0, 0.0, 1.0]}, {"left_foot_pose": [1.0000000000000002, -5.026914345718117e-13, -5.0471127277518235e-11, 6.1884118842369096e-12, 2.2408153403887855e-13, 0.9999847282209497, -0.005526601566473423, 4.541814840886005e-12, 5.047284783389795e-11, 0.005526601566473248, 0.9999847282209495, 1.064772991998808e-10, 0.0, 0.0, 0.0, 1.0], "right_foot_pose": [0.9999999999999998, -2.2396971825046614e-12, -5.0879023216765505e-11, 1.2294485074948888e-11, 7.129941469851946e-13, 0.9995502568312431, -0.029988065436034057, -0.14000000000846313, 5.092312443546593e-11, 0.029988065436033905, 0.9995502568312431, 9.635506975635977e-11, 0.0, 0.0, 0.0, 1.0]}, {"left_foot_pose": [1.0000000000000004, -1.3179263929570157e-12, -6.875217062329851e-11, 7.584909322740741e-12, 5.055047090384402e-13, 0.9999301389194223, -0.01182020645274718, 7.439812654830291e-12, 6.876272482731825e-11, 0.011820206452747008, 0.9999301389194224, 1.4501771311570266e-10, 0.0, 0.0, 0.0, 1.0], "right_foot_pose": [1.0, -3.71637397288314e-12, -6.940825691970074e-11, 1.6039847200501568e-11, 1.1948848225301e-12, 0.9993411541036804, -0.03629404516892701, -0.1400000000101892, 6.949738585718284e-11, 0.03629404516892686, 0.9993411541036806, 1.3199665666041582e-10, 0.0, 0.0, 0.0, 1.0]}, {"left_foot_pose": [1.0000000000000004, -2.7191731512013815e-12, -9.094175412727165e-11, 8.97774849443952e-12, 9.817521459219089e-13, 0.9998175213973048, -0.01910298162462047, 1.1491871690361144e-11, 9.097675049622405e-11, 0.019102981624620295, 0.9998175213973051, 1.921721670683496e-10, 0.0, 0.0, 0.0, 1.0], "right_foot_pose": [1.0, -5.934300004929987e-12, -9.197653749737352e-11, 2.0306658941141953e-11, 1.9189670999694656e-12, 0.9990492637763696, -0.04359551063921557, -0.14000000001168966, 9.214750809513417e-11, 0.04359551063921543, 0.9990492637763695, 1.7542898383959837e-10, 0.0, 0.0, 0.0, 1.0]}, {"left_foot_pose": [1.0000000000000004, -4.9864979538639035e-12, -1.181093001179078e-10, 1.0313703498602317e-11, 1.7449485744084438e-12, 0.9996236637889481, -0.02743229471190783, 1.713117842028211e-11, 1.1820138966573128e-10, 0.02743229471190765, 0.9996236637889484, 2.5048878943279007e-10, 0.0, 0.0, 0.0, 1.0], "right_foot_pose": [0.9999999999999998, -9.222793980976024e-12, -1.197137944330961e-10, 2.5180107098876085e-11, 2.9910465657528598e-12, 0.9986495863097581, -0.051951937050980224, -0.1400000000127564, 1.2003112129520075e-10, 0.051951937050980085, 0.9986495863097581, 2.28833556270569e-10, 0.0, 0.0, 0.0, 1.0]}, {"left_foot_pose": [1.0000000000000002, -8.525377034570418e-12, -1.5161311095468462e-10, 1.1500255941156887e-11, 2.9273029028017673e-12, 0.9993194290942604, -0.03688737771544867, 2.49534750501601e-11, 1.5182419986370317e-10, 0.036887377715448484, 0.9993194290942606, 3.2330899762955667e-10, 0.0, 0.0, 0.0, 1.0], "right_foot_pose": [1.0, -1.4054400650828649e-11, -1.5406320663657872e-10, 3.074213473667674e-11, 4.561471189650845e-12, 0.998110458885969, -0.06144519397349577, -0.1400000000130584, 1.5463548104478593e-10, 0.061445193973495627, 0.9981104588859689, 2.9503395559959955e-10, 0.0, 0.0, 0.0, 1.0]}, {"left_foot_pose": [1.0000000000000002, -1.3908240480039433e-11, -1.9298695974612178e-10, 1.2371949961282108e-11, 4.713426853885825e-12, 0.9988681484882498, -0.04756492337486085, 3.5731535785732405e-11, 1.9342991440164428e-10, 0.04756492337486068, 0.99886814848825, 4.14666780079731e-10, 0.0, 0.0, 0.0, 1.0], "right_foot_pose": [0.9999999999999999, -2.108682209095608e-11, -1.9668089379365473e-10, 3.7028166116178016e-11, 6.836415675648677e-12, 0.9973919650068837, -0.07217525988666353, -0.14000000001207671, 1.976895941769435e-10, 0.07217525988666337, 0.9973919650068838, 3.7734482899454136e-10, 0.0, 0.0, 0.0, 1.0]}, {"left_foot_pose": [1.0000000000000004, -2.188621124013992e-11, -2.435230350705804e-10, 1.262909851581266e-11, 7.341321113018513e-12, 0.9982242025767172, -0.05956879543920684, 5.0337090398699935e-11, 2.4439398962256996e-10, 0.059568795439206665, 0.9982242025767172, 5.28594945592431e-10, 0.0, 0.0, 0.0, 1.0], "right_foot_pose": [0.9999999999999999, -3.116460773299374e-11, -2.490128103715959e-10, 4.3927926305124344e-11, 1.0074519542022653e-11, 0.9964446473142293, -0.08425001388024243, -0.1400000000090457, 2.5075299205877926e-10, 0.0842500138802423, 0.9964446473142295, 4.788581961512328e-10, 0.0, 0.0, 0.0, 1.0]}, {"left_foot_pose": [1.0000000000000007, -3.327257491375447e-11, -3.03135738732862e-10, 1.172691184782395e-11, 1.1059408028942186e-11, 0.9973329418479137, -0.07298632135535393, 6.939672274330899e-11, 3.0475550624952355e-10, 0.07298632135535374, 0.9973329418479141, 6.669433269546055e-10, 0.0, 0.0, 0.0, 1.0], "right_foot_pose": [0.9999999999999998, -4.516352319146528e-11, -3.1113817078320923e-10, 5.0980212505675556e-11, 1.4529922256953619e-11, 0.9952098760935919, -0.09776145726091386, -0.14000000000297974, 3.140629857847895e-10, 0.0977614572609137, 0.995209876093592, 6.003815639088472e-10, 0.0, 0.0, 0.0, 1.0]}, {"left_foot_pose": [1.0000000000000004, -4.840387581762695e-11, -3.674234805295376e-10, 8.649790108677893e-12, 1.5945326273471304e-11, 0.9961352319666236, -0.08783279361833926, 9.221072169718347e-11, 3.702548162455773e-10, 0.08783279361833905, 0.9961352319666238, 8.231650361345544e-10, 0.0, 0.0, 0.0, 1.0], "right_foot_pose": [0.9999999999999998, -6.332781390951485e-11, -3.787101743313311e-10, 5.692281012112329e-11, 2.023233502684705e-11, 0.9936256934367285, -0.11272968261456523, -0.13999999999304644, 3.834349229266744e-10, 0.11272968261456506, 0.9936256934367284, 7.348433181397773e-10, 0.0, 0.0, 0.0, 1.0]}, {"left_foot_pose": [1.0000000000000002, -6.540222281303374e-11, -4.205410464308545e-10, 1.4895560384117458e-12, 2.1344481978891068e-11, 0.994585324834425, -0.1039232006050725, 1.1386276817237917e-10, 4.250605815201486e-10, 0.1039232006050723, 0.9945853248344251, 9.660044014703217e-10, 0.0, 0.0, 0.0, 1.0], "right_foot_pose": [0.9999999999999998, -8.318406930468309e-11, -4.354530624972592e-10, 5.873766004577952e-11, 2.6327787065368423e-11, 0.9916481264118955, -0.12897283971355106, -0.13999999997998602, 4.425445818885865e-10, 0.12897283971355092, 0.9916481264118954, 8.531442635684172e-10, 0.0, 0.0, 0.0, 1.0]}, {"left_foot_pose": [1.0000000000000002, -7.585501331078913e-11, -4.211217485838845e-10, -1.285544392369923e-11, 2.4524618279475432e-11, 0.9927040524936316, -0.12057638310515932, 1.1915955375196852e-10, 4.2719520719486154e-10, 0.12057638310515917, 0.9927040524936314, 1.004291691475423e-09, 0.0, 0.0, 0.0, 1.0], "right_foot_pose": [0.9999999999999998, -9.442753154368357e-11, -4.381605078762613e-10, 5.0168097158246e-11, 2.953186342434362e-11, 0.9893131368152733, -0.1458064378713238, -0.1399999999698947, 4.472460466086162e-10, 0.14580643787132366, 0.9893131368152733, 8.748892443843914e-10, 0.0, 0.0, 0.0, 1.0]}, {"left_foot_pose": [0.9999999901862059, -0.00013872349857959763, 1.9580089065554423e-05, 3.207859712210556e-05, 0.0001400976284003087, 0.9906715599552613, -0.13627120263821044, 2.8388682184282005e-05, -4.934193933143308e-07, 0.13627120404399665, 0.9906715696678476, 0.00016386108561838864, 0.0, 0.0, 0.0, 1.0], "right_foot_pose": [0.9999999999999999, -7.48467276342554e-11, -3.131588321991781e-10, 9.255590395916844e-11, 2.3326856094481128e-11, 0.9868916633266347, -0.16138415305224, -0.14000000001766505, 3.2113269519680086e-10, 0.16138415305223983, 0.9868916633266344, 6.511350347793154e-10, 0.0, 0.0, 0.0, 1.0]}, {"left_foot_pose": [0.9999921745466664, -0.003906618481660622, 0.0006238409003023946, 0.0009059470725244479, 0.003956113896183814, 0.9875952623412136, -0.15697116602749303, 0.0008017578699532138, -2.8758593029057355e-06, 0.15697240564261303, 0.9876029889882377, 0.004191209418486351, 0.0, 0.0, 0.0, 1.0], "right_foot_pose": [0.9999999999999998, -3.5533113792871855e-11, -1.0401607353216472e-10, 3.052245305696672e-10, 1.6907556637042904e-11, 0.9847699805658529, -0.17386225978150088, -0.14000000008043292, 1.0860971080668643e-10, 0.17386225978150072, 0.9847699805658529, 4.078289581044281e-10, 0.0, 0.0, 0.0, 1.0]}, {"left_foot_pose": [0.9999247261716457, -0.01205978510436105, 0.0022591090715259423, 0.002809808408049975, 0.012269554180957752, 0.982912326762387, -0.18366495566316474, 0.0024866758332259473, -5.5462574042285284e-06, 0.18367884875997087, 0.9829863073753632, 0.011469802892918046, 0.0, 0.0, 0.0, 1.0], "right_foot_pose": [0.9999999999999998, 4.976849848242105e-12, 1.1439682534586379e-10, 3.384690631258938e-10, 1.5954920843373866e-11, 0.983252939815133, -0.1822461421948322, -0.13999999997477608, -1.1338823572827566e-10, 0.18224614219483207, 0.9832529398151328, 2.612841054627779e-10, 0.0, 0.0, 0.0, 1.0]}, {"left_foot_pose": [0.9997092255577413, -0.0235615224354053, 0.005130204213051992, 0.0055225813873534205, 0.024113570147634374, 0.9768956538962845, -0.21235210649599648, 0.0048874854785241045, -8.33527792031083e-06, 0.2124140674698305, 0.9771797500314088, 0.01912092807210774, 0.0, 0.0, 0.0, 1.0], "right_foot_pose": [0.9999999999999999, 2.516594206418105e-11, 2.6627050564442796e-10, 1.7235704301772223e-10, 2.475498275336504e-11, 0.9825809041297601, -0.18583532182968743, -0.1399999998030071, -2.663092642412945e-10, 0.18583532182968723, 0.98258090412976, 2.0999903899143746e-10, 0.0, 0.0, 0.0, 1.0]}, {"left_foot_pose": [0.9992578574540965, -0.037422083142037356, 0.00912808904208281, 0.008823187804295586, 0.038519270509197984, 0.9708609764086821, -0.23652744087361324, 0.007808525064440672, -1.0755882396262428e-05, 0.23670351112751095, 0.9715819305154972, 0.024265880883301, 0.0, 0.0, 0.0, 1.0], "right_foot_pose": [0.9999999999999999, 8.608082649408013e-12, 3.001923154499763e-10, -1.605134107440443e-10, 4.681159473187447e-11, 0.9829031238654616, -0.18412346155641618, -0.13999999969730453, -2.9664501542535357e-10, 0.18412346155641607, 0.9829031238654617, 2.9413834562452834e-10, 0.0, 0.0, 0.0, 1.0]}, {"left_foot_pose": [0.9985128971584536, -0.052786307407513326, 0.013623507570074755, 0.012490536901852266, 0.05451599820179954, 0.9668877214077438, -0.24931133173404643, 0.011054126564626043, -1.2177594921173155e-05, 0.24968327925838701, 0.9683275581694895, 0.025000005048273155, 0.0, 0.0, 0.0, 1.0], "right_foot_pose": [0.9999999999999999, -4.927468136855042e-11, 1.8890744524213713e-10, -4.808524683322189e-10, 8.188291549697002e-11, 0.9842611783690691, -0.17671992744320392, -0.13999999967852336, -1.772266704753083e-10, 0.1767199274432038, 0.9842611783690693, 5.871771055487862e-10, 0.0, 0.0, 0.0, 1.0]}, {"left_foot_pose": [0.9974668346769446, -0.0687731311673073, 0.018170584718226405, 0.01630353637687871, 0.07113306939511178, 0.9644195965515876, -0.2546270374993665, 0.014428631247228294, -1.2569334371717624e-05, 0.2552745545813718, 0.9668686061845708, 0.025000004607995827, 0.0, 0.0, 0.0, 1.0], "right_foot_pose": [0.9999999999999998, -1.3951152358553006e-10, -7.530009948908331e-11, -6.925405849799116e-10, 1.2531351591213196e-10, 0.9865278648986854, -0.16359331214460396, -0.13999999961126763, 9.71083628530678e-11, 0.16359331214460385, 0.986527864898685, 1.1030344207463294e-09, 0.0, 0.0, 0.0, 1.0]}, {"left_foot_pose": [0.9961731062618515, -0.08454943786707432, 0.02214802286833602, 0.020041108526898537, 0.08740218658558813, 0.9636930538929309, -0.2523025082288633, 0.01773638102128938, -1.1860552474119487e-05, 0.2532727589672431, 0.9673949087236551, 0.024910272828590818, 0.0, 0.0, 0.0, 1.0], "right_foot_pose": [0.9999999999999999, -2.4779895120854473e-10, -5.160875615750614e-10, -8.940124736277332e-10, 1.706819345633669e-10, 0.9895202023209634, -0.1443944915801154, -0.13999999962364992, 5.464596696723652e-10, 0.14439449158011522, 0.9895202023209634, 1.8759145001268074e-09, 0.0, 0.0, 0.0, 1.0]}, {"left_foot_pose": [0.9947474233694343, -0.09945693716461747, 0.024204986050512807, 0.023482168151301108, 0.10235997070880473, 0.9665580372945913, -0.2351339978346846, 0.020781710313643256, -9.816561817169291e-06, 0.2363765601557439, 0.9716615263107697, 0.021163835453285797, 0.0, 0.0, 0.0, 1.0], "right_foot_pose": [1.0, -3.4222895881993735e-10, -1.1475397299065534e-09, -1.1411728968704318e-09, 2.0383217438031938e-10, 0.992953842857854, -0.1185017550664131, -0.14000000000211701, 1.1800085660388986e-09, 0.11850175506641296, 0.992953842857854, 2.9826965272650163e-09, 0.0, 0.0, 0.0, 1.0]}, {"left_foot_pose": [0.9933597374668373, -0.11258264110493019, 0.023697698235398145, 0.026405622254424763, 0.11504969331803273, 0.9720710674152414, -0.20455172441615072, 0.023368964344949894, -6.873441629969526e-06, 0.2059198601787418, 0.9785688586587683, 0.013996812607499201, 0.0, 0.0, 0.0, 1.0], "right_foot_pose": [1.0000000000000002, -3.6301623354261507e-10, -1.907345337226472e-09, -1.1535722385840294e-09, 1.9822892466144236e-10, 0.9963213266260016, -0.08569605656157378, -0.14000000035921242, 1.931437875708761e-09, 0.0856960565615736, 0.9963213266260016, 4.420509770730607e-09, 0.0, 0.0, 0.0, 1.0]}, {"left_foot_pose": [0.9922169874891743, -0.12275757314031223, 0.02088128287749661, 0.0285903937022764, 0.12452088067385389, 0.9781715220011069, -0.16635811919544854, 0.02530248895085846, -3.7572689968079824e-06, 0.16766350760597828, 0.985844281924455, 0.006287909643306423, 0.0, 0.0, 0.0, 1.0], "right_foot_pose": [1.0, -2.542617963241981e-10, -2.721613934220101e-09, -9.042298612068116e-10, 1.283306313257836e-10, 0.9989335437693645, -0.046171150433785224, -0.14000000061356657, 2.730450943178945e-09, 0.046171150433785065, 0.9989335437693645, 6.0975783242045445e-09, 0.0, 0.0, 0.0, 1.0]}, {"left_foot_pose": [0.9915367312205432, -0.1288078491988963, 0.016231100555273853, 0.029815400172081622, 0.1298264635554538, 0.9837582047335136, -0.12395516923541244, 0.026386624746907984, -1.0795968069242437e-06, 0.12501332970627405, 0.9921550621725345, 0.0009158378924980851, 0.0, 0.0, 0.0, 1.0], "right_foot_pose": [0.9999999999999999, 1.8480063240198226e-11, -3.410726645558526e-09, -3.732534274795353e-10, -2.1043445148336096e-11, 0.9999997175582133, -0.0007515873160530215, -0.14000000066983861, 3.410711665140971e-09, 0.0007515873160528712, 0.999999717558213, 7.70382089371191e-09, 0.0, 0.0, 0.0, 1.0]}, {"left_foot_pose": [0.991431763790804, -0.1302000415304325, 0.010535982732032883, 0.03000000174588327, 0.13062563969855276, 0.9882015265105315, -0.07996677594851609, 0.026550001162257166, 3.3304679857524738e-09, 0.08065787120752585, 0.9967418461227918, 8.847237317755052e-09, 0.0, 0.0, 0.0, 1.0], "right_foot_pose": [1.0, 2.9433518321395725e-10, -3.6527824653909144e-09, -3.679981255457604e-11, -1.250967715779878e-10, 0.9989301212411693, 0.04624513895646457, -0.14000000066875098, 3.662485902402865e-09, -0.046245138956464725, 0.9989301212411693, 8.506685293674376e-09, 0.0, 0.0, 0.0, 1.0]}, {"left_foot_pose": [0.9914317638011655, -0.13054865049053194, 0.004484147768808637, 0.03000000146866939, 0.13062563961991408, 0.9908474254181213, -0.034034127227973096, 0.02655000091282691, 3.108316280980112e-09, 0.034328259457513284, 0.9994106116119732, 7.935090452770854e-09, 0.0, 0.0, 0.0, 1.0], "right_foot_pose": [0.9999999999999999, 5.12144605422386e-10, -3.3592841286456138e-09, -1.1231712282613132e-10, -1.9205227452938864e-10, 0.9955151626709589, 0.09460211885689555, -0.14000000078297456, 3.392668078330535e-09, -0.0946021188568957, 0.9955151626709589, 8.428189104958683e-09, 0.0, 0.0, 0.0, 1.0]}, {"left_foot_pose": [0.9914317638112353, -0.13062033813010243, -0.0011768487249508614, 0.03000000094601446, 0.13062563954348236, 0.9913915269383524, 0.008932111099821819, 0.02655000068013707, 2.4823299737034044e-09, -0.00900930527959707, 0.9999594153856346, 6.244839055591367e-09, 0.0, 0.0, 0.0, 1.0], "right_foot_pose": [0.9999999982904351, -5.7844601675489715e-05, -8.551699124670179e-06, 1.4233530463561683e-05, 5.84716582046096e-05, 0.9903231435500768, 0.1387806468141689, -0.13999431064677556, 4.412343245620325e-07, -0.13878064707694662, 0.9903231452393251, 3.740536581595816e-05, 0.0, 0.0, 0.0, 1.0]}, {"left_foot_pose": [0.9914317638219544, -0.13048572804054961, -0.006044209015036691, 0.030000000050871195, 0.1306256394621278, 0.9903698547727989, 0.04587475419461466, 0.02655000109618301, 1.7046723294711864e-09, -0.0462712171336975, 0.9989289136194666, 4.308029807886804e-09, 0.0, 0.0, 0.0, 1.0], "right_foot_pose": [0.9999819204444267, -0.00591892764931333, -0.0010606977693642199, 0.0014641520415699207, 0.00601321500851804, 0.9844608021815012, 0.1755014820832465, -0.13941476578048614, 5.434802102412379e-06, -0.1755046872981945, 0.9844785953522939, 0.003492989156774866, 0.0, 0.0, 0.0, 1.0]}, {"left_foot_pose": [0.9914317638253404, -0.13024357110428103, -0.009983479562714477, 0.029999999501948305, 0.13062563943642583, 0.9885319149729767, 0.07577331589474993, 0.0265500010501092, 9.136785352153615e-10, -0.07642817063010686, 0.9970750898172797, 2.6338475983544996e-09, 0.0, 0.0, 0.0, 1.0], "right_foot_pose": [0.9997901566449228, -0.020050365333508062, -0.004198276540826866, 0.004988305366019554, 0.020485178940343848, 0.9786780228387989, 0.20437633193723995, -0.13800614198444264, 1.0940863442873895e-05, -0.204419447368228, 0.9788833890806226, 0.0105384972962142, 0.0, 0.0, 0.0, 1.0]}, {"left_foot_pose": [0.9914317638240571, -0.12997947144835983, -0.012976697681819615, 0.029999999259078695, 0.13062563944616848, 0.9865274321853463, 0.09849146087386168, 0.0265500007286069, 2.1572944088458242e-10, -0.09934265220836819, 0.995053283725152, 1.3721724520521228e-09, 0.0, 0.0, 0.0, 1.0], "right_foot_pose": [0.999130888499375, -0.04061683473989504, -0.009366983621258861, 0.010152427859662009, 0.04168293888388457, 0.9736621236597894, 0.2241530761696359, -0.13594201697625108, 1.5888713740093016e-05, -0.2243487055590479, 0.9745089317505142, 0.018295208939001203, 0.0, 0.0, 0.0, 1.0]}, {"left_foot_pose": [0.9914317638210728, -0.1297583659569085, -0.015027446583843895, 0.029999999266360104, 0.13062563946881697, 0.9848492693830168, 0.11405638478007932, 0.026550000343746674, -3.2722478657691075e-10, -0.11504209255716716, 0.9933606177718489, 5.504772609965514e-10, 0.0, 0.0, 0.0, 1.0], "right_foot_pose": [0.9976987400144913, -0.06594876256394608, -0.015747535990751352, 0.016522262887461756, 0.0678028303563052, 0.9704824147061999, 0.2314447211359494, -0.13339596369953186, 1.921379310369648e-05, -0.23197983417165305, 0.9727205951189283, 0.0238844190388304, 0.0, 0.0, 0.0, 1.0]}, {"left_foot_pose": [0.9914317638189063, -0.12962484300218435, -0.016138704024558557, 0.029999999516901174, 0.1306256394852608, 0.983835846904111, 0.12249068803602517, 0.026550000169902874, -6.639631754885432e-10, -0.12354928742461921, 0.9923384370147464, 1.5357175947583457e-10, 0.0, 0.0, 0.0, 1.0], "right_foot_pose": [0.9952814804650136, -0.09455734330285791, -0.02176427051099215, 0.02366355720081077, 0.09702975956372968, 0.9699670331300781, 0.22304524294375436, -0.1305415525685263, 2.0059286685423345e-05, -0.2241045815425002, 0.974565101021623, 0.0250000033953464, 0.0, 0.0, 0.0, 1.0]}, {"left_foot_pose": [0.9914317638191191, -0.12960025736845793, -0.016334961908151008, 0.029999999947395287, 0.1306256394836457, 0.9836492450237457, 0.12398026082286212, 0.02655000018734688, -7.628071235394904e-10, -0.12505173351155793, 0.9921502224692366, 5.5677996935177276e-11, 0.0, 0.0, 0.0, 1.0], "right_foot_pose": [0.9918325765313118, -0.12475928817601899, -0.026519052491977873, 0.031142042289833336, 0.12754661804412765, 0.9701884110605442, 0.20607354820384333, -0.1275523647365254, 1.8888214204989635e-05, -0.2077728737290541, 0.9781770967394431, 0.025000004586329783, 0.0, 0.0, 0.0, 1.0]}, {"left_foot_pose": [0.9914317638221183, -0.1296870692493439, -0.015630795055913384, 0.030000000384798605, 0.13062563946088138, 0.9843081363453658, 0.11863572412957915, 0.026550000236630695, -6.195565471201708e-10, -0.11966100782556365, 0.992814808111851, 2.5372461770478694e-10, 0.0, 0.0, 0.0, 1.0], "right_foot_pose": [0.9875111054313002, -0.1547965502327091, -0.029323108394291926, 0.038523458220330146, 0.15754940935380238, 0.9702754504186938, 0.1836946758266789, -0.12460197686125984, 1.619009086196218e-05, -0.1860203707953864, 0.9825458876749866, 0.024992555266380154, 0.0, 0.0, 0.0, 1.0]}, {"left_foot_pose": [0.9914317638273474, -0.12987242547777203, -0.014007525645724904, 0.03000000067785266, 0.13062563942119168, 0.9857149669044508, 0.1063153156716523, 0.026550000507902384, -2.33423797077033e-10, -0.10723412293238918, 0.99423379689031, 8.189305414352255e-10, 0.0, 0.0, 0.0, 1.0], "right_foot_pose": [0.9826888764605388, -0.18300089991057314, -0.028865943820422627, 0.045373551726477696, 0.18526352024500908, 0.9706975112024414, 0.1530482597477455, -0.12186395690716927, 1.2130561409064416e-05, -0.1557466287831191, 0.987797037592006, 0.021837796228608604, 0.0, 0.0, 0.0, 1.0]}, {"left_foot_pose": [0.991431763832331, -0.13012155873244918, -0.011464624605759711, 0.030000000845303427, 0.13062563938336644, 0.9876058569076759, 0.0870150201823978, 0.026550000791991893, 3.4862697184305825e-10, -0.08776702885875835, 0.9961410284921038, 1.6479604486585586e-09, 0.0, 0.0, 0.0, 1.0], "right_foot_pose": [0.9779253043322937, -0.20747011886523492, -0.024864611893921328, 0.0512580446968244, 0.2089547776182422, 0.9709812829735389, 0.1163324934211044, -0.11951189354721986, 7.55651943286834e-06, -0.11896006848142644, 0.9928990392027749, 0.014923782121488031, 0.0, 0.0, 0.0, 1.0]}, {"left_foot_pose": [0.9914317638290882, -0.130377343414942, -0.00805021706581394, 0.03000000046328292, 0.1306256394079835, 0.9895472298035207, 0.061100100797253386, 0.02655000082079423, 1.1724620667082809e-09, -0.06162814545515112, 0.9980991792841832, 2.6621634549583995e-09, 0.0, 0.0, 0.0, 1.0], "right_foot_pose": [0.9739113056700894, -0.22618806738985456, -0.018322850717733336, 0.05574267636333236, 0.22692899478777062, 0.9707327295390495, 0.07862060242886729, -0.11771936627318882, 3.548769749911533e-06, -0.08072747965908887, 0.9967362108478339, 0.007129216719822827, 0.0, 0.0, 0.0, 1.0]}, {"left_foot_pose": [0.9914317638248791, -0.13056776317993288, -0.0038880454317396455, 0.030000000285057563, 0.1306256394399292, 0.9909924908620377, 0.02950975052359516, 0.026550000611440642, 1.7091207139740644e-09, -0.029764782432332736, 0.9995569307081801, 3.631159394001937e-09, 0.0, 0.0, 0.0, 1.0], "right_foot_pose": [0.9713835307866538, -0.23729739763208046, -0.0101971169207706, 0.05839319165036651, 0.23751639125705096, 0.9704880499651166, 0.041700224929044835, -0.11665994893399541, 8.25259369962311e-07, -0.04292889413842099, 0.9990781301016309, 0.0013328069641573778, 0.0, 0.0, 0.0, 1.0]}, {"left_foot_pose": [0.9914317637897084, -0.13062351100865383, 0.0007457349403748426, 0.029999998281889945, 0.13062563970687105, 0.9914156071712327, -0.005660044917511454, 0.026549999457470087, 1.6808913165585128e-09, 0.005708960419335416, 0.9999837037526822, 4.376835643915555e-09, 0.0, 0.0, 0.0, 1.0], "right_foot_pose": [0.9708606272442357, -0.23964048256684276, -0.0014427688864600244, 0.05892687806976553, 0.23964482566274833, 0.9708430323308446, 0.00584500707626468, -0.11644663755604531, 1.804320743050913e-09, -0.006020439334576828, 0.9999818769908878, 3.979376134166657e-09, 0.0, 0.0, 0.0, 1.0]}, {"left_foot_pose": [0.9914317637662596, -0.13051039779316723, 0.005485787381387287, 0.02999999626810963, 0.13062563988484277, 0.9905570910007511, -0.04163642243044577, 0.02654999849090708, 4.6372614411350325e-10, 0.041996256214099574, 0.9991177680654071, 4.5958819389069205e-09, 0.0, 0.0, 0.0, 1.0], "right_foot_pose": [0.9708606272545153, -0.239526943692384, 0.007515696398488747, 0.05892687597561365, 0.2396448256211028, 0.9703830582496294, -0.03044795256051792, -0.11644663755116358, 5.624703318033841e-10, 0.03136181607435698, 0.9995080972621075, 3.873872826687386e-09, 0.0, 0.0, 0.0, 1.0]}, {"left_foot_pose": [0.9914317638066773, -0.13024677798762913, 0.009941556167085095, 0.02999999983814162, 0.13062563957807882, 0.9885562522731741, -0.07545514148442921, 0.026550000343654005, 1.5546502806942537e-09, 0.07610724614291668, 0.9970996374909294, 3.4368325546596523e-09, 0.0, 0.0, 0.0, 1.0], "right_foot_pose": [0.970860627225618, -0.23911592853689587, 0.015912737759959595, 0.0589268796885205, 0.23964482573817264, 0.9687179330273467, -0.06446645428551215, -0.11644663686187846, 1.6443271233863153e-09, 0.06640134751014658, 0.9977929950890798, 3.069226602037123e-09, 0.0, 0.0, 0.0, 1.0]}, {"left_foot_pose": [0.9908425241419757, -0.13424425300236073, 0.014476632474343252, 0.0300750397741386, 0.13502256235320104, 0.9851331987321068, -0.10621435124983927, 0.026564153145750287, -2.745014654176573e-06, 0.10719636790342432, 0.9942378682693495, 0.0028444576028416116, 0.0, 0.0, 0.0, 1.0], "right_foot_pose": [0.9708606272189542, -0.23852647508815117, 0.0231249475251377, 0.05892688029662192, 0.23964482576517024, 0.9663299108253297, -0.09368490234980154, -0.1164466369470775, 1.046668726860455e-09, 0.09649675707676504, 0.9953332988871958, 2.165427545608445e-09, 0.0, 0.0, 0.0, 1.0]}, {"left_foot_pose": [0.9890858389749372, -0.14595205315223445, 0.020179229913277554, 0.03028550487259709, 0.14734043266574948, 0.9797717044804332, -0.13541862501656735, 0.026603863386376506, -6.412131014063878e-06, 0.13691386080362758, 0.9905829569898376, 0.009617036369235221, 0.0, 0.0, 0.0, 1.0], "right_foot_pose": [0.9708606272203827, -0.23789207284460726, 0.02893102471293732, 0.05892688044836928, 0.23964482575938195, 0.9637597902189426, -0.11720675852482032, -0.11644663683723457, 4.2870712298186493e-10, 0.12072459747224709, 0.9926860387681314, 1.3789630409766218e-09, 0.0, 0.0, 0.0, 1.0]}, {"left_foot_pose": [0.9861389675014849, -0.16368087269662027, 0.027175516340615706, 0.030603732967537645, 0.16592147741588334, 0.9728323588355969, -0.16145359994283298, 0.026663912907808514, -1.035552556280681e-05, 0.16372468816779726, 0.9865060701167134, 0.017439490006250863, 0.0, 0.0, 0.0, 1.0], "right_foot_pose": [0.9708606272248541, -0.23732987975201186, 0.033229063806529534, 0.05892688026763485, 0.23964482574126827, 0.961482206914268, -0.13461917873284715, -0.11644663663566758, -1.0141608571082091e-10, 0.13865963350652788, 0.9903400961466903, 7.735945148357182e-10, 0.0, 0.0, 0.0, 1.0]}, {"left_foot_pose": [0.981958732407999, -0.185876331394791, 0.03474244198225481, 0.031002053830800392, 0.18909534012967807, 0.9652559972668662, -0.18034359451222562, 0.026739078726997142, -1.3744744585483323e-05, 0.18365960134869702, 0.9829899036325453, 0.023433113130904577, 0.0, 0.0, 0.0, 1.0], "right_foot_pose": [0.9708606272284973, -0.2369288579105809, 0.03597719814933082, 0.058926879850127005, 0.23964482572650814, 0.9598575682727734, -0.14575255103081333, -0.11644663647332973, -4.756002647001176e-10, 0.1501271624945533, 0.9886666956468869, 3.799361103506982e-10, 0.0, 0.0, 0.0, 1.0]}, {"left_foot_pose": [0.976571873122161, -0.2112153419090039, 0.04117591491317729, 0.03145279651746562, 0.21519148771090868, 0.958541384111735, -0.18679143064371662, 0.026824133407318047, -1.560258385960691e-05, 0.1912759636949267, 0.9815362985998722, 0.02500000125649022, 0.0, 0.0, 0.0, 1.0], "right_foot_pose": [0.9708606272286099, -0.23674750282202944, 0.037151882924060894, 0.05892687937315143, 0.23964482572605228, 0.9591228539521618, -0.15051148969228423, -0.11644663647058129, -6.491502784707795e-10, 0.15502893579649465, 0.9879099296321534, 2.38155481446789e-10, 0.0, 0.0, 0.0, 1.0]}, {"left_foot_pose": [0.9701378872068901, -0.23816037399934545, 0.045957763895170874, 0.03192828011698236, 0.24255407552921107, 0.9525768468275011, -0.1837522008911642, 0.02691385381610733, -1.5808931062450176e-05, 0.1894122148771527, 0.9818976589265351, 0.025000001371861737, 0.0, 0.0, 0.0, 1.0], "right_foot_pose": [0.9708606272245529, -0.23680017287881597, 0.036814679541045635, 0.0589268790338449, 0.2396448257424871, 0.9593362333185751, -0.14914539529258522, -0.11644663651936876, -6.123738774158498e-10, 0.1536218394847924, 0.9881297133642469, 3.155468941695716e-10, 0.0, 0.0, 0.0, 1.0]}, {"left_foot_pose": [0.9629841327579399, -0.2651433115610687, 0.0485858455815013, 0.03240083359990946, 0.26955808250911, 0.947222259461662, -0.17351781272929012, 0.02700302125274113, -1.4506947688095772e-05, 0.1801916077812029, 0.9836315287112215, 0.02500000152529777, 0.0, 0.0, 0.0, 1.0], "right_foot_pose": [0.9708606272172577, -0.23707667683080574, 0.03498988171134265, 0.05892687874643762, 0.23964482577204135, 0.9604564191178185, -0.1417526876502358, -0.11644663657317338, -3.738793412707521e-10, 0.146007247348339, 0.9892835203932999, 6.098630073170241e-10, 0.0, 0.0, 0.0, 1.0]}, {"left_foot_pose": [0.9556135339897701, -0.2910696682853372, 0.04562041056201131, 0.03284278791077091, 0.2946231042009461, 0.9440938340964834, -0.1479326160520436, 0.027086409644133107, -1.1250837694939105e-05, 0.1548072369925463, 0.9879446944278577, 0.022459722711209947, 0.0, 0.0, 0.0, 1.0], "right_foot_pose": [0.9708606272167365, -0.23771318991246443, 0.030365800861581107, 0.058926878834166294, 0.23964482577415402, 0.963035091049652, -0.12301939231952076, -0.11644663699593573, 3.7183761877374153e-10, 0.1267116914441178, 0.9919395885089831, 1.1700582586149366e-09, 0.0, 0.0, 0.0, 1.0]}, {"left_foot_pose": [0.9486857431232767, -0.3137811508185955, 0.03920140540330759, 0.033226459529129816, 0.3162204306164187, 0.9413706326305374, -0.11758389039978978, 0.02715880012165522, -7.443357144348276e-06, 0.12394644574065301, 0.9922889088027017, 0.015838560917862524, 0.0, 0.0, 0.0, 1.0], "right_foot_pose": [0.9708606272128504, -0.23831593528334336, 0.02520233159642215, 0.05892687885206567, 0.23964482578989835, 0.9654769617925416, -0.10210089970207234, -0.11644663728010989, 8.65968359742483e-10, 0.10516535188867399, 0.9944547494793975, 1.9778658572056074e-09, 0.0, 0.0, 0.0, 1.0]}, {"left_foot_pose": [0.9429734578142057, -0.33155906025673265, 0.029489785004188345, 0.03352417722312275, 0.33286792852968955, 0.9392666021662894, -0.08352958883741678, 0.02721497642316265, -3.7781809334477936e-06, 0.08858238886294764, 0.9960688532270546, 0.0079981765448972, 0.0, 0.0, 0.0, 1.0], "right_foot_pose": [0.9708606272159876, -0.23892647589988153, 0.018541349353336865, 0.05892687904417113, 0.23964482577718876, 0.9679504132343331, -0.07511561087886363, -0.11644663741319881, 1.4238690268713099e-09, 0.07737012752701988, 0.9970024389972437, 2.944895792500457e-09, 0.0, 0.0, 0.0, 1.0]}, {"left_foot_pose": [0.9392949981188562, -0.3426487922008253, 0.017796396045664808, 0.03370826957040587, 0.3431106330438778, 0.9380308294692725, -0.04871608007032942, 0.02724971786790028, -1.0621474218855021e-06, 0.051864903051145585, 0.9986541102055146, 0.0018172763281846666, 0.0, 0.0, 0.0, 1.0], "right_foot_pose": [0.9708606272294725, -0.23941328161209016, 0.010532002816431567, 0.058926879393546204, 0.23964482572255827, 0.9699225842532468, -0.04266776370877681, -0.11644663729385414, 1.9394916226753106e-09, 0.04394839181623507, 0.9990338026597331, 3.89715401616364e-09, 0.0, 0.0, 0.0, 1.0]}, {"left_foot_pose": [0.938339793787599, -0.3456759057175982, 0.005157480098339869, 0.033755183218894216, 0.34571437834525603, 0.938235371103118, -0.013998464785415167, 0.027258576484502337, 1.7393312726376839e-09, 0.014918331586114882, 0.9998887154992242, 4.624542394859876e-09, 0.0, 0.0, 0.0, 1.0], "right_foot_pose": [0.9708606272842634, -0.23963948624746842, 0.0015996938005788557, 0.05892688102179101, 0.23964482550058588, 0.9708389965949693, -0.006480763941620681, -0.11644663687772122, 1.8172477531028705e-09, 0.006675276887337031, 0.9999777200910415, 4.26009585247078e-09, 0.0, 0.0, 0.0, 1.0]}, {"left_foot_pose": [0.9383397937670964, -0.3456296733957646, -0.007652470284886976, 0.0337551855843073, 0.34571437840090513, 0.9381098869805504, 0.020770375928615196, 0.027258576107506625, -2.1443741140231676e-10, -0.022135239273093032, 0.999754985575128, 4.83726113331695e-09, 0.0, 0.0, 0.0, 1.0], "right_foot_pose": [0.9708606273344348, -0.23953031881621484, -0.007407338225701616, 0.0589268831811921, 0.2396448252973293, 0.9703967331589793, 0.030008965037023116, -0.1164466364902156, -1.4703847176014483e-10, -0.030909652896518033, 0.9995221825241384, 4.106220329036514e-09, 0.0, 0.0, 0.0, 1.0]}, {"left_foot_pose": [0.9383397937909428, -0.3451456791177571, -0.01982149274686407, 0.03375518242151963, 0.3457143783361808, 0.9367962276224232, 0.053799595946681406, 0.027258576065548993, 1.5518289253458985e-09, -0.05733487680932244, 0.9983550029429717, 3.670212349315971e-09, 0.0, 0.0, 0.0, 1.0], "right_foot_pose": [0.9708606272690482, -0.23911343967305654, -0.01595009048467814, 0.058926880400895124, 0.23964482556222635, 0.968707851681065, 0.0646177659216551, -0.11644663713721044, 1.6140155257945746e-09, -0.06655720140732514, 0.9977826110635645, 3.74981195400137e-09, 0.0, 0.0, 0.0, 1.0]}, {"left_foot_pose": [0.9383397938182886, -0.34436019292165265, -0.0305694106586092, 0.03375518109774673, 0.3457143782619587, 0.9346642571216547, 0.08297165252165067, 0.027258576197576347, 1.2344916246853711e-09, -0.08842388811960403, 0.9960829363109344, 2.5211788351464648e-09, 0.0, 0.0, 0.0, 1.0], "right_foot_pose": [0.9700239039672062, -0.24181870088568608, -0.02402793445512747, 0.05946616199722113, 0.24300951777066074, 0.9652714244666717, 0.09590334395084248, -0.116281287583287, 2.2564737066630595e-06, -0.09886755286767168, 0.995100601439305, 0.002250300326870326, 0.0, 0.0, 0.0, 1.0]}, {"left_foot_pose": [0.9383397938229657, -0.3434663827534504, -0.03936083391564035, 0.033755180737240764, 0.34571437824926304, 0.9322382727799714, 0.10683338165546304, 0.027258576174401222, 6.701747771369607e-10, -0.11385361954051565, 0.9934975356373683, 1.5462636379637296e-09, 0.0, 0.0, 0.0, 1.0], "right_foot_pose": [0.9671434850211802, -0.2521279833969563, -0.03263371522321922, 0.061268171451452545, 0.254231153378813, 0.9591455174539028, 0.12412250803042732, -0.11572878895101812, 5.724030333421917e-06, -0.12834078204635183, 0.9917301264108933, 0.008710106286484005, 0.0, 0.0, 0.0, 1.0]}, {"left_foot_pose": [0.938339793820158, -0.34263215648075, -0.04606122750095569, 0.03375518065292192, 0.34571437825688434, 0.9299740112251718, 0.12501962690802246, 0.027258575968458758, 1.3110390649298415e-10, -0.1332349195635887, 0.9910844848996907, 7.887867164990681e-10, 0.0, 0.0, 0.0, 1.0], "right_foot_pose": [0.9623704411468158, -0.26848568281728336, -0.0419353327042937, 0.0640910599197207, 0.2717409316180545, 0.950847371734722, 0.14847943207233494, -0.11486329419111387, 9.499180435351454e-06, -0.15428776292145974, 0.9880259541745129, 0.01655845888376916, 0.0, 0.0, 0.0, 1.0]}, {"left_foot_pose": [0.9383397938146234, -0.3419897758856253, -0.050610518013851975, 0.033755180785527444, 0.34571437827190643, 0.9282304581889455, 0.13736733653387273, 0.027258575727990113, -3.100471185859523e-10, -0.14639402200923612, 0.989226359495116, 2.8032340337880157e-10, 0.0, 0.0, 0.0, 1.0], "right_foot_pose": [0.9558440049619551, -0.28939564574154064, -0.05111162689766946, 0.06768035675313795, 0.293874527671269, 0.941283764550514, 0.16620059139365637, -0.11376282292750023, 1.2817109546443715e-05, -0.17388224411782086, 0.9847664520160464, 0.02291665215776812, 0.0, 0.0, 0.0, 1.0]}, {"left_foot_pose": [0.938339793799828, -0.3416887902536876, -0.05260420122640487, 0.03375518118882621, 0.345714378312064, 0.9274135212898358, 0.14277860188799749, 0.02725857572702907, -2.5920368012838727e-10, -0.15216087257820074, 0.9883557400330315, 4.790125240905496e-11, 0.0, 0.0, 0.0, 1.0], "right_foot_pose": [0.9477639224072861, -0.31363740990275946, -0.05809580443236514, 0.07178159407969832, 0.3189726432871542, 0.9319197552298726, 0.17257468715515656, -0.11250538958663396, 1.4749952369820573e-05, -0.18209103471006677, 0.9832816762559221, 0.02500000050683865, 0.0, 0.0, 0.0, 1.0]}, {"left_foot_pose": [0.9383397938041015, -0.34170271067534247, -0.05251370183866484, 0.03375518142714236, 0.3457143783004652, 0.9274513041925196, 0.14253296807376925, 0.027258575806367133, -2.9316256876730115e-10, -0.1518990976560374, 0.9883960057240634, 4.331103531374225e-11, 0.0, 0.0, 0.0, 1.0], "right_foot_pose": [0.9384545475674022, -0.33969579093947344, -0.0625286475790713, 0.0761402962147269, 0.34540275320536395, 0.9229567252626806, 0.16984646410962828, -0.11116901506660183, 1.510684069072769e-05, -0.18099075365994355, 0.9834847974734481, 0.025000000637178187, 0.0, 0.0, 0.0, 1.0]}, {"left_foot_pose": [0.9383397938130986, -0.3420431364870971, -0.0502486231538879, 0.03375518168415501, 0.34571437827604534, 0.928375289866049, 0.13638507916681267, 0.027258575891863306, -1.6239749336951184e-10, -0.14534721857744387, 0.9893807083483092, 2.793141690160539e-10, 0.0, 0.0, 0.0, 1.0], "right_foot_pose": [0.9284011738185151, -0.3659204585584887, -0.06460246481945142, 0.08050199231483801, 0.3715794131188009, 0.9142687173836754, 0.1613736414656882, -0.10983172304886107, 1.4095765926055076e-05, -0.17382442412375299, 0.9847766596438784, 0.025000000918259498, 0.0, 0.0, 0.0, 1.0]}, {"left_foot_pose": [0.9383397938261033, -0.34267663183592234, -0.04572917357633059, 0.03375518182092928, 0.34571437824074747, 0.9300947265251239, 0.12411836434536751, 0.027258576150392053, 1.488422269103629e-10, -0.13227443322026974, 0.9912131326391199, 8.065018444747274e-10, 0.0, 0.0, 0.0, 1.0], "right_foot_pose": [0.9182592652363012, -0.39100428308579593, -0.06257453488640966, 0.08461221314009514, 0.39597969855976756, 0.9067261552287947, 0.1450784537845746, -0.1085715287986465, 1.1670619550830889e-05, -0.15799787983568048, 0.9874394512228212, 0.02302493241459517, 0.0, 0.0, 0.0, 1.0]}, {"left_foot_pose": [0.9383397938389345, -0.3435223746214438, -0.03886913213272227, 0.03375518186702658, 0.34571437820592116, 0.932390246