{"LoopMode": "Wrap", "FrameDuration": 0.0167, "EnableCycleOffsetPosition": true, "EnableCycleOffsetRotation": false, "Debug_info": [{"left_foot_pose": [1.0000000000000009, 5.4744403962275717e-14, -4.575340106782735e-12, 9.959289972635874e-13, -6.9886516229410645e-15, 0.9999462785226491, 0.010365330130089645, -2.425698530927889e-13, 4.575236536329219e-12, -0.010365330130089815, 0.9999462785226494, 1.005388133856755e-11, 0.0, 0.0, 0.0, 1.0], "right_foot_pose": [0.9999999999999998, -9.218650262463478e-14, -4.619526983162813e-12, 1.1712093190120426e-12, 2.7201066671597846e-14, 0.9999008663136073, -0.014080395779148937, -0.14000000000143534, 4.6200578048696506e-12, 0.014080395779148784, 0.9999008663136075, 7.820563641125489e-12, 0.0, 0.0, 0.0, 1.0]}, {"left_foot_pose": [1.0000000000000007, 1.0054672711230714e-13, -1.0241418824108454e-11, 1.878925515665189e-12, -1.6483723465064028e-14, 0.9999665792865363, 0.008175592332302481, 9.424058755591602e-14, 1.0241614689286983e-11, -0.008175592332302655, 0.9999665792865366, 2.1706060560067186e-11, 0.0, 0.0, 0.0, 1.0], "right_foot_pose": [1.0, -2.4323271538236054e-13, -1.0315914789060797e-11, 2.409633733324437e-12, 7.541745723503191e-14, 0.9998676208697435, -0.016270855425545717, -0.14000000000256493, 1.0318244094194527e-11, 0.01627085542554557, 0.9998676208697433, 1.8257090284024002e-11, 0.0, 0.0, 0.0, 1.0]}, {"left_foot_pose": [1.0000000000000004, 1.0472275446139266e-13, -1.8026247161628823e-11, 2.981651905263136e-12, -1.2015800327655206e-14, 0.999986869071425, 0.005124615568991911, 7.829917270107956e-13, 1.8026140445281815e-11, -0.0051246155689920825, 0.9999868690714251, 3.7576601552569144e-11, 0.0, 0.0, 0.0, 1.0], "right_foot_pose": [1.0, -5.137049772614115e-13, -1.8146373292893255e-11, 4.039455286387479e-12, 1.6301879277136777e-13, 0.9998132828589466, -0.019323545710250762, -0.14000000000388135, 1.8152896769756676e-11, 0.019323545710250616, 0.9998132828589468, 3.280849897313587e-11, 0.0, 0.0, 0.0, 1.0]}, {"left_foot_pose": [1.0000000000000004, 8.611711404286342e-15, -2.7827851134532018e-11, 4.270827010805617e-12, 2.5882123726272607e-14, 0.9999992464180881, 0.0012276657756675707, 1.8782423533147963e-12, 2.7827672334233028e-11, -0.001227665775667744, 0.9999992464180881, 5.752964077343492e-11, 0.0, 0.0, 0.0, 1.0], "right_foot_pose": [0.9999999999999998, -9.59222982729508e-13, -2.8021085451968013e-11, 6.022769715893248e-12, 3.0827333155377073e-13, 0.9997302892596397, -0.02322388289751377, -0.14000000000529778, 2.803575295291882e-11, 0.02322388289751362, 0.9997302892596395, 5.128991675817929e-11, 0.0, 0.0, 0.0, 1.0]}, {"left_foot_pose": [1.0000000000000002, -2.6058548019442946e-13, -3.9761971493135206e-11, 5.737227989611203e-12, 1.2142896099281982e-13, 0.999993846839246, -0.0035080313064932553, 3.4746407140406887e-12, 3.9762450634619214e-11, 0.003508031306493081, 0.9999938468392461, 8.188100891759476e-11, 0.0, 0.0, 0.0, 1.0], "right_foot_pose": [0.9999999999999998, -1.6579111855177734e-12, -4.006989184901498e-11, 8.361819827894132e-12, 5.367542207360912e-13, 0.9996088887389559, -0.027965506504788393, -0.1400000000067413, 4.010031689704937e-11, 0.027965506504788244, 0.999608888738956, 7.392893935920242e-11, 0.0, 0.0, 0.0, 1.0]}, {"left_foot_pose": [1.0000000000000004, -7.989718602969928e-13, -5.418682169633371e-11, 7.393619811744849e-12, 3.065624831456137e-13, 0.9999586598900223, -0.009092772456827089, 5.724538898466136e-12, 5.41917420215389e-11, 0.009092772456826912, 0.9999586598900223, 1.1145581679805616e-10, 0.0, 0.0, 0.0, 1.0], "right_foot_pose": [0.9999999999999998, -2.720962393615448e-12, -5.467087893507026e-11, 1.1100077913552726e-11, 8.847447534078338e-13, 0.9994367116684704, -0.03355978798077723, -0.14000000000814022, 5.4731503038298646e-11, 0.03355978798077709, 0.9994367116684704, 1.0142364725851394e-10, 0.0, 0.0, 0.0, 1.0]}, {"left_foot_pose": [1.0000000000000007, -1.7414299471254474e-12, -7.17085280044216e-11, 9.269875497069622e-12, 6.259526220238496e-13, 0.9998789756908176, -0.015557441032578417, 8.857079999979867e-12, 7.172661355633248e-11, 0.015557441032578239, 0.9998789756908177, 1.4762044364680094e-10, 0.0, 0.0, 0.0, 1.0], "right_foot_pose": [0.9999999999999998, -4.30907123095734e-12, -7.24609816593613e-11, 1.4318936343743833e-11, 1.4044269172301327e-12, 0.999198119912868, -0.04003894557290294, -0.1400000000094029, 7.257512843385684e-11, 0.040038945572902794, 0.9991981199128681, 1.3496353340469724e-10, 0.0, 0.0, 0.0, 1.0]}, {"left_foot_pose": [1.0000000000000007, -3.2831257116903577e-12, -9.317380200712929e-11, 1.1405251467468783e-11, 1.143904536160214e-12, 0.9997365256343079, -0.022953851804077597, 1.3200817175484936e-11, 9.322410242059294e-11, 0.022953851804077417, 0.9997365256343083, 1.9229854514302147e-10, 0.0, 0.0, 0.0, 1.0], "right_foot_pose": [1.0000000000000002, -6.654718600654356e-12, -9.432810088583207e-11, 1.813007109017111e-11, 2.1708098663571214e-12, 0.9988733073781877, -0.04745646222971992, -0.14000000001038765, 9.453774623262248e-11, 0.047456462229719755, 0.9988733073781879, 1.7622523579285954e-10, 0.0, 0.0, 0.0, 1.0]}, {"left_foot_pose": [1.0000000000000007, -5.706771011454514e-12, -1.1964784718543334e-10, 1.3837746179172064e-11, 1.9529562806320564e-12, 0.9995083660188024, -0.03135324956721795, 1.9208053550490156e-11, 1.197676204647792e-10, 0.03135324956721778, 0.9995083660188029, 2.4797851966296136e-10, 0.0, 0.0, 0.0, 1.0], "right_foot_pose": [1.0, -1.0090568659106289e-11, -1.213982803172086e-10, 2.2665481893757992e-11, 3.2904364804673894e-12, 0.9984371744550585, -0.05588567496415666, -0.14000000001086488, 1.217723237838082e-10, 0.05588567496415651, 0.9984371744550583, 2.273535248953351e-10, 0.0, 0.0, 0.0, 1.0]}, {"left_foot_pose": [1.0000000000000004, -9.41053678786212e-12, -1.5231194083753492e-10, 1.658173772449833e-11, 3.182288911553933e-12, 0.9991656149534603, -0.04084206036274748, 2.7464022375744968e-11, 1.5256886596153683e-10, 0.040842060362747304, 0.9991656149534605, 3.1757759616501957e-10, 0.0, 0.0, 0.0, 1.0], "right_foot_pose": [0.9999999999999999, -1.507624338571954e-11, -1.5493667460120256e-10, 2.8051425795145847e-11, 4.908742039645478e-12, 0.9978581043645784, -0.0654156216352805, -0.14000000001046828, 1.555907570205043e-10, 0.06541562163528036, 0.9978581043645783, 2.9079627594796875e-10, 0.0, 0.0, 0.0, 1.0]}, {"left_foot_pose": [1.0000000000000007, -1.4910953806761437e-11, -1.920791303788858e-10, 1.9572044499046326e-11, 4.997167014354808e-12, 0.9986723856041284, -0.05151180672195541, 3.8620127928989945e-11, 1.9259179096649043e-10, 0.051511806721955225, 0.9986723856041286, 4.037605041973258e-10, 0.0, 0.0, 0.0, 1.0], "right_foot_pose": [1.0, -2.219040441457081e-11, -1.9596274603017592e-10, 3.433546523306097e-11, 7.205262894653296e-12, 0.9970970590282859, -0.07614101967496087, -0.14000000000864637, 1.9708317488318908e-10, 0.07614101967496072, 0.997097059028286, 3.686247973533341e-10, 0.0, 0.0, 0.0, 1.0]}, {"left_foot_pose": [1.0000000000000007, -2.2743638211757184e-11, -2.385808772764615e-10, 2.253903225840751e-11, 7.563664918644249e-12, 0.9979859333762866, -0.06343561131622558, 5.311038588085015e-11, 2.3954263119796635e-10, 0.0634356113162254, 0.9979859333762865, 5.069390254797135e-10, 0.0, 0.0, 0.0, 1.0], "right_foot_pose": [0.9999999999999998, -3.199504342728881e-11, -2.4421398236995613e-10, 4.131123679035514e-11, 1.0345896861347879e-11, 0.996108211813087, -0.08813869955096071, -0.14000000000467505, 2.460833222450577e-10, 0.08813869955096056, 0.996108211813087, 4.6065141284801214e-10, 0.0, 0.0, 0.0, 1.0]}, {"left_foot_pose": [1.0000000000000004, -3.3031768296591516e-11, -2.875550908498775e-10, 2.4713123223133874e-11, 1.0904629539661859e-11, 0.9970609223517797, -0.07661277386323583, 7.026192822001676e-11, 2.892405642939853e-10, 0.07661277386323562, 0.9970609223517798, 6.197599794477426e-10, 0.0, 0.0, 0.0, 1.0], "right_foot_pose": [0.9999999999999998, -4.4495637940882995e-11, -2.954390621034972e-10, 4.8092466232304376e-11, 1.4305336947391206e-11, 0.9948445438950037, -0.10141170288651241, -0.1399999999979167, 2.9842819585618254e-10, 0.10141170288651224, 0.9948445438950038, 5.594276986098379e-10, 0.0, 0.0, 0.0, 1.0]}, {"left_foot_pose": [1.0000000000000007, -4.413380722180552e-11, -3.246422020097831e-10, 2.4186037327933514e-11, 1.446125630597072e-11, 0.9958655092833157, -0.09083989993325287, 8.593121700317674e-11, 3.2730869965369384e-10, 0.09083989993325266, 0.9958655092833159, 7.131931364923183e-10, 0.0, 0.0, 0.0, 1.0], "right_foot_pose": [1.0, -5.749880713536658e-11, -3.348983312889683e-10, 5.2141199990271337e-11, 1.8344909319195002e-11, 0.9932773498259168, -0.11575882827155551, -0.13999999998884483, 3.3930270008427884e-10, 0.11575882827155538, 0.9932773498259168, 6.379885786333972e-10, 0.0, 0.0, 0.0, 1.0]}, {"left_foot_pose": [1.0000000000000007, -4.943001146207431e-11, -3.1377034304114116e-10, 1.7025455964615765e-11, 1.60798441344152e-11, 0.994428635557914, -0.10541199543897382, 8.769112866402473e-11, 3.1723240557552824e-10, 0.10541199543897363, 0.994428635557914, 7.085145942165028e-10, 0.0, 0.0, 0.0, 1.0], "right_foot_pose": [0.9999999999999998, -6.278545144789804e-11, -3.2506064506776475e-10, 4.76046990514607e-11, 1.9837708015093178e-11, 0.991452079892215, -0.13047135040843627, -0.13999999998174753, 3.304736333858934e-10, 0.13047135040843616, 0.991452079892215, 6.260609738961698e-10, 0.0, 0.0, 0.0, 1.0]}, {"left_foot_pose": [0.9999999964312613, 8.385260915283276e-05, -1.0306198919009473e-05, 2.1385869948374995e-05, -8.448319407635354e-05, 0.9929023035573331, -0.11893278964664052, 5.7687032684085315e-05, 2.6022392171131685e-07, 0.11893279009290086, 0.9929023070980604, 0.00016386103378841083, 0.0, 0.0, 0.0, 1.0], "right_foot_pose": [0.9999999999999999, -4.670556065393829e-11, -2.1991203302817982e-10, 1.4428431065783533e-11, 1.4624104425771188e-11, 0.9896242292068579, -0.14367980013464837, -0.14000000003292234, 2.2434077534394985e-10, 0.1436798001346482, 0.9896242292068579, 4.086458949004168e-10, 0.0, 0.0, 0.0, 1.0]}, {"left_foot_pose": [0.9999971541291326, 0.0023614820431040783, -0.00033931725113360946, 0.0006039671890787391, -0.0023857349359578833, 0.9899243161386525, -0.1415773872701327, 0.001629189443322441, 1.5659400342806778e-06, 0.14157779388019087, 0.989927132812091, 0.004191209104903726, 0.0, 0.0, 0.0, 1.0], "right_foot_pose": [1.0, -2.549714659381927e-11, -1.0115236426244664e-10, -1.9448525537485602e-11, 9.626398772687165e-12, 0.9880868597854067, -0.15389723038253197, -0.14000000015293707, 1.0387102208740114e-10, 0.15389723038253184, 0.9880868597854068, 1.951773534458745e-10, 0.0, 0.0, 0.0, 1.0]}, {"left_foot_pose": [0.9999726248148749, 0.007283159795955683, -0.001305834689706604, 0.0018732115869540384, -0.007399297976701859, 0.9843535863705305, -0.17604904824771822, 0.005052969265437253, 3.209709705447856e-06, 0.17605389113240846, 0.984380529778417, 0.011469801776820783, 0.0, 0.0, 0.0, 1.0], "right_foot_pose": [1.0, -2.4421291040228876e-12, 2.247785291231709e-11, 4.106260702685296e-12, 6.012887698513629e-12, 0.9870751836382529, -0.16025786047963414, -0.14000000012345276, -2.1796168143629916e-11, 0.16025786047963397, 0.9870751836382526, 7.274889718411615e-11, 0.0, 0.0, 0.0, 1.0]}, {"left_foot_pose": [0.9998942495008479, 0.014191071038988267, -0.0031785716766317617, 0.003681728818372055, -0.014542688485714161, 0.9757961105372721, -0.21819821463967168, 0.009931447234369097, 5.171514588968577e-06, 0.2182213650472819, 0.9758992959369105, 0.01912092653368725, 0.0, 0.0, 0.0, 1.0], "right_foot_pose": [0.9999999999999999, 8.304903097362066e-12, 9.66627888843163e-11, 7.365297784844875e-11, 7.45809170008526e-12, 0.9868010479360246, -0.16193730821637034, -0.14000000001645152, -9.673204203241075e-11, 0.16193730821637023, 0.9868010479360246, 4.086378457834883e-11, 0.0, 0.0, 0.0, 1.0]}, {"left_foot_pose": [0.999730078609452, 0.02242872104034994, -0.006059900662070718, 0.0058821306623466395, -0.023232947991478937, 0.9652038415675764, -0.2604645356873353, 0.015867038876550398, 7.152986712882577e-06, 0.26053502009458923, 0.9654643977139435, 0.024265879437789684, 0.0, 0.0, 0.0, 1.0], "right_foot_pose": [1.0, -5.742246357702101e-12, 7.656975054004537e-11, 1.9014729560160803e-10, 1.778793495272959e-11, 0.9873973260097237, -0.15826092565395738, -0.13999999995919796, -7.469592842684219e-11, 0.15826092565395727, 0.9873973260097239, 1.4250568780571626e-10, 0.0, 0.0, 0.0, 1.0]}, {"left_foot_pose": [0.9994590868156968, 0.03143383503562758, -0.009666840046647179, 0.008327027447708902, -0.0328866797732842, 0.9553830344798686, -0.29353317311937394, 0.022462149023393753, 8.66163627843223e-06, 0.2936923074290367, 0.9559000096673212, 0.025000003400646877, 0.0, 0.0, 0.0, 1.0], "right_foot_pose": [0.9999999999999999, -4.9772558139662935e-11, -6.954614661935892e-11, 3.7831616135707623e-10, 3.8880277548761704e-11, 0.9888872286358465, -0.1486675789838352, -0.1399999999918499, 7.617262572222795e-11, 0.14866757898383504, 0.9888872286358464, 4.698247554890678e-10, 0.0, 0.0, 0.0, 1.0]}, {"left_foot_pose": [0.9990784907457945, 0.04065773170986067, -0.013752024626041462, 0.010869026840655759, -0.04292049904200835, 0.9464783064051311, -0.3199009944755735, 0.02931919322688793, 9.544170591881694e-06, 0.32019644650852214, 0.9473511680217769, 0.025000002236152438, 0.0, 0.0, 0.0, 1.0], "right_foot_pose": [0.9999999999999999, -1.1914579032426086e-10, -3.640155399331484e-10, 6.201637847526873e-10, 6.971086759101742e-11, 0.9911292921797503, -0.13290118954797622, -0.139999999980571, 3.766208550734552e-10, 0.13290118954797606, 0.9911292921797504, 1.0562511074119207e-09, 0.0, 0.0, 0.0, 1.0]}, {"left_foot_pose": [0.9986076685722296, 0.04963058673049336, -0.01787537774494141, 0.01336074021695372, -0.052751532454925185, 0.9395886288033198, -0.33821662355235416, 0.03604059123345274, 9.612195800976719e-06, 0.3386886674872438, 0.9408984995329314, 0.02491027010895657, 0.0, 0.0, 0.0, 1.0], "right_foot_pose": [0.9999999999999998, -2.0194814974184343e-10, -8.483345137477716e-10, 8.490012691837834e-10, 1.0704347715324259e-10, 0.9938854334159047, -0.11041623632274103, -0.1400000000630987, 8.654455531956694e-10, 0.11041623632274089, 0.9938854334159047, 1.9600639722394675e-09, 0.0, 0.0, 0.0, 1.0]}, {"left_foot_pose": [0.9980886800334189, 0.058143507926393195, -0.020936075925587157, 0.015654778424927452, -0.061797950745752346, 0.9391131153933829, -0.3380052806980405, 0.04222875320006228, 8.530769161183426e-06, 0.338653051045091, 0.9409113193840735, 0.021163833341035714, 0.0, 0.0, 0.0, 1.0], "right_foot_pose": [1.0, -2.6584134730921037e-10, -1.555338691172635e-09, 9.79232336279938e-10, 1.3978359450709276e-10, 0.9967551049298837, -0.08049385564263034, -0.14000000059587248, 1.5716902581281965e-09, 0.08049385564263019, 0.9967551049298838, 3.3147591338433813e-09, 0.0, 0.0, 0.0, 1.0]}, {"left_foot_pose": [0.9975833805190322, 0.06584092960653527, -0.022189432186698207, 0.017603749293660476, -0.06947948524847983, 0.945370878837689, -0.3185066758723637, 0.04748609814566642, 6.467381924361593e-06, 0.31927867676091987, 0.9476608710524931, 0.013996811212218997, 0.0, 0.0, 0.0, 1.0], "right_foot_pose": [0.9999999999999998, -2.500017109547494e-10, -2.4590091074472285e-09, 1.0237337813087948e-09, 1.4455307762727636e-10, 0.9990841103505033, -0.042789489891137324, -0.14000000111938227, 2.467454062507778e-09, 0.04278948989113716, 0.9990841103505033, 5.165795957662311e-09, 0.0, 0.0, 0.0, 1.0]}, {"left_foot_pose": [0.9971671654423654, 0.07207396568026042, -0.021517147458698375, 0.019060263776975755, -0.07521731282421294, 0.9555101395401042, -0.28520646747147227, 0.05141504965953101, 3.891422438644547e-06, 0.2860169867458435, 0.9582245474196981, 0.006287908491395086, 0.0, 0.0, 0.0, 1.0], "right_foot_pose": [0.9999999999999998, -8.393330867699286e-11, -3.498287104441999e-09, 8.901316981539859e-10, 9.299066895536783e-11, 0.9999966481432754, 0.0025891508674222787, -0.14000000149063696, 3.4980579837622283e-09, -0.00258915086742243, 0.9999966481432754, 7.415362865414998e-09, 0.0, 0.0, 0.0, 1.0]}, {"left_foot_pose": [0.9969193595438853, 0.07609322400785198, -0.019016093886541376, 0.019876933525259183, -0.07843335110131723, 0.967179349594427, -0.241686398361844, 0.053618024212483455, 1.276066812862964e-06, 0.2424333454337361, 0.970168064316786, 0.0009158380902069066, 0.0, 0.0, 0.0, 1.0], "right_foot_pose": [1.0, 2.796350298760522e-10, -4.457615276898254e-09, 4.829911253297487e-10, -3.559786006613633e-11, 0.9985054430944074, 0.054652356864471015, -0.14000000151027278, 4.466235717386465e-09, -0.05465235686447115, 0.9985054430944071, 9.640990582260311e-09, 0.0, 0.0, 0.0, 1.0]}, {"left_foot_pose": [0.9968811226115807, 0.07747716988758109, -0.015010513878169256, 0.020000001410264347, -0.07891785210379036, 0.9786826043454908, -0.18961100329583444, 0.05395000193721253, 4.899944740886005e-09, 0.1902042273392985, 0.9817445451349662, 1.1404052355223904e-08, 0.0, 0.0, 0.0, 1.0], "right_foot_pose": [0.9999999999999999, 7.56280435581927e-10, -4.802564512740307e-09, 1.1044688741487167e-10, -2.2071871410589182e-10, 0.9938705045408722, 0.1105505323536348, -0.14000000143574537, 4.856734340671582e-09, -0.11055053235363493, 0.9938705045408721, 1.0861047596011364e-08, 0.0, 0.0, 0.0, 1.0]}, {"left_foot_pose": [0.9968811226024828, 0.07818193947476344, -0.010752289931849906, 0.02000000124173627, -0.07891785221870942, 0.9875851663034624, -0.13582161793525077, 0.05395000160988894, 4.527710679956822e-09, 0.13624655458883256, 0.9906749599957964, 9.726321921477155e-09, 0.0, 0.0, 0.0, 1.0], "right_foot_pose": [0.9999999999999998, 1.023228782932206e-09, -4.3224487322746135e-09, 6.440118877046192e-11, -2.96877301664278e-10, 0.986326212414603, 0.16480474114497715, -0.14000000149072, 4.431977339469069e-09, -0.16480474114497726, 0.9863262124146032, 1.0770751547595214e-08, 0.0, 0.0, 0.0, 1.0]}, {"left_foot_pose": [0.9968811225918283, 0.07863146925059325, -0.006717102317960479, 0.020000001030547974, -0.07891785235329757, 0.9932635684217054, -0.0848496094635928, 0.05395000110305845, 3.560329548996832e-09, 0.08511507322251516, 0.9963711277984358, 7.2975468792813025e-09, 0.0, 0.0, 0.0, 1.0], "right_foot_pose": [0.9999999993599646, 3.486423668418747e-05, 8.034643307952423e-06, 6.340385879357166e-06, -3.5775725583603436e-05, 0.9769665969383176, 0.21339228474071043, -0.13999529920234646, -4.098190085002042e-07, -0.21339228489157716, 0.9769665975603179, 3.740715972911507e-05, 0.0, 0.0, 0.0, 1.0]}, {"left_foot_pose": [0.9968811225834755, 0.07885159799023987, -0.003233099301961267, 0.020000001396085643, -0.07891785245881114, 0.9960442050589472, -0.04084010445358896, 0.05395000101119489, 2.325844648777171e-09, 0.04096787842781684, 0.9991604640582636, 5.0076603141935294e-09, 0.0, 0.0, 0.0, 1.0], "right_foot_pose": [0.999993237070744, 0.00355357005440536, 0.000947603631816215, 0.0006522133894198372, -0.0036777423927441782, 0.9665694076837038, 0.25637873223195895, -0.13951640727806097, -4.864895677898945e-06, -0.2563804834027786, 0.9665759399584135, 0.0034929894875851755, 0.0, 0.0, 0.0, 1.0]}, {"left_foot_pose": [0.9968811225804518, 0.07891666624230953, -0.00043270306118266516, 0.020000001371750203, -0.07891785249700589, 0.9968661380381652, -0.005465838465923127, 0.05395000066523773, 1.2795685614924199e-09, 0.005482939182110105, 0.9999849685759913, 3.054426933601917e-09, 0.0, 0.0, 0.0, 1.0], "right_foot_pose": [0.9999215066690351, 0.011970038306231355, 0.0037011732834101854, 0.002222065826781147, -0.012529182216808382, 0.9555253430964741, 0.29464272991768076, -0.13835243239122366, -9.680107722882415e-06, -0.29466597510284903, 0.955600315520554, 0.010538497863130498, 0.0, 0.0, 0.0, 1.0]}, {"left_foot_pose": [0.9968811225804636, 0.07890044154105372, 0.0016576390867706191, 0.020000001062939914, -0.07891785249685382, 0.9966611892830916, 0.02093911015538588, 0.05395000022658597, 4.931133401147165e-10, -0.021004620954480017, 0.9997793786123816, 1.5965626459779614e-09, 0.0, 0.0, 0.0, 1.0], "right_foot_pose": [0.9996748857366141, 0.024107744218349405, 0.008302981162807676, 0.00452245273987933, -0.0254975023727552, 0.9453673794309297, 0.32500830032577366, -0.13664680712567126, -1.4150570253628172e-05, -0.3251143407735187, 0.9456747142771457, 0.0182952098990128, 0.0, 0.0, 0.0, 1.0]}, {"left_foot_pose": [0.9968811225814148, 0.0788592268787615, 0.003041344588036662, 0.02000000057256655, -0.07891785248484093, 0.9961405707628281, 0.03841791039982527, 0.05394999985471073, -2.138594506257338e-11, -0.03853810603016442, 0.9992571312648257, 6.680230119071595e-10, 0.0, 0.0, 0.0, 1.0], "right_foot_pose": [0.999139033966494, 0.03898441063355757, 0.014191776916763188, 0.007359935172387918, -0.04148723299386007, 0.9390068058727585, 0.341386918353872, -0.13454295692237248, -1.7407302236499914e-05, -0.34168177336842886, 0.9398157082347536, 0.023884419961603925, 0.0, 0.0, 0.0, 1.0]}, {"left_foot_pose": [0.9968811225819634, 0.07882974189128111, 0.003728167522972988, 0.020000000085635777, -0.07891785247791083, 0.9957681200709911, 0.047093774647608076, 0.05394999973343341, -2.655037025456611e-10, -0.047241113911920644, 0.9988835153091487, 2.77301369366878e-10, 0.0, 0.0, 0.0, 1.0], "right_foot_pose": [0.99823424547052, 0.055895665901062326, 0.020101385608416577, 0.010541070606990041, -0.05940025945487301, 0.9394447604750158, 0.3375131866945853, -0.13218430274915197, -1.861706743137315e-05, -0.3381112487769628, 0.9411061486909366, 0.02500000438238345, 0.0, 0.0, 0.0, 1.0]}, {"left_foot_pose": [0.9968811225815671, 0.07882971500904043, 0.0037287359934635015, 0.01999999973377202, -0.07891785248291693, 0.9957677804214958, 0.047100955764539855, 0.05394999975247387, -2.444170146663288e-10, -0.04724831749429927, 0.9988831745974898, 3.243550358855707e-10, 0.0, 0.0, 0.0, 1.0], "right_foot_pose": [0.996942535702397, 0.07396771546063356, 0.025186456217765853, 0.013872405588739886, -0.07813821205433899, 0.9438066210661163, 0.32112845069957774, -0.12971427787430645, -1.8006271858646644e-05, -0.32211463658346073, 0.9467006710542035, 0.025000005531340352, 0.0, 0.0, 0.0, 1.0]}, {"left_foot_pose": [0.9968811225804173, 0.07885881670093074, 0.003051961883301797, 0.0199999994278166, -0.07891785249744236, 0.9961353892593388, 0.038552027473776056, 0.05394999981193442, 2.9376114814256477e-11, -0.03867264270354333, 0.9992519335514567, 7.913748059640291e-10, 0.0, 0.0, 0.0, 1.0], "right_foot_pose": [0.9953227270028654, 0.09224937462077894, 0.028683130820308017, 0.017160500847253502, -0.09660573926916294, 0.9504881294064245, 0.29536358441374383, -0.12727631358482538, -1.5869410994745432e-05, -0.2967530433534786, 0.9549542559770129, 0.02499255631649911, 0.0, 0.0, 0.0, 1.0]}, {"left_foot_pose": [0.9968811225793814, 0.07889953669649198, 0.0017001629192353424, 0.019999999114913593, -0.07891785251052498, 0.9966497592021665, 0.021476266840196746, 0.05395000022395065, 5.396011483292676e-10, -0.021543458202973913, 0.999767912772088, 1.7773488722450104e-09, 0.0, 0.0, 0.0, 1.0], "right_foot_pose": [0.9935135051110876, 0.10989706265919519, 0.029215591398460902, 0.020211918767253468, -0.113714181223096, 0.960191304476172, 0.2551504336604341, -0.1250138311877432, -1.2273620429537496e-05, -0.25681762873141667, 0.966459882986423, 0.021837797199860974, 0.0, 0.0, 0.0, 1.0]}, {"left_foot_pose": [0.996881122579946, 0.07891722983295511, -0.00031349519983493994, 0.019999999047578945, -0.0789178525033958, 0.9968732571419657, -0.003960019118824241, 0.05395000065866966, 1.2420143644128226e-09, 0.003972408672552462, 0.9999921099535434, 3.193941250367871e-09, 0.0, 0.0, 0.0, 1.0], "right_foot_pose": [0.991724498452976, 0.12564954315826135, 0.026357379845376613, 0.022833198793010892, -0.12838426346089213, 0.9706124888911767, 0.20354084922707508, -0.12307027043459993, -7.98733294473643e-06, -0.20524031941262164, 0.9787116077903681, 0.014923782567730241, 0.0, 0.0, 0.0, 1.0]}, {"left_foot_pose": [0.9968811225849872, 0.07886251789208876, -0.0029547767118150016, 0.019999999512316582, -0.0789178524397151, 0.9961821440063197, -0.037324369107550145, 0.05395000102300812, 2.0732804217552445e-09, 0.03744114360824612, 0.9992988345661711, 4.872402807609699e-09, 0.0, 0.0, 0.0, 1.0], "right_foot_pose": [0.9902156060720071, 0.13794368530475581, 0.02108537825106017, 0.024830901709447833, -0.13954588304547308, 0.9788508320746994, 0.14959276410217148, -0.12158906698440498, -4.06287048163134e-06, -0.15107146729681067, 0.9885228433133358, 0.007129216865920281, 0.0, 0.0, 0.0, 1.0]}, {"left_foot_pose": [0.9968811225922467, 0.07867962730226681, -0.006127288698881745, 0.019999999775069405, -0.07891785234801435, 0.9938718943405438, -0.07739916162799854, 0.053950001061757055, 2.8359301004996963e-09, 0.07764131559624972, 0.9969813569533208, 6.605422563088492e-09, 0.0, 0.0, 0.0, 1.0], "right_foot_pose": [0.9892647381158333, 0.14540491797474037, 0.014583818065597791, 0.026011588050368562, -0.14613445151381216, 0.9843269219227184, 0.09871794598199521, -0.1207136501976138, -1.1699082440126213e-06, -0.099789381233205, 0.9950085825718917, 0.001332808391398231, 0.0, 0.0, 0.0, 1.0]}, {"left_foot_pose": [0.9968811226078543, 0.07832694832592925, -0.009639323319229282, 0.020000001533826996, -0.07891785215086229, 0.9894168988292694, -0.12176277314091759, 0.05395000112164901, 2.945493903553945e-09, 0.12214372467310448, 0.9925124233595174, 7.516296605947215e-09, 0.0, 0.0, 0.0, 1.0], "right_foot_pose": [0.9890679764472218, 0.14724933541718116, 0.007884870689880438, 0.026249323564666298, -0.14746029284725304, 0.9876530098357077, 0.052886616415399816, -0.12053738856812216, 2.850605155556959e-09, -0.053471164020112566, 0.9985693939923925, 7.278495875451263e-09, 0.0, 0.0, 0.0, 1.0]}, {"left_foot_pose": [0.9968811226168883, 0.07780906420703489, -0.013182446560456284, 0.020000003039585466, -0.07891785203674583, 0.9828750485802811, -0.16651910253246466, 0.05395000128248005, 2.262868895997719e-09, 0.16704008023686023, 0.9859501060370471, 7.843082322489536e-09, 0.0, 0.0, 0.0, 1.0], "right_foot_pose": [0.9890679764477387, 0.14745620466633008, 0.0010980304989042504, 0.02624932482884639, -0.14746029284378595, 0.9890405554948162, 0.007364891101028393, -0.1205373880401096, 2.1949517561691873e-09, -0.007446293836972103, 0.9999722759697356, 7.2428260819434875e-09, 0.0, 0.0, 0.0, 1.0]}, {"left_foot_pose": [0.9968811226029244, 0.07717144986307455, -0.016510442876111985, 0.020000000111923075, -0.07891785221313566, 0.9748207787196815, -0.20855795831955348, 0.053950000806025564, 2.757495490717402e-09, 0.20921046030824045, 0.9778706373021001, 7.67736894891069e-09, 0.0, 0.0, 0.0, 1.0], "right_foot_pose": [0.9890679764646744, 0.147358981630485, -0.005465204927587632, 0.026249321671728193, -0.1474602927301926, 0.9883884480223362, -0.03665703048425731, -0.1205373881646502, 2.7347443056738603e-09, 0.037062195682720685, 0.9993129608141662, 5.796877339259154e-09, 0.0, 0.0, 0.0, 1.0]}, {"left_foot_pose": [0.9966982991717799, 0.07874390960898975, -0.019796391781671238, 0.02074542601436672, -0.08119421418838338, 0.966629312335259, -0.24297175168442164, 0.05284731643976305, 3.2269224601799624e-06, 0.24377688412512893, 0.9698313413969626, 0.0028444566622030792, 0.0, 0.0, 0.0, 1.0], "right_foot_pose": [0.9890679764709702, 0.14702904028504116, -0.01126939361633905, 0.026249321153467918, -0.14746029268796476, 0.9861754161662759, -0.07558776772502737, -0.12053738851226788, 1.9936353625281975e-09, 0.07642322855083163, 0.9970754686270583, 4.1625180177695675e-09, 0.0, 0.0, 0.0, 1.0]}, {"left_foot_pose": [0.996157823607759, 0.08437447557424513, -0.02346355336740108, 0.022836176764981942, -0.08757619781092091, 0.9597588462818004, -0.26682085106080206, 0.04975454653158886, 6.483529039159226e-06, 0.26785052707694895, 0.9634604792634545, 0.009617037809455733, 0.0, 0.0, 0.0, 1.0], "right_foot_pose": [0.9890679764716973, 0.14658460769906612, -0.016046516877286907, 0.026249320853728483, -0.14746029268308847, 0.9831944506685739, -0.10762961607447596, -0.12053738851566757, 1.297229812081862e-09, 0.10881923065447631, 0.9940615549551085, 2.702956795885836e-09, 0.0, 0.0, 0.0, 1.0]}, {"left_foot_pose": [0.9952630290464092, 0.09333646990808767, -0.027199382317693224, 0.02599745109479128, -0.0972188404056542, 0.9555441497903225, -0.27835925504942427, 0.04507819106143811, 9.140419023575726e-06, 0.2796849677522679, 0.9600918282799132, 0.017439493199931683, 0.0, 0.0, 0.0, 1.0], "right_foot_pose": [0.9890679764695142, 0.14612681999130317, -0.019786116388255254, 0.026249320678932507, -0.14746029269773023, 0.9801239073225588, -0.13271242734672736, -0.12053738828922148, 7.236912404086543e-10, 0.13417927848214836, 0.9909570733518229, 1.5679995565842653e-09, 0.0, 0.0, 0.0, 1.0]}, {"left_foot_pose": [0.9940115417979549, 0.10504992534471393, -0.030092656205848084, 0.0299543425805986, -0.109275132849725, 0.9556041121183411, -0.27364160181374597, 0.03922490730827671, 1.0636173129827257e-05, 0.27529128952363857, 0.9613608613831147, 0.023433117209774368, 0.0, 0.0, 0.0, 1.0], "right_foot_pose": [0.9890679764663596, 0.1457311288273613, -0.022516127985155916, 0.02624932059893898, -0.14746029271889052, 0.9774698672014128, -0.15102357691602988, -0.12053738798223217, 2.8802148258846044e-10, 0.15269281844263613, 0.9882736985248795, 7.864241688415596e-10, 0.0, 0.0, 0.0, 1.0]}, {"left_foot_pose": [0.9924192718763976, 0.11896599544707412, -0.03083959687817912, 0.03443194878909839, -0.12289828598079348, 0.9606870606023515, -0.24895056315300396, 0.03260134984467205, 1.0550112452387331e-05, 0.25085347021418986, 0.9680250701145061, 0.02500000566320698, 0.0, 0.0, 0.0, 1.0], "right_foot_pose": [0.9890679764636344, 0.14545023878826716, -0.02426450021259697, 0.02624932062266284, -0.14746029273716715, 0.9755858386284428, -0.16275052544771518, -0.12053738781574248, -4.797872807143815e-13, 0.16454938317743537, 0.9863688460692205, 3.4644875163136746e-10, 0.0, 0.0, 0.0, 1.0]}, {"left_foot_pose": [0.9905372626887704, 0.13405082291704623, -0.029433112310824513, 0.03915535610535705, -0.13724405684823654, 0.9675049937895264, -0.2123632638950707, 0.02561418915185447, 9.212861006335272e-06, 0.21439324585348335, 0.9767474269469729, 0.02500000762231796, 0.0, 0.0, 0.0, 1.0], "right_foot_pose": [0.9890679764621989, 0.14530898980982276, -0.02509652201839834, 0.026249320782406337, -0.14746029274679714, 0.9746384318972985, -0.16833118882668252, -0.12053738786001311, -1.3580431525347515e-10, 0.17019172879204253, 0.9854109677950496, 1.1852448883464817e-10, 0.0, 0.0, 0.0, 1.0]}, {"left_foot_pose": [0.9884614056880051, 0.14923159715303266, -0.025961122403484888, 0.04384965627808074, -0.15147293294501843, 0.9738432272040171, -0.16936740953884877, 0.018670086976903498, 7.094192093706332e-06, 0.17134555506350677, 0.9852109929906652, 0.025000008649786493, 0.0, 0.0, 0.0, 1.0], "right_foot_pose": [0.9890679764622028, 0.14531381766403434, -0.025068552667971186, 0.02624932095907922, -0.14746029274676967, 0.9746708140090361, -0.1681435885842823, -0.12053738790130299, -1.3799312185916838e-10, 0.170002055031306, 0.9854437078215746, 1.1008432360126719e-10, 0.0, 0.0, 0.0, 1.0]}, {"left_foot_pose": [0.9863350197372941, 0.16361540470801023, -0.019319114422417172, 0.04823994687007079, -0.16475202220504756, 0.979533450959581, -0.1156329954232884, 0.012175694692885866, 4.379475892163501e-06, 0.11723573599141529, 0.9931041144750999, 0.022459728584553564, 0.0, 0.0, 0.0, 1.0], "right_foot_pose": [0.9890679764629882, 0.14556275100823968, -0.023580149582279473, 0.02624932095256515, -0.14746029274150188, 0.9763404976924356, -0.1581603446831034, -0.1205373880096775, 1.0634077383136142e-10, 0.15990846783269702, 0.9871318462674573, 4.3661547988183003e-10, 0.0, 0.0, 0.0, 1.0]}, {"left_foot_pose": [0.9843443511369675, 0.1758815364902795, -0.01148405444787099, 0.05205130583221482, -0.17625605913188364, 0.9822534823512797, -0.06412408305841732, 0.006537692532552171, 2.0102185881846192e-06, 0.06514431311022836, 0.9978758532329343, 0.015838565491515876, 0.0, 0.0, 0.0, 1.0], "right_foot_pose": [0.989067976465452, 0.14585201521090457, -0.02171929072169867, 0.026249320967731055, -0.14746029272497588, 0.978280694630294, -0.14567890919118756, -0.12053738817214192, 3.348395885449091e-10, 0.14728907689502266, 0.9890934879107295, 8.733154685525157e-10, 0.0, 0.0, 0.0, 1.0]}, {"left_foot_pose": [0.9827071627392138, 0.1851330823854653, -0.0035176849634493937, 0.055008824170266465, -0.18516649886216743, 0.9825298589392426, -0.018666654546531554, 0.0021627458102507074, 4.152169063253519e-07, 0.01899521253603691, 0.9998195746736205, 0.007998179613353779, 0.0, 0.0, 0.0, 1.0], "right_foot_pose": [0.9890679764676634, 0.14621893580398612, -0.019093473715144586, 0.026249320995856317, -0.14746029271014313, 0.9807417602304564, -0.12806663036835628, -0.1205373882176188, 6.158412418306485e-10, 0.12948213217435087, 0.9915817553018934, 1.3960037500981848e-09, 0.0, 0.0, 0.0, 1.0]}, {"left_foot_pose": [0.981654440738808, 0.19063601137114827, 0.003531309428282757, 0.0568375983936423, -0.19066871525696086, 0.9814860844865761, 0.018179850974920603, -0.0005424876814643861, -1.9678669529085905e-07, -0.018519641673366186, 0.9998284967294403, 0.0018172768528781635, 0.0, 0.0, 0.0, 1.0], "right_foot_pose": [0.9890679764684461, 0.14660822180083438, -0.015829315367715802, 0.02624932104314034, -0.14746029270489472, 0.9833528382733341, -0.10617277209890244, -0.12053738805832773, 8.736817672365191e-10, 0.10734628433334821, 0.9942216932052047, 1.9117444849392484e-09, 0.0, 0.0, 0.0, 1.0]}, {"left_foot_pose": [0.9813812445322754, 0.191857481540112, 0.009031038554285274, 0.05730363390532711, -0.1920699166456926, 0.9802958071071621, 0.04614409699880058, -0.001231869904737757, 1.0095432010627468e-09, -0.04701954216284673, 0.99889396967586, 2.077040692216592e-09, 0.0, 0.0, 0.0, 1.0], "right_foot_pose": [0.9890679764650774, 0.14695569272738138, -0.012188613796969923, 0.02624932079565762, -0.14746029272748715, 0.9856834475798769, -0.0817533071855319, -0.12053738758237645, 9.784125197095703e-10, 0.08265691466576527, 0.9965780624005008, 2.2760283518996616e-09, 0.0, 0.0, 0.0, 1.0]}, {"left_foot_pose": [0.9813812445296983, 0.19155812069743536, 0.014012111911061612, 0.05730363314654442, -0.1920699166588595, 0.978766222755402, 0.07159489023514341, -0.0012318697200228625, 7.76967205486158e-10, -0.07295318764790454, 0.9973353660690122, 1.9460929881476297e-09, 0.0, 0.0, 0.0, 1.0], "right_foot_pose": [0.9890679764613362, 0.14721868365891486, -0.008437838610311785, 0.026249320074662207, -0.1474602927525823, 0.9874474196940894, -0.05659554223441702, -0.12053738718369389, 7.348340497737281e-10, 0.057221084586202425, 0.9983615314497946, 2.368058103774384e-09, 0.0, 0.0, 0.0, 1.0]}, {"left_foot_pose": [0.9813812445302943, 0.19116437119887097, 0.01862890410925217, 0.057303633931419115, -0.19206991665581402, 0.976754359607763, 0.09518439001778749, -0.0012318700312862734, 7.62271165175527e-10, -0.09699022719516652, 0.9952853338759853, 1.58412827300225e-09, 0.0, 0.0, 0.0, 1.0], "right_foot_pose": [0.9890679764617789, 0.14737767340346491, -0.00493551618205533, 0.026249320800192415, -0.14746029274961336, 0.9885138196534514, -0.033104235625402524, -0.12053738769925391, 7.268128371619975e-10, 0.03347013200340699, 0.9994397181739749, 1.75588567297158e-09, 0.0, 0.0, 0.0, 1.0]}, {"left_foot_pose": [0.9813812445306158, 0.19075020712692836, 0.02247690736232978, 0.057303634398731824, -0.1920699166541724, 0.9746381883749349, 0.1148457612525807, -0.0012318700065561405, 4.746868418098189e-10, -0.11702461383084997, 0.9931290146590934, 1.1417191428386708e-09, 0.0, 0.0, 0.0, 1.0], "right_foot_pose": [0.9888032391963201, 0.14921936411386783, -0.001317394518666539, 0.026520559860176034, -0.1492251793594308, 0.9887647120009447, -0.008728696743199154, -0.12139254495358397, 1.0263427788795502e-07, 0.008827552046972695, 0.9999610364033428, 0.002250301416317227, 0.0, 0.0, 0.0, 1.0]}, {"left_foot_pose": [0.9813812445324205, 0.1903755140174247, 0.025456169047986556, 0.057303634513328434, -0.1920699166449505, 0.9727236941294019, 0.1300682974411996, -0.001231870053486345, 1.879992352642835e-10, -0.13253595188420414, 0.9911781986394519, 7.425098660918117e-10, 0.0, 0.0, 0.0, 1.0], "right_foot_pose": [0.9878957799556559, 0.15507271925365096, 0.003792056049687667, 0.02742689660893209, -0.15511907666528071, 0.9876006354487711, 0.024146571510140134, -0.12425006496157609, -5.624595988656464e-07, -0.0244425163283556, 0.999701237067966, 0.008710109077841123, 0.0, 0.0, 0.0, 1.0]}, {"left_foot_pose": [0.9813812445341213, 0.19010124659947011, 0.02742934410422551, 0.057303634400952784, -0.1920699166362615, 0.9713223249543218, 0.14015023427975812, -0.0012318701973881938, -3.949899883001049e-11, -0.14280916317470374, 0.9897502426942576, 4.3302694763269756e-10, 0.0, 0.0, 0.0, 1.0], "right_foot_pose": [0.9864036071661941, 0.16398522160338283, 0.010806056876120448, 0.02884669195285636, -0.16434087673242131, 0.9842697342172699, 0.06484725544449967, -0.1287264465257467, -2.0831749583654784e-06, -0.06574144354632427, 0.9978366913458866, 0.01655846291441207, 0.0, 0.0, 0.0, 1.0]}, {"left_foot_pose": [0.981381244534597, 0.18997328375439318, 0.02830201998619794, 0.05730363411798674, -0.19206991663382952, 0.9706684989004968, 0.1446091711010435, -0.001231870316538741, -1.6078885575671536e-10, -0.14735269492557668, 0.9890840122548592, 2.631466780589342e-10, 0.0, 0.0, 0.0, 1.0], "right_foot_pose": [0.9843820085183645, 0.17494571526222602, 0.019648359136037505, 0.03065196172084659, -0.17604562274433425, 0.9782344151594765, 0.10984246769877458, -0.13441816576810162, -4.232030555013707e-06, -0.11158595659394151, 0.9937547857862646, 0.022916657387985588, 0.0, 0.0, 0.0, 1.0]}, {"left_foot_pose": [0.9813812445339101, 0.1900675477537417, 0.027661890173195116, 0.057303633829959816, -0.19206991663733985, 0.9711501407030928, 0.14133842837420074, -0.0012318702353859368, -4.936006734357025e-11, -0.144019899677937, 0.9895747917650075, 3.10127187819198e-10, 0.0, 0.0, 0.0, 1.0], "right_foot_pose": [0.9819020715500079, 0.1871854847117145, 0.02880826615823423, 0.03271472277431629, -0.18938933931343785, 0.97048112830986, 0.1493253419511928, -0.14092169179176775, -6.3421330174618714e-06, -0.15207884109126335, 0.988368365566258, 0.02500000665302697, 0.0, 0.0, 0.0, 1.0]}, {"left_foot_pose": [0.9813812445304679, 0.19030089391331673, 0.02600812679958738, 0.0573036337095738, -0.1920699166549273, 0.9723424226858333, 0.13288852531958534, -0.0012318702384932038, 1.3730814409122389e-10, -0.13540968510870086, 0.990789693718482, 6.489105433549192e-10, 0.0, 0.0, 0.0, 1.0], "right_foot_pose": [0.9790682012515732, 0.19997106005948903, 0.037908210676490896, 0.03490697461250957, -0.20353244761920553, 0.9619439050260369, 0.18231419678509458, -0.1478334836907443, -8.009015683758993e-06, -0.18621358361285872, 0.982509288105671, 0.025000005866861796, 0.0, 0.0, 0.0, 1.0]}, {"left_foot_pose": [0.9813812445259534, 0.19067818415935905, 0.023079925874683774, 0.05730363361228946, -0.1920699166779932, 0.9742701868796937, 0.117926884401802, -0.0012318702438456914, 4.862083164106323e-10, -0.1201641920169936, 0.9927540314483262, 1.275356688312801e-09, 0.0, 0.0, 0.0, 1.0], "right_foot_pose": [0.9760284817526884, 0.21270449068170474, 0.04609991812767739, 0.037100732069955476, -0.21764283293753098, 0.953890896631635, 0.20669725347527262, -0.15475002272150806, -8.858211690254055e-06, -0.211775723271417, 0.9773182915275862, 0.025000004319252846, 0.0, 0.0, 0.0, 1.0]}, {"left_foot_pose": [0.9813812445217319, 0.19115048163696965, 0.018770888922264136, 0.05730363348244213, -0.19206991669956372, 0.9766833905208671, 0.0959098627862997, -0.0012318698936593072, 1.029649221922866e-09, -0.0977294635748035, 0.9952130183781672, 2.267899396057871e-09, 0.0, 0.0, 0.0, 1.0], "right_foot_pose": [0.9729779351058128, 0.22507219291854583, 0.05154071955323981, 0.03916801118598607, -0.23089811113302758, 0.9484364157313765, 0.21715070248520868, -0.1612677817855257, -8.510515142427501e-06, -0.2231834969021154, 0.9747764495709335, 0.023024935390287028, 0.0, 0.0, 0.0, 1.0]}, {"left_foot_pose": [0.9813812445209497, 0.191630141666271, 0.0129900618735030