{"LoopMode": "Wrap", "FrameDuration": 0.0167, "EnableCycleOffsetPosition": true, "EnableCycleOffsetRotation": false, "Debug_info": [{"left_foot_pose": [1.0000000000000004, 9.04810975179972e-14, -7.1012640212586616e-12, 1.3365879379281767e-12, -1.9899190619703136e-14, 0.9999510650852012, 0.009892797125834135, -9.044327786700279e-14, 7.1013872169632605e-12, -0.009892797125834303, 0.9999510650852012, 1.50730539161259e-11, 0.0, 0.0, 0.0, 1.0], "right_foot_pose": [0.9999999999999999, -1.5488829362135681e-13, -7.157274772850996e-12, 1.4285026915596835e-12, 5.077869660187053e-14, 0.9998940998313278, -0.014552976413741711, -0.14000000000193688, 7.1586430355711756e-12, 0.01455297641374156, 0.9998940998313275, 1.232374619020149e-11, 0.0, 0.0, 0.0, 1.0]}, {"left_foot_pose": [1.0000000000000004, 1.4779827858990103e-13, -1.5863088620449168e-11, 2.691946077383846e-12, -3.371194933311845e-14, 0.9999742887105928, 0.007170907735054872, 6.13922107595144e-13, 1.5863516569048373e-11, -0.007170907735055045, 0.9999742887105931, 3.272773024809439e-11, 0.0, 0.0, 0.0, 1.0], "right_foot_pose": [0.9999999999999998, -4.1060131714555147e-13, -1.5963452781875273e-11, 3.0727263411501096e-12, 1.34821690290489e-13, 0.999850761199101, -0.017275859734852204, -0.14000000000349622, 1.596817921822836e-11, 0.017275859734852055, 0.9998507611991008, 2.8481890457232595e-11, 0.0, 0.0, 0.0, 1.0]}, {"left_foot_pose": [1.0000000000000007, 1.1061838472803822e-13, -2.7882696151948504e-11, 4.452552882486068e-12, -1.6052909399368228e-14, 0.9999942888411403, 0.003379687130970435, 1.911470981497132e-12, 2.7882773404392743e-11, -0.0033796871309706086, 0.9999942888411404, 5.682052051092512e-11, 0.0, 0.0, 0.0, 1.0], "right_foot_pose": [0.9999999999999999, -8.805909285604004e-13, -2.805672361105848e-11, 5.281882633949237e-12, 2.8932062541596737e-13, 0.9997780122226527, -0.021069558042861147, -0.14000000000528934, 2.8068815839143348e-11, 0.021069558042860995, 0.9997780122226527, 5.091886634556175e-11, 0.0, 0.0, 0.0, 1.0]}, {"left_foot_pose": [1.0000000000000007, -1.3242256233473838e-13, -4.299111067140871e-11, 6.572210819465999e-12, 6.994867003718038e-14, 0.9999989328994966, -0.0014608900946927916, 3.91046917069815e-12, 4.299106975748186e-11, 0.0014608900946926175, 0.9999989328994969, 8.714455546066091e-11, 0.0, 0.0, 0.0, 1.0], "right_foot_pose": [1.0000000000000002, -1.671644166275018e-12, -4.329014924309148e-11, 8.009667770326187e-12, 5.492785664798334e-13, 0.9996641461274155, -0.02591514899330059, -0.14000000000715462, 4.331888824790126e-11, 0.025915148993300444, 0.9996641461274159, 7.933245727009819e-11, 0.0, 0.0, 0.0, 1.0]}, {"left_foot_pose": [1.0000000000000004, -7.204659784146433e-13, -6.135519869943096e-11, 9.048215090132248e-12, 2.703950899185154e-13, 0.9999730574464021, -0.007340598156546523, 6.7910121970271575e-12, 6.135860271581464e-11, 0.00734059815654635, 0.9999730574464021, 1.2418772260547328e-10, 0.0, 0.0, 0.0, 1.0], "right_foot_pose": [0.9999999999999999, -2.931789133739477e-12, -6.18587958634009e-11, 1.1268001863603436e-11, 9.630316185965064e-13, 0.9994941331779565, -0.03180373787536717, -0.1400000000089398, 6.19206234769054e-11, 0.031803737875367034, 0.9994941331779567, 1.1405733996161516e-10, 0.0, 0.0, 0.0, 1.0]}, {"left_foot_pose": [1.0000000000000007, -1.837867030663382e-12, -8.351336289180719e-11, 1.192198508764142e-11, 6.46221768779314e-13, 0.999898168636977, -0.014270681708325829, 1.0834220673383577e-11, 8.35308804748973e-11, 0.014270681708325652, 0.999898168636977, 1.6922760415205573e-10, 0.0, 0.0, 0.0, 1.0], "right_foot_pose": [1.0, -4.8701001203756125e-12, -8.433942433327953e-11, 1.5131203909348134e-11, 1.598502603158882e-12, 0.9992490058511908, -0.03874821680293286, -0.14000000001047902, 8.446471581455115e-11, 0.03874821680293272, 0.9992490058511907, 1.5615373577526626e-10, 0.0, 0.0, 0.0, 1.0]}, {"left_foot_pose": [1.0000000000000007, -3.743355091497026e-12, -1.1038614466940539e-10, 1.527599026985405e-11, 1.2825189308122727e-12, 0.9997516006253071, -0.022287598505383713, 1.645629986446462e-11, 1.1044165647387702e-10, 0.022287598505383532, 0.9997516006253074, 2.243925045775086e-10, 0.0, 0.0, 0.0, 1.0], "right_foot_pose": [0.9999999999999997, -7.787782969421523e-12, -1.1170775415791919e-10, 1.973501882375262e-11, 2.552835699772435e-12, 0.9989048848605491, -0.04678708156887922, -0.14000000001155294, 1.1194970023545944e-10, 0.046787081568879084, 0.998904884860549, 2.0744413131712491e-10, 0.0, 0.0, 0.0, 1.0]}, {"left_foot_pose": [1.0000000000000007, -6.810511161814688e-12, -1.432640672760498e-10, 1.922740256860526e-11, 2.301328697322352e-12, 0.9995052183448752, -0.03145343385648487, 2.4249428853817534e-11, 1.4340704521765249e-10, 0.0314534338564847, 0.9995052183448754, 2.927127290552889e-10, 0.0, 0.0, 0.0, 1.0], "right_foot_pose": [1.0, -1.212093209190644e-11, -1.4533446668352205e-10, 2.5271770888159612e-11, 3.965464098127949e-12, 0.9984316126170141, -0.05598495268363559, -0.14000000001183474, 1.4578478347430166e-10, 0.05598495268363545, 0.9984316126170142, 2.70523631273889e-10, 0.0, 0.0, 0.0, 1.0]}, {"left_foot_pose": [1.0000000000000007, -1.157993985613774e-11, -1.8379520128064523e-10, 2.392183982556517e-11, 3.877533225947791e-12, 0.9991237288426551, -0.041854204849087064, 3.502751907968893e-11, 1.8411858336602602e-10, 0.04185420484908688, 0.9991237288426551, 3.7819136711192414e-10, 0.0, 0.0, 0.0, 1.0], "right_foot_pose": [0.9999999999999998, -1.8496316114809018e-11, -1.8698054216059735e-10, 3.198451665590169e-11, 6.0342255519843195e-12, 0.9977910205835756, -0.06643101115282596, -0.1400000000108196, 1.8779628330334703e-10, 0.0664310111528258, 0.9977910205835755, 3.4877253862752866e-10, 0.0, 0.0, 0.0, 1.0]}, {"left_foot_pose": [1.0000000000000004, -1.8815937585531432e-11, -2.3386553804627366e-10, 2.9514433592145484e-11, 6.2551497450598346e-12, 0.9985627409148435, -0.05359526524456964, 4.9851020880731234e-11, 2.345375919669959e-10, 0.053595265244569444, 0.9985627409148436, 4.857358404386503e-10, 0.0, 0.0, 0.0, 1.0], "right_foot_pose": [1.0000000000000002, -2.7790264774924452e-11, -2.386933428688563e-10, 4.014626855293975e-11, 9.031106696343919e-12, 0.9969349810863065, -0.0782345415174519, -0.14000000000774013, 2.401357020207783e-10, 0.07823454151745174, 0.9969349810863066, 4.462163347151993e-10, 0.0, 0.0, 0.0, 1.0]}, {"left_foot_pose": [1.0000000000000007, -2.9528963613707355e-11, -2.9515057065054815e-10, 3.6110087738252445e-11, 9.750050533317627e-12, 0.9977670041021754, -0.06679075927828854, 6.994156816209074e-11, 2.964634106171022e-10, 0.06679075927828837, 0.9977670041021757, 6.204532373987881e-10, 0.0, 0.0, 0.0, 1.0], "right_foot_pose": [0.9999999999999998, -4.114266506800256e-11, -3.0235691728108784e-10, 4.998401054679177e-11, 1.3300043382961544e-11, 0.9958037455866514, -0.09151448123436944, -0.14000000000149163, 3.0485301212540983e-10, 0.0915144812343693, 0.9958037455866512, 5.66774009669313e-10, 0.0, 0.0, 0.0, 1.0]}, {"left_foot_pose": [1.0000000000000004, -4.484438482021429e-11, -3.678718996091838e-10, 4.360575623187144e-11, 1.4699267405652974e-11, 0.9966701002743834, -0.08153962974561146, 9.627592126304485e-11, 3.7030310357696085e-10, 0.08153962974561128, 0.9966701002743835, 7.853121972156707e-10, 0.0, 0.0, 0.0, 1.0], "right_foot_pose": [0.9999999999999999, -5.978511517457424e-11, -3.784221269675921e-10, 6.14728142583791e-11, 1.919116422841925e-11, 0.9943260453311511, -0.10637535229607394, -0.13999999999067667, 3.8263449902799e-10, 0.10637535229607378, 0.9943260453311512, 7.120161057971863e-10, 0.0, 0.0, 0.0, 1.0]}, {"left_foot_pose": [1.0000000000000004, -6.535995932075938e-11, -4.4757175743370567e-10, 5.127098948838142e-11, 2.124271533349188e-11, 0.9951992135957665, -0.09786994052501015, 1.2829907969358345e-10, 4.518196159758068e-10, 0.09786994052500997, 0.9951992135957665, 9.74305039425083e-10, 0.0, 0.0, 0.0, 1.0], "right_foot_pose": [0.9999999999999998, -8.42609121216563e-11, -4.625412275416347e-10, 7.379218310340074e-11, 2.6799079850440597e-11, 0.9924251270560438, -0.1228509958762867, -0.13999999997410398, 4.693889912161522e-10, 0.12285099587628652, 0.9924251270560438, 8.749747315572876e-10, 0.0, 0.0, 0.0, 1.0]}, {"left_foot_pose": [1.0000000000000002, -8.902956239797591e-11, -5.171753025834376e-10, 5.6683143429083196e-11, 2.864175978375507e-11, 0.9932945599184176, -0.11561106018231082, 1.6045720654944695e-10, 5.239999439904849e-10, 0.11561106018231065, 0.993294559918418, 1.1540033303947261e-09, 0.0, 0.0, 0.0, 1.0], "right_foot_pose": [1.0, -1.1190503731757522e-10, -5.371759148609095e-10, 8.39551258791361e-11, 3.516989238915406e-11, 0.9900416404609179, -0.14077482073671654, -0.13999999995265136, 5.475796816590081e-10, 0.1407748207367164, 0.9900416404609177, 1.02411697178173e-09, 0.0, 0.0, 0.0, 1.0]}, {"left_foot_pose": [1.0000000000000002, -1.0574027038997643e-10, -5.30749277860563e-10, 5.3538672852875246e-11, 3.361174560472355e-11, 0.9909677184768027, -0.13410063734703642, 1.7474897570646242e-10, 5.401349999553509e-10, 0.13410063734703623, 0.9909677184768027, 1.2219207798369602e-09, 0.0, 0.0, 0.0, 1.0], "right_foot_pose": [0.9999999999999998, -1.3045011024842485e-10, -5.542029613003755e-10, 8.396416304776713e-11, 4.039542895275141e-11, 0.987200916143984, -0.15948150728055885, -0.13999999993426718, 5.679137715672942e-10, 0.15948150728055868, 0.9872009161439838, 1.068664483294679e-09, 0.0, 0.0, 0.0, 1.0]}, {"left_foot_pose": [0.9999999929534901, -0.00011726816436760804, 1.8471544394718134e-05, 1.0692905220102363e-05, 0.00011871311453283683, 0.9884232466360745, -0.15172169065957394, 5.933747831608771e-06, -4.6557972292416415e-07, 0.1517216917832799, 0.988423253592409, 0.00016386114800527596, 0.0, 0.0, 0.0, 1.0], "right_foot_pose": [0.9999999999999998, -1.1094107871101826e-10, -4.2459580296139103e-10, 1.118559997985193e-10, 3.396991952501853e-11, 0.9841840912905369, -0.17714873539097065, -0.13999999999509558, 4.375333545157969e-10, 0.1771487353909705, 0.984184091290537, 8.124628539385448e-10, 0.0, 0.0, 0.0, 1.0]}, {"left_foot_pose": [0.9999943815132846, -0.0033022244943825586, 0.0005764158681452273, 0.000301982695427158, 0.003352153755359683, 0.9852355091602001, -0.17117171073235923, 0.00016759453478165653, -2.6579654143870605e-06, 0.17117268124099322, 0.9852410431918198, 0.004191209112196663, 0.0, 0.0, 0.0, 1.0], "right_foot_pose": [1.0, -6.441903036625539e-11, -2.042331859186671e-10, 2.7194337466941477e-10, 2.4059153519352486e-11, 0.9814411581785526, -0.19176353415897845, -0.14000000012627575, 2.1279582894914901e-10, 0.1917635341589783, 0.9814411581785527, 4.646178372591514e-10, 0.0, 0.0, 0.0, 1.0]}, {"left_foot_pose": [0.9999459555309033, -0.010201366156675802, 0.0020045313483985374, 0.0009366028692454158, 0.010396441370285083, 0.9812743742777241, -0.19233438692208965, 0.0005198075038497507, -4.921739108009079e-06, 0.19234483230489766, 0.9813273997302727, 0.011469802064173286, 0.0, 0.0, 0.0, 1.0], "right_foot_pose": [0.9999999999999999, -1.3946216849176835e-11, 1.977817909448739e-11, 2.9719443867754005e-10, 1.7658953793229592e-11, 0.9793250456088867, -0.2022929930648919, -0.14000000008173208, -1.6548275195991725e-11, 0.20229299306489176, 0.9793250456088866, 2.2818968936633155e-10, 0.0, 0.0, 0.0, 1.0]}, {"left_foot_pose": [0.9997912313030887, -0.019967817175027942, 0.004333599741416105, 0.0018408595852182552, 0.020432664043251263, 0.977118747515825, -0.21171079210376162, 0.001021673889177989, -7.039160859416921e-06, 0.21175514050518615, 0.9773227514081928, 0.01912092630464883, 0.0, 0.0, 0.0, 1.0], "right_foot_pose": [0.9999999999999998, 1.8948665706855048e-11, 1.8134987955775717e-10, 1.741720852630921e-10, 1.9210218189302526e-11, 0.9781017641716142, -0.20812721812482013, -0.13999999995248721, -1.8132257721086137e-10, 0.20812721812481996, 0.9781017641716139, 9.164271425055048e-11, 0.0, 0.0, 0.0, 1.0]}, {"left_foot_pose": [0.9994671514608605, -0.03180930423811941, 0.007319925860346611, 0.0029410615291162213, 0.03264066599264025, 0.9740697434785606, -0.22388104377809465, 0.0016322902748595186, -8.618070384973636e-06, 0.22400067634607462, 0.9745889887138226, 0.024265877832845145, 0.0, 0.0, 0.0, 1.0], "right_foot_pose": [0.9999999999999998, 1.8458869788810305e-11, 2.3922186453972916e-10, -6.299964456779758e-11, 3.19109328468942e-11, 0.9779466411978054, -0.20885489453190023, -0.13999999985891948, -2.3780155802932203e-10, 0.20885489453190004, 0.9779466411978052, 7.294582993200294e-11, 0.0, 0.0, 0.0, 1.0]}, {"left_foot_pose": [0.9989322452848846, -0.04502206980529972, 0.010362555695729627, 0.004163512102014758, 0.0461992342421329, 0.9735241447271328, -0.2238668586208023, 0.002310749951167198, -9.248834953882227e-06, 0.22410656586488562, 0.9745646448803219, 0.02500000129506126, 0.0, 0.0, 0.0, 1.0], "right_foot_pose": [1.0, -2.0704880035070396e-11, 1.7367457472161629e-10, -2.946298356265164e-10, 5.5732238201832765e-11, 0.9789301920887714, -0.20419519832023794, -0.1399999998505337, -1.6578765463867838e-10, 0.20419519832023778, 0.9789301920887712, 2.2541922495289413e-10, 0.0, 0.0, 0.0, 1.0]}, {"left_foot_pose": [0.9981810744603753, -0.05884683148819038, 0.013099351622558498, 0.0054345119854521985, 0.060287167020643524, 0.9743658511877266, -0.21674096412963403, 0.003016154968292231, -9.041900997259515e-06, 0.2171364512536269, 0.976141261014627, 0.025000001488581274, 0.0, 0.0, 0.0, 1.0], "right_foot_pose": [1.0000000000000002, -9.117400812665378e-11, -1.2950862604554411e-11, -4.5889242335250293e-10, 8.691987603273869e-11, 0.9809404288041812, -0.19430871091505364, -0.13999999980966465, 3.041979590813449e-11, 0.19430871091505353, 0.9809404288041809, 5.498628843914055e-10, 0.0, 0.0, 0.0, 1.0]}, {"left_foot_pose": [0.9972519518220104, -0.07253020893431723, 0.015096800294609268, 0.006680370013195562, 0.07408471179796713, 0.9763490032101002, -0.2031110026770017, 0.0037076049901369774, -8.06245828218417e-06, 0.20367128595506284, 0.979039328736292, 0.024910270562648947, 0.0, 0.0, 0.0, 1.0], "right_foot_pose": [1.0, -1.8473043201051293e-10, -3.342733312372549e-10, -5.968912375941004e-10, 1.219056464775791e-10, 0.983845942539387, -0.17901720964417345, -0.13999999982296193, 3.6194328361238927e-10, 0.17901720964417328, 0.9838459425393868, 1.0526876176308875e-09, 0.0, 0.0, 0.0, 1.0]}, {"left_foot_pose": [0.9962279258443024, -0.08538043018133964, 0.015495222167153412, 0.00782739187463012, 0.0867751100760632, 0.9802290891104674, -0.17782298257804569, 0.004344194069035672, -6.264761830958066e-06, 0.17849682071038145, 0.9839404885240975, 0.02116383369561821, 0.0, 0.0, 0.0, 1.0], "right_foot_pose": [0.9999999999999998, -2.8312910776218347e-10, -8.017994601594565e-10, -7.139163976573147e-10, 1.5304724355851974e-10, 0.9874690770594339, -0.1578126162617869, -0.14000000013198577, 8.364334056950759e-10, 0.15781261626178675, 0.987469077059434, 1.763181579905737e-09, 0.0, 0.0, 0.0, 1.0]}, {"left_foot_pose": [0.9952310529147204, -0.09652780243961147, 0.014054702787231418, 0.008801876315174505, 0.09754563700005493, 0.9848523698372258, -0.1433550080333946, 0.004885028905703916, -4.06345318643544e-06, 0.14404233052190013, 0.9895715269758467, 0.01399681220589255, 0.0, 0.0, 0.0, 1.0], "right_foot_pose": [1.0000000000000002, -3.4304881207475503e-10, -1.3579482538439417e-09, -6.51707053063241e-10, 1.6278479597373617e-10, 0.9914372181962925, -0.1305842347881134, -0.14000000038916713, 1.39111704096113e-09, 0.1305842347881133, 0.9914372181962924, 2.6816567785803436e-09, 0.0, 0.0, 0.0, 1.0]}, {"left_foot_pose": [0.994410031906923, -0.1049966688268625, 0.011152935852728056, 0.009530132344009592, 0.10558734980513948, 0.9888490639363712, -0.10501828561393715, 0.005289212763651508, -2.000022741254793e-06, 0.10560884568740163, 0.994407749219894, 0.006287910397972475, 0.0, 0.0, 0.0, 1.0], "right_foot_pose": [0.9999999999999999, -3.2635552120165577e-10, -1.9431090625410247e-09, -3.970329642826061e-10, 1.3518784536890166e-10, 0.9952276008687786, -0.0975808509338549, -0.14000000049457004, 1.965681603608997e-09, 0.09758085093385477, 0.9952276008687783, 3.712791130094928e-09, 0.0, 0.0, 0.0, 1.0]}, {"left_foot_pose": [0.993921249244056, -0.10985415187212183, 0.007253662357283118, 0.009938467014938345, 0.1100933708308837, 0.9917618713512975, -0.06548160224725373, 0.005515844752868707, -4.798755099478368e-07, 0.0658821360478749, 0.9978274120054732, 0.0009158373707004383, 0.0, 0.0, 0.0, 1.0], "right_foot_pose": [1.0, -2.028434082034927e-10, -2.420816158643645e-09, 5.4689226419247523e-11, 5.833089347559034e-11, 0.998225495601816, -0.059547123612390764, -0.1400000003603666, 2.428599201411002e-09, 0.059547123612390604, 0.9982254956018158, 4.6180537727202875e-09, 0.0, 0.0, 0.0, 1.0]}, {"left_foot_pose": [0.9938458226897798, -0.11073295989556853, 0.0029482731966770635, 0.010000000627487682, 0.11077220193747118, 0.9934937433319679, -0.026451866439982888, 0.005550000624298456, 2.4911290691831104e-09, 0.026615663677633936, 0.9996457404735939, 5.0885668248512594e-09, 0.0, 0.0, 0.0, 1.0], "right_foot_pose": [1.0, -5.223847489796122e-11, -2.5797207703348586e-09, 3.5790851339208565e-10, 7.076289069224235e-13, 0.9998005526992371, -0.019971350036988866, -0.14000000024545, 2.5802492717101226e-09, 0.019971350036988713, 0.9998005526992371, 4.969919642494602e-09, 0.0, 0.0, 0.0, 1.0]}, {"left_foot_pose": [0.9938458226953143, -0.11076183587430778, -0.0015153959311605138, 0.010000000517509128, 0.11077220188781728, 0.9937528193310039, 0.013596078868807053, 0.005550000405717299, 2.32279237719354e-09, -0.013680269932826568, 0.9999064207287431, 4.619500899860629e-09, 0.0, 0.0, 0.0, 1.0], "right_foot_pose": [1.0, 9.690046642244925e-11, -2.3738112031601592e-09, 3.0489520815784754e-10, -4.723015371358336e-11, 0.9997812506172835, 0.020915327253958137, -0.14000000040167437, 2.3753185636728426e-09, -0.020915327253958296, 0.9997812506172837, 4.6906867140483754e-09, 0.0, 0.0, 0.0, 1.0]}, {"left_foot_pose": [0.9938458226994402, -0.11062797148498875, -0.005650896211277125, 0.010000000329180655, 0.11077220185079914, 0.9925517917925095, 0.05069970322009422, 0.005550000255926484, 1.8376064457616371e-09, -0.051013650473145614, 0.9986979560735092, 3.5835082609625424e-09, 0.0, 0.0, 0.0, 1.0], "right_foot_pose": [0.9999999994117199, -3.423562245074973e-05, -2.1170970714854927e-06, 1.4020250769222706e-06, 3.4300841989405e-05, 0.9982868810696491, 0.058508989973201066, -0.13999935810026945, 1.1037854160389147e-07, -0.05850899001139977, 0.9982868816566876, 3.740274570527419e-05, 0.0, 0.0, 0.0, 1.0]}, {"left_foot_pose": [0.9938458227024938, -0.11039107920404866, -0.009180976471475928, 0.009999999971722118, 0.11077220182340151, 0.9904263996820176, 0.08237151277057266, 0.0055500005343142615, 1.2817954520747105e-09, -0.0828815808553531, 0.9965594029233372, 2.4337573761856746e-09, 0.0, 0.0, 0.0, 1.0], "right_foot_pose": [0.9999937755518346, -0.003513275414543462, -0.0003251975525960056, 0.000144187634586063, 0.003528293470334582, 0.9957806226794121, 0.09169788787856097, -0.13993400794630464, 1.6654863686128814e-06, -0.09169846450221257, 0.9957868203612469, 0.0034929898460192635, 0.0, 0.0, 0.0, 1.0]}, {"left_foot_pose": [0.9938458227026853, -0.11011854419917279, -0.012016110846627584, 0.009999999753175677, 0.11077220182168301, 0.9879812212552705, 0.10780828238368965, 0.005550000507893834, 7.602840842638079e-10, -0.10847586215559589, 0.9940990832555884, 1.4448971047409387e-09, 0.0, 0.0, 0.0, 1.0], "right_foot_pose": [0.9999277512398164, -0.011931118515648109, -0.0014631170318416978, 0.000491235919183165, 0.012020494415346458, 0.9925314460044115, 0.12139537226106374, -0.13977518145728432, 3.8070895891300994e-06, -0.12140418898603628, 0.9926031547814811, 0.010538496719401144, 0.0, 0.0, 0.0, 1.0]}, {"left_foot_pose": [0.9938458227012521, -0.10986676831036903, -0.014134140239424461, 0.009999999670914746, 0.11077220183454008, 0.9857222928912558, 0.1268112006012643, 0.005550000292170351, 3.2923269847266305e-10, -0.12759645182465634, 0.9918261669676592, 7.005471897025828e-10, 0.0, 0.0, 0.0, 1.0], "right_foot_pose": [0.999700740284442, -0.024198262895650344, -0.0035880283681901854, 0.0009997785530313852, 0.02446282563097591, 0.9889254417626244, 0.14638319847833028, -0.13954245021423956, 6.073418784354117e-06, -0.14642716519632146, 0.9892214541020038, 0.018295207112588863, 0.0, 0.0, 0.0, 1.0]}, {"left_foot_pose": [0.9938458226993488, -0.10967852692288098, -0.015527441356589646, 0.009999999729384547, 0.11077220185161767, 0.9840333946814096, 0.13931187116942514, 0.005550000030014906, 1.6108379551604003e-11, -0.14017453008235445, 0.9901268106238675, 2.3098148393962958e-10, 0.0, 0.0, 0.0, 1.0], "right_foot_pose": [0.9992074783593454, -0.03926946416523076, -0.00650571863309621, 0.0016270508410669159, 0.03980471238504231, 0.9858037542615037, 0.1631151217878607, -0.139255383140667, 7.918422819567374e-06, -0.16324480778297445, 0.9865855931794253, 0.02388441625130456, 0.0, 0.0, 0.0, 1.0]}, {"left_foot_pose": [0.993845822697928, -0.10958264688860764, -0.016190250361434816, 0.009999999900744523, 0.11077220186436336, 0.9831731607292307, 0.14525858086810556, 0.005549999917394145, -1.5396091670735349e-10, -0.14615806348806745, 0.9892612498614405, 5.4334411969669816e-11, 0.0, 0.0, 0.0, 1.0], "right_foot_pose": [0.9983745640784539, -0.05618547268177267, -0.009561509330774022, 0.002330294915245174, 0.056993242791630254, 0.9842503645966827, 0.16734093960352597, -0.13893354539203726, 8.789254272748902e-06, -0.1676138790518926, 0.9858527209841874, 0.02500000009217382, 0.0, 0.0, 0.0, 1.0]}, {"left_foot_pose": [0.9938458226975426, -0.10958896343223057, -0.016147439440816234, 0.010000000086597996, 0.11077220186782268, 0.9832298325689572, 0.14487448236240794, 0.005549999905077856, -1.7206665197586492e-10, -0.1457715865327346, 0.9893182726300623, 9.319216232039906e-11, 0.0, 0.0, 0.0, 1.0], "right_foot_pose": [0.9971854056698745, -0.07396813861550418, -0.012246680724381436, 0.0030667466282653997, 0.07497510682468955, 0.9838114409181606, 0.16276910663623864, -0.13859650965626347, 8.696767927155761e-06, -0.16322917382713925, 0.9865881799089605, 0.02500000020776183, 0.0, 0.0, 0.0, 1.0]}, {"left_foot_pose": [0.9938458226983465, -0.10969578972869437, -0.015405012847943185, 0.01000000028751441, 0.110772201860608, 0.9841882760558948, 0.13821344568847013, 0.005549999904314776, -3.848499477290877e-11, -0.13906930283108862, 0.9902826510699235, 3.751779026339719e-10, 0.0, 0.0, 0.0, 1.0], "right_foot_pose": [0.995694117031839, -0.09162594765912133, -0.0140680852909779, 0.003793639215641307, 0.09269965074520363, 0.9841740531246803, 0.15102386535861284, -0.13826384850535944, 7.739737898935868e-06, -0.15167768086210692, 0.9884300081788236, 0.024992550589052996, 0.0, 0.0, 0.0, 1.0]}, {"left_foot_pose": [0.9938458227002841, -0.10989222374135435, -0.013934843464376316, 0.010000000576550268, 0.11077220184322702, 0.9859506783123698, 0.12502311479955344, 0.005550000181043815, 2.614846315300367e-10, -0.12579729367740394, 0.9920559666185381, 1.0022714949653455e-09, 0.0, 0.0, 0.0, 1.0], "right_foot_pose": [0.9940283463247802, -0.1081959300779385, -0.014187579687605761, 0.004468211419934821, 0.10912216396122178, 0.9855980588640978, 0.12918521469480537, -0.13795512712734348, 5.936543861180807e-06, -0.1299619447295731, 0.9915189826154943, 0.021837792807145637, 0.0, 0.0, 0.0, 1.0]}, {"left_foot_pose": [0.9938458227025373, -0.11014969442594238, -0.01172712729482841, 0.010000000776943421, 0.11077220182301002, 0.9882607003374315, 0.10521552866308473, 0.005550000484197997, 7.022305483733948e-10, -0.1058670533567528, 0.9943802929531336, 1.876872983419542e-09, 0.0, 0.0, 0.0, 1.0], "right_foot_pose": [0.9923810979199064, -0.12259126395612875, -0.012293839632911934, 0.005047696729062777, 0.12320615438144217, 0.9874313870743336, 0.09899242063407444, -0.13768992362281518, 3.7171535875366035e-06, -0.09975288377834537, 0.9950122422181983, 0.014923779628252754, 0.0, 0.0, 0.0, 1.0]}, {"left_foot_pose": [0.9938458227030685, -0.11042099517860163, -0.008813882199631492, 0.010000000524388049, 0.11077220181824417, 0.9906948051875741, 0.07907795064803727, 0.00555000069064942, 1.3014693588291146e-09, -0.0795676240572912, 0.9968294704721959, 2.8361448051184013e-09, 0.0, 0.0, 0.0, 1.0], "right_foot_pose": [0.9909917066909618, -0.13363193247346303, -0.008828583869601848, 0.005489325669386165, 0.13392325140484238, 0.9888368710547449, 0.06531619382524485, -0.137487813115375, 1.7000467825156742e-06, -0.0659101590505546, 0.9978255613738508, 0.00712921530268619, 0.0, 0.0, 0.0, 1.0]}, {"left_foot_pose": [0.9938458227021384, -0.11064676096513519, -0.0052701978553878065, 0.010000000511894862, 0.11077220182658988, 0.9927203707405059, 0.04728408632217016, 0.005550000570203769, 1.7721320764252953e-09, -0.047576883092079365, 0.9988675789088581, 3.731516338978391e-09, 0.0, 0.0, 0.0, 1.0], "right_foot_pose": [0.9901161181041189, -0.14018390087026372, -0.004306577205376163, 0.005750334926203102, 0.14025003625778337, 0.9896493013524507, 0.03040045496857894, -0.1373683667806863, 3.467567944676582e-07, -0.03070397807128957, 0.999528521719354, 0.0013328067902678223, 0.0, 0.0, 0.0, 1.0]}, {"left_foot_pose": [0.9938458226969928, -0.11076435863147417, -0.0013181671732309238, 0.009999999928263479, 0.11077220187275544, 0.9937754535217936, 0.011826549362168285, 0.005550000370022493, 2.0254710052535804e-09, -0.011899782960726087, 0.9999291950760758, 4.115519272596124e-09, 0.0, 0.0, 0.0, 1.0], "right_foot_pose": [0.9899349297373427, -0.14152142813415872, 0.0007212938308627702, 0.005802888275612415, 0.1415232662353519, 0.9899220724113301, -0.0050453609320473694, -0.13734432041091177, 2.000690276091951e-09, 0.005096658878624805, 0.9999870119497927, 4.287404285763241e-09, 0.0, 0.0, 0.0, 1.0]}, {"left_foot_pose": [0.9938458226916482, -0.11073856074621878, 0.002729813586572136, 0.009999999441520547, 0.11077220192070526, 0.9935439943731461, -0.02449184612667861, 0.005550000505195256, 1.8953889255785654e-09, 0.02464350642482364, 0.999696302679514, 4.074837217649119e-09, 0.0, 0.0, 0.0, 1.0], "right_foot_pose": [0.9899349297328092, -0.14140156757174416, 0.005867843143023373, 0.005802887839367397, 0.14152326626706183, 0.989083664277263, -0.04104473370561206, -0.13734432016498987, 1.8892324673765786e-09, 0.041462051904310245, 0.9991400793942181, 4.250777882464085e-09, 0.0, 0.0, 0.0, 1.0]}, {"left_foot_pose": [0.9938458226917277, -0.11057997268638409, 0.006523063611719601, 0.010000000465268562, 0.11077220191999461, 0.9921211452955706, -0.05852480106076522, 0.005550000463682821, 1.5614802561901053e-09, 0.058887203177640055, 0.9982646429188587, 3.5659094219098186e-09, 0.0, 0.0, 0.0, 1.0], "right_foot_pose": [0.9899349297294443, -0.14111811308940828, 0.010701077499261621, 0.005802888902418485, 0.1415232662906006, 0.9871009404139595, -0.07485251186377616, -0.13734432022893772, 1.5712547238835127e-09, 0.07561356751246386, 0.9971371963817409, 3.374903731478973e-09, 0.0, 0.0, 0.0, 1.0]}, {"left_foot_pose": [0.9937078198769909, -0.11155339873732614, 0.010030351213684664, 0.009120197658159034, 0.11200343171041688, 0.9897155848008748, -0.088984787954758, 0.005438101536318714, -6.393849368780572e-07, 0.08954831339793208, 0.9959824795482991, 0.002844457833424213, 0.0, 0.0, 0.0, 1.0], "right_foot_pose": [0.9899349297296777, -0.14074143888619062, 0.014855378869031268, 0.005802888952371991, 0.1415232662889668, 0.9844661584836973, -0.10391125010918668, -0.13734432057557824, 1.0888145992084637e-09, 0.10496775781446596, 0.9944756255531876, 2.251574149347846e-09, 0.0, 0.0, 0.0, 1.0]}, {"left_foot_pose": [0.9933126155498032, -0.11465095592224889, 0.013609044629367526, 0.006652548171405072, 0.11545582612946513, 0.9863895677926192, -0.11707080234906483, 0.00512426471455788, -1.5402501273179193e-06, 0.11785914837637983, 0.9930303223676621, 0.00961703762340295, 0.0, 0.0, 0.0, 1.0], "right_foot_pose": [0.9899349297317824, -0.14034749524202186, 0.018204820137022033, 0.005802888937791384, 0.14152326627424436, 0.9817105795741982, -0.12734010780253321, -0.1373443206542897, 6.461745802278897e-10, 0.12863482627726472, 0.9916920295477915, 1.348470113349265e-09, 0.0, 0.0, 0.0, 1.0]}, {"left_foot_pose": [0.9926922771587574, -0.1194349846183251, 0.0172431817998409, 0.002921385581401639, 0.12067328976621985, 0.9825086180061344, -0.14182655844613334, 0.0046497398544814526, -2.5218937065464987e-06, 0.14287092073930518, 0.9897413298436842, 0.01743949206445901, 0.0, 0.0, 0.0, 1.0], "right_foot_pose": [0.9899349297343659, -0.14000119719779183, 0.020700233694356005, 0.005802888877569884, 0.14152326625617415, 0.9792882748806833, -0.1447951649379194, -0.13734432056558465, 2.955873656478872e-10, 0.14626735611338637, 0.9892450962909042, 6.93671085849612e-10, 0.0, 0.0, 0.0, 1.0]}, {"left_foot_pose": [0.9918771991902925, -0.12552943872827566, 0.020542194113241787, -0.0017488284462838862, 0.1271991419587733, 0.9788614195644874, -0.16015835779986504, 0.004055790499689349, -3.372528398045435e-06, 0.16147037282660148, 0.9868775601298599, 0.023433115449221824, 0.0, 0.0, 0.0, 1.0], "right_foot_pose": [0.9899349297364374, -0.13975207826363978, 0.02232020404718442, 0.00580288880132643, 0.14152326624168363, 0.9775457240422257, -0.15612662335119573, -0.13734432041278488, 5.95388004966061e-11, 0.15771402609709143, 0.9874848282238294, 2.73172956477552e-10, 0.0, 0.0, 0.0, 1.0]}, {"left_foot_pose": [0.990903127710667, -0.13263736871327225, 0.022766640376608485, -0.00703362779697625, 0.13457708377874011, 0.9766256717152938, -0.1676046117153762, 0.0033836765513112904, -3.850768368926735e-06, 0.1691438020368212, 0.9855913829867332, 0.02500000345272234, 0.0, 0.0, 0.0, 1.0], "right_foot_pose": [0.9899349297373493, -0.1396336812671667, 0.02304929373513009, 0.005802888735023576, 0.14152326623530503, 0.9767175542130393, -0.16122650032234132, -0.13734432033404118, -4.548386029679132e-11, 0.16286575560220815, 0.9866482380525096, 9.76220632109559e-11, 0.0, 0.0, 0.0, 1.0]}, {"left_foot_pose": [0.9898161092781157, -0.14031330595140407, 0.02400512417217013, -0.012608532932031312, 0.14235192235479788, 0.9756456430010848, -0.16688771523061463, 0.0026746650347754773, -3.9277615938388445e-06, 0.16860532454815488, 0.9856836432236179, 0.025000003625189324, 0.0, 0.0, 0.0, 1.0], "right_foot_pose": [0.9899349297369516, -0.13965416287780058, 0.022924870285281125, 0.005802888617584734, 0.14152326623808623, 0.9768608200913113, -0.16035617631957613, -0.1373443203254387, -2.1171539235977642e-11, 0.16198658265866325, 0.9867929605740849, 1.2869261906134355e-10, 0.0, 0.0, 0.0, 1.0]}, {"left_foot_pose": [0.9886753543898397, -0.14809330282893052, 0.02427791752487512, -0.018149082768379683, 0.1500701289694667, 0.9756557660547073, -0.15992117606899617, 0.0019700231245235247, -3.6350646007645917e-06, 0.1617535156385226, 0.9868311913216797, 0.02500000348376933, 0.0, 0.0, 0.0, 1.0], "right_foot_pose": [0.9899349297354204, -0.1398089009820328, 0.021961468437331117, 0.005802888522380064, 0.1415232662487966, 0.9779431906800122, -0.15361731970344114, -0.1373443203040198, 1.2392155181943758e-10, 0.15517920933164048, 0.987886336068683, 3.829175587721778e-10, 0.0, 0.0, 0.0, 1.0]}, {"left_foot_pose": [0.9875540207552013, -0.15572984283807828, 0.022028893296400072, -0.023330814646159166, 0.15728018337402078, 0.9778220435099079, -0.138300380129425, 0.0013110107964359463, -2.8409973459759886e-06, 0.14004380484597068, 0.9901453088896567, 0.022459724337211384, 0.0, 0.0, 0.0, 1.0], "right_foot_pose": [0.9899349297330776, -0.1401820630577387, 0.019437697683688557, 0.00580288871375566, 0.1415232662651845, 0.9805534053875611, -0.1359639080362546, -0.13734432048265383, 4.73279914041351e-10, 0.13734630821297503, 0.9905230898975887, 1.031278798468982e-09, 0.0, 0.0, 0.0, 1.0]}, {"left_foot_pose": [0.9865379143622477, -0.16248299567258404, 0.01849917952369174, -0.027829247961999034, 0.1635326986330043, 0.9802067197518478, -0.11158782653645842, 0.0007388998351700905, -1.8957427822896587e-06, 0.11311084240949948, 0.9935823757121603, 0.01583856196398639, 0.0, 0.0, 0.0, 1.0], "right_foot_pose": [0.989934929730772, -0.14055172637116017, 0.016554368396810445, 0.005802888920245783, 0.14152326628131082, 0.9831391468173598, -0.11579543642261203, -0.13734432073625658, 8.733592335616539e-10, 0.11697277550490316, 0.9931351216177383, 1.872312596629122e-09, 0.0, 0.0, 0.0, 1.0]}, {"left_foot_pose": [0.9857221605017963, -0.1678253581595301, 0.013655455111316786, -0.03131992302841808, 0.16837999374848953, 0.9824757037566384, -0.07993540663033821, 0.00029495894187073386, -9.64623244193063e-07, 0.08109340717052269, 0.9967065061052559, 0.00799817701574216, 0.0, 0.0, 0.0, 1.0], "right_foot_pose": [0.989934929729791, -0.1409432946958976, 0.012799319557618422, 0.005802889120859735, 0.14152326628817144, 0.9858781108436956, -0.08952941225314201, -0.13734432086885734, 1.3495952384439215e-09, 0.09043969393762377, 0.9959019338069733, 2.8988361849835442e-09, 0.0, 0.0, 0.0, 1.0]}, {"left_foot_pose": [0.9852058218556057, -0.17119027669472375, 0.007961014194532117, -0.03347837730953172, 0.1713752857962663, 0.9841423092761149, -0.04576490479532698, 2.0453142170865496e-05, -2.641787673972945e-07, 0.04645217172383955, 0.998920515227348, 0.0018172762534933995, 0.0, 0.0, 0.0, 1.0], "right_foot_pose": [0.9899349297315353, -0.14128239902220555, 0.008253400750593727, 0.005802889259593981, 0.14152326627597175, 0.9882500971234827, -0.057731366154004995, -0.1373443207455386, 1.81569368487759e-09, 0.05831834412907892, 0.9982980370300457, 3.89790510285648e-09, 0.0, 0.0, 0.0, 1.0]}, {"left_foot_pose": [0.9850727854938574, -0.1721296908597906, 0.0017253416725527034, -0.03402842791871995, 0.17213833762231537, 0.985023303716759, -0.009873391289153127, -4.949579385583186e-05, 2.0360014121390645e-09, 0.010023006506820377, 0.9999497684086764, 4.442532806903099e-09, 0.0, 0.0, 0.0, 1.0], "right_foot_pose": [0.9899349297379598, -0.14148806407121226, 0.00315636025838097, 0.005802889655348574, 0.14152326623103414, 0.9896886953668519, -0.022078301074999283, -0.13734432029787869, 2.0108580944038477e-09, 0.022302779836580692, 0.9997512620705018, 4.4735994700340065e-09, 0.0, 0.0, 0.0, 1.0]}, {"left_foot_pose": [0.9850727854985295, -0.17207418879533878, -0.004699023366117627, -0.03402842717057381, 0.17213833759557848, 0.9847056901217143, 0.026890455030561367, -4.949563331446e-05, 1.810909371700656e-09, -0.027297937510844424, 0.9996273418667856, 4.219518734416283e-09, 0.0, 0.0, 0.0, 1.0], "right_foot_pose": [0.9899349297446554, -0.1415080120390342, -0.0020778354613668337, 0.005802890435020424, 0.1415232661842002, 0.9898282293718962, 0.014534148308479806, -0.13734432008184447, 1.761837194340333e-09, -0.014681923145739502, 0.9998922147575419, 4.603363683297612e-09, 0.0, 0.0, 0.0, 1.0]}, {"left_foot_pose": [0.9850727855032182, -0.17179849873589967, -0.010811248448853476, -0.03402842784948928, 0.1721383375687469, 0.983128036391442, 0.061868059612185604, -4.9496086867774694e-05, 1.6973844382815473e-09, -0.0628055721508833, 0.9980257812836306, 3.633230973021373e-09, 0.0, 0.0, 0.0, 1.0], "right_foot_pose": [0.9899349297446887, -0.14134837285143317, -0.007033659334237185, 0.005802889632391577, 0.1415232661839666, 0.9887115765659543, 0.04919942573940123, -0.13734432046468437, 1.635891863759949e-09, -0.04969965650501994, 0.9987642084813029, 3.901797746008739e-09, 0.0, 0.0, 0.0, 1.0]}, {"left_foot_pose": [0.9850727855049731, -0.17137922486516655, -0.01614832939004083, -0.03402842834298173, 0.17213833755870506, 0.9807287146295603, 0.09240985360651026, -4.949598562923978e-05, 1.2451217342816998e-09, -0.09381017847582396, 0.9955901016052419, 2.5743299228442318e-09, 0.0, 0.0, 0.0, 1.0], "right_foot_pose": [0.9897974283900937, -0.1420094134641343, -0.011592119734094897, 0.005253671574535404, 0.14248175585697598, 0.986516439883016, 0.08052492215738198, -0.13743153895229465, 5.19725961999715e-07, -0.08135502644650748, 0.9966851858393491, 0.0022503005446054547, 0.0, 0.0, 0.0, 1.0]}, {"left_foot_pose": [0.9850727855035138, -0.17091328117451893, -0.020500184840851133, -0.03402842852613274, 0.17213833756705488, 0.9780623214995711, 0.11731363093230636, -4.949595477202456e-05, 7.874757270465201e-10, -0.11909133293833973, 0.9928833035251277, 1.6401011659894493e-09, 0.0, 0.0, 0.0, 1.0], "right_foot_pose": [0.9893312377424769, -0.14478136834282385, -0.01618818728944395, 0.0034184671309037615, 0.14568356813663264, 0.9832054914733986, 0.1099238805334467, -0.13772299424720774, 1.3848027956434413e-06, -0.11110948167160145, 0.9938081721744648, 0.008710107447142228, 0.0, 0.0, 0.0, 1.0]}, {"left_foot_pose": [0.9850727855008374, -0.17048441879924595, -0.023804835901664437, -0.03402842856042202, 0.1721383375823699, 0.9756081284749861, 0.13622471283843596, -4.9496071956062204e-05, 4.083216047491958e-10, -0.1382889822083436, 0.9903919211099116, 9.44967118443607e-10, 0.0, 0.0, 0.0, 1.0], "right_foot_pose": [0.9885801197887991, -0.1492525836289781, -0.020808965338002288, 0.0005435752186034659, 0.15069620682925727, 0.9791120023457819, 0.13649300388557142, -0.13817957252785953, 2.3742416335654815e-06, -0.13807010227600985, 0.9904224587779981, 0.01655846111811199, 0.0, 0.0, 0.0, 1.0]}, {"left_foot_pose": [0.9850727854981974, -0.17015759822608217, -0.026038414635957255, -0.03402842846746579, 0.172138337597477, 0.9737378762780095, 0.1490065133837116, -4.9496246472351645e-05, 1.318479643461374e-10, -0.1512644706053748, 0.9884933282184946, 4.831338037969424e-10, 0.0, 0.0, 0.0, 1.0], "right_foot_pose": [0.9875884022897865, -0.15506561816651093, -0.02497602300897186, -0.003111850103196032, 0.1570641513904373, 0.9750253322944112, 0.1570237362062639, -0.13876011512621567, 3.2724120760406194e-06, -0.15899765862052936, 0.9872789598398627, 0.022916654996854503, 0.0, 0.0, 0.0, 1.0]}, {"left_foot_pose": [0.9850727854960405, -0.1700106258906154, -0.026981370598130567, -0.03402842826503361, 0.17213833760982059, 0.9728968173782531, 0.15440264071639, -4.949630354383894e-05, -3.933087945672195e-12, -0.15674236765963548, 0.9876395244118436, 2.4557868932850724e-10, 0.0, 0.0, 0.0, 1.0], "right_foot_pose": [0.986405033910178, -0.1620083486763584, -0.02753913643925332, -0.007288652294170242, 0.16433231289768427, 0.972459297663724, 0.16528098900077373, -0.1394234587795966, 3.7891843709101305e-06, -0.16755956954628354, 0.9858619531349742, 0.025000003517789096, 0.0, 0.0, 0.0, 1.0]}, {"left_foot_pose": [0.9850727854961918, -0.17001523428206902, -0.026952316909461115, -0.03402842822261537, 0.17213833760895614, 0.9729231891974588, 0.15423637912980187, -4.9496318615198896e-05, -8.758004501929514e-12, -0.15657358664174503, 0.9876662958540914, 2.537128493407259e-10, 0.0, 0.0, 0.0, 1.0], "right_foot_pose": [0.9850887526875539, -0.16963555640258318, -0.028704134414144933, -0.011727656759634426, 0.17204693927347472, 0.9712856723157507, 0.16432891845554673, -0.1401284410346501, 3.886977442946819e-06, -0.1668170277823175, 0.9859878697158324, 0.0250000037534635, 0.0, 0.0, 0.0, 1.0]}, {"left_foot_pose": [0.9850727854978829, -0.17018359956300178, -0.02586792823599634, -0.03402842815692548, 0.17213833759927769, 0.9738866705838825, 0.14803089403093903, -4.949633919103767e-05, 1.1194234154454024e-10, -0.15027406728648093, 0.98864437726676, 4.97723570691555e-10, 0.0, 0.0, 0.0, 1.0], "right_foot_pose": [0.9837111760239171, -0.17747931400177658, -0.028520435955652512, -0.016169710163228785, 0.17975628543320862, 0.9712536837743566, 0.156057552210705, -0.1408339075512513, 3.591173625644527e-06, -0.15864228583893047, 0.9873361257094276, 0.025000003656165497, 0.0, 0.0, 0.0, 1.0]}, {"left_foot_pose": [0.9850727855010284, -0.17050013857577512, -0.023691981995747756, -0.034028427944084665, 0.17213833758127628, 0.975698085891778, 0.1355788992501276, -4.949611248089569e-05, 3.7413545739224297e-10, -0.13763338233424016, 0.9904832416892465, 1.038474702064196e-09, 0.0, 0.0, 0.0, 1.0], "right_foot_pose": [0.9823578137097607, -0.18514564860183602, -0.026347953377526958, -0.02035565765109231, 0.18701103131884844, 0.9725612577522286, 0.13838885101215165, -0.14149869621802835, 2.9050961368371408e-06, -0.14087472705637552, 0.9900274295535211, 0.023024934772803166, 0.