{"LoopMode": "Wrap", "FrameDuration": 0.0167, "EnableCycleOffsetPosition": true, "EnableCycleOffsetRotation": false, "Debug_info": [{"left_foot_pose": [1.0000000000000007, 1.137727247151584e-13, -7.359557407937705e-12, 1.1524678700430267e-12, -4.088618016116966e-14, 0.9999514062070222, 0.00985825667144147, 4.762162886251531e-14, 7.360069526829392e-12, -0.009858256671441641, 0.9999514062070225, 1.5488478555258922e-11, 0.0, 0.0, 0.0, 1.0], "right_foot_pose": [1.0, -1.802969902799788e-13, -7.415179581471419e-12, 3.9831765386970557e-13, 7.217592898568774e-14, 0.9998936001453033, -0.014587268026072008, -0.14000000000186824, 7.416936768643914e-12, 0.014587268026071855, 0.9998936001453034, 1.293497947640887e-11, 0.0, 0.0, 0.0, 1.0]}, {"left_foot_pose": [1.0000000000000007, 1.8189284297746907e-13, -1.6400047986309125e-11, 2.8000221654796484e-12, -6.515912410227887e-14, 0.9999748126735531, 0.0070974656387567565, 9.304189363401605e-13, 1.6400754224498442e-11, -0.007097465638756929, 0.9999748126735533, 3.362712192034323e-11, 0.0, 0.0, 0.0, 1.0], "right_foot_pose": [0.9999999999999998, -4.546331835148473e-13, -1.6499301924710604e-11, 1.2995816885297158e-12, 1.6838963748913843e-13, 0.9998494984091842, -0.017348790473772496, -0.14000000000332546, 1.6504639720408447e-11, 0.017348790473772347, 0.9998494984091841, 2.984262142957661e-11, 0.0, 0.0, 0.0, 1.0]}, {"left_foot_pose": [1.0000000000000004, 1.506069873764404e-13, -2.8790470008033263e-11, 5.1513909122736846e-12, -5.6646403299516634e-14, 0.9999947118168439, 0.0032521282798415444, 2.479924252063448e-12, 2.879038200159277e-11, -0.003252128279841718, 0.9999947118168437, 5.838401984092911e-11, 0.0, 0.0, 0.0, 1.0], "right_foot_pose": [0.9999999999999999, -9.51188598792177e-13, -2.8963442755269846e-11, 2.6853360224772155e-12, 3.371261352450569e-13, 0.9997753337969897, -0.021196271632482548, -0.1400000000049706, 2.89769795531805e-11, 0.021196271632482395, 0.9997753337969897, 5.3310328373967764e-11, 0.0, 0.0, 0.0, 1.0]}, {"left_foot_pose": [1.0000000000000007, -9.613980711819296e-14, -4.4355963346731655e-11, 8.208813008687799e-12, 2.295362827523553e-14, 0.999998626451711, -0.0016574361804685672, 4.806209250030058e-12, 4.4356035418997174e-11, 0.001657436180468393, 0.9999986264517111, 8.955181041159221e-11, 0.0, 0.0, 0.0, 1.0], "right_foot_pose": [1.0, -1.781280906007402e-12, -4.465616765259027e-11, 4.582032485884763e-12, 6.147476089803244e-13, 0.999659063376764, -0.026110476990869536, -0.14000000000664048, 4.468701805398706e-11, 0.026110476990869387, 0.9996590633767641, 8.302529497239419e-11, 0.0, 0.0, 0.0, 1.0]}, {"left_foot_pose": [1.0000000000000004, -7.03245722761511e-13, -6.326889012697734e-11, 1.205126942002422e-11, 2.2140059152116937e-13, 0.9999709614436576, -0.007620778795370701, 8.099299009245442e-12, 6.327213040947429e-11, 0.007620778795370526, 0.9999709614436576, 1.2763902434986818e-10, 0.0, 0.0, 0.0, 1.0], "right_foot_pose": [0.9999999999999998, -3.099314384073883e-12, -6.377787187261672e-11, 7.071078889664893e-12, 1.0516423214379328e-12, 0.999485229623711, -0.03208232790864482, -0.14000000000817664, 6.384436523643947e-11, 0.032082327908644695, 0.999485229623711, 1.1934275789826643e-10, 0.0, 0.0, 0.0, 1.0]}, {"left_foot_pose": [1.0000000000000004, -1.862732113026858e-12, -8.60824189707898e-11, 1.6849701589749152e-11, 6.018309282725474e-13, 0.9998926946501203, -0.014649204255590697, 1.265944640782557e-11, 8.61002178918361e-11, 0.01464920425559052, 0.9998926946501204, 1.7396838830618933e-10, 0.0, 0.0, 0.0, 1.0], "right_foot_pose": [0.9999999999999999, -5.123277648346525e-12, -8.69228022892798e-11, 1.0305389179847691e-11, 1.7185832548514256e-12, 0.9992343310205617, -0.03912482217072248, -0.14000000000940097, 8.705670180221821e-11, 0.03912482217072232, 0.9992343310205618, 1.6337817904110707e-10, 0.0, 0.0, 0.0, 1.0]}, {"left_foot_pose": [1.0000000000000002, -3.8441304098249374e-12, -1.1374240438399847e-10, 2.2880256670996294e-11, 1.252463844421139e-12, 0.9997405121470933, -0.022779560396739493, 1.8932671402849266e-11, 1.1380030808365981e-10, 0.022779560396739316, 0.9997405121470934, 2.307421059777326e-10, 0.0, 0.0, 0.0, 1.0], "right_foot_pose": [0.9999999999999999, -8.167121175966238e-12, -1.15094433983387e-10, 1.4526692091595875e-11, 2.716747865940346e-12, 0.9988818222453133, -0.04727689909334133, -0.1400000000100754, 1.1535170608474751e-10, 0.04727689909334118, 0.9988818222453134, 2.1704819191947777e-10, 0.0, 0.0, 0.0, 1.0]}, {"left_foot_pose": [1.0000000000000004, -7.036699740716038e-12, -1.4757800537168454e-10, 3.053869497195485e-11, 2.2999126371585674e-12, 0.9994854759265125, -0.03207465373084569, 2.7552517559148448e-11, 1.4772731779176106e-10, 0.03207465373084551, 0.9994854759265125, 3.010982158047071e-10, 0.0, 0.0, 0.0, 1.0], "right_foot_pose": [0.9999999999999999, -1.2685293278994673e-11, -1.4970363837463189e-10, 2.0086363717051553e-11, 4.191212478943187e-12, 0.9983967103543143, -0.056603964116338557, -0.1400000000098467, 1.5018132841298435e-10, 0.05660396411633842, 0.9983967103543143, 2.8308437538537845e-10, 0.0, 0.0, 0.0, 1.0]}, {"left_foot_pose": [1.0000000000000004, -1.200376205021864e-11, -1.8928275613561123e-10, 4.03592751899641e-11, 3.925673365304471e-12, 0.9990912895590964, -0.042621533608523075, 3.938686356230736e-11, 1.896222441220036e-10, 0.0426215336085229, 0.9990912895590965, 3.8919099193401863e-10, 0.0, 0.0, 0.0, 1.0], "right_foot_pose": [0.9999999999999997, -1.933094742429215e-11, -1.9256318761762249e-10, 2.7473258240089144e-11, 6.347794685072207e-12, 0.9977397738111162, -0.06719630760200075, -0.14000000000817564, 1.9342673158770534e-10, 0.06719630760200061, 0.9977397738111161, 3.650546601119409e-10, 0.0, 0.0, 0.0, 1.0]}, {"left_foot_pose": [1.0000000000000004, -1.9542017131333226e-11, -2.4080248905988774e-10, 5.302379576067842e-11, 6.383068657136093e-12, 0.9985123039666238, -0.05452686335436545, 5.556223189873144e-11, 2.4150957982557203e-10, 0.05452686335436526, 0.9985123039666237, 5.001333930332308e-10, 0.0, 0.0, 0.0, 1.0], "right_foot_pose": [0.9999999999999998, -2.9017852312593946e-11, -2.4578555857246427e-10, 3.7335802032999986e-11, 9.469330213735014e-12, 0.9968615567742664, -0.07916461725787764, -0.14000000000425322, 2.4731119383966407e-10, 0.0791646172578775, 0.9968615567742661, 4.672319475762521e-10, 0.0, 0.0, 0.0, 1.0]}, {"left_foot_pose": [1.0000000000000004, -3.070582796701387e-11, -3.0387625749028705e-10, 6.930948897807208e-11, 1.0000185380755578e-11, 0.9976917011539747, -0.06790632848629984, 7.737101757887554e-11, 3.0525949674337797e-10, 0.06790632848629966, 0.9976917011539747, 6.393020002271044e-10, 0.0, 0.0, 0.0, 1.0], "right_foot_pose": [1.0, -4.2936567267844215e-11, -3.11327741364664e-10, 5.045469044213851e-11, 1.3913910409650832e-11, 0.9957006471198719, -0.09262948410235435, -0.1399999999969309, 3.139661780542036e-10, 0.09262948410235419, 0.995700647119872, 5.938435160279809e-10, 0.0, 0.0, 0.0, 1.0]}, {"left_foot_pose": [1.0000000000000004, -4.667381137885144e-11, -3.787780644692865e-10, 8.98710703550155e-11, 1.51278850078202e-11, 0.9965611482291706, -0.08286059280597682, 1.0584199662544425e-10, 3.8134267493254474e-10, 0.08286059280597663, 0.996561148229171, 8.099875770106735e-10, 0.0, 0.0, 0.0, 1.0], "right_foot_pose": [1.0, -6.238014672524016e-11, -3.897043243661354e-10, 6.756293426535697e-11, 2.0047297371175058e-11, 0.994183733344265, -0.10769728108758912, -0.13999999998478327, 3.941556297611184e-10, 0.107697281087589, 0.9941837333442652, 7.468016274825295e-10, 0.0, 0.0, 0.0, 1.0]}, {"left_foot_pose": [1.0000000000000004, -6.808974331102014e-11, -4.6104942086344517e-10, 1.1456191380697328e-10, 2.1915422729987916e-11, 0.9950456001524483, -0.09941958367069875, 1.4039058804371507e-10, 4.655344385276518e-10, 0.09941958367069856, 0.9950456001524483, 1.0064790667563273e-09, 0.0, 0.0, 0.0, 1.0], "right_foot_pose": [0.9999999999999998, -8.794580486734006e-11, -4.765753902624676e-10, 8.871400407927616e-11, 2.7974871026349967e-11, 0.9922316673635316, -0.12440385155205608, -0.13999999996665263, 4.838139681087215e-10, 0.12440385155205595, 0.9922316673635315, 9.193917155370102e-10, 0.0, 0.0, 0.0, 1.0]}, {"left_foot_pose": [1.0000000000000002, -9.288486255247837e-11, -5.334329644668384e-10, 1.4052652091967185e-10, 2.9609835720751e-11, 0.993082967044638, -0.11741473743027085, 1.7519256184650445e-10, 5.406491995570272e-10, 0.11741473743027071, 0.9930829670446379, 1.1952948283933118e-09, 0.0, 0.0, 0.0, 1.0], "right_foot_pose": [1.0, -1.1694457199872143e-10, -5.542189485119302e-10, 1.1142157759552314e-10, 3.6726579911306304e-11, 0.9897825907237544, -0.1425847926679876, -0.13999999994362955, 5.652306361846019e-10, 0.14258479266798746, 0.9897825907237545, 1.0798198724071284e-09, 0.0, 0.0, 0.0, 1.0]}, {"left_foot_pose": [1.0000000000000004, -1.1067599461224519e-10, -5.493022148250738e-10, 1.5761302547851692e-10, 3.483772111406279e-11, 0.9906832291068909, -0.13618641476426355, 1.9136884785164732e-10, 5.592567805276315e-10, 0.13618641476426335, 0.9906832291068913, 1.2725119014067587e-09, 0.0, 0.0, 0.0, 1.0], "right_foot_pose": [0.9999999999999998, -1.3679994535688043e-10, -5.737691988194618e-10, 1.2612328272689189e-10, 4.2294261864023264e-11, 0.9868600206088014, -0.161577534713203, -0.13999999992431403, 5.883336807083949e-10, 0.1615775347132028, 0.9868600206088011, 1.1352537659936601e-09, 0.0, 0.0, 0.0, 1.0]}, {"left_foot_pose": [0.9999999994503865, -3.273804681792301e-05, 5.239080070385614e-06, -2.13855956885025e-05, 3.3154340970424185e-05, 0.9880558606611987, -0.1540961229682586, 1.6566265892033194e-06, -1.3169768010927164e-07, 0.15409612305726322, 0.9880558612035578, 0.00016386115739514678, 0.0, 0.0, 0.0, 1.0], "right_foot_pose": [1.0, -1.1858839324925423e-10, -4.4900838602757104e-10, 1.0700246081815314e-10, 3.6035083462169865e-11, 0.983746240361673, -0.1795642909218698, -0.13999999999172702, 4.6300433754716976e-10, 0.17956429092186962, 0.983746240361673, 8.681300608937015e-10, 0.0, 0.0, 0.0, 1.0]}, {"left_foot_pose": [0.9999995617740065, -0.000921914125601163, 0.00016286847574932924, -0.000603963467189731, 0.0009361897414582331, 0.9848897776817168, -0.17317981801245608, 4.6801445213247306e-05, -7.505763775410359e-07, 0.17317989459635427, 0.9848902091639619, 0.004191209076423584, 0.0, 0.0, 0.0, 1.0], "right_foot_pose": [0.9999999999999998, -7.849165068266119e-11, -2.73471079115239e-10, 9.008000863108839e-11, 2.379165336116869e-11, 0.9808950113339027, -0.19453785426045753, -0.14000000016693354, 2.8351573131854536e-10, 0.19453785426045736, 0.9808950113339026, 4.653820454003643e-10, 0.0, 0.0, 0.0, 1.0]}, {"left_foot_pose": [0.9999957846607783, -0.002848607839725155, 0.0005622224211411776, -0.0018732042168901246, 0.002903559672393167, 0.9811619909216273, -0.19316499918965277, 0.00014516563872811472, -1.3799390154573075e-06, 0.19316581738000396, 0.9811661260938496, 0.011469801994109345, 0.0, 0.0, 0.0, 1.0], "right_foot_pose": [0.9999999999999998, -3.520672307353919e-11, -1.1208506345283788e-10, 6.985772352114734e-11, 1.1423148081166089e-11, 0.9786592986823472, -0.2054896033929121, -0.1400000001750436, 1.1692754300498626e-10, 0.20548960339291197, 0.9786592986823472, 1.9949705082344948e-10, 0.0, 0.0, 0.0, 1.0]}, {"left_foot_pose": [0.9999837161704827, -0.005578153116529229, 0.001204824335905791, -0.0036817210388758624, 0.005706784562610691, 0.9775162562029547, -0.21078283010937124, 0.0002853283189069855, -1.9564735316312242e-06, 0.21078627343062115, 0.9775321718129819, 0.01912092607277832, 0.0, 0.0, 0.0, 1.0], "right_foot_pose": [0.9999999999999996, -5.226962755449758e-12, -7.525979839328979e-12, 2.44581054018275e-11, 3.5141839152745158e-12, 0.9773058310354136, -0.21183321888735931, -0.14000000008253455, 8.462203618803098e-12, 0.21183321888735918, 0.9773058310354135, 4.762347460829375e-11, 0.0, 0.0, 0.0, 1.0]}, {"left_foot_pose": [0.9999584360990382, -0.008891429684168348, 0.0020170653281930697, -0.005882126142294966, 0.009117349874330365, 0.9752378536543604, -0.22097059245724546, 0.00045586388429189745, -2.373976245152656e-06, 0.22097979834774129, 0.9752783852401103, 0.024265877404640722, 0.0, 0.0, 0.0, 1.0], "right_foot_pose": [0.9999999999999998, 3.2477931161160607e-13, 1.54385393358325e-11, -3.149094249939916e-11, 2.973783016144611e-12, 0.9770150517297449, -0.21317032789186194, -0.1399999999952819, -1.515305930567369e-11, 0.21317032789186174, 0.977015051729745, 1.035962288176151e-11, 0.0, 0.0, 0.0, 1.0]}, {"left_foot_pose": [0.9999167048670982, -0.01259220860837763, 0.002831891609657482, -0.008327024388108468, 0.012906716133268548, 0.975593898175569, -0.21920301667918288, 0.0006453440032217587, -2.5260610667399246e-06, 0.21922130855590177, 0.9756751600141609, 0.02500000076864481, 0.0, 0.0, 0.0, 1.0], "right_foot_pose": [0.9999999999999998, -2.2545968782540616e-11, -5.438410832780946e-11, -7.830683640312519e-11, 1.0667840086257935e-11, 0.9778650579217094, -0.2092365371912187, -0.1399999999847757, 5.789752215323211e-11, 0.20923653719121857, 0.9778650579217094, 1.3529227044228875e-10, 0.0, 0.0, 0.0, 1.0]}, {"left_foot_pose": [0.9998580899263914, -0.01646734230962274, 0.003553399218577204, -0.010869023930436799, 0.016846364674427225, 0.9773931816956584, -0.21075760572775387, 0.0008423490824695824, -2.450530204592863e-06, 0.2107875589594812, 0.9775318946110656, 0.025000001025123432, 0.0, 0.0, 0.0, 1.0], "right_foot_pose": [0.9999999999999998, -6.868760825695043e-11, -2.110066010807539e-10, -1.2167615618499653e-10, 2.504750315483869e-11, 0.9797495246930549, -0.20022704328769736, -0.13999999994718343, 2.204865401823035e-10, 0.20022704328769717, 0.979749524693055, 4.2525378357582966e-10, 0.0, 0.0, 0.0, 1.0]}, {"left_foot_pose": [0.9997855703675212, -0.020304246113822474, 0.004068276617904096, -0.013360738242390546, 0.02070780722777469, 0.9803219677533435, -0.19631613856234736, 0.0010354563593793359, -2.1697459436173804e-06, 0.19635828765285848, 0.9805322140885179, 0.024910270175436997, 0.0, 0.0, 0.0, 1.0], "right_foot_pose": [1.0, -1.348011289117445e-10, -4.682321752547117e-10, -1.377143711655991e-10, 4.53645408619431e-11, 0.9825523668304651, -0.18598614581697073, -0.1399999999545945, 4.851334786439439e-10, 0.18598614581697054, 0.982552366830465, 8.856188352113215e-10, 0.0, 0.0, 0.0, 1.0]}, {"left_foot_pose": [0.9997056193551468, -0.023905279881179565, 0.004148761688229433, -0.015654775455616866, 0.02426261789134832, 0.9849938220521935, -0.170875673786737, 0.0012132379058225722, -1.6738253158639817e-06, 0.17092603111526142, 0.9852838636070235, 0.02116383321060763, 0.0, 0.0, 0.0, 1.0], "right_foot_pose": [0.9999999999999998, -2.1303687161772318e-10, -8.472580415030948e-10, -6.35856341689677e-11, 6.943559382026974e-11, 0.9861256043078286, -0.16600088110766176, -0.14000000026866485, 8.708669998697999e-10, 0.16600088110766165, 0.9861256043078285, 1.5607303643916381e-09, 0.0, 0.0, 0.0, 1.0]}, {"left_foot_pose": [0.9996277640532565, -0.02702569313482345, 0.0037343332028938123, -0.0176037440535133, 0.027282472995120745, 0.9902247674706803, -0.13678660955995936, 0.0013642789709480095, -1.076292573419193e-06, 0.13683757451161047, 0.9905934979599967, 0.0139968118502544, 0.0, 0.0, 0.0, 1.0], "right_foot_pose": [0.9999999999999998, -2.74196106674838e-10, -1.3091189798863904e-09, 6.427773427543373e-11, 8.803874476208243e-11, 0.9901325718461895, -0.1401338294961299, -0.1400000005364976, 1.334625270556062e-09, 0.14013382949612976, 0.9901325718461896, 2.4626896077961646e-09, 0.0, 0.0, 0.0, 1.0]}, {"left_foot_pose": [0.9995636247267538, -0.02939370251213377, 0.0029275204084836075, -0.019060259352203807, 0.029539128674372427, 0.9946443547851884, -0.09904568325331539, 0.0014771601109847751, -5.222991578770483e-07, 0.09908893856826471, 0.995078580943808, 0.006287910324272422, 0.0, 0.0, 0.0, 1.0], "right_foot_pose": [1.0, -2.9013168275645257e-10, -1.8123657574697897e-09, 2.2184458951063918e-10, 9.15810324260609e-11, 0.994084828723734, -0.10860641464160668, -0.14000000062188867, 1.8331552806026343e-09, 0.10860641464160652, 0.9940848287237338, 3.4760125264265973e-09, 0.0, 0.0, 0.0, 1.0]}, {"left_foot_pose": [0.9995254326164383, -0.030748632844531353, 0.0018523312648800819, -0.019876931849352384, 0.030804375548095952, 0.997716955737727, -0.06009963960404068, 0.0015404580847369984, -1.2055834098672771e-07, 0.06012817818324342, 0.9981906642462405, 0.0009158372541094584, 0.0, 0.0, 0.0, 1.0], "right_foot_pose": [0.9999999999999998, -2.323833719102928e-10, -2.2429789692246503e-09, 3.742833115712254e-10, 6.995035796004547e-11, 0.9973939037587456, -0.07214846321918515, -0.14000000041148547, 2.253899407434374e-09, 0.07214846321918501, 0.9973939037587458, 4.3365761884239795e-09, 0.0, 0.0, 0.0, 1.0]}, {"left_foot_pose": [0.9995195384778491, -0.030988284378463064, 0.000646863438424278, -0.01999999978278919, 0.03099503510287548, 0.9993018413251865, -0.020859955011075158, 0.0015500004551293068, 2.3929015300681476e-09, 0.020869982160319073, 0.9997821982035031, 4.71010881686329e-09, 0.0, 0.0, 0.0, 1.0], "right_foot_pose": [1.0, -1.1206053286031961e-10, -2.3927393955069923e-09, 4.697307130028086e-10, 3.2929713203932454e-11, 0.9994538426243752, -0.0330456723849055, -0.14000000022812684, 2.395135757128356e-09, 0.033045672384905356, 0.9994538426243753, 4.649048826466107e-09, 0.0, 0.0, 0.0, 1.0]}, {"left_foot_pose": [0.9995195384792476, -0.03098969730797642, -0.0005752034363405593, -0.019999999744054173, 0.03099503505778296, 0.9993474094936475, 0.018548933664865753, 0.0015500002668292386, 2.22437855132912e-09, -0.018557850066663682, 0.9998277882720127, 4.273667739140841e-09, 0.0, 0.0, 0.0, 1.0], "right_foot_pose": [0.9999999999999999, 2.5974281852315534e-11, -2.19932272393919e-09, 4.774864465773294e-10, -1.2168652613788657e-11, 0.9999802997130778, 0.006276956726221264, -0.1400000003662916, 2.199442453585081e-09, -0.006276956726221416, 0.999980299713078, 4.366122081933543e-09, 0.0, 0.0, 0.0, 1.0]}, {"left_foot_pose": [0.9995195384800863, -0.030948156422421158, -0.0017040571028729304, -0.019999999734132978, 0.030995035030735436, 0.9980078128421295, 0.054951918160457115, 0.0015500001571483266, 1.74325410239873e-09, -0.054978333187933597, 0.9984875476839348, 3.292503346352671e-09, 0.0, 0.0, 0.0, 1.0], "right_foot_pose": [0.9999999999018607, 1.3995975365483407e-05, 6.251439987336125e-07, 1.0793713715866478e-06, -1.4009896638805207e-05, 0.9990986090356669, 0.04244960808674903, -0.14000053352475605, -3.0456830542459704e-08, -0.04244960809134142, 0.9990986091336984, 3.740253228522866e-05, 0.0, 0.0, 0.0, 1.0]}, {"left_foot_pose": [0.9995195384800676, -0.030880407311498687, -0.002663201244668696, -0.01999999959043822, 0.030995035031334987, 0.9958230578634327, 0.08588215897920547, 0.0015500004232156615, 1.1571026655599314e-09, -0.08592344192244133, 0.9963017425098694, 2.174774513252764e-09, 0.0, 0.0, 0.0, 1.0], "right_foot_pose": [0.9999989615719791, 0.001437040000647602, 0.00010849423758773221, 0.00011100419125894034, -0.0014411296459341172, 0.9971899407651497, 0.07490090241205787, -0.1400549221536257, -5.537695029554699e-07, -0.07490098098712439, 0.9971909762161205, 0.00349299005762959, 0.0, 0.0, 0.0, 1.0]}, {"left_foot_pose": [0.9995195384796751, -0.0308049959352683, -0.00342701368633582, -0.019999999552099166, 0.030995035043991287, 0.9933912107839586, 0.11051339348605375, 0.0015500004049539143, 6.381116245416951e-10, -0.11056651646230747, 0.9938687264610911, 1.2641235488941582e-09, 0.0, 0.0, 0.0, 1.0], "right_foot_pose": [0.9999879465537385, 0.004882623778703963, 0.0005164612989084418, 0.00037819021488660995, -0.004909862058804942, 0.9944690243874149, 0.10491545543201243, -0.1401871315879944, -1.3420666134026307e-06, -0.10491672659294485, 0.9944810106177093, 0.010538497082528166, 0.0, 0.0, 0.0, 1.0]}, {"left_foot_pose": [0.9995195384792376, -0.03073734702879825, -0.00398844529663097, -0.01999999962214921, 0.03099503505810261, 0.9912096853361958, 0.1286183015650096, 0.0015500002264441691, 2.3799561419274665e-10, -0.12868012742203824, 0.991686152372135, 6.009192865530366e-10, 0.0, 0.0, 0.0, 1.0], "right_foot_pose": [0.9999500720715476, 0.009905706069229215, 0.0013154282102074482, 0.0007697153276718174, -0.009992665267880226, 0.9912774648646145, 0.13141207818319797, -0.14038087079132225, -2.2249209967703824e-06, -0.13141866168414937, 0.9913269568392643, 0.018295207514373607, 0.0, 0.0, 0.0, 1.0]}, {"left_foot_pose": [0.9995195384789907, -0.03068897396652944, -0.004345005826041381, -0.019999999784104036, 0.03099503506606618, 0.9896497625160535, 0.14011657772431335, 0.0015500000194478957, -2.218815315410836e-11, -0.1401839307082018, 0.990125479710122, 1.9448964660995216e-10, 0.0, 0.0, 0.0, 1.0], "right_foot_pose": [0.9998677679120607, 0.016074992948660594, 0.002457904036755756, 0.0012526564797490734, -0.016261816676272772, 0.9884085545772735, 0.15094397158168463, -0.14061984631708463, -2.990097441007886e-06, -0.15096398193001428, 0.9885392638387683, 0.023884416512285803, 0.0, 0.0, 0.0, 1.0]}, {"left_foot_pose": [0.9995195384790635, -0.03066736131835984, -0.004495013723013108, -0.019999999977671757, 0.030995035063715058, 0.9889528032413215, 0.14495399533138764, 0.0015499999291928267, -1.2738577438782553e-10, -0.1450236736222816, 0.9894281854127156, 5.725687979296623e-11, 0.0, 0.0, 0.0, 1.0], "right_foot_pose": [0.9997287645456402, 0.0229922470920669, 0.00370862692988475, 0.0017940858867332933, -0.023289425249205232, 0.9869952828802075, 0.15905318055223044, -0.140887760652992, -3.4072577226862976e-06, -0.15909641148019693, 0.9872630509861667, 0.025000000277843396, 0.0, 0.0, 0.0, 1.0]}, {"left_foot_pose": [0.9995195384794462, -0.03067445788792605, -0.004446327823923201, -0.02000000012489189, 0.03099503505137491, 0.9891816521159797, 0.143383984179775, 0.0015499998915147412, -8.180838348544886e-11, -0.1434529077794654, 0.9896571442927177, 1.4902781786396702e-10, 0.0, 0.0, 0.0, 1.0], "right_foot_pose": [0.9995302523256, 0.030258219737532, 0.004869786878042042, 0.002361077745362428, -0.030647588387696788, 0.9868494157382105, 0.15871028946848562, -0.1411683230165423, -3.455522020907833e-06, -0.15878498290287865, 0.9873131869840449, 0.025000000195533105, 0.0, 0.0, 0.0, 1.0]}, {"left_foot_pose": [0.9995195384800543, -0.030709084716843943, -0.004200513358365043, -0.020000000241793305, 0.0309950350317615, 0.990298290240976, 0.13545701956406697, 0.0015499998580570384, 1.0763898694677353e-10, -0.13552213273725391, 0.990774319175839, 4.88004130161368e-10, 0.0, 0.0, 0.0, 1.0], "right_foot_pose": [0.9992812110649478, 0.0374720212314597, 0.005736622473150508, 0.002920710247156466, -0.03790859009028076, 0.9877857090275147, 0.15113679842571986, -0.14144524362252345, -3.15237760082075e-06, -0.15124563023716983, 0.9884962110823812, 0.0249925503982609, 0.0, 0.0, 0.0, 1.0]}, {"left_foot_pose": [0.9995195384807373, -0.030767384678192664, -0.003749698030371417, -0.020000000415612146, 0.030995035009737822, 0.9921783336742375, 0.12091923747758038, 0.0015500000734491983, 4.4908872310205125e-10, -0.12097736245876124, 0.9926552663299194, 1.1157591933708133e-09, 0.0, 0.0, 0.0, 1.0], "right_foot_pose": [0.9990029095716887, 0.04424739745027408, 0.005945963856067351, 0.0034400578582447104, -0.04464511911882995, 0.9901106824766331, 0.1329949239050912, -0.14170222578694538, -2.4830746147701008e-06, -0.13312777420408203, 0.9910988829220331, 0.021837792801928643, 0.0, 0.0, 0.0, 1.0]}, {"left_foot_pose": [0.9995195384811394, -0.030840374647645122, -0.0030924886488835827, -0.020000000462528197, 0.03099503499676366, 0.9945320961201934, 0.09972571179151345, 0.0015500003107623873, 9.045483273930146e-10, -0.09977364921845601, 0.9950101602102532, 1.991458407901714e-09, 0.0, 0.0, 0.0, 1.0], "right_foot_pose": [0.9987275757950614, 0.05014827775928692, 0.005327249224253977, 0.0038861960783166125, -0.05043044064790313, 0.9931429668269747, 0.10546951264784107, -0.14192298336616563, -1.6056842019457954e-06, -0.10560396621288536, 0.9944082674221537, 0.014923779572058767, 0.0, 0.0, 0.0, 1.0]}, {"left_foot_pose": [0.9995195384811351, -0.03091409606799344, -0.0022384947528568317, -0.02000000045307517, 0.0309950349969106, 0.996909445022017, 0.07218632994850877, 0.0015500004278153007, 1.4229310507771048e-09, -0.07222102941798575, 0.9973886518854161, 3.048797332649844e-09, 0.0, 0.0, 0.0, 1.0], "right_foot_pose": [0.9984952441188135, 0.05469074600353493, 0.004021165712536179, 0.004226204636512965, -0.054838375901531365, 0.995808233723972, 0.07320323883562199, -0.14209122861803777, -7.701839170508849e-07, -0.07331360002836877, 0.997308937115419, 0.0071292149807057545, 0.0, 0.0, 0.0, 1.0]}, {"left_foot_pose": [0.9995195384797527, -0.030971481673251762, -0.0012081060330079363, -0.020000000155581173, 0.030995035041496168, 0.998759998212083, 0.03895861617379703, 0.0015500003811568536, 1.912524804308269e-09, -0.03897734334667049, 0.999240094624729, 4.057013676395105e-09, 0.0, 0.0, 0.0, 1.0], "right_foot_pose": [0.9983487834864311, 0.057400061810738645, 0.0022224795356316483, 0.0044271597931880005, -0.057443071915871564, 0.9976013951231776, 0.03862317875522123, -0.14219067003963462, -1.7583750183916801e-07, -0.03868706957645105, 0.9992513751041605, 0.0013328065943225692, 0.0, 0.0, 0.0, 1.0]}, {"left_foot_pose": [0.9995195384737557, -0.030994967771701736, -6.466871311663212e-05, -0.01999999843639581, 0.030995035234877583, 0.9995173630519973, 0.0020853652848070977, 0.001550000610164812, 1.6718111686383382e-09, -0.002086367756061399, 0.9999978235324254, 4.372943819552777e-09, 0.0, 0.0, 0.0, 1.0], "right_foot_pose": [0.998318471467348, 0.057967289528580934, 0.0001512342799293069, 0.004467625828022266, -0.05796748681026066, 0.9983150738025909, 0.0026045904534142115, -0.14221069663372446, 1.5875871464765158e-09, -0.00260897743137814, 0.9999965966125899, 4.805380177108631e-09, 0.0, 0.0, 0.0, 1.0]}, {"left_foot_pose": [0.9995195384709028, -0.03097603925627542, 0.0010849916628156478, -0.019999997200189287, 0.030995035326882844, 0.998906957663419, -0.03498853693281194, 0.0015500009371527523, 5.725570740280359e-10, 0.03500535564177448, 0.9993871247301487, 4.195549033192414e-09, 0.0, 0.0, 0.0, 1.0], "right_foot_pose": [0.9983184714656189, 0.05793434383048617, -0.0019599325194671773, 0.004467626989032592, -0.05796748684003687, 0.9977476814643017, -0.033754030900923535, -0.14221069589398003, 4.95245963818422e-10, 0.03381088489734269, 0.9994282485813868, 4.871921380211752e-09, 0.0, 0.0, 0.0, 1.0]}, {"left_foot_pose": [0.9995195384765483, -0.030919247232580604, 0.002166184248676069, -0.019999999993511708, 0.03099503514482077, 0.9970755465759314, -0.06985457906737352, 0.0015500003604590213, 1.6567788574322269e-09, 0.06988815758681241, 0.997554833294452, 3.97522379597115e-09, 0.0, 0.0, 0.0, 1.0], "right_foot_pose": [0.9983184714699306, 0.057832933785877304, -0.003947314486980415, 0.004467624023871628, -0.057967486765779154, 0.9960011963198041, -0.06798078704735779, -0.14221069677944642, 1.5952611669812025e-09, 0.06809529131472536, 0.9976788217160685, 3.6245599924211724e-09, 0.0, 0.0, 0.0, 1.0]}, {"left_foot_pose": [0.9996234637142504, -0.02729895854779875, 0.0027744646567210607, -0.01894476704946332, 0.027439584319003302, 0.9944927998461088, -0.10114909918851626, 0.0015357474177013428, 2.0799413577140375e-06, 0.10118714303928886, 0.994867409295943, 0.0028444575107100523, 0.0, 0.0, 0.0, 1.0], "right_foot_pose": [0.9983184714715622, 0.057688860741953424, -0.00567669489928116, 0.004467623577798061, -0.0579674867376878, 0.9935199648827442, -0.09776425655988367, -0.14221069723134017, 1.1347599423145736e-09, 0.09792892690970452, 0.9951934109881925, 2.5212730098145286e-09, 0.0, 0.0, 0.0, 1.0]}, {"left_foot_pose": [0.9998474635059954, -0.017319402395177916, 0.0022556642706565975, -0.01598508049558748, 0.017465671959502018, 0.9914380299219824, -0.12940472606293105, 0.001495785528214371, 4.861181856124852e-06, 0.12942438381191157, 0.9915892944416438, 0.009617036811780166, 0.0, 0.0, 0.0, 1.0], "right_foot_pose": [0.9983184714716907, 0.057533914861027845, -0.00707659234311683, 0.004467623325614923, -0.05796748673546792, 0.9908514799114617, -0.12187335737904115, -0.14221069730254898, 6.28634045005274e-10, 0.12207863612454929, 0.9925204313272195, 1.5468372902005534e-09, 0.0, 0.0, 0.0, 1.0]}, {"left_foot_pose": [0.999997163367982, -0.0023546953545660132, 0.00035870012310250756, -0.011509948617053112, 0.0023818470024809585, 0.9880939849731151, -0.15383303827464068, 0.001435368045263917, 7.800506557281154e-06, 0.15383345627573156, 0.988096790638152, 0.017439490993303386, 0.0, 0.0, 0.0, 1.0], "right_foot_pose": [0.99831847147101, 0.05739479649017983, -0.008128152043166435, 0.004467623204649971, -0.05796748674719287, 0.9884555764247851, -0.13998337013716966, -0.14221069713325993, 1.720637243866489e-10, 0.14021915265254115, 0.9901204922782901, 7.950358704711391e-10, 0.0, 0.0, 0.0, 1.0]}, {"left_foot_pose": [0.9998638899149347, 0.016252071022115514, -0.002841096912886344, -0.005908530465572488, -0.016498531396363144, 0.9850346475375981, -0.17156497781378383, 0.0013597478606277094, 1.029269186763526e-05, 0.17158850001667636, 0.9851687096919435, 0.0234331146658456, 0.0, 0.0, 0.0, 1.0], "right_foot_pose": [0.998318471470145, 0.05729217210070632, -0.008822501770826458, 0.004467623208278476, -0.05796748676209083, 0.9866881737642514, -0.15194149608403032, -0.14221069689218302, -1.8259651143155786e-10, 0.15219742037810496, 0.9883501126778154, 3.024681546892616e-10, 0.0, 0.0, 0.0, 1.0]}, {"left_foot_pose": [0.999283207443991, 0.037245735547054876, -0.006769527606062689, 0.0004300171520247641, -0.03785592667247644, 0.9832310264448351, -0.1783919209269452, 0.0012741737571411345, 1.1671266079379057e-05, 0.17852031766663473, 0.9839362255979734, 0.025000002812832926, 0.0, 0.0, 0.0, 1.0], "right_foot_pose": [0.998318471469675, 0.05724052139710469, -0.009151624590156462, 0.004467623356049297, -0.057967486770184776, 0.9857986424704537, -0.15760966652131314, -0.14221069678235138, -3.915281039272139e-10, 0.157875138047758, 0.987459083094789, 9.41464198267461e-11, 0.0, 0.0, 0.0, 1.0]}, {"left_foot_pose": [0.9981762660995536, 0.05940155171621157, -0.010751625424117079, 0.007116520159669746, -0.06036672638041083, 0.9822519825005958, -0.17758632047475686, 0.0011839002569416918, 1.190238816961698e-05, 0.1779114907119735, 0.9840464934803527, 0.025000003081511624, 0.0, 0.0, 0.0, 1.0], "right_foot_pose": [0.9983184714699437, 0.05724475612406835, -0.009125098257584351, 0.004467623654854831, -0.05796748676555345, 0.9858715730922344, -0.15715282958549842, -0.14221069680574164, -4.300034980833628e-10, 0.15741753163145208, 0.9875321365581279, 9.07705854924501e-11, 0.0, 0.0, 0.0, 1.0]}, {"left_foot_pose": [0.9965737938279216, 0.08147589957037794, -0.014225021779299327, 0.013761817659708181, -0.08270836313444466, 0.9817465805314823, -0.17126873118687844, 0.0010941837006475455, 1.1092548084564421e-05, 0.17185845746991937, 0.9851216526262209, 0.025000003092734972, 0.0, 0.0, 0.0, 1.0], "right_foot_pose": [0.9983184714710233, 0.0573039058916868, -0.00874596417305846, 0.004467623970731331, -0.05796748674696623, 0.9868902535718381, -0.15062336434017773, -0.1422106968329261, -2.9475913727974766e-10, 0.15087706841820037, 0.9885525328608135, 3.2380820247368547e-10, 0.0, 0.0, 0.0, 1.0]}, {"left_foot_pose": [0.9946226218752725, 0.10236500669929881, -0.01572404074695707, 0.01997675330161024, -0.10356563124769234, 0.983105034219367, -0.15092598092046794, 0.001010272741526777, 8.844568581818021e-06, 0.1517428650579359, 0.9884200032505329, 0.022459724072472806, 0.0, 0.0, 0.0, 1.0], "right_foot_pose": [0.9983184714720935, 0.05745098231004702, -0.0077210199607111235, 0.004467623990948429, -0.057967486728536216, 0.9894232115191823, -0.1329717225181527, -0.14221069704732267, 2.8760362001922695e-10, 0.1331956948954367, 0.9910897572174387, 1.0003970499217196e-09, 0.0, 0.0, 0.0, 1.0]}, {"left_foot_pose": [0.9925747758313903, 0.12066768161429309, -0.015317473587298833, 0.025372148306283402, -0.12163599116411147, 0.9846794472886148, -0.12494427454234451, 0.0009374266515377733, 6.065485794884882e-06, 0.12587969137720426, 0.992045514712904, 0.015838561892136505, 0.0, 0.0, 0.0, 1.0], "right_foot_pose": [0.9983184714738368, 0.057598537377010116, -0.006529778416746291, 0.004467624044814715, -0.05796748669851597, 0.9919644123186402, -0.11245610334344788, -0.1422106972918588, 7.380379912078141e-10, 0.11264552004125152, 0.9936352383116432, 1.8431939655116913e-09, 0.0, 0.0, 0.0, 1.0]}, {"left_foot_pose": [0.9907594572030397, 0.13502320487922775, -0.012823108315884797, 0.029558840578278067, -0.1356307411771369, 0.9863237640229954, -0.09364686097916676, 0.0008809038473978001, 3.2371643114433717e-06, 0.09452072083756576, 0.995522894423764, 0.00799817697348578, 0.0, 0.0, 0.0, 1.0], "right_foot_pose": [0.9983184714747099, 0.0577541407785966, -0.004968776038896665, 0.004467624019257691, -0.05796748668347335, 0.994644221311452, -0.08557244591185087, -0.1422106973919697, 1.286117356672325e-09, 0.085716580861939, 0.9963195610673007, 2.898327688960478e-09, 0.0, 0.0, 0.0, 1.0]}, {"left_foot_pose": [0.9895382092222017, 0.14401241594626998, -0.008634613056631022, 0.03214767221499137, -0.14427103828677668, 0.9877647582654749, -0.059216972570404765, 0.0008459579747951765, 9.871937107648209e-07, 0.05984318158376306, 0.9982077908015741, 0.001817276196237165, 0.0, 0.0, 0.0, 1.0], "right_foot_pose": [0.9983184714736874, 0.05788591858769847, -0.003074076072363525, 0.004467623878483604, -0.05796748670108379, 0.9969137036985278, -0.05294183472117135, -0.14221069721690344, 1.828197740351655e-09, 0.053031007979695066, 0.9985928660833991, 4.0132493092648325e-09, 0.0, 0.0, 0.0, 1.0]}, {"left_foot_pose": [0.9892149421987902, 0.14643402637587816, -0.0032975824469135538, 0.03280739610104741, -0.1464711511890498, 0.9889642145288549, -0.022270703865847237, 0.0008370575399002395, 2.197154683327289e-09, 0.022513513734520468, 0.9997465387283555, 4.4624834036333105e-09, 0.0, 0.0, 0.0, 1.0], "right_foot_pose": [0.9983184714652137, 0.057959708219619266, -0.0009496075275048103, 0.004467622640087071, -0.05796748684702216, 0.998184508207845, -0.01635414450537597, -0.1422106963932713, 2.0791195976643456e-09, 0.016381690906588475, 0.9998658110981897, 4.898311860290772e-09, 0.0, 0.0, 0.0, 1.0]}, {"left_foot_pose": [0.9892149422005493, 0.1464515985490779, 0.0023932006987019442, 0.03280739376655843, -0.14647115117716683, 0.9890828904414352, 0.0161628496513386, 0.0008370577138379284, 1.3040680790203873e-09, -0.016339067244982148, 0.9998665085307964, 4.225956931613872e-09, 0.0, 0.0, 0.0, 1.0], "right_foot_pose": [0.9983184714546476, 0.05795422902312424, 0.0012397139957215223, 0.004467620338641199, -0.057967487028988206, 0.9980901410945956, 0.021350426162361852, -0.14221069540650128, 1.1706480289153094e-09, -0.02138638791628119, 0.999771285050683, 5.311184339551467e-09, 0.0, 0.0, 0.0, 1.0]}, {"left_foot_pose": [0.9892149421892291, 0.14626360741798064, 0.0077945682779637995, 0.032807396298255055, -0.14647115125362017, 0.9878132630258963, 0.052641801266399224, 0.0008370571129338745, 1.8296703275337593e-09, -0.05321573578567647, 0.9985830388429349, 3.566448518455001e-09, 0.0, 0.0, 0.0, 1.0], "right_foot_pose": [0.9983184714639984, 0.057872629610554185, 0.003314856821169168, 0.0044676228371979395, -0.05796748686794374, 0.9966848341347783, 0.05708863172247379, -0.14221069670725098, 1.7176604910127145e-09, -0.05718478947840158, 0.9983636110417439, 4.189038421698044e-09, 0.0, 0.0, 0.0, 1.0]}, {"left_foot_pose": [0.9892149421828841, 0.14593850801040487, 0.01247998564948642, 0.03280739730155901, -0.1464711512964731, 0.9856176549462098, 0.08428546788278848, 0.0008370570601513158, 1.2401636197538548e-09, -0.08520440210477381, 0.996363492838818, 2.6572118394518895e-09, 0.0, 0.0, 0.0, 1.0], "right_foot_pose": [0.9981534659987085, 0.060498084426695874, 0.005444271803013366, 0.0048887734121642115, -0.06074255766827919, 0.9941385689460677, 0.08943627575978648, -0.14225401059651605, -1.637217476331031e-06, -0.08960182762960361, 0.9959776666586224, 0.002250300585530461, 0.0, 0.0, 0.0, 1.0]}, {"left_foot_pose": [0.989214942183782, 0.14556206470807037, 0.016293663745789323, 0.03280739747105319, -0.1464711512904068, 0.9830752887803635, 0.11004171222344689, 0.0008370569770850067, 6.430739261396933e-10, -0.11124145768250605, 0.9937934081551721, 1.7857242351482228e-09, 0.0, 0.0, 0.0, 1.0], "right_foot_pose": [0.9975461562479039, 0.06949922307034419, 0.00845719502266608, 0.006296039173263119, -0.0700118999628688, 0.9902488560784103, 0.12043893431523356, -0.14239875932298035, -4.3153344982387595e-06, -0.12073550028064853, 0.992684712763, 0.008710107315300801, 0.0, 0.0, 0.0, 1.0]}, {"left_foot_pose": [0.9892149421865136, 0.14521091502564762, 0.01917259273932009, 0.0328073973259795, -0.14647115127196073, 0.9807037470960464, 0.12948498861582813, 0.0008370567584702277, 1.3799225310145402e-10, -0.1308967172590246, 0.9913960103867736, 1.0849447798499945e-09, 0.0, 0.0, 0.0, 1.0], "right_foot_pose": [0.99642177425808, 0.08357042976556302, 0.012634518320016542, 0.00850055204116649, -0.0845201025201176, 0.985238955190079, 0.14886421143428075, -0.14262551841413337, -7.373502668729e-06, -0.14939941246457628, 0.9887769290901113, 0.016558460962689203, 0.0, 0.0, 0.0, 1.0]}, {"left_foot_pose": [0.9892149421890344, 0.14494404988276569, 0.021095510269457662, 0.03280739694463993, -0.1464711512549362, 0.9789014336890984, 0.14247169884395317, 0.0008370565413813973, -2.230552367534257e-10, -0.14402501701097256, 0.9895740469894058, 6.061763313525148e-10, 0.0, 0.0, 0.0, 1.0], "right_foot_pose": [0.9946874658126025, 0.10140805579056253, 0.017698914545281753, 0.01130358936234483, -0.10294097945993246, 0.979892241407706, 0.17092205819264988, -0.14291384577100918, -1.0155431221809058e-05, -0.17183597251379015, 0.9851255749634699, 0.022916655156551585, 0.0, 0.0, 0.0, 1.0]}, {"left_foot_pose": [0.9892149421927829, 0.14483831724757687, 0.021809630886837128, 0.032807396463922785, -0.14647115122961843, 0.9781873525763065, 0.14729462012316416, 0.0008370566305342915, -1.7960193344178411e-10, -0.14890052087433198, 0.9888521805018957, 3.2397085708568696e-10, 0.0, 0.0, 0.0, 1.0], "right_foot_pose": [0.9922890169826655, 0.12190687629802695, 0.022387949589742388, 0.014506429732579191, -0.12394557934062117, 0.9759845570526537, 0.17914139040616048, -0.14324329509541261, -1.1725743561668568e-05, -0.18053492156918635, 0.9835685751164045, 0.025000003807816647, 0.0, 0.0, 0.0, 1.0]}, {"left_foot_pose": [0.9892149421911233, 0.14484914569775675, 0.02173759730152341, 0.03280739628884203, -0.14647115124082655, 0.9782604840451495, 0.14680813059887898, 0.0008370566526536491, -1.5943483830776589e-10, -0.14840872732552068, 0.9889261092991836, 3.635107284627459e-10, 0.0, 0.0, 0.0, 1.0], "right_foot_pose": [0.9892539087410984, 0.14382816739881513, 0.026270940279264708, 0.01791033087341429, -0.1462077422573641, 0.9731682691681869, 0.1776705265039749, -0.14359342212110138, -1.20192531436314e-05, -0.1796022776773556, 0.9837393057658332, 0.02500000412152787, 0.0, 0.0, 0.0, 1.0]}, {"left_foot_pose": [0.9892149421881472, 0.1449959899176076, 0.02073550239359439, 0.03280739614352762, -0.14647115126092794, 0.9792522182518306, 0.14004033310860195, 0.0008370566676618009, 1.1979612741479133e-11, -0.1415671429275982, 0.989928656037049, 6.468574287321616e-10, 0.0, 0.0, 0.0, 1.0], "right_foot_pose": [0.9857168282737453, 0.16594426630637168, 0.02871993972813738, 0.021316570073864137, -0.1684112060854176, 0.9712889584447524, 0.16803399914351685, -0.14394378948972258, -1.108164274227524e-05, -0.17047070036621687, 0.9853627454870868, 0.025000004059712713, 0.0, 0.0, 0.0, 1.0]}, {"left_foot_pose": [0.9892149421845186, 0.14526256724181805, 0.018777239339055108, 0.03280739593101345, -0.14647115128543153, 0.9810525878363794, 0.1268149113498254, 0.0008370569055532765, 3.41215995705289e-10, -0.12819752906300613, 0.9917486544191225, 1.2081104380778918e-09, 0.0, 0.0, 0.0, 1.0], "right_foot_pose": [0.9819276463132297, 0.1870863474592836, 0.02857964310668198, 0.02452642607304664, -0.1892566969116444, 0.9706742686319245, 0.14823416235798206, -0.1442739524