{"LoopMode": "Wrap", "FrameDuration": 0.0167, "EnableCycleOffsetPosition": true, "EnableCycleOffsetRotation": false, "Debug_info": [{"left_foot_pose": [1.0000000000000007, 8.749758374396002e-14, -7.168710070004639e-12, 1.3923388650602373e-12, -1.6340826268996765e-14, 0.9999511944015516, 0.009879717349777212, -1.0820337681405334e-13, 7.168833396402456e-12, -0.009879717349777384, 0.9999511944015516, 1.5324123914250976e-11, 0.0, 0.0, 0.0, 1.0], "right_foot_pose": [1.0, -1.5286423518464802e-13, -7.2252204219580554e-12, 1.6449653346611605e-12, 4.766937480700199e-14, 0.9998939086265995, -0.014566107627678692, -0.14000000000197407, 7.226588817322049e-12, 0.01456610762767854, 0.9998939086265995, 1.251510006738954e-11, 0.0, 0.0, 0.0, 1.0]}, {"left_foot_pose": [1.0000000000000004, 1.4298216711036612e-13, -1.602068477879471e-11, 2.7164522948534914e-12, -2.8212260942985877e-14, 0.9999744877303761, 0.007143100753349148, 5.799145885720947e-13, 1.602089096063655e-11, -0.00714310075334932, 0.9999744877303762, 3.328595038487592e-11, 0.0, 0.0, 0.0, 1.0], "right_foot_pose": [0.9999999999999998, -4.100264569391075e-13, -1.6122381207850364e-11, 3.456231046434238e-12, 1.3105412032248151e-13, 0.9998502783413316, -0.017303782845435663, -0.14000000000357468, 1.6126774859350464e-11, 0.017303782845435517, 0.9998502783413314, 2.8916084804375686e-11, 0.0, 0.0, 0.0, 1.0]}, {"left_foot_pose": [1.0000000000000007, 1.0208593203477396e-13, -2.8165136889413143e-11, 4.397147611529612e-12, -7.926125202717212e-15, 0.999994450876983, 0.003331398391428132, 1.857699757912279e-12, 2.816493706860266e-11, -0.003331398391428305, 0.9999944508769829, 5.780023681900559e-11, 0.0, 0.0, 0.0, 1.0], "right_foot_pose": [1.0, -8.847242726803123e-13, -2.8341939906084683e-11, 5.857315041969965e-12, 2.86061963559802e-13, 0.9997769888019973, -0.021118064826378284, -0.14000000000542193, 2.8354310179877553e-11, 0.021118064826378135, 0.9997769888019973, 5.1687022717405995e-11, 0.0, 0.0, 0.0, 1.0]}, {"left_foot_pose": [1.0000000000000007, -1.483558489920251e-13, -4.343153614527751e-11, 6.378225667712091e-12, 8.200719640044568e-14, 0.9999988214560273, -0.0015352806118840779, 3.834765838206522e-12, 4.343144046351001e-11, 0.001535280611883904, 0.9999988214560276, 8.865466000207434e-11, 0.0, 0.0, 0.0, 1.0], "right_foot_pose": [0.9999999999999999, -1.6854866033183984e-12, -4.373607032093217e-11, 8.787642389688858e-12, 5.482857779216972e-13, 0.9996622052982815, -0.025989907621543674, -0.14000000000735124, 4.3764865591966335e-11, 0.025989907621543525, 0.9996622052982815, 8.051924405005906e-11, 0.0, 0.0, 0.0, 1.0]}, {"left_foot_pose": [1.0000000000000007, -7.497859100725417e-13, -6.198791480116483e-11, 8.641310075964108e-12, 2.884970868082098e-13, 0.9999722735300353, -0.0074466214603314575, 6.692346329884025e-12, 6.199159743269029e-11, 0.007446621460331282, 0.9999722735300351, 1.2634468471439675e-10, 0.0, 0.0, 0.0, 1.0], "right_foot_pose": [0.9999999999999999, -2.9627120517858583e-12, -6.250039374933178e-11, 1.2246234293977596e-11, 9.668596409509842e-13, 0.9994907353757123, -0.03191034155438892, -0.14000000000920898, 6.256299959559639e-11, 0.03191034155438878, 0.9994907353757121, 1.1575058966872831e-10, 0.0, 0.0, 0.0, 1.0]}, {"left_foot_pose": [1.0000000000000007, -1.8896172803081923e-12, -8.437822662799019e-11, 1.120407486356019e-11, 6.735397292590686e-13, 0.9998961145418083, -0.014413886505580132, 1.0712450024263909e-11, 8.439646728694968e-11, 0.014413886505579954, 0.9998961145418087, 1.7216905678907324e-10, 0.0, 0.0, 0.0, 1.0], "right_foot_pose": [0.9999999999999998, -4.9287556962416355e-12, -8.52184434130265e-11, 1.6294095141737115e-11, 1.6107419970242167e-12, 0.9992434085121051, -0.03889229416105475, -0.14000000001082843, 8.534573475073884e-11, 0.03889229416105461, 0.9992434085121051, 1.584552003497386e-10, 0.0, 0.0, 0.0, 1.0]}, {"left_foot_pose": [1.0000000000000004, -3.830857665389466e-12, -1.1153139523045747e-10, 1.4113727482634064e-11, 1.3237048071943115e-12, 0.9997474350589518, -0.022473675557139448, 1.6312222406167365e-11, 1.115889628068079e-10, 0.022473675557139264, 0.9997474350589519, 2.282933009301047e-10, 0.0, 0.0, 0.0, 1.0], "right_foot_pose": [0.9999999999999999, -7.889534006421922e-12, -1.1287620838018593e-10, 2.1049696811732485e-11, 2.578600098420456e-12, 0.9988960923708801, -0.04697442544817314, -0.14000000001199003, 1.1312220866353065e-10, 0.046974425448173, 0.9988960923708798, 2.1048044557270273e-10, 0.0, 0.0, 0.0, 1.0]}, {"left_foot_pose": [1.0000000000000002, -6.953218200195777e-12, -1.4475293186322336e-10, 1.743740933237194e-11, 2.363078311215711e-12, 0.9994977984304781, -0.031688340641757975, 2.408504298778702e-11, 1.449002420218124e-10, 0.031688340641757795, 0.9994977984304783, 2.978012281218412e-10, 0.0, 0.0, 0.0, 1.0], "right_foot_pose": [0.9999999999999999, -1.2288027354713668e-11, -1.468590249409373e-10, 2.66790220711033e-11, 4.012000822389932e-12, 0.9984183121552775, -0.05622165021597214, -0.14000000001236623, 1.4731739323853095e-10, 0.056221650215971995, 0.9984183121552777, 2.744577828894812e-10, 0.0, 0.0, 0.0, 1.0]}, {"left_foot_pose": [1.0000000000000004, -1.1806097608329008e-11, -1.857067277732936e-10, 2.1250363474177697e-11, 3.969466180761525e-12, 0.999111535039502, -0.04214428254236654, 3.484630986538839e-11, 1.8603910556363227e-10, 0.042144282542366344, 0.9991115350395022, 3.847708332505029e-10, 0.0, 0.0, 0.0, 1.0], "right_foot_pose": [0.9999999999999999, -1.8760867540299892e-11, -1.889470802041159e-10, 3.338392052922407e-11, 6.111904395118886e-12, 0.9977714996779253, -0.06672356727921583, -0.1400000000114505, 1.8977764577778024e-10, 0.06672356727921568, 0.9977714996779252, 3.5381736429584976e-10, 0.0, 0.0, 0.0, 1.0]}, {"left_foot_pose": [1.0000000000000002, -1.91662891574652e-11, -2.3630153389575495e-10, 2.5612716127051705e-11, 6.3908771223341826e-12, 0.9985437818135783, -0.053947342857991805, 4.965794095368459e-11, 2.369910773470771e-10, 0.053947342857991624, 0.9985437818135783, 4.942094442017542e-10, 0.0, 0.0, 0.0, 1.0], "right_foot_pose": [1.0, -2.8198504041920017e-11, -2.412119393113697e-10, 4.137323648987491e-11, 9.15450932350051e-12, 0.9969070234230268, -0.07858999077389178, -0.14000000000847196, 2.426817800711616e-10, 0.07858999077389162, 0.9969070234230268, 4.5264968162594954e-10, 0.0, 0.0, 0.0, 1.0]}, {"left_foot_pose": [1.0000000000000004, -3.0061109173647536e-11, -2.9823538083562033e-10, 3.050796731819114e-11, 9.948416929069813e-12, 0.9977387006217577, -0.06721224056380888, 6.974173148710516e-11, 2.995809765928449e-10, 0.0672122405638087, 0.997738700621758, 6.313528727597273e-10, 0.0, 0.0, 0.0, 1.0], "right_foot_pose": [0.9999999999999999, -4.175984852057163e-11, -3.055643515992299e-10, 5.0777217204388265e-11, 1.3489326818060824e-11, 0.9957645040823516, -0.09194048297473925, -0.14000000000231944, 3.0810924504503567e-10, 0.09194048297473911, 0.9957645040823517, 5.749553680378661e-10, 0.0, 0.0, 0.0, 1.0]}, {"left_foot_pose": [1.0000000000000004, -4.5636293955986104e-11, -3.717486318777211e-10, 3.5696497216496144e-11, 1.4985105509948698e-11, 0.9966291559977851, -0.08203856053797606, 9.606950998608532e-11, 3.74239071229182e-10, 0.08203856053797585, 0.9966291559977852, 7.993234754644085e-10, 0.0, 0.0, 0.0, 1.0], "right_foot_pose": [0.9999999999999998, -6.069968455008771e-11, -3.8247799372115274e-10, 6.143577764583875e-11, 1.947271657557493e-11, 0.9942718988236036, -0.10688026576363904, -0.13999999999158663, 3.867746923154151e-10, 0.10688026576363889, 0.9942718988236033, 7.22400410324564e-10, 0.0, 0.0, 0.0, 1.0]}, {"left_foot_pose": [1.0000000000000007, -6.650741880112716e-11, -4.5238313095552366e-10, 4.034285947013866e-11, 2.1645243021291714e-11, 0.9951414978353933, -0.0984550622666549, 1.2806668399367727e-10, 4.567329693289773e-10, 0.09845506226665472, 0.9951414978353934, 9.922608915080566e-10, 0.0, 0.0, 0.0, 1.0], "right_foot_pose": [1.0, -8.558164092615614e-11, -4.676086740040825e-10, 7.236708850259737e-11, 2.7203702302047002e-11, 0.9923515477008921, -0.12344393778409705, -0.1399999999750765, 4.745964427843459e-10, 0.1234439377840969, 0.9923515477008923, 8.881073307320797e-10, 0.0, 0.0, 0.0, 1.0]}, {"left_foot_pose": [1.0000000000000004, -9.062025070136476e-11, -5.229933708328344e-10, 4.2098986026812334e-11, 2.918589259356032e-11, 0.9932150809121977, -0.11629188728616183, 1.601248474092376e-10, 5.299829981841704e-10, 0.11629188728616165, 0.9932150809121979, 1.1767453678146467e-09, 0.0, 0.0, 0.0, 1.0], "right_foot_pose": [0.9999999999999998, -1.1373137659252223e-10, -5.433450356306929e-10, 8.047362650476724e-11, 3.572295293566203e-11, 0.9899431526315287, -0.14146573633905205, -0.13999999995368334, 5.539697992912495e-10, 0.1414657363390519, 0.9899431526315284, 1.0405576261751648e-09, 0.0, 0.0, 0.0, 1.0]}, {"left_foot_pose": [1.0000000000000002, -1.0776050761479633e-10, -5.373850253675963e-10, 3.5329735099581034e-11, 3.428939743579809e-11, 0.9908608923746963, -0.1348877013015695, 1.741217933726169e-10, 5.4700912021012e-10, 0.1348877013015693, 0.9908608923746963, 1.249717315743304e-09, 0.0, 0.0, 0.0, 1.0], "right_foot_pose": [1.0, -1.327644639733519e-10, -5.61281854327688e-10, 7.797310792696697e-11, 4.1085054489909006e-11, 0.9870713640947827, -0.1602813843965202, -0.13999999993544665, 5.753047563536278e-10, 0.16028138439651998, 0.9870713640947827, 1.0886794798992128e-09, 0.0, 0.0, 0.0, 1.0]}, {"left_foot_pose": [0.9999999954698806, 9.4012036896173e-05, -1.4898860092539969e-05, 2.138587419335719e-05, -9.518454395347214e-05, 0.9882853206881168, -0.15261754765520852, 4.7575333617967674e-06, 3.76438202857663e-07, 0.1526175483819738, 0.9882853251595589, 0.00016386115716272853, 0.0, 0.0, 0.0, 1.0], "right_foot_pose": [0.9999999999999996, -1.1598373088372464e-10, -4.4228687379188546e-10, 2.2778573031709188e-11, 3.537058077351672e-11, 0.9840172173167544, -0.17807334450779327, -0.14000000000314905, 4.558713616255669e-10, 0.1780733445077932, 0.9840172173167542, 8.338551932274285e-10, 0.0, 0.0, 0.0, 1.0]}, {"left_foot_pose": [0.9999963879488032, 0.002647359787829961, -0.000464301089254544, 0.0006039670867442374, -0.0026877657558496406, 0.9851002115371592, -0.171960312702341, 0.00013437630006604, 2.142284290571227e-06, 0.1719609395054555, 0.9851037687877419, 0.0041912089911190845, 0.0, 0.0, 0.0, 1.0], "right_foot_pose": [1.0, -8.018164982954179e-11, -2.6838875566426127e-10, -8.21286787988813e-11, 2.6894795764498248e-11, 0.9812123281644433, -0.19293099040359796, -0.1400000001839667, 2.788159190117384e-10, 0.19293099040359782, 0.9812123281644431, 4.664649638774776e-10, 0.0, 0.0, 0.0, 1.0]}, {"left_foot_pose": [0.9999652554375161, 0.00817864027202227, -0.001611757141913463, 0.001873210993567868, -0.00833594038559781, 0.9811874011020502, -0.19287767111952864, 0.0004167805493948129, 3.958712689306987e-06, 0.19288440518068353, 0.9812214868328268, 0.011469801733865602, 0.0, 0.0, 0.0, 1.0], "right_foot_pose": [0.9999999999999999, -3.464614862152066e-11, -7.53537232611732e-11, -1.1396398326656008e-10, 1.8551639830699173e-11, 0.978986448861406, -0.20392531217515353, -0.14000000018791056, 8.083550897429257e-11, 0.2039253121751534, 0.9789864488614061, 2.0328728284058073e-10, 0.0, 0.0, 0.0, 1.0]}, {"left_foot_pose": [0.9998657838075639, 0.016009143948541065, -0.0034816204447259682, 0.00368172725431959, -0.01638335554440683, 0.9771011373312396, -0.21214370857299625, 0.0008191780789226777, 5.65612797466203e-06, 0.21217227607779876, 0.9772322780342326, 0.019120925726283593, 0.0, 0.0, 0.0, 1.0], "right_foot_pose": [0.9999999999999998, 3.12029239222635e-12, 8.144007690447094e-11, -8.605989829250217e-11, 1.4090769790802222e-11, 0.9775993868446295, -0.21047431872084696, -0.14000000008348495, -8.027282940998965e-11, 0.21047431872084682, 0.9775993868446293, 4.157486160893953e-11, 0.0, 0.0, 0.0, 1.0]}, {"left_foot_pose": [0.9996574281098464, 0.025502017966900287, -0.0058884212166056904, 0.005882128059832477, -0.026173008553579732, 0.9740889962189117, -0.22464550088637011, 0.0013087720383360424, 6.932712409893355e-06, 0.2247226613513859, 0.9744227652446801, 0.024265877018070578, 0.0, 0.0, 0.0, 1.0], "right_foot_pose": [1.0, 1.794962288010506e-11, 1.6371853872598752e-10, 6.815072721006451e-12, 1.7192852158091714e-11, 0.9772359387278969, -0.2121554148698695, -0.13999999998551796, -1.6379983110118658e-10, 0.21215541486986933, 0.9772359387278969, -2.724112602159323e-12, 0.0, 0.0, 0.0, 1.0]}, {"left_foot_pose": [0.9993135113496722, 0.03608896454180979, -0.008372136662124005, 0.00832702457405174, -0.03704734778841525, 0.9735076641609747, -0.22563315767344144, 0.0018527622151183788, 7.472179247327679e-06, 0.22578842853021452, 0.974176362619225, 0.025000000304995974, 0.0, 0.0, 0.0, 1.0], "right_foot_pose": [1.0, 2.7474374755613607e-13, 1.4570850082051834e-10, 1.6731901609944598e-10, 3.0135025937784906e-11, 0.9779881136127309, -0.2086606087219447, -0.13999999997878726, -1.4255869084062096e-10, 0.20866060872194456, 0.9779881136127309, 1.0787002541201574e-10, 0.0, 0.0, 0.0, 1.0]}, {"left_foot_pose": [0.9988305105279167, 0.04715676715758372, -0.010670077309336877, 0.010869024104005053, -0.04834884884148233, 0.9742370968074239, -0.22028270022847204, 0.0024183572098663182, 7.365137040898773e-06, 0.22054096788462857, 0.9753777121865493, 0.02500000049479322, 0.0, 0.0, 0.0, 1.0], "right_foot_pose": [0.9999999999999999, -4.8453126732902004e-11, 2.3307800134375886e-11, 3.580743762077335e-10, 5.213801167117425e-11, 0.979763122268622, -0.20016049620852128, -0.1399999999651525, -1.3137969116141817e-11, 0.20016049620852114, 0.979763122268622, 3.664752182275244e-10, 0.0, 0.0, 0.0, 1.0]}, {"left_foot_pose": [0.9982330272464427, 0.058100281485406406, -0.012457150786601999, 0.013360738189788167, -0.05942073097947377, 0.9760737210852735, -0.2091632561818967, 0.0029727630841400107, 6.653461826140246e-06, 0.20953388341283913, 0.9778013866106283, 0.024910269639108862, 0.0, 0.0, 0.0, 1.0], "right_foot_pose": [0.9999999999999999, -1.264013247522477e-10, -2.206704263763008e-10, 5.488550093671213e-10, 8.303310973179211e-11, 0.9824584150676818, -0.18648180249745325, -0.13999999999185755, 2.403708845635724e-10, 0.1864818024974531, 0.9824584150676816, 7.999333903607742e-10, 0.0, 0.0, 0.0, 1.0]}, {"left_foot_pose": [0.9975744388423539, 0.06837644856184286, -0.013034579027820676, 0.015654778125016262, -0.06960775057825876, 0.9799423718499133, -0.18672897180834588, 0.003483180353892664, 5.2723527283301e-06, 0.1871833569931813, 0.9823249924729424, 0.021163832878721707, 0.0, 0.0, 0.0, 1.0], "right_foot_pose": [0.9999999999999999, -2.2593373990431252e-10, -6.114015405067605e-10, 6.935836708780417e-10, 1.206185042426864e-10, 0.9859468627297153, -0.16705922265302262, -0.14000000027534507, 6.405535755522745e-10, 0.16705922265302248, 0.9859468627297152, 1.4562341957291558e-09, 0.0, 0.0, 0.0, 1.0]}, {"left_foot_pose": [0.9969332368828574, 0.07730526334768435, -0.012166242518308291, 0.01760374964044194, -0.0782567644735662, 0.9848188100225539, -0.1549444746994562, 0.003916822248707862, 3.5210584157772045e-06, 0.1554213874745262, 0.9878482638052751, 0.013996811672415094, 0.0, 0.0, 0.0, 1.0], "right_foot_pose": [1.0, -3.1154381938034375e-10, -1.107283542634006e-09, 7.645844324251731e-10, 1.5146171322332516e-10, 0.9899051079626254, -0.1417317086240881, -0.14000000050968717, 1.1402613173106638e-09, 0.1417317086240879, 0.9899051079626252, 2.31838026554243e-09, 0.0, 0.0, 0.0, 1.0]}, {"left_foot_pose": [0.9964050885733975, 0.08411167742360037, -0.010105700669870925, 0.01906026412193758, -0.08471658315667112, 0.9892929685866633, -0.11883822130630745, 0.00424089823432839, 1.8164792341106623e-06, 0.11926712885777162, 0.9928622019045367, 0.006287910050535354, 0.0, 0.0, 0.0, 1.0], "right_foot_pose": [0.9999999999999999, -3.461176570084715e-10, -1.6563679872128016e-09, 7.114158498760655e-10, 1.605497375694455e-10, 0.993848559182771, -0.11074764742571258, -0.14000000057311976, 1.6845104280221428e-09, 0.11074764742571248, 0.993848559182771, 3.29129953152707e-09, 0.0, 0.0, 0.0, 1.0]}, {"left_foot_pose": [0.9960906392414081, 0.08804410482105175, -0.007188464502518221, 0.019876933400514014, -0.08833707271249999, 0.992787569770133, -0.08105185312194034, 0.0044226135466681835, 4.803516250121766e-07, 0.08137000009938423, 0.9966839634927395, 0.00091583695612827, 0.0, 0.0, 0.0, 1.0], "right_foot_pose": [1.0, -2.9076696963617884e-10, -2.1268474759139605e-09, 5.028864239220651e-10, 1.306270434407074e-10, 0.9971902690846015, -0.07491039475920594, -0.14000000035544596, 2.1426529233133034e-09, 0.07491039475920577, 0.9971902690846014, 4.1419013080412626e-09, 0.0, 0.0, 0.0, 1.0]}, {"left_foot_pose": [0.9960421135725376, 0.08880306101037161, -0.0037582369724756043, 0.02000000041945132, -0.08888255166202756, 0.9951513207374016, -0.04211580279008609, 0.004450000525559805, 2.2821343487726625e-09, 0.04228315491770553, 0.9991056674897836, 4.4761339842991354e-09, 0.0, 0.0, 0.0, 1.0], "right_foot_pose": [1.0000000000000002, -1.412502894802901e-10, -2.2809434341297666e-09, 3.0574917629544544e-10, 5.840072752264792e-11, 0.9993416003377795, -0.03628175621887652, -0.14000000016435174, 2.284566347319374e-09, 0.03628175621887637, 0.9993416003377795, 4.431076727762218e-09, 0.0, 0.0, 0.0, 1.0]}, {"left_foot_pose": [0.9960421135688355, 0.08888184459569355, -0.0003545399762855168, 0.020000000352560564, -0.08888255170351346, 0.9960341896187541, -0.003973048349182815, 0.004450000329171221, 2.072023648102576e-09, 0.003988835892804206, 0.9999920445624665, 3.966279527034544e-09, 0.0, 0.0, 0.0, 1.0], "right_foot_pose": [1.0, -9.945179719161522e-12, -2.0527135546899444e-09, 2.432119092414839e-10, 1.394564838856315e-11, 0.9999981010003353, 0.0019488447150353642, -0.1400000002941411, 2.0526899427612244e-09, -0.001948844715035515, 0.9999981010003354, 4.0524201841418694e-09, 0.0, 0.0, 0.0, 1.0]}, {"left_foot_pose": [0.9960421135665831, 0.08883998359079176, 0.0027505122075530937, 0.020000000287162763, -0.08888255172876164, 0.9955650828580308, 0.030823007511712026, 0.004450000204056516, 1.5677444581314875e-09, -0.030945486092012864, 0.9995210737600937, 2.9619127844826565e-09, 0.0, 0.0, 0.0, 1.0], "right_foot_pose": [0.999999999603016, 2.8156403639846247e-05, 1.0884168967771569e-06, -5.700899437572897e-06, -2.8177380298734766e-05, 0.9993263700499743, 0.0366988464229739, -0.14000539175595814, -5.4376173657141166e-08, -0.03669884643907393, 0.9993263704466315, 3.7402299268921024e-05, 0.0, 0.0, 0.0, 1.0]}, {"left_foot_pose": [0.9960421135656071, 0.08872111465771895, 0.005354607142546127, 0.020000000440940014, -0.08888255173969224, 0.9942330049170258, 0.06000519919059549, 0.004450000450955785, 1.0079637766749705e-09, -0.0602436365731192, 0.9981837026582068, 1.9526408198689005e-09, 0.0, 0.0, 0.0, 1.0], "right_foot_pose": [0.9999957993634485, 0.002891174078105841, 0.00020583466087474442, -0.0005864564849834555, -0.0028984917372452336, 0.9974968086487533, 0.07065207343880003, -0.14055468086475342, -1.051974041258659e-06, -0.07065237326518184, 0.9975009985713753, 0.0034929905981539028, 0.0, 0.0, 0.0, 1.0]}, {"left_foot_pose": [0.9960421135663752, 0.08857531336000551, 0.007383892293799078, 0.02000000042727017, -0.08888255173108807, 0.9925991161160385, 0.08274591641543727, 0.004450000424759038, 5.114368399090076e-10, -0.08307471666419923, 0.9965433214121523, 1.0924138468815237e-09, 0.0, 0.0, 0.0, 1.0], "right_foot_pose": [0.9999512416730583, 0.009817949958197252, 0.0010593087968816524, -0.001998042621253279, -0.009874931337566941, 0.9942110615035871, 0.10698995707536745, -0.14188979336863997, -2.754478812343731e-06, -0.10699520102569551, 0.9942595370173143, 0.010538497622335538, 0.0, 0.0, 0.0, 1.0]}, {"left_foot_pose": [0.9960421135677773, 0.0884458449114378, 0.008800029394156512, 0.020000000287422874, -0.08888255171537364, 0.991148257872707, 0.09861553080758999, 0.004450000251302575, 1.404201854054796e-10, -0.09900739080392325, 0.9950866980149016, 4.5118726116344376e-10, 0.0, 0.0, 0.0, 1.0], "right_foot_pose": [0.9997980358901708, 0.019885729752846193, 0.002906059592208234, -0.004066521713665605, -0.020096950165646166, 0.9893254193600257, 0.144330617687823, -0.14384621256724103, -4.918966345262812e-06, -0.14435987101790376, 0.989525253652224, 0.018295208080591395, 0.0, 0.0, 0.0, 1.0]}, {"left_foot_pose": [0.9960421135689181, 0.08836446065542689, 0.009582801794825777, 0.020000000096688442, -0.0888825517025887, 0.9902362440945826, 0.1073874894216821, 0.004450000074239065, -7.332403609600336e-11, -0.10781420581041645, 0.9941710602433921, 7.412918889837528e-11, 0.0, 0.0, 0.0, 1.0], "right_foot_pose": [0.9994651268135756, 0.03217693528479507, 0.00583995883555113, -0.006617951679868415, -0.032702602846336935, 0.9834383395578544, 0.17826825868551252, -0.14625941897492592, -7.1131972640689105e-06, -0.17836388962838925, 0.9839645942949544, 0.023884417530598043, 0.0, 0.0, 0.0, 1.0]}, {"left_foot_pose": [0.9960421135692523, 0.08834944619718503, 0.00972025478824594, 0.019999999925082976, -0.08888255169884388, 0.9900679880703089, 0.10892782473690388, 0.004450000049472257, -1.1076021682705101e-10, -0.10936066182618917, 0.9940021356339929, 2.481652383590216e-11, 0.0, 0.0, 0.0, 1.0], "right_foot_pose": [0.998902938957434, 0.04585797346289659, 0.00948497823281935, -0.009478382131097475, -0.046828607345945, 0.9782360402771184, 0.2021418586957768, -0.14896488625058038, -8.731556776435205e-06, -0.20236426505887944, 0.9793103206598711, 0.025000001401669927, 0.0, 0.0, 0.0, 1.0]}, {"left_foot_pose": [0.9960421135686812, 0.08840313990690468, 0.009219156807174543, 0.01999999975472521, -0.0888825517052418, 0.9906696941815963, 0.10331238566845861, 0.004450000070660734, 2.958873867455476e-11, -0.10372290916062683, 0.9946062326947571, 2.7203532482200643e-10, 0.0, 0.0, 0.0, 1.0], "right_foot_pose": [0.9981002097315347, 0.06012576870520495, 0.013448541611444351, -0.012473870764841253, -0.06161145382378309, 0.9740661214423243, 0.21771361881156356, -0.15179809395693716, -9.57007787814865e-06, -0.21812859279772395, 0.9759200361261666, 0.025000000603878643, 0.0, 0.0, 0.0, 1.0]}, {"left_foot_pose": [0.9960421135674395, 0.08851566767733882, 0.008067501208167837, 0.019999999639476528, -0.08888255171915814, 0.9919307105810052, 0.0904066225790686, 0.004450000111704211, 3.540079153232826e-10, -0.0907658635275288, 0.9958722598898431, 8.483481209187183e-10, 0.0, 0.0, 0.0, 1.0], "right_foot_pose": [0.9970933859222888, 0.07421778514491907, 0.017219178790176877, -0.015430478045803829, -0.07618910460045906, 0.9713227167099852, 0.22522744136386705, -0.1545945270192245, -9.49767010633777e-06, -0.22588470592609103, 0.974154043023216, 0.024992550122108978, 0.0, 0.0, 0.0, 1.0]}, {"left_foot_pose": [0.9960421135661627, 0.08866337315632258, 0.006238129783456266, 0.01999999978630147, -0.08888255173346735, 0.9935859379714569, 0.0699061933073773, 0.004450000551031638, 8.710665725877746e-10, -0.07018397342644309, 0.9975340645181381, 1.8978852031614757e-09, 0.0, 0.0, 0.0, 1.0], "right_foot_pose": [0.9959685774013909, 0.08752017048766025, 0.019667551623447136, -0.018174257652921424, -0.08970280241427657, 0.9717550133713023, 0.21827872371526513, -0.15718966269921497, -8.250777434878136e-06, -0.2191629844329346, 0.9756882628106037, 0.021837792219490164, 0.0, 0.0, 0.0, 1.0]}, {"left_foot_pose": [0.9960421135661196, 0.08880466693457413, 0.003720098570932122, 0.02000000008015535, -0.08888255173394852, 0.9951693145322456, 0.04168845656393667, 0.004450000983730132, 1.5553498747966724e-09, -0.04185411024093925, 0.9991237328058723, 3.40203455684307e-09, 0.0, 0.0, 0.0, 1.0], "right_foot_pose": [0.9948560861636485, 0.09931629712765201, 0.0199409364875233, -0.020531270635304837, -0.10129840959584654, 0.9754014103789806, 0.19578233026513725, -0.15941898377031538, -6.041489251532352e-06, -0.19679522797961127, 0.9804446125141151, 0.014923778636651425, 0.0, 0.0, 0.0, 1.0]}, {"left_foot_pose": [0.9960421135696084, 0.08888100683655571, 0.0005240415149356602, 0.020000000832970596, -0.08888255169485841, 0.9960248013100632, 0.0058725786040608715, 0.004450001141838366, 2.353263636108745e-09, -0.005895913751934124, 0.999982618949465, 5.280611739544305e-09, 0.0, 0.0, 0.0, 1.0], "right_foot_pose": [0.993917595120865, 0.10864056784001234, 0.018028897042148804, -0.02232758038466301, -0.11012635514299388, 0.9805131621289269, 0.16268412582317768, -0.1611179770294343, -3.4750405082837744e-06, -0.1636800718210132, 0.9865134738444236, 0.007129214104584614, 0.0, 0.0, 0.0, 1.0]}, {"left_foot_pose": [0.9960421135758534, 0.08882226475093973, -0.0032731128703579393, 0.02000000116484839, -0.08888255162487216, 0.9953665237266912, -0.03667936014838745, 0.004450001095309221, 3.1415379535837295e-09, 0.03682511003048319, 0.9993217256075462, 7.092189717450292e-09, 0.0, 0.0, 0.0, 1.0], "right_foot_pose": [0.9933260936473788, 0.11446245242050239, 0.014199248752046298, -0.023389244259195963, -0.11533980959729316, 0.9857713602668043, 0.1222765455833363, -0.16212212489194613, -1.1394760954474607e-06, -0.12309822201647694, 0.9923944919915083, 0.0013328071462784252, 0.0, 0.0, 0.0, 1.0]}, {"left_foot_pose": [0.9960421135854179, 0.08856759066685053, -0.007475951294921695, 0.020000002010880733, -0.08888255151768971, 0.9925125796965588, -0.08377750998799298, 0.004450000704020322, 3.4937038340051444e-09, 0.08411040974547834, 0.9964564410813195, 8.266885641317057e-09, 0.0, 0.0, 0.0, 1.0], "right_foot_pose": [0.9932036878462774, 0.11604853444644686, 0.008897870609632668, -0.023603014593979687, -0.1163891509057176, 0.9902970441255597, 0.07592976983782468, -0.1623243172167745, 3.5468044657020196e-09, -0.07644934302537079, 0.997073466676849, 7.957296425942229e-09, 0.0, 0.0, 0.0, 1.0]}, {"left_foot_pose": [0.9960421135916206, 0.0881064837553371, -0.011719875093534792, 0.02000000272833642, -0.08888255144817493, 0.9873452921908303, -0.13133608048311446, 0.004450000584304019, 3.25709069351103e-09, 0.13185795959620758, 0.9912686207537924, 8.74410000656356e-09, 0.0, 0.0, 0.0, 1.0], "right_foot_pose": [0.993203687854384, 0.11634527682047371, 0.0031954646013773558, -0.02360301386051287, -0.11638915083654183, 0.992829289327646, 0.027268440012405908, -0.1623243171633153, 3.3524484301067437e-09, -0.027455032593840318, 0.9996230395430425, 7.501511821439433e-09, 0.0, 0.0, 0.0, 1.0]}, {"left_foot_pose": [0.9960421135903865, 0.08748807337475352, -0.01568263280096466, 0.020000001338170103, -0.08888255146200563, 0.98041521763275, -0.17574382799897229, 0.0044500008679534825, 2.9314779914407756e-09, 0.176442166307553, 0.984311008751146, 7.891298635376298e-09, 0.0, 0.0, 0.0, 1.0], "right_foot_pose": [0.9932036878642692, 0.11636652842645094, -0.0022946622389189877, -0.023603014825676748, -0.11638915075218441, 0.9930106413728107, -0.019581412296973758, -0.1623243164329395, 3.0509169406286962e-09, 0.019715404696195846, 0.9998056325194737, 6.420470127777023e-09, 0.0, 0.0, 0.0, 1.0]}, {"left_foot_pose": [0.9959600883439829, 0.0877330207707357, -0.019142086936614237, 0.01903693925258457, -0.08979700676837893, 0.9730706186123622, -0.21229712378832477, 0.003582621718233571, 1.1344060540024187e-06, 0.21315836427360113, 0.9770176619380619, 0.00284445702594488, 0.0, 0.0, 0.0, 1.0], "right_foot_pose": [0.993203687869032, 0.11617009079753329, -0.007137535110070936, -0.023603015087401397, -0.11638915071154439, 0.9913343471520857, -0.06090794491027655, -0.16232431661615163, 2.218099157532465e-09, 0.06132472715504531, 0.9981178677086987, 4.529628179483769e-09, 0.0, 0.0, 0.0, 1.0]}, {"left_foot_pose": [0.9957255570683421, 0.08966647266505051, -0.022148107836750818, 0.016335769929782418, -0.09236132846329823, 0.9666790087450293, -0.23874898755015328, 0.0011498309491911468, 2.3313632338073013e-06, 0.23977409729062948, 0.9708287090228789, 0.009617038357665288, 0.0, 0.0, 0.0, 1.0], "right_foot_pose": [0.9932036878695143, 0.11585506565193657, -0.01113724226107024, -0.023603015215769844, -0.11638915070742753, 0.9886460886188321, -0.09503934478040184, -0.16232431658264662, 1.4703566923093566e-09, 0.09568968189658608, 0.995411213910377, 2.9484436211979492e-09, 0.0, 0.0, 0.0, 1.0]}, {"left_foot_pose": [0.9953584062237281, 0.09306423074593546, -0.024509021103002113, 0.012251520730502011, -0.09623743112006754, 0.9625476736936857, -0.2534567669609251, -0.0025286167743630295, 3.342202633473681e-06, 0.25463900883906565, 0.9670361808982582, 0.01743949455446509, 0.0, 0.0, 0.0, 1.0], "right_foot_pose": [0.9932036878677452, 0.11550985799298194, -0.014279604768756326, -0.02360301524115344, -0.11638915072252536, 0.9857002679222943, -0.12185461588305373, -0.16232431640354883, 8.699465766752429e-10, 0.12268844495044522, 0.9924452355045298, 1.7694613829721817e-09, 0.0, 0.0, 0.0, 1.0]}, {"left_foot_pose": [0.9948775976679757, 0.09777970576207119, -0.025645561009294042, 0.007139357525837691, -0.10108692122575581, 0.9623385116113301, -0.2523608991638534, -0.007132842308395143, 3.936545028041468e-06, 0.2536606359110012, 0.9672932759891031, 0.02343311895082644, 0.0, 0.0, 0.0, 1.0], "right_foot_pose": [0.9932036878653067, 0.11520153807795579, -0.01658433101536422, -0.023603015162294957, -0.11638915074333107, 0.9830692276430064, -0.1415219391141498, -0.16232431616813964, 4.245252434495876e-10, 0.1424903480445474, 0.9897961915031516, 9.647625892617029e-10, 0.0, 0.0, 0.0, 1.0]}, {"left_foot_pose": [0.9943050310383929, 0.10364356911774042, -0.024809591537926834, 0.0013544483967721987, -0.10657159676137552, 0.9669953433600981, -0.2314357376975669, -0.012342969329533719, 3.933611468215199e-06, 0.23276171613996657, 0.9725337955485689, 0.025000007473777293, 0.0, 0.0, 0.0, 1.0], "right_foot_pose": [0.9932036878632686, 0.11497629295959769, -0.018080001993132103, -0.023603015033998795, -0.11638915076072545, 0.9811471039975055, -0.15428520960385428, -0.1623243160304949, 1.3708496825335834e-10, 0.15534095523903815, 0.9878609151218726, 5.02083201403547e-10, 0.0, 0.0, 0.0, 1.0]}, {"left_foot_pose": [0.9936682671085557, 0.11010329023353793, -0.02237499544648778, -0.004748021156438032, -0.11235379357035673, 0.9737706846571719, -0.19785671273083708, -0.017839109684649496, 3.4395686705402513e-06, 0.19911785249457825, 0.9799755511267195, 0.025000009197565502, 0.0, 0.0, 0.0, 1.0], "right_foot_pose": [0.9932036878621747, 0.11485486988788131, -0.01883595710372101, -0.023603015016996444, -0.11638915077005817, 0.9801109432184556, -0.1607361333566724, -0.16232431603741995, 3.8854629465159297e-13, 0.1618360214737966, 0.9868176640867009, 2.6265142838433064e-10, 0.0, 0.0, 0.0, 1.0]}, {"left_foot_pose": [0.9930021139388908, 0.11661762986869453, -0.018631428198150852, -0.010812884878888405, -0.11809657787589041, 0.9805700501300573, -0.1566383576329287, -0.023301380112740668, 2.626468578037148e-06, 0.15774252816455595, 0.987480275651801, 0.02500000972249821, 0.0, 0.0, 0.0, 1.0], "right_foot_pose": [0.9932036878620414, 0.11484329643101973, -0.01890639262516528, -0.023603014982299025, -0.11638915077119495, 0.9800121814024623, -0.16133719312529138, -0.16232431603359507, -1.63967429781645e-11, 0.16244119418313951, 0.9867182264620207, 2.557521139312513e-10, 0.0, 0.0, 0.0, 1.0]}, {"left_foot_pose": [0.992349067407546, 0.12279174838293047, -0.012865261149224034, -0.016484978331430675, -0.12346387493076677, 0.9869481279068032, -0.10339276767906452, -0.02840990664612987, 1.566692796037507e-06, 0.10419011157648396, 0.9945573993728197, 0.022459729297205196, 0.0, 0.0, 0.0, 1.0], "right_foot_pose": [0.9932036878629815, 0.11501887570813155, -0.017807095389479544, -0.023603014796574822, -0.11638915076317297, 0.9815104826950135, -0.15195636855502048, -0.16232431621191454, 1.23235245439336e-10, 0.15299617835305296, 0.988226780354267, 5.694045096538147e-10, 0.0, 0.0, 0.0, 1.0]}, {"left_foot_pose": [0.9917586058693355, 0.12794355597119805, -0.006731580019432257, -0.021409108851631952, -0.12812052015070005, 0.9903890249909457, -0.05210289333423375, -0.032844793137686325, 6.535225240109894e-07, 0.05253594638844389, 0.9986190336342705, 0.015838565722490074, 0.0, 0.0, 0.0, 1.0], "right_foot_pose": [0.9932036878645769, 0.11522433680963225, -0.016425182464265053, -0.023603014643075328, -0.11638915074956062, 0.9832637798367513, -0.1401638500075574, -0.16232431643162293, 3.3251588506888034e-10, 0.14112296577072564, 0.9899920749844793, 1.0770082672917347e-09, 0.0, 0.0, 0.0, 1.0]}, {"left_foot_pose": [0.991285361425287, 0.13172909158265275, -0.0008824141592058464, -0.025230112480351452, -0.13173204706500105, 0.9912631244180264, -0.006639724774222608, -0.03628615265626164, 5.970361772776094e-08, 0.006698104196130852, 0.9999775674484779, 0.007998179559708975, 0.0, 0.0, 0.0, 1.0], "right_foot_pose": [0.9932036878661826, 0.11549152861074179, -0.014427100476800021, -0.02360301457974947, -0.11638915073585447, 0.9855438542387301, -0.123113268835067, -0.16232431655621352, 5.993676413248901e-10, 0.12395571060432481, 0.9922877515159484, 1.6691543425206845e-09, 0.0, 0.0, 0.0, 1.0]}, {"left_foot_pose": [0.9909861499291248, 0.13390283457295826, 0.004059746541151087, -0.0275928236678035, -0.13396436335322479, 0.9905310268228888, 0.03003055531553294, -0.038414104668040586, -1.2842949739548087e-07, -0.03030372575313452, 0.9995407366413156, 0.0018172768167300513, 0.0, 0.0, 0.0, 1.0], "right_foot_pose": [0.9932036878669751, 0.11577832866328361, -0.011908527170790514, -0.023603014638839043, -0.11638915072909829, 0.9879912549415202, -0.10162108910870632, -0.16232431645788822, 8.500257504040607e-10, 0.10231646383166815, 0.9947518993341923, 2.1745741041190314e-09, 0.0, 0.0, 0.0, 1.0]}, {"left_foot_pose": [0.9909090970504247, 0.13430737066186588, 0.007790479356845163, -0.02819492554545485, -0.134533123738034, 0.9892463033422474, 0.0573810939333354, -0.038956375442592166, 9.468645632363057e-10, -0.05790752550054013, 0.9983219513215191, 2.496063342127819e-09, 0.0, 0.0, 0.0, 1.0], "right_foot_pose": [0.9932036878660981, 0.11603476187874018, -0.00907570630453861, -0.02360301492160196, -0.11638915073657918, 0.9901795207272479, -0.0774472873842311, -0.16232431623660407, 9.691056393906164e-10, 0.07797724519436358, 0.996955139026776, 2.3375182275908735e-09, 0.0, 0.0, 0.0, 1.0]}, {"left_foot_pose": [0.9909090970488462, 0.1340709418883926, 0.01114198936457948, -0.028194925756729102, -0.13453312374965898, 0.9875048775252862, 0.08206677450667282, -0.03895637559013174, 9.129947960127889e-10, -0.08281968005812093, 0.9965645491362171, 2.5365113620612334e-09, 0.0, 0.0, 0.0, 1.0], "right_foot_pose": [0.9932036878644659, 0.11622679310307876, -0.006145484309540973, -0.023603015156603752, -0.11638915075050887, 0.9918182136663918, -0.05244231714162261, -0.16232431634333266, 9.257381864981662e-10, 0.05280117048495537, 0.9986050452483296, 2.2809908128973433e-09, 0.0, 0.0, 0.0, 1.0]}, {"left_foot_pose": [0.9909090970491761, 0.13377536710855917, 0.014258770639780524, -0.028194925366925905, -0.13453312374723023, 0.9853278096902878, 0.10502355005308835, -0.038956375476204605, 7.20024591190235e-10, -0.10598706810696978, 0.9943675082151919, 2.0221088692373712e-09, 0.0, 0.0, 0.0, 1.0], "right_foot_pose": [0.9932036878630602, 0.11633945851791587, -0.003400706834637447, -0.02360301478239531, -0.11638915076250447, 0.9927796406124179, -0.029019834083971185, -0.16232431626558588, 7.255103915913561e-10, 0.02921841161384986, 0.9995730510686869, 1.965203930143211e-09, 0.0, 0.0, 0.0, 1.0]}, {"left_foot_pose": [0.9909090970501837, 0.13347176180105907, 0.016865651037305078, -0.02819492539469621, -0.13453312373980894, 0.9830915928532499, 0.12422462991721786, -0.03895637517327195, 4.713640275003193e-10, -0.12536430458061787, 0.9921107756379927, 1.2887582459542024e-09, 0.0, 0.0, 0.0, 1.0], "right_foot_pose": [0.9931199222848975, 0.11710022185011788, -0.0005983339302965475, -0.02447460317691385, -0.1171017504601804, 0.9931069594709245, -0.005074159001957982, -0.1629681898553427, 2.444543284074003e-08, 0.005109314344283009, 0.9999869473682799, 0.002250301211810926, 0.0, 0.0, 0.0, 1.0]}, {"left_foot_pose": [0.9909090970516878, 0.13320006895862244, 0.018891876815912312, -0.028194925464765708, -0.13453312372872825, 0.9810904286391744, 0.1391488751387965, -0.038956375082430196, 2.408803003403906e-10, -0.1404254694206861, 0.990091252126783, 7.529399742578491e-10, 0.0, 0.0, 0.0, 1.0], "right_foot_pose": [0.9928363108404971, 0.11944069590403694, 0.0031591199076960253, -0.027387011783027, -0.11948246681656932, 0.9924892704265696, 0.026248584944008738, -0.1651197068849399, -2.4336017089357043e-07, -0.02643800768013406, 0.999650454783994, 0.008710109600830816, 0.0, 0.0, 0.0, 1.0]}, {"left_foot_pose": [0.9909090970530463, 0.13300088883894792, 0.020246603309376447, -0.02819492552506777, -0.13453312371872347, 0.9796233597633671, 0.14912716596387068, -0.03895637514538356, 6.550032243508872e-11, -0.15049530415924328, 0.9886107239080597, 4.08104085247718e-10, 0.0, 0.0, 0.0, 1.0], "right_foot_pose": [0.9923805529378505, 0.12294925398603165, 0.008019918643228591, -0.03194937217804685, -0.12321054398906318, 0.990276469562503, 0.06458851043911593, -0.16849011744049813, -8.275456366751767e-07, -0.06508452024178242, 0.997879754892448, 0.01655846417269108, 0.0, 0.0, 0.0, 1.0]}, {"left_foot_pose": [0.9909090970537003, 0.13290594648421208, 0.020860746999006703, -0.02819492556460981, -0.1345331237139044, 0.978924058190727, 0.15365066520903264, -0.038956375267408735, -2.162253214558255e-11, -0.15506030338076493, 0.9879050067265912, 2.3648388802754994e-10, 0.0, 0.0, 0.0, 1.0], "right_foot_pose": [0.9917808399883301, 0.12720040889181988, 0.01381381228323259, -0.0377504137324456, -0.1279482920141535, 0.9859850716838664, 0.1070638733991126, -0.17277559472328444, -1.644220401367737e-06, -0.10795135198002001, 0.9941561776717897, 0.022916658827301803, 0.0, 0.0, 0.0, 1.0]}, {"left_foot_pose": [0.9909090970532806, 0.13296868198631887, 0.020457052277251652, -0.028194925547725364, -0.1345331237169974, 0.9793861389526461, 0.1506772360058955, -0.038956375341281914, 3.287545953650196e-11, -0.15205959502198663, 0.9883713267602166, 3.206416174239557e-10, 0.0, 0.0, 0.0, 1.0], "right_foot_pose": [0.9910679021133456, 0.13192496156005648, 0.019499177368014816, -0.0443788600821779, -0.13335821457507144, 0.9804191923519185, 0.14489235270834958, -0.17767230600925746, -2.4496652809918653e-06, -0.1461985355104123, 0.9892552694874109, 0.025000008036337097, 0.0, 0.0, 0.0, 1.0]}, {"left_foot_pose": [0.9909090970516372, 0.13313676645296554, 0.019332945941031365, -0.02819492561078778, -0.1345331237291034, 0.9806241715307918, 0.14239758716087503, -0.03895637538161151, 2.08629676494848e-10, -0.1437039861242474, 0.9896207174326958, 6.406742081299655e-10, 0.0, 0.0, 0.0, 1.0], "right_foot_pose": [0.9902778614523453, 0.13685474319608465, 0.024910567679245394, -0.05142341346691149, -0.13910340437167967, 0.9742736144624198, 0.17731657298329664, -0.1828764144235657, -3.094751130284837e-06, -0.17905782146297217, 0.9838385520822799, 0.02500000721686161, 0.0, 0.0, 0.0, 1.0]}, {"left_foot_pose": [0.9909090970491772, 0.13341243615808746, 0.017328683260688767, -0.028194925634134324, -0.1345331237472205, 0.9826546273343194, 0.1276351126973521, -0.03895637542246734, 5.325388360791934e-10, -0.1288060761641899, 0.9916698012661199, 1.2462859147466254e-09, 0.0, 0.0, 0.0, 1.0], "right_foot_pose": [0.9894539417016416, 0.14178536299874803, 0.029627826285392338, -0.058472804750587234, -0.14484784167968506, 0.9685390396353635, 0.20236410616249223, -0.1880840976375291, -3.4381667711894205e-06, -0.20452148919250734, 0.9788620742712723, 0.02500000541587847, 0.0, 0.0, 0.0, 1.0]}, {"left_foot_pose": [0.9909090970465354, 0.13376287466999787, 0.01437549131121463, -0.028194925351904064, -0.13453312376667795, 0.9852357957362661, 0.10588326312268162, -0.038956375118967934, 1.0336251724618434e-09, -0.10685466840501577, 0.9942746501043133, 2.229954727817063e-09, 0.0, 0.0, 0.0, 1.0], "right_foot_pose": [0.9886470358416449, 0.14667836801424414, 0.03259593346119364, -0.06511575929662013, -0.15025657559812164, 0.9651082116360777, 0.21445069671637323, -0.1929915257661345, -3.324835465974614e-06, -0.21691379898312133, 0.9761907619925807, 0.023024935990729273, 0.0, 0.0, 0.0, 1.0]}, {"left_foot_pose": [0.99090909