{"LoopMode": "Wrap", "FrameDuration": 0.0167, "EnableCycleOffsetPosition": true, "EnableCycleOffsetRotation": false, "Debug_info": [{"left_foot_pose": [1.0000000000000004, 1.3127667275453659e-13, -8.727518707729592e-12, 1.3978334709689383e-12, -4.6807925182588646e-14, 0.9999535335612596, 0.009640058005616256, 1.5626042126903883e-13, 8.728088518015154e-12, -0.009640058005616427, 0.9999535335612597, 1.8234115606308166e-11, 0.0, 0.0, 0.0, 1.0], "right_foot_pose": [0.9999999999999998, -2.1445082660781904e-13, -8.788858529840125e-12, 5.395671382336115e-13, 8.436878546490454e-14, 0.9998903925252307, -0.014805503562540833, -0.1400000000021149, 8.79106201070642e-12, 0.01480550356254068, 0.9998903925252304, 1.5458724578198968e-11, 0.0, 0.0, 0.0, 1.0]}, {"left_foot_pose": [1.0000000000000007, 2.0101942313650582e-13, -1.9444446053284998e-11, 3.363408995397099e-12, -7.169923163806446e-14, 0.9999779975797052, 0.006633577954904365, 1.2621639844390131e-12, 1.9445212437794632e-11, -0.006633577954904537, 0.9999779975797055, 3.9673472840284774e-11, 0.0, 0.0, 0.0, 1.0], "right_foot_pose": [1.0, -5.492900373403218e-13, -1.955707817913321e-11, 1.6486172310928516e-12, 2.0090428944623704e-13, 0.9998413381551439, -0.017812875010263574, -0.14000000000378257, 1.9563641907911944e-11, 0.017812875010263424, 0.999841338155144, 3.555256783416283e-11, 0.0, 0.0, 0.0, 1.0]}, {"left_foot_pose": [1.0000000000000007, 1.3594070339502987e-13, -3.412603533092807e-11, 6.162733263845456e-12, -5.211917095041463e-14, 0.9999970072040193, 0.0024465451161567175, 3.1770697184185792e-12, 3.412606639618283e-11, -0.002446545116156891, 0.9999970072040195, 6.895790882754937e-11, 0.0, 0.0, 0.0, 1.0], "right_foot_pose": [0.9999999999999998, -1.1645498786885747e-12, -3.4329816767098e-11, 3.3391671165262897e-12, 4.0899694875847544e-13, 0.9997579160637132, -0.022002483222164398, -0.14000000000565269, 3.434696993308443e-11, 0.022002483222164252, 0.9997579160637129, 6.34039765134986e-11, 0.0, 0.0, 0.0, 1.0]}, {"left_foot_pose": [1.0000000000000004, -2.1320179731639074e-13, -5.256151069943372e-11, 9.800618795013462e-12, 6.118423302589117e-14, 0.999995799424572, -0.002898470840319653, 6.044666503446372e-12, 5.256148414982406e-11, 0.0028984708403194787, 0.9999957994245721, 1.0584366716415161e-10, 0.0, 0.0, 0.0, 1.0], "right_foot_pose": [0.9999999999999998, -2.2039890534962703e-12, -5.292405402812504e-11, 5.645825535103652e-12, 7.555933281780529e-13, 0.9996258355096604, -0.027353043370219002, -0.14000000000751645, 5.296440938637817e-11, 0.02735304337021885, 0.9996258355096603, 9.863389965891756e-11, 0.0, 0.0, 0.0, 1.0]}, {"left_foot_pose": [1.0000000000000004, -1.0331889199104245e-12, -7.494738163416058e-11, 1.4373456841560006e-11, 3.297563052039632e-13, 0.9999559175179149, -0.009389516542700916, 1.0107232759071216e-11, 7.495352616976192e-11, 0.00938951654270074, 0.9999559175179151, 1.5093892802298114e-10, 0.0, 0.0, 0.0, 1.0], "right_foot_pose": [1.0, -3.86605361407588e-12, -7.557510173228363e-11, 8.670717812127266e-12, 1.3053705625150133e-12, 0.999426781474728, -0.03385422382903607, -0.14000000000916535, 7.566237416169462e-11, 0.03385422382903592, 0.999426781474728, 1.416564920919683e-10, 0.0, 0.0, 0.0, 1.0]}, {"left_foot_pose": [1.0000000000000004, -2.5717529169565744e-12, -1.0193262900415332e-10, 2.008774005443569e-11, 8.349743574303767e-13, 0.9998548401592573, -0.017038151604767876, 1.5742554829167865e-11, 1.0196133198122011e-10, 0.017038151604767703, 0.9998548401592575, 2.058248294023457e-10, 0.0, 0.0, 0.0, 1.0], "right_foot_pose": [1.0, -6.430077810515355e-12, -1.0298251140739008e-10, 1.2603342728556773e-11, 2.1488149785927068e-12, 0.9991376902195621, -0.04151958553163317, -0.1400000000103606, 1.0316045544689051e-10, 0.04151958553163301, 0.9991376902195621, 1.9379028243227125e-10, 0.0, 0.0, 0.0, 1.0]}, {"left_foot_pose": [1.0000000000000004, -5.1764496095310836e-12, -1.346291966797252e-10, 2.7276287533461958e-11, 1.6903752226953304e-12, 0.9996649655170085, -0.025883522130481996, 2.3507789465027074e-11, 1.3471782906082552e-10, 0.025883522130481805, 0.9996649655170085, 2.731397469313279e-10, 0.0, 0.0, 0.0, 1.0], "right_foot_pose": [1.0, -1.029787061063995e-11, -1.3633311146676866e-10, 1.7742767111860587e-11, 3.4149254650915125e-12, 0.9987295795451567, -0.050390742617612325, -0.14000000001078153, 1.3667851120748395e-10, 0.05039074261761218, 0.9987295795451565, 2.573083621171257e-10, 0.0, 0.0, 0.0, 1.0]}, {"left_foot_pose": [1.0000000000000004, -9.348595666975849e-12, -1.746033317928662e-10, 3.6416742589097936e-11, 3.058422571082061e-12, 0.9993520504652702, -0.03599276636854756, 3.419107184876591e-11, 1.7482634666043646e-10, 0.035992766368547396, 0.9993520504652704, 3.5666020831159884e-10, 0.0, 0.0, 0.0, 1.0], "right_foot_pose": [1.0, -1.605100600720334e-11, -1.7729789858478277e-10, 2.4524238238304327e-11, 5.288390679319672e-12, 0.9981658997711877, -0.06053789337245892, -0.1400000000099564, 1.779442712195541e-10, 0.06053789337245878, 0.9981658997711879, 3.354640801256359e-10, 0.0, 0.0, 0.0, 1.0]}, {"left_foot_pose": [1.0000000000000002, -1.5812987091812292e-11, -2.238569885015804e-10, 4.815648305122483e-11, 5.1714490299887905e-12, 0.9988731797306428, -0.047459148905094006, 4.8869061575196326e-11, 2.2435506467337629e-10, 0.047459148905093826, 0.9988731797306429, 4.614274101699678e-10, 0.0, 0.0, 0.0, 1.0], "right_foot_pose": [1.0, -2.452618154384022e-11, -2.2803220423028832e-10, 3.355581429866969e-11, 8.030924374659223e-12, 0.997400435671312, -0.07205810795932169, -0.14000000000717333, 2.2920665972850473e-10, 0.07205810795932154, 0.997400435671312, 4.3253678416732555e-10, 0.0, 0.0, 0.0, 1.0]}, {"left_foot_pose": [1.0000000000000004, -2.5595235821578858e-11, -2.8471475177482784e-10, 6.332878700555122e-11, 8.352889071741544e-12, 0.9981744235626995, -0.06039718656753644, 6.893689785680834e-11, 2.8574047969374036e-10, 0.060397186567536246, 0.9981744235626993, 5.9374812011459e-10, 0.0, 0.0, 0.0, 1.0], "right_foot_pose": [0.9999999999999998, -3.689773950473553e-11, -2.910732210814613e-10, 4.565159084482879e-11, 1.2002279794303417e-11, 0.996374924764937, -0.08507061360814425, -0.14000000000137586, 2.93156858544115e-10, 0.0850706136081441, 0.9963749247649369, 5.537277511513672e-10, 0.0, 0.0, 0.0, 1.0]}, {"left_foot_pose": [1.0000000000000004, -4.005965915671818e-11, -3.5932934405735683e-10, 8.290373182668668e-11, 1.3022215924456141e-11, 0.9971886664394835, -0.07493172575515254, 9.599927623671345e-11, 3.6132077817000663e-10, 0.07493172575515235, 0.9971886664394836, 7.605304788715905e-10, 0.0, 0.0, 0.0, 1.0], "right_foot_pose": [1.0, -5.470987894749254e-11, -3.688583882777149e-10, 6.181223590312137e-11, 1.765993042998811e-11, 0.9950169433898194, -0.09970597959591646, -0.13999999999108154, 3.7247511389238835e-10, 0.09970597959591629, 0.9950169433898196, 7.044048885851417e-10, 0.0, 0.0, 0.0, 1.0]}, {"left_foot_pose": [1.0000000000000004, -6.0762400658713e-11, -4.4832781931347545e-10, 1.07758350439364e-10, 1.963404757182092e-11, 0.9958350215509087, -0.09117351508361377, 1.3136342881525653e-10, 4.5200018235118196e-10, 0.09117351508361358, 0.995835021550909, 9.668362707659917e-10, 0.0, 0.0, 0.0, 1.0], "right_foot_pose": [0.9999999999999997, -7.968855265191416e-11, -4.623325611241564e-10, 8.30371572237928e-11, 2.548159722889402e-11, 0.9932396801649397, -0.1160815995145163, -0.13999999997446838, 4.684571682417578e-10, 0.11608159951451619, 0.9932396801649398, 8.877006144047961e-10, 0.0, 0.0, 0.0, 1.0]}, {"left_foot_pose": [1.0000000000000004, -8.868423609490937e-11, -5.472617359281158e-10, 1.3793956181320957e-10, 2.8413737112484667e-11, 0.9940238414355035, -0.10916319277946175, 1.7446462503845073e-10, 5.536721997198403e-10, 0.10916319277946154, 0.9940238414355037, 1.2084176853610629e-09, 0.0, 0.0, 0.0, 1.0], "right_foot_pose": [0.9999999999999997, -1.1282204458433236e-10, -5.672378677878946e-10, 1.0962949560131425e-10, 3.5652019999480754e-11, 0.99094817007957, -0.13424501560933969, -0.13999999995006135, 5.77248771809712e-10, 0.13424501560933955, 0.9909481700795697, 1.097697523155805e-09, 0.0, 0.0, 0.0, 1.0]}, {"left_foot_pose": [1.0000000000000002, -1.2165057833913257e-10, -6.377725569883785e-10, 1.7055363622624075e-10, 3.8529265834873816e-11, 0.991677878717262, -0.12874387310793678, 2.1867122348973034e-10, 6.481263400358129e-10, 0.12874387310793656, 0.9916778787172621, 1.4508207621388713e-09, 0.0, 0.0, 0.0, 1.0], "right_foot_pose": [0.9999999999999999, -1.513102757776134e-10, -6.647299377604545e-10, 1.3909414025055111e-10, 4.710641028531905e-11, 0.9880639319397908, -0.1540443650370907, -0.13999999991917594, 6.801038627936186e-10, 0.15404436503709057, 0.9880639319397909, 1.3012358482389352e-09, 0.0, 0.0, 0.0, 1.0]}, {"left_foot_pose": [1.0000000000000002, -1.4754686884481259e-10, -6.689667708670271e-10, 1.9458266457018795e-10, 4.60365822335338e-11, 0.9887962675861147, -0.1492713676756847, 2.4226889591694167e-10, 6.834960857763463e-10, 0.14927136767568447, 0.9887962675861147, 1.5798603814065615e-09, 0.0, 0.0, 0.0, 1.0], "right_foot_pose": [0.9999999999999998, -1.805899072316491e-10, -7.013168934477666e-10, 1.6086532055820843e-10, 5.519532007176744e-11, 0.9845981250491957, -0.17483286919114685, -0.13999999989239162, 7.220880998014791e-10, 0.1748328691911467, 0.9845981250491955, 1.3966954884314653e-09, 0.0, 0.0, 0.0, 1.0]}, {"left_foot_pose": [0.9999999998086913, 1.926445025153018e-05, -3.391093709670761e-06, -2.0230084072096718e-05, -1.9560448169041242e-05, 0.9856122349931287, -0.16902225252681932, -1.9253145357958634e-05, 8.618267496451924e-08, 0.16902225256081488, 0.9856122351813932, 0.0001638612370408951, 0.0, 0.0, 0.0, 1.0], "right_foot_pose": [0.9999999999999998, -1.6497205177675473e-10, -5.771816913302521e-10, 1.196189569907222e-10, 4.9368039485793214e-11, 0.9808401379231106, -0.1948143317083563, -0.1399999999616892, 5.982615746074419e-10, 0.19481433170835616, 0.9808401379231106, 1.1254535844940072e-09, 0.0, 0.0, 0.0, 1.0]}, {"left_foot_pose": [0.999999847472073, 0.0005424694896550995, -0.00010383970508260833, -0.0005713306288375056, -0.000552318387834998, 0.982330442228449, -0.18715393988815596, -0.0005437239677816078, 4.796011564382871e-07, 0.18715396869453174, 0.9823305920114966, 0.004191209329447061, 0.0, 0.0, 0.0, 1.0], "right_foot_pose": [0.9999999999999999, -1.2045188816823653e-10, -3.8848618766351633e-10, 1.7075577405511893e-11, 3.5415540760757644e-11, 0.9773013193856505, -0.21185403259571725, -0.14000000015799774, 4.051858577567608e-10, 0.21185403259571708, 0.9773013193856503, 6.524270637631169e-10, 0.0, 0.0, 0.0, 1.0]}, {"left_foot_pose": [0.9999985328321792, 0.0016773747766567753, -0.0003474871918706423, -0.0017719929999412067, -0.00171298942236936, 0.9793084795636992, -0.20236592480424087, -0.0016863588285249871, 8.536556170516365e-07, 0.20236622314135175, 0.9793099160790607, 0.011469802869614854, 0.0, 0.0, 0.0, 1.0], "right_foot_pose": [0.9999999999999998, -6.793947723891668e-11, -2.0571888637022046e-10, -3.1038503274244e-11, 1.991929865926029e-11, 0.9743676735840323, -0.22496141152304558, -0.14000000018744824, 2.1572948381633173e-10, 0.22496141152304538, 0.9743676735840321, 3.1975212061441383e-10, 0.0, 0.0, 0.0, 1.0]}, {"left_foot_pose": [0.9999943323645091, 0.003290334461303563, -0.0007133989018798316, -0.003482794390720847, -0.0033667844478766857, 0.9773601308396762, -0.21155575957069436, -0.003314469482336397, 1.158437879349453e-06, 0.2115569624100908, 0.9773656693656037, 0.019120927246542865, 0.0, 0.0, 0.0, 1.0], "right_foot_pose": [1.0, -2.433327248630665e-11, -6.892653114931576e-11, -4.9051746680919546e-11, 7.554051728969959e-12, 0.9723172416831344, -0.23366467753107462, -0.14000000010497626, 7.270386912537863e-11, 0.23366467753107448, 0.9723172416831346, 1.0825951940462986e-10, 0.0, 0.0, 0.0, 1.0]}, {"left_foot_pose": [0.9999855335794768, 0.005258437021382953, -0.001132021140287364, -0.00556431135090214, -0.005378906022337859, 0.9776413304118443, -0.21021060020979715, -0.005295372607211801, 1.3314512145500534e-06, 0.2102136482501847, 0.9776554720797999, 0.024265878562215674, 0.0, 0.0, 0.0, 1.0], "right_foot_pose": [1.0, -1.0014213267498674e-12, 1.181776898562254e-12, -3.159750895662636e-11, 1.2536769679812251e-12, 0.971344732502954, -0.23767501054752224, -0.14000000000402876, -9.10205269966954e-13, 0.2376750105475221, 0.9713447325029543, 1.185757048105529e-11, 0.0, 0.0, 0.0, 1.0]}, {"left_foot_pose": [0.999971008854429, 0.007467718374588457, -0.0014881642832663437, -0.00787711163882739, -0.007614555068871748, 0.9807218944735498, -0.1952602987074316, -0.0074963848969437676, 1.3263746875351521e-06, 0.19526596959657375, 0.9807503255751444, 0.02500000205366313, 0.0, 0.0, 0.0, 1.0], "right_foot_pose": [0.9999999999999998, -4.364832502998411e-12, -6.945888308962339e-12, 6.500961503102204e-12, 2.595735403605665e-12, 0.9715505921493893, -0.23683210697490156, -0.13999999998008497, 7.781722296798729e-12, 0.23683210697490148, 0.9715505921493892, 5.0570894694068613e-11, 0.0, 0.0, 0.0, 1.0]}, {"left_foot_pose": [0.9999506074528707, 0.009788679981306997, -0.0017217429711527594, -0.010281766064186867, -0.009938946283570522, 0.9848530809916621, -0.17310582372642414, -0.009784814308101894, 1.1863584567595506e-06, 0.17311438589977163, 0.9849017257539648, 0.02500000266114262, 0.0, 0.0, 0.0, 1.0], "right_foot_pose": [0.9999999999999998, -3.0830324016562784e-11, -8.386391581183242e-11, 3.160084678580777e-11, 1.0577077561742579e-11, 0.972831472267041, -0.23151441978144963, -0.13999999995313372, 8.872286690260994e-11, 0.2315144197814495, 0.9728314722670411, 2.0851455284631726e-10, 0.0, 0.0, 0.0, 1.0]}, {"left_foot_pose": [0.9999253660135733, 0.0120871593423464, -0.0017784773417445303, -0.012638852551918793, -0.012217299281069008, 0.9892853497172721, -0.1454827633537816, -0.012027975085341373, 9.482367698370663e-07, 0.14549363358514456, 0.9893591878510523, 0.02491027185025041, 0.0, 0.0, 0.0, 1.0], "right_foot_pose": [0.9999999999999998, -7.906628086841368e-11, -2.3416857342084494e-10, 7.459672974444962e-11, 2.5175849696950097e-11, 0.9751079471187217, -0.22173067326356133, -0.13999999995143447, 2.4587100717612543e-10, 0.22173067326356125, 0.9751079471187218, 4.968795028204021e-10, 0.0, 0.0, 0.0, 1.0]}, {"left_foot_pose": [0.9998975373521938, 0.014227554492933722, -0.0015784454915118104, -0.014808942358034942, -0.014314845322667111, 0.9938051521084516, -0.11021072926936935, -0.014093185002585527, 6.381054006210345e-07, 0.11022203198929278, 0.9939069894430491, 0.021163834582799176, 0.0, 0.0, 0.0, 1.0], "right_foot_pose": [0.9999999999999998, -1.4932689412733235e-10, -4.786608887030742e-10, 1.9291552861970936e-10, 4.6998099855250606e-11, 0.9783360568242796, -0.20702309030038257, -0.14000000017453829, 4.992049903937173e-10, 0.2070230903003824, 0.9783360568242796, 9.506610845755326e-10, 0.0, 0.0, 0.0, 1.0]}, {"left_foot_pose": [0.999870437540798, 0.01605560963854592, -0.001151317119127502, -0.016652606565742568, -0.016096836082371124, 0.9973111001894746, -0.07149448445158531, -0.015847745895682233, 3.3380908003703286e-07, 0.07150375401330558, 0.9974403306272982, 0.013996812949318857, 0.0, 0.0, 0.0, 1.0], "right_foot_pose": [1.0, -2.199499253455717e-10, -7.802731238903945e-10, 2.881804954278487e-10, 6.987068151886594e-11, 0.9822930991798989, -0.18735065333099213, -0.14000000036085003, 8.076644387958245e-10, 0.187350653330992, 0.9822930991798989, 1.54378043681902e-09, 0.0, 0.0, 0.0, 1.0]}, {"left_foot_pose": [0.9998481115562907, 0.017418344624194955, -0.0005958925014329946, -0.018030425400761455, -0.01742853457146538, 0.9992637422633807, -0.03417922732415593, -0.017158968859315105, 1.0821044761095668e-07, 0.03418442142757238, 0.9994155418701731, 0.0062879110201055355, 0.0, 0.0, 0.0, 1.0], "right_foot_pose": [1.0, -2.7051728262492366e-10, -1.1007774691762488e-09, 3.2034617784852905e-10, 8.737764350255621e-11, 0.9866123500244465, -0.16308301805902295, -0.14000000038624774, 1.1301572263774366e-09, 0.16308301805902278, 0.9866123500244462, 2.171531968131468e-09, 0.0, 0.0, 0.0, 1.0]}, {"left_foot_pose": [0.9998348172578582, 0.01817520828589799, -1.6465343368891723e-06, -0.018802973228782573, -0.01817520836047929, 0.9998348131622539, -9.04978191437327e-05, -0.01789416830659444, 1.4456384987034005e-09, 9.051279657027536e-05, 0.9999999959037176, 0.000915836686474103, 0.0, 0.0, 0.0, 1.0], "right_foot_pose": [1.0, -2.760526675970116e-10, -1.3537542753461177e-09, 2.566642678946516e-10, 9.072801408080878e-11, 0.9908416021063958, -0.13502932842620108, -0.14000000016427872, 1.378631240113225e-09, 0.13502932842620094, 0.9908416021063959, 2.6501034630643794e-09, 0.0, 0.0, 0.0, 1.0]}, {"left_foot_pose": [0.9998327655491122, 0.01827898001657405, 0.0005655298125258165, -0.018919392113795633, -0.018287726332574958, 0.9993545816319346, 0.03091891390146866, -0.018004954815014726, 1.4001416378342306e-09, -0.030924085448324846, 0.9995217361014147, 2.819508203300014e-09, 0.0, 0.0, 0.0, 1.0], "right_foot_pose": [1.0, -2.2339725909335364e-10, -1.417302220030335e-09, 2.0108189937540138e-10, 7.341601289609214e-11, 0.9944773724837453, -0.10495120589029021, -0.13999999996400317, 1.432920676007433e-09, 0.10495120589029006, 0.9944773724837453, 2.759781340955225e-09, 0.0, 0.0, 0.0, 1.0]}, {"left_foot_pose": [0.9998327655488275, 0.018253925499093035, 0.0011113680118184199, -0.01891939208159228, -0.018287726348130837, 0.9979847898989161, 0.06076115696259411, -0.018004954894504713, 1.2606585809239681e-09, -0.060771319997929195, 0.9981517152546053, 2.501815837829824e-09, 0.0, 0.0, 0.0, 1.0], "right_foot_pose": [0.9999999999999999, -1.4393786023089423e-10, -1.2670217097721084e-09, 2.1612209847149459e-10, 4.832076489692674e-11, 0.9971726265393456, -0.07514487927079966, -0.1400000000347857, 1.2742555716545744e-09, 0.0751448792707995, 0.9971726265393456, 2.4756630634392707e-09, 0.0, 0.0, 0.0, 1.0]}, {"left_foot_pose": [0.9998327655488044, 0.018217447136917572, 0.001601734948186479, -0.018919392079800347, -0.018287726349402098, 0.9959904322127985, 0.08757064579831098, -0.018004954901913367, 9.272416853582518e-10, -0.08758529305983688, 0.9961570239874954, 1.8154895711774977e-09, 0.0, 0.0, 0.0, 1.0], "right_foot_pose": [0.9999999997777168, 2.1057558777371953e-05, -1.0703102410471166e-06, -4.617991142377888e-07, -2.108466896575823e-05, 0.9988409215947112, -0.04813328269778523, -0.1400100942875311, 5.550023800304445e-08, 0.04813328270965299, 0.9988409218166772, 3.740122627771125e-05, 0.0, 0.0, 0.0, 1.0]}, {"left_foot_pose": [0.9998327655489285, 0.018177200114697784, 0.002007568373155395, -0.01891939198420414, -0.01828772634262257, 0.993790034755633, 0.1097584889000212, -0.01800495465499083, 5.736898867163263e-10, -0.10977684736040201, 0.9939562584860623, 1.1034349198246751e-09, 0.0, 0.0, 0.0, 1.0], "right_foot_pose": [0.9999976480452029, 0.0021684045296731145, -4.388459956474013e-05, -4.750635818025019e-05, -0.0021688485453105846, 0.9997949976048938, -0.02013104220396789, -0.14103842684767987, 2.2336001452091542e-07, 0.02013109003571639, 0.9997973490732629, 0.0034929912931450646, 0.0, 0.0, 0.0, 1.0]}, {"left_foot_pose": [0.9998327655491444, 0.018140160204222697, 0.002318517223519319, -0.018919391952847243, -0.018287726330810234, 0.9917649785963181, 0.12675877206527106, -0.018004954658857944, 2.4799557849534547e-10, -0.12677997404011068, 0.9919308636101561, 5.59702451052857e-10, 0.0, 0.0, 0.0, 1.0], "right_foot_pose": [0.9999727000142357, 0.007388496418154614, 9.667946309843747e-05, -0.0001618485969838943, -0.007389128918599818, 0.9998875502826958, 0.01304942770752602, -0.14353789598297254, -2.529416443172856e-07, -0.013049785835352136, 0.9999148479193553, 0.010538499097367267, 0.0, 0.0, 0.0, 1.0]}, {"left_foot_pose": [0.999832765549328, 0.018112456055151976, 0.0025258403816530847, -0.01891939201566646, -0.0182877263207702, 0.9902503302025732, 0.1380936008644572, -0.01800495480150006, 5.18386106230938e-12, -0.138116698734605, 0.9904159618719073, 1.923243647672379e-10, 0.0, 0.0, 0.0, 1.0], "right_foot_pose": [0.9998869183170096, 0.015018605042795168, 0.0007694680514363422, -0.00032939727424518216, -0.01503830365489957, 0.9985815950004885, 0.051074920944269527, -0.14720050805222692, -1.3025688512968315e-06, -0.05108071680046094, 0.9986945280562294, 0.0182952097852963, 0.0, 0.0, 0.0, 1.0]}, {"left_foot_pose": [0.9998327655493806, 0.018098635791076283, 0.002623035718628194, -0.01891939216787597, -0.01828772631792198, 0.9894947451839242, 0.14340749045821263, -0.018004954956134786, -1.2049721318884635e-10, -0.1434314771446756, 0.9896602504718968, 1.77941064660736e-11, 0.0, 0.0, 0.0, 1.0], "right_foot_pose": [0.9997005115290449, 0.024370893812903666, 0.0022241365349762944, -0.000536062725767973, -0.024472172793705546, 0.9955732508322005, 0.09074698334467797, -0.1517182686260145, -2.7057454866935097e-06, -0.09077423512299315, 0.9958714968461114, 0.02388441899097906, 0.0, 0.0, 0.0, 1.0]}, {"left_foot_pose": [0.9998327655492438, 0.018101357273956196, 0.002604188739762411, -0.018919392352664374, -0.01828772632537193, 0.9896435344749823, 0.14237708290913106, -0.018004955013571113, -1.0349691282671185e-10, -0.142400897246843, 0.9898090646499934, 8.385878103034372e-11, 0.0, 0.0, 0.0, 1.0], "right_foot_pose": [0.9993857013104337, 0.03476811972763799, 0.0044043009498589865, -0.0007677589283188104, -0.03504596980924065, 0.9914769115576827, 0.12548033251537286, -0.1567831747503185, -4.0474789787452064e-06, -0.1255576031096621, 0.9920863310644767, 0.025000002746905635, 0.0, 0.0, 0.0, 1.0]}, {"left_foot_pose": [0.9998327655489352, 0.01812028028635132, 0.0024690842660464027, -0.01891939249367601, -0.01828772634224275, 0.9906780976381218, 0.13499061421204148, -0.018004955071137883, 6.19535366133821e-11, -0.1350131930681483, 0.9908438008574026, 3.941526480200075e-10, 0.0, 0.0, 0.0, 1.0], "right_foot_pose": [0.9989361465322957, 0.045567606624999424, 0.007082963904821671, -0.0010103962526280402, -0.04611480376082851, 0.9870995385672474, 0.15332294620971598, -0.16208722569859876, -5.030702667716449e-06, -0.15348646255222814, 0.988150750537536, 0.025000001719658486, 0.0, 0.0, 0.0, 1.0]}, {"left_foot_pose": [0.9998327655485137, 0.0181533054809291, 0.0022132410008550555, -0.018919392605493794, -0.01828772636529171, 0.992483658884963, 0.12100308223638656, -0.018004955111092357, 3.894480968714771e-10, -0.12102332149810476, 0.9926496641079205, 9.8161626743698e-10, 0.0, 0.0, 0.0, 1.0], "right_foot_pose": [0.9983722142609103, 0.05617166596197362, 0.009882597574684938, -0.001249883956073704, -0.05703439104755209, 0.983286955903878, 0.17289835333837036, -0.16732243052976664, -5.4407365368852085e-06, -0.1731805597991344, 0.9848900921818923, 0.02499255074703892, 0.0, 0.0, 0.0, 1.0]}, {"left_foot_pose": [0.9998327655481105, 0.018196228596377848, 0.0018270745157511325, -0.01891939275573342, -0.018287726387326942, 0.9948303624256877, 0.09989048533047713, -0.018004954785337174, 9.029928480899907e-10, -0.09990719323874737, 0.9949967601651558, 1.9205755111273426e-09, 0.0, 0.0, 0.0, 1.0], "right_foot_pose": [0.9977420959306263, 0.06608408840609678, 0.011983458077520236, -0.0014721343079683758, -0.06716181938252658, 0.9817448755503784, 0.17795024402287493, -0.17218079090117003, -5.018901084202352e-06, -0.1783532802897303, 0.983966517410376, 0.021837792974711508, 0.0, 0.0, 0.0, 1.0]}, {"left_foot_pose": [0.9998327655480186, 0.018241058939505148, 0.0013056436604427628, -0.01891939276185742, -0.018287726392379716, 0.9972813406584177, 0.0713826774361116, -0.01800495443288949, 1.5662631274709315e-09, -0.07139461704719784, 0.9974481483549335, 3.2240255881665902e-09, 0.0, 0.0, 0.0, 1.0], "right_foot_pose": [0.9971187736215543, 0.07479225304728243, 0.012659785762746328, -0.0016630562558703412, -0.07585612221025873, 0.9831427772055948, 0.16636143889643534, -0.1763543089872762, -3.830098362156051e-06, -0.16684243618630545, 0.9859835705896669, 0.014923779181144264, 0.0, 0.0, 0.0, 1.0]}, {"left_foot_pose": [0.9998327655486549, 0.01827614822781588, 0.0006506468200217332, -0.01891939254076893, -0.01828772635757338, 0.9991997575752088, 0.035572510823883303, -0.01800495416250603, 2.3358199039356694e-09, -0.035578460725552825, 0.9993668861496271, 4.81031945526178e-09, 0.0, 0.0, 0.0, 1.0], "right_foot_pose": [0.9965928631082738, 0.08163870947457763, 0.011738241647669265, -0.0018085581444335988, -0.08247827105697866, 0.9864522579691374, 0.1418071844126449, -0.17953499545083765, -2.2594482590408708e-06, -0.1422921777994697, 0.9898246996978702, 0.007129214022874877, 0.0, 0.0, 0.0, 1.0]}, {"left_foot_pose": [0.9998327655500856, 0.018287294831022798, -0.00012561939403278802, -0.018919392254728364, -0.01828772627936258, 0.9998091784184175, -0.006867737460097695, -0.018004954128309054, 3.0833862816548063e-09, 0.006868886230894671, 0.9999764089227046, 6.449851576439958e-09, 0.0, 0.0, 0.0, 1.0], "right_foot_pose": [0.9962613609520011, 0.08589158472623713, 0.009270185935683893, -0.001894550987283099, -0.08639039688249711, 0.9905099390458402, 0.10689602414444797, -0.1814148568806922, -7.423913972204123e-07, -0.10729723353666414, 0.9942269880036587, 0.0013328065862587488, 0.0, 0.0, 0.0, 1.0]}, {"left_foot_pose": [0.9998327655538315, 0.018261227752353486, -0.0009841168400182708, -0.018919390508087015, -0.018287726074559134, 0.9983840495393457, -0.05380379819715522, -0.018004953973891347, 3.1431370110137405e-09, 0.053812797607957354, 0.9985510416666774, 7.268370148805214e-09, 0.0, 0.0, 0.0, 1.0], "right_foot_pose": [0.9961927557240473, 0.08700468509436518, 0.005493470174532381, -0.0019118630759098645, -0.08717794126341882, 0.9942129345712926, 0.06277457517347636, -0.18179337579096083, 3.041699199590114e-09, -0.06301448645167969, 0.9980126123938668, 7.514603481140192e-09, 0.0, 0.0, 0.0, 1.0]}, {"left_foot_pose": [0.9998327655559406, 0.018194297736541496, -0.0018461989693967069, -0.01891938912400278, -0.018287725959246576, 0.9947248390445838, -0.10093588889472015, -0.01800495364786496, 2.357824001125659e-09, 0.10095277171827356, 0.9948912191201605, 7.280448924285032e-09, 0.0, 0.0, 0.0, 1.0], "right_foot_pose": [0.9961927557246331, 0.08716673689352973, 0.0013976484162516133, -0.0019118618446522565, -0.08717794125672655, 0.9960647217066014, 0.0159711217448421, -0.1817933751640497, 2.2862495830883097e-09, -0.01603215989453756, 0.9998714766654342, 7.28803423166724e-09, 0.0, 0.0, 0.0, 1.0]}, {"left_foot_pose": [0.9998327655532867, 0.018094187425318837, -0.0026535462092467455, -0.018919392065747692, -0.018287726104334375, 0.9892515754715996, -0.1450754269367909, -0.018004954087905478, 2.8022813024466794e-09, 0.1450996926543151, 0.9894170400754297, 6.896304888259763e-09, 0.0, 0.0, 0.0, 1.0], "right_foot_pose": [0.996192755735219, 0.08714144718720311, -0.0025222217962043124, -0.0019118650199524238, -0.08717794113575596, 0.9957757359410074, -0.028821698258000357, -0.18179337539728146, 2.7687265960340718e-09, 0.028931849115887025, 0.9995813864347092, 5.786863745138593e-09, 0.0, 0.0, 0.0, 1.0]}, {"left_foot_pose": [0.9997785302067236, 0.020695455651479615, -0.0038195095315751186, -0.01796634925960681, -0.021044964464500642, 0.9831994260175182, -0.18131739615798545, -0.01885526053598642, 2.8934480834988056e-06, 0.1813576212741044, 0.9834172121726505, 0.0028444570232716154, 0.0, 0.0, 0.0, 1.0], "right_foot_pose": [0.9961927557396503, 0.08697254610911168, -0.0059807721189812256, -0.0019118656312431077, -0.08717794108512038, 0.9938456843837777, -0.06834297491256906, -0.18179337576893917, 2.022914917867795e-09, 0.06860416791302992, 0.9976439586069575, 4.145982446246421e-09, 0.0, 0.0, 0.0, 1.0]}, {"left_foot_pose": [0.999585849242011, 0.02815107062810838, -0.005970529090442861, -0.01529328040870144, -0.028777247237859533, 0.97787896479294, -0.2071825288408758, -0.021240165298335154, 6.044803918542805e-06, 0.20726853943129053, 0.9782840857979247, 0.009617037107980508, 0.0, 0.0, 0.0, 1.0], "right_foot_pose": [0.9961927557405419, 0.08672889637981579, -0.008836964569581812, -0.0019118659903437374, -0.08717794107493507, 0.9910614698413165, -0.10098103577357698, -0.18179337577822263, 1.307332211291411e-09, 0.10136696468134204, 0.9948491033675869, 2.693303545464598e-09, 0.0, 0.0, 0.0, 1.0]}, {"left_foot_pose": [0.9991809507455998, 0.03945455109020221, -0.008986994235650119, -0.011251523347002954, -0.04046514043970651, 0.9742749877378795, -0.22169984365702863, -0.02484620836928829, 8.735890482277563e-06, 0.22188192054925665, 0.9750735424864417, 0.017439492202039122, 0.0, 0.0, 0.0, 1.0], "right_foot_pose": [0.9961927557394474, 0.08647049631472109, -0.011083622121467384, -0.0019118661897354933, -0.08717794108744291, 0.9881087007650781, -0.12665386713442284, -0.1817933755486422, 7.029218941839796e-10, 0.12713791228203913, 0.9918850494188148, 1.565273917425447e-09, 0.0, 0.0, 0.0, 1.0]}, {"left_foot_pose": [0.9984815889394038, 0.053708412824818565, -0.012244302384489073, -0.0061925512363065075, -0.055086445176165164, 0.9735454418100673, -0.22175381910734926, -0.029359807329436022, 1.0339112465616947e-05, 0.22209160074771053, 0.975025805181803, 0.023433116360779993, 0.0, 0.0, 0.0, 1.0], "right_foot_pose": [0.9961927557376163, 0.08624297341441832, -0.012733536528927362, -0.00191186626119074, -0.08717794110836513, 0.9855087685072038, -0.1455076416533541, -0.18179337523636438, 2.3265953398029553e-10, 0.1460637420171563, 0.9892751807601085, 7.88014140051807e-10, 0.0, 0.0, 0.0, 1.0]}, {"left_foot_pose": [0.9974321875730047, 0.07009664902595215, -0.014679611325351958, -0.0004678336681989766, -0.07161725410470877, 0.976284023640851, -0.20430485578696608, -0.03446738194687733, 1.038423980136814e-05, 0.20483155269382675, 0.9787972389178491, 0.025000004914211504, 0.0, 0.0, 0.0, 1.0], "right_foot_pose": [0.996192755736018, 0.08607894353896253, -0.013798873080584325, -0.0019118661995860403, -0.08717794112662886, 0.9836343787575622, -0.15768137336777233, -0.18179337506906504, -8.509560931040877e-11, 0.15828399920851396, 0.9873936274832642, 3.503247622549388e-10, 0.0, 0.0, 0.0, 1.0]}, {"left_foot_pose": [0.9960285840246937, 0.08762685758920777, -0.015766852406391526, 0.005571144433637244, -0.08903403687145225, 0.9803046271819756, -0.17628323290653974, -0.039855339073564935, 9.17262481408319e-06, 0.17698692537769328, 0.9842132025944456, 0.025000006458894865, 0.0, 0.0, 0.0, 1.0], "right_foot_pose": [0.9961927557352618, 0.08599455801281893, -0.014315355837853051, -0.0019118659927870449, -0.08717794113526896, 0.9826700948721547, -0.16358328528112617, -0.1817933751182593, -2.367237040394703e-10, 0.1642084670049953, 0.9864256583057179, 1.1881709505168203e-10, 0.0, 0.0, 0.0, 1.0]}, {"left_foot_pose": [0.9943323359912498, 0.1052201006744987, -0.015229445696853769, 0.011572908139527285, -0.1063165347019054, 0.9840874981329203, -0.142367799967089, -0.045210092519622165, 7.152868423774963e-06, 0.1431800490031307, 0.9896966573229894, 0.025000007226219027, 0.0, 0.0, 0.0, 1.0], "right_foot_pose": [0.9961927557354721, 0.08599484872759015, -0.014313609345118723, -0.001911865764928263, -0.08717794113286782, 0.982673416927278, -0.1635633279323402, -0.18179337516778488, -2.3919295127056916e-10, 0.1641884333830702, 0.9864289930568816, 1.1348163381219578e-10, 0.0, 0.0, 0.0, 1.0]}, {"left_foot_pose": [0.9924745792154043, 0.1218541017650381, -0.012074249220672047, 0.017185988505763174, -0.12245084561348663, 0.9876414965502062, -0.09782670750164406, -0.050218064964741196, 4.443998780398053e-06, 0.09856902239094166, 0.9951302165069387, 0.022459727676700132, 0.0, 0.0, 0.0, 1.0], "right_foot_pose": [0.9961927557360029, 0.08613722720175616, -0.013430246055152863, -0.0019118657135143416, -0.08717794112680624, 0.9843003933825337, -0.15346902673790602, -0.18179337529666523, 5.075562271778958e-11, 0.1540555538660713, 0.9880621874775991, 4.676341397447104e-10, 0.0, 0.0, 0.0, 1.0]}, {"left_foot_pose": [0.9906494902196581, 0.13622318081162663, -0.007538735775661415, 0.022058891643504892, -0.1364316221530038, 0.9891368008619086, -0.0547247810171069, -0.05456565540981417, 2.0572483106464366e-06, 0.05524159836783553, 0.998473017064325, 0.01583856487933892, 0.0, 0.0, 0.0, 1.0], "right_foot_pose": [0.9961927557376967, 0.0863031758803347, -0.012318898031152319, -0.0019118656737430713, -0.08717794110744931, 0.9861967093922259, -0.14076951718398292, -0.18179337546494537, 3.01541441699483e-10, 0.1413075094144453, 0.9899657508131715, 9.469128883776712e-10, 0.0, 0.0, 0.0, 1.0]}, {"left_foot_pose": [0.9890975388145058, 0.1472443999910429, -0.002268343529039419, 0.025840142193843174, -0.14726187120542583, 0.9889802342502066, -0.015232778849687188, -0.05793927497020687, 4.0553279072442415e-07, 0.015400744582154121, 0.9998814015002736, 0.007998179103426192, 0.0, 0.0, 0.0, 1.0], "right_foot_pose": [0.9961927557390611, 0.08651411650842639, -0.010737833011450575, -0.001911865653230767, -0.0871779410918574, 0.9886071537285531, -0.12270249461079966, -0.1817933755107865, 6.160291944319665e-10, 0.12317143841611608, 0.9923854073687828, 1.5423101129563577e-09, 0.0, 0.0, 0.0, 1.0]}, {"left_foot_pose": [0.9880786369256028, 0.15392238156897176, 0.0029167967669101644, 0.028178269697634522, -0.15395001543093206, 0.9879013078356719, 0.018718940284784134, -0.06002534070212151, -2.434716404270437e-07, -0.018944825908556163, 0.9998205306809997, 0.0018172765891883852, 0.0, 0.0, 0.0, 1.0], "right_foot_pose": [0.9961927557392425, 0.08673690982756702, -0.008757961304929588, -0.0019118656488616018, -0.08717794108978558, 0.9911530398293696, -0.10007826049820112, -0.18179337533560963, 9.135566344374053e-10, 0.10046073915000034, 0.9949410233222046, 2.165322962599525e-09, 0.0, 0.0, 0.0, 1.0]}, {"left_foot_pose": [0.987811753639653, 0.1554767418557272, 0.0074109455052923994, 0.028774105916751905, -0.15565326649754174, 0.986691486962079, 0.04703158710066682, -0.060556937791076806, 1.0863034599550497e-09, -0.04761189240609995, 0.9988659107715667, 2.34901551682265e-09, 0.0, 0.0, 0.0, 1.0], "right_foot_pose": [0.9961927557348524, 0.08693290547234216, -0.006531720105546824, -0.0019118661632076034, -0.08717794113994873, 0.9933927047401592, -0.07463873490105855, -0.18179337469542584, 1.0165257319530152e-09, 0.07492398891655246, 0.9971892477783907, 2.692715987684391e-09, 0.0, 0.0, 0.0, 1.0]}, {"left_foot_pose": [0.9878117536374674, 0.1552158312139054, 0.01166126563666007, 0.02877410466731377, -0.15565326651141057, 0.9850356874604694, 0.07400510153772366, -0.060556937525636644, 5.361802954251162e-10, -0.0749182232161012, 0.9971896809685422, 2.1754651552408077e-09, 0.0, 0.0, 0.0, 1.0], "right_foot_pose": [0.9961927557305242, 0.08707536329402098, -0.004227828903619996, -0.0019118673589988892, -0.08717794118940873, 0.9950205861090698, -0.048311901112864444, -0.18179337396951364, 4.5282115968086394e-10, 0.04849653932372352, 0.9988233505848885, 2.9489024139239817e-09, 0.0, 0.0, 0.0, 1.0]}, {"left_foot_pose": [0.987811753638204, 0.15486722476117767, 0.015623126095255832, 0.028774106016480314, -0.15565326650673703, 0.9828233497419901, 0.09914798952937463, -0.06055693796321865, 8.566834426936731e-10, -0.10037134001648718, 0.9949500460341193, 1.850552010240758e-09, 0.0, 0.0, 0.0, 1.0], "right_foot_pose": [0.9961927557338134, 0.08715358672886775, -0.0020605202654597515, -0.001911866093999166, -0.08717794115182248, 0.9959144550464407, -0.023545802302743044, -0.18179337486794808, 7.94194615691689e-10, 0.023635789596377424, 0.9997206357028725, 2.1523681725810206e-09, 0.0, 0.0, 0.0, 1.0]}, {"left_foot_pose": [0.987811753637326, 0.15449450391280242, 0.018957521902630496, 0.028774106651321546, -0.15565326651230793, 0.9804579768236468, 0.12030883719382528, -0.06055693799114316, 5.483429309066059e-10, -0.1217932836556233, 0.9925554876460972, 1.3906725562784494e-09, 0.0, 0.0, 0.0, 1.0], "right_foot_pose": [0.9960025543982336, 0.08932467475824413, 0.00011879194885528489, -0.001521413568184137, -0.08932475374829082, 0.9960016739281881, 0.0013243489170082, -0.18247014852650115, -1.99436309268331e-08, -0.001329665965833641, 0.9999991159938189, 0.0022503011403965587, 0.0, 0.0, 0.0, 1.0]}, {"left_foot_pose": [0.9878117536388078, 0.1541507156243993, 0.021575362001832236, 0.02877410679064867, -0.15565326650290529, 0.978276216847901, 0.13692225595838986, -0.06055693804801385, 2.2461632830905295e-10, -0.13861168934200677, 0.9903468077283616, 9.425002375773595e-10, 0.0, 0.0, 0.0, 1.0], "right_foot_pose": [0.9953334423302092, 0.09644324375344165, 0.0031684875587874865, -0.00021672626831784796, -0.09649527749203773, 0.9947970326220036, 0.032673005802815444, -0.18473159990260543, -9.113585830986237e-07, -0.03282627942320663, 0.999461072467757, 0.008710108638016432, 0.0, 0.0, 0.0, 1.0]}, {"left_foot_pose": [0.9878117536404989, 0.15388858392861152, 0.02337184430313138, 0.028774106673661017, -0.15565326649217176, 0.9766126685792786, 0.14832314789262568, -0.06055693821010291, -4.147082830394069e-11, -0.1501532527350226, 0.9886627335411674, 5.824889875993833e-10, 0.0, 0.0, 0.0, 1.0], "right_foot_pose": [0.9941814979857361, 0.10745189827325709, 0.007565620946840218, 0.001827094142498338, -0.10771791427436568, 0.9917280569123962, 0.06980194894946125, -0.18827422498864552, -2.686643153048301e-06, -0.0702107590774835, 0.9975321795824661, 0.016558462494442087, 0.0, 0.0, 0.0, 1.0]}, {"left_foot_pose": [0.9878117536413253, 0.15374814403568482, 0.024278541423089606, 0.02877410635942456, -0.15565326648692684, 0.9757214046192326, 0.1540772572439628, -0.060556938352594195, -2.000752383826572e-10, -0.15597835995244674, 0.9877604725977577, 3.634387790718563e-10, 0.0, 0.0, 0.0, 1.0], "right_foot_pose": [0.9925340886967733, 0.1212250217460495, 0.013437889623577962, 0.004425810922658324, -0.12196754793559753, 0.9864961955818289, 0.10931227448532647, -0.19277867316692837, -5.044138714497091e-06, -0.11013514518648225, 0.9939166211354497, 0.022916656991639785, 0.0, 0.0, 0.0, 1.0]}, {"left_foot_pose": [0.9878117536418759, 0.15379619273218387, 0.023972285415606195, 0.028774106038573073, -0.1556532664834319, 0.9760263326944485, 0.15213368634219135, -0.06055693824592228, -7.47578511287286e-11, -0.1540108080236956, 0.9880691630710319, 3.3072710542425554e-10, 0.0, 0.0, 0.0, 1.0], "right_foot_pose": [0.990401729305525, 0.1367871436381688, 0.019841671399759297, 0.007395189184948593, -0.13821871992035376, 0.9801513175197096, 0.14212311644470882, -0.19792558787972112, -7.225220840852862e-06, -0.14350147072308542, 0.9896501037478386, 0.025000006023112767, 0.0, 0.0, 0.0, 1.0]}, {"left_foot_pose": [0.9878117536393448, 0.1539629983659753, 0.02287650554874342, 0.028774105924879605, -0.15565326649949532, 0.9770849197105068, 0.14517961393511972, -0.06055693824790147, 7.571440947719374e-11, -0.14697093184868953, 0.9891408116095145, 5.986304021932121e-10, 0.0, 0.0, 0.0, 1.0], "right_foot_pose": [0.9878438741110592, 0.15317913515993775, 0.02646947171568633, 0.010550972601843843, -0.1554492853092858, 0.9734272769282419, 0.16815128970335091, -0.20339560513620905, -8.836641142262988e-06, -0.17022188191804716, 0.9854057594910801, 0.025000005575516182, 0.0, 0.0, 0.0, 1.0]}, {"left_foot_pose": [0.9878117536358095, 0.15425854422952465, 0.020790404304276738, 0.02877410583382426, -0.15565326652193134, 0.978960521956687, 0.13194073317722527, -0.06055693825480215, 3.750893461181713e-10, -0.13356870135806176, 0.9910395562325057, 1.130238042046372e-09, 0.0, 0.0, 0.0, 1.0], "right_foot_pose": [0.9849842171517921, 0.16954471699154602, 0.03256809638477, 0.013708923516242167, -0.17264440874606715, 0.9673100133442725, 0.1857558780028889, -0.20886937926514762, -9.517983033633333e-06, -0.18858930782035302, 0.9820560436580229, 0.02500000443339473, 0.0, 0.0, 0.0, 1.0]}, {"left_foot_pose": [0.9878117536321105, 0.15465066987120146, 0.017638301920669817, 0.028774105676731394, -0.1556532665454084, 0.9814490418340719, 0.11193676293661023, -0.060556937943664166, 8.517390461135927e-10, -0.11331790940258125, 0.9935587810535568, 1.9865151884568277e-09, 0.0, 0.0, 0.0, 1.0], "right_foot_pose": [0.9820155407291193, 0.18521654947258168, 0.03661021125268192, 0.016684806028089007, -0.1888000998066045, 0.9633853946160339, 0.19037621635468094, -0.21402755698963002, -8.916919781