{"LoopMode": "Wrap", "FrameDuration": 0.0167, "EnableCycleOffsetPosition": true, "EnableCycleOffsetRotation": false, "Debug_info": [{"left_foot_pose": [1.0000000000000004, 1.039812278773907e-13, -8.526845896028593e-12, 1.596350108722361e-12, -2.127343921555938e-14, 0.9999533338064633, 0.009660756147463668, -1.986258379993444e-14, 8.52719345489325e-12, -0.009660756147463838, 0.9999533338064635, 1.805674360033649e-11, 0.0, 0.0, 0.0, 1.0], "right_foot_pose": [0.9999999999999998, -1.8584955312420756e-13, -8.589795541524835e-12, 1.8785419137053327e-12, 5.88932121586797e-14, 0.9998906941749044, -0.01478511759939732, -0.14000000000223808, 8.591554727254782e-12, 0.014785117599397173, 0.9998906941749042, 1.4987962260182286e-11, 0.0, 0.0, 0.0, 1.0]}, {"left_foot_pose": [1.0000000000000002, 1.608007650495889e-13, -1.904693069931796e-11, 3.1550135044364446e-12, -3.328070804103641e-14, 0.9999777047255985, 0.006677578282917653, 8.666435624693491e-13, 1.9047363577268613e-11, -0.006677578282917825, 0.9999777047255988, 3.930356040626748e-11, 0.0, 0.0, 0.0, 1.0], "right_foot_pose": [1.0, -5.025771855407348e-13, -1.916289349424005e-11, 3.977643913448428e-12, 1.6204531028220246e-13, 0.9998421094921285, -0.017769526902275463, -0.14000000000407065, 1.9168679629039963e-11, 0.01776952690227531, 0.9998421094921284, 3.451369051665765e-11, 0.0, 0.0, 0.0, 1.0]}, {"left_foot_pose": [1.0000000000000007, 8.63390373920976e-14, -3.3471836413667695e-11, 5.1453269236670026e-12, -1.5607246950457222e-15, 0.9999968173614218, 0.0025229480827209947, 2.475564891968318e-12, 3.347170018204977e-11, -0.0025229480827211677, 0.9999968173614222, 6.832234084042099e-11, 0.0, 0.0, 0.0, 1.0], "right_foot_pose": [1.0, -1.0944514995414696e-12, -3.367972567502874e-11, 6.767756999172866e-12, 3.557515777660655e-13, 0.9997595703719364, -0.02192718517551863, -0.14000000000617202, 3.369554581283089e-11, 0.021927185175518477, 0.9997595703719364, 6.158350218665731e-11, 0.0, 0.0, 0.0, 1.0]}, {"left_foot_pose": [1.0000000000000007, -2.6536233394254794e-13, -5.159389582232166e-11, 7.49914209868359e-12, 1.222216232173459e-13, 0.9999961336165345, -0.0027807826205570032, 4.950262422198648e-12, 5.1594145652526623e-11, 0.002780782620556828, 0.9999961336165349, 1.0486391616160162e-10, 0.0, 0.0, 0.0, 1.0], "right_foot_pose": [0.9999999999999998, -2.10207186988901e-12, -5.196149066577503e-11, 1.0177172429077337e-11, 6.860843167507998e-13, 0.9996290040181529, -0.02723700287615095, -0.1400000000083316, 5.1999291339062754e-11, 0.027237002876150804, 0.9996290040181528, 9.582294679955083e-11, 0.0, 0.0, 0.0, 1.0]}, {"left_foot_pose": [1.0000000000000002, -1.0771371444366463e-12, -7.360761999919417e-11, 1.0193999113902876e-11, 3.986305684925386e-13, 0.9999574782166845, -0.009221808853464231, 8.523489206102575e-12, 7.361409592596645e-11, 0.009221808853464056, 0.9999574782166848, 1.4952127730394338e-10, 0.0, 0.0, 0.0, 1.0], "right_foot_pose": [0.9999999999999998, -3.719339391592543e-12, -7.423900383329849e-11, 1.4203968427458569e-11, 1.2162721891531046e-12, 0.9994323722724865, -0.033688770440457275, -0.14000000001034565, 7.43221667665586e-11, 0.03368877044045714, 0.9994323722724865, 1.376266253738656e-10, 0.0, 0.0, 0.0, 1.0]}, {"left_foot_pose": [1.0000000000000007, -2.591468809853985e-12, -1.0015133167229348e-10, 1.325147672376593e-11, 9.077269886570177e-13, 0.999858673828344, -0.016811673629535347, 1.3552957367490848e-11, 1.0018042096444933e-10, 0.01681167362953517, 0.9998586738283441, 2.0384829241271163e-10, 0.0, 0.0, 0.0, 1.0], "right_foot_pose": [0.9999999999999998, -6.2192743321884815e-12, -1.0120160265358887e-10, 1.891905297364605e-11, 2.0348100429556066e-12, 0.9991469562228369, -0.04129600308311049, -0.14000000001198754, 1.0137199491869051e-10, 0.04129600308311036, 0.999146956222837, 1.882656808227523e-10, 0.0, 0.0, 0.0, 1.0]}, {"left_foot_pose": [1.0000000000000004, -5.148516297558371e-12, -1.3232109852268074e-10, 1.673082438190838e-11, 1.761157832149027e-12, 0.9996725398559756, -0.025589315307435988, 2.056431414043658e-11, 1.3240917285255205e-10, 0.02558931530743581, 0.9996725398559758, 2.7044097516970567e-10, 0.0, 0.0, 0.0, 1.0], "right_foot_pose": [1.0, -9.99467196619104e-12, -1.3401696419279566e-10, 2.4461408717362612e-11, 3.267931558657545e-12, 0.9987442027448608, -0.050100074685896605, -0.14000000001295626, 1.3434931587796842e-10, 0.050100074685896466, 0.998744202744861, 2.499346007933667e-10, 0.0, 0.0, 0.0, 1.0]}, {"left_foot_pose": [1.0000000000000004, -9.238795823246817e-12, -1.7165741050817458e-10, 2.0718260311017808e-11, 3.1185780089497427e-12, 0.9993653538611671, -0.03562147529152918, 3.030202651299607e-11, 1.7187703548557658e-10, 0.03562147529152901, 0.9993653538611673, 3.5301407630417003e-10, 0.0, 0.0, 0.0, 1.0], "right_foot_pose": [1.0, -1.5614226714458508e-11, -1.7432999488420357e-10, 3.10277747330197e-11, 5.09643604335515e-12, 0.9981880989697511, -0.06017074933183626, -0.14000000001280724, 1.7495365975131884e-10, 0.060170749331836124, 0.9981880989697511, 3.257718747540217e-10, 0.0, 0.0, 0.0, 1.0]}, {"left_foot_pose": [1.0000000000000004, -1.5571448493923376e-11, -2.201326898543241e-10, 2.5316669731950326e-11, 5.208163394105664e-12, 0.9988948494645193, -0.04700084800571154, 4.3786320055860806e-11, 2.2062110250645982e-10, 0.04700084800571135, 0.9988948494645196, 4.565207517570613e-10, 0.0, 0.0, 0.0, 1.0], "right_foot_pose": [0.9999999999999998, -2.389615334789407e-11, -2.2426244195017362e-10, 3.886112716316117e-11, 7.776690696520903e-12, 0.9974331045339828, -0.0716044829581305, -0.1400000000108617, 2.253976464851097e-10, 0.07160448295813036, 0.9974331045339825, 4.198981995440221e-10, 0.0, 0.0, 0.0, 1.0]}, {"left_foot_pose": [1.0000000000000007, -2.514972770984205e-11, -2.8003277474652986e-10, 3.062397905749471e-11, 8.34749678732071e-12, 0.9982079076651093, -0.05984123223034239, 6.23439286306926e-11, 2.810354044714304e-10, 0.05984123223034219, 0.9982079076651094, 5.871442498861512e-10, 0.0, 0.0, 0.0, 1.0], "right_foot_pose": [0.9999999999999999, -3.5988629984383936e-11, -2.8630942061624844e-10, 4.822182368825653e-11, 1.1661121125916746e-11, 0.9964218057033271, -0.08451973212760017, -0.14000000000610102, 2.8832649464820885e-10, 0.08451973212760004, 0.996421805703327, 5.373031256028504e-10, 0.0, 0.0, 0.0, 1.0]}, {"left_foot_pose": [1.0000000000000007, -3.930766238027275e-11, -3.534693648887804e-10, 3.667292863272271e-11, 1.2948477090400883e-11, 0.9972384197208324, -0.07426664279942988, 8.750641010413229e-11, 3.554121645874378e-10, 0.07426664279942968, 0.9972384197208324, 7.516261779638711e-10, 0.0, 0.0, 0.0, 1.0], "right_foot_pose": [0.9999999999999998, -5.340044627756139e-11, -3.6286063043178243e-10, 5.92997134564854e-11, 1.719798232461251e-11, 0.9950828386460703, -0.09904617222325623, -0.13999999999707569, 3.6636516135107995e-10, 0.09904617222325608, 0.9950828386460703, 6.830855325823393e-10, 0.0, 0.0, 0.0, 1.0]}, {"left_foot_pose": [1.0000000000000004, -5.956431105442012e-11, -4.41032876885571e-10, 4.328049976578025e-11, 1.9457256265065357e-11, 0.9959067245724366, -0.09038692356420704, 1.2052556695729688e-10, 4.446111961734635e-10, 0.09038692356420684, 0.9959067245724367, 9.548206877929566e-10, 0.0, 0.0, 0.0, 1.0], "right_foot_pose": [0.9999999999999999, -7.78140531019049e-11, -4.548164622697466e-10, 7.198834434761553e-11, 2.485471856198893e-11, 0.9933306896737405, -0.11530022095508452, -0.13999999998197307, 4.607549326130829e-10, 0.11530022095508437, 0.9933306896737403, 8.600725479035454e-10, 0.0, 0.0, 0.0, 1.0]}, {"left_foot_pose": [1.0000000000000002, -8.686732317386651e-11, -5.38270594763189e-10, 4.9645122099416117e-11, 2.80939097819157e-11, 0.9941245996821839, -0.1082417678474376, 1.60855297831608e-10, 5.445108521583539e-10, 0.10824176784743739, 0.994124599682184, 1.1922753756499205e-09, 0.0, 0.0, 0.0, 1.0], "right_foot_pose": [0.9999999999999998, -1.1017796477431308e-10, -5.579087192231207e-10, 8.530857115110736e-11, 3.48092624361928e-11, 0.9910719132968655, -0.1333284016032983, -0.13999999995925727, 5.67617411290795e-10, 0.13332840160329815, 0.9910719132968655, 1.0621044738146068e-09, 0.0, 0.0, 0.0, 1.0]}, {"left_foot_pose": [1.0000000000000004, -1.190519084562771e-10, -6.269240682144051e-10, 5.329555200948377e-11, 3.8036542127782046e-11, 0.9918162805125531, -0.1276732771970922, 2.0209797030323884e-10, 6.369930128474697e-10, 0.12767327719709204, 0.9918162805125533, 1.4295227640515051e-09, 0.0, 0.0, 0.0, 1.0], "right_foot_pose": [0.9999999999999999, -1.4770017375446762e-10, -6.533923957441337e-10, 9.595943896140223e-11, 4.6007254518552995e-11, 0.988229628886754, -0.15297777809325352, -0.13999999993001536, 6.682962971024592e-10, 0.15297777809325333, 0.9882296288867539, 1.2562008169791916e-09, 0.0, 0.0, 0.0, 1.0]}, {"left_foot_pose": [1.0000000000000007, -1.441708240696279e-10, -6.564985222112769e-10, 4.783534751017429e-11, 4.539738229108909e-11, 0.9889819852361129, -0.14803591752827375, 2.2331186552704274e-10, 6.706073278053924e-10, 0.14803591752827353, 0.9889819852361129, 1.5531637156951383e-09, 0.0, 0.0, 0.0, 1.0], "right_foot_pose": [0.9999999999999998, -1.7600628164018417e-10, -6.881986647222495e-10, 9.52779687290126e-11, 5.386246689038643e-11, 0.9848162084731859, -0.17360021753586277, -0.13999999990423934, 7.083037803430341e-10, 0.1736002175358626, 0.9848162084731859, 1.3424323180855069e-09, 0.0, 0.0, 0.0, 1.0]}, {"left_foot_pose": [0.9999999972768974, 7.269996341843039e-05, -1.2685493357257616e-05, 2.1385856882796485e-05, -7.379772024640557e-05, 0.9858533753484039, -0.16761001422366315, -1.7697398860649916e-05, 3.207945414401727e-07, 0.16761001470340406, 0.9858533780289149, 0.0001638612280786475, 0.0, 0.0, 0.0, 1.0], "right_foot_pose": [0.9999999999999998, -1.607928812103955e-10, -5.661519031363574e-10, 4.120710180442483e-11, 4.826455934201973e-11, 0.9811203747152168, -0.1933980618276011, -0.1399999999763859, 5.865600316949938e-10, 0.19339806182760103, 0.9811203747152166, 1.0793836310862837e-09, 0.0, 0.0, 0.0, 1.0]}, {"left_foot_pose": [0.9999978289048661, 0.002047218152317871, -0.0003886944707170276, 0.000603966834365741, -0.002083790377399836, 0.9826068968260059, -0.18568614414552087, -0.0004997869089690722, 1.7938227559146418e-06, 0.18568655096103445, 0.9826090294664395, 0.004191209248758654, 0.0, 0.0, 0.0, 1.0], "right_foot_pose": [1.0, -1.1657122682286422e-10, -3.702321227372345e-10, -5.632607737827196e-11, 3.6131745688491764e-11, 0.9776516528769773, -0.21023140970586376, -0.14000000018224507, 3.864645946272045e-10, 0.21023140970586357, 0.9776516528769774, 6.31072430423707e-10, 0.0, 0.0, 0.0, 1.0]}, {"left_foot_pose": [0.9999791162579813, 0.006330247781735911, -0.001301925854090901, 0.0018732103663566544, -0.006462742272737675, 0.979577693407202, -0.2009621246437818, -0.0015500873018078586, 3.1974813981635574e-06, 0.20096634181386808, 0.9795981469193011, 0.011469802626020764, 0.0, 0.0, 0.0, 1.0], "right_foot_pose": [1.0, -6.068567448796114e-11, -1.6246259892938008e-10, -8.669276151647397e-11, 2.2923691320586498e-11, 0.9748122261755807, -0.22302718152415596, -0.14000000020625408, 1.719049092281094e-10, 0.22302718152415577, 0.9748122261755806, 2.969765336424679e-10, 0.0, 0.0, 0.0, 1.0]}, {"left_foot_pose": [0.9999193273031934, 0.01241676910214633, -0.0026763278188228906, 0.003681726219423743, -0.012701923737932937, 0.9775433919607842, -0.21035108263843455, -0.0030466325612392674, 4.345750503224403e-06, 0.21036810756117405, 0.977622247753316, 0.01912092688709959, 0.0, 0.0, 0.0, 1.0], "right_foot_pose": [1.0000000000000002, -1.3053705362937524e-11, 2.8207436386652075e-12, -7.315809759093812e-11, 1.3352297601779995e-11, 0.9728915093413055, -0.23126199655714436, -0.1400000001157997, 2.74171544711437e-13, 0.23126199655714422, 0.9728915093413055, 8.174649845926751e-11, 0.0, 0.0, 0.0, 1.0]}, {"left_foot_pose": [0.9997940899949921, 0.019841230108742197, -0.004254785406872169, 0.0058821268694277, -0.02029230361599772, 0.9776215179822181, -0.20939052030142305, -0.004867461575933235, 5.004272265057735e-06, 0.20943374409563606, 0.9778228401960358, 0.024265878063706336, 0.0, 0.0, 0.0, 1.0], "right_foot_pose": [1.0, 1.1628505771694228e-11, 9.458017702357318e-11, -1.9657378893687987e-11, 1.088626219567146e-11, 0.9720880024349888, -0.23461652866316407, -0.14000000002203863, -9.466879256157958e-11, 0.23461652866316396, 0.9720880024349887, -6.3469576816466144e-12, 0.0, 0.0, 0.0, 1.0]}, {"left_foot_pose": [0.9995873632290031, 0.02817166943736301, -0.005608949456204294, 0.008327023488618223, -0.028724610491864373, 0.9803795211039992, -0.1950151054456676, -0.006890613319831922, 4.998095862025334e-06, 0.19509574993065856, 0.9807842006955527, 0.0250000014455617, 0.0, 0.0, 0.0, 1.0], "right_foot_pose": [0.9999999999999998, 4.435120424336519e-12, 9.378225973577512e-11, 9.011277535769853e-11, 1.752873568156377e-11, 0.972500799997727, -0.23289953628932222, -0.14000000001866142, -9.223636672677201e-11, 0.23289953628932208, 0.9725007999977271, 5.262807550865389e-11, 0.0, 0.0, 0.0, 1.0]}, {"left_foot_pose": [0.9992970175449241, 0.036919128938517246, -0.006515262407741043, 0.01086902309756011, -0.03748960796917322, 0.9841115123921269, -0.17354843840150003, -0.008994118017999955, 4.487567290171232e-06, 0.1736706915276802, 0.9848037829355448, 0.025000002125028273, 0.0, 0.0, 0.0, 1.0], "right_foot_pose": [0.9999999999999999, -3.1707393243491865e-11, 5.4483084710456685e-12, 2.374456019959571e-10, 3.2117564705726643e-11, 0.9740196463668785, -0.2264635257416553, -0.1400000000142921, 1.8735659912937195e-12, 0.22646352574165513, 0.9740196463668785, 2.416642927438595e-10, 0.0, 0.0, 0.0, 1.0]}, {"left_foot_pose": [0.9989378263087304, 0.04557899809372609, -0.006765656092469207, 0.013360737555673144, -0.04607840227914356, 0.9881226770915854, -0.14659589305557216, -0.011056012184426572, 3.6042802435640375e-06, 0.14675193337783127, 0.9891733265898744, 0.024910271451604862, 0.0, 0.0, 0.0, 1.0], "right_foot_pose": [1.0, -9.504355002562229e-11, -1.7806339736026137e-10, 3.7995499048943927e-10, 5.4478860043740325e-11, 0.9765493430035896, -0.21529370794163366, -0.14000000003526017, 1.9434965506679067e-10, 0.2152937079416335, 0.9765493430035895, 5.799884184032322e-10, 0.0, 0.0, 0.0, 1.0]}, {"left_foot_pose": [0.9985418647751685, 0.053643635675523556, -0.006041907218916548, 0.01565477799444391, -0.0539828147227382, 0.9922729847277133, -0.11171472371252998, -0.012954335966154647, 2.437371135096569e-06, 0.11187798769672291, 0.9937219509817588, 0.021163834524118616, 0.0, 0.0, 0.0, 1.0], "right_foot_pose": [0.9999999999999998, -1.82902658229123e-10, -4.775699280479264e-10, 4.6023934557785843e-10, 8.424955912375835e-11, 0.9800158038116418, -0.1989196427691895, -0.14000000025928158, 5.044088015830113e-10, 0.1989196427691894, 0.9800158038116418, 1.0930329627512059e-09, 0.0, 0.0, 0.0, 1.0]}, {"left_foot_pose": [0.9981563205299298, 0.060533826715649657, -0.004428951265559993, 0.017603749291828084, -0.06069563233477639, 0.9954969193704993, -0.0728143099900582, -0.014567113411721719, 1.2785175491153878e-06, 0.07294888173924505, 0.9973356810278876, 0.013996813251925998, 0.0, 0.0, 0.0, 1.0], "right_foot_pose": [0.9999999999999997, -2.6690792872181016e-10, -8.505917081791366e-10, 5.046637256788045e-10, 1.118693343446485e-10, 0.9841568322970642, -0.17730011123236428, -0.1400000004255879, 8.844382580160908e-10, 0.1773001112323641, 0.984156832297064, 1.7558179007948205e-09, 0.0, 0.0, 0.0, 1.0]}, {"left_foot_pose": [0.99783872732691, 0.06567119522647198, -0.002273403646488835, 0.01906026356639038, -0.06571053375560834, 0.9972415718879195, -0.034516272279394244, -0.015772377970576682, 4.0777060979082473e-07, 0.0345910597703924, 0.9994015502208288, 0.006287911396870391, 0.0, 0.0, 0.0, 1.0], "right_foot_pose": [1.0000000000000002, -3.2060760974578625e-10, -1.254426174046584e-09, 4.841508127428449e-10, 1.2779768521076447e-10, 0.9885670824420096, -0.1507817081482142, -0.14000000042637106, 1.2884259447901196e-09, 0.150781708148214, 0.9885670824420097, 2.4949287288911215e-09, 0.0, 0.0, 0.0, 1.0]}, {"left_foot_pose": [0.9976496271465144, 0.0685216005885362, 0.00010819984816026481, 0.019876933020796236, -0.06852168601561069, 0.9976483835063059, 0.0015752564343619409, -0.016448166343726766, -6.311393035097439e-09, -0.0015789680304240904, 0.9999987534292032, 0.0009158371918732491, 0.0, 0.0, 0.0, 1.0], "right_foot_pose": [0.9999999999999998, -3.137069498652083e-10, -1.5925909480074535e-09, 3.9352915071985473e-10, 1.2012349796283662e-10, 0.9927586314221811, -0.12012618256133076, -0.1400000001756077, 1.6187425760084967e-09, 0.12012618256133058, 0.992758631422181, 3.156724180664039e-09, 0.0, 0.0, 0.0, 1.0]}, {"left_foot_pose": [0.9976204443106588, 0.06890022111463444, 0.0024917110102628155, 0.020000000365911985, -0.06894526157325198, 0.9969687193806583, 0.03605445164035709, -0.016549999825806273, 1.755218775585324e-09, -0.03614044973219788, 0.9993467205595642, 3.3632929150040347e-09, 0.0, 0.0, 0.0, 1.0], "right_foot_pose": [0.9999999999999998, -2.3294972637770413e-10, -1.7194177193147185e-09, 2.964712149910635e-10, 8.250447639351983e-11, 0.9962096821453831, -0.08698430433011972, -0.13999999995832332, 1.733163380788369e-09, 0.08698430433011958, 0.9962096821453832, 3.434772473387415e-09, 0.0, 0.0, 0.0, 1.0]}, {"left_foot_pose": [0.9976204443090301, 0.06877696385294546, 0.004814388831868874, 0.020000000297865493, -0.0689452615968186, 0.9951852169879692, 0.06966300877765289, -0.01654999994047964, 1.642280002586661e-09, -0.06982917106610809, 0.9975589641059927, 3.107408108604659e-09, 0.0, 0.0, 0.0, 1.0], "right_foot_pose": [1.0, -1.3732994908833443e-10, -1.595486909256038e-09, 2.1210931082839745e-10, 5.140551803679918e-11, 0.9985554800380878, -0.05373037582135578, -0.14000000005504723, 1.6005608380908675e-09, 0.05373037582135563, 0.9985554800380879, 3.2058748572483253e-09, 0.0, 0.0, 0.0, 1.0]}, {"left_foot_pose": [0.9976204443086253, 0.06859393735309274, 0.0069513204401700735, 0.02000000027237661, -0.0689452616026794, 0.9925368696661976, 0.10058386180578074, -0.016549999979437353, 1.285704590110462e-09, -0.10082377751119205, 0.9949042998642507, 2.423123285355544e-09, 0.0, 0.0, 0.0, 1.0], "right_foot_pose": [0.9999999989689523, 4.5397044532732976e-05, -1.0968529955415195e-06, 1.5744406990958353e-07, -4.541025770471173e-05, 0.9997377066886669, -0.022902309114882176, -0.14000277396342492, 5.686815141945887e-08, 0.022902309141077035, 0.9997377077193814, 3.7401747950804864e-05, 0.0, 0.0, 0.0, 1.0]}, {"left_foot_pose": [0.9976204443084286, 0.06838507790142333, 0.008770987303089032, 0.020000000683683954, -0.06894526160552765, 0.9895147267591107, 0.12691397255223094, -0.016549999777707027, 7.951394043745618e-10, -0.12721669170065464, 0.9918749484449852, 1.6785332984659007e-09, 0.0, 0.0, 0.0, 1.0], "right_foot_pose": [0.9999890899432787, 0.004671116254916414, 2.5833038658360982e-05, 1.617047894093522e-05, -0.004671187685666298, 0.9999739568271994, 0.0055014246299932845, -0.1402854108255431, -1.3457186986983174e-07, -0.005501485280110742, 0.9999848667153393, 0.003492990601918669, 0.0, 0.0, 0.0, 1.0]}, {"left_foot_pose": [0.9976204443091895, 0.06818268975244625, 0.010225943206259998, 0.020000000792755403, -0.06894526159451388, 0.9865862225918813, 0.1479668080873137, -0.016549999824742728, 2.8917364627546644e-10, -0.14831974315648483, 0.9889394591126371, 1.0398853445003908e-09, 0.0, 0.0, 0.0, 1.0], "right_foot_pose": [0.9998733645953046, 0.015905019580505917, 0.0005339709810076794, 5.508606088539062e-05, -0.015913980360977447, 0.9993132853773113, 0.033461961948974356, -0.1409723969975257, -1.3911353264390842e-06, -0.03346622208358629, 0.9994398491042458, 0.01053849794009485, 0.0, 0.0, 0.0, 1.0]}, {"left_foot_pose": [0.997620444310135, 0.0680145336610925, 0.011290363382722967, 0.020000000640209212, -0.06894526158083508, 0.9841530477620795, 0.16336869187871186, -0.01654999999910235, -1.404951419928539e-10, -0.1637583640351706, 0.9865004805921413, 5.364058849877118e-10, 0.0, 0.0, 0.0, 1.0], "right_foot_pose": [0.9994754798257469, 0.03232458933639635, 0.001971332373438126, 0.00011210687779676372, -0.03238464475585306, 0.997628271741024, 0.06073768358321682, -0.1419790793337866, -3.336229668863476e-06, -0.06076966634144967, 0.9981518159286284, 0.018295208460465638, 0.0, 0.0, 0.0, 1.0]}, {"left_foot_pose": [0.9976204443105544, 0.06790185330075196, 0.011949368683561648, 0.020000000304295523, -0.0689452615747629, 0.9825225923807646, 0.1729043272095006, -0.016550000168990334, -4.3504195784771143e-10, -0.17331674408350103, 0.9848661361932877, 1.983573028052632e-10, 0.0, 0.0, 0.0, 1.0], "right_foot_pose": [0.9986110070583851, 0.05249753412508758, 0.004479452268191502, 0.00018244100308414848, -0.0526882961590441, 0.9950042413213728, 0.08479683484857604, -0.14322080370795665, -5.449274484729081e-06, -0.08491506735123701, 0.9963881930789024, 0.023884417530635485, 0.0, 0.0, 0.0, 1.0]}, {"left_foot_pose": [0.9976204443099969, 0.06785839126625248, 0.012193761908524762, 0.019999999938885134, -0.06894526158283515, 0.9818937079817027, 0.17644063344711208, -0.01655000019425834, -5.54888348329027e-10, -0.17686148523830733, 0.9842357517583381, 7.382541106215612e-11, 0.0, 0.0, 0.0, 1.0], "right_foot_pose": [0.9971515047979218, 0.0750334268988562, 0.007672113597575288, 0.0002612985339483445, -0.07542464073191305, 0.991988961127001, 0.10133619576752921, -0.14461291152797853, -7.049959976218952e-06, -0.10162620651184028, 0.9948226545974465, 0.025000001242214145, 0.0, 0.0, 0.0, 1.0]}, {"left_foot_pose": [0.9976204443085063, 0.06788505466321233, 0.012044436519499916, 0.019999999647398816, -0.06894526160440285, 0.9822795200984256, 0.1742799337201742, -0.016550000164957456, -4.969355729807898e-10, -0.17469563173869182, 0.9846224841285216, 1.3184397323895425e-10, 0.0, 0.0, 0.0, 1.0], "right_foot_pose": [0.9950682801887422, 0.09857709100544122, 0.01103063421220149, 0.00034387834257831374, -0.09919232682444562, 0.9889051916813854, 0.11057759341184135, -0.14607074746842316, -7.833951062754385e-06, -0.11112640997758871, 0.9938062793845298, 0.02500000107554258, 0.0, 0.0, 0.0, 1.0]}, {"left_foot_pose": [0.9976204443063535, 0.0679787121061976, 0.011504077641317254, 0.019999999393847667, -0.06894526163555192, 0.9836347184790528, 0.1664610810389033, -0.016550000121002807, -2.6724828097531126e-10, -0.166858129268603, 0.9859809149760372, 3.793514669059306e-10, 0.0, 0.0, 0.0, 1.0], "right_foot_pose": [0.9924566413111213, 0.1218042925575237, 0.013911485614759477, 0.00042538667588598535, -0.1225961461824566, 0.9860534075830026, 0.11255604086479841, -0.1475096607559169, -7.658864363194406e-06, -0.11341248479999749, 0.9935479898992461, 0.02499255099068666, 0.0, 0.0, 0.0, 1.0]}, {"left_foot_pose": [0.9976204443040062, 0.06813314299655474, 0.010551015689927473, 0.019999999214749143, -0.06894526166951598, 0.9858692928493274, 0.15267052207315515, -0.016549999810821933, 1.346977226289854e-10, -0.15303467660036696, 0.988220819330286, 8.485021504855972e-10, 0.0, 0.0, 0.0, 1.0], "right_foot_pose": [0.9895405920895678, 0.14345296786748316, 0.01518758101338682, 0.000501033862550409, -0.14425469339519856, 0.9840456558695677, 0.10413803626768307, -0.1488449952534869, -6.362748899655642e-06, -0.10523969390986901, 0.9944468848486944, 0.021837793403092637, 0.0, 0.0, 0.0, 1.0]}, {"left_foot_pose": [0.9976204443027418, 0.06833120278338567, 0.009181276347902747, 0.019999999248886357, -0.06894526168781068, 0.9887351665063647, 0.13285074860320215, -0.016549999539817808, 6.441449612496986e-10, -0.13316762834791276, 0.9910935287651683, 1.5262437008667362e-09, 0.0, 0.0, 0.0, 1.0], "right_foot_pose": [0.9866581715100987, 0.16219043545070816, 0.014139138610887211, 0.0005660139039682544, -0.1628055667783388, 0.9829325457157914, 0.08566188183000394, -0.14999209813253714, -4.2815934923506305e-06, -0.08682092616980898, 0.9962239340432874, 0.01492378017571009, 0.0, 0.0, 0.0, 1.0]}, {"left_foot_pose": [0.9976204443054179, 0.06854566267219529, 0.007412235337001769, 0.019999999675461975, -0.06894526164908973, 0.9918383465929006, 0.10725318234905805, -0.016549999454399868, 1.2166082945729814e-09, -0.10750900593295167, 0.9942041106550049, 2.3239009536157873e-09, 0.0, 0.0, 0.0, 1.0], "right_foot_pose": [0.9842278942040598, 0.1765686823803633, 0.010906542674214616, 0.0006155321096924424, -0.17690520700709075, 0.9823563420153, 0.0606676605457773, -0.15086631956147006, -2.102479808264852e-06, -0.061640227974770846, 0.998098433167189, 0.007129215217711343, 0.0, 0.0, 0.0, 1.0]}, {"left_foot_pose": [0.9976204443089084, 0.06874111963726282, 0.005301657091209681, 0.020000000023720987, -0.06894526159858427, 0.9946665600927628, 0.07671365677853008, -0.016549999640415886, 1.6367194909719628e-09, -0.07689663649501785, 0.9970390700949255, 3.0802208561553357e-09, 0.0, 0.0, 0.0, 1.0], "right_foot_pose": [0.9826967836661855, 0.18512729616302664, 0.005908941318099591, 0.0006447962817724916, -0.18522157372160972, 0.9821966736961609, 0.03134745297926765, -0.1513830072900811, -4.732960538937196e-07, -0.03189950462882049, 0.9994910813029858, 0.001332806142001812, 0.0, 0.0, 0.0, 1.0]}, {"left_foot_pose": [0.9976204443276274, 0.06888116804414683, 0.002972162246893074, 0.020000002021518016, -0.06894526132772145, 0.9966930301198335, 0.043006448946619716, -0.016550000245942567, 1.04101023581242e-09, -0.043109029209900764, 0.99907037369776, 3.425657237043911e-09, 0.0, 0.0, 0.0, 1.0], "right_foot_pose": [0.9823799886466635, 0.18689428978236097, -0.0002869726954920557, 0.0006506892935931692, -0.18689451010284133, 0.9823788305775057, -0.001508418572913253, -0.15148704730486756, 1.0831259933093907e-09, 0.0015354738418696771, 0.9999988211593458, 3.4429156123283455e-09, 0.0, 0.0, 0.0, 1.0]}, {"left_foot_pose": [0.9976204443338371, 0.06894206679477537, 0.0006636815678112804, 0.02000000346911735, -0.06894526123787391, 0.9975742216631133, 0.009603292460172283, -0.016550000792502663, -7.932027108867729e-10, -0.009626198590256527, 0.9999536670769813, 3.4157340289553417e-09, 0.0, 0.0, 0.0, 1.0], "right_foot_pose": [0.9823799886339508, 0.18677693049115093, -0.00662843630594251, 0.0006506907550769179, -0.18689451016966266, 0.9817619504149305, -0.03484127991210259, -0.15148704703316956, -7.604424615787388e-10, 0.035466194520633376, 0.9993708766250017, 3.2797815921470352e-09, 0.0, 0.0, 0.0, 1.0]}, {"left_foot_pose": [0.9976204443157448, 0.06892898706538972, -0.001497940384690855, 0.020000000375108098, -0.06894526149966149, 0.9973849577953067, -0.02167479827814958, -0.016549999783908684, 1.3172051733106651e-09, 0.021726497780234947, 0.9997639517877239, 2.636981931425364e-09, 0.0, 0.0, 0.0, 1.0], "right_foot_pose": [0.9823799886522484, 0.18647377072274693, -0.012533584006524316, 0.0006506875395063242, -0.18689451007348543, 0.9801684425338539, -0.0658806979710389, -0.15148704688758877, 1.3465360604782413e-09, 0.06706233736755551, 0.9977487874744825, 2.5289826482977062e-09, 0.0, 0.0, 0.0, 1.0]}, {"left_foot_pose": [0.9972812677571612, 0.0735881213855288, -0.0038550449568055174, 0.01999946399442943, -0.07368902888895991, 0.9959166428921303, -0.05215330700801174, -0.01614767556130863, 1.4395448173172962e-06, 0.05229559064986844, 0.9986316494065819, 0.0028444582983039174, 0.0, 0.0, 0.0, 1.0], "right_foot_pose": [0.982379988660263, 0.1860587094175423, -0.017655439097913388, 0.0006506868539762696, -0.18689451003135849, 0.9779867418514079, -0.0928028818679996, -0.15148704703840674, 9.287356541666498e-10, 0.09446739867671809, 0.995527955703532, 1.7222465259481012e-09, 0.0, 0.0, 0.0, 1.0]}, {"left_foot_pose": [0.9962096174977926, 0.08667045666687363, -0.007391207347815709, 0.01999795930087557, -0.08698504461513476, 0.9926109162202593, -0.084600065092655, -0.015019230290770692, 4.2668218613476375e-06, 0.08492232298715138, 0.9963875747118999, 0.009617037234856511, 0.0, 0.0, 0.0, 1.0], "right_foot_pose": [0.9823799886622524, 0.1856223041133289, -0.02176965988737101, 0.0006506865452607221, -0.18689451002090168, 0.9756928496031068, -0.11442860375542727, -0.1514870469749411, 4.048458893639533e-10, 0.1164810003778658, 0.9931929201071522, 1.033293818564207e-09, 0.0, 0.0, 0.0, 1.0]}, {"left_foot_pose": [0.9942526772694491, 0.10630406517930152, -0.012690920726571568, 0.019995681445723164, -0.10705892619490745, 0.987251197033817, -0.11778565395365449, -0.013312979248211922, 8.0328436930135e-06, 0.11846737813276509, 0.9929579448565901, 0.01743949091111735, 0.0, 0.0, 0.0, 1.0], "right_foot_pose": [0.9823799886607434, 0.18524227150605221, -0.024796345016866964, 0.0006506865194632274, -0.1868945100288327, 0.9736952708791179, -0.13033787472843014, -0.15148704676462393, -9.995525910955294e-11, 0.13267562065021377, 0.9911595127349989, 5.232625860385198e-10, 0.0, 0.0, 0.0, 1.0]}, {"left_foot_pose": [0.9912333783848739, 0.1306439712105164, -0.01971147792672594, 0.019992824893670495, -0.13212263028217056, 0.9801534216018455, -0.14779337160210085, -0.011177299835762239, 1.195955001958229e-05, 0.14910205534646923, 0.9888218125367322, 0.023433114179295993, 0.0, 0.0, 0.0, 1.0], "right_foot_pose": [0.9823799886583148, 0.18498038531428582, -0.026679860057125887, 0.0006506867495658566, -0.18689451004159927, 0.972318709172968, -0.1402382612147054, -0.1514870465300325, -5.03641630585459e-10, 0.14275358083491882, 0.9897582609702271, 2.1414705425604197e-10, 0.0, 0.0, 0.0, 1.0]}, {"left_foot_pose": [0.987054995888637, 0.15803096227509053, -0.02736147023996646, 0.019989589628924706, -0.16038215258871963, 0.9726006948614885, -0.16830167404384147, -0.008760575905157789, 1.4909466166318059e-05, 0.17051129967647244, 0.9853557207731375, 0.02500000247243258, 0.0, 0.0, 0.0, 1.0], "right_foot_pose": [0.9823799886576212, 0.18488007996260494, -0.027366291639035627, 0.0006506871559126184, -0.1868945100452443, 0.9717914705200248, -0.14384637617776802, -0.15148704643624034, -7.354984605773026e-10, 0.14642641106558837, 0.9892215657487716, 1.4480582705145295e-10, 0.0, 0.0, 0.0, 1.0]}, {"left_foot_pose": [0.981774301051994, 0.18683161684069569, -0.03483057195283105, 0.019986181412394798, -0.1900505762292175, 0.9651614171049702, -0.1798449816004566, -0.0062111896418042475, 1.6395491472363726e-05, 0.18318675137852553, 0.9830781321189946, 0.02500000204433228, 0.0, 0.0, 0.0, 1.0], "right_foot_pose": [0.9823799886603122, 0.18495419028871235, -0.026860852079036542, 0.0006506875469754403, -0.1868945100311003, 0.9721810192287222, -0.1411896170815607, -0.15148704645345845, -7.52943866331166e-10, 0.14372200021586662, 0.9896181014178907, 2.678920765775139e-10, 0.0, 0.0, 0.0, 1.0]}, {"left_foot_pose": [0.975642841952685, 0.2154533394881596, -0.041242010740132104, 0.019982794075666794, -0.21936509449547945, 0.9582589221890137, -0.1833542837299964, -0.003677514060296705, 1.6232021659447395e-05, 0.18793535204572503, 0.9821814003471926, 0.025000001555052956, 0.0, 0.0, 0.0, 1.0], "right_foot_pose": [0.9823799886667516, 0.18519469392455531, -0.02514921886069739, 0.0006506879583703497, -0.18689450999725207, 0.9734451870668541, -0.13219269990912705, -0.15148704650044556, -5.402946161355931e-10, 0.1345637139743391, 0.9909049434135606, 6.283099943105164e-10, 0.0, 0.0, 0.0, 1.0]}, {"left_foot_pose": [0.9691165011545716, 0.24279924088727972, -0.043147836730055775, 0.01997962334830112, -0.24660333940109402, 0.9541766055867014, -0.16951046677792583, -0.001307930361232744, 1.3643733364792348e-05, 0.17491579109846644, 0.9845833970965827, 0.02245972251770075, 0.0, 0.0, 0.0, 1.0], "right_foot_pose": [0.9823799886715286, 0.18569143073123953, -0.02117192505921104, 0.0006506881330643204, -0.1868945099721432, 0.9760562024249684, -0.11128671012309524, -0.15148704700321255, 3.47189088844387e-10, 0.11328275358912604, 0.9935627900335566, 1.3933678863486954e-09, 0.0, 0.0, 0.0, 1.0]}, {"left_foot_pose": [0.9628340756902612, 0.26693666244091996, -0.04117476089285296, 0.019976875334230086, -0.27009358117715804, 0.9515857850024788, -0.146744509907918, 0.0007491837186457302, 9.827460166613408e-06, 0.15241165318347422, 0.9883170988489992, 0.01583856037868276, 0.0, 0.0, 0.0, 1.0], "right_foot_pose": [0.9823799886787182, 0.18615181844922035, -0.016645069289418373, 0.0006506883373484924, -0.18689450993435033, 0.9784761545332746, -0.08749204058755429, -0.15148704742658292, 9.350437202964714e-10, 0.0890613019095486, 0.9960261464952497, 2.4523804237341906e-09, 0.0, 0.0, 0.0, 1.0]}, {"left_foot_pose": [0.9575666035357672, 0.28608334382807754, -0.034964556012079144, 0.019974742618606794, -0.2882120742822557, 0.9504963689347454, -0.11614840885601876, 0.0023454577259622005, 5.558345055991147e-06, 0.12129704458894074, 0.9926162536162172, 0.007998175907652554, 0.0, 0.0, 0.0, 1.0], "right_foot_pose": [0.9823799886803447, 0.18658124280226093, -0.010816546342021439, 0.0006506883494212402, -0.18689450992580095, 0.9807333525224156, -0.056855372742934104, -0.15148704771664095, 1.6503623761999746e-09, 0.05787513355930213, 0.9983238296842828, 3.727136738129744e-09, 0.0, 0.0, 0.0, 1.0]}, {"left_foot_pose": [0.9541387709109571, 0.2982863542553241, -0.025386151925732108, 0.019973422354310093, -0.2993646703287283, 0.9507024785744214, -0.08090482922190115, 0.0033325160990670087, 1.8710070096163408e-06, 0.08479415131670724, 0.996398490514202, 0.001817276149194233, 0.0, 0.0, 0.0, 1.0], "right_foot_pose": [0.982379988671347, 0.18685598713173435, -0.0037944605820430127, 0.0006506881082015475, -0.1868945099730956, 0.9821775000036153, -0.019944939923818947, -0.15148704770620883, 2.3705847670793186e-09, 0.020302673707504992, 0.9997938794773285, 4.959255790748518e-09, 0.0, 0.0, 0.0, 1.0]}, {"left_foot_pose": [0.9532444589452954, 0.30190569823329244, -0.013339822501062686, 0.019973084584218193, -0.3022002671906356, 0.9523152866678227, -0.042078418324502584, 0.0035840581463350823, 2.6243855391970312e-09, 0.04414231703311085, 0.9990252528574788, 6.159128394800373e-09, 0.0, 0.0, 0.0, 1.0], "right_foot_pose": [0.9823799886152499, 0.18685025843846118, 0.004066803386202592, 0.0006506860688228265, -0.18689451026796305, 0.982147385901726, 0.02137649171647129, -0.151487047173426, 2.6869949620436364e-09, -0.021759900916281622, 0.9997632253249336, 5.533567638826842e-09, 0.0, 0.0, 0.0, 1.0]}, {"left_foot_pose": [0.9532444589687125, 0.30220002678020746, -0.0003811292296017212, 0.019973081012367427, -0.3022002671167708, 0.9532437008679742, -0.001202210497881871, 0.003584057600534504, 9.926791736953886e-10, 0.0012611778506113939, 0.999999204714899, 6.561644158575852e-09, 0.0, 0.0, 0.0, 1.0], "right_foot_pose": [0.9823799885421446, 0.18650023963061388, 0.012133372559151622, 0.0006506826567115435, -0.18689451065222745, 0.9803075679538442, 0.06377706563086454, -0.1514870464209147, 1.0785535897819054e-09, -0.06492097373070431, 0.9978904083965617, 5.567335689682373e-09, 0.0, 0.0, 0.0, 1.0]}, {"left_foot_pose": [0.9532444589198047, 0.30196229226013116, 0.011990646008332701, 0.019973085472264257, -0.302200267271043, 0.952493802899564, 0.037822663830535154, 0.0035840576575421855, 2.2539532383842987e-09, -0.03967782114651487, 0.9992125251962498, 4.929310196133407e-09, 0.0, 0.0, 0.0, 1.0], "right_foot_pose": [0.98237998861823, 0.1858435166161161, 0.019792556535279452, 0.0006506867232356356, -0.1868945102522994, 0.9768556136076357, 0.10403630232184688, -0.15148704753444978, 2.3200951001797298e-09, -0.10590230165112081, 0.994376539599057, 5.0537211984669206e-09, 0.0, 0.0, 0.0, 1.0]}, {"left_foot_pose": [0.9532444588909886, 0.30133706919179903, 0.022824818170674048, 0.019973087005648624, -0.3022002673619388, 0.950521632084173, 0.07199739819197322, 0.0035840578795606325, 1.540990191274313e-09, -0.07552878703473205, 0.9971436217160813, 3.2833243762686593e-09, 0.0, 0.0, 0.0, 1.0], "right_foot_pose": [0.9816784904789796, 0.1886371642043298, 0.026895382723815708, 0.00016194886457432563, -0.1905448538245125, 0.9718527154324923, 0.13854587033717825, -0.15104194811906857, -3.4506401102977254e-06, -0.14113227762436156, 0.989990747532851, 0.0022503001451202945, 0.0, 0.0, 0.0, 1.0]}, {"left_foot_pose": [0.9532444588901107, 0.3005288937879464, 0.03173933827121395, 0.019973087267702236, -0.30220026736470823, 0.9479723666601654, 0.10011688395782366, 0.003584057873378478, 7.681501598716253e-10, -0.10502750138567953, 0.9944693177532841, 2.006095234374783e-09, 0.0, 0.0, 0.0, 1.0], "right_foot_pose": [0.9792361507549813, 0.1997786566860324, 0.034424546290282694, -0.0014711707273311393, -0.2027228674536518, 0.9650211828887459, 0.16624546787017885, -0.1495546658232772, -8.120130211671103e-06, -0.16977221477241214, 0.9854833306684254, 0.008710106416757256, 0.0, 0.0, 0.0, 1.0]}, {"left_foot_pose": [0.9532444588966572, 0.29972306025177403, 0.03861461816633412, 0.019973087181257718, -0.30220026734405814, 0.9454304884904505, 0.12180389915716482, 0.003584057715349455, 9.011419388009882e-11, -0.12777823987682954, 0.9918027633627463, 1.0623114332641848e-09, 0.0, 0.0, 0.0, 1.0], "right_foot_pose": [0.9751066615920002, 0.21764802711358133, 0.0423831902110972, -0.004029492332489863, -0.22173632620667472, 0.9571388519541227, 0.1863282579758396, -0.14722480914502412, -1.2620276851106052e-05, -0.19108781848540154, 0.9815729445472804, 0.01655845944005338, 0.0, 0.0, 0.0, 1.0]}, {"left_foot_pose": [0.9532444589039399, 0.29906401797207927, 0.04342481690614184, 0.019973086864874187, -0.3022002673210861, 0.9433516408731849, 0.1369769327037742, 0.0035840575397425673, -4.191449334938651e-10, -0.14369549337493598, 0.9896219506375831, 4.289868391071927e-10, 0.0, 0.0, 0.0, 1.0], "right_foot_pose": [0.9693232060770531, 0.24070981012383627, 0.04971226680256177, -0.007282395052948014, -0.2457895886829505, 0.9493031763619871, 0.19598713591485536, -0.1442624026025662, -1.598650704725205e-05, -0.20219363654474573, 0.9793455636726205, 0.022916652630055184, 0.0, 0.0, 0.0, 1.0]}, {"left_foot_pose": [0.9532444589189162, 0.2987300017442583, 0.04566604425894148, 0.019973086396736794, -0.3022002672738461, 0.9422980379537993, 0.14404654153445356, 0.00358405755604502, -3.0247033767274994e-10, -0.15111185832454282, 0.9885166696994566, 9.04468444584694e-11, 0.0, 0.0, 0.0, 1.0], "right_foot_pose": [0.961988971912045, 0.2677067951813738, 0.053947101250431846, -0.010999257416087675, -0.27308829639037485, 0.9430443393076803, 0.18997409421903635, -0.14087746699678305, -1.715252541545263e-05, -0.19748530556337243, 0.9803058470662778, 0.025000000812462418, 0.0, 0.0, 0.0, 1.0]}, {"left_foot_pose": [0.9532444589144558, 0.29863500224927075, 0.046283225692104066, 0.019973086124125863, -0.3022002672879162, 0.9419983765672014, 0.14599334572462236, 0.003584057610355543, -3.3540434694874144e-10, -0.15315415102547958, 0.9882023102703544, 5.621579590719961e-12, 0.0, 0.0, 0.0, 1.0], "right_foot_pose": [0.9533519782101579, 0.296727573774022, 0.05543241474950008, -0.014949453564392649, -0.3018609040155411, 0.9371496295215489, 0.17501590360462518, -0.13728003255289445, -1.6422497510462453e-05, -0.18358463674775644, 0.9830039068490501, 0.02500000149383616, 0.0, 0.0, 0.0, 1.0]}, {"left_foot_pose": [0.9532444589068063, 0.2988299564086231, 0.045007318474793764, 0.019973085885516304, -0.30220026731204414, 0.942613329451026, 0.14196869224509112, 0.003584057652612555, -2.0219846951090149e-10, -0.1489320928949599, 0.9888474258984186, 1.5758774840612944e-10, 0.0, 0.0, 0.0, 1.0], "right_foot_pose": [0.9438478398099786, 0.32592360260462383, 0.05408382892566397, -0.018902363393548813, -0.33038047019143496, 0.9311222750635971, 0.1544669990531224, -0.1336801275288296, -1.4217018496343791e-05, -0.1636615842084336, 0.9865165409927309, 0.02500000219656271, 0.0, 0.0, 0.0, 1.0]}, {"left_foot_pose": [0.9532444588977304, 0.2992915704970651, 0.04182771103198333, 0.019973085796235697, -0.3022002673406737, 0.9440694201534625, 0.13193910849452925, 0.003584057852299991, 9.099893539241029e-11, -0.13841056954043043, 0.990374936193104, 5.563749877479651e-10, 0.0, 0.0, 0.0, 1.0], "right_foot_pose": [0.9341109348747023, 0.35364280392761593, 0.04871887291105393, -0.02262736604908796, -0.3569828584554926, 0.9253751960741181, 0.1274518939040653, -0.13028777264186606, -1.0791446458094482e-05, -0.13644601027879596, 0.9906475085329512, 0.023024933514020164, 0.0, 0.0, 0.0, 