{"LoopMode": "Wrap", "FrameDuration": 0.0167, "EnableCycleOffsetPosition": true, "EnableCycleOffsetRotation": false, "Debug_info": [{"left_foot_pose": [1.0000000000000007, 9.856277718265314e-14, -6.513067862812254e-12, 1.0505916693650066e-12, -3.3086313732090526e-14, 0.9999499809427832, 0.010001780467926557, -3.862361819262361e-14, 6.513467525310668e-12, -0.010001780467926727, 0.9999499809427835, 1.3739238913235141e-11, 0.0, 0.0, 0.0, 1.0], "right_foot_pose": [1.0, -1.5557810569627975e-13, -6.5651928338184e-12, 5.219296579541237e-13, 6.080123424538094e-14, 0.9998956832596922, -0.014443773697794393, -0.14000000000173263, 6.566448971133649e-12, 0.014443773697794239, 0.9998956832596922, 1.1287457080122465e-11, 0.0, 0.0, 0.0, 1.0]}, {"left_foot_pose": [1.0000000000000007, 1.6232105465303237e-13, -1.4522771873970448e-11, 2.4585256343743918e-12, -5.448231988115222e-14, 0.9999726002764147, 0.00740261416166802, 6.82733383716716e-13, 1.4523419551962289e-11, -0.0074026141616681945, 0.9999726002764149, 2.977998403430604e-11, 0.0, 0.0, 0.0, 1.0], "right_foot_pose": [1.0, -3.9218703504670844e-13, -1.4613921184292164e-11, 1.449096072333707e-12, 1.4312305096440093e-13, 0.9998547467507449, -0.017043632242091766, -0.14000000000308188, 1.4618367719130363e-11, 0.01704363224209162, 0.9998547467507449, 2.6116858675706567e-11, 0.0, 0.0, 0.0, 1.0]}, {"left_foot_pose": [1.0000000000000004, 1.4629618200881642e-13, -2.5505264567016193e-11, 4.436987067830442e-12, -4.950241028488096e-14, 0.9999928478771014, 0.0037820886617236844, 1.9764398451194154e-12, 2.5505115754056507e-11, -0.0037820886617238574, 0.9999928478771016, 5.166037736481499e-11, 0.0, 0.0, 0.0, 1.0], "right_foot_pose": [1.0, -8.175465146928248e-13, -2.56615839688834e-11, 2.8207220881825606e-12, 2.8711221578070957e-13, 0.9997864329510375, -0.02066611930287998, -0.1400000000046161, 2.5672839454681186e-11, 0.020666119302879832, 0.9997864329510375, 4.6723618030153347e-11, 0.0, 0.0, 0.0, 1.0]}, {"left_foot_pose": [1.0000000000000002, -4.666167251442468e-14, -3.9310110722112774e-11, 6.978107202899366e-12, 1.3936115707710021e-14, 0.9999996464213177, -0.0008409264178972893, 3.934822953577388e-12, 3.930978605774823e-11, 0.0008409264178971155, 0.9999996464213179, 7.91964410717938e-11, 0.0, 0.0, 0.0, 1.0], "right_foot_pose": [1.0, -1.5245599320890102e-12, -3.957506544693955e-11, 4.645353847938212e-12, 5.231522190489644e-13, 0.9996800726265033, -0.025293327054161995, -0.14000000000619645, 3.960091159136809e-11, 0.025293327054161846, 0.9996800726265036, 7.28368962366055e-11, 0.0, 0.0, 0.0, 1.0]}, {"left_foot_pose": [1.0000000000000004, -5.376458555979992e-13, -5.6090465605507234e-11, 1.0135412729675581e-11, 1.7579599775910737e-13, 0.9999791538345716, -0.006456926226548346, 6.718061870691905e-12, 5.609241750230259e-11, 0.006456926226548171, 0.9999791538345715, 1.1283367296055502e-10, 0.0, 0.0, 0.0, 1.0], "right_foot_pose": [0.9999999999999999, -2.64250151885029e-12, -5.65330005031228e-11, 6.980050921361917e-12, 8.934729488406562e-13, 0.999521956323706, -0.030916966649901838, -0.14000000000769178, 5.658749168867788e-11, 0.03091696664990169, 0.9995219563237061, 1.0477120560015152e-10, 0.0, 0.0, 0.0, 1.0]}, {"left_foot_pose": [1.0000000000000007, -1.4869943392959957e-12, -7.634159970848485e-11, 1.4034899167208492e-11, 4.888850811600266e-13, 0.9999144926334607, -0.013076980598364605, 1.058084869720588e-11, 7.635416487164525e-11, 0.013076980598364422, 0.9999144926334607, 1.5373242956417954e-10, 0.0, 0.0, 0.0, 1.0], "right_foot_pose": [0.9999999999999998, -4.354311123967655e-12, -7.706452143096951e-11, 9.942895305942292e-12, 1.4575699779890105e-12, 0.9992947646395964, -0.03754961203386561, -0.1400000000089576, 7.717348052932002e-11, 0.03754961203386546, 0.9992947646395962, 1.4350854532496626e-10, 0.0, 0.0, 0.0, 1.0]}, {"left_foot_pose": [1.0000000000000007, -3.1198085143092546e-12, -1.0090617230673611e-10, 1.888324101185907e-11, 1.0270522945459706e-12, 0.9997849792548941, -0.020736326972050998, 1.5902994199290532e-11, 1.0094879002380571e-10, 0.020736326972050818, 0.9997849792548941, 2.038214250155157e-10, 0.0, 0.0, 0.0, 1.0], "right_foot_pose": [0.9999999999999998, -6.923621851829663e-12, -1.0206036016313643e-10, 1.3723921617182403e-11, 2.300581536350598e-12, 0.998976674077467, -0.04522836111470718, -0.14000000000980167, 1.0226903932126058e-10, 0.04522836111470702, 0.9989766740774668, 1.9073145840486916e-10, 0.0, 0.0, 0.0, 1.0]}, {"left_foot_pose": [1.0000000000000007, -5.7613901117025054e-12, -1.3096662643263804e-10, 2.4975821213797875e-11, 1.8963931940542383e-12, 0.9995649343799055, -0.02949477848867917, 2.3225399034543237e-11, 1.3107922020361864e-10, 0.029494778488678982, 0.9995649343799058, 2.658394407384357e-10, 0.0, 0.0, 0.0, 1.0], "right_foot_pose": [0.9999999999999999, -1.0732068311872366e-11, -1.327715715149224e-10, 1.8598018352807584e-11, 3.5447723618605246e-12, 0.9985401057470694, -0.05401534240039307, -0.1400000000099368, 1.3315730894983436e-10, 0.05401534240039293, 0.9985401057470692, 2.488310252291015e-10, 0.0, 0.0, 0.0, 1.0]}, {"left_foot_pose": [1.0000000000000007, -9.882763026248733e-12, -1.6802653712844044e-10, 3.270754027756045e-11, 3.2492779954595314e-12, 0.9992221344206408, -0.03943508696401617, 3.3290892612058975e-11, 1.6828522455079341e-10, 0.03943508696401598, 0.999222134420641, 3.433894210647104e-10, 0.0, 0.0, 0.0, 1.0], "right_foot_pose": [0.9999999999999999, -1.6327658493240583e-11, -1.708018726453985e-10, 2.494151484748582e-11, 5.3635797297720444e-12, 0.9979501422334174, -0.0639962000145485, -0.14000000000892013, 1.7149657489716126e-10, 0.06399620001454837, 0.9979501422334174, 3.2091256735311546e-10, 0.0, 0.0, 0.0, 1.0]}, {"left_foot_pose": [1.0000000000000002, -1.6149544795676523e-11, -2.1379709114199815e-10, 4.257211893160486e-11, 5.298528948446185e-12, 0.9987160365724846, -0.05065844739970708, 4.70647722183859e-11, 2.1434060740291487e-10, 0.050658447399706895, 0.9987160365724843, 4.408490586471636e-10, 0.0, 0.0, 0.0, 1.0], "right_foot_pose": [0.9999999999999998, -2.447493933663718e-11, -2.1800200533661483e-10, 3.323995255200729e-11, 7.995312530138261e-12, 0.9971627575022292, -0.0752757268350854, -0.1400000000060795, 2.192258427295867e-10, 0.07527572683508521, 0.9971627575022294, 4.1064832090320635e-10, 0.0, 0.0, 0.0, 1.0]}, {"left_foot_pose": [1.0000000000000007, -2.5438816681550218e-11, -2.6976315625759593e-10, 5.510739841687697e-11, 8.319159332879364e-12, 0.9979961874186746, -0.06327408551524677, 6.565226313981487e-11, 2.708321005981614e-10, 0.0632740855152466, 0.9979961874186748, 5.626646926160106e-10, 0.0, 0.0, 0.0, 1.0], "right_foot_pose": [0.9999999999999998, -3.616249721067229e-11, -2.760378592370214e-10, 4.4047440942937975e-11, 1.1740011380904012e-11, 0.9961233416039018, -0.0879675412403708, -0.14000000000045, 2.7814867089244127e-10, 0.08796754124037066, 0.9961233416039016, 5.215373063971462e-10, 0.0, 0.0, 0.0, 1.0]}, {"left_foot_pose": [1.0000000000000004, -3.8714904485006594e-11, -3.359913458567114e-10, 7.069709817200822e-11, 1.2601721586336678e-11, 0.9970020285822443, -0.0773754160111002, 8.991612142350558e-11, 3.3797941820650674e-10, 0.07737541601110003, 0.9970020285822442, 7.110825470113546e-10, 0.0, 0.0, 0.0, 1.0], "right_foot_pose": [0.9999999999999999, -5.243880793590432e-11, -3.451712249358249e-10, 5.780749423982371e-11, 1.6898251024447497e-11, 0.9947669354395671, -0.10217017253666702, -0.13999999999081864, 3.487223057266493e-10, 0.10217017253666691, 0.9947669354395671, 6.547305336779274e-10, 0.0, 0.0, 0.0, 1.0]}, {"left_foot_pose": [1.0000000000000004, -5.6438143203529116e-11, -4.0804482015488376e-10, 8.898012492682143e-11, 1.825215184180179e-11, 0.9956675595649035, -0.09298446553091663, 1.1926798437755792e-10, 4.1152463310399886e-10, 0.09298446553091644, 0.9956675595649037, 8.796097183960683e-10, 0.0, 0.0, 0.0, 1.0], "right_foot_pose": [0.9999999999999998, -7.369023879802036e-11, -4.2104625341821087e-10, 7.427685747072467e-11, 2.3530308686881338e-11, 0.9930241758592829, -0.11791092468042284, -0.13999999997618073, 4.2679789956848977e-10, 0.11791092468042268, 0.9930241758592829, 8.030694373384328e-10, 0.0, 0.0, 0.0, 1.0]}, {"left_foot_pose": [1.0000000000000004, -7.663701169389628e-11, -4.69435934569161e-10, 1.0723872870218318e-10, 2.457074032399454e-11, 0.9939400123286655, -0.10992384587564828, 1.4841094325701576e-10, 4.750153485162533e-10, 0.10992384587564812, 0.9939400123286656, 1.035641961077971e-09, 0.0, 0.0, 0.0, 1.0], "right_foot_pose": [1.0, -9.73369993390849e-11, -4.867298231125966e-10, 9.090712852374335e-11, 3.072949206528821e-11, 0.9908434185650145, -0.13501599863125718, -0.13999999995742787, 4.954148510648897e-10, 0.13501599863125702, 0.9908434185650142, 9.358086180966119e-10, 0.0, 0.0, 0.0, 1.0]}, {"left_foot_pose": [1.0000000000000004, -9.003578385691504e-11, -4.764352246056075e-10, 1.166703250702674e-10, 2.854494171619286e-11, 0.9918356976292574, -0.12752234670160834, 1.6035149250082092e-10, 4.84026705051122e-10, 0.1275223467016081, 0.9918356976292576, 1.0821544216277346e-09, 0.0, 0.0, 0.0, 1.0], "right_foot_pose": [0.9999999999999998, -1.1207859564808673e-10, -4.964819111386015e-10, 9.908624416453581e-11, 3.489444560004607e-11, 0.9882554294918724, -0.15281101426217558, -0.1399999999418482, 5.077776414960907e-10, 0.15281101426217547, 0.9882554294918723, 9.661461769505664e-10, 0.0, 0.0, 0.0, 1.0]}, {"left_foot_pose": [0.999999991901497, 0.00012586776009018927, -1.8823222298349964e-05, -1.0692659316083014e-05, -0.00012726657376767545, 0.9895473755869044, -0.14420809711070415, 1.705429513473855e-05, 4.75320054868914e-07, 0.1442080983384012, 0.9895473835918102, 0.000163861114395758, 0.0, 0.0, 0.0, 1.0], "right_foot_pose": [1.0, -9.51164162379236e-11, -3.8015174341765544e-10, 2.270127247138432e-11, 2.931787108761203e-11, 0.9855360032771759, -0.1694661802379768, -0.13999999999764196, 3.9077212654152815e-10, 0.16946618023797666, 0.9855360032771762, 7.14312997640576e-10, 0.0, 0.0, 0.0, 1.0]}, {"left_foot_pose": [0.9999935425053076, 0.0035445094634738673, -0.000592790308516457, -0.00030197956929516766, -0.0035937362462961264, 0.9864206414930465, -0.16419927861059455, 0.0004816563652087491, 2.7346994664088114e-06, 0.1642003486266423, 0.9864270097191236, 0.004191209037541561, 0.0, 0.0, 0.0, 1.0], "right_foot_pose": [0.9999999999999998, -6.063077874540733e-11, -1.9784474059036902e-10, -1.7882891175306747e-10, 2.337435231065469e-11, 0.9830888345837901, -0.1831293076399454, -0.1400000001300464, 2.0560216283447618e-10, 0.18312930763994523, 0.98308883458379, 3.821029118111774e-10, 0.0, 0.0, 0.0, 1.0]}, {"left_foot_pose": [0.9999378848703203, 0.010946259443541153, -0.0020990010161012086, -0.000936597485002187, -0.011145688605601634, 0.9821329521247771, -0.1878580261159427, 0.001493875531350053, 5.155372039368032e-06, 0.18786975210199716, 0.9821939504082468, 0.01146980178589297, 0.0, 0.0, 0.0, 1.0], "right_foot_pose": [0.9999999999999998, -1.5274422758124e-11, 2.0749069129522104e-11, -2.4892723884463573e-10, 1.8987412356055845e-11, 0.9812480282698931, -0.19274933726590945, -0.14000000009108027, -1.7415955184927394e-11, 0.19274933726590932, 0.981248028269893, 1.715426342641102e-10, 0.0, 0.0, 0.0, 1.0]}, {"left_foot_pose": [0.999760055362233, 0.021407716371706853, -0.00464126942273498, -0.001840855374636779, -0.02190505980894695, 0.9771338325228625, -0.21149383370195526, 0.0029361708358708744, 7.541372551715835e-06, 0.21154475417493188, 0.9773683118068627, 0.019120925980003055, 0.0, 0.0, 0.0, 1.0], "right_foot_pose": [1.0, 1.9376916429611743e-11, 1.9999729650166376e-10, -1.9168911613757194e-10, 2.05271712747037e-11, 0.9802802567911824, -0.197612292495719, -0.13999999994251444, -1.998826145711703e-10, 0.19761229249571885, 0.9802802567911824, 8.258631972735131e-11, 0.0, 0.0, 0.0, 1.0]}, {"left_foot_pose": [0.9993875835445369, 0.034056746594061535, -0.00803715549431692, -0.002941060726969523, -0.034992252962561705, 0.972731351318081, -0.22927987350725998, 0.004690996728897922, 9.466573584931734e-06, 0.22942069691797395, 0.9733273569236901, 0.02426587771493903, 0.0, 0.0, 0.0, 1.0], "right_foot_pose": [1.0000000000000002, 2.3815739720203594e-11, 2.854039227173642e-10, 9.12186192589872e-12, 3.2933579873891464e-11, 0.9803633256074691, -0.19719977130783817, -0.13999999980440014, -2.8449615712772105e-10, 0.19719977130783803, 0.9803633256074693, 1.3050881209064613e-10, 0.0, 0.0, 0.0, 1.0]}, {"left_foot_pose": [0.9987728169635351, 0.048128290202118396, -0.011684510128637832, -0.0041635118654047825, -0.049526356476311706, 0.9706283955429139, -0.2354307919112771, 0.006640802800694569, 1.0435843243862803e-05, 0.2357205664510638, 0.9718208756983376, 0.025000001193758198, 0.0, 0.0, 0.0, 1.0], "right_foot_pose": [1.0, -1.2958674103013264e-11, 2.4158203215662876e-10, 2.853742742396705e-10, 5.88943635220714e-11, 0.9815639515468557, -0.19113400802505717, -0.13999999976013658, -2.3465164536343933e-10, 0.19113400802505692, 0.9815639515468554, 3.6358329541519296e-10, 0.0, 0.0, 0.0, 1.0]}, {"left_foot_pose": [0.9979095255002607, 0.06281491421739892, -0.015194257721468745, -0.005434511724591121, -0.06462645592659512, 0.9699753285581441, -0.23445955553760023, 0.008668047686941944, 1.0498257034712926e-05, 0.2349513748425022, 0.9720071251536204, 0.025000001080101898, 0.0, 0.0, 0.0, 1.0], "right_foot_pose": [0.9999999999999999, -8.853809434228599e-11, 5.640027334052944e-11, 5.380551141221713e-10, 9.722303010195269e-11, 0.9837622910460571, -0.17947633469572927, -0.13999999970073912, -3.959423721014451e-11, 0.1794763346957291, 0.983762291046057, 7.813935887224233e-10, 0.0, 0.0, 0.0, 1.0]}, {"left_foot_pose": [0.9968417667845124, 0.07733361808811007, -0.018055567211664722, -0.006680369460949529, -0.079413423932668, 0.9707625077968697, -0.22652518967042953, 0.010655189024408686, 9.655200780717347e-06, 0.22724362470559215, 0.9738379407978736, 0.024910269944480506, 0.0, 0.0, 0.0, 1.0], "right_foot_pose": [0.9999999999999999, -1.968615827470269e-10, -2.9552754687855885e-10, 8.230760113608294e-10, 1.464014050820373e-10, 0.9867985565404385, -0.1619524893594035, -0.13999999971771873, 3.235082451341729e-10, 0.1619524893594034, 0.9867985565404382, 1.418232753458426e-09, 0.0, 0.0, 0.0, 1.0]}, {"left_foot_pose": [0.9956650044678205, 0.09101066854675634, -0.019190025762569927, -0.007827387839459875, -0.0930118208492281, 0.9742604734034075, -0.20534198583358634, 0.01248467773138506, 7.772172631543986e-06, 0.2062367284807489, 0.9785021266022635, 0.021163832787588058, 0.0, 0.0, 0.0, 1.0], "right_foot_pose": [0.9999999999999998, -3.1812283336066895e-10, -8.386315530906054e-10, 1.2051903816360953e-09, 1.9937361745151364e-10, 0.9904362658575352, -0.13797102331352765, -0.1400000001227008, 8.745026420563948e-10, 0.13797102331352745, 0.9904362658575351, 2.368345013159523e-09, 0.0, 0.0, 0.0, 1.0]}, {"left_foot_pose": [0.9945195065336476, 0.10296228801591341, -0.018158148875897714, -0.008801870354219045, -0.10455118888078091, 0.9794141851230465, -0.17267571596311648, 0.01403897703717509, 5.261784281854366e-06, 0.17362782388283196, 0.9848113417025756, 0.01399681114073631, 0.0, 0.0, 0.0, 1.0], "right_foot_pose": [0.9999999999999998, -4.0075028143214644e-10, -1.5297914046641354e-09, 1.4361571911507224e-09, 2.342782432587149e-10, 0.9942258763896767, -0.10730753336639226, -0.1400000005174128, 1.5639615446273917e-09, 0.10730753336639211, 0.9942258763896769, 3.6119803675793705e-09, 0.0, 0.0, 0.0, 1.0]}, {"left_foot_pose": [0.9935761237476219, 0.11213323091117985, -0.015252043930948686, -0.009530127775096611, -0.1131657470753367, 0.9845140744658343, -0.13388633562676802, 0.015200548695185273, 2.744525702050605e-06, 0.13475227532068867, 0.9908793187307757, 0.0062879097138390724, 0.0, 0.0, 0.0, 1.0], "right_foot_pose": [0.9999999999999998, -3.883809443444555e-10, -2.308432556219484e-09, 1.425139425335883e-09, 2.2556113976740625e-10, 0.9975386649251309, -0.07011855659800424, -0.14000000075861058, 2.3299833593978596e-09, 0.07011855659800412, 0.9975386649251307, 5.009029621638739e-09, 0.0, 0.0, 0.0, 1.0]}, {"left_foot_pose": [0.9930145145362029, 0.11748670432959718, -0.010910922335006814, -0.009938465455799692, -0.11799226211874463, 0.9887603476689304, -0.09181939314609858, 0.015851849581729097, 7.294670708393055e-07, 0.09246539451809097, 0.9957158986458351, 0.0009158379988621138, 0.0, 0.0, 0.0, 1.0], "right_foot_pose": [1.0, -2.2859623970102856e-10, -3.0116752980369187e-09, 1.0806623647909933e-09, 1.466424157203864e-10, 0.999630446553774, -0.027184008584137786, -0.14000000071050156, 3.0167763813010703e-09, 0.02718400858413762, 0.9996304465537739, 6.212670294880596e-09, 0.0, 0.0, 0.0, 1.0]}, {"left_foot_pose": [0.9929278516415713, 0.11858735968671603, -0.005596387851833748, -0.010000000155760465, -0.11871933892359164, 0.9918240237972809, -0.04680624300365072, 0.01595000068330233, 3.1432781091929004e-09, 0.04713962177515779, 0.9988883101022338, 7.159632713082953e-09, 0.0, 0.0, 0.0, 1.0], "right_foot_pose": [0.9999999999999999, 5.975880253829166e-11, -3.323111619213393e-09, 8.117789098671665e-10, 4.019651041556882e-12, 0.9998158729768556, 0.019189063122734645, -0.14000000065822354, 3.323646275267392e-09, -0.0191890631227348, 0.9998158729768555, 6.7789230270842715e-09, 0.0, 0.0, 0.0, 1.0]}, {"left_foot_pose": [0.9929278516335112, 0.11871915371971173, -0.00020973921200695777, -0.010000000005151336, -0.11871933899100649, 0.9929263021322533, -0.0017541617680504867, 0.015950000419228224, 2.9795993626845555e-09, 0.0017666561763778018, 0.9999984394617603, 6.678576525143143e-09, 0.0, 0.0, 0.0, 1.0], "right_foot_pose": [1.0, 2.705967742223192e-10, -3.106632340266204e-09, 8.969041345859152e-10, -6.604951263896617e-11, 0.9978424370919708, 0.06565417533071324, -0.14000000085644224, 3.1176952712055875e-09, -0.0656541753307134, 0.9978424370919707, 6.711189097508008e-09, 0.0, 0.0, 0.0, 1.0]}, {"left_foot_pose": [0.9929278516284861, 0.11862047953643383, 0.00484389254495243, -0.009999999921940486, -0.11871933903303404, 0.9921010238570411, 0.04051267704523133, 0.015950000224564585, 2.4251088723713935e-09, -0.04080122910352417, 0.9991672831431396, 5.452792002647033e-09, 0.0, 0.0, 0.0, 1.0], "right_foot_pose": [0.9999999999889204, -4.676134204825658e-06, -5.413415340438076e-07, -1.3131431676436687e-05, 4.707268379764018e-06, 0.994080703794101, 0.10864416377360905, -0.1399920127429541, 3.010248279616399e-08, -0.10864416377495369, 0.9940807038050986, 3.740419381939586e-05, 0.0, 0.0, 0.0, 1.0]}, {"left_foot_pose": [0.9929278516294172, 0.11836103774798763, 0.009216626379024267, -0.010000000315048307, -0.11871933902524474, 0.9899311414452545, 0.07708471792972522, 0.015950000459553963, 1.7370110919581227e-09, -0.0776337551591822, 0.996981945704076, 3.848032850695127e-09, 0.0, 0.0, 0.0, 1.0], "right_foot_pose": [0.9999998827955249, -0.00047908336429290644, -6.991470916428392e-05, -0.001350852159612171, 0.00048415783311341027, 0.9896254975908881, 0.14367024782180826, -0.13917837757100013, 3.5935317032227757e-07, -0.14367026483276651, 0.9896256135543144, 0.0034929901531605065, 0.0, 0.0, 0.0, 1.0]}, {"left_foot_pose": [0.9929278516319299, 0.11802875853889691, 0.012786462034832205, -0.010000000528190263, -0.11871933900423029, 0.9871520723750072, 0.10694159411626508, 0.015950000442386612, 1.0936841773006153e-09, -0.10770328761693501, 0.9941830826545507, 2.5301374953490274e-09, 0.0, 0.0, 0.0, 1.0], "right_foot_pose": [0.9999986395865013, -0.0016254321892202944, -0.0002807050854255918, -0.00460230510752389, 0.0016494922284892364, 0.9854875889345753, 0.16973948047318105, -0.1372007750486715, 7.313624951809289e-07, -0.16973971257815756, 0.9854889294017206, 0.010538499865335768, 0.0, 0.0, 0.0, 1.0]}, {"left_foot_pose": [0.9929278516346522, 0.11769892604590941, 0.01553203965467428, -0.010000000573000125, -0.11871933898145974, 0.9843934670423578, 0.1299046596398021, 0.015950000253790085, 5.620597015929842e-10, -0.13082990809431624, 0.9914048290925528, 1.5633642921897284e-09, 0.0, 0.0, 0.0, 1.0], "right_foot_pose": [0.9999943649125198, -0.0032985856552025846, -0.0006240800280633876, -0.0093668361699486, 0.0033571032288537395, 0.9826219166951812, 0.18558798099068544, -0.1343028937759739, 1.0568614727917177e-06, -0.1855890302872547, 0.9826274532272745, 0.018295212877193504, 0.0, 0.0, 0.0, 1.0]}, {"left_foot_pose": [0.9929278516365162, 0.11742856232507949, 0.01745892879758074, -0.0100000004371801, -0.11871933896587364, 0.9821322381092117, 0.14602049658214997, 0.015949999981191745, 1.686783229262478e-10, -0.1470605304521125, 0.9891274945036882, 9.398555059214608e-10, 0.0, 0.0, 0.0, 1.0], "right_foot_pose": [0.9999850756580764, -0.005365911650994931, -0.0010273525514348399, -0.01524379527207603, 0.0054633743737794865, 0.9821890325921238, 0.1878160158138801, -0.13072841841927677, 1.2502611255616682e-06, -0.1878188255950439, 0.9822036900513739, 0.023884423448591027, 0.0, 0.0, 0.0, 1.0]}, {"left_foot_pose": [0.9929278516368735, 0.1172560282418691, 0.018582391792396718, -0.010000000210822006, -0.1187193389628837, 0.9806892225078465, 0.15541675396549853, 0.015949999816728386, -6.69838170635107e-11, -0.15652371289328168, 0.9876742009904391, 6.340900790546833e-10, 0.0, 0.0, 0.0, 1.0], "right_foot_pose": [0.9999693866717566, -0.007705713099463283, -0.001359303107796308, -0.021832519058376344, 0.007824686431455964, 0.9847926832556914, 0.17355732565439233, -0.12672103250500943, 1.2487970815423102e-06, -0.17356264860759715, 0.9848228302627615, 0.025000008395531854, 0.0, 0.0, 0.0, 1.0]}, {"left_foot_pose": [0.9929278516356911, 0.11719478798721417, 0.018964786177651505, -0.010000000090168219, -0.11871933897277241, 0.980177030041219, 0.1586149688189728, 0.01594999978563188, -1.4863919839665392e-10, -0.1597447071054556, 0.9871583604223758, 5.435252456442718e-10, 0.0, 0.0, 0.0, 1.0], "right_foot_pose": [0.9999469800200714, -0.010182226372052612, -0.0015360386865877385, -0.02873233436236281, 0.010297434027523087, 0.9887753494654685, 0.1490545911466312, -0.12252442985902784, 1.0896002744425083e-06, -0.1490625055322394, 0.9888277754206057, 0.025000009198700407, 0.0, 0.0, 0.0, 1.0]}, {"left_foot_pose": [0.9929278516331855, 0.11724687767605335, 0.018640040942132667, -0.00999999993394011, -0.11871933899372814, 0.9806126900913577, 0.15589891141596712, 0.015949999757111186, -9.506019647414014e-11, -0.15700930452367468, 0.9875971234734299, 7.005711982754903e-10, 0.0, 0.0, 0.0, 1.0], "right_foot_pose": [0.9999188681329336, -0.01264960465987918, -0.0014982168406062286, -0.0355425914888818, 0.012738019904012712, 0.9929859775345595, 0.117543997161319, -0.11838229847826123, 8.232197953645597e-07, -0.1175535449133032, 0.9930665456441671, 0.02499255882711115, 0.0, 0.0, 0.0, 1.0]}, {"left_foot_pose": [0.9929278516295258, 0.11740887172317813, 0.017590858394792516, -0.009999999443252628, -0.11871933902433618, 0.981967552259199, 0.147123909857314, 0.015949999906168886, 9.977698273574936e-11, -0.14817180281945935, 0.9889616356811987, 1.2273554741981663e-09, 0.0, 0.0, 0.0, 1.0], "right_foot_pose": [0.9998874507586993, -0.014955991271593461, -0.0011849642837031592, -0.04186263315488113, 0.015002860228095603, 0.9967664102331932, 0.07894072216422812, -0.11453831943609474, 4.958436597216025e-07, -0.07894961529936463, 0.9968786075765877, 0.0218377994245407, 0.0, 0.0, 0.0, 1.0]}, {"left_foot_pose": [0.9929278516259817, 0.11766054215439456, 0.015820186008639932, -0.00999999909774094, -0.11871933905398041, 0.9840724368847897, 0.13231461558806892, 0.01595000014162231, 4.0754921735912544e-10, -0.13325702902123573, 0.9910815123976607, 1.980782954325022e-09, 0.0, 0.0, 0.0, 1.0], "right_foot_pose": [0.9998563656918225, -0.01693610900472992, -0.0006451335678776324, -0.04729178555729483, 0.016948391826428644, 0.9991321904379468, 0.03804757607480939, -0.11123619415738514, 1.9581902982861981e-07, -0.03805304511403098, 0.9992757205884226, 0.01492378361040779, 0.0, 0.0, 0.0, 1.0]}, {"left_foot_pose": [0.992927851620007, 0.11796234651328456, 0.013385300981242907, -0.009999998750887784, -0.11871933910394973, 0.9865966244592773, 0.11195007426653295, 0.01595000011403235, 6.873508820704285e-10, -0.11274744081636942, 0.9936236785571086, 2.9139649443399307e-09, 0.0, 0.0, 0.0, 1.0], "right_foot_pose": [0.9998301334776902, -0.018431065006035478, -5.720783902913829e-06, -0.0514294042356457, 0.01843106589386713, 0.9998300853502916, 0.00031022321777835035, -0.10871961286085854, 2.067564616377564e-09, -0.0003102759613844384, 0.9999999518644127, 0.007129216838046272, 0.0, 0.0, 0.0, 1.0]}, {"left_foot_pose": [0.9929278516232722, 0.11826429015691384, 0.010384562796540653, -0.009999999073748217, -0.1187193390766388, 0.9891219776640827, 0.08685293219633161, 0.015950000189204432, 1.0837543781906443e-09, -0.08747154380469055, 0.9961670186391565, 3.5320915220404814e-09, 0.0, 0.0, 0.0, 1.0], "right_foot_pose": [0.9998135958960288, -0.019297390431020443, 0.0006198257858705645, -0.05387483472028726, 0.019307342164308645, 0.999298335348188, -0.032094602488437506, -0.1072322614939464, -4.880107868691773e-08, 0.03210058711134826, 0.9994846433573176, 0.0013328062686528905, 0.0, 0.0, 0.0, 1.0]}, {"left_foot_pose": [0.992927851656523, 0.11850898975405706, 0.0070640464491719705, -0.01000000137184666, -0.11871933879854275, 0.991168564025446, 0.05908126846110697, 0.015950001102944845, 6.634790100449507e-10, -0.05950207588991722, 0.9982281818125514, 3.184905575381869e-09, 0.0, 0.0, 0.0, 1.0], "right_foot_pose": [0.9998101731474018, -0.019449607771006325, 0.0011534420297749806, -0.05436723288356328, 0.019483779688808933, 0.9980566396365391, -0.05918890442014716, -0.10693278206162511, 4.991144592579957e-10, 0.059200142187104156, 0.9982461335587668, 4.962654093221275e-09, 0.0, 0.0, 0.0, 1.0]}, {"left_foot_pose": [0.9929278516705422, 0.11866194417945168, 0.00369112184514076, -0.010000003346045706, -0.11871933868129027, 0.9924478240795793, 0.030871266621024063, 0.015950001729410232, -1.3270897490040091e-09, -0.03109114798880926, 0.9995165533980611, 2.7243911571162016e-09, 0.0, 0.0, 0.0, 1.0], "right_foot_pose": [0.9998101731477003, -0.019412574005214837, 0.001664223800269896, -0.05436723461872165, 0.019483779673495797, 0.9961562609066121, -0.08539956783375742, -0.10693278020775285, -1.5276027366193864e-09, 0.08541578207245952, 0.9963453940140189, 5.630865572425758e-09, 0.0, 0.0, 0.0, 1.0]}, {"left_foot_pose": [0.9929278516359039, 0.11871814340714557, 0.0005327960863518258, -0.009999999447516924, -0.1187193389709913, 0.9929178523150103, 0.004456131555416698, 0.015950000178445643, 9.192546830507266e-10, -0.004487870331105035, 0.9999899294592383, 3.2457108598005213e-09, 0.0, 0.0, 0.0, 1.0], "right_foot_pose": [0.9998101731475307, -0.019367144404082496, 0.002128705789057694, -0.054367230842621204, 0.019483779682211422, 0.9938250295240719, -0.1092345779539281, -0.10693278347194848, 7.514941931238823e-10, 0.1092553175324164, 0.9940137200214548, 3.3765140128316773e-09, 0.0, 0.0, 0.0, 1.0]}, {"left_foot_pose": [0.9935615099152114, 0.11326769057080951, -0.0024405507086851814, -0.01152444187205943, -0.11329398048679011, 0.9933308238450488, -0.02140907248753235, 0.016797249869859025, -6.819518321777524e-07, 0.021547730090963474, 0.9997678207101204, 0.0028444581893524237, 0.0, 0.0, 0.0, 1.0], "right_foot_pose": [0.9998101731470458, -0.019320616266549923, 0.0025162390099604907, -0.054367230605645425, 0.01948377970709284, 0.9914374385342167, -0.12912082636444333, -0.10693278407574287, 3.794320684149269e-10, 0.129145341610884, 0.9916256757165015, 2.027075944599499e-09, 0.0, 0.0, 0.0, 1.0]}, {"left_foot_pose": [0.99518055449702, 0.09793232501699965, -0.00499236094139158, -0.015800153945375896, -0.09805949185246055, 0.993888443868683, -0.050696126103737596, 0.019173608590802096, -2.93965142377398e-06, 0.050941347263825154, 0.9987016467045129, 0.009617039452455185, 0.0, 0.0, 0.0, 1.0], "right_foot_pose": [0.9998101731469892, -0.01927901631134936, 0.002817304004486308, -0.05436723057252692, 0.019483779709978555, 0.9893027398386299, -0.14456995288092703, -0.10693278420561596, -9.087429166342367e-11, 0.14459740135233107, 0.9894905717196866, 1.1135129901473917e-09, 0.0, 0.0, 0.0, 1.0]}, {"left_foot_pose": [0.9971848981397357, 0.07471785694582199, -0.006286555135351887, -0.022265159599699134, -0.0749818570012174, 0.9936666435359035, -0.08369183140989102, 0.02276674273504407, -6.534146069985984e-06, 0.0839276079577891, 0.9964718543841513, 0.01743949524531048, 0.0, 0.0, 0.0, 1.0], "right_foot_pose": [0.9998101731470753, -0.019248612328982423, 0.0030180449008409462, -0.05436723070758452, 0.01948377970556403, 0.9877425631740142, -0.15487095022248049, -0.10693278409782792, -5.242774454725256e-10, 0.15490035447937966, 0.9879300988340028, 5.456118751245853e-10, 0.0, 0.0, 0.0, 1.0]}, {"left_foot_pose": [0.9989395597483044, 0.04571642941562237, -0.005455643990514577, -0.03035726112798347, -0.04604080636024261, 0.9918734100152876, -0.11860599754795005, 0.02726419123581016, -1.0934506469419313e-05, 0.11873140522259515, 0.9929264088009272, 0.023433119643187228, 0.0, 0.0, 0.0, 1.0], "right_foot_pose": [0.9998101731470294, -0.019234286017205435, 0.003108040076094437, -0.054367230979315395, 0.019483779707907708, 0.9870074108769546, -0.15948903787490948, -0.10693278391732801, -8.173129946772627e-10, 0.15951931894093233, 0.9871948069578875, 2.542297899976731e-10, 0.0, 0.0, 0.0, 1.0]}, {"left_foot_pose": [0.9999122703280517, 0.01309759797996142, -0.001975999634921463, -0.03951425667538231, -0.01324580762311772, 0.988552806140437, -0.15029270791452282, 0.032353485742814055, -1.5093483550384925e-05, 0.15030569649558856, 0.9886395689902182, 0.025000007955575207, 0.0, 0.0, 0.0, 1.0], "right_foot_pose": [0.9998101731466261, -0.019239125317348255, 0.003077942419305698, -0.054367231344725826, 0.01948377972861513, 0.9872557390811061, -0.15794457248954727, -0.10693278382005525, -8.946993298310866e-10, 0.15797456032045915, 0.9874431823105355, 2.3947422517212047e-10, 0.0, 0.0, 0.0, 1.0]}, {"left_foot_pose": [0.9997717584931168, -0.021020136284629374, 0.0038190038173468365, -0.04917392256291125, 0.02136423611727683, 0.9838214407947625, -0.17787338768810723, 0.037722155395273696, -1.829498737038057e-05, 0.1779143796973533, 0.9840459710614137, 0.025000007279352955, 0.0, 0.0, 0.0, 1.0], "right_foot_pose": [0.9998101731458264, -0.019262729228003758, 0.002926591327881588, -0.054367231797565245, 0.019483779769639768, 0.9884669700744816, -0.15017799904667153, -0.1069327837333042, -7.308781183104894e-10, 0.15020651229045456, 0.9886546432731388, 5.071451869564925e-10, 0.0, 0.0, 0.0, 1.0]}, {"left_foot_pose": [0.998445560415357, -0.0545957213143023, 0.011214726971073242, -0.05877405953228805, 0.055735648278962706, 0.9780968443513496, -0.20054949658589732, 0.0430577418061293, -1.9944635341653512e-05, 0.20086281458772803, 0.9796193798195851, 0.025000005585316572, 0.0, 0.0, 0.0, 1.0], "right_foot_pose": [0.9998101731447473, -0.019302731099523716, 0.002649952522026323, -0.05436723217669087, 0.01948377982501128, 0.9905196598782998, -0.13598229928306171, -0.10693278368372651, -3.1345555401891594e-10, 0.13600811728230458, 0.9907077228089637, 1.0577372658304718e-09, 0.0, 0.0, 0.0, 1.0]}, {"left_foot_pose": [0.9961361938609862, -0.0859273888907068, 0.018142963334946926, -0.06775246737420026, 0.08782188188131702, 0.9746910723011647, -0.2055836341716686, 0.048047779576783, -1.851950462649361e-05, 0.20638264804685397, 0.978471359949895, 0.022459725865720405, 0.0, 0.0, 0.0, 1.0], "right_foot_pose": [0.999810173144842, -0.01936721710195247, 0.002128045536716197, -0.05436723165017282, 0.019483779820160693, 0.993828752636272, -0.10920069943618316, -0.10693278401504838, 8.123575071703258e-10, 0.10922143258151266, 0.994017443843337, 2.195108227132092e-09, 0.0, 0.0, 0.0, 1.0]}, {"left_foot_pose": [0.9932953459958327, -0.11326293252703562, 0.023148730816108305, -0.07554692510665638, 0.11560430529406135, 0.973203506785286, -0.19877268167004222, 0.05237980082773497, -1.4849175653418542e-05, 0.20011607255839917, 0.9797721966270041, 0.01583856244139379, 0.0, 0.0, 0.0, 1.0], "right_foot_pose": [0.9998101731446901, -0.019421406709952092, 0.0015577669244289988, -0.05436723133850758, 0.01948377982795478, 0.9966094902763147, -0.07993688894872159, -0.10693278444283373, 1.5308767334284115e-09, 0.0799520659682479, 0.9967987094430896, 3.560932743118528e-09, 0.0, 0.0, 0.0, 1.0]}, {"left_foot_pose": [0.9905569932566007, -0.13487302408799, 0.02461931119678639, -0.08159523512556426, 0.13710157920632857, 0.9744681050923352, -0.1778062685534048, 0.05574134732267845, -9.464389012208672e-06, 0.17950258920448753, 0.983757500799517, 0.007998176186358008, 0.0, 0.0, 0.0, 1.0], "right_foot_pose": [0.9998101731456578, -0.019465225126280118, 0.00085010895348981, -0.05436723079586224, 0.019483779778307012, 0.9988580359067232, -0.04362346192261573, -0.10693278470124326, 2.347521618155259e-09, 0.04363174435370066, 0.9990476819875285, 5.295660909787614e-09, 0.0, 0.0, 0.0, 1.0]}, {"left_foot_pose": [0.9886309049397503, -0.14874411855640163, 0.02200274966659363, -0.08533519739664087, 0.15036267417232702, 0.9779925505343351, -0.14464313780851742, 0.0578199570960735, -3.7092266405949615e-06, 0.14630706850397263, 0.9892392236926396, 0.0018172756699120704, 0.0, 0.0, 0.0, 1.0], "right_foot_pose": [0.9998101731481904, -0.019483774109838987, 1.4690877960974184e-05, -0.05436723002096699, 0.019483779648341346, 0.999809888818446, -0.0007540235151707645, -0.1069327846020909, 3.1387822417437847e-09, 0.0007541666150895723, 0.999999715616318, 7.1331846818178946e-09, 0.0, 0.0, 0.0, 1.0]}, {"left_foot_pose": [0.9881116865662998, -0.15295051454375108, 0.015538177882405246, -0.08628826915158258, 0.15373774706006194, 0.9830519403681117, -0.09986785102017838, 0.058349663919762026, 3.282831295275465e-09, 0.10106939516635964, 0.9948793782970412, 8.191431560833351e-09, 0.0, 0.0, 0.0, 1.0], "right_foot_pose": [0.9998101731568944, -0.01946244290253618, -0.0009115745969299658, -0.05436722718598767, 0.01948377920169084, 0.9987153081771436, 0.046777297491974394, -0.10693278346269926, 3.0229268800766215e-09, -0.04678617882343511, 0.99890492714327, 8.552815136675385e-09, 0.0, 0.0, 0.0, 1.0]}, {"left_foot_pose": [0.988111686536394, -0.1535335363764441, 0.007921372226266944, -0.0862882653541382, 0.15373774725227393, 0.9867991710683437, -0.05091268062700063, 0.05834966444220424, 3.564635961151395e-10, 0.05152522864164718, 0.9986716932072456, 7.363110655911331e-09, 0.0, 0.0, 0.0, 1.0], "right_foot_pose": [0.9998101731654531, -0.01939711690701479, -0.0018356172155363107, -0.05436722322272327, 0.019483778762508404, 0.9953631203359143, 0.09419469751682234, -0.10693278157696724, 1.1964384174580651e-10, -0.09421258159528194, 0.9955521028400032, 9.470826380086894e-09, 0.0, 0.0, 0.0, 1.0]}, {"left_foot_pose": [0.9881116865763135, -0.15373672900522123, 0.0005594694714746326, -0.08628826972763641, 0.15373774699570195, 0.9881051436215379, -0.0035958722650478365, 0.058349663035727056, 2.977485350222037e-09, 0.0036391349845866544, 0.9999933783263593, 6.520569320600522e-09, 0.0, 0.0, 0.0, 1.0], "right_foot_pose": [0.999810173154172, -0.019294803936517058, -0.0027070645495601998, -0.0543672278377626, 0.019483779341393538, 0.9901129192585876, 0.1389128844269437, -0.1069327838438424, 2.7145124311487684e-09, -0.13893925888059483, 0.9903009049484459, 7.984036709540732e-09, 0.0, 0.0, 0.0, 1.0]}, {"left_foot_pose": [0.9881116866075235, -0.15361744298423896, -0.006080789473432922, -0.08628827177074723, 0.15373774679510632, 0.9873384639622022, 0.03908276846801525, 0.058349662459782924, 2.3815748196022345e-09, -0.03955298714060298, 0.9992174744309952, 4.950376275569823e-09, 0.0, 0.0, 0.0, 1.0], "right_foot_pose": [0.9997178783295898, -0.023372223809293935, -0.0042311821505883335, -0.05501485501101632, 0.023752130917687807, 0.9837652321223579, 0.17788143338783965, -0.10638640141207466, 5.005217866981521e-06, -0.1779317487730949, 0.9840428307515359, 0.0022503001599705336, 0.0, 0.0, 0.0, 1.0]}, {"left_foot_pose": [0.9881116866159941, -0.1532977792508673, -0.011622635228227589, -0.08628827235503722, 0.15373774674066276, 0.9852839041159731, 0.07470162994935861, 0.05834966219807615, 1.4361269058365861e-09, -0.07560039131340113, 0.9971381954540007, 3.4295720915955563e-09, 0.0, 0.0, 0.0, 1.0], "right_foot_pose": [0.9992773292063168, -0.03716853282160851, -0.007957355225152138, -0.05717889074940515, 0.038010777445889994, 0.9771985410971249, 0.20889756359424017, -0.1045606815301677, 1.1499968203649229e-05, -0.20904906468468035, 0.9779051530809166, 0.008710108298546515, 0.0, 0.0, 0.0, 1.0]}, {"left_foot_pose": [0.9881116866159323, -0.15289980768022376, -0.01602945989013694, -0.08628827249275901, 0.15373774674106236, 0.9827260390528653, 0.10302542110784442, 0.058349661840566905, 5.524272279793232e-10, -0.10426495566017475, 0.99454955583982, 2.2806701874267254e-09, 0.0, 0.0, 0.0, 1.0], "right_foot_pose": [0.9981784622737555, -0.058701096473307235, -0.013926188481851582, -0.06056890625425065, 0.060330399850525296, 0.9712882359562257, 0.23012910625759336, -0.10170065440159909, 1.751217638840041e-05, -0.23055008992814227, 0.9730604584132729, 0.016558464368745245, 0.0, 0.0, 0.0, 1.0]}, {"left_foot_pose": [0.9881116866117949, -0.15251960859496078, -0.019314858923497064, -0.0862882722321986, 0.15373774676765212, 0.98028240191854, 0.12414152289876466, 0.058349661461269624, -1.8465860031736912e-10, -0.12563511246008874, 0.992076518478863, 1.5005463815942477e-09, 0.0, 0.0, 0.0, 1.0], "right_foot_pose": [0.9960615497734847, -0.08611549888735617, -0.021107105775673464, -0.06487931386557176, 0.0886644720017507, 0.9674842402943178, 0.23688152352342293, -0.09806413695503505, 2.1621620772663794e-05, -0.2378200278225302, 0.9713092370089953, 0.02291666010845283, 0.0, 0.0, 0.0, 1.0]}, {"left_foot_pose": [0.9881116865983144, -0.15224601475991395, -0.02136459214586326, -0.08628827137378657, 0.15373774685429442, 0.9785239439764603, 0.1373156810306785, 0.058349661600265154, -2.3294588559204075e-10, -0.13896777343858602, 0.9902969039361494, 8.979395282882052e-10, 0.0, 0.0, 0.0, 1.0], "right_foot_pose": [0.9926585516149422, -0.11783553949818527, -0.027272431811202216, -0.06980452146753054, 0.12095040057739953, 0.9671363051891093, 0.22364786559528022, -0.0939089420332403, 2.249203537041073e-05, -0.22530457788586897, 0.9742883796278077, 0.0250000093521072, 0.0, 0.0, 0.0, 1.0]}, {"left_foot_pose": [0.9881116865989721, -0.15209658267036635, -0.022403668149033704, -0.08628827111140402, 0.1537377468500684, 0.9775635056775389, 0.1439940886318102, 0.05834966160311992, -4.2982668706368496e-10, -0.1457265312406691, 0.9893249102759738, 7.000524257505525e-10, 0.0, 0.0, 0.0, 1.0], "right_foot_pose": [0.987895271767919, -0.15209246636362986, -0.030509239486060397, -0.07503890969870548, 0.15512231177610195, 0.9686253124922979, 0.19417021498787088, -0.089492892044212, 2.0194739225886572e-05, -0.19655250106428654, 0.9804933013119195, 0.025000010734638214, 0.0, 0.0, 0.0, 1.0]}, {"left_foot_pose": [0.988111686602029, -0.15208813866287443, -0.022460918916133107, -0.08628827082203164, 0.15373774683042196, 0.9775092340094711, 0.14436205396752705, 0.05834966163121197, -4.366127624892006e-10, -0.1460989236930935, 0.9892699856438184, 7.591726830513679e-10, 0.0, 0.0, 0.0, 1.0], "right_foot_pose": [0.9819515355709214, -0.1867631719028855, -0.029844587627951058, -0.08027689317721, 0.18913270881229055, 0.9696623311480995, 0.15486698166413204, -0.08507380817371551, 1.5723692853257286e-05, -0.15771645815578855, 0.9874844396645239, 0.02500001069894659, 0.0, 0.0, 0.0, 1.0]}, {"left_foot_pose": [0.9881116866071867, -0.1522201761694353, -0.021547917700964484, -0.08628827026722745, 0.15373774679727006, 0.9783578731147156, 0.13849396132737984, 0.05834966186597506, -2.5969028199187595e-10, -0.14016023002762718, 0.9901288350101737, 1.1829562121534742e-09, 0.0, 0.0, 0.0, 1.0], "right_foot_pose": [0.9752791124732818, -0.2196421706919036, -0.02424808501873319, -0.08521288169935909, 0.22097658852091218, 0.9693946043489287, 0.1069740547275065, -0.08090950242612636, 9.949194889781451e-06, -0.1096878202579157, 0.993966086