{"LoopMode": "Wrap", "FrameDuration": 0.0167, "EnableCycleOffsetPosition": true, "EnableCycleOffsetRotation": false, "Debug_info": [{"left_foot_pose": [1.0000000000000007, 1.0108970687418758e-13, -6.007028208188107e-12, 8.418516159483835e-13, -4.0100577581346025e-14, 0.9999490170028182, 0.010097692563071298, -1.9833093500842836e-14, 6.007426912332174e-12, -0.01009769256307147, 0.9999490170028185, 1.2869649790303583e-11, 0.0, 0.0, 0.0, 1.0], "right_foot_pose": [0.9999999999999998, -1.5217317393211325e-13, -6.056100065876534e-12, -8.747628345199485e-15, 6.533131464765681e-14, 0.9998970660483494, -0.014347728318543113, -0.1400000000015881, 6.057688299903389e-12, 0.014347728318542962, 0.9998970660483494, 1.0616833800991543e-11, 0.0, 0.0, 0.0, 1.0]}, {"left_foot_pose": [1.0000000000000004, 1.6772993479849312e-13, -1.3378131935581912e-11, 2.227134091437336e-12, -6.563615483597859e-14, 0.9999710698637617, 0.007606538997780932, 6.840084054715589e-13, 1.3378555531350392e-11, -0.007606538997781103, 0.999971069863762, 2.786752079098065e-11, 0.0, 0.0, 0.0, 1.0], "right_foot_pose": [0.9999999999999998, -3.712016602353305e-13, -1.3463063996965726e-11, 4.932369275761275e-13, 1.445072710031103e-13, 0.9998582076223703, -0.016839377963013963, -0.14000000000279741, 1.346717540169376e-11, 0.016839377963013817, 0.9998582076223703, 2.4576111978813486e-11, 0.0, 0.0, 0.0, 1.0]}, {"left_foot_pose": [1.0000000000000007, 1.662305872430696e-13, -2.348249372730039e-11, 4.255232024741034e-12, -6.876964139114533e-14, 0.9999914456331197, 0.004136261667792387, 1.928911891324603e-12, 2.348272995350009e-11, -0.004136261667792561, 0.9999914456331198, 4.831906402769093e-11, 0.0, 0.0, 0.0, 1.0], "right_foot_pose": [1.0, -7.583145905053482e-13, -2.3625046363662243e-11, 1.3608209058000876e-12, 2.7837163622325706e-13, 0.9997937050254642, -0.020311262675063228, -0.14000000000416565, 2.3635354575569475e-11, 0.020311262675063082, 0.9997937050254639, 4.3980805108922993e-11, 0.0, 0.0, 0.0, 1.0]}, {"left_foot_pose": [1.0000000000000004, 1.0901507291243729e-14, -3.61827789951974e-11, 6.937398800122648e-12, -2.1252715158253678e-14, 0.9999999564198689, -0.000295229166852829, 3.792589506335098e-12, 3.6182559900524445e-11, 0.00029522916685265527, 0.9999999564198689, 7.405279861538716e-11, 0.0, 0.0, 0.0, 1.0], "right_foot_pose": [1.0, -1.3952625975451434e-12, -3.6421865523550416e-11, 2.6298715367627232e-12, 4.935947268615847e-13, 0.9996937620115808, -0.024746357209351175, -0.14000000000557364, 3.6445208141640877e-11, 0.024746357209351026, 0.9996937620115807, 6.857980155983157e-11, 0.0, 0.0, 0.0, 1.0]}, {"left_foot_pose": [1.0000000000000007, -4.0483330361962926e-13, -5.1623649799381617e-11, 1.0354161453795762e-11, 1.1198645901839153e-13, 0.9999838740969007, -0.005679044475503988, 6.415572934015401e-12, 5.162487227861089e-11, 0.005679044475503814, 0.9999838740969009, 1.0548489859374399e-10, 0.0, 0.0, 0.0, 1.0], "right_foot_pose": [0.9999999999999996, -2.396197687168836e-12, -5.201911124075307e-11, 4.3774848796219315e-12, 8.274780933993188e-13, 0.9995457807383248, -0.030136891150423017, -0.1400000000069098, 5.206759934349441e-11, 0.030136891150422875, 0.9995457807383248, 9.867356237647229e-11, 0.0, 0.0, 0.0, 1.0]}, {"left_foot_pose": [1.0000000000000004, -1.2219919642431196e-12, -7.026107473606656e-11, 1.46710368026369e-11, 3.7727213054366473e-13, 0.9999276841628832, -0.012026073534367347, 1.0025287891513024e-11, 7.027040975178458e-11, 0.012026073534367172, 0.9999276841628832, 1.4369785916734656e-10, 0.0, 0.0, 0.0, 1.0], "right_foot_pose": [0.9999999999999996, -3.92287724415504e-12, -7.090394937847575e-11, 6.738217990824795e-12, 1.3326807931800384e-12, 0.9993338305983394, -0.03649513695891272, -0.1400000000080516, 7.099963066262636e-11, 0.03649513695891258, 0.999333830598339, 1.3519134423045642e-10, 0.0, 0.0, 0.0, 1.0]}, {"left_foot_pose": [1.0000000000000007, -2.6386063683606244e-12, -9.287320912321204e-11, 2.0152973998558516e-11, 8.394548918468166e-13, 0.999812375396652, -0.019370441494835598, 1.496285734203795e-11, 9.290659834123968e-11, 0.019370441494835418, 0.9998123753966524, 1.9048838201252138e-10, 0.0, 0.0, 0.0, 1.0], "right_foot_pose": [1.0, -6.208552474684889e-12, -9.389594657349672e-11, 9.92128981131653e-12, 2.084659615257003e-12, 0.9990378219195662, -0.043856930743143646, -0.1400000000088359, 9.407752244100726e-11, 0.043856930743143493, 0.9990378219195662, 1.7972271587618494e-10, 0.0, 0.0, 0.0, 1.0]}, {"left_foot_pose": [1.0000000000000004, -4.941059127317135e-12, -1.2054918174797528e-10, 2.7179186167983017e-11, 1.5918529670242981e-12, 0.9996143417718102, -0.027769906807759575, 2.1714473968925674e-11, 1.2063955382353309e-10, 0.027769906807759395, 0.9996143417718102, 2.4840451917640394e-10, 0.0, 0.0, 0.0, 1.0], "right_foot_pose": [0.9999999999999998, -9.590761823106447e-12, -1.2214534939047886e-10, 1.4231698653893826e-11, 3.191699234877269e-12, 0.9986323525786096, -0.052282161234131194, -0.14000000000901797, 1.2247949946575795e-10, 0.05228216123413107, 0.9986323525786094, 2.345237268275291e-10, 0.0, 0.0, 0.0, 1.0]}, {"left_foot_pose": [1.0000000000000002, -8.544165408568676e-12, -1.5467027658644368e-10, 3.626299475593051e-11, 2.768697719600636e-12, 0.9993039535293641, -0.037304268664368125, 3.09460183173238e-11, 1.5488114761643467e-10, 0.03730426866436795, 0.999303953529364, 3.207885207467953e-10, 0.0, 0.0, 0.0, 1.0], "right_foot_pose": [0.9999999999999999, -1.4553788308263182e-11, -1.5712159351366487e-10, 2.009743331441209e-11, 4.8075097498031385e-12, 0.9980852520733188, -0.061853290888518486, -0.14000000000821988, 1.5772062841698219e-10, 0.061853290888518354, 0.9980852520733189, 3.025193637262724e-10, 0.0, 0.0, 0.0, 1.0]}, {"left_foot_pose": [1.0, -1.4033844195739756e-11, -1.968011309472215e-10, 4.8060165079573875e-11, 4.557548985586929e-12, 0.9988439236755363, -0.0480709489864736, 4.351834864690929e-11, 1.972478654172393e-10, 0.048070948986473426, 0.9988439236755363, 4.1167883685355733e-10, 0.0, 0.0, 0.0, 1.0], "right_foot_pose": [1.0, -2.177177431297448e-11, -2.0051127425091396e-10, 2.809176180372927e-11, 7.142908275235232e-12, 0.9973559632072092, -0.0726710578911589, -0.14000000000586713, 2.01563278337228e-10, 0.07267105789115873, 0.9973559632072092, 3.8715620986895516e-10, 0.0, 0.0, 0.0, 1.0]}, {"left_foot_pose": [1.0000000000000002, -2.217950672050314e-11, -2.482641869860909e-10, 6.331694558937657e-11, 7.2004503392684325e-12, 0.9981878618018994, -0.06017468364148586, 6.040358838110826e-11, 2.4914874782417143e-10, 0.060174683641485684, 0.9981878618018996, 5.251150209106825e-10, 0.0, 0.0, 0.0, 1.0], "right_foot_pose": [0.9999999999999999, -3.211116881175707e-11, -2.537962617843446e-10, 3.891059628824815e-11, 1.0462304356814113e-11, 0.9963942257888002, -0.08484425033399536, -0.14000000000113633, 2.5560539431934773e-10, 0.0848442503339952, 0.9963942257888, 4.916809667743216e-10, 0.0, 0.0, 0.0, 1.0]}, {"left_foot_pose": [1.0000000000000007, -3.381630303498398e-11, -3.0899949265972225e-10, 8.265208359720748e-11, 1.0950238396074972e-11, 0.9972801766159441, -0.07370379453510086, 8.231946027614789e-11, 3.106514638130951e-10, 0.07370379453510068, 0.997280176615944, 6.629462048768353e-10, 0.0, 0.0, 0.0, 1.0], "right_foot_pose": [1.0000000000000002, -4.6473895759434167e-11, -3.1708552450382373e-10, 5.321114105330597e-11, 1.502602385454302e-11, 0.9951404248057172, -0.09846590738675459, -0.1399999999930029, 3.201204252276654e-10, 0.09846590738675444, 0.9951404248057171, 6.170400718152891e-10, 0.0, 0.0, 0.0, 1.0]}, {"left_foot_pose": [1.0000000000000004, -4.929760213429246e-11, -3.7459951807150477e-10, 1.0587753266942892e-10, 1.5886260066106225e-11, 0.9960606413241753, -0.08867467961528629, 1.0858489801757187e-10, 3.7749503309049874e-10, 0.08867467961528608, 0.9960606413241752, 8.185734381993548e-10, 0.0, 0.0, 0.0, 1.0], "right_foot_pose": [1.0, -6.512486771179866e-11, -3.8602976371038225e-10, 7.10302829389281e-11, 2.086719923269176e-11, 0.9935314517871537, -0.11355727325764256, -0.13999999998066281, 3.909277709594281e-10, 0.11355727325764242, 0.9935314517871537, 7.561474016370973e-10, 0.0, 0.0, 0.0, 1.0]}, {"left_foot_pose": [1.0000000000000007, -6.672725631030819e-11, -4.2911335595974146e-10, 1.3009986239661452e-10, 2.1343903179508993e-11, 0.9944823970946846, -0.10490358367954401, 1.3405210969041903e-10, 4.3374542194857613e-10, 0.1049035836795438, 0.9944823970946849, 9.605095260822871e-10, 0.0, 0.0, 0.0, 1.0], "right_foot_pose": [1.0, -8.557170800978489e-11, -4.442481937871884e-10, 9.007276544154846e-11, 2.712168074724966e-11, 0.9915221484535223, -0.12993778944599302, -0.13999999996507254, 4.5160068083538314e-10, 0.12993778944599285, 0.9915221484535226, 8.793118316807735e-10, 0.0, 0.0, 0.0, 1.0]}, {"left_foot_pose": [1.0000000000000002, -7.755249896845634e-11, -4.3078640654670013e-10, 1.451645116355159e-10, 2.4544859337964754e-11, 0.9925655827924841, -0.12171098494309016, 1.425790215059397e-10, 4.3702257967888577e-10, 0.12171098494308999, 0.9925655827924841, 9.968328176790386e-10, 0.0, 0.0, 0.0, 1.0], "right_foot_pose": [0.9999999999999998, -9.735064774275598e-11, -4.48130754726605e-10, 1.0157081845595985e-10, 3.045283183237492e-11, 0.989147696242615, -0.14692458956188148, -0.13999999995301063, 4.5757046588216735e-10, 0.1469245895618813, 0.989147696242615, 9.037752560225876e-10, 0.0, 0.0, 0.0, 1.0]}, {"left_foot_pose": [0.9999999895985294, -0.00014278946521565603, 2.0349694911550562e-05, -3.068273908203581e-05, 0.0001442313365884444, 0.9904922049732001, -0.13756878673831, 2.7664804322355407e-05, -5.128406950903674e-07, 0.1375687882424558, 0.9904922152653397, 0.00016386109870229065, 0.0, 0.0, 0.0, 1.0], "right_foot_pose": [0.9999999999999996, -7.774221309576965e-11, -3.2252644999175526e-10, 1.1590727230184655e-10, 2.42401316912854e-11, 0.986679887589419, -0.1626739051800617, -0.14000000002195329, 3.3087691364622293e-10, 0.16267390518006153, 0.9866798875894188, 6.4602712068762e-10, 0.0, 0.0, 0.0, 1.0]}, {"left_foot_pose": [0.9999917059794992, -0.0040210733488757425, 0.0006472567765831933, -0.0008665279096565563, 0.004072832344711853, 0.9873993585654285, -0.15819582403234692, 0.0007813136502798357, -2.983914105554571e-06, 0.15819714812127394, 0.9874075462125015, 0.004191208979570524, 0.0, 0.0, 0.0, 1.0], "right_foot_pose": [0.9999999999999999, -3.722017467285541e-11, -1.0677786432822223e-10, 1.9707342855396385e-10, 1.7922237212505107e-11, 0.984509578278305, -0.17533080242294644, -0.1400000001689793, 1.1164962727823178e-10, 0.1753308024229462, 0.9845095782783051, 3.0602823053449413e-10, 0.0, 0.0, 0.0, 1.0]}, {"left_foot_pose": [0.9999202190777302, -0.012413201670620279, 0.00233835494086189, -0.002687551510246787, 0.012631525900926303, 0.9827214578649829, -0.1846590934807651, 0.0024232678074730257, -5.741008799229271e-06, 0.18467389819898236, 0.9827998531191556, 0.011469801564381349, 0.0, 0.0, 0.0, 1.0], "right_foot_pose": [0.9999999999999997, 5.122924348339648e-12, 1.2111162073225043e-10, 1.6256262921287117e-10, 1.7232326804367246e-11, 0.9829520669640244, -0.1838619973000195, -0.1400000001325504, -1.1998905042955629e-10, 0.1838619973000193, 0.9829520669640244, 1.1601030552865765e-10, 0.0, 0.0, 0.0, 1.0]}, {"left_foot_pose": [0.9996918158485145, -0.02425069546233165, 0.005308210159159901, -0.0052822909639418285, 0.024824851482146762, 0.9766448398637827, -0.2134211412122444, 0.004762859537470366, -8.624960094992382e-06, 0.21348714372776773, 0.9769458733156975, 0.019120925671433482, 0.0, 0.0, 0.0, 1.0], "right_foot_pose": [1.0, 2.6375566055603316e-11, 2.810513488604725e-10, -4.39891865731116e-12, 2.679955146376146e-11, 0.9822578283456022, -0.18753548638532935, -0.14000000000991986, -2.810113199927978e-10, 0.18753548638532916, 0.9822578283456023, 4.050355884022139e-11, 0.0, 0.0, 0.0, 1.0]}, {"left_foot_pose": [0.9992134260493368, -0.038506044572984115, 0.009477010820421405, -0.008439282450578204, 0.03965512675573692, 0.9703265607602256, -0.23852428892089703, 0.007609416325098959, -1.1168414739583619e-05, 0.2387124839939804, 0.9710902892422986, 0.024265877395707056, 0.0, 0.0, 0.0, 1.0], "right_foot_pose": [1.0, 8.828651154916311e-12, 3.182339392004962e-10, -2.6529544203437323e-10, 5.045831908554719e-11, 0.9825844601111294, -0.18581651903994034, -0.13999999993278753, -3.1433251647253827e-10, 0.18581651903994023, 0.9825844601111294, 8.604638529474684e-11, 0.0, 0.0, 0.0, 1.0]}, {"left_foot_pose": [0.9984238765661938, -0.054281489443533844, 0.014257720937307119, -0.01194705625584216, 0.05612274530015332, 0.9657255818866439, -0.2534252117483139, 0.010772259365258732, -1.2747892316994991e-05, 0.253825964774085, 0.9672499053729586, 0.02500000081170431, 0.0, 0.0, 0.0, 1.0], "right_foot_pose": [0.9999999999999998, -5.203130576166513e-11, 2.0489870911077935e-10, -5.4504150798239e-10, 8.773490280474431e-11, 0.9839726526519904, -0.1783194292078283, -0.13999999994564305, -1.923367342015247e-10, 0.1783194292078282, 0.9839726526519905, 3.312555438284015e-10, 0.0, 0.0, 0.0, 1.0]}, {"left_foot_pose": [0.9973152214359711, -0.07065036165671104, 0.019258127891806868, -0.01559414612304233, 0.07322806097723612, 0.9622565846157027, -0.2621066890585547, 0.014060719010911805, -1.3327996632544675e-05, 0.26281322600185, 0.9648467277556917, 0.025000000428928144, 0.0, 0.0, 0.0, 1.0], "right_foot_pose": [1.0, -1.4656422640626997e-10, -6.628775306438592e-11, -8.01905541087305e-10, 1.3361533471223653e-10, 0.9862887773897226, -0.16502862659274162, -0.13999999991760353, 8.9566077209757e-11, 0.1650286265927415, 0.9862887773897224, 8.00586978655371e-10, 0.0, 0.0, 0.0, 1.0]}, {"left_foot_pose": [0.9959441124025614, -0.08674831502974514, 0.023875820617827934, -0.019169089164375066, 0.08997402295637813, 0.960275693306094, -0.2641500861982568, 0.017284126190583768, -1.2795304375993145e-05, 0.2652269267721536, 0.9641860179194054, 0.024910269147311315, 0.0, 0.0, 0.0, 1.0], "right_foot_pose": [1.0, -2.5907792117257255e-10, -5.163772187621858e-10, -9.883654609612817e-10, 1.8112560016632373e-10, 0.9893416753842251, -0.1456126689128886, -0.13999999998168697, 5.485983600833129e-10, 0.1456126689128885, 0.9893416753842251, 1.503660002066809e-09, 0.0, 0.0, 0.0, 1.0]}, {"left_foot_pose": [0.994433199009495, -0.10194145800937482, 0.026656178395748305, -0.02246041833839423, 0.10536893560552561, 0.9621118988195467, -0.2514718305480868, 0.020251804770795905, -1.0821357247752323e-05, 0.2528806700575783, 0.9674974762727443, 0.0211638323672438, 0.0, 0.0, 0.0, 1.0], "right_foot_pose": [0.9999999999999998, -3.5497650366630955e-10, -1.1496033014424233e-09, -9.788321492233447e-10, 2.1500945026303084e-10, 0.992829570957553, -0.11953845838156593, -0.1400000004709254, 1.1837933823010443e-09, 0.11953845838156578, 0.9928295709575526, 2.5180223392484713e-09, 0.0, 0.0, 0.0, 1.0]}, {"left_foot_pose": [0.9929625991393086, -0.1153613168335368, 0.026777663993383938, -0.02525666876265677, 0.11842836083494755, 0.9672618095853327, -0.2244533694727168, 0.02277308848705786, -7.775460611831426e-06, 0.2260450359909295, 0.9741168521503991, 0.013996810921063405, 0.0, 0.0, 0.0, 1.0], "right_foot_pose": [0.9999999999999998, -3.759251155420196e-10, -1.910553382167277e-09, -7.337692296211729e-10, 2.0899898410751185e-10, 0.9962404799440439, -0.08663086124967904, -0.14000000090770498, 1.935937341507194e-09, 0.0866308612496789, 0.996240479944044, 3.894517590363744e-09, 0.0, 0.0, 0.0, 1.0]}, {"left_foot_pose": [0.9917516045925996, -0.12584541614655598, 0.024324597075904997, -0.02734637916226493, 0.12817470409095855, 0.9737352288055541, -0.18817797271251296, 0.024657311579046465, -4.38181368793956e-06, 0.18974360441895283, 0.9818336745920384, 0.006287909323708332, 0.0, 0.0, 0.0, 1.0], "right_foot_pose": [0.9999999999999998, -2.6574146541806273e-10, -2.728554160391637e-09, -2.3074485968010698e-10, 1.3707466189192408e-10, 0.9988926371983793, -0.04704784108614248, -0.14000000113373534, 2.7380350520463032e-09, 0.04704784108614232, 0.9988926371983793, 5.51245402102829e-09, 0.0, 0.0, 0.0, 1.0]}, {"left_foot_pose": [0.9910307399102632, -0.1321834815340603, 0.019636694285244772, -0.0285180845384117, 0.13363409950760105, 0.9802743920798922, -0.14561608318173974, 0.02571380365808869, -1.3077106113841195e-06, 0.14693414661654838, 0.9891462766226026, 0.000915837815248316, 0.0, 0.0, 0.0, 1.0], "right_foot_pose": [0.9999999999999998, 1.1617748287721373e-11, -3.4246528946013655e-09, 5.052205765896781e-10, -1.698638863614902e-11, 0.9999987712144134, -0.0015676637596718313, -0.1400000009933566, 3.4246303729119824e-09, 0.001567663759671679, 0.9999987712144134, 7.000823067093709e-09, 0.0, 0.0, 0.0, 1.0]}, {"left_foot_pose": [0.9909195088174602, -0.1337777117242235, 0.013492623569725547, -0.028694653660943904, 0.13445641317900695, 0.9859175987120554, -0.09943822959451495, 0.025873014258426683, 3.7828726297484834e-09, 0.10034945139703424, 0.9949522539319742, 7.783153600782189e-09, 0.0, 0.0, 0.0, 1.0], "right_foot_pose": [0.9999999999999998, 2.910594143674399e-10, -3.6780635204181083e-09, 1.0143544128263365e-09, -1.2361201667303514e-10, 0.9989668790075686, 0.04544419265294247, -0.1400000008431408, 3.6874904644818404e-09, -0.04544419265294263, 0.9989668790075685, 7.69811733802861e-09, 0.0, 0.0, 0.0, 1.0]}, {"left_foot_pose": [0.9909195088299778, -0.13428033306877432, 0.006878893159208395, -0.028694653630842185, 0.13445641308675776, 0.9896218295121393, -0.050696227994700784, 0.02587301391850798, 3.547224192653891e-09, 0.05116079264423547, 0.998690429160115, 6.989572441662428e-09, 0.0, 0.0, 0.0, 1.0], "right_foot_pose": [0.9999999999999998, 5.127096248836803e-10, -3.3954673517300227e-09, 1.0257933692779753e-09, -1.9130672789587423e-10, 0.9955733289959777, 0.0939880130222288, -0.1400000010228452, 3.428625099684462e-09, -0.09398801302222898, 0.9955733289959778, 7.500060072995751e-09, 0.0, 0.0, 0.0, 1.0]}, {"left_foot_pose": [0.9909195088423616, -0.13445483189580698, 0.0006520548166991989, -0.028694653693884926, 0.13445641299548997, 0.9909078563200794, -0.004805547578801363, 0.025873013579343854, 2.8512562795748928e-09, 0.004849583798234068, 0.9999882406993518, 5.458536407598746e-09, 0.0, 0.0, 0.0, 1.0], "right_foot_pose": [0.9999999994611524, -3.247685147219347e-05, -4.790445977509233e-06, 1.1668451789682693e-08, 3.2827314626883136e-05, 0.9903712819219624, 0.13843671068981614, -0.1399931306671231, 2.4833163202371617e-07, -0.13843671077247757, 0.9903712824544314, 3.740474071901173e-05, 0.0, 0.0, 0.0, 1.0]}, {"left_foot_pose": [0.9909195088518592, -0.13437346527162977, -0.004722161336226352, -0.028694654076749853, 0.13445641292549537, 0.9903082001273363, 0.03480146237969827, 0.025873013676204377, 1.9971084607346916e-09, -0.035120372883141675, 0.99938308941494, 3.7461212257228205e-09, 0.0, 0.0, 0.0, 1.0], "right_foot_pose": [0.9999943013436134, -0.003322824290458645, -0.0005967570969858453, 1.1215382248347213e-06, 0.003375984440516066, 0.984407171362456, 0.17587246430076903, -0.13929336598129285, 3.0586694328404914e-06, -0.17587347670670153, 0.9844127793673454, 0.0034929892655031353, 0.0, 0.0, 0.0, 1.0]}, {"left_foot_pose": [0.9909195088550673, -0.1341492706822156, -0.009082959091770345, -0.028694654278069248, 0.1344564129018516, 0.9886559267281297, 0.06693976079215246, 0.025873013554834193, 1.2483982647875173e-09, -0.06755317698504924, 0.9977156750694197, 2.308041278931139e-09, 0.0, 0.0, 0.0, 1.0], "right_foot_pose": [0.999933856101147, -0.011253328111283573, -0.0023761374349035333, 3.821959174250323e-06, 0.011501451401228348, 0.9784730278889493, 0.20605399852828923, -0.1375925376758917, 6.1931365295227336e-06, -0.20606769834268285, 0.9785377374743367, 0.010538496782221699, 0.0, 0.0, 0.0, 1.0]}, {"left_foot_pose": [0.9909195088544162, -0.13388184976906495, -0.01241681417019395, -0.028694654329087563, 0.13445641290665047, 0.9866850826235382, 0.09150967575321853, 0.025873013309809106, 6.538305106949093e-10, -0.09234824324585902, 0.9957267707405503, 1.226851467639456e-09, 0.0, 0.0, 0.0, 1.0], "right_foot_pose": [0.9997260300736875, -0.022792043147750518, -0.005327997959371715, 7.780647007854313e-06, 0.023406510022498404, 0.9735689993253961, 0.227190534224279, -0.13510022960132517, 9.03718291304021e-06, -0.22725300068799484, 0.9738357528847623, 0.018295207954164422, 0.0, 0.0, 0.0, 1.0]}, {"left_foot_pose": [0.9909195088520864, -0.1336464265989705, -0.014736337186256705, -0.02869465426246483, 0.13445641292382132, 0.9849500559321922, 0.10860414514571512, 0.02587301305069405, 2.232782443442596e-10, -0.10959936120479281, 0.9939758447887465, 5.01215159653956e-10, 0.0, 0.0, 0.0, 1.0], "right_foot_pose": [0.9992744556047607, -0.03701549588301733, -0.008967465658897096, 1.2663043777670668e-05, 0.03808624759930313, 0.9712485179531929, 0.2350016044999078, -0.13202602102019984, 1.0936807131053521e-05, -0.2351726375203138, 0.9719536153758191, 0.023884417203427336, 0.0, 0.0, 0.0, 1.0]}, {"left_foot_pose": [0.990919508849724, -0.13349411392114335, -0.016057662639114387, -0.02869465412993955, 0.13445641294123123, 0.9838275386313632, 0.11834207725712588, 0.02587301295670135, -3.261499385982427e-11, -0.11942652879056308, 0.9928430410800282, 1.1829785068195875e-10, 0.0, 0.0, 0.0, 1.0], "right_foot_pose": [0.9985119288760532, -0.05312429799204177, -0.012318151447187533, 1.813472338468554e-05, 0.05453373051243892, 0.9727521700914171, 0.22534260098533393, -0.12857948890090443, 1.1341066719509897e-05, -0.22567902991924513, 0.9742017118267081, 0.02500000114140727, 0.0, 0.0, 0.0, 1.0]}, {"left_foot_pose": [0.9909195088483238, -0.13344888736620814, -0.0164292861840966, -0.028694653980097514, 0.13445641295155072, 0.9834942269278157, 0.12108087634247357, 0.025873012993015587, -1.1462475381510535e-10, -0.12219042540387672, 0.9925066750101084, 6.349157311014153e-13, 0.0, 0.0, 0.0, 1.0], "right_foot_pose": [0.9974232399732682, -0.07021002362479611, -0.014745607611547473, 2.3865978064598146e-05, 0.07174176086056899, 0.9761575567851506, 0.20486469700724483, -0.12497022096514741, 1.0481082635215052e-05, -0.2053946857001196, 0.9786792237379396, 0.02500000215060611, 0.0, 0.0, 0.0, 1.0]}, {"left_foot_pose": [0.9909195088482029, -0.13351512693273282, -0.01588199811652362, -0.028694653810233818, 0.13445641295244, 0.9839824006508221, 0.11704746142231719, 0.02587301303046524, -3.5126305287175685e-11, -0.11812004948179682, 0.9929993222104528, 1.555554990373409e-10, 0.0, 0.0, 0.0, 1.0], "right_foot_pose": [0.9960578999657161, -0.08729752739325071, -0.015741716136176233, 2.9522822088707472e-05, 0.08870546680357537, 0.9802657203325073, 0.176664817380684, -0.12140780072014853, 8.662972784605921e-06, -0.1773647632761799, 0.9841451827209934, 0.02499255309601807, 0.0, 0.0, 0.0, 1.0]}, {"left_foot_pose": [0.9909195088493188, -0.13368212768340687, -0.01440887642610243, -0.028694653681522082, 0.1344564129442157, 0.9852131663164784, 0.10619081850534408, 0.025873013254546974, 2.085861322828331e-10, -0.10716391955643306, 0.994241366241268, 6.327046872534048e-10, 0.0, 0.0, 0.0, 1.0], "right_foot_pose": [0.9945327466774116, -0.10340397514077064, -0.014568243249281613, 3.4769322920202546e-05, 0.10442516817866351, 0.9848151654899521, 0.13868840640751406, -0.11810180384496362, 6.094357963426516e-06, -0.1394514530081522, 0.9902289089987093, 0.02183779489079373, 0.0, 0.0, 0.0, 1.0]}, {"left_foot_pose": [0.9909195088509908, -0.13391794598270318, -0.01202126126020057, -0.028694653607587745, 0.13445641293189503, 0.986951104961488, 0.08859452261165464, 0.025873013507734233, 5.903142922731992e-10, -0.08940637650119262, 0.9959952308324211, 1.3545040228324368e-09, 0.0, 0.0, 0.0, 1.0], "right_foot_pose": [0.9930244781556915, -0.11736811626922147, -0.011274354395286882, 3.9278573025952656e-05, 0.11790837871843618, 0.9884771492112098, 0.09492386272834358, -0.11526182531036662, 3.406734426036521e-06, -0.09559106009818141, 0.9954206895668283, 0.014923781541317856, 0.0, 0.0, 0.0, 1.0]}, {"left_foot_pose": [0.9909195088523086, -0.13416953914431376, -0.008778481742494766, -0.02869465393553905, 0.13445641292218427, 0.988805301403567, 0.06469581856891064, 0.02587301356424978, 1.1232979684216468e-09, -0.06528867192710183, 0.9978664185741478, 2.242900719318097e-09, 0.0, 0.0, 0.0, 1.0], "right_foot_pose": [0.991752252739369, -0.1279930479837518, -0.006726726857515274, 4.271721212556999e-05, 0.12816968902479314, 0.9903859683091372, 0.05204002874384787, -0.11309745129003944, 1.2939962440698484e-06, -0.05247297822881525, 0.9986223443094613, 0.007129216736388146, 0.0, 0.0, 0.0, 1.0]}, {"left_foot_pose": [0.9909195088511331, -0.13437151215338677, -0.0047774156028630695, -0.028694653874270892, 0.1344564129308467, 0.9902938058436866, 0.0352086797451647, 0.02587301345698762, 1.54117388875064e-09, -0.0355313218054164, 0.9993685632291827, 3.057631037250985e-09, 0.0, 0.0, 0.0, 1.0], "right_foot_pose": [0.9909504741978631, -0.13421663765155856, -0.0017469586545143538, 4.475105495314966e-05, 0.13422800634372328, 0.9908665574167868, 0.01289603450659209, -0.11181826346908905, 1.4051743477857066e-07, -0.013013822286939983, 0.9999153166290955, 0.0013328072214212547, 0.0, 0.0, 0.0, 1.0]}, {"left_foot_pose": [0.9909195088477546, -0.13445607302144388, -0.00030234513095858196, -0.028694653836992694, 0.1344564129557462, 0.9909170036226591, 0.0022282160052543797, 0.025873013247944394, 1.7573189900613581e-09, -0.002248634951316862, 0.9999974718172326, 3.4936499110349573e-09, 0.0, 0.0, 0.0, 1.0], "right_foot_pose": [0.9907845569946844, -0.13541476911999786, 0.002966803839915033, 4.516212327368863e-05, 0.13544726509179458, 0.990546851599496, -0.021701916170683965, -0.11156070026640291, 1.7647733266960064e-09, 0.021903768865287065, 0.9997600836748267, 3.381797231138961e-09, 0.0, 0.0, 0.0, 1.0]}, {"left_foot_pose": [0.9909195088438482, -0.13438770920916882, 0.00429774431292543, -0.02869465390880535, 0.13445641298453376, 0.9904131740056509, -0.03167361304597447, 0.025873013330758348, 1.713596417734768e-09, 0.031963860367067574, 0.9994890252676292, 3.5040752660586705e-09, 0.0, 0.0, 0.0, 1.0], "right_foot_pose": [0.9907845569907983, -0.13523314951403467, 0.007612942996085432, 4.5162050462431826e-05, 0.1354472651202191, 0.9892183198749711, -0.0556880058467922, -0.1115607001606093, 1.7409259715120228e-09, 0.056205968510950784, 0.9984191950797748, 3.3008294708647412e-09, 0.0, 0.0, 0.0, 1.0]}, {"left_foot_pose": [0.990919508841653, -0.134179638161957, 0.00862274316817654, -0.02869465394136572, 0.13445641300071237, 0.9888797275488102, -0.06354807192963546, 0.025873013335802688, 1.3825383917405912e-09, 0.06413040734096759, 0.9979415267711244, 2.9386223246441467e-09, 0.0, 0.0, 0.0, 1.0], "right_foot_pose": [0.9907845569890946, -0.13491517471657496, 0.01199405115542721, 4.516197553886209e-05, 0.13544726513268165, 0.986892362543976, -0.08773541542869748, -0.11156070006302486, 1.4201409553054168e-09, 0.08855145613464016, 0.9960716036593127, 2.6946444589559526e-09, 0.0, 0.0, 0.0, 1.0]}, {"left_foot_pose": [0.9909141343838869, -0.13390920044727062, 0.012550072262960146, -0.02830142828678049, 0.13449601584520074, 0.9865907217129618, -0.09246388241722268, 0.02592656365862654, -2.0286723312551077e-08, 0.09331170272517297, 0.9956369449425477, 0.0028444575040805636, 0.0, 0.0, 0.0, 1.0], "right_foot_pose": [0.9907845569899124, -0.13452670535615108, 0.015764744727475213, 4.516202795327388e-05, 0.13544726512670222, 0.9840507442411861, -0.11531769650866666, -0.11156070037227916, 9.987270549149314e-10, 0.11639028440719343, 0.9932035550155932, 1.853748037017322e-09, 0.0, 0.0, 0.0, 1.0]}, {"left_foot_pose": [0.9908990518313114, -0.1336219845993342, 0.016255285649418826, -0.02719852330181366, 0.13460709149152025, 0.9836473130476057, -0.11966158303490668, 0.026076773933977473, -4.984644998224306e-08, 0.12076062589255468, 0.9926816565415305, 0.009617036374949248, 0.0, 0.0, 0.0, 1.0], "right_foot_pose": [0.9907845569920452, -0.1341368062368361, 0.018795713305375456, 4.516200885990463e-05, 0.13544726511109922, 0.9811986676159608, -0.1374889560749789, -0.11156070042205181, 6.086081769875272e-10, 0.138767762399072, 0.9903249507705816, 1.121190522368476e-09, 0.0, 0.0, 0.0, 1.0]}, {"left_foot_pose": [0.9908762229166131, -0.13334601680598857, 0.019574234607872054, -0.025530900631818742, 0.13477503796512316, 0.9803700400971834, -0.14391064457276173, 0.026303902052369224, -8.193763133865575e-08, 0.14523575414416728, 0.9893970768696305, 0.017439489963413136, 0.0, 0.0, 0.0, 1.0], "right_foot_pose": [0.9907845569944299, -0.13380337117892516, 0.02103852377201977, 4.516192579850659e-05, 0.13544726509365584, 0.9787596205770454, -0.15389491059332572, -0.11156070030411691, 3.000629325630775e-10, 0.15532631132243338, 0.9878632177639607, 5.576566777798497e-10, 0.0, 0.0, 0.0, 1.0]}, {"left_foot_pose": [0.990847608451471, -0.13317253982284985, 0.022047482013446112, -0.023443576288250355, 0.13498524669751802, 0.9775417221600046, -0.1618368456516126, 0.026588195686936898, -1.0976437218037027e-07, 0.16333173627187397, 0.9865712057050945, 0.02343311298696668, 0.0, 0.0, 0.0, 1.0], "right_foot_pose": [0.9907845569963165, -0.13357010368760433, 0.02247196071764425, 4.516181082973164e-05, 0.13544726507985586, 0.9770532901980294, -0.1643803713817222, -0.11156070014195757, 9.328805326971677e-11, 0.1659092990585163, 0.9861410165315669, 1.8934834949968504e-10, 0.0, 0.0, 0.0, 1.0]}, {"left_foot_pose": [0.9908151748187851, -0.13324808247384173, 0.02302689440341, -0.021081564497249, 0.13522310952202649, 0.9763437913226185, -0.16872318097099295, 0.026909898696464152, -1.2505093940064462e-07, 0.17028725631362004, 0.9853944643325153, 0.025000000910797328, 0.0, 0.0, 0.0, 1.0], "right_foot_pose": [0.9907845569971963, -0.13346637742305498, 0.023080028453974007, 4.516173546400756e-05, 0.1354472650734212, 0.9762945420633232, -0.168828331513098, -0.11156070008264267, 3.1505899723089502e-12, 0.17039863037868797, 0.9853752111582003, 5.0124626671532724e-11, 0.0, 0.0, 0.0, 1.0]}, {"left_foot_pose": [0.9907808989835281, -0.13353172416087122, 0.022858015049832977, -0.01858989030533107, 0.13547402042228399, 0.9765761928364521, -0.16716976214520415, 0.027249259167320388, -1.267463523929286e-07, 0.16872527441876156, 0.9856631177904035, 0.025000001028732996, 0.0, 0.0, 0.0, 1.0], "right_foot_pose": [0.9907845569969279, -0.1334981910671746, 0.022895296420731185, 4.5161749715382817e-05, 0.13544726507538282, 0.9765272559609047, -0.1674770334973269, -0.1115607000828368, 2.904131022036665e-11, 0.16903476372408685, 0.9856100895652106, 9.252935917469784e-11, 0.0, 0.0, 0.0, 1.0]}, {"left_foot_pose": [0.9907467715462941, -0.13396327793581464, 0.021787033650495877, -0.016113571029374503, 0.13572337554961839, 0.9778986355661792, -0.15903906402900966, 0.027586528417552755, -1.1614268442015072e-07, 0.16052444898674387, 0.9870318643678581, 0.025000001241694964, 0.0, 0.0, 0.0, 1.0], "right_foot_pose": [0.9907845569956029, -0.13366033133229874, 0.02192891805736641, 4.5161780822944655e-05, 0.13544726508507504, 0.9777132971792832, -0.16040806369939253, -0.11156070006592803, 1.6499104523850444e-10, 0.16190004430806998, 0.9868071623438113, 3.402535406205054e-10, 0.0, 0.0, 0.0, 1.0]}, {"left_foot_pose": [0.9907147976825347, -0.13466741112315858, 0.018678277068328468, -0.013797620492433493, 0.1359565726724796, 0.9813207744472041, -0.13610785423880978, 0.02790195089325959, -8.89541629950902e-08, 0.13738349980884298, 0.9905179321851103, 0.022459722608727646, 0.0, 0.0, 0.0, 1.0], "right_foot_pose": [0.9907845569928893, -0.13403627834145693, 0.01949968494040959, 4.5161799127330874e-05, 0.13544726510492475, 0.98046331525919, -0.14263844434988338, -0.11156070028195335, 4.858894498317585e-10, 0.14396514689094012, 0.9895827587830489, 9.352455268563098e-10, 0.0, 0.0, 0.0, 1.0]}, {"left_foot_pose": [0.9906869955766409, -0.1353473559219259, 0.014844865788318706, -0.011787066863314337, 0.1361590129052296, 0.9847814610267582, -0.1080101718482025, 0.028175779028774404, -5.744743993704193e-08, 0.10902553491246024, 0.994038949305836, 0.015838561035201378, 0.0, 0.0, 0.0, 1.0], "right_foot_pose": [0.9907845569903686, -0.13441111879108086, 0.01672162595947844, 4.516185828399959e-05, 0.13544726512336372, 0.9832052390008671, -0.12231719573244527, -0.11156070050857916, 8.778132361825131e-10, 0.12345488709070201, 0.992350185596507, 1.6942972233535691e-09, 0.0, 0.0, 0.0, 1.0]}, {"left_foot_pose": [0.9906653932918761, -0.1359218056056224, 0.010360564403590311, -0.010226928732792972, 0.1363160978529421, 0.9877999239374047, -0.07529430081623405, 0.028388266022576648, -2.7411059773070433e-08, 0.0760037698418026, 0.9971075302944185, 0.007998176772316713, 0.0, 0.0, 0.0, 1.0], "right_foot_pose": [0.9907845569887995, -0.1348103030655057, 0.013120358984967303, 4.516193046776853e-05, 0.13544726513484104, 0.9861252358028084, -0.09597425529978046, -0.11156070060848217, 1.3455810699211842e-09, 0.09686692676162394, 0.9952973417525833, 2.613759736425081e-09, 0.0, 0.0, 0.0, 1.0]}, {"left_foot_pose": [0.9906520230753652, -0.13629888387783173, 0.005584212598424175, -0.009262221988309616, 0.13641322947825518, 0.9898216309632109, -0.04055329457199555, 0.028519661317333758, -5.634085622015314e-09, 0.040935963784762615, 0.9991617721215185, 0.0018172763569665254, 0.0, 0.0, 0.0, 1.0], "right_foot_pose": [0.9907845569895317, -0.1351628318924814, 0.008773283641945536, 4.516198778878647e-05, 0.13544726512948585, 0.9887039525905063, -0.06417579372981833, -0.11156070048100912, 1.8054806419049976e-09, 0.06477270263555626, 0.9979000435881771, 3.535107331864573e-09, 0.0, 0.0, 0.0, 1.0]}, {"left_foot_pose": [0.9906486143617452, -0.13643648316436327, 0.000639472357872379, -0.009016381714360937, 0.1364379817468587, 0.9906377333868864, -0.004643094543214564, 0.028553150225968535, 2.0433093463693284e-09, 0.0046869234934769095, 0.9999890163137631, 4.017079884011121e-09, 0.0, 0.0, 0.0, 1.0], "right_foot_pose": [0.990784556993311, -0.135390905030882, 0.00390697561888032, 4.516201867442232e-05, 0.1354472651018389, 0.9903722877079125, -0.028579190272428424, -0.11156070020142944, 2.0543441530662413e-09, 0.028845009535692294, 0.9995838961412322, 4.0655314878512705e-09, 0.0, 0.0, 0.0, 1.0]}, {"left_foot_pose": [0.9906486143667463, -0.1363666852560995, -0.004410216039003208, -0.009016381736971559, 0.1364379817105445, 0.9901309456960964, 0.032021672687542295, 0.028553150074855177, 2.0166664550341558e-09, -0.032323946652888486, 0.9994774447043726, 3.903286728557109e-09, 0.0, 0.0, 0.0, 1.0], "right_foot_pose": [0.9907845569983547, -0.13544275325857075, -0.0011055330440660324, 4.5161991020323906e-05, 0.13544726506494548, 0.9907515536613313, 0.008086859964428332, -0.1115607003381799, 2.0022336296962757e-09, -0.008162077394621669, 0.9999666896915138, 4.060594548105367e-09, 0.0, 0.0, 0.0, 1.0]}, {"left_foot_pose": [0.9906486143698887, -0.13612684719473678, -0.009208926095952863, -0.009016381859961708, 0.13643798168772514, 0.9883895305214963, 0.0668641391814544, 0.028553149911628536, 1.6834242805765213e-09, -0.06749531412118656, 0.9977195911535884, 3.230702379231065e-09, 0.0, 0.0, 0.0, 1.0], "right_foot_pose": [0.9907845570019954, -0.1353207208445132, -0.0058535558834466915, 4.5161888432707336e-05, 0.1354472650383141, 0.9898588981370038, 0.0428182224366821, -0.11156070039020877, 1.6515591745720368e-09, -0.04321648168370293, 0.9990657314265573, 3.4639748222597966e-09, 0.0, 0.0, 0.0, 1.0]}, {"left_foot_pose": [0.9906486143700286, -0.13577984392779316, -0.013384947877649775, -0.009016381921502446, 0.13643798168671123, 0.9858700099628304, 0.09718539298241531, 0.028553150183649817, 1.2062765420704932e-09, -0.09810279016844486, 0.9951762871778885, 2.288198873434677e-09, 0.0, 0.0, 0.0, 1.0], "right_foot_pose": [0.99078032575964, -0.1351004909151956, -0.010109571805718939, 0.0003567812599617631, 0.13547821259383944, 0.9880179778368663, 0.07393327656426345, -0.11151793532748557, 1.6733481845352066e-08, -0.0746212625571465, 0.9972119469673318, 0.002250300557670573, 0.0, 0.0, 0.0, 1.0]}, {"left_foot_pose": [0.9906486143683142, -0.1354012840305966, -0.016787350386701663, -0.009016381967473801, 0.1364379816991598, 0.9831213627748073, 0.12188955330817311, 0.02855315024440854, 7.617096871455692e-10, -0.12304014929555271, 0.9924016937013606, 1.4378989249275165e-09, 0.0, 0.0, 0.0, 1.0], "right_foot_pose": [0.9907661800639813, -0.1348508163070024, -0.014058228293818203, 0.0013980550214822756, 0.1355816228012638, 0.9854258256724455, 0.10273054879807865, -0.11137505206286619, 4.285884015009542e-08, -0.10368799081433555, 0.9946098735488623, 0.008710106687611824, 0.0, 0.0, 0.0, 1.0]}, {"left_foot_pose": [0.9906486143659529, -0.13505658367368834, -0.01936600271637181, -0.009016382026824489, 0.13643798171630428, 0.9806185627456214, 0.14061262938973274, 0.02855315010733331, 4.031043527200817e-10, -0.14193996479182638, 0.9898752680994188, 7.655439060449964e-10, 0.0, 0.0, 0.0, 1.0], "right_foot_pose": [0.9907439987827346, -0.1345959544520432, -0.01761413980698921, 0.0030292333897931896, 0.13574361449435238, 0.9823677090283937, 0.12855876237080668, -0.11115122863836019, 7.284422556079761e-08, -0.12975982931342211, 0.9915454536714623, 0.016558459372877338, 0.0, 0.0, 0.0, 1.0]}, {"left_foot_pose": [0.9906486143638449, -0.13479610764061298, -0.021102896103032367, -0.009016382101957862, 0.13643798173161015, 0.9787272985449458, 0.15322386310205827, 0.02855314989887792, 1.5057977972055217e-10, -0.15467024422251918, 0.9879661510153815, 3.0276126744555043e-10, 0.0, 0.0, 0.0, 1.0], "right_foot_pose": [0.9907157571060146, -0.13441236500676834, -0.020386386515087868, 0.005103274308306713, 0.13594958117568923, 0.979513594638742, 0.14856254338171623, -0.11086664064360248, 9.992973125014887e-08, -0.14995477335242435, 0.98869285723566, 0.022916652606112718, 0.0, 0.0, 0.0, 1.0]}, {"left_foot_pose": [0.9906486143625571, -0.13468228784084257, -0.021817520562672853, -0.009016382172542201, 0.13643798174095922, 0.9779008757546193, 0.15841260788461056, 0.028553149783172083, 1.2298341043636437e-11, -0.1599079689706116, 0.9871319270795038, 7.943995461445752e-11, 0.0, 0.0, 0.0, 1.0], "right_foot_pose": [0.990683435076472, -0.13447047381362182, -0.021541196285754786, 0.007473137563650353, 0.13618491643742364, 0.9782117774040914, 0.15670158608916493, -0.11054145938706346, 1.1537734235716614e-07, -0.1581752516048833, 0.9874110541105556, 0.025000000843233915, 0.0, 0.0, 0.0, 1.0]}, {"left_foot_pose": [0.9906486143626033, -0.13468743408123715, -0.021785728403416825, -0.009016382157003148, 0.13643798174062496, 0.9779382415733376, 0.15818177141186038, 0.028553149790602625, 1.634338545099942e-11, -0.15967495348069322, 0.9871696456186949, 8.242809212966051e-11, 0.0, 0.0, 0.0, 1.0], "right_foot_pose": [0.9906490228150198, -0.13472334869383504, -0.021543744158466074, 0.00999177274200307, 0.13643501601726746, 0.9782208143533045, 0.15642737858292255, -0.11019586116369331, 1.1868482437040696e-07, -0.15790395081401992, 0.9874544760733578, 0.02500000093551484, 0.0, 0.0, 0.0, 1.0]}, {"left_foot_pose": [0.9906486143637733, -0.1348233393537625, -0.02092821121445245, -0.009016382119888018, 0.1364379817321284, 0.9789250224942035, 0.15195551150118633, 0.02855314978649921, 1.4007203118584689e-10, -0.15338991981295239, 0.9881657414117214, 3.083605246145815e-10, 0.0, 0.0, 0.0, 1.0], "right_foot_pose": [0.9906145238376908, -0.1351248863552095, -0.020594422772114037, 0.012512137908469998, 0.13668527778006195, 0.9793058457419936, 0.14925547002956163, -0.10985002564758088, 1.1018477511255969e-07, -0.15066959077083164, 0.9885841766976334, 0.025000001148147544, 0.0, 0.0, 0.0, 1.0]}, {"left_foot_pose": [0.9906486143659822, -0.13507808232595891, -0.019215476312120353, -0.009016382161136462, 0.1364379817160906, 0.980774660109803, 0.1395196876134026, 0.02855314996037546, 3.993323255065361e-10, -0.14083670601673118, 0.9900328389696768, 7.91850029990826e-10, 0.0, 0.0, 0.0, 1.0], "right_foot_pose": [0.9905819561958049, -0.1356803629591925, -0.018390953388917757, 0.014887192319829202, 0.13692110158512252, 0.9816056831538794, 0.13305222561355973, -0.109524125150978, 9.010140342358911e-08, -0.1343172435216971, 0.9909383825913317, 0.023024932785459758, 0.0, 0.0, 0.0, 1.0]}, {"left_foo