{"LoopMode": "Wrap", "FrameDuration": 0.0167, "EnableCycleOffsetPosition": true, "EnableCycleOffsetRotation": false, "Debug_info": [{"left_foot_pose": [1.0000000000000002, 9.526454756468582e-14, -7.3739347961066e-12, 1.3628691910029212e-12, -2.2314173764966733e-14, 0.9999515104316474, 0.009847679191960303, -6.478845238078179e-14, 7.374335998386077e-12, -0.009847679191960475, 0.9999515104316474, 1.5586677781787017e-11, 0.0, 0.0, 0.0, 1.0], "right_foot_pose": [0.9999999999999998, -1.628063187850148e-13, -7.430778214967402e-12, 1.397770172680037e-12, 5.437941445213981e-14, 0.9998934422663139, -0.014598085930056416, -0.14000000000198157, 7.432368977962278e-12, 0.014598085930056261, 0.9998934422663139, 1.2801593118894061e-11, 0.0, 0.0, 0.0, 1.0]}, {"left_foot_pose": [1.0000000000000007, 1.5380378744142447e-13, -1.6467938124264953e-11, 2.7843218585605352e-12, -3.696021673606955e-14, 0.9999749720653534, 0.007074972996162118, 6.890078785293241e-13, 1.6468256009142298e-11, -0.00707497299616229, 0.9999749720653537, 3.385648705833688e-11, 0.0, 0.0, 0.0, 1.0], "right_foot_pose": [0.9999999999999997, -4.3076922538985137e-13, -1.6570744776345233e-11, 3.0416787823780477e-12, 1.4290613422550067e-13, 0.9998490988980658, -0.01737179992763118, -0.14000000000357654, 1.6575749737556525e-11, 0.017371799927631028, 0.9998490988980656, 2.9563844428093233e-11, 0.0, 0.0, 0.0, 1.0]}, {"left_foot_pose": [1.0000000000000007, 1.1130720229786409e-13, -2.894123829477736e-11, 4.647132246179411e-12, -1.7986629229086405e-14, 0.9999948381173522, 0.0032130575238643933, 2.0661285182743683e-12, 2.8941095167580912e-11, -0.003213057523864567, 0.9999948381173523, 5.879295661426198e-11, 0.0, 0.0, 0.0, 1.0], "right_foot_pose": [1.0, -9.240330192664656e-13, -2.9120927891312925e-11, 5.263697891013227e-12, 3.0547372522420506e-13, 0.9997744853376972, -0.021236253618347724, -0.1400000000054062, 2.913379895925379e-11, 0.02123625361834757, 0.9997744853376973, 5.2832981045636274e-11, 0.0, 0.0, 0.0, 1.0]}, {"left_foot_pose": [1.0000000000000007, -1.4983825462323505e-13, -4.4617642913635804e-11, 6.906696290340008e-12, 7.353218958633799e-14, 0.9999985248480691, -0.0017176442259048364, 4.181275117809413e-12, 4.461743803174439e-11, 0.0017176442259046625, 0.9999985248480693, 9.01829375066221e-11, 0.0, 0.0, 0.0, 1.0], "right_foot_pose": [1.0, -1.755461683917694e-12, -4.492839433822836e-11, 8.021114774509823e-12, 5.790567558742167e-13, 0.999657451504766, -0.02617211590598006, -0.14000000000729987, 4.49587457618249e-11, 0.026172115905979915, 0.9996574515047663, 8.229476128329694e-11, 0.0, 0.0, 0.0, 1.0]}, {"left_foot_pose": [1.0000000000000007, -7.766503397707238e-13, -6.366940308311086e-11, 9.565694096113233e-12, 2.862842224783267e-13, 0.9999703035882274, -0.007706616745985061, 7.2250504190574105e-12, 6.367314382366233e-11, 0.007706616745984885, 0.9999703035882275, 1.2853338532403669e-10, 0.0, 0.0, 0.0, 1.0], "right_foot_pose": [0.9999999999999999, -3.0813950252380783e-12, -6.419470510721223e-11, 1.1331076787125885e-11, 1.0147078983295465e-12, 0.9994824034854541, -0.032170252142929366, -0.1400000000090958, 6.426036669175389e-11, 0.03217025214292923, 0.9994824034854543, 1.182954359468802e-10, 0.0, 0.0, 0.0, 1.0]}, {"left_foot_pose": [1.0000000000000002, -1.963965511835826e-12, -8.665440587307669e-11, 1.2676174950128309e-11, 6.846191156817305e-13, 0.9998909887164168, -0.014765184851773925, 1.1494191015648525e-11, 8.667370475408517e-11, 0.014765184851773751, 0.9998909887164169, 1.75170281058179e-10, 0.0, 0.0, 0.0, 1.0], "right_foot_pose": [0.9999999999999999, -5.122509156123845e-12, -8.751938063156213e-11, 1.5276061481673777e-11, 1.6840414561449214e-12, 0.9992296694739882, -0.039243695581639565, -0.1400000000106158, 8.765289276690596e-11, 0.039243695581639426, 0.9992296694739882, 1.6193436175315767e-10, 0.0, 0.0, 0.0, 1.0]}, {"left_foot_pose": [1.0000000000000007, -3.985219018795287e-12, -1.1452566672787152e-10, 1.633715845753829e-11, 1.358405245187965e-12, 0.9997370657035396, -0.022930317452606548, 1.7427729398500347e-11, 1.1458662504721617e-10, 0.022930317452606364, 0.99973706570354, 2.3230345425062637e-10, 0.0, 0.0, 0.0, 1.0], "right_foot_pose": [1.0, -8.196639840449845e-12, -1.1591311244174559e-10, 2.000388355578672e-11, 2.6895462829939565e-12, 0.9988744917062458, -0.04743152768559081, -0.1400000000116242, 1.1617116326062671e-10, 0.04743152768559066, 0.9988744917062459, 2.1510229708532336e-10, 0.0, 0.0, 0.0, 1.0]}, {"left_foot_pose": [1.0000000000000004, -7.235164853973102e-12, -1.4862217012634447e-10, 2.0690136051295844e-11, 2.436427995847043e-12, 0.9994793479518432, -0.032265043278432146, 2.5649713256137296e-11, 1.487780902757913e-10, 0.03226504327843197, 0.9994793479518432, 3.0308203863294025e-10, 0.0, 0.0, 0.0, 1.0], "right_foot_pose": [1.0, -1.276397158880413e-11, -1.5079909543302953e-10, 2.5724907546790045e-11, 4.1781460952774285e-12, 0.998385610738053, -0.056799403792691876, -0.14000000001176993, 1.512804511806638e-10, 0.056799403792691744, 0.998385610738053, 2.804935866906888e-10, 0.0, 0.0, 0.0, 1.0]}, {"left_foot_pose": [1.0000000000000004, -1.228494258265949e-11, -1.9065277134799864e-10, 2.5914454798546302e-11, 4.103242294750987e-12, 0.99908122833268, -0.04285672868131464, 3.7017423848428876e-11, 1.9100391902622047e-10, 0.04285672868131447, 0.9990812283326802, 3.9167339510592925e-10, 0.0, 0.0, 0.0, 1.0], "right_foot_pose": [1.0, -1.9486035146223445e-11, -1.9400581141582041e-10, 3.270867706975751e-11, 6.358388818782558e-12, 0.9977234690440167, -0.06743796644897701, -0.14000000001051316, 1.9487818409862533e-10, 0.06743796644897686, 0.9977234690440168, 3.616234464653978e-10, 0.0, 0.0, 0.0, 1.0]}, {"left_foot_pose": [1.0000000000000002, -1.994225302024657e-11, -2.4257984510001015e-10, 3.221079915111306e-11, 6.6162313529185e-12, 0.9984966683112282, -0.054812438108314265, 5.264791554104864e-11, 2.4330792193432485e-10, 0.05481243810831407, 0.9984966683112284, 5.032044642083733e-10, 0.0, 0.0, 0.0, 1.0], "right_foot_pose": [0.9999999999999999, -2.928855736058533e-11, -2.476655547312133e-10, 4.1266293061811255e-11, 9.516940304901379e-12, 0.9968381869379934, -0.07945834797033129, -0.14000000000703638, 2.492095671544461e-10, 0.07945834797033113, 0.9968381869379934, 4.6269193337833414e-10, 0.0, 0.0, 0.0, 1.0]}, {"left_foot_pose": [1.0000000000000002, -3.127625138687486e-11, -3.061608744303607e-10, 3.974170619476734e-11, 1.0308708278508648e-11, 0.9976683646064509, -0.06824832791717808, 7.382997685434489e-11, 3.075811430385836e-10, 0.06824832791717791, 0.9976683646064509, 6.430595500539482e-10, 0.0, 0.0, 0.0, 1.0], "right_foot_pose": [0.9999999999999999, -4.33783959518049e-11, -3.137571868983e-10, 5.167729750235041e-11, 1.4016880795320188e-11, 0.9956678213454008, -0.09298166237115288, -0.1400000000001666, 3.164312097902019e-10, 0.09298166237115274, 0.9956678213454008, 5.878279599191849e-10, 0.0, 0.0, 0.0, 1.0]}, {"left_foot_pose": [1.0000000000000004, -4.7483585458183176e-11, -3.816859051042335e-10, 4.8468202009089446e-11, 1.5537737369015476e-11, 0.9965273915880162, -0.08326558601718592, 1.0160399258052344e-10, 3.8431396886004414e-10, 0.08326558601718576, 0.9965273915880163, 8.145164889783452e-10, 0.0, 0.0, 0.0, 1.0], "right_foot_pose": [0.9999999999999998, -6.306856659708888e-11, -3.928151692811351e-10, 6.398270832164557e-11, 2.0229807819731417e-11, 0.9941384086678279, -0.1081148667455085, -0.13999999998842455, 3.9733092733654576e-10, 0.10811486674550837, 0.994138408667828, 7.388168757338498e-10, 0.0, 0.0, 0.0, 1.0]}, {"left_foot_pose": [1.0000000000000007, -6.922407283729052e-11, -4.646951712317092e-10, 5.770540713547094e-11, 2.245760738533998e-11, 0.9949980139930236, -0.09989470531484734, 1.3543080545908026e-10, 4.692855538083717e-10, 0.09989470531484715, 0.9949980139930238, 1.0117899226780303e-09, 0.0, 0.0, 0.0, 1.0], "right_foot_pose": [0.9999999999999999, -8.897403033219301e-11, -4.805013054109958e-10, 7.74255810813781e-11, 2.826551426456332e-11, 0.9921700359539785, -0.12489443444397831, -0.13999999997055063, 4.878510770426969e-10, 0.12489443444397817, 0.9921700359539786, 9.087974817134636e-10, 0.0, 0.0, 0.0, 1.0]}, {"left_foot_pose": [1.0000000000000004, -9.442410703159742e-11, -5.378742451433977e-10, 6.49717090138916e-11, 3.031332174189192e-11, 0.9930174270082668, -0.1179677483801513, 1.69607050626297e-10, 5.452572967687259e-10, 0.1179677483801511, 0.9930174270082669, 1.2011465849726122e-09, 0.0, 0.0, 0.0, 1.0], "right_foot_pose": [0.9999999999999998, -1.1839931200324623e-10, -5.590345408812418e-10, 8.901402971939074e-11, 3.7150361083752545e-11, 0.9897000423678771, -0.14315664894451216, -0.13999999994746162, 5.702260349410677e-10, 0.143156648944512, 0.9897000423678769, 1.0658654861495087e-09, 0.0, 0.0, 0.0, 1.0]}, {"left_foot_pose": [1.0000000000000002, -1.1261816943996088e-10, -5.543865921886472e-10, 6.354482631614996e-11, 3.5704914656672855e-11, 0.9905951105442564, -0.13682590020099689, 1.855511126691578e-10, 5.645816385880819e-10, 0.13682590020099666, 0.9905951105442566, 1.2778974475824434e-09, 0.0, 0.0, 0.0, 1.0], "right_foot_pose": [1.0, -1.3867137120706853e-10, -5.793142077159522e-10, 9.046492062898893e-11, 4.284642499300091e-11, 0.9867513600666917, -0.1622398021649867, -0.1399999999275026, 5.941368786481057e-10, 0.16223980216498657, 0.9867513600666917, 1.1172959779592873e-09, 0.0, 0.0, 0.0, 1.0]}, {"left_foot_pose": [0.9999999999994286, -1.0560521944465547e-06, 1.6931008517408842e-07, 1.0692970794446066e-05, 1.069531651649371e-06, 0.9879421442896866, -0.1548235109250306, 5.2695309428474335e-08, -3.766860441998701e-09, 0.15482351092512298, 0.9879421442902511, 0.00016386115678564128, 0.0, 0.0, 0.0, 1.0], "right_foot_pose": [1.0, -1.2092443010096318e-10, -4.5606834975231364e-10, 7.029060315674617e-11, 3.670044312804744e-11, 0.9836065963901162, -0.18032765605378323, -0.1399999999924703, 4.703977089430042e-10, 0.180327656053783, 0.9836065963901163, 8.574456700216615e-10, 0.0, 0.0, 0.0, 1.0]}, {"left_foot_pose": [0.9999999995439883, -2.9735936649056773e-05, 5.272411448487575e-06, 0.0003019838603239731, 3.0199729976587817e-05, 0.9847786952742609, -0.17381288911327078, 1.5041098499028738e-06, -2.3669407862230157e-08, 0.17381288919323515, 0.9847786957232073, 0.004191209038148326, 0.0, 0.0, 0.0, 1.0], "right_foot_pose": [1.0, -8.332522573333718e-11, -2.912896590601117e-10, 7.969681083549099e-11, 2.4784676472635688e-11, 0.9807129857534472, -0.19545342047290765, -0.14000000016533065, 3.019573776546212e-10, 0.1954534204729074, 0.9807129857534472, 4.881348242280481e-10, 0.0, 0.0, 0.0, 1.0]}, {"left_foot_pose": [0.9999999956135825, -9.188375630330191e-05, 1.8171705708504667e-05, 0.0009366057905069193, 9.366340601060564e-05, 0.9810904228882803, -0.1935499246811084, 4.675159181975752e-06, -4.3992326457299085e-08, 0.19354992553414116, 0.9810904271909533, 0.011469801863905262, 0.0, 0.0, 0.0, 1.0], "right_foot_pose": [0.9999999999999998, -4.187089957741691e-11, -1.3904660756125485e-10, 8.578909846210011e-11, 1.2222210175611507e-11, 0.9783991631120991, -0.20672464202785426, -0.14000000017290634, 1.4469861868055964e-10, 0.2067246420278542, 0.978399163112099, 2.2891189638274412e-10, 0.0, 0.0, 0.0, 1.0]}, {"left_foot_pose": [0.999999983055277, -0.00017993992380679763, 3.887248391104888e-05, 0.0018408633977196449, 0.00018409085323794667, 0.9775235965801595, -0.2108259572243139, 9.199112711875956e-06, -6.276360137454513e-08, 0.21082596080799498, 0.977523613141587, 0.01912092585670013, 0.0, 0.0, 0.0, 1.0], "right_foot_pose": [0.9999999999999999, -1.0687878032543475e-11, -3.473432652612013e-11, 6.578438870303355e-11, 3.021536351600705e-12, 0.9769183072307096, -0.2136132509875851, -0.14000000008174696, 3.621552121792461e-11, 0.21361325098758502, 0.9769183072307095, 6.381040834613216e-11, 0.0, 0.0, 0.0, 1.0]}, {"left_foot_pose": [0.9999999567490292, -0.00028684827706978224, 6.496157821018182e-05, 0.002941063532425438, 0.000294112112741339, 0.9753597784516367, -0.22062007179048754, 1.4704590501398579e-05, -7.642305095913935e-08, 0.22062008135444192, 0.9753598206319322, 0.024265877063187676, 0.0, 0.0, 0.0, 1.0], "right_foot_pose": [0.9999999999999999, 6.951965561275764e-14, 1.0047518372857266e-14, 2.6198219641516984e-11, -6.564241527314223e-14, 0.9764507207729275, -0.21574056155955137, -0.1399999999970371, -2.4967934184306517e-14, 0.21574056155955126, 0.9764507207729273, 5.692446514160565e-12, 0.0, 0.0, 0.0, 1.0]}, {"left_foot_pose": [0.9999999133233377, -0.00040628109280355275, 9.104390084852731e-05, 0.004163512188332643, 0.00041635719240484603, 0.9758418808891468, -0.21847757356173095, 2.0817544806470134e-05, -8.11441076372673e-08, 0.21847759253160665, 0.9758419654644843, 0.025000000325390848, 0.0, 0.0, 0.0, 1.0], "right_foot_pose": [1.0, -1.4654048639289215e-11, -4.695416278011058e-11, 1.7063144078435566e-11, 4.324642464786431e-12, 0.9770870112256703, -0.2128402511135689, -0.13999999999213203, 4.899712253146477e-11, 0.21284025111356875, 0.9770870112256703, 9.671251299803174e-11, 0.0, 0.0, 0.0, 1.0]}, {"left_foot_pose": [0.9999998523273605, -0.0005313505311055047, 0.00011406958864785695, 0.005434512014752827, 0.0005434567616735375, 0.977753783423732, -0.20975519935230894, 2.7172618222538053e-05, -7.843529599394266e-08, 0.209755230369094, 0.9777539278022889, 0.025000000602212462, 0.0, 0.0, 0.0, 1.0], "right_foot_pose": [0.9999999999999998, -5.143479557587017e-11, -1.707407548678927e-10, 5.051940726178072e-11, 1.5318869606778443e-11, 0.9787368406893497, -0.20511995679950432, -0.1399999999678541, 1.7766023592856832e-10, 0.20511995679950423, 0.9787368406893496, 3.3204235888595335e-10, 0.0, 0.0, 0.0, 1.0]}, {"left_foot_pose": [0.999999776860266, -0.0006551719274304731, 0.00013049584115000333, 0.0066803693339859225, 0.0006680414764737507, 0.9807553524597536, -0.19523957678229853, 3.340130834009192e-05, -6.900485060339737e-08, 0.19523962039322548, 0.9807555712962865, 0.024910269786273205, 0.0, 0.0, 0.0, 1.0], "right_foot_pose": [1.0, -1.08748829890524e-10, -3.840023299339628e-10, 8.645901089797311e-11, 3.2818410348790156e-11, 0.9813085397577819, -0.19244102940498428, -0.13999999997487805, 3.9775238585473443e-10, 0.19244102940498414, 0.981308539757782, 7.258147693978145e-10, 0.0, 0.0, 0.0, 1.0]}, {"left_foot_pose": [0.9999996936575095, -0.0007713269445632811, 0.00013319021211329092, 0.00782739019354435, 0.0007827419020855484, 0.9854277597154218, -0.17009267384975882, 3.91300302471434e-05, -5.2269925686815855e-08, 0.17009272599670516, 0.9854280615869472, 0.021163832962105028, 0.0, 0.0, 0.0, 1.0], "right_foot_pose": [1.0, -1.8250738157499463e-10, -7.097200049877007e-10, 8.935110394354546e-11, 5.602321895060056e-11, 0.9846958546212199, -0.1742815936689404, -0.14000000022607265, 7.306658993756352e-10, 0.17428159366894025, 0.9846958546212198, 1.3089257733245319e-09, 0.0, 0.0, 0.0, 1.0]}, {"left_foot_pose": [0.9999996126335895, -0.0008719094779385567, 0.0001204430732357373, 0.008801875919477002, 0.0008801889970545092, 0.9905981862722127, -0.13680079905297654, 4.399822687636487e-05, -3.27766126115762e-08, 0.1368008520736096, 0.9905985699928778, 0.013996811749165623, 0.0, 0.0, 0.0, 1.0], "right_foot_pose": [0.9999999999999998, -2.474795695779547e-10, -1.1109005937370838e-09, 1.3111630697859073e-10, 7.744689294350298e-11, 0.9886069050511447, -0.15052038827081532, -0.14000000042565822, 1.1354943303356887e-09, 0.15052038827081518, 0.9886069050511447, 2.0728277427828345e-09, 0.0, 0.0, 0.0, 1.0]}, {"left_foot_pose": [0.9999995458823264, -0.0009481900824841485, 9.576382150929406e-05, 0.0095301325745033, 0.0009530137154339196, 0.9949396844582601, -0.10046947822576446, 4.764071359056321e-05, -1.506350910204711e-08, 0.10046952386503387, 0.9949401362767182, 0.006287910121559832, 0.0, 0.0, 0.0, 1.0], "right_foot_pose": [0.9999999999999999, -2.789347055684242e-10, -1.547406647262049e-09, 1.9370403244858965e-10, 8.897971869071436e-11, 0.9926008206602035, -0.12142327134734446, -0.14000000046471706, 1.5698261071193669e-09, 0.12142327134734429, 0.9926008206602036, 2.9257826786310837e-09, 0.0, 0.0, 0.0, 1.0]}, {"left_foot_pose": [0.9999995061342846, -0.0009918273325004987, 6.332243221714676e-05, 0.009938466776177216, 0.0009938466621732653, 0.997967814211976, -0.06371227562867215, 4.968834422639651e-05, -2.1728861783079494e-09, 0.06371230709615128, 0.9979683070741713, 0.0009158367875838139, 0.0, 0.0, 0.0, 1.0], "right_foot_pose": [0.9999999999999999, -2.494848209799778e-10, -1.910375246882977e-09, 2.6824000234506675e-10, 8.084608288168247e-11, 0.996140659589476, -0.08777121574094673, -0.14000000025341203, 1.9249000153066842e-09, 0.08777121574094658, 0.9961406595894758, 3.6576701736845685e-09, 0.0, 0.0, 0.0, 1.0]}, {"left_foot_pose": [0.9999995000000148, -0.0009996230975712853, 2.7447847281278104e-05, 0.010000000479510966, 0.000999999860757554, 0.9996226825256957, -0.027449819314736515, 5.000044924912718e-05, 1.982682237331998e-09, 0.027449833037670523, 0.9996231823373272, 3.907933913971373e-09, 0.0, 0.0, 0.0, 1.0], "right_foot_pose": [1.0, -1.5425096611935837e-10, -2.0034170433724788e-09, 2.884180908257221e-10, 5.0540960590225717e-11, 0.9986645356385743, -0.05166377123082224, -0.1400000000730941, 2.0087104424324173e-09, 0.051663771230822095, 0.9986645356385744, 3.884554289346198e-09, 0.0, 0.0, 0.0, 1.0]}, {"left_foot_pose": [0.9999995000000488, -0.0009999665323856834, -8.160130728721273e-06, 0.010000000396586401, 0.0009999998268112136, 0.9999662200943675, 0.008158349743060525, 5.00002886219212e-05, 1.778377752364797e-09, -0.008158353824015531, 0.9999667200776652, 3.444331778124088e-09, 0.0, 0.0, 0.0, 1.0], "right_foot_pose": [0.9999999999999998, -4.222897074710017e-11, -1.7796238371836635e-09, 2.0393355906438746e-10, 1.3776213013431327e-11, 0.9998722304630683, -0.015985078942847647, -0.14000000017890712, 1.7800713075238244e-09, 0.0159850789428475, 0.9998722304630683, 3.5232871412049782e-09, 0.0, 0.0, 0.0, 1.0]}, {"left_foot_pose": [0.9999995000000679, -0.000999185845327598, -4.033933376277637e-05, 0.010000000231784335, 0.0009999998076751508, 0.9991855913647415, 0.04033799709303412, 5.000020039712394e-05, 1.3253365482389034e-09, -0.040338017263364466, 0.9991860909576662, 2.5379923301871443e-09, 0.0, 0.0, 0.0, 1.0], "right_foot_pose": [0.9999999994117851, -3.429408151760295e-05, -5.878923509670594e-07, 4.873960699078689e-06, 3.429910553044709e-05, 0.9998685064944969, 0.016216304882291126, -0.14000893406687337, 3.16917653258236e-08, -0.01621630489291679, 0.9998685070826159, 3.740193513910445e-05, 0.0, 0.0, 0.0, 1.0]}, {"left_foot_pose": [0.9999995000000717, -0.0009977439662686707, -6.713110442833378e-05, 0.009999999831052783, 0.0009999998037035667, 0.9977437204583938, 0.0671302337716466, 5.0000482248577574e-05, 8.521904802134485e-10, -0.06713026733762595, 0.997744219330375, 1.6511011724507085e-09, 0.0, 0.0, 0.0, 1.0], "right_foot_pose": [0.9999937756799326, -0.0035239400560382415, -0.00017449319093458052, 0.0005013396542924602, 0.0035282574436890342, 0.9987826218011856, 0.04920188804671139, -0.14091907457596164, 8.96262607410646e-07, -0.04920219745531221, 0.9987888384262037, 0.003492990894165708, 0.0, 0.0, 0.0, 1.0]}, {"left_foot_pose": [0.999999500000065, -0.0009961332766028992, -8.785281054455618e-05, 0.009999999626030197, 0.0009999998105383401, 0.996132998374381, 0.08785243053009577, 5.000045978222935e-05, 3.541018137906193e-10, -0.08785247445668024, 0.9961334964410339, 8.916408930637054e-10, 0.0, 0.0, 0.0, 1.0], "right_foot_pose": [0.9999277521430421, -0.01197454454444657, -0.0010491792583034313, 0.001708040328485127, 0.012020419572129706, 0.9961314013436462, 0.08705021981852595, -0.143131269585775, 2.7336700135298718e-06, -0.08705654220158765, 0.99620337203426, 0.010538498233630365, 0.0, 0.0, 0.0, 1.0]}, {"left_foot_pose": [0.9999995000000562, -0.0009947812604056442, -0.00010202882963925891, 0.009999999610336829, 0.0009999998190662097, 0.9947809355015388, 0.10202887024291726, 5.000025520562369e-05, -7.354135995761993e-11, -0.1020289212572992, 0.994781432892207, 3.3611204791617055e-10, 0.0, 0.0, 0.0, 1.0], "right_foot_pose": [0.9997007419661673, -0.024259585819925683, -0.003146268923694143, 0.0034762789486135377, 0.02446275707833069, 0.991425879676722, 0.12836003514865726, -0.1463729250739697, 5.331146835519657e-06, -0.12839858878929958, 0.9917226438720129, 0.018295208858479718, 0.0, 0.0, 0.0, 1.0]}, {"left_foot_pose": [0.999999500000057, -0.0009940052891274434, -0.0001093303343401107, 0.009999999774100949, 0.0009999998184103502, 0.9940049327534513, 0.10933066204030151, 5.0000030024963116e-05, -3.646982537924286e-10, -0.10933071670529132, 0.9940054297561499, 3.292204703297941e-11, 0.0, 0.0, 0.0, 1.0], "right_foot_pose": [0.999207477157509, -0.03923339109543192, -0.0067200160475111214, 0.005657362166354969, 0.0398047424994863, 0.9848996949124795, 0.16848790293624763, -0.15037144461666543, 8.189964253628845e-06, -0.1686218609328511, 0.9856808144366342, 0.023884418328232557, 0.0, 0.0, 0.0, 1.0]}, {"left_foot_pose": [0.9999995000000752, -0.0009939882148025257, -0.00010948529049140995, 0.01000000009174453, 0.0009999998000003322, 0.9939878654402372, 0.10948572216486382, 4.999995884949395e-05, -4.673284929834679e-10, -0.10948577690727974, 0.9939883624343951, 3.912534879413343e-11, 0.0, 0.0, 0.0, 1.0], "right_foot_pose": [0.9983745518314004, -0.055837257380950425, -0.011421687424522453, 0.008102599675027694, 0.056993457034817153, 0.9781579510954204, 0.19989689483338494, -0.1548542229459839, 1.052000275878034e-05, -0.20022293424326412, 0.9797503643746946, 0.025000002216783536, 0.0, 0.0, 0.0, 1.0]}, {"left_foot_pose": [0.9999995000001141, -0.0009947378832338195, -0.00010245031132730993, 0.010000000480337511, 0.0009999997613160123, 0.9947375869926475, 0.10245063701375055, 4.999995205895273e-05, -3.543227067928026e-10, -0.10245068823873077, 0.9947380843616128, 3.260171230201614e-10, 0.0, 0.0, 0.0, 1.0], "right_foot_pose": [0.9971853736799949, -0.07307140129724855, -0.01678990265443966, 0.010663294070044332, 0.0749755318468044, 0.9718958527806683, 0.2231526853345631, -0.15954866010862545, 1.1957337800639939e-05, -0.22378342579421348, 0.9746388963081805, 0.02500000122576701, 0.0, 0.0, 0.0, 1.0]}, {"left_foot_pose": [0.9999995000001701, -0.0009961206489209882, -8.799467892498838e-05, 0.010000000882408756, 0.0009999997053632213, 0.996120443901348, 0.08799466598818069, 4.999998303987889e-05, -5.1541459460289986e-12, -0.08799470998551577, 0.9961209419616507, 9.424665908808194e-10, 0.0, 0.0, 0.0, 1.0], "right_foot_pose": [0.9956940618998834, -0.09001194850936162, -0.022162676346936278, 0.013190750573173938, 0.09270024243508383, 0.9668506224855988, 0.2379212870923638, -0.1641821640132231, 1.2238778943432668e-05, -0.2389512982278154, 0.9710315530019887, 0.02499255041608179, 0.0, 0.0, 0.0, 1.0]}, {"left_foot_pose": [0.9999995000002311, -0.0009978392063696973, -6.569784712932324e-05, 0.010000001232604177, 0.0009999996444430299, 0.9978391015452072, 0.06569724064347077, 5.000042998391449e-05, 5.982882064487368e-10, -0.06569727349268951, 0.997839600464738, 2.0245059240142638e-09, 0.0, 0.0, 0.0, 1.0], "right_foot_pose": [0.994028278327719, -0.10597187521110359, -0.026033508197571664, 0.015536277218342833, 0.10912278297936971, 0.9653497329164709, 0.23704875319844187, -0.168482133809911, 1.0939292511477073e-05, -0.23847401288681497, 0.971148878935661, 0.021837792637293164, 0.0, 0.0, 0.0, 1.0]}, {"left_foot_pose": [0.9999995000002679, -0.0009993747690512087, -3.5345237156017834e-05, 0.010000001424073687, 0.0009999996074021003, 0.9993747120873517, 0.03534380909167847, 5.000092025667438e-05, 1.4251579715302659e-09, -0.03534382676500684, 0.99937521177464, 3.5544427193223704e-09, 0.0, 0.0, 0.0, 1.0], "right_foot_pose": [0.992381037628867, -0.12017416922822854, -0.027166987410419136, 0.017551175589869975, 0.12320663978295944, 0.9679704382383615, 0.21875409621313682, -0.17217597316736905, 8.248931593670224e-06, -0.2204345702174217, 0.9754017634723731, 0.014923778922777874, 0.0, 0.0, 0.0, 1.0]}, {"left_foot_pose": [0.9999995000002432, -0.0009999953761652919, 2.917571017188357e-06, 0.010000001329996159, 0.0009999996322836281, 0.999995236826963, -0.002919987007274927, 5.0001287192532815e-05, 2.4163850656843083e-09, 0.0029199884648518984, 0.999995736824596, 5.4353310879884376e-09, 0.0, 0.0, 0.0, 1.0], "right_foot_pose": [0.9909916697156398, -0.13149219082173655, -0.02540303735989637, 0.019086749549942515, 0.13392352493153517, 0.9730075221425667, 0.18793842428810312, -0.17499109251893305, 4.9112872197691815e-06, -0.1896474771961986, 0.9818522467097566, 0.007129213959426978, 0.0, 0.0, 0.0, 1.0]}, {"left_foot_pose": [0.999999500000121, -0.0009988344707934978, 4.82618793578774e-05, 0.010000000838402025, 0.000999999754516719, 0.998834052227483, -0.04826526816788131, 5.000133807999893e-05, 3.4050608825748966e-09, 0.04826529229712036, 0.998834551644803, 7.344084972105147e-09, 0.0, 0.0, 0.0, 1.0], "right_foot_pose": [0.9901161066696423, -0.13867774191880913, -0.020942282818478514, 0.019994306430401815, 0.14025011697138626, 0.9790174970587865, 0.14783316658402917, -0.1766548968585804, 1.6915850635681081e-06, -0.1493091569497633, 0.9887905620747447, 0.0013328069342816232, 0.0, 0.0, 0.0, 1.0]}, {"left_foot_pose": [0.9999994999994367, -0.0009951676458367527, 9.819487837061354e-05, 0.009999996663617205, 0.0010000004387230666, 0.9951663607641587, -0.09819834215781656, 5.000054263386462e-05, 3.57323613340901e-09, 0.0981983912535114, 0.9951668583485002, 8.662403364056992e-09, 0.0, 0.0, 0.0, 1.0], "right_foot_pose": [0.989934929774732, -0.140802004845009, -0.014269906920578616, 0.020177041920290816, 0.14152326597381742, 0.9848898143333925, 0.09981592463349481, -0.17698991272790776, 3.673708872587036e-09, -0.1008307941750015, 0.9949035887693031, 8.644754773134977e-09, 0.0, 0.0, 0.0, 1.0]}, {"left_foot_pose": [0.9999994999989285, -0.000988923321179554, 0.00014843368527752383, 0.00999999276580437, 0.001000000947047362, 0.9889216335388088, -0.1484351801866426, 4.9999671250140765e-05, 1.728852989565699e-09, 0.14843525440271893, 0.9889221280011895, 9.26994227212763e-09, 0.0, 0.0, 0.0, 1.0], "right_foot_pose": [0.989934929802249, -0.14135351671916552, -0.006929507092178841, 0.020177038161752116, 0.14152326578134056, 0.9887475600743886, 0.04847089528291425, -0.17698991189787872, 1.7231432439926028e-09, -0.04896371879328413, 0.9988005577901586, 8.418225207196262e-09, 0.0, 0.0, 0.0, 1.0]}, {"left_foot_pose": [0.9999994999997963, -0.0009807370891315858, 0.0001953328458418524, 0.010000000040309917, 0.0010000000793264684, 0.9807358807006895, -0.19533594729615344, 5.000120401214836e-05, 3.2777575742764024e-09, 0.195336044961001, 0.9807363710697157, 8.084501165739333e-09, 0.0, 0.0, 0.0, 1.0], "right_foot_pose": [0.9899349297336665, -0.1415232238437384, 0.00010957224001057839, 0.02017704530286203, 0.1415232662610663, 0.9899346330120917, -0.0007664659252607396, -0.17698991193309754, 3.373505871368778e-09, 0.0007742584131639312, 0.9999997002619101, 6.483227323050844e-09, 0.0, 0.0, 0.0, 1.0]}, {"left_foot_pose": [0.9999839446677328, -0.005508234479525737, 0.0013303231487573567, 0.009979812586278999, 0.0056666010000673795, 0.9722974197509364, -0.23367844825481585, -0.0009976226837024801, -6.314079172616684e-06, 0.23368223488017026, 0.9723130221598097, 0.002844456842127009, 0.0, 0.0, 0.0, 1.0], "right_foot_pose": [0.9899349297193466, -0.14138234331627805, 0.006314104841566269, 0.020177046152918127, 0.14152326636123191, 0.9889491925211711, -0.04416627322031118, -0.17698991206894565, 2.318873488671348e-09, 0.04461532931763978, 0.9990042404263751, 4.583732657326145e-09, 0.0, 0.0, 0.0, 1.0]}, {"left_foot_pose": [0.9998241344268214, -0.018098573050892644, 0.004913437816860893, 0.009923190780420536, 0.018753667659706114, 0.9650787950680816, -0.26128761788353094, -0.003935958241845429, -1.292160837934375e-05, 0.261333811366731, 0.9652484855567349, 0.009617037001163814, 0.0, 0.0, 0.0, 1.0], "right_foot_pose": [0.9899349297171153, -0.1410586087467149, 0.011458788086486121, 0.020177046388084, 0.14152326637683926, 0.9866847155474389, -0.08015258685220239, -0.17698991191107605, 1.3251887770195946e-09, 0.08096753055089935, 0.9967167395988136, 2.9658443687075042e-09, 0.0, 0.0, 0.0, 1.0]}, {"left_foot_pose": [0.999257269900468, -0.037026176483354385, 0.010675711034277044, 0.009837575757320086, 0.038534506743249035, 0.9602765798197331, -0.27637652222967685, -0.0083788046600556, -1.8469391207821274e-05, 0.2765826323266519, 0.9609901389473998, 0.017439492122594852, 0.0, 0.0, 0.0, 1.0], "right_foot_pose": [0.989934929720751, -0.14067072284927581, 0.015510726992431806, 0.020177046255136548, 0.14152326635140786, 0.9839715099396414, -0.1084953119186767, -0.17698991160287628, 4.943531658955081e-10, 0.10959842772669992, 0.9939759477169633, 1.7332238561040825e-09, 0.0, 0.0, 0.0, 1.0]}, {"left_foot_pose": [0.9979963766523895, -0.060823082675579954, 0.01742942347130292, 0.009730414961756882, 0.06327109700965701, 0.9594774861485038, -0.27459009788654665, -0.013939810612954733, -2.1723191614723934e-05, 0.2751427014986734, 0.9614033978201427, 0.023433115808220682, 0.0, 0.0, 0.0, 1.0], "right_foot_pose": [0.9899349297259852, -0.14031039807764278, 0.018488566729248448, 0.020177045874642304, 0.1415232663147953, 0.9814510906515391, -0.1293248690333609, -0.1769899112875138, -1.2559515875657022e-10, 0.13063976749136452, 0.9914299022875005, 8.865375170086232e-10, 0.0, 0.0, 0.0, 1.0]}, {"left_foot_pose": [0.9958312408555079, -0.08824860134893435, 0.02307214979443853, 0.00960915549801387, 0.09121479739934234, 0.9635081650921593, -0.2516582534631806, -0.02023262733251783, -2.1715827129537657e-05, 0.2527136722868358, 0.9675411099109569, 0.025000004001209733, 0.0, 0.0, 0.0, 1.0], "right_foot_pose": [0.9899349297299052, -0.14004169766596908, 0.02042444161980707, 0.02017704540720712, 0.14152326628737635, 0.9795715704434137, -0.14286603332624837, -0.17698991114544693, -5.071337103007763e-10, 0.1443186103517407, 0.9895312722224309, 4.0373840382024184e-10, 0.0, 0.0, 0.0, 1.0]}, {"left_foot_pose": [0.9926994692693842, -0.11773686601505724, 0.02618767063402333, 0.009481236405394052, 0.12061410924737771, 0.9690529362749629, -0.21538022970397044, -0.026870892035982245, -1.904587515338652e-05, 0.21696644228503562, 0.9761790627540781, 0.02500000553999928, 0.0, 0.0, 0.0, 1.0], "right_foot_pose": [0.9899349297312193, -0.1398962942248922, 0.021397704554172947, 0.02017704502622711, 0.1415232662781823, 0.9785544944863429, -0.14967386686570258, -0.17698991118176216, -6.463553306680258e-10, 0.1511956619176612, 0.9885038552364275, 1.676803487726808e-10, 0.0, 0.0, 0.0, 1.0]}, {"left_foot_pose": [0.9887272611920475, -0.1474589003464491, 0.02596681890970777, 0.009354105171112077, 0.1497277621582202, 0.9737617975936549, -0.17137549062297827, -0.03346824868516198, -1.4654865708552144e-05, 0.1733315731648188, 0.9848635263474045, 0.025000006477307636, 0.0, 0.0, 0.0, 1.0], "right_foot_pose": [0.9899349297301822, -0.13988418537335018, 0.02147672187586368, 0.02017704469986381, 0.141523266285438, 0.9784697946845587, -0.1502265821679318, -0.17698991122577973, -5.763899582031927e-10, 0.151753996890993, 0.9884182942598789, 1.615264588750165e-10, 0.0, 0.0, 0.0, 1.0]}, {"left_foot_pose": [0.9842397144320678, -0.1756227296639391, 0.02070848521909353, 0.009235209947283014, 0.1768394312790278, 0.9774737926689981, -0.11520763946108582, -0.03963835075795153, -8.921467242624675e-06, 0.11705401091236615, 0.9931255501948061, 0.02245972658161534, 0.0, 0.0, 0.0, 1.0], "right_foot_pose": [0.9899349297320955, -0.14009977816288488, 0.020022164094345738, 0.020177044652751913, 0.14152326627205317, 0.9799778347577939, -0.14005216345032154, -0.17698991154852545, 1.4279728984773571e-11, 0.1414761306444887, 0.9899416671995698, 3.7079330578171366e-10, 0.0, 0.0, 0.0, 1.0]}, {"left_foot_pose": [0.9797410282482002, -0.19986802047359017, 0.01266064607864966, 0.009131988630540433, 0.20026861349541952, 0.9777825269168843, -0.06191778827328932, -0.04499482681535864, -3.972740897507887e-06, 0.063198927585854, 0.9980009496669912, 0.015838564024521898, 0.0, 0.0, 0.0, 1.0], "right_foot_pose": [0.9899349297299976, -0.14033698396095534, 0.018285672894563253, 0.02017704461957201, 0.14152326628672895, 0.9816370549095103, -0.1279056587024935, -0.17698991173975448, 2.865892800158312e-10, 0.12920612741401116, 0.9916177573231907, 7.8369733619299e-10, 0.0, 0.0, 0.0, 1.0]}, {"left_foot_pose": [0.9758657433929133, -0.2183443219080072, 0.0034362716321425, 0.009051889215612494, 0.21837136000793803, 0.9757449645322426, -0.015352957964426038, -0.04915131715810367, -6.935458032413298e-07, 0.015732809046902236, 0.999876231700211, 0.007998178898319983, 0.0, 0.0, 0.0, 1.0], "right_foot_pose": [0.9899349297295649, -0.1406381650620952, 0.015803209461616067, 0.020177044707039904, 0.1415232662897549, 0.9837437732402099, -0.11054118558163611, -0.17698991182318238, 5.989141022311442e-10, 0.1116651026018487, 0.9937458955190297, 1.2611695576758564e-09, 0.0, 0.0, 0.0, 1.0]}, {"left_foot_pose": [0.9733020236619884, -0.22947162934331022, -0.005093335057248411, 0.009002359200307827, 0.22952814802381505, 0.9730624062073076, 0.02159589986094301, -0.051721468750842874, 4.865382003952418e-07, -0.022188396800412652, 0.9997538072181531, 0.0018172768272826517, 0.0, 0.0, 0.0, 1.0], "right_foot_pose": [0.9899349297318534, -0.14095245337493242, 0.012698062229251126, 0.020177044902755834, 0.1415232662737489, 0.9859421749045969, -0.08882112838510464, -0.17698991170611791, 8.660284335070982e-10, 0.08972420872864328, 0.9959666492247715, 1.6850661768708086e-09, 0.0, 0.0, 0.0, 1.0]}, {"left_foot_pose": [0.972628294409496, -0.2320758849454241, -0.011618284764709105, 0.00898973754201527, 0.2323665227912053, 0.9714117570463654, 0.04863123849974251, -0.05237642728897591, 7.063309381845398e-10, -0.04999981898859957, 0.9987492268337976, 1.9326296119004382e-09, 0.0, 0.0, 0.0, 1.0], "right_foot_pose": [0.9899349297451109, -0.14122229615172355, 0.009224854480003755, 0.02017704579480682, 0.14152326618101485, 0.9878296872659453, -0.06452653783926598, -0.17698991143688816, 7.203260687361134e-10, 0.06518260523866354, 0.9978733526727231, 1.7890070536097369e-09, 0.0, 0.0, 0.0, 1.0]}, {"left_foot_pose": [0.9726282944093513, -0.2317200951151312, -0.017320462874641618, 0.008989738756462022, 0.23236652279181141, 0.969922509225751, 0.07249913918707468, -0.052376427649696244, -6.158705999122921e-10, -0.07453940982499586, 0.9972180686203708, 2.0882535492483534e-09, 0.0, 0.0, 0.0, 1.0], "right_foot_pose": [0.9899349297534901, -0.14140758573117163, 0.005720974710107228, 0.020177046890221914, 0.14152326612240243, 0.9891257621969652, -0.040017392522753915, -0.17698991125087768, -6.067450788692883e-10, 0.04042426568230815, 0.9991826053049793, 1.7015191200453472e-09, 0.0, 0.0, 0.0, 1.0]}, {"left_foot_pose": [0.9726282944064168, -0.23126430249772092, -0.0226058246986991, 0.008989737132850527, 0.2323665228040946, 0.9680146754323955, 0.09462234000197638, -0.05237642738562309, 5.973332655542025e-10, -0.09728520204922204, 0.9952565445463011, 1.4735030209878097e-09, 0.0, 0.0, 0.0, 1.0], "right_foot_pose": [0.9899349297407214, -0.14150228428858758, 0.002436887429712859, 0.020177045439077113, 0.14152326621172007, 0.9897881641256076, -0.017045682081558995, -0.17698991153434063, 6.165611984054794e-10, 0.017218992362233898, 0.9998517421608214, 1.417102879486265e-09, 0.0, 0.0, 0.0, 1.0]}, {"left_foot_pose": [0.9726282944136972, -0.23078078147824635, -0.027100402325310316, 0.008989736411701506, 0.23236652277362133, 0.9659907771780772, 0.11343552133697758, -0.052376427160150965, 4.425246839518782e-10, -0.11662782389801157, 0.9931756897411533, 9.109506343696339e-10, 0.0, 0.0, 0.0, 1.0], "right_foot_pose": [0.9894122329884842, -0.14512868168181925, -0.0010483158104480402, 0.020796743566710536, 0.14513246781030628, 0.9893864306550285, 0.007145461706050112, -0.1776968608825749, 1.7800049127356402e-07, -0.007221951882931783, 0.9999739213654373, 0.0022503010886861796, 0.0, 0.0, 0.0, 1.0]}, {"left_foot_pose": [0.9726282944153102, -0.23034220201857955, -0.03060507918626528, 0.008989736220283191, 0.23236652276686898, 0.9641549928166103, 0.12810522598253868, -0.052376427151758796, 6.00793466162602e-11, -0.1317103632826017, 0.991288242744746, 4.720645679912039e-10, 0.0, 0.0, 0.0, 1.0], "right_foot_pose": [0.987570229703762, -0.15705415776113876, -0.006247634176043181, 0.02286746225473679, 0.15717837446467456, 0.9867902345633529, 0.03924272634572313, -0.1800591459560392, 1.8710595653263105e-06, -0.03973694125548825, 0.9992101758369742, 0.008710108128650723, 0.0, 0.0, 0.0, 1.0]}, {"left_foot_pose": [0.9726282944150675, -0.23001869784012555, -0.032948437704545724, 0.008989736241583581, 0.23236652276788378, 0.9628008847874149, 0.13791394182364067, -0.05237642730699533, -3.379733450393144e-10, -0.14179511591202612, 0.9898960274208076, 1.6051823759077877e-10, 0.0, 0.0, 0.0, 1.0], "right_foot_pose": [0.9843899773144034, -0.17543834163578675, -0.014062746781246326, 0.026111290122192998, 0.1760010583380838, 0.9812450018232792, 0.078624893390751, -0.18375973113554495, 5.179083240184167e-06, -0.07987261533790871, 0.9968050788856663, 0.016558461181717984, 0.0, 0.0, 0.0, 1.0]}, {"left_foot_pose": [0.9726282944153484, -0.2298660492277738, -0.03399706333061539, 0.008989736463223874, 0.2323665227667086, 0.9621619355795039, 0.1423032284216079, -0.05237642747722606, -6.514288184115499e-10, -0.146307925739921, 0.9892390969152415, 8.104031334887907e-12, 0.0, 0.0, 0.0, 1.0], "right_foot_pose": [0.9798284059268008, -0.1982836548953507, -0.024897532815232628, 0.030235810912987195, 0.19984067365174904, 0.9722002897815684, 0.12202582391874701, -0.1884650267079131, 9.662259589389054e-06, -0.12453990826227315, 0.9922145993466661, 0.022916655021845228, 0.0, 0.0, 0.0, 1.0]}, {"left_foot_pose": [0.9726282944149781, -0.229967515101414, -0.033303797103219214, 0.008989736851787422, 0.23236652276825864, 0.9625866465518997, 0.13940138800082966, -0.05237642741125909, -4.2920638145793174e-10, -0.1433244217781823, 0.9896757600961799, 9.394458821976315e-11, 0.0, 0.0, 0.0, 1.0], "right_foot_pose": [0.9739097553053759, -0.22381154690233543, -0.0375257244327913, 0.03494861023287003, 0.22693564797603316, 0.9605127312866795, 0.1609829329894977, -0.19384143524694386, 1.4096811197122255e-05, -0.16529877346606917, 0.9862435375159085, 0.025000003916961173, 0.0, 0.0, 0.0, 1.0]}, {"left_foot_pose": [0.9726282944244998, -0.23025520257199533, -0.031252881041885755, 0.008989737209353173, 0.23236652272840205, 0.963790834798461, 0.13081676449751387, -0.05237642735821726, -2.999723363971013e-10, -0.13449820982829586, 0.9909138365937703, 4.2719252441036915e-10, 0.0, 0.0, 0.0, 1.0], "right_foot_pose": [0.9667985458485046, -0.2503973260765743, -0.05100736063469825, 0.03995726509742789, 0.2555397648845205, 0.9473565598241938, 0.19291183768973974, -0.19955535391912826, 1.7549370570782055e-05, -0.19954129309937418, 0.979889418271393, 0.025000002910996792, 0.0, 0.0, 0.0, 1.0]}, {"left_foot_pose": [0.9726282944379889, -0.2307183462659464, -0.027626899119448402, 0.00898973758574615, 0.23236652267194044, 0.9657294392028841, 0.11563930732339506, -0.052376427281272175, 4.4545844743272745e-11, -0.11889362873253902, 0.992906997178895, 1.0486184628955009e-09, 0.0, 0.0, 0.0, 1.0], "right_foot_pose": [0.9588416947217206, -0.2765637589445703, -0.06430467869158399, 0.04496935941789381, 0.2839411982931665, 0.9339442441047074, 0.2170841883130308, -0.20527319755091278, 1.9365405724655158e-05, -0.22640811854290124, 0.9740325269121379, 0.02500000159381021, 0.0, 0.0, 0.0, 1.0]}, {"left_foot_pose": [0.9726282944534658, -0.2312945854589214, -0.022293845920552398, 0.008989737843380436, 0.23236652260715998, 0.9681414332331142, 0.09331647458401594, -0.052376426845820175, 6.364033594738109e-10, -0.09594258697116026, 0.995386869516211, 2.056101323921755e-09, 0.0, 0.0, 0.0, 1.0], "right_foot_pose": [0.9505801569574385, -0.3014169817250435, -0.07446588699892431, 0.049692477849207876, 0.31047925027151396, 0.9228490633042399, 0.22793034354671907, -0.21066137197940457, 1.8697869672362784e-05, -0.2397861