{"LoopMode": "Wrap", "FrameDuration": 0.0167, "EnableCycleOffsetPosition": true, "EnableCycleOffsetRotation": false, "Debug_info": [{"left_foot_pose": [1.0000000000000002, 1.1018381963912966e-13, -8.557432540357018e-12, 1.544076504584716e-12, -2.7198645485065305e-14, 0.9999533559069761, 0.009658468324594358, 1.8913690058575128e-14, 8.557891144384078e-12, -0.00965846832459453, 0.9999533559069761, 1.794859399995019e-11, 0.0, 0.0, 0.0, 1.0], "right_foot_pose": [0.9999999999999998, -1.9214251586024927e-13, -8.61960502973602e-12, 1.5603427697108238e-12, 6.472470074698364e-14, 0.9998906614339987, -0.014787331641662743, -0.14000000000220458, 8.621364237830867e-12, 0.014787331641662588, 0.9998906614339985, 1.4951283267006232e-11, 0.0, 0.0, 0.0, 1.0]}, {"left_foot_pose": [1.0000000000000007, 1.7003478515022456e-13, -1.9102774917456606e-11, 3.1911519839318116e-12, -4.2234158878996805e-14, 0.999977737087637, 0.006672730257496902, 9.534786155063202e-13, 1.9103152332697533e-11, -0.006672730257497075, 0.9999777370876372, 3.905683415572625e-11, 0.0, 0.0, 0.0, 1.0], "right_foot_pose": [0.9999999999999998, -5.123662298419261e-13, -1.9217349933597913e-11, 3.4216308748895124e-12, 1.707750087322074e-13, 0.9998420260866071, -0.017774219280421676, -0.1400000000039931, 1.92233026492495e-11, 0.01777421928042153, 0.9998420260866072, 3.442831436606397e-11, 0.0, 0.0, 0.0, 1.0]}, {"left_foot_pose": [1.0000000000000004, 9.823929301127985e-14, -3.3559266476856926e-11, 5.361627668948093e-12, -1.3521703352432777e-14, 0.99999683848689, 0.0025145608414993245, 2.6301651828708472e-12, 3.3559019306741914e-11, -0.0025145608414994976, 0.99999683848689, 6.788508644106628e-11, 0.0, 0.0, 0.0, 1.0], "right_foot_pose": [0.9999999999999998, -1.1082228460016467e-12, -3.376599000404212e-11, 5.94580599474591e-12, 3.673574156756437e-13, 0.999759392250426, -0.021935305036838125, -0.1400000000060323, 3.378192124616215e-11, 0.021935305036837972, 0.9997593922504258, 6.143201225494721e-11, 0.0, 0.0, 0.0, 1.0]}, {"left_foot_pose": [1.0000000000000007, -2.514951760584357e-13, -5.171868489028953e-11, 8.00460847842715e-12, 1.0734319279180388e-13, 0.9999960977553636, -0.0027936488766522496, 5.193333610375994e-12, 5.1718712804449285e-11, 0.0027936488766520753, 0.999996097755364, 1.0418781115628661e-10, 0.0, 0.0, 0.0, 1.0], "right_foot_pose": [0.9999999999999998, -2.120618994004343e-12, -5.208439235460104e-11, 9.085798641857668e-12, 7.006292170848667e-13, 0.9996286644402924, -0.02724946291795423, -0.14000000000811114, 5.212258173179385e-11, 0.027249462917954083, 0.9996286644402925, 9.5590056703454e-11, 0.0, 0.0, 0.0, 1.0]}, {"left_foot_pose": [1.0000000000000007, -1.0623672471897537e-12, -7.377526367591257e-11, 1.1125354651837758e-11, 3.809668115806061e-13, 0.999957309729116, -0.009240060568513278, 8.878908025478083e-12, 7.378190631850982e-11, 0.009240060568513099, 0.9999573097291162, 1.485564449232868e-10, 0.0, 0.0, 0.0, 1.0], "right_foot_pose": [0.9999999999999999, -3.743924791266525e-12, -7.440409399706025e-11, 1.2863543809009976e-11, 1.2339717265583893e-12, 0.9994317760746249, -0.03370645297744975, -0.14000000001002397, 7.448781222041368e-11, 0.0337064529774496, 0.9994317760746247, 1.3729779813065335e-10, 0.0, 0.0, 0.0, 1.0]}, {"left_foot_pose": [1.0000000000000004, -2.577337394178077e-12, -1.0036910191857371e-10, 1.4788478640781993e-11, 8.874746581075575e-13, 0.9998582611389789, -0.016836200050436477, 1.4050566266021747e-11, 1.0039791390004158e-10, 0.016836200050436304, 0.999858261138979, 2.0253720922625007e-10, 0.0, 0.0, 0.0, 1.0], "right_foot_pose": [0.9999999999999999, -6.251814502369991e-12, -1.014163752977026e-10, 1.7377118132540952e-11, 2.056034187463252e-12, 0.9991459733711459, -0.04131977609118139, -0.1400000000115395, 1.0158804455935285e-10, 0.04131977609118125, 0.9991459733711459, 1.8782583127707753e-10, 0.0, 0.0, 0.0, 1.0]}, {"left_foot_pose": [1.0000000000000004, -5.137216756676812e-12, -1.3259676689969516e-10, 1.9116620990845985e-11, 1.7386123837582483e-12, 0.9996717281157204, -0.025621007125598613, 2.12430611296055e-11, 1.3268445296817273e-10, 0.02562100712559843, 0.9996717281157208, 2.687121775091228e-10, 0.0, 0.0, 0.0, 1.0], "right_foot_pose": [0.9999999999999998, -1.0037981572485388e-11, -1.3428974598994606e-10, 2.2801649039897193e-11, 3.293371219381669e-12, 0.9987426604775587, -0.05013081030871171, -0.1400000000123499, 1.3462392985346113e-10, 0.050130810308711554, 0.9987426604775587, 2.493659445601537e-10, 0.0, 0.0, 0.0, 1.0]}, {"left_foot_pose": [1.0000000000000007, -9.233509515853538e-12, -1.72001968223867e-10, 2.428668268199603e-11, 3.094176350772113e-12, 0.9993639355992833, -0.035661242596305716, 3.1213934215124084e-11, 1.722215935986242e-10, 0.035661242596305535, 0.9993639355992834, 3.507756585197086e-10, 0.0, 0.0, 0.0, 1.0], "right_foot_pose": [0.9999999999999998, -1.5672364681797426e-11, -1.746722766426955e-10, 2.938813801851363e-11, 5.1271048131990385e-12, 0.9981857718673658, -0.06020934181297091, -0.14000000001200066, 1.7529882847931743e-10, 0.060209341812970774, 0.9981857718673658, 3.2505311636787937e-10, 0.0, 0.0, 0.0, 1.0]}, {"left_foot_pose": [1.0000000000000004, -1.5576757623358542e-11, -2.2055957060729247e-10, 3.052773187658396e-11, 5.182599275726625e-12, 0.9988925526547056, -0.04704963603437298, 4.500108792548918e-11, 2.2104787272461607e-10, 0.047049636034372816, 0.9988925526547059, 4.536519146447482e-10, 0.0, 0.0, 0.0, 1.0], "right_foot_pose": [1.0, -2.397494458926445e-11, -2.2468799043551245e-10, 3.7462546032618215e-11, 7.814087925040293e-12, 0.9974297019377226, -0.07165186454256607, -0.1400000000097999, 2.258281359412279e-10, 0.07165186454256592, 0.9974297019377225, 4.190024924244362e-10, 0.0, 0.0, 0.0, 1.0]}, {"left_foot_pose": [1.0000000000000002, -2.5172232031847363e-11, -2.8055913148250464e-10, 3.810794599694329e-11, 8.321868278732638e-12, 0.998204380844842, -0.05990003390789371, 6.395497673117312e-11, 2.815628165068254e-10, 0.059900033907893516, 0.9982043808448419, 5.834856001141198e-10, 0.0, 0.0, 0.0, 1.0], "right_foot_pose": [1.0, -3.6096374044710796e-11, -2.868361104191306e-10, 4.7411824628150424e-11, 1.1707398459725368e-11, 0.9964169560810331, -0.08457688593350281, -0.14000000000471194, 2.8886112312260526e-10, 0.08457688593350264, 0.9964169560810331, 5.361961499805723e-10, 0.0, 0.0, 0.0, 1.0]}, {"left_foot_pose": [1.0000000000000004, -3.935659937820257e-11, -3.541155146891122e-10, 4.727672352699883e-11, 1.2924350790362238e-11, 0.9972332142968295, -0.07433650720349123, 8.963743289291948e-11, 3.560612016657193e-10, 0.07433650720349104, 0.9972332142968295, 7.469646221003323e-10, 0.0, 0.0, 0.0, 1.0], "right_foot_pose": [0.9999999999999998, -5.3548656333241844e-11, -3.635107215238517e-10, 5.961148259351616e-11, 1.7255992283768394e-11, 0.9950760709724864, -0.09911414116037753, -0.1399999999952672, 3.670281317161757e-10, 0.09911414116037742, 0.9950760709724864, 6.817188411001318e-10, 0.0, 0.0, 0.0, 1.0]}, {"left_foot_pose": [1.0000000000000004, -5.965214662200805e-11, -4.418229671010455e-10, 5.8095366654228984e-11, 1.9436632625950573e-11, 0.9958992756858848, -0.09046895980573193, 1.233361295038815e-10, 4.4540755996873387e-10, 0.09046895980573173, 0.9958992756858848, 9.488691637971058e-10, 0.0, 0.0, 0.0, 1.0], "right_foot_pose": [0.9999999999999998, -7.801816980403909e-11, -4.556159338697792e-10, 7.420893828103914e-11, 2.4928160257094626e-11, 0.9933214131168006, -0.11538011199354335, -0.13999999997963022, 4.615747221005778e-10, 0.11538011199354323, 0.9933214131168006, 8.583696253783302e-10, 0.0, 0.0, 0.0, 1.0]}, {"left_foot_pose": [1.0000000000000002, -8.700900482554402e-11, -5.392276070104158e-10, 6.995532830727083e-11, 2.807884495657052e-11, 0.9941142102152337, -0.108337145283339, 1.6454053744507924e-10, 5.454799667895612e-10, 0.10833714528333883, 0.9941142102152336, 1.1846397335313341e-09, 0.0, 0.0, 0.0, 1.0], "right_foot_pose": [0.9999999999999998, -1.1045657649166702e-10, -5.588836615721953e-10, 9.052003539687543e-11, 3.4902070941829593e-11, 0.9910593997324428, -0.1334213858493838, -0.13999999995624565, 5.686240514452559e-10, 0.13342138584938362, 0.9910593997324427, 1.059920894108668e-09, 0.0, 0.0, 0.0, 1.0]}, {"left_foot_pose": [1.0000000000000004, -1.192604461348746e-10, -6.280612141473774e-10, 8.028007693905044e-11, 3.802744796378896e-11, 0.9918021206625075, -0.12778322835706502, 2.0686620819110324e-10, 6.381516426946013e-10, 0.1277832283570648, 0.9918021206625077, 1.4196541789357475e-09, 0.0, 0.0, 0.0, 1.0], "right_foot_pose": [0.9999999999999999, -1.4807029031884994e-10, -6.545581854311413e-10, 1.0543013330606286e-10, 4.6121956350122395e-11, 0.9882130107463865, -0.15308509199645295, -0.13999999992619702, 6.695099384841788e-10, 0.1530850919964528, 0.9882130107463863, 1.2532195420300596e-09, 0.0, 0.0, 0.0, 1.0]}, {"left_foot_pose": [1.0000000000000004, -1.4444198993543413e-10, -6.57789489544311e-10, 8.158985635182665e-11, 4.538889081567014e-11, 0.9889631391570566, -0.14816176763463973, 2.2929332391119495e-10, 6.719303263301821e-10, 0.14816176763463948, 0.9889631391570567, 1.5403129258184656e-09, 0.0, 0.0, 0.0, 1.0], "right_foot_pose": [1.0, -1.7646582232144488e-10, -6.895309323517997e-10, 1.0984145381283754e-10, 5.399510768090488e-11, 0.9847945239526332, -0.1737231866876354, -0.13999999989952133, 7.097023850382591e-10, 0.17372318668763523, 0.9847945239526333, 1.3378911173367314e-09, 0.0, 0.0, 0.0, 1.0]}, {"left_foot_pose": [0.9999999951050822, -9.746835305315688e-05, 1.7022246019406592e-05, 7.015652199443648e-06, 9.894267304496124e-05, 0.9858268814430597, -0.16776575942247493, -1.6101488404224318e-05, -4.2913543889534306e-07, 0.16776576028550155, 0.9858268862612971, 0.00016386123358815702, 0.0, 0.0, 0.0, 1.0], "right_foot_pose": [0.9999999999999998, -1.5869584348646933e-10, -5.579292583490761e-10, 1.3044881077384537e-10, 4.771597670674815e-11, 0.9810931382788763, -0.19353618272071435, -0.13999999996730414, 5.780938053685254e-10, 0.19353618272071418, 0.9810931382788763, 1.0705718603287728e-09, 0.0, 0.0, 0.0, 1.0]}, {"left_foot_pose": [0.9999960973542927, -0.00274449658936124, 0.0005225080437336023, 0.00019813131348154193, 0.0027937913979809693, 0.9825123721326623, -0.18617635009816458, -0.0004547158148514828, -2.4102596433421906e-06, 0.1861770832963088, 0.9825162052859334, 0.0041912092720483365, 0.0, 0.0, 0.0, 1.0], "right_foot_pose": [1.0000000000000002, -1.030357504046245e-10, -3.1808894407347964e-10, 2.669539245488601e-10, 3.383482697247467e-11, 0.977635197381285, -0.21030791911208707, -0.14000000013795486, 3.326440362778445e-10, 0.2103079191120869, 0.9776351973812851, 6.271676997182674e-10, 0.0, 0.0, 0.0, 1.0]}, {"left_foot_pose": [0.9999624605793941, -0.008485099467636023, 0.0017551407432291849, 0.0006145059355253089, 0.008664722351421593, 0.9793333889012975, -0.20206690963557936, -0.00141029842828011, -4.3101046898545216e-06, 0.20207453196809552, 0.9793701463243095, 0.01146980268077686, 0.0, 0.0, 0.0, 1.0], "right_foot_pose": [0.9999999999999998, -4.007524147724242e-11, -7.802780643828533e-11, 2.936883718730687e-10, 2.1677466010221368e-11, 0.9748485090809362, -0.22286853600873346, -0.14000000012385894, 8.499653823937757e-11, 0.2228685360087333, 0.9748485090809365, 3.0671556267014566e-10, 0.0, 0.0, 0.0, 1.0]}, {"left_foot_pose": [0.9998549885134331, -0.0166404943954251, 0.003618824543803782, 0.0012077885776745562, 0.017029442453239462, 0.9770917753183203, -0.21213594861556628, -0.0027718823355215583, -5.876634065416497e-06, 0.2121668130306201, 0.9772334641291691, 0.019120927006001404, 0.0, 0.0, 0.0, 1.0], "right_foot_pose": [0.9999999999999998, 6.13330565994853e-12, 9.789341559596206e-11, 1.9707432916810917e-10, 1.6612536324086787e-11, 0.973033751232613, -0.23066278191808354, -0.14000000001043555, -9.666828855759915e-11, 0.23066278191808343, 0.9730337512326132, 1.0673748690459561e-10, 0.0, 0.0, 0.0, 1.0]}, {"left_foot_pose": [0.9996298770457951, -0.026586693268477995, 0.005766858629915877, 0.0019296307605452577, 0.02720494203989526, 0.9769654785992586, -0.21165619469774236, -0.0044285054747871255, -6.783474588206038e-06, 0.21173474293646388, 0.9773271706995643, 0.024265878247262035, 0.0, 0.0, 0.0, 1.0], "right_foot_pose": [0.9999999999999998, 1.9781585648242397e-11, 1.7571083477108108e-10, 7.240065796995509e-12, 2.177161899620274e-11, 0.9723863907291883, -0.23337674932319757, -0.1399999999131876, -1.754756107452039e-10, 0.23337674932319744, 0.9723863907291883, 3.358963107658042e-11, 0.0, 0.0, 0.0, 1.0]}, {"left_foot_pose": [0.9992583065073741, -0.03774816153088797, 0.007610070765377869, 0.002731680823938323, 0.03850762041507844, 0.9795854046260085, -0.19730584941574442, -0.006269205993243019, -6.7811752011125755e-06, 0.19745255466754047, 0.9803124443815243, 0.02500000166704222, 0.0, 0.0, 0.0, 1.0], "right_foot_pose": [0.9999999999999999, -4.69135171794602e-12, 1.4166051665043258e-10, -1.750226793957195e-10, 3.7266130960195604e-11, 0.9729908490922402, -0.23084368646935435, -0.1399999999009697, -1.367515012599887e-10, 0.23084368646935421, 0.9729908490922401, 1.1822055140386922e-10, 0.0, 0.0, 0.0, 1.0]}, {"left_foot_pose": [0.9987364740844659, -0.04947230231846662, 0.008828739244111606, 0.0035655839949305305, 0.05025390826953701, 0.983224229189773, -0.17534155194309906, -0.008183013290648897, -6.080071291181187e-06, 0.1755636820002579, 0.9844680764380052, 0.025000002330979973, 0.0, 0.0, 0.0, 1.0], "right_foot_pose": [1.0000000000000002, -5.957690482519447e-11, 6.862288515208421e-12, -2.999840018020783e-10, 5.960427123315671e-11, 0.9747236023893788, -0.22341418698254667, -0.1399999998688424, 6.6215150490009704e-12, 0.22341418698254653, 0.9747236023893789, 3.4924209357800606e-10, 0.0, 0.0, 0.0, 1.0]}, {"left_foot_pose": [0.998090962881364, -0.06108336365732261, 0.009124280731071122, 0.004382991668962253, 0.061761070189463474, 0.9871504888922935, -0.14737531166636836, -0.010058962747107842, -4.858427839394922e-06, 0.14765749206868659, 0.9890385558775666, 0.02491027164537525, 0.0, 0.0, 0.0, 1.0], "right_foot_pose": [0.9999999999999998, -1.3892216419487132e-10, -2.3365526180540924e-10, -4.0308754247410233e-10, 8.647339177575556e-11, 0.9774697515691269, -0.2110755427978092, -0.13999999987395803, 2.577137598152197e-10, 0.21107554279780907, 0.9774697515691266, 7.25169972681794e-10, 0.0, 0.0, 0.0, 1.0]}, {"left_foot_pose": [0.9973794424067788, -0.07189764398708244, 0.008060809726722707, 0.005135553262202891, 0.07234810193639273, 0.9911744995733759, -0.11108043725908766, -0.011786093530719733, -3.2473150572949726e-06, 0.11137252885956858, 0.9937787277884754, 0.021163834689616745, 0.0, 0.0, 0.0, 1.0], "right_foot_pose": [0.9999999999999999, -2.325201403164357e-10, -5.903757482883507e-10, -4.919952065814904e-10, 1.1394310637030501e-10, 0.9811173764038492, -0.1934132718259729, -0.1400000001197682, 6.242001450967996e-10, 0.1934132718259728, 0.9811173764038491, 1.2537118287969662e-09, 0.0, 0.0, 0.0, 1.0]}, {"left_foot_pose": [0.9966867131097937, -0.08113141668278051, 0.005769673945863639, 0.005774912298686239, 0.08133631358525935, 0.9941773754925606, -0.07068062076047246, -0.013253428935854069, -1.660406631422705e-06, 0.0709157195956604, 0.9974823109767279, 0.013996813385535732, 0.0, 0.0, 0.0, 1.0], "right_foot_pose": [0.9999999999999997, -3.0574663979741983e-10, -1.007800565222537e-09, -4.4249676639849217e-10, 1.2951689712987474e-10, 0.9853702429034649, -0.17042735813350837, -0.14000000030870566, 1.0451639547448357e-09, 0.17042735813350823, 0.9853702429034648, 1.9287760000263887e-09, 0.0, 0.0, 0.0, 1.0]}, {"left_foot_pose": [0.9961161285534056, -0.08800634039532587, 0.002746358679767183, 0.006252720429310949, 0.08804918191294095, 0.9956316275249889, -0.031064510883070003, -0.014350001073270335, -4.876431142989734e-07, 0.031185674951241627, 0.9995136085504781, 0.006287911577541473, 0.0, 0.0, 0.0, 1.0], "right_foot_pose": [0.9999999999999998, -3.3127362935207033e-10, -1.4374329504462918e-09, -2.5170948326932054e-10, 1.231245086249894e-10, 0.9898011717877572, -0.1424557486645702, -0.14000000034237986, 1.4699645337928114e-09, 0.14245574866457003, 0.989801171787757, 2.670974733054443e-09, 0.0, 0.0, 0.0, 1.0]}, {"left_foot_pose": [0.9957764160460226, -0.09180966735691064, -0.0005605589643659927, 0.006520628233707535, 0.09181137863324743, 0.9957578584259769, 0.006079320387636185, -0.01496484535369085, 4.061133329075652e-08, -0.006105109558919725, 0.9999813636449797, 0.0009158374418473114, 0.0, 0.0, 0.0, 1.0], "right_foot_pose": [1.0, -2.8373264925250767e-10, -1.7788518991146402e-09, 8.416458791697287e-11, 8.596731801765818e-11, 0.9939089513609045, -0.11020433931868204, -0.14000000014654168, 1.7992851122920848e-09, 0.1102043393186819, 0.9939089513609046, 3.3153194564650157e-09, 0.0, 0.0, 0.0, 1.0]}, {"left_foot_pose": [0.9957239915553087, -0.09230221914326343, -0.0037460622517086622, 0.006561000365952094, 0.09237820436209378, 0.9949049647075028, 0.040377946446038045, -0.015057494778020255, 1.8709108540603256e-09, -0.0405513445102971, 0.9991774559398389, 3.6179536797020795e-09, 0.0, 0.0, 0.0, 1.0], "right_foot_pose": [0.9999999999999996, -2.0209484712587128e-10, -1.9078144064543766e-09, 3.161316719504134e-10, 5.569770174209443e-11, 0.9970752756079518, -0.0764257467829193, -0.13999999998246326, 1.91767956534619e-09, 0.07642574678291916, 0.997075275607952, 3.5913913926099994e-09, 0.0, 0.0, 0.0, 1.0]}, {"left_foot_pose": [0.995723991557949, -0.09211470976103975, -0.006972293851134421, 0.006561000307530172, 0.09237820433363716, 0.9928838439814783, 0.07515277589455416, -0.01505749491067731, 1.7810194105298944e-09, -0.07547550997643979, 0.9971476557630756, 3.4054221248469574e-09, 0.0, 0.0, 0.0, 1.0], "right_foot_pose": [1.0, -9.620245043155668e-11, -1.7980571476172707e-09, 2.7523773635602077e-10, 2.204569004602513e-11, 0.9991510299366572, -0.041197322443538735, -0.14000000010291982, 1.8004938926571705e-09, 0.04119732244353859, 0.9991510299366574, 3.414429669557073e-09, 0.0, 0.0, 0.0, 1.0]}, {"left_foot_pose": [0.9957239915589955, -0.09183850332135896, -0.009971055185640974, 0.0065610002229671205, 0.09237820432235307, 0.9899066769239325, 0.10747575702266936, -0.015057494958555814, 1.4359506678877297e-09, -0.10793729795168577, 0.994157703642078, 2.72085817071277e-09, 0.0, 0.0, 0.0, 1.0], "right_foot_pose": [0.9999999999155642, -1.2994536288699351e-05, 1.116577673099935e-07, 1.1569636208552863e-06, 1.2995015307745755e-05, 0.9999658345530447, -0.008266169473368277, -0.13999951616582537, -4.238913414479656e-09, 0.008266169474121168, 0.9999658346374765, 3.74019207516757e-05, 0.0, 0.0, 0.0, 1.0]}, {"left_foot_pose": [0.9957239915585687, -0.09152162962635, -0.012550854361740832, 0.006561000171059298, 0.09237820432695404, 0.9864911660633469, 0.13528283943023492, -0.01505749465339085, 1.0292696442102976e-09, -0.13586379425555728, 0.9907275253118208, 1.872631757993126e-09, 0.0, 0.0, 0.0, 1.0], "right_foot_pose": [0.9999991065291978, -0.0013364917114514132, -2.7031656790125578e-05, 0.00011898394744648678, 0.0013367650450403564, 0.9997967399503414, 0.020116954140317566, -0.13995028647302907, 1.4001986588731454e-07, -0.02011697230138049, 0.9997976332365492, 0.0034929902281496256, 0.0, 0.0, 0.0, 1.0]}, {"left_foot_pose": [0.9957239915572702, -0.09120901528136675, -0.014650876037339089, 0.006561000110619174, 0.09237820434094904, 0.9831215654624869, 0.15791850710202399, -0.015057494613244297, 6.577463825041423e-10, -0.15859666785274373, 0.987343454399738, 1.1504872263201626e-09, 0.0, 0.0, 0.0, 1.0], "right_foot_pose": [0.9999896291037693, -0.004549751043032247, -0.00020359359468549737, 0.00040536925936283686, 0.004554303966997991, 0.9989951373074722, 0.04458670150841306, -0.13983063960984485, 5.306193843692212e-07, -0.04458716633147454, 0.9990054977817926, 0.010538497309284724, 0.0, 0.0, 0.0, 1.0]}, {"left_foot_pose": [0.9957239915557191, -0.09093732490368021, -0.016252248450896494, 0.006561000046298966, 0.09237820435766879, 0.9801930750530412, 0.17517934518006611, -0.015057494744535382, 3.5655652498892347e-10, -0.17593163034948114, 0.9844023879707803, 5.934073302182874e-10, 0.0, 0.0, 0.0, 1.0], "right_foot_pose": [0.9999570414714458, -0.009249342250856725, -0.0006040526459958842, 0.0008250209182830243, 0.009269045831591754, 0.9978385661723901, 0.06505598088108754, -0.1396553185437873, 1.0219935388608472e-06, -0.06505878516353582, 0.9978814330730882, 0.018295207598467755, 0.0, 0.0, 0.0, 1.0]}, {"left_foot_pose": [0.9957239915543521, -0.09073516505271595, -0.017345387453896896, 0.006561000000390832, 0.09237820437240304, 0.9780140387073278, 0.18696204814965248, -0.01505749493092795, 1.3927626842447817e-10, -0.18776493259988367, 0.9822139940388563, 2.1999365523717174e-10, 0.0, 0.0, 0.0, 1.0], "right_foot_pose": [0.9998862257094573, -0.01503626167181439, -0.0012026934077804048, 0.0013426501678588947, 0.015084284350274174, 0.9967106812911711, 0.07962588879082856, -0.13943906516149343, 1.461666143370848e-06, -0.07963497118117184, 0.9968240924871538, 0.023884416382789868, 0.0, 0.0, 0.0, 1.0]}, {"left_foot_pose": [0.995723991553514, -0.09062292136381854, -0.017922577053129708, 0.006560999994594821, 0.0923782043814354, 0.9768041887698865, 0.19318344690181657, -0.015057495004752532, 2.167294552997686e-11, -0.19401304833719915, 0.9809989485595326, 4.6504980422135134e-11, 0.0, 0.0, 0.0, 1.0], "right_foot_pose": [0.9997666240150794, -0.021523718776050263, -0.001851225415814134, 0.0019229723297718069, 0.021603182696233045, 0.996095869203445, 0.08559393584376362, -0.1391966186380877, 1.6981856201476142e-06, -0.08561395263555276, 0.9963283851779159, 0.025000000031085948, 0.0, 0.0, 0.0, 1.0]}, {"left_foot_pose": [0.9957239915533249, -0.09060422520316068, -0.01801685378889233, 0.006561000000879701, 0.09237820438347688, 0.9766026669756471, 0.19419963494028175, -0.015057495002660492, 2.2412013329616143e-12, -0.19503360026259345, 0.9807965613564374, 1.2713961827781617e-11, 0.0, 0.0, 0.0, 1.0], "right_foot_pose": [0.9995958175648133, -0.028326822079969935, -0.00240679408803859, 0.002530696444163259, 0.028428885029590716, 0.9960122278753154, 0.08456618957257477, -0.13894272295819224, 1.7049356610174566e-06, -0.08460043187655779, 0.9964149571957421, 0.025000000069536385, 0.0, 0.0, 0.0, 1.0]}, {"left_foot_pose": [0.9957239915537572, -0.09067837535463824, -0.01763986641949349, 0.006561000016611887, 0.09237820437881596, 0.97740191505766, 0.19013617172270372, -0.01505749500739333, 7.180853847745442e-11, -0.19095268703179624, 0.9815992417047488, 1.4643434381733655e-10, 0.0, 0.0, 0.0, 1.0], "right_foot_pose": [0.9993815312895187, -0.0350589434105655, -0.002724959513742218, 0.0031305324211381848, 0.03516468278232926, 0.9963797072103355, 0.07740106035620166, -0.13869212275003923, 1.4949675164409744e-06, -0.07744901255910884, 0.9969963141613839, 0.024992550302681986, 0.0, 0.0, 0.0, 1.0]}, {"left_foot_pose": [0.9957239915548695, -0.09084428995431826, -0.016764475080812344, 0.006561000087126402, 0.09237820436682825, 0.979190271860566, 0.180700522554841, -0.015057494830880074, 2.4611120553890226e-10, -0.18147651769947493, 0.9833952783716593, 5.029911070986159e-10, 0.0, 0.0, 0.0, 1.0], "right_foot_pose": [0.9991420643048083, -0.041332597134395854, -0.0025984131410740543, 0.003687194182254895, 0.04141419244113058, 0.9971751704369534, 0.06266214270579966, -0.13845955740036664, 1.0839667793683812e-06, -0.06271599379870132, 0.9980314143956924, 0.021837792923325577, 0.0, 0.0, 0.0, 1.0]}, {"left_foot_pose": [0.9957239915563363, -0.0910880327947649, -0.015385152605617385, 0.0065610001584672185, 0.0923782043510175, 0.9818175219806282, 0.1658331115691356, -0.015057494650566178, 5.014736416038613e-10, -0.16654526055520033, 0.9860338108739483, 1.0125555255369179e-09, 0.0, 0.0, 0.0, 1.0], "right_foot_pose": [0.9989051471642784, -0.046740620781259686, -0.001954824210364218, 0.004165387909387503, 0.04678148104072683, 0.9980332014162302, 0.0417279510940419, -0.13825977494689637, 5.891268100241786e-07, -0.04177371470019299, 0.9991270974004259, 0.014923780019417882, 0.0, 0.0, 0.0, 1.0]}, {"left_foot_pose": [0.9957239915585809, -0.09138087531472695, -0.013537660852676358, 0.006561000010710454, 0.0923782043268206, 0.9849740066227304, 0.1459194080405978, -0.015057494584440927, 8.182033729271934e-10, -0.14654604022040524, 0.9892038506272204, 1.5775205378099066e-09, 0.0, 0.0, 0.0, 1.0], "right_foot_pose": [0.9987052295882162, -0.05086315597554782, -0.0008965251555944314, 0.004529821902035311, 0.050871056536285424, 0.9985501846244494, 0.017597283692656167, -0.13810752102053858, 1.7197443346011088e-07, -0.017620106432279743, 0.9998447538739629, 0.007129215425664449, 0.0, 0.0, 0.0, 1.0]}, {"left_foot_pose": [0.9957239915587238, -0.09168733779787142, -0.01127673365399237, 0.006561000102387188, 0.0923782043252851, 0.9882772973035274, 0.12154937679837018, -0.015057494757883847, 1.0883461369435352e-09, -0.12207135504275884, 0.9925213268630683, 2.092751430482487e-09, 0.0, 0.0, 0.0, 1.0], "right_foot_pose": [0.998579201563529, -0.053285786702563745, 0.0004507108091846534, 0.004745208126394578, 0.05328769280747063, 0.9985434879931556, -0.008445376351547131, -0.13801753900937797, -3.582058818789733e-08, 0.008457394513176123, 0.9999642355994772, 0.0013328059807148074, 0.0, 0.0, 0.0, 1.0]}, {"left_foot_pose": [0.9957239915558485, -0.09196075814989528, -0.008772206141333526, 0.0065610006446680785, 0.09237820435627465, 0.9912244334206204, 0.09455363530759217, -0.0150574950321865, 1.0735771664581126e-09, -0.0949596838161713, 0.9954811190823932, 2.326630964277765e-09, 0.0, 0.0, 0.0, 1.0], "right_foot_pose": [0.9985531182846746, -0.05373949183899205, 0.001933127217634858, 0.00478857636782514, 0.05377425000827681, 0.9979076807918853, -0.035896944892398495, -0.13799942422721267, 1.078663854981884e-09, 0.03594895872549641, 0.9993536272844326, 2.2651696351960737e-09, 0.0, 0.0, 0.0, 1.0]}, {"left_foot_pose": [0.9957239915541609, -0.09216623395253604, -0.006254435422703451, 0.006561001087048038, 0.09237820437446503, 0.993439210374282, 0.06741515146815057, -0.015057495061672256, 7.655080354696921e-10, -0.06770465722482073, 0.9977054071167853, 2.2342158054189376e-09, 0.0, 0.0, 0.0, 1.0], "right_foot_pose": [0.998553118284414, -0.05366575130296352, 0.0034142497801412926, 0.004788576781340285, 0.05377425001311252, 0.996538366336718, -0.06340042945022437, -0.1379994241892344, 7.812089614957159e-10, 0.06349229524937694, 0.997982328723293, 2.0648428869507462e-09, 0.0, 0.0, 0.0, 1.0]}, {"left_foot_pose": [0.9957239915545942, -0.09229385398734355, -0.003946790943344511, 0.006561000186949458, 0.09237820436979505, 0.9948147980294471, 0.04254156766086031, -0.015057494911478484, 8.010834945190027e-10, -0.04272425701863095, 0.999086902057177, 1.6554553144976225e-09, 0.0, 0.0, 0.0, 1.0], "right_foot_pose": [0.998553118284079, -0.053562805430914226, 0.004764015062106581, 0.004788575904931552, 0.05377425001933511, 0.9946267273862631, -0.08846470032589353, -0.13799942408128874, 8.206178578907082e-10, 0.088592883705533, 0.9960679198512209, 1.6393743584863785e-09, 0.0, 0.0, 0.0, 1.0]}, {"left_foot_pose": [0.9959024617226787, -0.09042257110582597, -0.0014301640889634681, 0.005940667080735543, 0.09043388045792994, 0.9957778870620018, 0.015751600034817737, -0.014084701079500035, -1.743995191509335e-07, -0.015816392539002713, 0.9998749130401376, 0.0028444593253924913, 0.0, 0.0, 0.0, 1.0], "right_foot_pose": [0.9985531182840998, -0.05345034673156139, 0.005893250323576381, 0.004788575615365656, 0.05377425001894936, 0.9925384421467828, -0.109433865397039, -0.13799942431095796, 5.543031552521761e-10, 0.10959243265441981, 0.993976608731255, 1.0615052101203837e-09, 0.0, 0.0, 0.0, 1.0]}, {"left_foot_pose": [0.9963827712293272, -0.08496279712647879, 0.0016420419639186256, 0.004200769867267725, 0.08497866318790251, 0.9961966481954807, -0.019257853641759002, -0.01135621640024857, 4.044114039469245e-07, 0.019327732110496685, 0.9998132019388932, 0.009617039846524192, 0.0, 0.0, 0.0, 1.0], "right_foot_pose": [0.9985531182844966, -0.05334646923196799, 0.006769356305515155, 0.004788575478722938, 0.05377425001158388, 0.9906095046434958, -0.12570258289175898, -0.13799942433429674, 2.740522750460312e-10, 0.12588472318137145, 0.9920448762377386, 6.058473445147428e-10, 0.0, 0.0, 0.0, 1.0]}, {"left_foot_pose": [0.9970522628850936, -0.0765776036626266, 0.004759799681159879, 0.0015699882436360133, 0.07672538740671202, 0.9951303996955264, -0.061876510317830764, -0.007230656220940979, 1.733523961665078e-06, 0.06205931210634113, 0.9980724631898644, 0.01743949467490681, 0.0, 0.0, 0.0, 1.0], "right_foot_pose": [0.9985531182849874, -0.05326812756182809, 0.007360472089794499, 0.004788575457762798, 0.053774250002467175, 0.9891547510966032, -0.13667921721933052, -0.13799942420779723, 3.995575497338594e-11, 0.1368772624254063, 0.9905880147825968, 2.93841007081852e-10, 0.0, 0.0, 0.0, 1.0]}, {"left_foot_pose": [0.9977939127223218, -0.0659949672559738, 0.007209163000212724, -0.0017229077048562347, 0.06638755697753683, 0.9918874916068579, -0.10840616344291036, -0.00206678279482567, 3.582601894567063e-06, 0.10864560870435375, 0.9940805458796719, 0.023433118792807753, 0.0, 0.0, 0.0, 1.0], "right_foot_pose": [0.9985531182852793, -0.053228661986169844, 0.0076406482648347296, 0.00478857556387917, 0.05377424999704646, 0.9884219013081734, -0.1418819053001141, -0.13799942402903148, -1.059816212772168e-10, 0.14208748909561822, 0.9898541031093939, 1.4244480595060338e-10, 0.0, 0.0, 0.0, 1.0]}, {"left_foot_pose": [0.9985038895015802, -0.05405426149988127, 0.00825345163667485, -0.005449139347704969, 0.05468073354273289, 0.9870491355457115, -0.15081121111407195, 0.003776633663098678, 5.426339425417629e-06, 0.1510368856675974, 0.9885281276414896, 0.0250000076480107, 0.0, 0.0, 0.0, 1.0], "right_foot_pose": [0.9985531182851011, -0.05323669775086662, 0.007584456189066276, 0.0047885757853331525, 0.05377425000035797, 0.9885711202570822, -0.1408384543743523, -0.1379994239354635, -1.2413949591911494e-10, 0.1410425262331909, 0.9900035382733537, 2.1417442819249288e-10, 0.0, 0.0, 0.0, 1.0]}, {"left_foot_pose": [0.9991039746204459, -0.041586335393556675, 0.007862862466249407, -0.009379916678155709, 0.04232313611790003, 0.9816805916317815, -0.18577397062727108, 0.009940820973087548, 6.839172111331964e-06, 0.18594029343316357, 0.9825610450405692, 0.025000006605648974, 0.0, 0.0, 0.0, 1.0], "right_foot_pose": [0.9985531182843487, -0.05329213057214172, 0.007184621332045284, 0.00478857597091574, 0.053774250014324614, 0.989600471376497, -0.13341378147257485, -0.13799942387319913, 5.505890108285862e-12, 0.1336070951353138, 0.9910343809018449, 5.163452096446086e-10, 0.0, 0.0, 0.0, 1.0]}, {"left_foot_pose": [0.9995488382403226, -0.02935393532870248, 0.006361324794446461, -0.013286470319726554, 0.03003531114741049, 0.9768200888592596, -0.21194431836043007, 0.016067021334316884, 7.529963463824129e-06, 0.21203976155831558, 0.9772610395700799, 0.02500000475367041, 0.0, 0.0, 0.0, 1.0], "right_foot_pose": [0.9985531182830495, -0.05338888270799166, 0.00642628745000285, 0.004788576186630163, 0.05377425003845021, 0.9913970949889777, -0.11933201615751823, -0.13799942382084518, 3.044449545554873e-10, 0.11950492563324834, 0.9928336077860136, 1.0952765500116257e-09, 0.0, 0.0, 0.0, 1.0]}, {"left_foot_pose": [0.999828132927319, -0.01810015339764218, 0.0040111163102135175, -0.01694002634658142, 0.018539270717059846, 0.9760651243181728, -0.21668679823891132, 0.02179646905839011, 6.953547384836463e-06, 0.2167239200843617, 0.9762329345063689, 0.022459725016118016, 0.0, 0.0, 0.0, 1.0], "right_foot_pose": [0.9985531182814817, -0.05354458897540982, 0.004964570654467217, 0.00478857652062887, 0.05377425006756284, 0.9942884583586921, -0.09218889089454822, -0.13799942424154624, 9.6860440746682e-10, 0.09232247053751366, 0.9957291606826878, 2.2473289201796476e-09, 0.0, 0.0, 0.0, 1.0]}, {"left_foot_pose": [0.9999633863373981, -0.008372896172338943, 0.0017665204021041164, -0.020111798271547004, 0.008557216513860521, 0.978291490530238, -0.20705683664554814, 0.026770396259200982, 5.493517779468582e-06, 0.20706437203394856, 0.9783273203810722, 0.01583856169411129, 0.0, 0.0, 0.0, 1.0], "right_foot_pose": [0.9985531182805597, -0.05367040009136638, 0.0033403781526317343, 0.0047885768876849465, 0.05377425008468204, 0.9966246890010114, -0.06202869740263049, -0.13799942470891818, 1.6692328797928314e-09, 0.06211857554443485, 0.9980687764740116, 3.731633481385277e-09, 0.0, 0.0, 0.0, 1.0]}, {"left_foot_pose": [0.9999996712807163, -0.0007978400702100563, 0.0001445326336029937, -0.022573017934199503, 0.0008108184911122993, 0.9832191181379538, -0.18242672036025737, 0.030630046000782736, 3.440098827069795e-06, 0.18242677758280826, 0.9832194418383514, 0.00799817579565714, 0.0, 0.0, 0.0, 1.0], "right_foot_pose": [0.9985531182812881, -0.053758387930186134, 0.0013060236838569783, 0.004788577135672474, 0.0537742500711556, 0.9982585674175279, -0.02425206396968962, -0.13799942508784227, 2.5313296136798154e-09, 0.02428720454586527, 0.9997050223417643, 5.582978371276859e-09, 0.0, 0.0, 0.0, 1.0]}, {"left_foot_pose": [0.9999920830944121, 0.0039362636249633985, -0.000582732505889602, -0.024094911295820108, -0.003979164075020117, 0.9892596487132742, -0.14611472780303267, 0.03301665745732556, 1.3276659474204458e-06, 0.14611588981478024, 0.9892674798768395, 0.001817275874621646, 0.0, 0.0, 0.0, 1.0], "right_foot_pose": [0.9985531182848597, -0.053762741311809636, -0.001112479313138053, 0.004788577163363265, 0.05377425000483704, 0.9983394106069343, 0.02065795888795118, -0.13799942522398176, 3.4420676994426424e-09, -0.020687892005674148, 0.9997859826604705, 7.488476366779295e-09, 0.0, 0.0, 0.0, 1.0]}, {"left_foot_pose": [0.999986481071445, 0.00517396374094604, -0.0005174684120263659, -0.02448274444243954, -0.005199776375004012, 0.9950224428080762, -0.09951532863785302, 0.03362485353245445, 3.9813696180447024e-09, 0.09951667401725846, 0.9950358946251859, 9.344330240135257e-09, 0.0, 0.0, 0.0, 1.0], "right_foot_pose": [0.9985531182943015, -0.05363917527745547, -0.0038090445364434133, 0.004788575987483483, 0.05377424982950659, 0.9960448763804358, 0.07073142365000032, -0.13799942531596654, 4.063642983398687e-09, -0.07083391215961776, 0.9974881236827654, 8.60780181854981e-09, 0.0, 0.0, 0.0, 1.0]}, {"left_foot_pose": [0.9999864810712049, 0.005193683868420735, -0.0002516400287179027, -0.02448274626779865, -0.00519977642107137, 0.9988148360341451, -0.04839303300327228, 0.033624852611808434, 3.679170174678765e-09, 0.04839368725319268, 0.9988283391224144, 9.188538055426854e-09, 0.0, 0.0, 0.0, 1.0], "right_foot_pose": [0.998553118305497, -0.05337217199213277, -0.0065636254623325134, 0.004788574038251527, 0.053774249621613236, 0.9910868046583807, 0.1218822206462983, -0.1379994258445617, 3.7433201410996536e-09, -0.12205882552639423, 0.9925228678026102, 8.868449231924647e-09, 0.0, 0.0, 0.0, 1.0]}, {"left_foot_pose": [0.999986481070426, 0.005199772753885611, 6.3004200594020585e-06, -0.024482743670609444, -0.005199776570904663, 0.9999857462106806, 0.0012123114624174299, 0.03362485300887408, 3.4138567962405665e-09, -0.0012123278340409314, 0.9999992651303419, 7.412950218943504e-09, 0.0, 0.0, 0.0, 1.0], "right_foot_pose": [0.9985531182996851, -0.05298930006850948, -0.009154453136292928, 0.004788576410195349, 0.053774249729541666, 0.9839771204682151, 0.16999222470779282, -0.13799942540195423, 3.4321558366130212e-09, -0.17023853991775587, 0.9854028818339586, 8.421440086947563e-09, 0.0, 0.0, 0.0, 1.0]}, {"left_foot_pose": [0.9999864810700494, 0.0051944330509744495, 0.0002356743936387075, -0.024482742836036755, -0.0051997766433630075, 0.99895881547253, 0.04532380514233183, 0.03362485342935015, 2.4583207048681106e-09, -0.04532441786719263, 0.9989723205099335, 5.192407330489868e-09, 0.0, 0.0, 0.0, 1.0], "right_foot_pose": [0.9986340222986932, -0.0510852222888976, -0.010972218154361784, 0.004116569609700691, 0.05225025840201178, 0.9763587628331116, 0.20974621983701783, -0.1372272604308438, -2.1109219025689305e-06, -0.21003301241159583, 0.9776942945997256, 0.002250299778345413, 0.0, 0.0, 0.0, 1.0]}, {"left_foot_pose": [0.999986481070003, 0.005182223919749306, 0.00042688696326888026, -0.024482742704230794, -0.005199776652302011, 0.9966108309228777, 0.08209637026067851, 0.03362485345656599, 1.6025156325512927e-09, -0.0820974801224608, 0.9966243042177645, 3.357700409378772e-09, 0.0, 0.0, 0.0, 1.0], "right_foot_pose": [0.9988874784096595, -0.04580099200729278, -0.01122829495247048, 0.0018710638606290453, 0.047157241802555275, 0.9701356407998304, 0.23793493437382804, -0.13464708961142785, -4.686908706830746e-06, -0.23819972204234516, 0.9712161924087667, 0.008710107177594108, 0.0, 0.0, 0.0, 1.0]}, {"left_foot_pose": [0.9999864810700919, 0.005167476735155447, 0.0005786719685179748, -0.024482742700930687, -0.005199776635156281, 0.9937747594906186, 0.11128652084735265, 0.03362485327858983, 9.11076989859896e-10, -0.11128802533765904, 0.9937881944440906, 1.981408516427141e-09, 0.0, 0.0, 0.0, 1.0], "right_foot_pose": [0.9992323010234693, -0.037895040657866245, -0.009938535348898322, -0.0016465729725069322, 0.03917663262409323, 0.9664995456915354, 0.25366083583062754, -0.13060519721747188, -6.8977875607038726e-06, -0.25385545901475987, 0.9672421650656191, 0.016558461868798835, 0.0, 0.0, 0.0, 1.0]}, {"left_foot_pose": [0.9999864810702211, 0.0051535573143240455, 0.0006917541504812395, -0.024482742765945507, -0.005199776610271605, 0.9910978830349182, 0.13303363697541945, 0.03362485301518827, 3.987629145564063e-10, -0.13303543547007474, 0.9911112817990161, 1.0251852144982365e-09, 0.0, 0.0, 0.0, 1.0], "right_foot_pose": [0.9995786592933011, -0.02807874862665577, -0.007354438181591598, -0.00611924381477652, 0.029025916305764603, 0.9668885456993476, 0.2535429675183506, -0.12546593956981686, -8.24721316945607e-06, -0.253649608852373, 0.9672961676038117, 0.022916656144460985, 0.0, 0.0, 0.0, 1.0]}, {"left_foot_pose": [0.99998648107038, 0.005143804261747729, 0.0007608903968986515, -0.02448274296954765, -0.005199776579744905, 0.9892222529973911, 0.1463294109134849, 0.033624852787615504, 1.3477128637251213e-10, -0.14633138915654306, 0.989235626404305, 4.532630520914793e-10, 0.0, 0.0, 0.0, 1.0], "right_foot_pose": [0.9998481905653579, -0.0169493326478286, -0.004039300183591978, -0.011229852414579536, 0.017423999382481167, 0.972499705748, 0.23225142963084722, -0.11959366919608387, -8.288498776006285e-06, -0.23228655243652485, 0.9726473962790703, 0.025000004833434293, 0.0, 0.0, 0.0, 1.0]}, {"left_foot_pose": [0.9999864810704208, 0.005137958914932705, 0.000799408898039046, -0.02448274309765493, -0.0051997765719112845, 0.9880981203804744, 0.15373700538314292, 0.0336248527920842, -1.2204663559505161e-11, -0.15373908377105291, 0.9881114785899606, 1.47992611221337e-10, 0.0, 0.0, 0.0, 1.0], "right_foot_pose": [0.9999870391815953, -0.00499159239509441, -0.0010027333580719562, -0.01666128936348748, 0.005091307867841886, 0.9801181779577687, 0.19834927733908783, -0.11335275224892631, -7.281552447565552e-06, -0.19835181179435907, 0.9801308885576833, 0.025000006764677805, 0.0, 0.0, 0.0, 1.0]}, {"left_foot_pose": [0.999986481070417, 0.005136976050396024, 0.0008057006037410345, -0.024482743203746462, -0.005199776572623869, 0.9879091026798391, 0.1549469817902591, 0.03362485278199693, -2.5932805393856596e-11, -0.15494907653604714, 0.9879224583339662, 9.714979515296207e-11, 0.0, 0.0, 0.0, 1.0], "right_foot_pose": [0.999973714024082, 0.0071596722254057416, 0.0011447071712313312, -0.02209645778836012, -0.007250602015111834, 0.9875542800871218, 0.15711133839422622, -0.107107548883271, -5.594780598451302e-06, -0.15711550838549143, 0.9875802331929627, 0.025000007874920516, 0.0, 0.0, 0.0, 1.0]}, {"left_foot_pose": [0.999986481070374, 0.00514084023340658, 0.0007806652201667444, -0.024482743173613878, -0.005199776580910647, 0.9886522319756462, 0.15013236337672967, 0.033624852872802, 8.163947161683751e-11, -0.15013439303260404, 0.9886655976763492, 3.175027116220086e-10, 0.0, 0.0, 0.0, 1.0], "right_foot_pose": [0.9998217576000591, 0.018766105831429042, 0.0020703384873224408, -0.02721826260420021, -