{"LoopMode": "Wrap", "FrameDuration": 0.0167, "EnableCycleOffsetPosition": true, "EnableCycleOffsetRotation": false, "Debug_info": [{"left_foot_pose": [1.0000000000000007, 9.157036523287821e-14, -5.585365503435473e-12, 8.141822447119701e-13, -3.4407462247196675e-14, 0.9999482320504451, 0.01017512747783512, -6.989721301753349e-14, 5.585596900395618e-12, -0.010175127477835288, 0.9999482320504453, 1.19334195303189e-11, 0.0, 0.0, 0.0, 1.0], "right_foot_pose": [0.9999999999999998, -1.383322584502645e-13, -5.632438959679575e-12, 1.4200219324299842e-13, 5.800648936167873e-14, 0.9998981736436018, -0.0142703309067971, -0.14000000000152574, 5.633693344973674e-12, 0.01427033090679695, 0.9998981736436017, 9.719398896823606e-12, 0.0, 0.0, 0.0, 1.0]}, {"left_foot_pose": [1.0000000000000007, 1.5443010171612574e-13, -1.2446321751014018e-11, 2.0635160685474236e-12, -5.737525655009169e-14, 0.9999698039963186, 0.007771170797556735, 5.444186768066572e-13, 1.2446688190629135e-11, -0.007771170797556908, 0.999969803996319, 2.581043018201612e-11, 0.0, 0.0, 0.0, 1.0], "right_foot_pose": [1.0, -3.3859484430808336e-13, -1.2527257009509183e-11, 7.210938281474249e-13, 1.297256821635676e-13, 0.9998609660195027, -0.016674790269953072, -0.14000000000268892, 1.2530978173650519e-11, 0.016674790269952916, 0.9998609660195028, 2.254793574074654e-11, 0.0, 0.0, 0.0, 1.0]}, {"left_foot_pose": [1.0000000000000004, 1.5768003789734567e-13, -2.185451819514129e-11, 3.867526386061912e-12, -6.070389860679807e-14, 0.9999902221260196, 0.004422177331909667, 1.651031741878306e-12, 2.1854640542167145e-11, -0.00442217733190984, 0.9999902221260197, 4.472620190876242e-11, 0.0, 0.0, 0.0, 1.0], "right_foot_pose": [0.9999999999999998, -6.916377729146513e-13, -2.198963233723816e-11, 1.6538865132363034e-12, 2.5121845982687637e-13, 0.9997994728255596, -0.020025337393744156, -0.14000000000401056, 2.199893846035202e-11, 0.020025337393744014, 0.9997994728255596, 4.039587414572665e-11, 0.0, 0.0, 0.0, 1.0]}, {"left_foot_pose": [1.0000000000000004, 2.4161603844813377e-14, -3.3684555145185875e-11, 6.22916516369825e-12, -1.893705961498551e-14, 0.999999989447093, 0.0001452784039105642, 3.3205972693739483e-12, 3.368416511550439e-11, -0.00014527840391073785, 0.999999989447093, 6.852230588494379e-11, 0.0, 0.0, 0.0, 1.0], "right_foot_pose": [0.9999999999999998, -1.2709379277887114e-12, -3.390765446198429e-11, 2.9621782629363984e-12, 4.46483681074334e-13, 0.9997045736819046, -0.02430566517258029, -0.14000000000538193, 3.392855013829626e-11, 0.024305665172580142, 0.9997045736819044, 6.303435551302528e-11, 0.0, 0.0, 0.0, 1.0]}, {"left_foot_pose": [1.0000000000000004, -3.41996794510008e-13, -4.8070936120581116e-11, 9.210473118760818e-12, 9.951213748910864e-14, 0.9999872429288754, -0.005051136456981367, 5.680768355720289e-12, 4.807181925884155e-11, 0.005051136456981193, 0.9999872429288756, 9.758250457680973e-11, 0.0, 0.0, 0.0, 1.0], "right_foot_pose": [0.9999999999999999, -2.179322619155534e-12, -4.843747625216109e-11, 4.706618352868446e-12, 7.491314206250571e-13, 0.9995645315678001, -0.02950842645150771, -0.1400000000067025, 4.848046240361488e-11, 0.029508426451507554, 0.9995645315678002, 9.074133111575122e-11, 0.0, 0.0, 0.0, 1.0]}, {"left_foot_pose": [1.0000000000000004, -1.0675798820463065e-12, -6.544242925343723e-11, 1.2945773890603939e-11, 3.363449192219628e-13, 0.9999375263349646, -0.011177809584760948, 8.938388224022376e-12, 6.54499239253051e-11, 0.01117780958476077, 0.9999375263349648, 1.3290418765521395e-10, 0.0, 0.0, 0.0, 1.0], "right_foot_pose": [1.0, -3.5626587388964882e-12, -6.603279034678164e-11, 6.999687302393502e-12, 1.2066824967565876e-12, 0.9993644917595896, -0.03564565345308027, -0.1400000000078637, 6.61176383774893e-11, 0.035645653453080114, 0.9993644917595896, 1.243733518951906e-10, 0.0, 0.0, 0.0, 1.0]}, {"left_foot_pose": [1.0000000000000004, -2.3306264778488897e-12, -8.652395466768322e-11, 1.7651454331234968e-11, 7.499583377144926e-13, 0.9998331268680801, -0.018267961495425318, 1.3404234319724928e-11, 8.65517262434484e-11, 0.018267961495425138, 0.9998331268680802, 1.7614149722122718e-10, 0.0, 0.0, 0.0, 1.0], "right_foot_pose": [0.9999999999999998, -5.6314413927280905e-12, -8.745842938751021e-11, 1.001869842325239e-11, 1.8873200106490554e-12, 0.9990857082913605, -0.04275216354701046, -0.1400000000087212, 8.761895537252496e-11, 0.042752163547010315, 0.9990857082913606, 1.6539292158057606e-10, 0.0, 0.0, 0.0, 1.0]}, {"left_foot_pose": [1.0000000000000004, -4.388707397191446e-12, -1.1233292074308559e-10, 2.3637096811055605e-11, 1.4244367347992267e-12, 0.9996520485486663, -0.026377676782760217, 1.9521982988490727e-11, 1.1240923458620941e-10, 0.026377676782760037, 0.9996520485486662, 2.29633936865703e-10, 0.0, 0.0, 0.0, 1.0], "right_foot_pose": [0.9999999999999999, -8.690221520549586e-12, -1.1378575859311008e-10, 1.4021225262770782e-11, 2.8889203013584175e-12, 0.9987044667098997, -0.0508860312236555, -0.1400000000090578, 1.140804261427273e-10, 0.05088603122365536, 0.9987044667098997, 2.158713416355873e-10, 0.0, 0.0, 0.0, 1.0]}, {"left_foot_pose": [1.0000000000000004, -7.614956346615484e-12, -1.4415585392057993e-10, 3.131881566961787e-11, 2.480784264952487e-12, 0.9993666767122291, -0.035584343146330986, 2.7900258492419283e-11, 1.4433528845346582e-10, 0.0355843431463308, 0.9993666767122291, 2.9643848487026503e-10, 0.0, 0.0, 0.0, 1.0], "right_foot_pose": [0.9999999999999997, -1.3175650965259015e-11, -1.463810739288362e-10, 1.9364303236984025e-11, 4.350403218124368e-12, 0.9981907271394337, -0.06012713408145233, -0.14000000000853505, 1.4690842650821085e-10, 0.06012713408145219, 0.9981907271394336, 2.7848405526054165e-10, 0.0, 0.0, 0.0, 1.0]}, {"left_foot_pose": [1.0000000000000002, -1.2536096583910673e-11, -1.834414287138484e-10, 4.122126864469301e-11, 4.08811378812944e-12, 0.9989422551075132, -0.045982289641958475, 3.932663396322145e-11, 1.8382369386738743e-10, 0.04598228964195831, 0.9989422551075131, 3.802160322696757e-10, 0.0, 0.0, 0.0, 1.0], "right_foot_pose": [0.9999999999999999, -1.9694388757337778e-11, -1.8680296198780855e-10, 2.6516867438224356e-11, 6.462133492346649e-12, 0.9975066241452074, -0.07057290405270467, -0.14000000000663487, 1.8772688066724862e-10, 0.07057290405270451, 0.9975066241452074, 3.563553688246124e-10, 0.0, 0.0, 0.0, 1.0]}, {"left_foot_pose": [1.0000000000000002, -1.9841717164642658e-11, -2.313889080340911e-10, 5.3923869524417035e-11, 6.4642522392350345e-12, 0.9983355531396819, -0.05767255272039227, 5.468979262512885e-11, 2.3214782213562494e-10, 0.0576725527203921, 0.9983355531396818, 4.845352521987145e-10, 0.0, 0.0, 0.0, 1.0], "right_foot_pose": [1.0, -2.902215349169159e-11, -2.3639357138449653e-10, 3.6027324897675837e-11, 9.46185104274936e-12, 0.9966052740462616, -0.08232817101804228, -0.14000000000260765, 2.379803008510747e-10, 0.08232817101804212, 0.9966052740462618, 4.52344488255374e-10, 0.0, 0.0, 0.0, 1.0]}, {"left_foot_pose": [1.0000000000000004, -3.027171134375594e-11, -2.878416394125333e-10, 6.985819084108923e-11, 9.834527126935388e-12, 0.9974948428761358, -0.0707392284062687, 7.463797635498537e-11, 2.8926182188754947e-10, 0.07073922840626853, 0.9974948428761357, 6.107303412994369e-10, 0.0, 0.0, 0.0, 1.0], "right_foot_pose": [1.0, -4.1952655338188905e-11, -2.9514418686815676e-10, 4.836058473043493e-11, 1.3580263082116572e-11, 0.9954312099227671, -0.09548144485551152, -0.13999999999551005, 2.9780147062149396e-10, 0.09548144485551137, 0.995431209922767, 5.670001829161109e-10, 0.0, 0.0, 0.0, 1.0]}, {"left_foot_pose": [1.0000000000000007, -4.4103365311334063e-11, -3.48424622487186e-10, 8.869507607848919e-11, 1.4259678897060371e-11, 0.9963643820976535, -0.0851940026478525, 9.850771240382805e-11, 3.5091520439014967e-10, 0.08519400264785232, 0.9963643820976537, 7.518539055229034e-10, 0.0, 0.0, 0.0, 1.0], "right_foot_pose": [0.9999999999999997, -5.866453125508905e-11, -3.5872393944202904e-10, 6.335214339073971e-11, 1.8831107898976336e-11, 0.9939261711081953, -0.11004892723785482, -0.13999999998457982, 3.630008525299988e-10, 0.11004892723785471, 0.9939261711081951, 6.930237633762104e-10, 0.0, 0.0, 0.0, 1.0]}, {"left_foot_pose": [1.0000000000000002, -5.95082918979508e-11, -3.9763253800728545e-10, 1.0766691639416175e-10, 1.910491547341023e-11, 0.9949018703685917, -0.10084774829949825, 1.214498068086156e-10, 4.016064232611858e-10, 0.10084774829949807, 0.9949018703685916, 8.769805159847266e-10, 0.0, 0.0, 0.0, 1.0], "right_foot_pose": [1.0, -7.674426685617353e-11, -4.11209677420032e-10, 7.865440776504936e-11, 2.4385797617113662e-11, 0.9920499937937703, -0.1258443872955023, -0.13999999997062984, 4.1759817202993576e-10, 0.12584438729550215, 0.9920499937937706, 8.013368649195662e-10, 0.0, 0.0, 0.0, 1.0]}, {"left_foot_pose": [1.0000000000000002, -6.850582547687478e-11, -3.953246618948457e-10, 1.1765205179111378e-10, 2.1777058247069765e-11, 0.9931302712434692, -0.11701394933884618, 1.2835414675560486e-10, 4.006248700844585e-10, 0.117013949338846, 0.9931302712434694, 8.979290089250469e-10, 0.0, 0.0, 0.0, 1.0], "right_foot_pose": [1.0, -8.639083911149119e-11, -4.1072450995827074e-10, 8.611604669600695e-11, 2.7117375169148615e-11, 0.9898411294645049, -0.1421778408206895, -0.1399999999597281, 4.188346256511371e-10, 0.14217784082068932, 0.989841129464505, 8.124989292479512e-10, 0.0, 0.0, 0.0, 1.0]}, {"left_foot_pose": [0.9999999980093747, 6.251442983238787e-05, -8.555563151714333e-06, -2.1385548375162177e-05, -6.309678962446065e-05, 0.9912233202809408, -0.13219805350315791, 3.523210494919826e-05, 2.1618777428209782e-07, 0.1321980537798295, 0.9912233222522459, 0.0001638610682495878, 0.0, 0.0, 0.0, 1.0], "right_foot_pose": [0.9999999999999998, -6.910832309208497e-11, -2.9786711985835227e-10, 3.3160180198802494e-11, 2.142440760925932e-11, 0.9875667615233502, -0.15720016391302588, -0.14000000001239002, 3.0502731371636366e-10, 0.1572001639130258, 0.9875667615233502, 5.717150849959829e-10, 0.0, 0.0, 0.0, 1.0]}, {"left_foot_pose": [0.9999984126606405, 0.0017605141591312558, -0.00027434667101703444, -0.0006039623797096974, -0.001781761655596195, 0.9881823530648374, -0.1532725103097248, 0.0009950265011916815, 1.2661143150343779e-06, 0.15327275583461494, 0.9881839213007164, 0.004191209110940022, 0.0, 0.0, 0.0, 1.0], "right_foot_pose": [0.9999999999999997, -4.220641230064363e-11, -1.6320206297493177e-10, -8.538631047901895e-11, 1.3982751137951302e-11, 0.985580310819352, -0.16920830631275108, -0.14000000013531883, 1.679901643943033e-10, 0.16920830631275094, 0.9855803108193519, 2.857620320928511e-10, 0.0, 0.0, 0.0, 1.0]}, {"left_foot_pose": [0.9999847310484864, 0.005433718263947892, -0.0010061688303569724, -0.0018732018342009031, -0.005526089374438821, 0.9833507945905507, -0.18163335903505934, 0.0030861017964196637, 2.4724184928101307e-06, 0.18163614586298898, 0.9833658070677093, 0.011469801920514576, 0.0, 0.0, 0.0, 1.0], "right_foot_pose": [1.0, -1.2551953083148463e-11, -3.014327676353893e-11, -1.210904524370915e-10, 7.010800967384518e-12, 0.9841680879121262, -0.17723762223464207, -0.14000000010706187, 3.1890447259787095e-11, 0.17723762223464193, 0.9841680879121261, 1.1936373417453794e-10, 0.0, 0.0, 0.0, 1.0]}, {"left_foot_pose": [0.9999410159439474, 0.010610159839418017, -0.0023214523835863106, -0.003681718456855727, -0.010861151814684371, 0.976907388123203, -0.21338694995608526, 0.006065636656407379, 3.7743380215344814e-06, 0.21339957717503658, 0.9769650047198576, 0.019120926465807188, 0.0, 0.0, 0.0, 1.0], "right_foot_pose": [1.0000000000000002, 4.630697321277726e-12, 5.08618147598838e-11, -8.762903941967563e-11, 4.62733620408039e-12, 0.9835702398288746, -0.18052585222889903, -0.1399999999861775, -5.08624907277441e-11, 0.18052585222889883, 0.9835702398288747, 6.152799103542606e-11, 0.0, 0.0, 0.0, 1.0]}, {"left_foot_pose": [0.9998494459353205, 0.01683474363437253, -0.0042043869467891385, -0.005882125300203446, -0.017351813688189926, 0.970123868242966, -0.24198883202957072, 0.009690805003874302, 4.9561788101096e-06, 0.2420253533662751, 0.9702699254863913, 0.024265878856018233, 0.0, 0.0, 0.0, 1.0], "right_foot_pose": [0.9999999999999998, -3.068032450166896e-12, 4.1759318225587114e-11, 2.8695199053046042e-11, 1.0472111872189593e-11, 0.9839432911313681, -0.17848137112195261, -0.13999999988920397, -4.054126748220108e-11, 0.17848137112195253, 0.9839432911313681, 1.3273211696418485e-10, 0.0, 0.0, 0.0, 1.0]}, {"left_foot_pose": [0.9996982899976185, 0.023715052305722656, -0.006397286141439872, -0.00832702477482427, -0.024562755202166196, 0.9652575812610734, -0.26014317764435285, 0.013718773406589056, 5.71988270824608e-06, 0.26022182481905626, 0.965548860418324, 0.025000002649056705, 0.0, 0.0, 0.0, 1.0], "right_foot_pose": [1.0, -4.0521834963027294e-11, -8.099593218346942e-11, 1.940264233847641e-10, 2.6105255881589153e-11, 0.985331113893458, -0.17065343827030785, -0.13999999987717765, 8.672279725385717e-11, 0.17065343827030768, 0.985331113893458, 4.063876180016024e-10, 0.0, 0.0, 0.0, 1.0]}, {"left_foot_pose": [0.9994859883197019, 0.030852126609440533, -0.008712372596727119, -0.010869024380335384, -0.03205868238482787, 0.9619205495899792, -0.27144262222477483, 0.017906717991627366, 6.0280883988841825e-06, 0.27158240473231715, 0.9624151897198393, 0.025000002070182048, 0.0, 0.0, 0.0, 1.0], "right_foot_pose": [1.0000000000000002, -1.0332667445107838e-10, -3.283694427480548e-10, 3.4955931197087616e-10, 5.050486777691521e-11, 0.9876048326563235, -0.15696080566139792, -0.13999999982549233, 3.405173666413295e-10, 0.15696080566139778, 0.9876048326563237, 9.012601151492383e-10, 0.0, 0.0, 0.0, 1.0]}, {"left_foot_pose": [0.9992233404244514, 0.037877656333800636, -0.010862739141646325, -0.013360738821419204, -0.03940451645624628, 0.9605457637691369, -0.27531639941713515, 0.022011816337745307, 5.8181052558279065e-06, 0.27553061328248907, 0.9612922974362824, 0.024910270469748856, 0.0, 0.0, 0.0, 1.0], "right_foot_pose": [0.9999999999999998, -1.8385888083650035e-10, -7.312578320650675e-10, 5.420732375232513e-10, 8.193900006893635e-11, 0.9905703096774007, -0.1370053341502387, -0.13999999985712874, 7.495517493411837e-10, 0.13700533415023858, 0.9905703096774006, 1.65268304597177e-09, 0.0, 0.0, 0.0, 1.0]}, {"left_foot_pose": [0.9989337995615171, 0.044530438679032586, -0.012178018091810043, -0.01565477597368847, -0.046165615659142505, 0.9635799780645355, -0.2634053184807826, 0.0257912380656624, 4.9400234361764785e-06, 0.263686681317436, 0.9646083837865984, 0.02116383331800932, 0.0, 0.0, 0.0, 1.0], "right_foot_pose": [0.9999999999999998, -2.599853675205789e-10, -1.3154271560900083e-09, 8.395226803505907e-10, 1.1347280988156829e-10, 0.9939119806479211, -0.11017701540941703, -0.1400000003292401, 1.3360631512271828e-09, 0.11017701540941686, 0.9939119806479207, 2.7699856366969478e-09, 0.0, 0.0, 0.0, 1.0]}, {"left_foot_pose": [0.998651870963084, 0.05043491400481427, -0.01227843928435504, -0.01760374416510647, -0.05190800139899857, 0.9703275489404685, -0.23615674277467782, 0.02900216305758712, 3.5628821044889427e-06, 0.23647572225602928, 0.9716373977831421, 0.013996811256236294, 0.0, 0.0, 0.0, 1.0], "right_foot_pose": [1.0, -2.859204277524509e-10, -2.0551894630571593e-09, 1.080825283839824e-09, 1.284736694627286e-10, 0.9970921821682668, -0.07620485718721787, -0.14000000078869845, 2.0710018069063573e-09, 0.0762048571872177, 0.9970921821682667, 4.2714640297036865e-09, 0.0, 0.0, 0.0, 1.0]}, {"left_foot_pose": [0.998419627341193, 0.05507017257641418, -0.011203741887326361, -0.01906025961827032, -0.05619828943837545, 0.9783846460978702, -0.1990106442986082, 0.031401772822305704, 2.018515335704332e-06, 0.19932576444692368, 0.9799332832512506, 0.006287909215389395, 0.0, 0.0, 0.0, 1.0], "right_foot_pose": [0.9999999999999999, -2.0867370938784046e-10, -2.903354445749072e-09, 1.1960933254200615e-09, 1.0642229948223364e-10, 0.999381206307416, -0.03517391760288256, -0.140000001088877, 2.9088977005162453e-09, 0.035173917602882424, 0.9993812063074157, 6.015454120933406e-09, 0.0, 0.0, 0.0, 1.0]}, {"left_foot_pose": [0.9982813444903758, 0.057890029014487386, -0.00911601794591525, -0.019876932430932626, -0.05860338933982621, 0.9861312061038656, -0.15527680801079405, 0.0327472433503421, 6.108508476819737e-07, 0.15554417021810246, 0.9878289381825124, 0.0009158379237306086, 0.0, 0.0, 0.0, 1.0], "right_foot_pose": [1.0, 1.607383976901246e-11, -3.6893967325646315e-09, 1.0890436393332489e-09, 2.8612983864200304e-11, 0.9999266483420634, 0.012111892313261059, -0.14000000107259766, 3.6893208374682515e-09, -0.012111892313261208, 0.999926648342063, 7.582645497605789e-09, 0.0, 0.0, 0.0, 1.0]}, {"left_foot_pose": [0.9982600048418732, 0.058631191417311934, -0.006272649048890859, -0.01999999990955819, -0.05896577594761191, 0.9925956693627216, -0.1061926288838699, 0.032950001199255494, 3.930163092080201e-09, 0.10637772584219793, 0.9943257914007074, 8.817648416981072e-09, 0.0, 0.0, 0.0, 1.0], "right_foot_pose": [0.9999999999999999, 3.557717380737215e-10, -4.002528086743953e-09, 9.536068359274895e-10, -1.0178812172400036e-10, 0.9979959612092402, 0.06327765332283167, -0.1400000010402499, 4.01701918836589e-09, -0.0632776533228318, 0.9979959612092401, 8.315299067362947e-09, 0.0, 0.0, 0.0, 1.0]}, {"left_foot_pose": [0.9982600048362794, 0.058872284612149536, -0.0033191638733961045, -0.019999999867213795, -0.0589657760423141, 0.9966772469370302, -0.05619166035765962, 0.032950000877480165, 3.690063595358993e-09, 0.05628960421400208, 0.9984144832971084, 7.840174912066011e-09, 0.0, 0.0, 0.0, 1.0], "right_foot_pose": [1.0, 6.009450539725316e-10, -3.6794576274701326e-09, 9.240695937136982e-10, -1.7878211508749458e-10, 0.9935178297041235, 0.11367639183228821, -0.14000000122674147, 3.7239198556988845e-09, -0.11367639183228834, 0.9935178297041238, 8.160243515631382e-09, 0.0, 0.0, 0.0, 1.0]}, {"left_foot_pose": [0.998260004831315, 0.05896334434743265, -0.0005355161525417328, -0.019999999807733378, -0.058965776126355715, 0.9982188365328061, -0.009065960341213576, 0.032950000553068286, 2.969295455885607e-09, 0.009081762739583023, 0.9999587599424, 6.07931190110822e-09, 0.0, 0.0, 0.0, 1.0], "right_foot_pose": [0.9999999999327254, 1.1434864787903316e-05, 1.947563981807772e-06, -2.009623319901721e-06, -1.1599124851146029e-05, 0.9871758338252907, 0.1596366905720665, -0.1399923999446898, -9.716412613822311e-08, -0.1596366905839172, 0.9871758338915136, 3.7405222555068895e-05, 0.0, 0.0, 0.0, 1.0]}, {"left_foot_pose": [0.9982600048288028, 0.05893608378611849, 0.0018710390575573477, -0.01999999974672345, -0.058965776168886645, 0.9977573270789075, 0.031675755731404305, 0.03295000072213167, 2.064845810358145e-09, -0.031730967339658966, 0.9994964460725664, 4.112272841694242e-09, 0.0, 0.0, 0.0, 1.0], "right_foot_pose": [0.9999992886986506, 0.0011688831934746904, 0.00023730628410150527, -0.000206787585576515, -0.0011927282666101507, 0.9802088023352131, 0.1979628278840472, -0.13921818088153962, -1.2142860793023424e-06, -0.1979629701147337, 0.9802094992713947, 0.003492989170048838, 0.0, 0.0, 0.0, 1.0]}, {"left_foot_pose": [0.9982600048285024, 0.05884159361606428, 0.0038248686933488973, -0.019999999753279152, -0.05896577617397554, 0.9961576571187237, 0.06475306482272766, 0.03295000062214494, 1.289340208162204e-09, -0.06486593115386342, 0.9978939878441714, 2.4934846826196733e-09, 0.0, 0.0, 0.0, 1.0], "right_foot_pose": [0.9999917440024026, 0.003955723234112633, 0.0009296132139417769, -0.0007045162468722517, -0.004063486330862206, 0.9736081731298066, 0.22818986238148067, -0.1373363845007939, -2.4230825315987117e-06, -0.22819175591711327, 0.9736162090503593, 0.01053849677423653, 0.0, 0.0, 0.0, 1.0]}, {"left_foot_pose": [0.998260004829318, 0.058725705736133324, 0.005315472129910497, -0.019999999804195517, -0.058965776160165496, 0.9941957360171382, 0.08998819771042732, 0.032950000374508785, 6.919921732235252e-10, -0.09014504962079083, 0.9959286470570399, 1.2975401794679264e-09, 0.0, 0.0, 0.0, 1.0], "right_foot_pose": [0.9999658025710122, 0.008009871349516022, 0.0020580693563625415, -0.001433862435560111, -0.008270046935234249, 0.9686118235635512, 0.24844061982007065, -0.1345788946192049, -3.49290953401307e-06, -0.24844914411978988, 0.9686449415415037, 0.018295207965210072, 0.0, 0.0, 0.0, 1.0]}, {"left_foot_pose": [0.9982600048303933, 0.05862310963348326, 0.006347737622520429, -0.019999999877000903, -0.058965776141959886, 0.9924588380734346, 0.10746391009964673, 0.03295000010374504, 2.7817235308424487e-10, -0.10765122269082386, 0.9941887216485467, 5.113249268440256e-10, 0.0, 0.0, 0.0, 1.0], "right_foot_pose": [0.9999094306016718, 0.013014656242841727, 0.0034277276322216086, -0.002333494624017516, -0.01345847600375968, 0.9670145103835093, 0.2543654971323709, -0.1311775897874211, -4.182852783494424e-06, -0.25438859139242614, 0.9671020858998707, 0.02388441722719923, 0.0, 0.0, 0.0, 1.0]}, {"left_foot_pose": [0.9982600048311748, 0.0585570616269056, 0.006930605174632496, -0.019999999949689873, -0.05896577612873273, 0.9913406802132052, 0.11733155159613623, 0.032949999990266786, 4.948596218959492e-11, -0.11753606377637225, 0.9930686148056224, 1.1183276527049202e-10, 0.0, 0.0, 0.0, 1.0], "right_foot_pose": [0.999814224618714, 0.018701175794838588, 0.004667148376677384, -0.003342082777153824, -0.0192747563309044, 0.970115563425303, 0.24187657465821477, -0.12736434631311003, -4.296933693364542e-06, -0.24192159809305433, 0.9702958004431634, 0.02500000124774384, 0.0, 0.0, 0.0, 1.0]}, {"left_foot_pose": [0.9982600048314266, 0.058537913363231706, 0.007090518531104859, -0.020000000003224636, -0.058965776124470126, 0.9910165102266828, 0.12003880082775997, 0.03294999998962902, -7.311909114056552e-12, -0.12024803182258999, 0.9927438797810815, 9.774403508799878e-12, 0.0, 0.0, 0.0, 1.0], "right_foot_pose": [0.9996782589010612, 0.024751961833602277, 0.0055424783202667445, -0.004398293886812903, -0.025364910113101345, 0.975554716909175, 0.21828791916002513, -0.12337105225653328, -3.936624917754676e-06, -0.21835827142942707, 0.9758686721495142, 0.025000002467381217, 0.0, 0.0, 0.0, 1.0]}, {"left_foot_pose": [0.9982600048311573, 0.05856729859236272, 0.006843558291675309, -0.02000000002904481, -0.05896577612902674, 0.9915139866513522, 0.11585789364667695, 0.03294999998428886, 8.682682957224545e-11, -0.1160598371976124, 0.9932422233220176, 1.982461209082409e-10, 0.0, 0.0, 0.0, 1.0], "right_foot_pose": [0.999507681425774, 0.030820542680435797, 0.005872726773571011, -0.005440795610716618, -0.03137506590374345, 0.981861610290342, 0.18698498195735408, -0.11942959053171212, -3.226349676537419e-06, -0.18707718296719084, 0.9823452181400645, 0.024992553589208148, 0.0, 0.0, 0.0, 1.0]}, {"left_foot_pose": [0.99826000483047, 0.058640219957971654, 0.00618767800968488, -0.020000000072813964, -0.05896577614066315, 0.9927485069319656, 0.1047541847779023, 0.032950000183064154, 3.3140357743492097e-10, -0.10493677423875038, 0.9944788954082265, 7.14738532248127e-10, 0.0, 0.0, 0.0, 1.0], "right_foot_pose": [0.9993170573767335, 0.036555306685610085, 0.005397072264406434, -0.006408258076592128, -0.03695157413214247, 0.9886093049655068, 0.14589798937879142, -0.11577183567671145, -2.2501136079707287e-06, -0.14599777973907063, 0.9892849176583048, 0.02183779520655362, 0.0, 0.0, 0.0, 1.0]}, {"left_foot_pose": [0.99826000482971, 0.05874213071141683, 0.005130773515872583, -0.02000000006435768, -0.058965776153530984, 0.9944738024741538, 0.08686134603614257, 0.03295000041015593, 6.946609031169507e-10, -0.08701274775618631, 0.9962071981911793, 1.4754137009354018e-09, 0.0, 0.0, 0.0, 1.0], "right_foot_pose": [0.9991284599958894, 0.04153420979108354, 0.004150884637348664, -0.007239345828755981, -0.04174111192441551, 0.9941789557153484, 0.09932715433381166, -0.11262968381653224, -1.2472880023874492e-06, -0.0994138492855483, 0.9950461730837793, 0.014923781712354561, 0.0, 0.0, 0.0, 1.0]}, {"left_foot_pose": [0.9982600048292963, 0.05884967738819917, 0.0036984090524034125, -0.019999999866903848, -0.05896577616053214, 0.996294511646021, 0.06261216579709844, 0.03295000054753231, 1.1170037511701821e-09, -0.06272130049131844, 0.9980310809111502, 2.360281581292867e-09, 0.0, 0.0, 0.0, 1.0], "right_foot_pose": [0.9989693131583662, 0.04532367627458809, 0.0024649009833545787, -0.007872725555567688, -0.04539065286687463, 0.9974958362660821, 0.054237858218670144, -0.1102350208049988, -4.6933997421197016e-07, -0.054293839436772594, 0.9985250016894889, 0.007129216821055162, 0.0, 0.0, 0.0, 1.0]}, {"left_foot_pose": [0.9982600048298116, 0.05893368728546606, 0.001945060442331209, -0.0199999998556761, -0.05896577615181016, 0.9977167561097637, 0.0329288903643193, 0.032950000426712436, 1.532427688214959e-09, -0.032986286252770114, 0.9994558043851922, 3.2130847427147557e-09, 0.0, 0.0, 0.0, 1.0], "right_foot_pose": [0.9988689855518055, 0.04754276136340818, 0.0006599580660078027, -0.00824706583359261, -0.047547341699661315, 0.9987727770057797, 0.013863268354133205, -0.10881972747651673, -5.009121659272724e-08, -0.013878968048997553, 0.9999036824844143, 0.0013328073493916112, 0.0, 0.0, 0.0, 1.0]}, {"left_foot_pose": [0.9982600048314048, 0.05896577467668745, -1.306838169613938e-05, -0.020000000044183792, -0.05896577612483729, 0.9982599803215841, -0.00022121109086746873, 0.032950000176344495, 1.7591145229305063e-09, 0.00022159677190734957, 0.9999999754474356, 3.7100072319828925e-09, 0.0, 0.0, 0.0, 1.0], "right_foot_pose": [0.9988482211678794, 0.0479707719881786, -0.0010178922443819982, -0.008322439492824053, -0.04798157010522876, 0.9986234339775379, -0.02118976264961771, -0.1085347594938529, 1.7759553750126126e-09, 0.021214196797623455, 0.9997749536041758, 3.494385968083602e-09, 0.0, 0.0, 0.0, 1.0]}, {"left_foot_pose": [0.9982600048332543, 0.058930897824911455, -0.0020278145530675646, -0.02000000028141078, -0.058965776093525143, 0.9976695348397682, -0.03432981943281805, 0.03295000022483776, 1.7205569297150854e-09, 0.034389657371824874, 0.9994085007972713, 3.797943647076973e-09, 0.0, 0.0, 0.0, 1.0], "right_foot_pose": [0.9988482211693015, 0.04790744293235828, -0.0026660792570568246, -0.008322439720987795, -0.0479815700756245, 0.9973050939342548, -0.055500617526882595, -0.10853475939748132, 1.7570153726204216e-09, 0.05556461575922393, 0.9984550933695165, 3.421407004933208e-09, 0.0, 0.0, 0.0, 1.0]}, {"left_foot_pose": [0.9982600048340493, 0.05883519766510518, -0.003922023002583437, -0.020000000003865866, -0.05896577608006824, 0.9960493815505861, -0.06639779186066017, 0.032950000291755197, 1.3775017777792071e-09, 0.0665135251539438, 0.9977855235327865, 3.2061669152927408e-09, 0.0, 0.0, 0.0, 1.0], "right_foot_pose": [0.9988482211699271, 0.047795579010046184, -0.004220627058419314, -0.008322439506065685, -0.047981570062596124, 0.9949763864932083, -0.08786216054278632, -0.10853475925605012, 1.4231053003577114e-09, 0.0879634750792202, 0.9961237006777759, 2.8402039331520967e-09, 0.0, 0.0, 0.0, 1.0]}, {"left_foot_pose": [0.9982858311816386, 0.058258085558541686, -0.005603099949091859, -0.019232699377147496, -0.05852691057904364, 0.9937001225702948, -0.09557545261129832, 0.032908904382878384, -2.4178933942613956e-07, 0.09573955228031698, 0.9954064185693734, 0.002844457635898197, 0.0, 0.0, 0.0, 1.0], "right_foot_pose": [0.9988482211696209, 0.04765861684402989, -0.005557635000428726, -0.0083224394145358, -0.04798157006897574, 0.9921251994224053, -0.1156951062265335, -0.10853475957010017, 9.947372962742062e-10, 0.11582851510559401, 0.993269225884117, 1.9985091984087155e-09, 0.0, 0.0, 0.0, 1.0]}, {"left_foot_pose": [0.9983572385953838, 0.05685799201663626, -0.0070705649022196155, -0.017080596113079206, -0.05729593479360975, 0.9907250411443286, -0.12321147960192722, 0.03279365390008113, -5.716198992914117e-07, 0.12341418716422287, 0.9923552480872301, 0.009617037333205153, 0.0, 0.0, 0.0, 1.0], "right_foot_pose": [0.9988482211688446, 0.04752108998305709, -0.006631521292778724, -0.008322439408904493, -0.04798157008513142, 0.9892622562416197, -0.13805056069392177, -0.10853475960235362, 5.994610993698168e-10, 0.1382097477841658, 0.9904029814259633, 1.2499551879652238e-09, 0.0, 0.0, 0.0, 1.0]}, {"left_foot_pose": [0.9984623260038834, 0.05482248648238916, -0.008214531441516905, -0.013826553154975371, -0.05543449783351987, 0.9874365603710851, -0.14797315868922692, 0.032619397914461355, -9.278203252540599e-07, 0.14820099263638517, 0.9889572618575233, 0.01743949179155691, 0.0, 0.0, 0.0, 1.0], "right_foot_pose": [0.9988482211679895, 0.047403628882057396, -0.0074247584711480425, -0.008322439485944003, -0.04798157010293328, 0.986817028471653, -0.15456364788925683, -0.10853475945264782, 2.8841840798606623e-10, 0.15474187632050027, 0.9879549340495299, 6.681327990865071e-10, 0.0, 0.0, 0.0, 1.0]}, {"left_foot_pose": [0.9985889703427027, 0.05236269517861493, -0.008844007210171702, -0.009753541365817332, -0.05310431534610291, 0.9846394575867351, -0.16632820041990082, 0.03240128833112921, -1.234395878569807e-06, 0.16656316134407528, 0.9860307871874717, 0.023433115595752632, 0.0, 0.0, 0.0, 1.0], "right_foot_pose": [0.9988482211673261, 0.04732173058362531, -0.007929999081910721, -0.008322439628912576, -0.04798157011674705, 0.9851121235634207, -0.16508141305882823, -0.10853475925991052, 8.23028341011662e-11, 0.1652717695885735, 0.9862480632057341, 2.908153370895228e-10, 0.0, 0.0, 0.0, 1.0]}, {"left_foot_pose": [0.9987257211833078, 0.04970118117421145, -0.008759362806235347, -0.005144531390159788, -0.05046715610093447, 0.9835625461723911, -0.17337180832525223, 0.03215447303243103, -1.4024715256218552e-06, 0.17359294443257833, 0.984817490523631, 0.025000003854769193, 0.0, 0.0, 0.0, 1.0], "right_foot_pose": [0.9988482211670316, 0.047285718366699356, -0.008141984401972053, -0.008322439762452184, -0.04798157012287905, 0.984362444901663, -0.1694943833752732, -0.10853475918921845, -4.744324125570009e-12, 0.16968982852771694, 0.9854975200852788, 1.553944473098312e-10, 0.0, 0.0, 0.0, 1.0]}, {"left_foot_pose": [0.9988624300149371, 0.04697510762650578, -0.008196655911641084, -0.0002825118660098998, -0.04768486030844476, 0.9839900027301208, -0.1717260278016752, 0.031894106513448095, -1.4211653828230046e-06, 0.17192153381893666, 0.9851106466825569, 0.02500000412054612, 0.0, 0.0, 0.0, 1.0], "right_foot_pose": [0.9988482211671482, 0.047297683858982455, -0.008072185131632761, -0.008322439770834012, -0.047981570120449304, 0.9846115346706837, -0.16804134825160555, -0.10853475919867521, 2.5761092719303718e-11, 0.168235117900564, 0.9857468970810832, 2.0724571364594269e-10, 0.0, 0.0, 0.0, 1.0]}, {"left_foot_pose": [0.9989906163643396, 0.04431545238529175, -0.007340919280593422, 0.004549545538365365, -0.04491935456235821, 0.9855553026081614, -0.16328808005068104, 0.03163534463704141, -1.3032135644285548e-06, 0.16345300909075786, 0.9865511207319563, 0.025000004014922632, 0.0, 0.0, 0.0, 1.0], "right_foot_pose": [0.9988482211676362, 0.047355714802817576, -0.007724464108458216, -0.00832243975763932, -0.04798157011028974, 0.9858195847107347, -0.16080272177580338, -0.10853475919555085, 1.6758140840317141e-10, 0.1609881445208598, 0.9869563401304694, 4.742547118907758e-10, 0.0, 0.0, 0.0, 1.0]}, {"left_foot_pose": [0.9991035714174147, 0.041916899122189856, -0.005918373843199585, 0.00906867210044458, -0.042332653826049595, 0.9892879183610309, -0.13970454897727144, 0.03139333569008087, -1.0057469705299433e-06, 0.13982985429756806, 0.9901755459746067, 0.022459724804496227, 0.0, 0.0, 0.0, 1.0], "right_foot_pose": [0.9988482211685669, 0.0474892785336796, -0.006855617604598613, -0.008322439832269305, -0.04798157009092009, 0.9886000264041542, -0.14271564989627442, -0.10853475942622465, 4.95883500022351e-10, 0.1428802163284211, 0.9897399879675184, 1.1060133711660036e-09, 0.0, 0.0, 0.0, 1.0]}, {"left_foot_pose": [0.9991962003777535, 0.039839528785649385, -0.004445795406757835, 0.012991874929926834, -0.040086820156103056, 0.9930304423535149, -0.11083134668926468, 0.031183239117796267, -6.584473937773125e-07, 0.11092047829558409, 0.9938292848846056, 0.015838562432603613, 0.0, 0.0, 0.0, 1.0], "right_foot_pose": [0.9988482211694236, 0.0476218515823095, -0.005864325924658164, -0.008322439857921062, -0.04798157007308245, 0.991359844589508, -0.12207959480923974, -0.10853475964886006, 8.92057107577256e-10, 0.12222036568157836, 0.992502988515733, 1.912176993135173e-09, 0.0, 0.0, 0.0, 1.0]}, {"left_foot_pose": [0.9992645997486779, 0.038228976358151784, -0.002967331414469637, 0.016036182041299266, -0.03834396548362673, 0.9962672639151124, -0.07733873002633947, 0.031020212782430487, -3.2533232364011436e-07, 0.07739563435817587, 0.9970004592687961, 0.007998177272883891, 0.0, 0.0, 0.0, 1.0], "right_foot_pose": [0.9988482211699081, 0.04776238951935927, -0.004580962029032325, -0.008322439818902124, -0.04798157006299842, 0.9942854699768507, -0.09536337413914492, -0.10853475974760747, 1.3624679921504267e-09, 0.09547333837419712, 0.9954319874605628, 2.899438009129618e-09, 0.0, 0.0, 0.0, 1.0]}, {"left_foot_pose": [0.9993053734000077, 0.03723335570909102, -0.0015645818968998814, 0.01791862294020567, -0.03726621383860771, 0.9984241783101973, -0.041956995504247564, 0.03091941036843767, -8.334328324380258e-08, 0.04198615710265226, 0.9991181925136515, 0.001817276323892364, 0.0, 0.0, 0.0, 1.0], "right_foot_pose": [0.9988482211695523, 0.047885606192772864, -0.0030331148959173073, -0.00832243971785014, -0.04798157007040466, 0.9968505117766782, -0.06314131851769883, -0.10853475962804868, 1.8232415300285044e-09, 0.06321412729861352, 0.9979999870289956, 3.919074238745157e-09, 0.0, 0.0, 0.0, 1.0]}, {"left_foot_pose": [0.9993155780867228, 0.036990974991608146, -0.00020775555374234392, 0.01839833521818609, -0.03699155840458552, 0.9992998176732516, -0.005612397438430443, 0.03089372723119873, 2.0336871082118047e-09, 0.005616241392337524, 0.9999842287919466, 4.4750511907221124e-09, 0.0, 0.0, 0.0, 1.0], "right_foot_pose": [0.9988482211680587, 0.047963923751661114, -0.001301187054007956, -0.008322439487738786, -0.04798157010149488, 0.9984808724271421, -0.027087198595064973, -0.108534759399419, 2.0568168798595514e-09, 0.027118433130953478, 0.9996322276640155, 4.527511386631655e-09, 0.0, 0.0, 0.0, 1.0]}, {"left_foot_pose": [0.9993155780854374, 0.036973302108269226, 0.001162035705158954, 0.01839833532088273, -0.03699155843931668, 0.9988223872442749, 0.03139209046685349, 0.030893727030729182, 1.9675509191659896e-09, -0.03141359054389016, 0.9995064713793212, 4.3686793974040405e-09, 0.0, 0.0, 0.0, 1.0], "right_foot_pose": [0.9988482211662206, 0.04797916246158318, 0.0004806688694819487, -0.008322439371473025, -0.04798157013976378, 0.9987980993226521, 0.010006283844688706, -0.10853475959022996, 1.964978967131438e-09, -0.010017822065826801, 0.9999498203615306, 4.5104922505312395e-09, 0.0, 0.0, 0.0, 1.0]}, {"left_foot_pose": [0.9993155780845677, 0.036909406827442835, 0.002463957214242713, 0.01839833482316921, -0.03699155846280712, 0.9970962738908279, 0.06656309184165614, 0.030893726988302735, 1.6791279483750791e-09, -0.06660868022018142, 0.9977791758296654, 3.618830568541398e-09, 0.0, 0.0, 0.0, 1.0], "right_foot_pose": [0.9988482211651162, 0.04793255508910153, 0.0021682338234925826, -0.008322439764370967, -0.047981570162751876, 0.9978278565985024, 0.045136875398677355, -0.10853475951136503, 1.6578969737930902e-09, -0.04518892296425167, 0.9989784588475024, 3.9569208257206334e-09, 0.0, 0.0, 0.0, 1.0]}, {"left_foot_pose": [0.9993155780844702, 0.036816167977757774, 0.003597940123954331, 0.018398334749297984, -0.03699155846543928, 0.9945774548007207, 0.09719727879122345, 0.030893727306732954, 1.2119505672651585e-09, -0.09726384825593941, 0.9952586316241859, 2.618356642614117e-09, 0.0, 0.0, 0.0, 1.0], "right_foot_pose": [0.9988646482193613, 0.047498060162131234, 0.0036536034877979852, -0.007674184415499957, -0.04763837253287447, 0.9959223463427563, 0.07661113181227515, -0.10856232124165063, 1.7478973441037635e-07, -0.07669820295139461, 0.9970543544180509, 0.0022503004918772926, 0.0, 0.0, 0.0, 1.0]}, {"left_foot_pose": [0.9993155780849008, 0.036714132727572894, 0.0045219304398968685, 0.0183983347021708, -0.036991558453802434, 0.9918210048532875, 0.12215858109430888, 0.030893727377440262, 7.67333030249099e-10, -0.12224224633848213, 0.9925002938085826, 1.7012153075146585e-09, 0.0, 0.0, 0.0, 1.0], "right_foot_pose": [0.9989186837857581, 0.04623072577839302, 0.004917639447076674, -0.005508047378304031, -0.046491538837823414, 0.9933137798979206, 0.10567058001826286, -0.10865443406398974, 4.685803170887358e-07, -0.10578494533206514, 0.9943890311849143, 0.008710107176988488, 0.0, 0.0, 0.0, 1.0]}, {"left_foot_pose": [0.9993155780855218, 0.036621063580012166, 0.005222365160418262, 0.0183983345891735, -0.0369915584370275, 0.9893067718808708, 0.14108060006624346, 0.030893727242334017, 4.064953145254974e-10, -0.14117722483786166, 0.9899843388594999, 9.654230540001585e-10, 0.0, 0.0, 0.0, 1.0], "right_foot_pose": [0.9990006848444558, 0.04430501768817646, 0.0058904234107758045, -0.0021147459403923667, -0.0446948730802565, 0.9902844306251614, 0.13167807251679955, -0.10879873714501026, 8.047385204875231e-07, -0.13180975635001446, 0.99127503152773, 0.016558460634707443, 0.0, 0.0, 0.0, 1.0]}, {"left_foot_pose": [0.9993155780860888, 0.036550629116300415, 0.005694462719988879, 0.018398334435550247, -0.03699155842170842, 0.9874040078341195, 0.15383416369146435, 0.030893727039557513, 1.5032393612589635e-10, -0.15393952326911256, 0.9880802716255795, 4.579048529240737e-10, 0.0, 0.0, 0.0, 1.0], "right_foot_pose": [0.999100282269059, 0.04191806429469375, 0.006442193389918426, 0.0021998320962996797, -0.04241021066507405, 0.9875023168352518, 0.15179113372115585, -0.10898222148514547, 1.1096046424089416e-06, -0.15192777932555904, 0.9883915974288598, 0.022916654636922773, 0.0, 0.0, 0.0, 1.0]}, {"left_foot_pose": [0.9993155780864561, 0.036519557318201314, 0.005890443702784376, 0.01839833431744718, -0.03699155841179226, 0.9865646136080632, 0.1591285259865138, 0.03089372692950824, 1.0107822204114375e-11, -0.15923751162856167, 0.9872403025050915, 2.2268202559683203e-10, 0.0, 0.0, 0.0, 1.0], "right_foot_pose": [0.999207688802312, 0.03928596345526775, 0.006372418201390406, 0.007129801981317617, -0.03979943010510659, 0.9863113839662278, 0.16001830902097736, -0.10919187425376277, 1.2848249467027767e-06, -0.16014514333571184, 0.987093477368954, 0.025000003267053303, 0.0, 0.0, 0.0, 1.0]}, {"left_foot_pose": [0.999315578086445, 0.036520868930469866, 0.005882306207451415, 0.01839833436575954, -0.036991558412085825, 0.9866000463959453, 0.15890869409118125, 0.030893726941953185, 1.162921852397575e-11, -0.15901752917236164, 0.9872757595605787, 2.208552576932199e-10, 0.0, 0.0, 0.0, 1.0], "right_foot_pose": [0.9993143594430871, 0.03654832457905162, 0.005918697603106221, 0.012369259057661846, -0.03702446500768832, 0.9864573116147074, 0.15978473441720986, -0.10941468525608561, 1.3218104369868425e-06, -0.15989431613521535, 0.987134138638668, 0.02500000358831398, 0.0, 0.0, 0.0, 1.0]}, {"left_foot_pose": [0.9993155780861224, 0.03655757977246148, 0.0056496686256979544, 0.0183983344325501, -0.03699155842080812, 0.9875917777702846, 0.15262406457085786, 0.030893726940412883, 1.3388015745201736e-10, -0.1527285953635063, 0.9882681701634893, 4.556829011348462e-10, 0.0, 0.0, 0.0, 1.0], "right_foot_pose": [0.9994133885482965, 0.033845239737892746, 0.005232450429367676, 0.017612314943458357, -0.034247317981186506, 0.9876743681806615, 0.15273003519290757, -0.10963764952812939, 1.2274844183403818e-06, -0.15281963939891993, 0.9882540957731857, 0.02500000359608351, 0.0, 0.0, 0.0, 1.0]}, {"left_foot_pose": [0.9993155780855071, 0.03662646144481917, 0.00518437244620514, 0.01839833438845573, -0.03699155843742966, 0.9894525935894178, 0.14005423822057464, 0.03089372712261292, 3.9333784967849857e-10, -0.14015016004702419, 0.9901302604399053, 9.651164034618631e-10, 0.0, 0.0, 0.0, 1.0], "right_foot_pose": [0.9994996445550021, 0.0313332456410263, 0.004322991096802546, 0.02255308438340601, -0.031630057436280876, 0.9901161620384898, 0.1366364707417024, -0.10984775496632178, 1.0007479797125543e-06, -0