{"LoopMode": "Wrap", "FrameDuration": 0.0167, "EnableCycleOffsetPosition": true, "EnableCycleOffsetRotation": false, "Debug_info": [{"left_foot_pose": [1.0000000000000002, 1.0929072298456164e-13, -8.680001162275633e-12, 1.585875845301791e-12, -2.5293552137567086e-14, 0.9999535470826533, 0.009638655342982527, 1.2630521628587132e-14, 8.680404453122919e-12, -0.009638655342982697, 0.9999535470826533, 1.8253849820570878e-11, 0.0, 0.0, 0.0, 1.0], "right_foot_pose": [1.0, -1.929179389180982e-13, -8.743283874679262e-12, 1.7108759311484874e-12, 6.349869938650415e-14, 0.9998903677130343, -0.01480717916056598, -0.1400000000022435, 8.74504328326157e-12, 0.014807179160565833, 0.9998903677130341, 1.5203345526959566e-11, 0.0, 0.0, 0.0, 1.0]}, {"left_foot_pose": [1.0000000000000007, 1.6791876920134284e-13, -1.9380330673612895e-11, 3.2213951049572425e-12, -3.908291345246351e-14, 0.9999780173104694, 0.006630602975831717, 9.480801560490804e-13, 1.9380708509789925e-11, -0.006630602975831892, 0.9999780173104698, 3.9732557521876544e-11, 0.0, 0.0, 0.0, 1.0], "right_foot_pose": [1.0, -5.17774610151599e-13, -1.9496959602349758e-11, 3.6955932315645415e-12, 1.7038900584558923e-13, 0.9998412747926925, -0.017816431206155017, -0.14000000000407195, 1.9503023766688724e-11, 0.017816431206154865, 0.9998412747926924, 3.499978085130806e-11, 0.0, 0.0, 0.0, 1.0]}, {"left_foot_pose": [1.0000000000000007, 9.137215855490403e-14, -3.4050373631799864e-11, 5.351328400070779e-12, -7.911267988269026e-15, 0.9999970197954307, 0.0024413930977472864, 2.6313187739823718e-12, 3.4050016170475014e-11, -0.0024413930977474603, 0.9999970197954309, 6.906922950244976e-11, 0.0, 0.0, 0.0, 1.0], "right_foot_pose": [1.0, -1.1239952973215108e-12, -3.4260594361512624e-11, 6.364615842155361e-12, 3.6976018232048474e-13, 0.9997577803954829, -0.02200864690746274, -0.14000000000616003, 3.427697043363864e-11, 0.022008646907462587, 0.9997577803954829, 6.244226663509878e-11, 0.0, 0.0, 0.0, 1.0]}, {"left_foot_pose": [1.0000000000000002, -2.699056376988237e-13, -5.247763334992329e-11, 7.91672799697876e-12, 1.177165649723793e-13, 0.9999957764602132, -0.002906382930049669, 5.209900219571573e-12, 5.2477939946278674e-11, 0.0029063829300494943, 0.9999957764602132, 1.0601335087567776e-10, 0.0, 0.0, 0.0, 1.0], "right_foot_pose": [1.0, -2.1556930497629387e-12, -5.2850390730441164e-11, 9.659975257155215e-12, 7.088355114854936e-13, 0.9996255761916574, -0.027362518588334918, -0.14000000000829207, 5.288946942791558e-11, 0.02736251858833478, 0.9996255761916573, 9.715143273192339e-11, 0.0, 0.0, 0.0, 1.0]}, {"left_foot_pose": [1.0000000000000004, -1.1032556681751458e-12, -7.485939645945904e-11, 1.0911506508557374e-11, 3.9980591569676883e-13, 0.9999558119377171, -0.009400753798600872, 8.923896344104065e-12, 7.486615173000666e-11, 0.009400753798600699, 0.9999558119377171, 1.5116647517077197e-10, 0.0, 0.0, 0.0, 1.0], "right_foot_pose": [0.9999999999999998, -3.811564166084449e-12, -7.550154945690221e-11, 1.3594250273761661e-11, 1.2523771439382082e-12, 0.999426325001124, -0.03386769692122015, -0.14000000001025786, 7.558726771014709e-11, 0.03386769692122001, 0.9994263250011239, 1.3952762556446174e-10, 0.0, 0.0, 0.0, 1.0]}, {"left_foot_pose": [1.0000000000000007, -2.657157160037705e-12, -1.0184442178484685e-10, 1.4383717782156597e-11, 9.203254120170487e-13, 0.9998545823966478, -0.017053271252925613, 1.4142529161653705e-11, 1.0187467922522375e-10, 0.017053271252925436, 0.9998545823966478, 2.0610285006439355e-10, 0.0, 0.0, 0.0, 1.0], "right_foot_pose": [1.0, -6.371280059865941e-12, -1.029143437136781e-10, 1.8255807661909254e-11, 2.091015369891023e-12, 0.9991369357236822, -0.04153773793420264, -0.14000000001182136, 1.0309001197928854e-10, 0.04153773793420249, 0.9991369357236821, 1.9086048713701231e-10, 0.0, 0.0, 0.0, 1.0]}, {"left_foot_pose": [1.0000000000000004, -5.280133551330852e-12, -1.3454498626330739e-10, 1.843188358845244e-11, 1.7935657230880994e-12, 0.9996644587967503, -0.025903085117439047, 2.140819119200721e-11, 1.3463622786398908e-10, 0.02590308511743887, 0.9996644587967503, 2.734519208291708e-10, 0.0, 0.0, 0.0, 1.0], "right_foot_pose": [1.0, -1.0237155305999807e-11, -1.362756574252443e-10, 2.3807791462463566e-11, 3.3539797399617982e-12, 0.9987283924159648, -0.05041426566184025, -0.140000000012669, 1.3661839286822272e-10, 0.0504142656618401, 0.9987283924159649, 2.5337639625311326e-10, 0.0, 0.0, 0.0, 1.0]}, {"left_foot_pose": [1.0000000000000007, -9.474752060741652e-12, -1.7452711498222568e-10, 2.3198996371397943e-11, 3.182944389160598e-12, 0.9993511648098137, -0.03601734850414631, 3.148888615134293e-11, 1.7475479303212424e-10, 0.03601734850414613, 0.9993511648098139, 3.569776627077026e-10, 0.0, 0.0, 0.0, 1.0], "right_foot_pose": [0.9999999999999998, -1.5991606432663977e-11, -1.772565982882667e-10, 3.048281384608728e-11, 5.226330049317389e-12, 0.9981641035444627, -0.06056750279877077, -0.1400000000123373, 1.7789975157521214e-10, 0.06056750279877065, 0.9981641035444629, 3.302605133814751e-10, 0.0, 0.0, 0.0, 1.0]}, {"left_foot_pose": [1.0000000000000007, -1.596748019866774e-11, -2.2379470498989894e-10, 2.8866679649150438e-11, 5.321935156156181e-12, 0.9988717443096533, -0.047489350593490985, 4.543666137779567e-11, 2.243002199577353e-10, 0.04748935059349079, 0.9988717443096535, 4.6170154505142946e-10, 0.0, 0.0, 0.0, 1.0], "right_foot_pose": [1.0, -2.4472657901255095e-11, -2.2801582844067512e-10, 3.857862428641292e-11, 7.9703419762048e-12, 0.9973978017051832, -0.07209455703219421, -0.1400000000101214, 2.2918662057086386e-10, 0.07209455703219407, 0.9973978017051831, 4.256969568516844e-10, 0.0, 0.0, 0.0, 1.0]}, {"left_foot_pose": [1.0000000000000007, -2.578614066649619e-11, -2.8467300738910193e-10, 3.5639325231353374e-11, 8.535536798651506e-12, 0.9981722171550431, -0.06043364046445002, 6.46198042991708e-11, 2.8571061505862554e-10, 0.06043364046444982, 0.9981722171550432, 5.93899547596255e-10, 0.0, 0.0, 0.0, 1.0], "right_foot_pose": [1.0, -3.685652618449123e-11, -2.910913732279139e-10, 4.843733056603544e-11, 1.1946674138331038e-11, 0.9963711593361816, -0.08511470403563393, -0.14000000000496585, 2.9317195802227875e-10, 0.08511470403563377, 0.9963711593361815, 5.447581899464815e-10, 0.0, 0.0, 0.0, 1.0]}, {"left_foot_pose": [1.0000000000000004, -4.0297974488553645e-11, -3.593170205817835e-10, 4.368538404989267e-11, 1.3245088617645468e-11, 0.9971854060867167, -0.07497510178499732, 9.061997333081884e-11, 3.6132655176314826e-10, 0.07497510178499715, 0.997185406086717, 7.604306559438889e-10, 0.0, 0.0, 0.0, 1.0], "right_foot_pose": [0.9999999999999998, -5.469009808666997e-11, -3.689235583692604e-10, 6.036746093199264e-11, 1.7614087025916766e-11, 0.9950116722013996, -0.099758569471372, -0.13999999999537321, 3.725387302024313e-10, 0.09975856947137185, 0.9950116722013994, 6.926420478836626e-10, 0.0, 0.0, 0.0, 1.0]}, {"left_foot_pose": [1.0000000000000004, -6.106263789570187e-11, -4.48353631998798e-10, 5.297500528339102e-11, 1.990756034171218e-11, 0.9958303502551346, -0.09122452252950901, 1.2473930915968268e-10, 4.5205419521099674e-10, 0.09122452252950881, 0.995830350255135, 9.662800420917605e-10, 0.0, 0.0, 0.0, 1.0], "right_foot_pose": [0.9999999999999999, -7.970266724090158e-11, -4.6245879348205635e-10, 7.442211665081076e-11, 2.5451723892010527e-11, 0.9932324312111707, -0.11614360761723877, -0.1399999999794737, 4.685858437159767e-10, 0.11614360761723865, 0.9932324312111708, 8.722743291555979e-10, 0.0, 0.0, 0.0, 1.0]}, {"left_foot_pose": [1.0000000000000002, -8.906443149202548e-11, -5.47333567357809e-10, 6.282774985407951e-11, 2.8750753925915362e-11, 0.9940173177419664, -0.10922258021612354, 1.6645657421876514e-10, 5.537868308405325e-10, 0.10922258021612335, 0.9940173177419663, 1.207082364618195e-09, 0.0, 0.0, 0.0, 1.0], "right_foot_pose": [0.9999999999999999, -1.1288553233463725e-10, -5.674384850884445e-10, 8.980168246124249e-11, 3.56458023771065e-11, 0.9909383583697591, -0.13431742221858992, -0.13999999995568263, 5.77458882247559e-10, 0.13431742221858975, 0.990938358369759, 1.0775312794808478e-09, 0.0, 0.0, 0.0, 1.0]}, {"left_foot_pose": [1.0000000000000004, -1.2212965102732794e-10, -6.378909067628035e-10, 7.070119477914594e-11, 3.8944266803052824e-11, 0.9916689758553935, -0.12881243078956267, 2.0930493449533571e-10, 6.483081952522753e-10, 0.12881243078956245, 0.9916689758553936, 1.4482022664408234e-09, 0.0, 0.0, 0.0, 1.0], "right_foot_pose": [0.9999999999999998, -1.5143825335281204e-10, -6.650096584515088e-10, 1.0330058879172416e-10, 4.7132026555321535e-11, 0.988050855923799, -0.15412821321305178, -0.13999999992509993, 6.804041789674484e-10, 0.15412821321305167, 0.988050855923799, 1.2752026795626037e-09, 0.0, 0.0, 0.0, 1.0]}, {"left_foot_pose": [1.0000000000000004, -1.481340216129301e-10, -6.691089904364816e-10, 6.948490254059484e-11, 4.654159724517351e-11, 0.9887844015528122, -0.1493499489315204, 2.3202394866528309e-10, 6.83728012151375e-10, 0.14934994893152023, 0.9887844015528126, 1.575160238354023e-09, 0.0, 0.0, 0.0, 1.0], "right_foot_pose": [0.9999999999999999, -1.8078414407941294e-10, -7.016466296860802e-10, 1.0591364600361653e-10, 5.5258193514906666e-11, 0.9845810000737389, -0.17492928369428726, -0.13999999989793285, 7.224521984145822e-10, 0.1749292836942871, 0.9845810000737387, 1.3642643473255056e-09, 0.0, 0.0, 0.0, 1.0]}, {"left_foot_pose": [0.9999999988277841, 4.7685514690266435e-05, -8.397876646027788e-06, 1.4031308967929539e-05, -4.841887496216299e-05, 0.9855963268910342, -0.16911498477224077, -1.8627091997239914e-05, 2.1258128526606125e-07, 0.16911498498061692, 0.9855963280445811, 0.00016386124082290454, 0.0, 0.0, 0.0, 1.0], "right_foot_pose": [1.0, -1.6563824218672952e-10, -5.789866919236876e-10, 6.119056782354791e-11, 4.9601907121438726e-11, 0.9808180914691964, -0.1949252970928182, -0.13999999996877513, 6.001674400813037e-10, 0.19492529709281806, 0.9808180914691965, 1.0993462251640551e-09, 0.0, 0.0, 0.0, 1.0]}, {"left_foot_pose": [0.9999990654127332, 0.0013427451756615548, -0.0002573112010507398, 0.00039626325501366594, -0.001367176744331473, 0.9822917565626824, -0.187352704321956, -0.0005260429511514085, 1.1877317876287387e-06, 0.18735288101439398, 0.9822926742952919, 0.00419120922065383, 0.0, 0.0, 0.0, 1.0], "right_foot_pose": [1.0, -1.2231673284265044e-10, -3.9096820225736833e-10, -9.652799419308463e-12, 3.6649322031546375e-11, 0.9772686306556675, -0.21200477243778426, -0.1400000001746968, 4.0801248709675637e-10, 0.212004772437784, 0.9772686306556675, 6.559048096321796e-10, 0.0, 0.0, 0.0, 1.0]}, {"left_foot_pose": [0.9999910102046851, 0.004151654203022072, -0.0008621352522887003, 0.0012290145143081627, -0.0042402246792346355, 0.9792043393878708, -0.20283215282255895, -0.0016315208145815802, 2.1176204062783934e-06, 0.20283398505019506, 0.9792131404878992, 0.011469802528052894, 0.0, 0.0, 0.0, 1.0], "right_foot_pose": [1.0, -6.919617768591016e-11, -2.0063289918326138e-10, -3.053020196101393e-11, 2.2236481511919305e-11, 0.9743128110118174, -0.22519890385668118, -0.1400000002061732, 2.1106194208065498e-10, 0.22519890385668098, 0.9743128110118173, 3.2870629829151454e-10, 0.0, 0.0, 0.0, 1.0]}, {"left_foot_pose": [0.9999652727484055, 0.0081428939425128, -0.0017738589145295685, 0.002415581733165181, -0.008333863984369628, 0.9771245766264726, -0.21250437281060228, -0.00320668722274791, 2.88057073756521e-06, 0.2125117762167037, 0.977158505546017, 0.01912092669973299, 0.0, 0.0, 0.0, 1.0], "right_foot_pose": [0.9999999999999999, -2.331234212834768e-11, -5.1007753576470675e-11, -2.941338482018605e-11, 1.0727176453869034e-11, 0.9722272524541206, -0.23403882068048348, -0.1400000001247353, 5.50470524451823e-11, 0.2340388206804834, 0.9722272524541209, 1.0980807929605874e-10, 0.0, 0.0, 0.0, 1.0]}, {"left_foot_pose": [0.9999113606877215, 0.013011217706306017, -0.002824709087541865, 0.003859263862997857, -0.013314306463010498, 0.9772021186253897, -0.21189324811673393, -0.005123173609805395, 3.3225231027636075e-06, 0.21191207508740456, 0.9772887354416361, 0.024265877792413793, 0.0, 0.0, 0.0, 1.0], "right_foot_pose": [1.0, 3.0504922592201666e-12, 3.4009128846435013e-11, -1.3285033557234374e-11, 5.139395989548844e-12, 0.9712091049713165, -0.23822861797192693, -0.14000000003227658, -3.375703605386744e-11, 0.23822861797192676, 0.9712091049713165, 5.069437924998255e-12, 0.0, 0.0, 0.0, 1.0]}, {"left_foot_pose": [0.9998223663222253, 0.018474127978066187, -0.003733951965014815, 0.005463360196314607, -0.018847699879669493, 0.9800402770149778, -0.1979035614577269, -0.0072526115803531604, 3.3275964684070235e-06, 0.1979387835262619, 0.980214383675873, 0.025000001094403056, 0.0, 0.0, 0.0, 1.0], "right_foot_pose": [1.0, 1.958134130349518e-12, 3.902400624866685e-11, 4.66189760284053e-11, 7.369862510883156e-12, 0.9713648097674751, -0.2375929425412229, -0.14000000002537727, -3.8371962016438994e-11, 0.23759294254122282, 0.9713648097674752, 3.474565080097136e-11, 0.0, 0.0, 0.0, 1.0]}, {"left_foot_pose": [0.9996973687434144, 0.024211295628331537, -0.004357073730321575, 0.007131166183504226, -0.024600221919443967, 0.9839138782861937, -0.17694154175132518, -0.009466624000413534, 3.0013357052915494e-06, 0.17699517869088782, 0.9842117184382503, 0.02500000171333293, 0.0, 0.0, 0.0, 1.0], "right_foot_pose": [0.9999999999999999, -2.3945543002176236e-11, -2.9065638784686463e-11, 1.4916873913352765e-10, 1.653149547230687e-11, 0.9725950160736914, -0.2325057734952322, -0.14000000002028948, 3.3836337134430144e-11, 0.23250577349523205, 0.9725950160736913, 1.8151283254219663e-10, 0.0, 0.0, 0.0, 1.0]}, {"left_foot_pose": [0.999542722747666, 0.029892146329309536, -0.0045612487336894, 0.008765979961373023, -0.030238144722805137, 0.9881176242961773, -0.1506957702093927, -0.011636839815250346, 2.430248249759441e-06, 0.15076478416097877, 0.9885696636307372, 0.024910270990115613, 0.0, 0.0, 0.0, 1.0], "right_foot_pose": [0.9999999999999998, -7.344262150897447e-11, -1.7494861115352437e-10, 2.467415533441233e-10, 3.258418853967428e-11, 0.9748236917602264, -0.22297706156231142, -0.14000000003358765, 1.8691989797495687e-10, 0.22297706156231134, 0.9748236917602264, 4.614743170927582e-10, 0.0, 0.0, 0.0, 1.0]}, {"left_foot_pose": [0.9993722335016398, 0.03518533114147158, -0.004139006935257969, 0.010271100047795094, -0.03542793958382846, 0.9925340969975324, -0.1167087288686583, -0.013634891570466011, 1.670238608587659e-06, 0.11678209952624746, 0.9931575611288742, 0.021163833975285623, 0.0, 0.0, 0.0, 1.0], "right_foot_pose": [0.9999999999999998, -1.4639984229637057e-10, -4.182059143431608e-10, 2.7992315246979884e-10, 5.596115941404797e-11, 0.9780103641897422, -0.20855629344962923, -0.14000000023199713, 4.395421756157112e-10, 0.20855629344962912, 0.9780103641897423, 8.936665088499218e-10, 0.0, 0.0, 0.0, 1.0]}, {"left_foot_pose": [0.9992062173486581, 0.03971171861676181, -0.0031487483687597496, 0.011549820498683257, -0.03983635539252225, 0.9960817856964337, -0.07895657662820245, -0.015332396186340087, 9.095438605179742e-07, 0.07901933692652498, 0.9968730833916954, 0.01399681269166056, 0.0, 0.0, 0.0, 1.0], "right_foot_pose": [1.0, -2.2015729216396892e-10, -7.20938642118084e-10, 3.1040815837321097e-10, 7.975897017812142e-11, 0.9819334133869475, -0.18922677314338493, -0.14000000037920843, 7.49573259192201e-10, 0.1892267731433848, 0.9819334133869477, 1.45358824282793e-09, 0.0, 0.0, 0.0, 1.0]}, {"left_foot_pose": [0.9990694519536789, 0.04309177586254579, -0.0018245618621130384, 0.012505439303162686, -0.0431303857259481, 0.9981754170608311, -0.04225643859304014, -0.01660097956455891, 3.2781706691482875e-07, 0.04229581100355649, 0.9991051317911668, 0.006287910861760754, 0.0, 0.0, 0.0, 1.0], "right_foot_pose": [1.0, -2.732937105620839e-10, -1.0437720132649971e-09, 3.1817727291443975e-10, 9.69167076863452e-11, 0.9862307226417654, -0.1653752149431768, -0.1400000003698575, 1.0745957496477758e-09, 0.16537521494317667, 0.986230722641765, 2.069314608554862e-09, 0.0, 0.0, 0.0, 1.0]}, {"left_foot_pose": [0.9989880157006045, 0.04497552698057149, -0.0003827001296297947, 0.013041255652055748, -0.04497715516313368, 0.9989518571289259, -0.00849956775975677, -0.01731227099034823, 2.6466114607186086e-08, 0.008508179093743379, 0.9999638047892081, 0.0009158366375440763, 0.0, 0.0, 0.0, 1.0], "right_foot_pose": [0.9999999999999998, -2.794631393871876e-10, -1.2982532826555356e-09, 3.0817651820016844e-10, 9.787117942600624e-11, 0.9904573000758895, -0.13781994313734003, -0.14000000012716943, 1.3243799981213084e-09, 0.13781994313733986, 0.9904573000758893, 2.6056789087514076e-09, 0.0, 0.0, 0.0, 1.0]}, {"left_foot_pose": [0.9989754478046958, 0.0452439925190924, 0.0010177545582762608, 0.013122000342679699, -0.045255438163921795, 0.9987227942090968, 0.022466099878850815, -0.017419454809416583, 1.3785910719629537e-09, -0.022489141115378287, 0.9997470872835259, 2.72484142888052e-09, 0.0, 0.0, 0.0, 1.0], "right_foot_pose": [0.9999999999999999, -2.2364480493413106e-10, -1.3568522971851836e-09, 2.8191231837358105e-10, 7.540063606509408e-11, 0.9941196982047048, -0.10828677500686255, -0.13999999991548834, 1.3730910129146317e-09, 0.1082867750068624, 0.9941196982047048, 2.793672855549989e-09, 0.0, 0.0, 0.0, 1.0]}, {"left_foot_pose": [0.9989754478040012, 0.04519399382024477, 0.0023574578197094404, 0.01312200026906563, -0.04525543817925092, 0.9976191142344362, 0.05203891072364912, -0.01741945489048969, 1.22771291041153e-09, -0.05209228193001003, 0.9986422753735823, 2.4319103189562874e-09, 0.0, 0.0, 0.0, 1.0], "right_foot_pose": [0.9999999999999999, -1.4581212468709398e-10, -1.1975841429645578e-09, 1.9091738470603033e-10, 5.0500044160881136e-11, 0.9968583878474431, -0.07920451109751916, -0.1399999999842522, 1.20537049280377e-09, 0.07920451109751903, 0.996858387847443, 2.524930438341233e-09, 0.0, 0.0, 0.0, 1.0]}, {"left_foot_pose": [0.9989754478039249, 0.04511570621057717, 0.003553552879784506, 0.013122000217495187, -0.04525543818093588, 0.9958909814301372, 0.07844168803111505, -0.01741945491506168, 8.868606330433937e-10, -0.07852213802005284, 0.9969123701914632, 1.8039837262895375e-09, 0.0, 0.0, 0.0, 1.0], "right_foot_pose": [0.9999999996190487, 2.7559372102062428e-05, -1.5437550872633669e-06, 8.51271472023906e-06, -2.760246060334984e-05, 0.998591975489981, -0.05304776833309034, -0.14001257149747554, 7.961825541368694e-08, 0.053047768355493026, 0.9985919758702728, 3.740125513946452e-05, 0.0, 0.0, 0.0, 1.0]}, {"left_foot_pose": [0.9989754478040922, 0.04502748092585827, 0.004536589697769512, 0.013122000494407983, -0.0452554381772446, 0.9939434834812796, 0.1001413848540427, -0.01741945476175829, 5.290781122137976e-10, -0.10024409013289229, 0.9949628748819878, 1.2420320882888802e-09, 0.0, 0.0, 0.0, 1.0], "right_foot_pose": [0.9999959692682174, 0.002838429586525437, -6.902753043770774e-05, 0.0008756462935069186, -0.0028392687781116353, 0.9997033953127665, -0.024188012587473575, -0.14129325643815396, 3.5108598097642054e-07, 0.02418811107979435, 0.9997074248410223, 0.003492992050116203, 0.0, 0.0, 0.0, 1.0]}, {"left_foot_pose": [0.9989754478045676, 0.044946371313700294, 0.005279998995796867, 0.0131220005552499, -0.04525543816675085, 0.99215305842866, 0.11655150778515048, -0.01741945484156316, 1.9390256063079858e-10, -0.11667104335004314, 0.9931706135622486, 7.635374138503792e-10, 0.0, 0.0, 0.0, 1.0], "right_foot_pose": [0.9999532140135821, 0.009672374358074165, 0.00012230365798593279, 0.0029832906111943937, -0.009673147564498193, 0.9998737027181452, 0.012609870296782809, -0.14440609232423518, -3.2082524938333097e-07, -0.012610463392893895, 0.9999204849451347, 0.01053850133669508, 0.0, 0.0, 0.0, 1.0]}, {"left_foot_pose": [0.998975447805003, 0.044887619099189424, 0.005758153731923647, 0.013122000407025347, -0.04525543815713595, 0.9908561539415486, 0.1271063629932378, -0.017419455034534605, -5.3494592234263284e-11, -0.12723672366014946, 0.9918723789642655, 4.1927322724788496e-10, 0.0, 0.0, 0.0, 1.0], "right_foot_pose": [0.9998062054733734, 0.01965464279403116, 0.0011164737227504036, 0.00607173396475023, -0.019686327574218374, 0.9982024737534982, 0.056606270845525, -0.148967504340404, -1.8907985594067451e-06, -0.05661728012749662, 0.9983959553140173, 0.018295213664274924, 0.0, 0.0, 0.0, 1.0]}, {"left_foot_pose": [0.9989754478051058, 0.04486216407029693, 0.0059532274875820634, 0.013122000092728684, -0.0452554381548684, 0.99029425614631, 0.13141244827275206, -0.017419455190656304, -1.7119359699283303e-10, -0.13154722527882406, 0.9913099048841608, 2.713863717085374e-10, 0.0, 0.0, 0.0, 1.0], "right_foot_pose": [0.9994867602099072, 0.03186155751169486, 0.0033252545815214904, 0.009881271039148596, -0.03203460860888661, 0.9941006260520339, 0.10362301450078544, -0.15459391678681458, -4.047025221103332e-06, -0.10367635427561842, 0.9946110865799447, 0.023884424352179134, 0.0, 0.0, 0.0, 1.0]}, {"left_foot_pose": [0.9989754478047157, 0.044875548942727064, 0.005851477630294559, 0.013121999778043006, -0.04525543816348376, 0.9905897155547138, 0.1291664072189955, -0.01741945520513074, -1.3245617235249766e-10, -0.12929888067698522, 0.9916056673172456, 3.950787960671498e-10, 0.0, 0.0, 0.0, 1.0], "right_foot_pose": [0.9989473012677116, 0.045383038203300086, 0.006683497093119541, 0.014152188491796312, -0.04587253265496091, 0.9883072849692931, 0.14541121423206743, -0.1609017437050728, -6.146175519112456e-06, -0.1455647289698384, 0.9893487300452569, 0.02500000911182445, 0.0, 0.0, 0.0, 1.0]}, {"left_foot_pose": [0.9989754478038768, 0.04492591781332001, 0.005451292844420278, 0.0131219995964989, -0.045255438181999584, 0.9917015647187254, 0.12033267157920169, -0.01741945522686749, 7.007274304719358e-11, -0.12045608512260254, 0.9927186567990639, 7.879812496947025e-10, 0.0, 0.0, 0.0, 1.0], "right_foot_pose": [0.9981770135545545, 0.05937255136693336, 0.010842036501122455, 0.018624759263776304, -0.06035436646912178, 0.9819620894424591, 0.17918650994399796, -0.16750740102925912, -7.708550542146148e-06, -0.17951421960942385, 0.9837553785868709, 0.025000008030830093, 0.0, 0.0, 0.0, 1.0]}, {"left_foot_pose": [0.9989754478027746, 0.04500665382470838, 0.004738754978866024, 0.013121999434779583, -0.04525543820632871, 0.9934837423520537, 0.10460401041505359, -0.01741945522635489, 4.5493293310091206e-10, -0.10471129257946538, 0.9945026622419563, 1.5012278642423382e-09, 0.0, 0.0, 0.0, 1.0], "right_foot_pose": [0.9972108634417225, 0.07306736465086447, 0.0152201858330396, 0.02303927654915139, -0.07463574052291903, 0.9762786504410291, 0.20324739341413017, -0.17402731737793758, -8.391075613908094e-06, -0.20381647851932969, 0.9790091128347937, 0.024992556054562527, 0.0, 0.0, 0.0, 1.0]}, {"left_foot_pose": [0.9989754478018407, 0.04510491757397532, 0.0036879668867074397, 0.01312199917069999, -0.045255438226941634, 0.9956528300556323, 0.08140876680738124, -0.01741945482592821, 1.0487439434321974e-09, -0.0814922598340238, 0.996673974570995, 2.650674596482716e-09, 0.0, 0.0, 0.0, 1.0], "right_foot_pose": [0.9961314772347867, 0.08588838190175853, 0.01858133246942431, 0.027136031394358832, -0.08787536629382174, 0.9736263075886311, 0.21054627322765565, -0.18007791294646458, -7.795399313532322e-06, -0.2113646115735217, 0.9774072850729147, 0.021837797587999634, 0.0, 0.0, 0.0, 1.0]}, {"left_foot_pose": [0.9989754478019593, 0.04519777349300971, 0.002283847663533534, 0.013121999097161779, -0.045255438224324006, 0.9977025456981254, 0.05041404187927446, -0.01741945442218099, 1.8178322134335467e-09, -0.050465746588705895, 0.9987257924081292, 4.254002643200305e-09, 0.0, 0.0, 0.0, 1.0], "right_foot_pose": [0.9950638959860411, 0.09723229017575126, 0.019842496119673054, 0.030655296568190476, -0.09923629814190837, 0.9749813877776662, 0.1989056324446994, -0.18527560676262136, -6.014232277552537e-06, -0.19989290941480178, 0.9798177507728233, 0.014923782023548299, 0.0, 0.0, 0.0, 1.0]}, {"left_foot_pose": [0.9989754478046857, 0.04525235262770352, 0.0005284553780199, 0.013121999400484948, -0.04525543816414273, 0.9989073365020058, 0.011665264636557038, -0.017419454066155467, 2.714710728329788e-09, -0.011677228443747386, 0.9999318188436019, 6.223784286552014e-09, 0.0, 0.0, 0.0, 1.0], "right_foot_pose": [0.99416328108235, 0.10624253313341066, 0.018758856600889544, 0.03333736667771976, -0.10788591443968389, 0.9790254348155701, 0.1728288964545481, -0.1892368289636336, -3.61798234564226e-06, -0.17384395916332526, 0.9847732113788078, 0.007129214747178737, 0.0, 0.0, 0.0, 1.0]}, {"left_foot_pose": [0.9989754478094433, 0.04522912406312004, -0.0015430523019317746, 0.013121999633104895, -0.04525543805912782, 0.9983945913481478, -0.034061492815830735, -0.017419453987319117, 3.5880736236258312e-09, 0.03409642654662451, 0.9994185478050485, 8.3813902831964e-09, 0.0, 0.0, 0.0, 1.0], "right_foot_pose": [0.9935956481330096, 0.11193636360610963, 0.015425255712135709, 0.0349225316788182, -0.11299419458365668, 0.984295284009815, 0.13562855844706145, -0.19157800486783097, -1.23881839796737e-06, -0.13650290978099375, 0.9906396699202933, 0.0013328066363121338, 0.0, 0.0, 0.0, 1.0]}, {"left_foot_pose": [0.9989754478201991, 0.04509328058138921, -0.003827623132132105, 0.013122001519170715, -0.04525543782169696, 0.995395971078638, -0.08449145582828312, -0.017419453670924276, 3.7201367111305805e-09, 0.08457811068370057, 0.9964168521222313, 9.538001249920214e-09, 0.0, 0.0, 0.0, 1.0], "right_foot_pose": [0.993478182059872, 0.11356633061448335, 0.010187753519445062, 0.03524171122004956, -0.11402237399305046, 0.9895046683810697, 0.08876603788081179, -0.19204941053362812, 3.5375034973821116e-09, -0.08934875378443004, 0.9960004017053251, 9.955927735005865e-09, 0.0, 0.0, 0.0, 1.0]}, {"left_foot_pose": [0.9989754478261393, 0.04484077873175692, -0.006112217543168993, 0.013122003116203772, -0.04525543769057334, 0.9898222112906853, -0.13492196038841608, -0.017419453271402117, 2.9126370932253485e-09, 0.13506033688077446, 0.9908373758602634, 9.677578058364666e-09, 0.0, 0.0, 0.0, 1.0], "right_foot_pose": [0.9934781820612858, 0.1139350849436791, 0.00446073840060707, 0.03524171255625663, -0.11402237398073238, 0.9927176307830096, 0.03886648639079456, -0.19204940979445417, 2.7718038907627147e-09, -0.03912163022478068, 0.9992344559954665, 9.539371063904678e-09, 0.0, 0.0, 0.0, 1.0]}, {"left_foot_pose": [0.9989754478184905, 0.04449858237279762, -0.008242015691465368, 0.013121999986657097, -0.045255437859410566, 0.9822685174915684, -0.1819354415419665, -0.017419454152638025, 3.3024112212602014e-09, 0.18212203521740192, 0.983275934968548, 9.557883963451363e-09, 0.0, 0.0, 0.0, 1.0], "right_foot_pose": [0.9934781820785549, 0.11401750024514742, -0.0010542161717759654, 0.03524170886207675, -0.11402237383026632, 0.9934357187393069, -0.009185368747483278, -0.19204941020977673, 3.216896842385466e-09, 0.009245667675406865, 0.9999572579011745, 7.446204500216602e-09, 0.0, 0.0, 0.0, 1.0]}, {"left_foot_pose": [0.9988694957847511, 0.04636851810947701, -0.010473343260343684, 0.014234060106080101, -0.04753662148521363, 0.9743380708100319, -0.22001271187810514, -0.01852036614199485, 2.913652179284251e-06, 0.22026185393416994, 0.9754407802081037, 0.0028444568203721543, 0.0, 0.0, 0.0, 1.0], "right_foot_pose": [0.993478182086053, 0.11386756270358883, -0.005939687107492738, 0.03524170821712118, -0.11402237376493536, 0.9921293126988235, -0.051752537761633306, -0.19204941058223443, 2.3489600530267876e-09, 0.05209227435718445, 0.9986422757686035, 5.409064689210208e-09, 0.0, 0.0, 0.0, 1.0]}, {"left_foot_pose": [0.9985445479715475, 0.05226752532551228, -0.013300056866276486, 0.0173531368712257, -0.05393315938048613, 0.9677334409554949, -0.246136550669903, -0.02160816416536787, 5.961400432040145e-06, 0.24649562481469223, 0.969143904129659, 0.009617038127104509, 0.0, 0.0, 0.0, 1.0], "right_foot_pose": [0.9934781820880948, 0.11358432329289489, -0.009985149825089652, 0.035241707803260316, -0.11402237374714816, 0.9896614449105811, -0.08700070541418874, -0.19204941056149394, 1.5530715563810718e-09, 0.08757183314054755, 0.9961582073347607, 3.5944084167405244e-09, 0.0, 0.0, 0.0, 1.0]}, {"left_foot_pose": [0.9979754411414494, 0.06141592135919437, -0.01652584285692472, 0.022069270061072708, -0.06360046231454172, 0.9637317288164431, -0.2591835952869073, -0.02627700238767182, 8.4798009186564e-06, 0.2597099140889158, 0.9656866781995194, 0.017439494243997163, 0.0, 0.0, 0.0, 1.0], "right_foot_pose": [0.993478182087051, 0.11325723198549713, -0.013187157388587783, 0.035241707518420255, -0.11402237375624169, 0.98681149443599, -0.11489983782407992, -0.1920494102831474, 9.024569999975619e-10, 0.11565411299210775, 0.9932895479909215, 2.1763139901320727e-09, 0.0, 0.0, 0.0, 1.0]}, {"left_foot_pose": [0.9971312388695471, 0.07315800294292914, -0.0194216136272349, 0.027972342297347227, -0.0756920892331262, 0.963781945780161, -0.25572459524991337, -0.0321208770796533, 9.899879974249072e-06, 0.2564610449826833, 0.9665545676827478, 0.023433119134552774, 0.0, 0.0, 0.0, 1.0], "right_foot_pose": [0.9934781820847355, 0.11295395776863064, -0.015572576729984348, 0.03524170732998458, -0.11402237377641647, 0.9841690622806877, -0.13568402679734812, -0.19204940991284153, 4.0489716234618855e-10, 0.13657474244513398, 0.9906297692508769, 1.1895248119841995e-09, 0.0, 0.0, 0.0, 1.0]}, {"left_foot_pose": [0.9959992849102867, 0.0868894733425815, -0.020872083759116596, 0.03465224088164554, -0.08936120165898574, 0.9684756055154522, -0.2325286587918601, -0.038733786886004, 9.8112574979394e-06, 0.233463532363682, 0.9723655582958564, 0.02500000816143101, 0.0, 0.0, 0.0, 1.0], "right_foot_pose": [0.9934781820824582, 0.11272264738068598, -0.01716701761002785, 0.03524170727384999, -0.11402237379625743, 0.9821536517833266, -0.1495764104481147, -0.19204940969927203, 6.450569960499439e-11, 0.15055832443331002, 0.9886011283342914, 6.139012145855993e-10, 0.0, 0.0, 0.0, 1.0]}, {"left_foot_pose": [0.994602123356531, 0.10169240285262998, -0.020622109900290116, 0.04169883573321562, -0.10376230597808725, 0.9747776305021941, -0.19759037155347056, -0.045709715101124274, 8.531760744043798e-06, 0.19866360077927503, 0.9800677393183712, 0.025000010385907642, 0.0, 0.0, 0.0, 1.0], "right_foot_pose": [0.9934781820810674, 0.1125894334061439, -0.018020022590999798, 0.03524170743490317, -0.11402237380837422, 0.9809929566291393, -0.15700865363133007, -0.19204940974246126, -1.1214436390468162e-10, 0.15803935753255605, 0.9874328136489575, 2.978138430309585e-10, 0.0, 0.0, 0.0, 1.0]}, {"left_foot_pose": [0.9930072809069764, 0.11657919057220426, -0.01859656934124878, 0.048702007164759024, -0.11805312373361872, 0.9806179421886904, -0.15637106968475292, -0.05264265376282154, 6.516826426402898e-06, 0.1574729938216348, 0.9875232939907711, 0.025000011203747237, 0.0, 0.0, 0.0, 1.0], "right_foot_pose": [0.9934781820808001, 0.11256414065398199, -0.018177347668431, 0.03524170762038851, -0.11402237381070625, 0.9807725805361402, -0.15837942902742233, -0.1920494097875473, -1.4567069835358794e-10, 0.15941913155989548, 0.9872109908690688, 2.3271112120637483e-10, 0.0, 0.0, 0.0, 1.0]}, {"left_foot_pose": [0.9913299079472367, 0.13066192955146544, -0.013873491817574104, 0.05525164336027799, -0.13139639870935402, 0.9857918172171516, -0.10463976067403463, -0.05912660501082331, 3.94167252065758e-06, 0.10555545117896428, 0.9944134184084957, 0.0224597307852294, 0.0, 0.0, 0.0, 1.0], "right_foot_pose": [0.9934781820811771, 0.11272179390935637, -0.017172620840618383, 0.035241707592506055, -0.11402237380742, 0.9821462153862408, -0.14962523140769146, -0.19204940985808416, 6.849856169755404e-11, 0.15060746588513066, 0.9885936431212065, 5.500098154698208e-10, 0.0, 0.0, 0.0, 1.0]}, {"left_foot_pose": [0.9897283161754434, 0.14273631136158313, -0.00801283841168185, 0.06093760127323557, -0.14296104419573602, 0.988173154081316, -0.055461314404269206, -0.0647555426461892, 1.728365085001221e-06, 0.05603715706451979, 0.998428683995577, 0.01583856697207174, 0.0, 0.0, 0.0, 1.0], "right_foot_pose": [0.9934781820829142, 0.1129128244441111, -0.015868074907849954, 0.03524170759725528, -0.11402237379228596, 0.9838106668952831, -0.13825870669809934, -0.19204941001014586, 2.801637426946301e-10, 0.13916632415606922, 0.9902690211356143, 9.866464797947394e-10, 0.0, 0.0, 0.0, 1.0]}, {"left_foot_pose": [0.9883925417101251, 0.15191039920144156, -0.0018477300285310136, 0.06534976138491001, -0.15192163602242256, 0.9883194568629271, -0.012019471470912148, -0.06912345576877374, 2.648288902167795e-07, 0.01216066612600922, 0.999926056365821, 0.007998180133289269, 0.0, 0.0, 0.0, 1.0], "right_foot_pose": [0.9934781820845351, 0.11316498404015717, -0.013956651073885629, 0.03524170763457006, -0.11402237377816338, 0.9860077365694819, -0.12160444771109405, -0.19204941004875495, 5.510138602204397e-10, 0.12240273613084945, 0.9924805137571628, 1.5432710318008525e-09, 0.0, 0.0, 0.0, 1.0]}, {"left_foot_pose": [0.9875259677321572, 0.15741187347359686, 0.003736996681714749, 0.06807801035802113, -0.15745622583627222, 0.9872478388318261, 0.023435905514533062, -0.07182434046767935, -2.5210415212483e-07, -0.023731978666384334, 0.9997183569328492, 0.0018172767000607937, 0.0, 0.0, 0.0, 1.0], "right_foot_pose": [0.9934781820851541, 0.11343708324917637, -0.011538191569586301, 0.035241707709177825, -0.114022373772769, 0.9883785401064994, -0.10053238153036964, -0.19204940988573616, 8.061181392815294e-10, 0.10119233963529176, 0.9948668807429142, 2.1389104931657243e-09, 0.0, 0.0, 0.0, 1.0]}, {"left_foot_pose": [0.987300179338543, 0.15865605544645178, 0.008161614316721057, 0.06877326347326168, -0.15886584238936452, 0.9859964205648816, 0.05072181734874792, -0.0725126146567959, 9.633094184909322e-10, -0.05137426109847878, 0.9986794707495428, 2.324287581845219e-09, 0.0, 0.0, 0.0, 1.0], "right_foot_pose": [0.9934781820827039, 0.11368103562945517, -0.00881611387517804, 0.035241707506264236, -0.11402237379411792, 0.9905040995648323, -0.07681488800756832, -0.19204940935820913, 9.151330840949657e-10, 0.07731914952633236, 0.9970063937189796, 2.6288012322517318e-09, 0.0, 0.0, 0.0, 1.0]}, {"left_foot_pose": [0.9873001793363867, 0.158397201692377, 0.012193538385729044, 0.06877326270069505, -0.15886584240276364, 0.9843877275031748, 0.07577892885753966, -0.07251261437710622, 7.365291812187135e-10, -0.07675368679848761, 0.9970500847815223, 2.133022918016092e-09, 0.0, 0.0, 0.0, 1.0], "right_foot_pose": [0.9934781820799282, 0.11386445289574491, -0.005999008077490557, 0.03524170677206753, -0.11402237381830413, 0.9921022156784374, -0.05226941662936887, -0.1920494088601332, 6.778684043370011e-10, 0.052612546152874244, 0.998615000882378, 2.793941980550052e-09, 0.0, 0.0, 0.0, 1.0]}, {"left_foot_pose": [0.9873001793371071, 0.1580645148779894, 0.015936279907924438, 0.06877326344784666, -0.1588658423982883, 0.9823201857396524, 0.09903886513635934, -0.07251261477897564, 7.326932917990599e-10, -0.10031281984273856, 0.9949559478565871, 1.8357255368584013e-09, 0.0, 0.0, 0.0, 1.0], "right_foot_pose": [0.9934781820804599, 0.11397267867603136, -0.0033660430054051494, 0.03524170747280809, -0.11402237381366921, 0.9930451879832944, -0.029328363287431068, -0.19204940946506227, 6.840099804301058e-10, 0.029520893256027355, 0.9995641634539358, 2.115771217947593e-09, 0.0, 0.0, 0.0, 1.0]}, {"left_foot_pose": [0.9873001793374506, 0.1577191294028198, 0.019053401288367394, 0.06877326396417649, -0.15886584239615156, 0.980173726090306, 0.11841077147796734, -0.07251261481412502, 4.539082116781279e-10, -0.11993391056187146, 0.9927818779053826, 1.4175115040093722e-09, 0.0, 0.0, 0.0, 1.0], "right_foot_pose": [0.9932731121623001, 0.11579354066976671, -0.0006169234782980651, 0.03579762178326378, -0.11579518407695188, 0.9932590181065352, -0.0052913414769995, -0.192931428034717, 6.164378646253516e-08, 0.005327183984103541, 0.9999858104547262, 0.002250301309120774, 0.0, 0.0, 0.0, 1.0]}, {"left_foot_pose": [0.9873001793389431, 0.15740980172007368, 0.021459501386066546, 0.06877326409917636, -0.15886584238687496, 0.978251354157848, 0.1333639089523313, -0.07251261489101356, 1.7432836761417726e-10, -0.13507939299087912, 0.9908347781488177, 1.0039841805142835e-09, 0.0, 0.0, 0.0, 1.0], "right_foot_pose": [0.9925649270313228, 0.12166911076577117, 0.003390149372990375, 0.03765519890724859, -0.12171633262177485, 0.9921799916418298, 0.027640523850389807, -0.19587870499547624, -6.404185812807799e-07, -0.02784765108739025, 0.9996121789616736, 0.008710109580840245, 0.0, 0.0, 0.0, 1.0]}, {"left_foot_pose": [0.9873001793403037, 0.15718646694334615, 0.023038456642617656, 0.06877326396998446, -0.15886584237842108, 0.9768634005045587, 0.14317660730742887, -0.07251261505754386, -4.669470939336346e-11, -0.14501831389358907, 0.9894289709905718, 6.730719800951412e-10, 0.0, 0.0, 0.0, 1.0], "right_foot_pose": [0.991384586507111, 0.13066890821923793, 0.009068520326746902, 0.040565135142557725, -0.13098321125745233, 0.9890068513689368, 0.06862103404924062, -0.2004956930354919, -2.1931348417104873e-06, -0.06921765938034773, 0.9976015816071545, 0.016558464365278948, 0.0, 0.0, 0.0, 1.0]}, {"left_foot_pose": [0.987300179340625, 0.1570863119500386, 0.02371173700734418, 0.06877326363877773, -0.15886584237642215, 0.9762409695150094, 0.1473608277882047, -0.07251261518703059, -1.6178085905062091e-10, -0.14925635677695753, 0.9887985335555826, 4.898220856697222e-10, 0.0, 0.0, 0.0, 1.0], "right_foot_pose": [0.98975885260749, 0.14180096049443172, 0.016428672738879293, 0.0442651186971667, -0.14274947868928384, 0.9831857834247812, 0.11387845101395126, -0.20636619322539418, -4.363744008137533e-06, -0.11505738948131868, 0.9933588460907276, 0.022916659781215633, 0.0, 0.0, 0.0, 1.0]}, {"left_foot_pose": [0.9873001793399844, 0.1571717254792739, 0.023138811229270344, 0.06877326329559891, -0.15886584238040585, 0.9767717870265221, 0.1438002788376261, -0.07251261508330378, -4.477364129459363e-11, -0.1456500078231473, 0.9893361790721688, 5.326333332722477e-10, 0.0, 0.0, 0.0, 1.0], "right_foot_pose": [0.987730311681565, 0.15427524935624903, 0.024248274608836082, 0.04849283796147343, -0.1561692394280258, 0.9757577459661226, 0.15332315494922424, -0.2130739995431322, -6.4738140073281535e-06, -0.1552287622291022, 0.9878785509033542, 0.025000009609137057, 0.0, 0.0, 0.0, 1.0]}, {"left_foot_pose": [0.9873001793370948, 0.15737190406857346, 0.02173567783099687, 0.0687732631796014, -0.1588658423983617, 0.9780158323779382, 0.13508025665191833, -0.0725126150871849, 1.452025928823481e-10, -0.13681781838606064, 0.9905962268109444, 8.856090097375535e-10, 0.0, 0.0, 0.0, 1.0], "right_foot_pose": [0.9853749968637401, 0.16733613616999177, 0.032167267330038815, 0.0529859555553066, -0.17039986939516066, 0.9676672715612313, 0.18596756722438085, -0.22020289564325707, -8.11765857840955e-06, -0.18872908912231956, 0.9820291904282497, 0.025000009103294023, 0.0, 0.0, 0.0, 1.0]}, {"left_foot_pose": [0.9873001793333336, 0.15769092927438572, 0.01928540155010325, 0.06877326308288935, -0.1588658424217362, 0.9799984711522695, 0.11985257882435248, -0.07251261509324146, 4.960847371245058e-10, -0.12139426413054445, 0.9926043686364695, 1.5413457732371683e-09, 0.0, 0.0, 0.0, 1.0], "right_foot_pose": [0.9828128471626567, 0.1803504102041106, 0.03940351496048506, 0.05748215884159376, -0.18460473280051334, 0.9601736769632142, 0.2097322166349096, -0.22733668797632894, -8.926541760594662e-06, -0.2134015923233721, 0.9769645645130464, 0.025000007305011993, 0.0, 0.0, 0.0, 1.0]}, {"left_foot_pose": [0.9873001793298144, 0.1580884243469288, 0.015697324065659622, 0.06877326288409731, -0.15886584244360671, 0.9824687749357542, 0.09755383324566105, -0.07251261474574963, 1.0422512416694886e-09, -0.09880868566955348, 0.9951064483944702, 2.588684377968775e-09, 0.0, 0.0, 0.0, 1.0], "right_foot_pose": [0.9802110405963663, 0.19293501620561934, 0.044298932433258435, 0.06171913527547225, -0.1979553379431803, 0.9553616682728651, 0.21931203107601988, -0.23405917430556825, -8.53172240565645e-06, -0.22374128433667592, 0.9746485713376821, 0.023024937972287676, 0.0, 0.0, 0.0, 1.0]}, {"left_foot_pose": [0.9873001793291577, 0.15849202662020304, 0.010891895814542543, 0.06877326281571171, -0.15886584244768884, 0.984977033278313, 0