{"LoopMode": "Wrap", "FrameDuration": 0.0167, "EnableCycleOffsetPosition": true, "EnableCycleOffsetRotation": false, "Debug_info": [{"left_foot_pose": [1.0000000000000007, 8.826403796227873e-14, -7.331468765414687e-12, 1.4312859763149138e-12, -1.570323575575381e-14, 0.9999514690984123, 0.009851875350811473, -1.0528557192746035e-13, 7.331814414614883e-12, -0.009851875350811643, 0.9999514690984126, 1.5696867416981064e-11, 0.0, 0.0, 0.0, 1.0], "right_foot_pose": [1.0, -1.5559903064028386e-13, -7.389089340392728e-12, 1.7402576334077365e-12, 4.7811413987844156e-14, 0.9998935023278609, -0.014593971444546727, -0.14000000000201418, 7.390402506069347e-12, 0.014593971444546574, 0.9998935023278608, 1.2840201124575401e-11, 0.0, 0.0, 0.0, 1.0]}, {"left_foot_pose": [1.0000000000000007, 1.4340221167459425e-13, -1.638611468735008e-11, 2.7690254916925906e-12, -2.6990963616872874e-14, 0.9999749088988498, 0.007083895308208825, 5.977354028408044e-13, 1.638643248307562e-11, -0.007083895308208999, 0.9999749088988503, 3.4108563196078023e-11, 0.0, 0.0, 0.0, 1.0], "right_foot_pose": [1.0, -4.193165304430948e-13, -1.6490087073606216e-11, 3.6363078563704817e-12, 1.3300003490211926e-13, 0.999849250900307, -0.01736304910132114, -0.14000000000365304, 1.6494647857214675e-11, 0.017363049101320985, 0.9998492509003072, 2.965277329236571e-11, 0.0, 0.0, 0.0, 1.0]}, {"left_foot_pose": [1.0000000000000004, 9.809924165227615e-14, -2.8808788687939578e-11, 4.455114387073829e-12, -4.758209418517567e-15, 0.9999947882036849, 0.003228554702699755, 1.9027800168824882e-12, 2.8808589894743977e-11, -0.003228554702699929, 0.999994788203685, 5.923973811494676e-11, 0.0, 0.0, 0.0, 1.0], "right_foot_pose": [0.9999999999999999, -9.074451022243287e-13, -2.8989810552104694e-11, 6.14075945025353e-12, 2.9211189950854414e-13, 0.9997748081831247, -0.021221049040899567, -0.1400000000055453, 2.900234839956172e-11, 0.02122104904089942, 0.9997748081831246, 5.299018168702929e-11, 0.0, 0.0, 0.0, 1.0]}, {"left_foot_pose": [1.0000000000000007, -1.6469146284078338e-13, -4.4423964506989945e-11, 6.4286875703150105e-12, 8.977884843724177e-14, 0.9999985655787248, -0.0016937651825634295, 3.923238470204815e-12, 4.442398143110388e-11, 0.0016937651825632552, 0.9999985655787249, 9.087285091080588e-11, 0.0, 0.0, 0.0, 1.0], "right_foot_pose": [1.0, -1.732305987606587e-12, -4.4736214732665745e-11, 9.186972299659395e-12, 5.619819407911206e-13, 0.9996580648749547, -0.026148677413220134, -0.14000000000752108, 4.476623285262321e-11, 0.026148677413219985, 0.9996580648749548, 8.253488170684165e-11, 0.0, 0.0, 0.0, 1.0]}, {"left_foot_pose": [1.0000000000000007, -7.913205812998047e-13, -6.340339364641068e-11, 8.665928324827254e-12, 3.051629309403481e-13, 0.9999705653570086, -0.0076725758116700585, 6.845897113083588e-12, 6.340741160258103e-11, 0.007672575811669883, 0.9999705653570086, 1.2951579392295187e-10, 0.0, 0.0, 0.0, 1.0], "right_foot_pose": [0.9999999999999997, -3.0494481801504727e-12, -6.393058304965391e-11, 1.2769596550810643e-11, 9.934147707086765e-13, 0.9994834789569086, -0.03213682143888475, -0.14000000000942123, 6.399530060699264e-11, 0.03213682143888461, 0.9994834789569086, 1.1863212495688558e-10, 0.0, 0.0, 0.0, 1.0]}, {"left_foot_pose": [1.0000000000000007, -1.97574915107052e-12, -8.63027982411779e-11, 1.1177132883845809e-11, 7.055649991699336e-13, 0.9998916667871532, -0.01471919459784681, 1.0960590074438059e-11, 8.63222076849539e-11, 0.014719194597846631, 0.9998916667871536, 1.7650142458691676e-10, 0.0, 0.0, 0.0, 1.0], "right_foot_pose": [0.9999999999999998, -5.078407856483295e-12, -8.716921628959536e-11, 1.6946167827750722e-11, 1.6576673350113137e-12, 0.9992314433995422, -0.03919850152324254, -0.14000000001107293, 8.730095161169982e-11, 0.039198501523242404, 0.9992314433995422, 1.6238173305982428e-10, 0.0, 0.0, 0.0, 1.0]}, {"left_foot_pose": [1.0000000000000002, -3.990148945438553e-12, -1.1407208511116091e-10, 1.3999337753230047e-11, 1.3805485077660502e-12, 0.9997384349231008, -0.022870543008635887, 1.6695879054284823e-11, 1.1413309834439011e-10, 0.022870543008635714, 0.9997384349231009, 2.3405300614287583e-10, 0.0, 0.0, 0.0, 1.0], "right_foot_pose": [1.0, -8.135449535989645e-12, -1.1545964184733744e-10, 2.183128784062928e-11, 2.656742748510034e-12, 0.9988772812285642, -0.04737274580844788, -0.14000000001224855, 1.1571530509315028e-10, 0.04737274580844774, 0.9988772812285642, 2.1567640728914483e-10, 0.0, 0.0, 0.0, 1.0]}, {"left_foot_pose": [1.0000000000000007, -7.2274217706920815e-12, -1.48045242731598e-10, 1.7185265579689153e-11, 2.458505847415463e-12, 0.9994817817676721, -0.032189562198331294, 2.466074219831249e-11, 1.4820105110453485e-10, 0.03218956219833111, 0.9994817817676722, 3.0533871264726287e-10, 0.0, 0.0, 0.0, 1.0], "right_foot_pose": [0.9999999999999998, -1.267845485239936e-11, -1.502202806591412e-10, 2.7585423655995697e-11, 4.136855198061555e-12, 0.998389834321546, -0.05672511545511347, -0.14000000001260893, 1.506975833426672e-10, 0.05672511545511333, 0.9983898343215462, 2.8121344836096185e-10, 0.0, 0.0, 0.0, 1.0]}, {"left_foot_pose": [1.0000000000000004, -1.2256007250434159e-11, -1.8992535322226424e-10, 2.079022566891722e-11, 4.12326845208968e-12, 0.9990852234121281, -0.04276349330373876, 3.5691897354306334e-11, 1.9027538974585287e-10, 0.042763493303738576, 0.9990852234121281, 3.945529736260056e-10, 0.0, 0.0, 0.0, 1.0], "right_foot_pose": [0.9999999999999998, -1.9365702334358014e-11, -1.9327317524187027e-10, 3.440096248251004e-11, 6.3055984736006075e-12, 0.9977296728623696, -0.06734612008088733, -0.14000000001163, 1.9413849708123102e-10, 0.0673461200808872, 0.9977296728623696, 3.625128391915311e-10, 0.0, 0.0, 0.0, 1.0]}, {"left_foot_pose": [1.0000000000000004, -1.9879722510786065e-11, -2.4166718626261704e-10, 2.484741378685892e-11, 6.6312826371822244e-12, 0.9985028757660527, -0.054699242105569375, 5.0878752599903265e-11, 2.423925419194661e-10, 0.0546992421055692, 0.9985028757660526, 5.068592420776064e-10, 0.0, 0.0, 0.0, 1.0], "right_foot_pose": [0.9999999999999999, -2.911833043169885e-11, -2.467424597973887e-10, 4.247072143334532e-11, 9.44838590973456e-12, 0.9968470782296928, -0.0793467240969955, -0.14000000000851515, 2.482748137521108e-10, 0.07934672409699536, 0.9968470782296927, 4.6378197116059283e-10, 0.0, 0.0, 0.0, 1.0]}, {"left_foot_pose": [1.0000000000000002, -3.1162431340664965e-11, -3.050205643617682e-10, 2.930616512994431e-11, 1.0314608867527039e-11, 0.9976776279957907, -0.06811277851250556, 7.147494922310482e-11, 3.0643450334434016e-10, 0.06811277851250538, 0.9976776279957911, 6.47692219302165e-10, 0.0, 0.0, 0.0, 1.0], "right_foot_pose": [0.9999999999999998, -4.313694399008808e-11, -3.1259744792677654e-10, 5.1899235000528724e-11, 1.3926677464149114e-11, 0.9956803090681992, -0.09284784399142257, -0.14000000000211754, 3.152520960763141e-10, 0.09284784399142243, 0.9956803090681992, 5.891640092459127e-10, 0.0, 0.0, 0.0, 1.0]}, {"left_foot_pose": [1.0000000000000004, -4.729439936500001e-11, -3.8026859439099703e-10, 3.388836427459661e-11, 1.552888530060425e-11, 0.9965407895454724, -0.08310508270910619, 9.847967233356236e-11, 3.82883333866762e-10, 0.08310508270910597, 0.9965407895454724, 8.204020934821088e-10, 0.0, 0.0, 0.0, 1.0], "right_foot_pose": [1.0, -6.27270082328635e-11, -3.9136521801097465e-10, 6.248740494816817e-11, 2.011019017169433e-11, 0.9941556494684858, -0.10795621626332193, -0.1399999999909876, 3.958494441315496e-10, 0.10795621626332176, 0.9941556494684858, 7.404769714058901e-10, 0.0, 0.0, 0.0, 1.0]}, {"left_foot_pose": [1.0000000000000004, -6.892995020224744e-11, -4.629510108600231e-10, 3.772744657667413e-11, 2.2427630260002175e-11, 0.9950168989193852, -0.0997064233881198, 1.3131495196772036e-10, 4.675165225596196e-10, 0.09970642338811962, 0.9950168989193852, 1.0193138069714003e-09, 0.0, 0.0, 0.0, 1.0], "right_foot_pose": [0.9999999999999999, -8.849683059044506e-11, -4.787057417132696e-10, 7.31999825637649e-11, 2.8107599703723768e-11, 0.9921934769431697, -0.12470807636806815, -0.13999999997389323, 4.860046632502642e-10, 0.124708076368068, 0.9921934769431698, 9.109430085252335e-10, 0.0, 0.0, 0.0, 1.0]}, {"left_foot_pose": [1.0000000000000002, -9.399834038371927e-11, -5.357762011826123e-10, 3.8483870241307937e-11, 3.025785224827357e-11, 0.9930434349083086, -0.11774861521694971, 1.6427204388436145e-10, 5.43117173165727e-10, 0.1177486152169495, 0.9930434349083083, 1.2108755526041293e-09, 0.0, 0.0, 0.0, 1.0], "right_foot_pose": [1.0, -1.1775375649338126e-10, -5.568594474425474e-10, 8.088065376795887e-11, 3.6947459653483184e-11, 0.9897314353132052, -0.14293944855379428, -0.13999999995175652, 5.679729461439968e-10, 0.14293944855379406, 0.9897314353132053, 1.0688787493995378e-09, 0.0, 0.0, 0.0, 1.0]}, {"left_foot_pose": [1.0000000000000002, -1.1206722249042212e-10, -5.51990952946111e-10, 3.064887853070735e-11, 3.56307428915267e-11, 0.990630075875085, -0.13657251836194578, 1.788883416398157e-10, 5.621237688132223e-10, 0.1365725183619456, 0.9906300758750852, 1.2907030652598017e-09, 0.0, 0.0, 0.0, 1.0], "right_foot_pose": [0.9999999999999998, -1.378620992503533e-10, -5.768147071094623e-10, 7.771994976123845e-11, 4.260415627001536e-11, 0.9867926788279042, -0.16198829899609643, -0.1399999999328544, 5.915284071153923e-10, 0.16198829899609626, 0.9867926788279043, 1.1221441553743716e-09, 0.0, 0.0, 0.0, 1.0]}, {"left_foot_pose": [0.9999999999307978, -1.1615966372406765e-05, 1.8639966846147898e-06, 2.1385814005722557e-05, 1.176448015111595e-05, 0.9879873127279335, -0.15453501140594206, 5.873332046858748e-07, -4.653157965515676e-08, 0.1545350114171766, 0.9879873127962183, 0.0001638611580805291, 0.0, 0.0, 0.0, 1.0], "right_foot_pose": [0.9999999999999998, -1.1992077577956158e-10, -4.5297215978123905e-10, 6.577705099319653e-11, 3.6409258124683704e-11, 0.9836597176789952, -0.18003766221454717, -0.13999999999793022, 4.671606842573371e-10, 0.18003766221454706, 0.9836597176789952, 8.677934343337412e-10, 0.0, 0.0, 0.0, 1.0]}, {"left_foot_pose": [0.9999999448227068, -0.00032710958880024344, 5.7912870763238895e-05, 0.0006039661047483628, 0.0003321964970869025, 0.9848262050395548, -0.1735431805427028, 1.660323901502697e-05, -2.6647431060412713e-07, 0.17354319020551243, 0.98482625936417, 0.004191209128212012, 0.0, 0.0, 0.0, 1.0], "right_foot_pose": [1.0, -8.108766693584333e-11, -2.837913237740959e-10, 1.1130270208258301e-10, 2.4164284398933905e-11, 0.9807849555947693, -0.1950919549314283, -0.1400000001655389, 2.941576131735129e-10, 0.1950919549314282, 0.9807849555947695, 5.012225426370698e-10, 0.0, 0.0, 0.0, 1.0]}, {"left_foot_pose": [0.999999469244089, -0.0010107709195130753, 0.00019963388905593624, 0.0018732086302305053, 0.001030296705662847, 0.9811397173632764, -0.19329716371692998, 5.1505382158228974e-05, -4.895855753143382e-07, 0.19329726680545573, 0.98114023801152, 0.011469802150800235, 0.0, 0.0, 0.0, 1.0], "right_foot_pose": [0.9999999999999998, -3.87233566871005e-11, -1.2835488227835844e-10, 1.3130101214747257e-10, 1.1426625745095047e-11, 0.978513124000475, -0.2061845439377825, -0.1400000001650067, 1.335807288456861e-10, 0.20618454393778238, 0.9785131240004747, 2.401065110624323e-10, 0.0, 0.0, 0.0, 1.0]}, {"left_foot_pose": [0.9999979496900859, -0.0019794706886573305, 0.00042697941201129, 0.0036817242141526712, 0.002024997566698871, 0.9775876157984372, -0.21051924572918002, 0.00010124228055730794, -6.931090640930593e-07, 0.21051967873175334, 0.9775896198641845, 0.019120926357797115, 0.0, 0.0, 0.0, 1.0], "right_foot_pose": [1.0, -8.208615138505098e-12, -2.574712665293073e-11, 1.0339790686106995e-10, 2.542934162353269e-12, 0.9771054368987138, -0.21275564665355873, -0.14000000006891383, 2.6903905533313385e-11, 0.2127556466535586, 0.9771054368987138, 7.856701400577037e-11, 0.0, 0.0, 0.0, 1.0]}, {"left_foot_pose": [0.9999947666379339, -0.0031556790362664506, 0.0007130123178186209, 0.005882126397481865, 0.0032352273554098372, 0.9754638217664824, -0.22013601642777128, 0.00016175777306027747, -8.391083377232329e-07, 0.22013717113324852, 0.9754689261502634, 0.024265877753789973, 0.0, 0.0, 0.0, 1.0], "right_foot_pose": [0.9999999999999998, -7.69895051392552e-14, 1.2459477893855823e-12, 3.5639694928898615e-11, 3.4241969593392564e-13, 0.9767416187266224, -0.21441970582784015, -0.13999999998835055, -1.2005964073081788e-12, 0.21441970582784006, 0.9767416187266225, 3.482692606526783e-11, 0.0, 0.0, 0.0, 1.0]}, {"left_foot_pose": [0.9999895121444496, -0.004469911700271528, 0.0009977427014798694, 0.00832702437581992, 0.004579912697286375, 0.9760139114122932, -0.21765998513590573, 0.00022899308732972357, -8.89842414798547e-07, 0.21766227192388934, 0.9760241469247265, 0.025000001142977978, 0.0, 0.0, 0.0, 1.0], "right_foot_pose": [0.9999999999999999, -1.8880617193128063e-11, -5.891148679992842e-11, 1.6876335171387454e-12, 6.031094284503344e-12, 0.9775058734679514, -0.2109081964639064, -0.13999999998948617, 6.156804734389083e-11, 0.21090819646390632, 0.9775058734679511, 1.5219449311931754e-10, 0.0, 0.0, 0.0, 1.0]}, {"left_foot_pose": [0.9999821316691789, -0.005846533639034456, 0.0012467504856290513, 0.010869024018885275, 0.005977988091914376, 0.978022741383024, -0.20841252600553656, 0.0002988981719650799, -8.594836881362133e-07, 0.20841625508113099, 0.9780402162576033, 0.025000001411288705, 0.0, 0.0, 0.0, 1.0], "right_foot_pose": [1.0, -6.035867759311705e-11, -2.0070772821512117e-10, 2.780151948417559e-11, 1.84816936290416e-11, 0.9792985402518128, -0.20242126632512908, -0.13999999996595988, 2.0877048974396747e-10, 0.2024212663251289, 0.9792985402518128, 4.267301650928701e-10, 0.0, 0.0, 0.0, 1.0]}, {"left_foot_pose": [0.9999730002241928, -0.007209858278154775, 0.0014201289506249515, 0.01336073869172378, 0.007348389078889257, 0.9811415422847756, -0.1931509129696217, 0.0003674197103867155, -7.568000525277562e-07, 0.1931561335983457, 0.9811680325269299, 0.02491027051637637, 0.0, 0.0, 0.0, 1.0], "right_foot_pose": [0.9999999999999998, -1.2219691419288982e-10, -4.3785858272471433e-10, 5.2060135193260106e-11, 3.7326900223448104e-11, 0.9820135911489906, -0.18881024018485662, -0.13999999997627713, 4.530548340648197e-10, 0.18881024018485656, 0.9820135911489908, 8.760565675669518e-10, 0.0, 0.0, 0.0, 1.0]}, {"left_foot_pose": [0.999962932805711, -0.008488912384381733, 0.0014392293536249362, 0.015654779059008167, 0.008610053093116144, 0.9859050176013622, -0.16708429984349946, 0.0004304992725001726, -5.794590410237283e-07, 0.1670904983384421, 0.9859415628548561, 0.021163833625250997, 0.0, 0.0, 0.0, 1.0], "right_foot_pose": [1.0, -1.9860810949962382e-10, -7.9366402339076e-10, 1.5173822726988923e-11, 6.117045189427416e-11, 0.9855223252137105, -0.1695457062427753, -0.1400000002352432, 8.158467139842244e-10, 0.16954570624277518, 0.9855223252137106, 1.5340683029441138e-09, 0.0, 0.0, 0.0, 1.0]}, {"left_foot_pose": [0.999953129049573, -0.00959617204521636, 0.0012857628269751893, 0.01760374928139526, 0.00968192665911074, 0.9911014205425625, -0.13275629738239783, 0.00048409172371931264, -3.6909452872395376e-07, 0.13276252362995586, 0.9911478761109617, 0.01399681218260531, 0.0, 0.0, 0.0, 1.0], "right_foot_pose": [0.9999999999999998, -2.6202904650313706e-10, -1.2288435824459029e-09, 3.707439656033294e-11, 8.171120871209258e-11, 0.9895048044070293, -0.14449997251005575, -0.14000000043839284, 1.2538097381445182e-09, 0.14449997251005556, 0.9895048044070294, 2.3919104474856567e-09, 0.0, 0.0, 0.0, 1.0]}, {"left_foot_pose": [0.9999450522778203, -0.010435272184470353, 0.0009987590019767422, 0.019060263137724295, 0.01048295879400457, 0.995397943112962, -0.09525251923917162, 0.0005241470993510525, -1.766917163611217e-07, 0.09525775527967024, 0.9954526407916392, 0.006287910352559087, 0.0, 0.0, 0.0, 1.0], "right_foot_pose": [1.0, -2.8611992485096616e-10, -1.7033821020362424e-09, 1.0457590367451326e-10, 9.020168086974688e-11, 0.9934895058535644, -0.11392366636849709, -0.14000000048471314, 1.724887828185378e-09, 0.11392366636849688, 0.9934895058535645, 3.3637384475038168e-09, 0.0, 0.0, 0.0, 1.0]}, {"left_foot_pose": [0.999940242847735, -0.010914268730285875, 0.000624076675600257, 0.01987693302730913, 0.010932096487517654, 0.9983097728882852, -0.057079651559281526, 0.0005466115459327337, -3.918813444442608e-08, 0.05708306310828511, 0.998369432578029, 0.0009158371161566148, 0.0, 0.0, 0.0, 1.0], "right_foot_pose": [0.9999999999999998, -2.4306205515938616e-10, -2.1073723877051963e-09, 2.138032701966664e-10, 7.674306778044918e-11, 0.996908918143022, -0.07856595272069061, -0.14000000028639492, 2.1199546725204204e-09, 0.07856595272069046, 0.9969089181430218, 4.235167862243205e-09, 0.0, 0.0, 0.0, 1.0]}, {"left_foot_pose": [0.9999395006097794, -0.01099778538462594, 0.00020937263271885036, 0.020000000658422504, 0.010999778191655778, 0.9997583398174241, -0.01903330883591562, 0.0005500004874288561, 2.210046447304208e-09, 0.019034460384856285, 0.999818828247327, 4.5694184269695626e-09, 0.0, 0.0, 0.0, 1.0], "right_foot_pose": [1.0, -1.3318051146760922e-10, -2.2374985753081936e-09, 2.488277041910768e-10, 4.234911456084015e-11, 0.9991776667741689, -0.04054614925893927, -0.14000000011919206, 2.241058193339335e-09, 0.040546149258939124, 0.9991776667741687, 4.5765012612886125e-09, 0.0, 0.0, 0.0, 1.0]}, {"left_foot_pose": [0.9999395006102171, -0.010997837578369241, -0.00020661072139517418, 0.020000000525314636, 0.010999778151871484, 0.9997630954228641, 0.01878185057717372, 0.0005500003126234984, 2.0323005289236893e-09, -0.018782986958774128, 0.9998235841391758, 4.117681647042293e-09, 0.0, 0.0, 0.0, 1.0], "right_foot_pose": [1.0, -5.7062550885310095e-12, -2.0349967266852786e-09, 1.397992965623738e-10, 4.061714146022356e-13, 0.9999966083101772, -0.002604489996561213, -0.1400000002387449, 2.0350044135370116e-09, 0.0026044899965610604, 0.9999966083101772, 4.27305760219987e-09, 0.0, 0.0, 0.0, 1.0]}, {"left_foot_pose": [0.9999395006104638, -0.010984042898570062, -0.0005881500657985553, 0.020000000398967467, 0.010999778129468379, 0.9985090903741641, 0.05346588932452839, 0.0005500002025439314, 1.5652529481190255e-09, -0.053469124191093995, 0.9985695032185986, 3.1625045221472803e-09, 0.0, 0.0, 0.0, 1.0], "right_foot_pose": [0.9999999998651065, 1.6415833751209492e-05, 5.542599305629433e-07, 5.240146981772875e-06, -1.6425165887531172e-05, 0.9994845526280397, 0.032103407734095056, -0.1400032338604132, -2.697003458584097e-08, -0.03210340773886848, 0.9994845527628484, 3.740243091801543e-05, 0.0, 0.0, 0.0, 1.0]}, {"left_foot_pose": [0.9999395006104568, -0.01096207451490919, -0.0009099677144681202, 0.020000000621447314, 0.010999778130117077, 0.9965120451336886, 0.08272090899260129, 0.0005500004204291292, 1.019832224743195e-09, -0.08272591387106956, 0.9965723371507947, 2.1930701143979547e-09, 0.0, 0.0, 0.0, 1.0], "right_foot_pose": [0.9999985726315659, 0.001686011128750681, 0.00011000592673909055, 0.0005390158591426313, -0.0016895959620024607, 0.9978983953496644, 0.06477605903457036, -0.14033270914286505, -5.615813630673571e-07, -0.06477615244083822, 0.9978998196585896, 0.003492990402428661, 0.0, 0.0, 0.0, 1.0]}, {"left_foot_pose": [0.9999395006103254, -0.010938084461158567, -0.0011633690276221097, 0.02000000063843712, 0.010999778142029737, 0.994331215517059, 0.10575650679364594, 0.0005500003629281165, 5.357042011476261e-10, -0.10576290539073206, 0.9943913755877573, 1.333845638107345e-09, 0.0, 0.0, 0.0, 1.0], "right_foot_pose": [0.9999834319405895, 0.005728683603315697, 0.0005639401508208106, 0.0018364014261568057, -0.005756374047336499, 0.9951979919906384, 0.09771295152449422, -0.14113354267482964, -1.465522469923021e-06, -0.09771457886095677, 0.9952144799368013, 0.010538497945670397, 0.0, 0.0, 0.0, 1.0]}, {"left_foot_pose": [0.9999395006101817, -0.010917239860811077, -0.0013449882092700508, 0.02000000048661652, 0.010999778155106764, 0.9924363238106714, 0.12226670872195576, 0.0005500001559635781, 1.6786688653907413e-10, -0.12227410623260626, 0.9924963692351817, 6.666704341351526e-10, 0.0, 0.0, 0.0, 1.0], "right_foot_pose": [0.9999313716099004, 0.011616243046131089, 0.0015215018357739175, 0.0037375260165470126, -0.011715462590901463, 0.9914913259928553, 0.1296445078559462, -0.14230705321265436, -2.573759801372744e-06, -0.129653435659926, 0.9915593712002085, 0.018295208930270895, 0.0, 0.0, 0.0, 1.0]}, {"left_foot_pose": [0.9999395006101068, -0.010903350218716985, -0.0014532974985849293, 0.020000000221597217, 0.010999778161917434, 0.9911736768227937, 0.13211263094032236, 0.0005499999468801782, -5.826887759587665e-11, -0.13212062415684106, 0.9912336458536947, 2.4075957200109244e-10, 0.0, 0.0, 0.0, 1.0], "right_foot_pose": [0.9998182410779256, 0.01882940689023745, 0.0029896896168173266, 0.006082525018049321, -0.019065277197206208, 0.9874786566222844, 0.15659635347236558, -0.14375455713064242, -3.6382294739417903e-06, -0.15662488994923607, 0.9876581614279067, 0.023884418461169066, 0.0, 0.0, 0.0, 1.0]}, {"left_foot_pose": [0.9999395006101442, -0.010898760532940994, -0.001487325916494378, 0.019999999973011832, 0.010999778158502763, 0.9907564489391868, 0.13520600491796625, 0.0005499998937950733, -1.2677571984161824e-10, -0.13521418529229481, 0.990816392726595, 1.0514759202218116e-10, 0.0, 0.0, 0.0, 1.0], "right_foot_pose": [0.9996271774311304, 0.026891547338741384, 0.004727665681852385, 0.008711533144868147, -0.02730395799477916, 0.9845559185697269, 0.17292812694047227, -0.14537736528418657, -4.346316267251617e-06, -0.17299273941714738, 0.9849230995819218, 0.025000002364395292, 0.0, 0.0, 0.0, 1.0]}, {"left_foot_pose": [0.9999395006102906, -0.010903941285110507, -0.0014488559953582804, 0.019999999824072422, 0.01099977814523686, 0.9912274096923593, 0.1317088727281963, 0.0005499998975680527, -3.9660203400930407e-11, -0.1317168415162903, 0.9912873819740537, 2.1848749892638963e-10, 0.0, 0.0, 0.0, 1.0], "right_foot_pose": [0.9993543230166556, 0.035336673330095006, 0.006500506586694851, 0.01146467234420038, -0.03592961239150263, 0.982885415855706, 0.18068016562852787, -0.147076794430604, -4.617129693570311e-06, -0.18079706528624329, 0.9835204223413786, 0.025000002216425864, 0.0, 0.0, 0.0, 1.0]}, {"left_foot_pose": [0.9999395006105134, -0.010918174546374025, -0.0013373792929729641, 0.019999999700848082, 0.010999778124960965, 0.9925212948925247, 0.12157501415203961, 0.000549999911093846, 2.0263397155625609e-10, -0.12158236981339829, 0.9925813454576703, 5.934037705657147e-10, 0.0, 0.0, 0.0, 1.0], "right_foot_pose": [0.9990120264626798, 0.04370850318402012, 0.008033537971685338, 0.014182076416305964, -0.04444064539801126, 0.9825716651359567, 0.1804936339834769, -0.14875416510408998, -4.420206109740659e-06, -0.18067232666173777, 0.9835433444231605, 0.024992552063038596, 0.0, 0.0, 0.0, 1.0]}, {"left_foot_pose": [0.9999395006107487, -0.01093955141396978, -0.0011494925786042622, 0.019999999569113573, 0.010999778103541956, 0.9944645736220078, 0.10449505582787973, 0.0005500002333147808, 6.113284983650904e-10, -0.10450137810411883, 0.9945247417607773, 1.2911568342266477e-09, 0.0, 0.0, 0.0, 1.0], "right_foot_pose": [0.998629526531156, 0.05159235983634522, 0.008791879587184814, 0.01670388199765061, -0.052336113025676693, 0.9844497112505369, 0.1676892879467794, -0.15031079049056878, -3.6772365027187708e-06, -0.16791960703042233, 0.9858006926155136, 0.021837794190194625, 0.0, 0.0, 0.0, 1.0]}, {"left_foot_pose": [0.9999395006108539, -0.010964209123157528, -0.0008838757949832917, 0.01999999959388463, 0.010999778094002358, 0.9967060966261296, 0.08034900018163117, 0.0005500005468052366, 1.1526919716678366e-09, -0.08035386155380925, 0.9967664003834561, 2.287068777417911e-09, 0.0, 0.0, 0.0, 1.0], "right_foot_pose": [0.9982511197689039, 0.0585102543282946, 0.008441091076844627, 0.018870206131088207, -0.05911600353232038, 0.9880284056927001, 0.14249620230275545, -0.1516479912391851, -2.548721411588254e-06, -0.14274599708145744, 0.9897593547477713, 0.014923780593291115, 0.0, 0.0, 0.0, 1.0]}, {"left_foot_pose": [0.9999395006106974, -0.010986370914608688, -0.000542929606147391, 0.019999999731335955, 0.0109997781082436, 0.9987207219603883, 0.04935508493044109, 0.0005500007227096319, 1.7786571168991302e-09, -0.049358071083139964, 0.998781147608901, 3.4890897462891424e-09, 0.0, 0.0, 0.0, 1.0], "right_foot_pose": [0.9979318241746757, 0.06389052152505871, 0.0070764085989967924, 0.020521182080712796, -0.0642812126329156, 0.9918688776423225, 0.10983649332986549, -0.15266708980505933, -1.3586134967626859e-06, -0.11006421227545193, 0.9939244786070712, 0.007129215440290618, 0.0, 0.0, 0.0, 1.0]}, {"left_foot_pose": [0.9999395006100674, -0.010998959544487742, -0.00013419623438155572, 0.020000000059099403, 0.010999778165517756, 0.9998650861535142, 0.012198949607871441, 0.0005500006594078548, 2.376229091497274e-09, -0.012199687707671353, 0.9999255810408277, 4.657143524988694e-09, 0.0, 0.0, 0.0, 1.0], "right_foot_pose": [0.9977305471214624, 0.06715440681500155, 0.004903160820606289, 0.021496944458124573, -0.06733316672008434, 0.9950821382254147, 0.07264835059505585, -0.1532694047175189, -3.908631327074968e-07, -0.07281362393166628, 0.9973455650725004, 0.0013328067928174356, 0.0, 0.0, 0.0, 1.0]}, {"left_foot_pose": [0.9999395006079285, -0.010995148156923071, 0.00031912532790477947, 0.020000001820840694, 0.010999778359930748, 0.9995185840364658, -0.029010429879123306, 0.0005500005761566954, 2.2787391541597326e-09, 0.02901218507362768, 0.9995790579625279, 5.202320824126971e-09, 0.0, 0.0, 0.0, 1.0], "right_foot_pose": [0.9976888907501412, 0.0679122706794082, 0.0021910647911770006, 0.02169341796364431, -0.06794760682873482, 0.9971700416272412, 0.03217189468113132, -0.15339068665077163, 2.2508281422090906e-09, -0.032246419526715614, 0.9994799489873254, 5.3131536184580774e-09, 0.0, 0.0, 0.0, 1.0]}, {"left_foot_pose": [0.9999395006067889, -0.01097241275930076, 0.0007754253584452589, 0.020000003192657906, 0.010999778463541514, 0.9974518010174984, -0.07049049241353439, 0.0005500006516226189, 1.3580316698434022e-09, 0.07049475728867391, 0.9975121498983419, 5.178478569567435e-09, 0.0, 0.0, 0.0, 1.0], "right_foot_pose": [0.9976888907489382, 0.0679446220975626, -0.0006368706086247487, 0.02169341921878502, -0.06794760684639825, 0.9976450652449449, -0.00935128420363546, -0.15339068621658483, 1.3485511432980355e-09, 0.009372946197929848, 0.9999560729749934, 5.137375767849672e-09, 0.0, 0.0, 0.0, 1.0]}, {"left_foot_pose": [0.9999395006086486, -0.010933667930166882, 0.0012041711342829936, 0.02000000030425167, 0.010999778294484092, 0.9939296888425204, -0.10946587831321582, 0.0005500006645199687, 2.1223495574901466e-09, 0.10947250130970962, 0.9939898246244758, 4.5461409844960166e-09, 0.0, 0.0, 0.0, 1.0], "right_foot_pose": [0.99768889075562, 0.0678661369364775, -0.003326367408957337, 0.021693416310174463, -0.06794760674828858, 0.9964926540464286, -0.04884171545599722, -0.15339068630920577, 2.1383360586316573e-09, 0.04895485562049952, 0.9988009922457906, 4.0926438835131584e-09, 0.0, 0.0, 0.0, 1.0]}, {"left_foot_pose": [0.999969246763302, -0.007761965038564957, 0.001121350246572322, 0.020215714501684315, 0.007842545555684153, 0.9896469710621841, -0.1433086429586592, 0.0001443419385813785, 2.6158013490704877e-06, 0.1433130299944337, 0.989677409779052, 0.0028444572740093724, 0.0, 0.0, 0.0, 1.0], "right_foot_pose": [0.997688890758131, 0.06770938358499927, -0.005684771969837769, 0.021693415738766285, -0.0679476067114185, 0.9941910127770112, -0.0834706706311333, -0.15339068661814848, 1.5462386493326226e-09, 0.08366402744286322, 0.9964940193057056, 2.8638681009995892e-09, 0.0, 0.0, 0.0, 1.0]}, {"left_foot_pose": [0.9999994869297171, 0.0009970110462386153, -0.0001791906157683401, 0.02082074174733466, -0.001012969707515281, 0.9852120155123567, -0.17133668136873656, -0.000993424968990006, 5.716183771311591e-06, 0.17133677497564245, 0.9852125199713369, 0.009617035938238788, 0.0, 0.0, 0.0, 1.0], "right_foot_pose": [0.9976888907584328, 0.06751964929067558, -0.007614080172380768, 0.021693415440683685, -0.06794760670698605, 0.9914051042493908, -0.11179911453606091, -0.15339068663236471, 9.42579202577246e-10, 0.11205809309424584, 0.9937016573258199, 1.7851288711123736e-09, 0.0, 0.0, 0.0, 1.0]}, {"left_foot_pose": [0.9998962810015951, 0.014132152924159352, -0.0027765973614313683, 0.021735558273210286, -0.01440233190244868, 0.9812543683124105, -0.19217814002530206, -0.0027137574074591053, 8.657426430891163e-06, 0.19219819697786192, 0.9813561295490589, 0.017439489558902156, 0.0, 0.0, 0.0, 1.0], "right_foot_pose": [0.9976888907575264, 0.0673355038067088, -0.009099845389500563, 0.02169341533129695, -0.06794760672029662, 0.98870125674748, -0.13361492299491776, -0.15339068644509113, 4.16849463626447e-10, 0.13392443702719295, 0.990991546465937, 9.551744672986473e-10, 0.0, 0.0, 0.0, 1.0]}, {"left_foot_pose": [0.9995144888705575, 0.03051093057215784, -0.006314242112099045, 0.022880609622529628, -0.03115744568547836, 0.9788446155471834, -0.20221877309647707, -0.004867055561777141, 1.0778946355672733e-05, 0.2023173292872088, 0.9793200182544555, 0.023433112502051913, 0.0, 0.0, 0.0, 1.0], "right_foot_pose": [0.9976888907562574, 0.06718651480812385, -0.01014147373345017, 0.02169341538760122, -0.06794760673893153, 0.9865136191107224, -0.14890937528415105, -0.15339068618522583, 8.304920189528922e-12, 0.1492543183194454, 0.9887988412528596, 3.9367570314752243e-10, 0.0, 0.0, 0.0, 1.0]}, {"left_foot_pose": [0.998743881064482, 0.04911758125056135, -0.009905717962458798, 0.024176345445443146, -0.050106485656813006, 0.9790777881657089, -0.197220751483377, -0.007303722834185913, 1.1462147595539238e-05, 0.19746935947796768, 0.9803090593970769, 0.025000000405204593, 0.0, 0.0, 0.0, 1.0], "right_foot_pose": [0.9976888907553363, 0.06709350959759469, -0.010739563923342268, 0.021693415578364787, -0.06794760675245352, 0.9851480033954797, -0.15769126209943893, -0.15339068604185024, -2.50706803031527e-10, 0.1580565480319542, 0.98743006214325, 1.0972219660621008e-10, 0.0, 0.0, 0.0, 1.0]}, {"left_foot_pose": [0.9975416586441472, 0.06889664787036431, -0.012801999129494226, 0.02554321402112272, -0.07007595273740223, 0.9807823048740358, -0.18208632923402043, -0.009874153521695548, 1.0836505976988624e-05, 0.1825358111664714, 0.9831992054128044, 0.02500000097325282, 0.0, 0.0, 0.0, 1.0], "right_foot_pose": [0.9976888907551829, 0.06706507549770424, -0.010915718582834714, 0.02169341581445343, -0.06794760675470767, 0.9847304993129729, -0.16027777905602114, -0.15339068605112938, -3.425619670065786e-10, 0.1606490565528174, 0.9870115909292504, 1.2452379405392122e-11, 0.0, 0.0, 0.0, 1.0]}, {"left_foot_pose": [0.9959512919732375, 0.08872237645342848, -0.014469413716391273, 0.026901659429674523, -0.08989451558378257, 0.9829815107013369, -0.1602071336965851, -0.012428743881443272, 9.20852754754146e-06, 0.16085922272525918, 0.9869773606215236, 0.025000001663623185, 0.0, 0.0, 0.0, 1.0], "right_foot_pose": [0.9976888907558712, 0.0671022680981283, -0.010684703009708777, 0.021693416066676935, -0.06794760674459958, 0.9852766063466954, -0.15688572823434327, -0.1533906860608698, -2.7552290479888087e-10, 0.1572491481758354, 0.9875589629981462, 1.2654043091142597e-10, 0.0, 0.0, 0.0, 1.0]}, {"left_foot_pose": [0.994107631326407, 0.10753548115815392, -0.013643226549663358, 0.028172128881448124, -0.10839749672542497, 0.986209677648627, -0.12506180238527398, -0.0148178983202398, 6.500963624181106e-06, 0.12580378374387713, 0.9920551436051639, 0.022459722945246514, 0.0, 0.0, 0.0, 1.0], "right_foot_pose": [0.9976888907567092, 0.06724749839233463, -0.009728885887914237, 0.02169341621119079, -0.06794760673229847, 0.9874090542137474, -0.14285125969366083, -0.15339068629168498, 1.5654638910442392e-10, 0.1431821693392224, 0.9896963505961383, 5.718895218498332e-10, 0.0, 0.0, 0.0, 1.0]}, {"left_foot_pose": [0.9922283331070513, 0.1239442738961534, -0.010988719122732778, 0.029275069163734967, -0.12443044227755479, 0.9883542233201349, -0.08759562934225415, -0.016892005062921815, 3.7702785291521717e-06, 0.0882821964702332, 0.9960955043429205, 0.01583856138033407, 0.0, 0.0, 0.0, 1.0], "right_foot_pose": [0.9976888907584172, 0.06740232040011919, -0.008590952328989295, 0.021693416331981245, -0.06794760670722166, 0.9896823390428869, -0.12614273871040238, -0.15339068652643398, 5.04852825939348e-10, 0.12643494371130065, 0.9919749014005951, 1.1913243169736631e-09, 0.0, 0.0, 0.0, 1.0]}, {"left_foot_pose": [0.990591845676782, 0.13667627204386434, -0.006884180333116619, 0.030130922712167166, -0.13684953517034218, 0.9893382331209188, -0.04982032927269927, -0.018501457304727152, 1.5259302609290024e-06, 0.05029370880508383, 0.9987344706438754, 0.007998177289841445, 0.0, 0.0, 0.0, 1.0], "right_foot_pose": [0.9976888907595504, 0.06758063244701838, -0.0070523310358017455, 0.021693416356106374, -0.06794760669057823, 0.9923005327732651, -0.1035508348731028, -0.15339068664518235, 9.329781879900367e-10, 0.10379070659724358, 0.9945991600760805, 1.9230041656270735e-09, 0.0, 0.0, 0.0, 1.0]}, {"left_foot_pose": [0.9895021334551085, 0.1445030215152639, -0.0020987283647366803, 0.03066013628102282, -0.14451826143344254, 0.9893978085267168, -0.014368319135722627, -0.019496653549434972, 2.117155555100138e-07, 0.01452078701345401, 0.9998945678142601, 0.0018172765371113203, 0.0, 0.0, 0.0, 1.0], "right_foot_pose": [0.9976888907591952, 0.06775132899548328, -0.005160879288657354, 0.021693416251989076, -0.06794760669579387, 0.9948069058260242, -0.07577824796843342, -0.15339068652557591, 1.3476799575091541e-09, 0.07595378555541159, 0.9971113390488561, 2.609023025401669e-09, 0.0, 0.0, 0.0, 1.0]}, {"left_foot_pose": [0.9892149421923127, 0.14644653060015483, 0.0026854829432370235, 0.030794997189913687, -0.14647115123279542, 0.9890486628566458, 0.018136823261562615, -0.019750259025238116, 1.5286308163597209e-09, -0.018334562352551, 0.9998319077841742, 3.017494060175707e-09, 0.0, 0.0, 0.0, 1.0], "right_foot_pose": [0.9976888907530223, 0.06787971401638043, -0.003036724066859978, 0.021693415299515247, -0.06794760678643387, 0.9966920080407305, -0.0445888308854647, -0.1533906861059013, 1.5192340236928803e-09, 0.044692119358907136, 0.9990008080413195, 2.9741190898935344e-09, 0.0, 0.0, 0.0, 1.0]}, {"left_foot_pose": [0.9892149421914286, 0.14628220500129335, 0.007437381607063277, 0.03079499553327892, -0.1464711512387658, 0.9879388650852899, 0.05022948047492245, -0.019750259292608804, 8.158525999290788e-10, -0.050777114470494655, 0.9987100102862951, 3.113727664594279e-09, 0.0, 0.0, 0.0, 1.0], "right_foot_pose": [0.9976888907458338, 0.06794240056041244, -0.000841123317968505, 0.021693413649269987, -0.06794760689198372, 0.9976124452376505, -0.01235037750875239, -0.15339068577698659, 7.94212931688595e-10, 0.012378986753556325, 0.9999233774079668, 3.035034897014288e-09, 0.0, 0.0, 0.0, 1.0]}, {"left_foot_pose": [0.9892149421882894, 0.14598634685234227, 0.011907337407167682, 0.03079499753597957, -0.14647115125996804, 0.9859407420387746, 0.08041800194366062, -0.01975025921932167, 1.2459903868079105e-09, -0.08129477056206487, 0.9966901024286647, 2.378930830104764e-09, 0.0, 0.0, 0.0, 1.0], "right_foot_pose": [0.9976888907519129, 0.06793632987946006, 0.0012378823559244644, 0.02169341557242534, -0.06794760680272646, 0.9975233090038672, 0.01817610309601914, -0.15339068629497363, 1.2320148059493853e-09, -0.01821820727964828, 0.9998340346895158, 2.4281899824174502e-09, 0.0, 0.0, 0.0, 1.0]}, {"left_foot_pose": [0.9892149421855905, 0.14562390115627893, 0.01573141979562707, 0.030794998216420337, -0.14647115127819488, 0.9834929104979456, 0.10624451441613494, -0.019750258981512857, 8.246654840940526e-10, -0.10740286035439936, 0.9942155830541455, 1.5651094864566062e-09, 0.0, 0.0, 0.0, 1.0], "right_foot_pose": [0.9975181869706939, 0.07033188539192524, 0.0033003878433464783, 0.021483396950175926, -0.07040927965915648, 0.9964222155648014, 0.04674721025698938, -0.15368193596456933, -7.603329037781585e-07, -0.04686357035213589, 0.9989012993150386, 0.0022503008490213985, 0.0, 0.0, 0.0, 1.0]}, {"left_foot_pose": [0.9892149421869578, 0.14525995885295487, 0.018797406951298824, 0.030794998323712425, -0.14647115126896076, 0.9810349717616631, 0.12695111668094464, -0.019750258950766122, 3.8775054831744e-10, -0.12833521938513848, 0.9917308462810711, 9.106475643005929e-10, 0.0, 0.0, 0.0, 1.0], "right_foot_pose": [0.9969037278978825, 0.07839632405245862, 0.006080598520430451, 0.020781617015324966, -0.07863178299702846, 0.9939209600794658, 0.07705950828691517, -0.15465516126906229, -2.4521362997950385e-06, -0.07729903938455415, 0.9970079530797195, 0.008710107154121662, 0.0, 0.0, 0.0, 1.0]}, {"left_foot_pose": [0.9892149421891078, 0.14495421088323704, 0.0210255772101226, 0.030794998238814687, -0.1464711512544388, 0.9789700572980933, 0.14199939705494471, -0.019750259076665076, 1.9875610126515584e-11, -0.1435475658483512, 0.989643418782247, 4.229666894506323e-10, 0.0, 0.0, 0.0, 1.0], "right_foot_pose": [0.9958049286422984, 0.09095710141160145, 0.009967436706926475, 0.019682260323381565, -0.0915016069201694, 0.9898847907619757, 0.10842304620857254, -0.15617974905275528, -4.767989721311988e-06, -0.10888024026846721, 0.9940548743687881, 0.016558459615608992, 0.0, 0.0, 0.0, 1.0]}, {"left_foot_pose": [0.9892149421906526, 0.1447527149735215, 0.02237073209662238, 0.030794998006235755, -0.14647115124400542, 0.9776092247049674, 0.15108410116557286, -0.01975025923324446, -2.2801085972840652e-10, -0.15273131728479247, 0.9882677495094397, 1.1313516790067979e-10, 0.0, 0.0, 0.0, 1.0], "right_foot_pose": [0.9941679086262575, 0.10680151433021237, 0.014953460952785916, 0.018284429422537798, -0.10784326314091297, 0.9845737437428949, 0.13778379341279598, -0.1581182644887059, -7.267245549904721e-06, -0.13859285576419056, 0.9903494435189599, 0.022916652598696692, 0.0, 0.0, 0.0, 1.0]}, {"left_foot_pose": [0.9892149421925651, 0.14472440699943184, 0.022553140837225483, 0.030794997731274986, -0.14647115123109003, 0.9774180425424097, 0.15231602663411442, -0.019750259233120515, -1.3917287965411017e-10, -0.1539766739841721, 0.9880744829560032, 1.17940102128955e-11, 0.0, 0.0, 0.0, 1.0], "right_foot_pose": [0.9919691816034407, 0.12487177345151029, 0.020104301631101096, 0.01668722861201157, -0.1264798112946284, 0.9793689976089527, 0.1576046441489288, -0.16033326779869686, -9.158317008591924e-06, -0.15888173814982656, 0.9872976213881076, 0.025000000777033293, 0.0, 0.0, 0.0, 1.0]}, {"left_foot_pose": [0.9892149421904778, 0.1448132795289724, 0.021975263801700007, 0.030794997571722486, -0.14647115124518725, 0.9780182563411187, 0.1484132477792599, -0.019750259239143322, -4.951478147730071e-11, -0.15003134451021344, 0.988681240675911, 1.6024981341900002e-10, 0.0, 0.0, 0.0, 1.0], "right_foot_pose": [0.9892495415430929, 0.1440515007022415, 0.025189476021000648, 0.014989760283060203, -0.14623728817272513, 0.9744754184193486, 0.17033001627523758, -0.16268731860367402, -1.0230726243474602e-05, -0.17218253117510954, 0.9850650617362612, 0.025000000305211323, 0.0, 0.0, 0.0, 1.0]}, {"left_foot_pose": [0.9892149421872543, 0.14503345576833243, 0.020471806499744165, 0.030794997441348303, -0.14647115126695678, 0.9795052492990872, 0.13825942442403658, -0.01975025925316354, 1.8762346354188786e-10, -0.13976681760499843, 0.9901844457961214, 5.453246326725392e-10, 0.0, 0.0, 0.0, 1.0], "right_foot_pose": [0.9861341627974121, 0.1632849186593359, 0.029621753868760127, 0.013291126209922026, -0.16595003120719043, 0.9703081950356437, 0.17596191005158907, -0.16504298639958975, -1.0304360271801582e-05, -0.17843778183188994, 0.983951196914123, 0.025000000034067944, 0.0, 0.0, 0.0, 1.0]}, {"left_foot_pose": [0.9892149421836, 0.1453617273135765, 0.017993509749663617, 0.030794997371713415, -0.14647115129163743, 0.9817222800516315, 0.12152187741114438, -0.019750259000388144, 5.893012126933126e-10, -0.12284678702611833, 0.9924256480549869, 1.204210127447869e-09, 0.0, 0.0, 0.0, 1.0], "right_foot_pose": [0.9828389414034944, 0.18165276455413631, 0.03209187421603417, 0.011690429874401952, -0.18446575610970456, 0.9678598678080982, 0.17093759419555948, -0.16726283351779006, -9.150584588429026e-06, -0.173923975967