{"LoopMode": "Wrap", "FrameDuration": 0.0167, "EnableCycleOffsetPosition": true, "EnableCycleOffsetRotation": false, "Debug_info": [{"left_foot_pose": [1.0000000000000004, 1.0859655397582526e-13, -7.85327358698851e-12, 1.3596051038289747e-12, -3.1518232489462384e-14, 0.9999522484952983, 0.009772447451793533, 1.2687767503294367e-14, 7.85373105213531e-12, -0.009772447451793703, 0.9999522484952987, 1.6431460359012107e-11, 0.0, 0.0, 0.0, 1.0], "right_foot_pose": [1.0, -1.815259219283404e-13, -7.912004384991176e-12, 1.071244390850576e-12, 6.548048914938385e-14, 0.9998923422349885, -0.01467323890041454, -0.14000000000202736, 7.913595907136604e-12, 0.014673238900414385, 0.9998923422349886, 1.3650011676524798e-11, 0.0, 0.0, 0.0, 1.0]}, {"left_foot_pose": [1.0000000000000007, 1.716223767061421e-13, -1.7520651596214527e-11, 2.966459019382403e-12, -5.0132908865858176e-14, 0.9999760908498577, 0.006915036416229589, 8.910094884129194e-13, 1.752124863493549e-11, -0.006915036416229762, 0.9999760908498578, 3.57084362079263e-11, 0.0, 0.0, 0.0, 1.0], "right_foot_pose": [0.9999999999999999, -4.731092119078157e-13, -1.7627010961973607e-11, 2.5100015030648416e-12, 1.64071096805022e-13, 0.9998463095348251, -0.017531608870569402, -0.14000000000364524, 1.7632572648942e-11, 0.017531608870569256, 0.9998463095348253, 3.147880567322403e-11, 0.0, 0.0, 0.0, 1.0]}, {"left_foot_pose": [1.0000000000000004, 1.2209483685014618e-13, -3.077427201958472e-11, 5.153409062571541e-12, -3.1431779026418156e-14, 0.9999956919313601, 0.0029353225923618776, 2.459043385583115e-12, 3.077413166751772e-11, -0.0029353225923620515, 0.9999956919313601, 6.202578728409236e-11, 0.0, 0.0, 0.0, 1.0], "right_foot_pose": [1.0, -1.0090263459372634e-12, -3.0962177266502515e-11, 4.524635180423632e-12, 3.4274090761411254e-13, 0.9997685500599643, -0.02151386322808087, -0.14000000000548465, 3.097671647301945e-11, 0.021513863228080722, 0.9997685500599645, 5.621589305171426e-11, 0.0, 0.0, 0.0, 1.0]}, {"left_foot_pose": [1.0000000000000007, -1.6847877381163477e-13, -4.742523040945913e-11, 7.892520258685659e-12, 6.705970875381124e-14, 0.9999976984287517, -0.0021454922978883877, 4.842421602591074e-12, 4.742508531377997e-11, 0.002145492297888214, 0.9999976984287517, 9.516105264895103e-11, 0.0, 0.0, 0.0, 1.0], "right_foot_pose": [0.9999999999999998, -1.912744133691536e-12, -4.7754022958201845e-11, 7.0990255078802594e-12, 6.41882739921851e-13, 0.9996461584527987, -0.02659996034887394, -0.14000000000736088, 4.778776488329475e-11, 0.0265999603488738, 0.9996461584527989, 8.75261876864819e-11, 0.0, 0.0, 0.0, 1.0]}, {"left_foot_pose": [1.0000000000000004, -8.607818317464389e-13, -6.765499271921271e-11, 1.1218753499387438e-11, 2.984428179670412e-13, 0.9999654183726521, -0.00831637293582181, 8.250872207682391e-12, 6.765923915281351e-11, 0.008316372935821634, 0.9999654183726524, 1.3565382844804574e-10, 0.0, 0.0, 0.0, 1.0], "right_foot_pose": [0.9999999999999998, -3.3550957620458295e-12, -6.821537779089224e-11, 1.0278851737108667e-11, 1.1172347338988815e-12, 0.9994625805434806, -0.03278033089165654, -0.14000000000909477, 6.828853954229293e-11, 0.03278033089165639, 0.9994625805434807, 1.2577786034917438e-10, 0.0, 0.0, 0.0, 1.0]}, {"left_foot_pose": [1.0000000000000007, -2.167830001431706e-12, -9.205286533031652e-11, 1.5237453433553807e-11, 7.329159798548158e-13, 0.9998784883078992, -0.015588733723792488, 1.3011071386959117e-11, 9.207500350894408e-11, 0.015588733723792313, 0.9998784883078994, 1.84911530531906e-10, 0.0, 0.0, 0.0, 1.0], "right_foot_pose": [1.0, -5.576960577650669e-12, -9.298134484581052e-11, 1.418226300246003e-11, 1.846954558767346e-12, 0.9991969471807586, -0.040068201165667845, -0.1400000000104854, 9.313013087411429e-11, 0.0400682011656677, 0.9991969471807586, 1.721405656907038e-10, 0.0, 0.0, 0.0, 1.0]}, {"left_foot_pose": [1.0000000000000002, -4.388534033389923e-12, -1.216285960836671e-10, 2.0128903681447505e-11, 1.4684797082815146e-12, 0.9997119503051014, -0.024000342021962495, 1.9605737172634363e-11, 1.2169850239005322e-10, 0.024000342021962315, 0.9997119503051015, 2.4528033076842704e-10, 0.0, 0.0, 0.0, 1.0], "right_foot_pose": [1.0, -8.925064434693599e-12, -1.2312489916510567e-10, 1.900724719869795e-11, 2.9426279566230328e-12, 0.9988230088694376, -0.048503576703200414, -0.14000000001126528, 1.2341271478627391e-10, 0.04850357670320026, 0.9988230088694376, 2.286272005047607e-10, 0.0, 0.0, 0.0, 1.0]}, {"left_foot_pose": [1.0000000000000004, -7.954306117448522e-12, -1.5780188267200388e-10, 2.6151581579394307e-11, 2.6455216425227913e-12, 0.9994348315487591, -0.03361573273192657, 2.8720022887673835e-11, 1.579797432222858e-10, 0.033615732731926404, 0.9994348315487596, 3.201083426107587e-10, 0.0, 0.0, 0.0, 1.0], "right_foot_pose": [1.0, -1.3901393058314246e-11, -1.601563326403265e-10, 2.503897306636964e-11, 4.564234179671577e-12, 0.9983076373374513, -0.05815377230856278, -0.1400000000110377, 1.606936573029702e-10, 0.058153772308562626, 0.9983076373374514, 2.981106403399103e-10, 0.0, 0.0, 0.0, 1.0]}, {"left_foot_pose": [1.0000000000000004, -1.3489171139177957e-11, -2.023845535603639e-10, 3.3647695945391516e-11, 4.465075716786901e-12, 0.9990082954842435, -0.04452443771309347, 4.129377915995658e-11, 2.0278417913737132e-10, 0.04452443771309331, 0.9990082954842435, 4.138393794317352e-10, 0.0, 0.0, 0.0, 1.0], "right_foot_pose": [0.9999999999999998, -2.1227803095413163e-11, -2.060198678321966e-10, 3.2660258335602155e-11, 6.938712704508524e-12, 0.9976089220599867, -0.06911178355614465, -0.14000000000919743, 2.0699412037541727e-10, 0.06911178355614452, 0.9976089220599865, 3.8434884441773676e-10, 0.0, 0.0, 0.0, 1.0]}, {"left_foot_pose": [1.0000000000000004, -2.18758309709021e-11, -2.574673252375699e-10, 4.303831257567633e-11, 7.2073350232181405e-12, 0.9983835128897699, -0.05683626650197825, 5.85504943140247e-11, 2.582938990762768e-10, 0.05683626650197806, 0.9983835128897698, 5.319711476881039e-10, 0.0, 0.0, 0.0, 1.0], "right_foot_pose": [1.0, -3.191563349835238e-11, -2.6299001865126555e-10, 4.235108075152613e-11, 1.0378039012117475e-11, 0.9966740190383554, -0.08149171598347837, -0.14000000000483534, 2.647161836866389e-10, 0.08149171598347822, 0.9966740190383555, 4.918576587686907e-10, 0.0, 0.0, 0.0, 1.0]}, {"left_foot_pose": [1.0000000000000002, -3.428506593742355e-11, -3.249464031185306e-10, 5.476662096155539e-11, 1.123553317039729e-11, 0.9974997079299167, -0.07067059275067554, 8.190406512731396e-11, 3.265565440672522e-10, 0.07067059275067539, 0.9974997079299167, 6.803599142402028e-10, 0.0, 0.0, 0.0, 1.0], "right_foot_pose": [0.9999999999999998, -4.7287716958285275e-11, -3.332070175332544e-10, 5.463405099634429e-11, 1.527801370885525e-11, 0.9954372768628859, -0.09541817348808557, -0.1399999999966577, 3.3619869982304977e-10, 0.09541817348808544, 0.9954372768628859, 6.251494391595891e-10, 0.0, 0.0, 0.0, 1.0]}, {"left_foot_pose": [1.0000000000000004, -5.20368589079699e-11, -4.0523068234321525e-10, 6.911033062393771e-11, 1.6940429689237244e-11, 0.9962837192310493, -0.08613217050062513, 1.1251096929121296e-10, 4.082065521044227e-10, 0.08613217050062497, 0.9962837192310495, 8.628179004599446e-10, 0.0, 0.0, 0.0, 1.0], "right_foot_pose": [0.9999999999999998, -6.879856797450341e-11, -4.1734815603433576e-10, 6.987363931048801e-11, 2.204700352432765e-11, 0.9938201837429427, -0.11100199270798639, -0.13999999998304605, 4.224056210368499e-10, 0.11100199270798622, 0.9938201837429427, 7.864077861130525e-10, 0.0, 0.0, 0.0, 1.0]}, {"left_foot_pose": [1.0000000000000004, -7.589958264457131e-11, -4.938566777745721e-10, 8.562795760836805e-11, 2.4500918592088334e-11, 0.9946548848118681, -0.10325531521374688, 1.4985688384649976e-10, 4.990537197911283e-10, 0.10325531521374666, 0.9946548848118683, 1.073962051234556e-09, 0.0, 0.0, 0.0, 1.0], "right_foot_pose": [0.9999999999999998, -9.71889749062364e-11, -5.110959433451962e-10, 8.766816126644745e-11, 3.0820676468230296e-11, 0.9917374985782573, -0.12828380222670702, -0.13999999996263632, 5.193407554630604e-10, 0.1282838022267069, 0.9917374985782573, 9.68989125049724e-10, 0.0, 0.0, 0.0, 1.0]}, {"left_foot_pose": [1.0000000000000004, -1.0375745995644004e-10, -5.73125213954027e-10, 1.0165299968554427e-10, 3.3133963152095515e-11, 0.9925452981665274, -0.12187629419834038, 1.8795650105762896e-10, 5.814980129488754e-10, 0.12187629419834017, 0.9925452981665276, 1.2796050191665742e-09, 0.0, 0.0, 0.0, 1.0], "right_foot_pose": [1.0, -1.2971817245984237e-10, -5.962757509969655e-10, 1.0517594439686172e-10, 4.059227413517727e-11, 0.9891209737771878, -0.1471043821035525, -0.13999999993644544, 6.088707178019954e-10, 0.14710438210355234, 0.9891209737771879, 1.140371540253593e-09, 0.0, 0.0, 0.0, 1.0]}, {"left_foot_pose": [1.0000000000000002, -1.2455354393390305e-10, -5.947147219131898e-10, 1.0882403246100038e-10, 3.924541963729026e-11, 0.9899608496904369, -0.14134184122257956, 2.0715499107759605e-10, 6.063487734981566e-10, 0.1413418412225794, 0.989960849690437, 1.371465649380177e-09, 0.0, 0.0, 0.0, 1.0], "right_foot_pose": [1.0, -1.5303417033157864e-10, -6.221815285201151e-10, 1.1326516064986396e-10, 4.710548545138409e-11, 0.9859894500929486, -0.16680768658969253, -0.13999999991356443, 6.389917112646837e-10, 0.1668076865896924, 0.9859894500929485, 1.2044342190264956e-09, 0.0, 0.0, 0.0, 1.0]}, {"left_foot_pose": [0.9999999964305513, 8.334699063603201e-05, -1.3862819231548691e-05, 1.6986826568456804e-10, -8.449127661816348e-05, 0.987120219007651, -0.1599802052990065, -6.469926417437821e-06, 3.504004826180539e-07, 0.1599802058992524, 0.9871202225262691, 0.00016386118516751452, 0.0, 0.0, 0.0, 1.0], "right_foot_pose": [0.9999999999999998, -1.36791563843993e-10, -5.012409931559594e-10, 5.1488736203936225e-11, 4.1392015177173814e-11, 0.9826280459330605, -0.18558589209790632, -0.1399999999788529, 5.179198593268348e-10, 0.18558589209790619, 0.9826280459330603, 9.390795710495503e-10, 0.0, 0.0, 0.0, 1.0]}, {"left_foot_pose": [0.9999971540234774, 0.002347044699451917, -0.00042816600203697904, 2.269773530857045e-09, -0.0023857789174630125, 0.9839096863383946, -0.17865060086224158, -0.000182705178364162, 1.9757309571242893e-06, 0.17865111393624628, 0.9839124856842889, 0.004191209084121593, 0.0, 0.0, 0.0, 1.0], "right_foot_pose": [1.0, -9.567594319911774e-11, -3.125656400371207e-10, -9.361287485505297e-11, 3.0773698379506164e-11, 0.9795146065085167, -0.20137312540770133, -0.14000000015857936, 3.2542905087018717e-10, 0.20137312540770116, 0.9795146065085167, 5.23006589425723e-10, 0.0, 0.0, 0.0, 1.0]}, {"left_foot_pose": [0.9999726244674677, 0.007254328243404796, -0.001457750795788776, 4.519337016433995e-09, -0.00739934475666054, 0.9804696940693439, -0.19653098663757934, -0.0005666530003711548, 3.580189706996282e-06, 0.19653639289786806, 0.9804965304649877, 0.011469802062326673, 0.0, 0.0, 0.0, 1.0], "right_foot_pose": [0.9999999999999998, -4.380192154169331e-11, -1.0865247590530177e-10, -1.4383148748827086e-10, 1.9646426496916322e-11, 0.9770384931585026, -0.21306286134979763, -0.1400000001643198, 1.1549010256560476e-10, 0.21306286134979754, 0.9770384931585024, 2.2780716202319695e-10, 0.0, 0.0, 0.0, 1.0]}, {"left_foot_pose": [0.9998942499065314, 0.014216306207381497, -0.0030635994635925742, 4.525536963727837e-09, -0.014542660660966352, 0.9775274034585234, -0.21030617325351617, -0.0011137266157377028, 4.975472607741069e-06, 0.21032848624343753, 0.9776307727612659, 0.019120926100236732, 0.0, 0.0, 0.0, 1.0], "right_foot_pose": [0.9999999999999998, -1.7349484410730681e-12, 5.0599413548013685e-11, -1.1818696950681574e-10, 1.2827170340341244e-11, 0.9754872338937951, -0.22005603038824517, -0.14000000005803334, -4.897754417743103e-11, 0.22005603038824503, 0.9754872338937952, 5.473366204711283e-11, 0.0, 0.0, 0.0, 1.0]}, {"left_foot_pose": [0.9997300833545818, 0.02268748955783699, -0.005003823878292552, 1.5315712332273149e-09, -0.02323274415946272, 0.9763217059820819, -0.21507246692001153, -0.001779343999802785, 5.8875178623309685e-06, 0.21513066784120166, 0.9765852731428716, 0.024265877267819057, 0.0, 0.0, 0.0, 1.0], "right_foot_pose": [1.0, 1.4754688250938715e-11, 1.2865675191875418e-10, -1.6077718718995242e-11, 1.417141551972103e-11, 0.9750534744162441, -0.2219700926449571, -0.13999999995007437, -1.2872245776708257e-10, 0.22197009264495696, 0.9750534744162443, 9.775819043156275e-12, 0.0, 0.0, 0.0, 1.0]}, {"left_foot_pose": [0.9994591013331255, 0.03217260489950616, -0.006813828319103817, -1.9611697704181863e-10, -0.03288623915062547, 0.9778089951148969, -0.20690109798385362, -0.002518924708089624, 6.075342879566926e-06, 0.2070132666434124, 0.978338135511805, 0.025000000571163854, 0.0, 0.0, 0.0, 1.0], "right_foot_pose": [0.9999999999999998, -3.0728034533086634e-12, 1.0385531323819921e-10, 1.3965209892179618e-10, 2.5697147132644518e-11, 0.9758237254894494, -0.21855904641970722, -0.13999999992904277, -1.0067309600437229e-10, 0.21855904641970714, 0.9758237254894493, 1.2494116158334734e-10, 0.0, 0.0, 0.0, 1.0]}, {"left_foot_pose": [0.9990785198025801, 0.042122937166688454, -0.008232219235276634, -2.4006509811731053e-10, -0.042919823355713364, 0.9805541145594472, -0.1914980866318356, -0.0032878795211568473, 5.674572371744486e-06, 0.19167495033256385, 0.9814584623828, 0.02500000106126088, 0.0, 0.0, 0.0, 1.0], "right_foot_pose": [0.9999999999999998, -5.208842882395151e-11, -2.243277785751698e-11, 2.999779931158588e-10, 4.621344558269482e-11, 0.977683967331945, -0.2100810796384783, -0.1399999998971107, 3.287471351389897e-11, 0.2100810796384781, 0.9776839673319448, 3.915509583229948e-10, 0.0, 0.0, 0.0, 1.0]}, {"left_foot_pose": [0.9986077128958472, 0.05198024954870661, -0.008982727969849539, -6.208829243922395e-10, -0.05275069404269046, 0.984038110599432, -0.16995988104819146, -0.004041623782485404, 4.7896293256319554e-06, 0.17019709323239068, 0.9854100412682557, 0.024910270395976528, 0.0, 0.0, 0.0, 1.0], "right_foot_pose": [0.9999999999999999, -1.2988266104303632e-10, -2.641983298801157e-10, 4.688999320547327e-10, 7.545553718088617e-11, 0.9805176250492399, -0.19643112525208137, -0.13999999990585146, 2.845639674731196e-10, 0.1964311252520812, 0.9805176250492396, 8.24564569401609e-10, 0.0, 0.0, 0.0, 1.0]}, {"left_foot_pose": [0.9980887311483996, 0.061197736962931355, -0.008586136802722796, 5.44414104292415e-10, -0.06179712568203158, 0.9884157627206257, -0.1386196063435611, -0.004735577545976484, 3.4667497683659935e-06, 0.13888526558285616, 0.9903084787034606, 0.021163833463343856, 0.0, 0.0, 0.0, 1.0], "right_foot_pose": [0.9999999999999998, -2.2980930065787713e-10, -6.460688650733445e-10, 6.509059361816682e-10, 1.1177101180144074e-10, 0.9841962743246708, -0.1770810368318347, -0.14000000019135794, 6.765531577824364e-10, 0.17708103683183457, 0.9841962743246706, 1.466329543897693e-09, 0.0, 0.0, 0.0, 1.0]}, {"left_foot_pose": [0.9975834247107476, 0.0691233357523006, -0.00701962939563432, 2.7832786268864457e-09, -0.06947885101427889, 0.9924818536777931, -0.10075941336683143, -0.005325145833185389, 2.0280343496870503e-06, 0.10100363644328406, 0.9948860565015077, 0.013996812323837225, 0.0, 0.0, 0.0, 1.0], "right_foot_pose": [0.9999999999999999, -3.1736930889139723e-10, -1.1252705434117142e-09, 7.570636829336659e-10, 1.427569948572847e-10, 0.9883957393846939, -0.15190083069616295, -0.14000000043568298, 1.1604211826300817e-09, 0.1519008306961628, 0.9883957393846937, 2.3025918255425992e-09, 0.0, 0.0, 0.0, 1.0]}, {"left_foot_pose": [0.9971671926185133, 0.07507465554742357, -0.004624506433131336, 2.7767761191527934e-09, -0.07521695264117857, 0.9952814080584748, -0.06129705383226345, -0.005765740394623624, 8.300718132328482e-07, 0.06147125236707346, 0.998108854349933, 0.006287910965246925, 0.0, 0.0, 0.0, 1.0], "right_foot_pose": [1.0, -3.581716583993446e-10, -1.654904380199438e-09, 7.352978560140794e-10, 1.5504566029368657e-10, 0.9926344868318094, -0.12114774266221578, -0.14000000051205186, 1.6861067561134778e-09, 0.12114774266221556, 0.9926344868318092, 3.2287889861759567e-09, 0.0, 0.0, 0.0, 1.0]}, {"left_foot_pose": [0.9969193677183273, 0.07841373456693594, -0.0017494282944117232, 9.272146656155375e-10, -0.07843324721109839, 0.9966713873093915, -0.02223446537915136, -0.0060127768116184695, 1.1765871077510222e-07, 0.02230318250923211, 0.9997512530874604, 0.000915837637726874, 0.0, 0.0, 0.0, 1.0], "right_foot_pose": [1.0000000000000002, -3.1537747650904526e-10, -2.119636077768659e-09, 5.468555418519428e-10, 1.3287027141876658e-10, 0.9963332302653867, -0.08555754945614202, -0.1400000003155666, 2.138846520124441e-09, 0.08555754945614187, 0.9963332302653868, 4.026283646763051e-09, 0.0, 0.0, 0.0, 1.0]}, {"left_foot_pose": [0.9968811225797233, 0.0789066523500949, 0.0013295334116510229, 2.80948308454404e-10, -0.07891785250620657, 0.9967396430229852, 0.016794540250381053, -0.00604999973673739, 2.2908000478508094e-09, -0.016847084059693127, 0.9998580778083891, 4.428759421692963e-09, 0.0, 0.0, 0.0, 1.0], "right_foot_pose": [1.0, -1.7866656647765936e-10, -2.321414838135637e-09, 3.8495157427817173e-10, 6.959228690574521e-11, 0.9988995211848194, -0.04690145601938684, -0.14000000014823785, 2.327239874914346e-09, 0.046901456019386695, 0.9988995211848193, 4.377361070839747e-09, 0.0, 0.0, 0.0, 1.0]}, {"left_foot_pose": [0.9968811225766349, 0.07879586568330983, 0.004386228626865593, 3.097697009925987e-10, -0.07891785254522125, 0.9953401972048647, 0.05540635683594935, -0.0060499999123681866, 2.1847966211548653e-09, -0.05557970294450755, 0.9984542536444028, 4.176841150727029e-09, 0.0, 0.0, 0.0, 1.0], "right_foot_pose": [0.9999999999999999, -4.1351592224238815e-11, -2.1882121670202533e-09, 3.731245328029113e-10, 2.395017416262115e-11, 0.9999683841045103, -0.007951779135169885, -0.14000000030245185, 2.1884716509635067e-09, 0.007951779135169732, 0.9999683841045104, 4.209169374158606e-09, 0.0, 0.0, 0.0, 1.0]}, {"left_foot_pose": [0.9968811225753988, 0.07858518963687293, 0.007238468246124165, 2.8343270493200873e-10, -0.07891785256083302, 0.9926789611956405, 0.09143551031591347, -0.006049999988072012, 1.7785100886522559e-09, -0.0917215785367963, 0.9957846916029184, 3.3742651520118905e-09, 0.0, 0.0, 0.0, 1.0], "right_foot_pose": [0.999999999953626, 9.626281335956865e-06, 2.8703982229977147e-07, -3.269338471895397e-06, -9.630550973467431e-06, 0.9995954094553068, 0.028443229477854454, -0.13999708828374272, -1.3121159779665269e-08, -0.02844322947929994, 0.9995954095016583, 3.7402483350629234e-05, 0.0, 0.0, 0.0, 1.0]}, {"left_foot_pose": [0.9968811225760142, 0.07831880918421323, 0.00970523464697392, 1.9350130807567478e-10, -0.07891785255305661, 0.9893140745020512, 0.12259540994900678, -0.006049999670085828, 1.286060139703898e-09, -0.12297896616949534, 0.9924092774051859, 2.3283386954564556e-09, 0.0, 0.0, 0.0, 1.0], "right_foot_pose": [0.9999995092940317, 0.000988901353572782, 5.904073493844754e-05, -0.00033633296917165927, -0.0009906622052327178, 0.998240076997284, 0.05929390579858755, -0.13970052437552372, -3.0100408819872056e-07, -0.05929393519213892, 0.9982405668221158, 0.0034929900858525, 0.0, 0.0, 0.0, 1.0]}, {"left_foot_pose": [0.9968811225776242, 0.07804183520247912, 0.011726014097094232, 1.2320251779494515e-10, -0.07891785253271982, 0.9858153721099545, 0.14812165494395654, -0.006049999616970697, 8.345612120645314e-10, -0.1485850735098981, 0.9888996288451419, 1.4551540389318163e-09, 0.0, 0.0, 0.0, 1.0], "right_foot_pose": [0.9999943041725612, 0.003362951471526841, 0.000286670254992105, -0.0011458760093182587, -0.003375147682776215, 0.9963994793933892, 0.08471532236084992, -0.13897970989921032, -7.445748376425347e-07, -0.08471580739143936, 0.9964051545317608, 0.010538497368811385, 0.0, 0.0, 0.0, 1.0]}, {"left_foot_pose": [0.9968811225794928, 0.07779170666255977, 0.013284495443103126, 6.283525219238917e-11, -0.07891785250912194, 0.9826557783930672, 0.16780820524058015, -0.006049999735721908, 4.674439002550571e-10, -0.16833321587031644, 0.9857301499065344, 7.919551195390007e-10, 0.0, 0.0, 0.0, 1.0], "right_foot_pose": [0.9999764066110943, 0.00683164350772372, 0.0007175431325594575, -0.002332145050416551, -0.006869222641072721, 0.9945242955162507, 0.10427962125081114, -0.13792346627233804, -1.2128809052652926e-06, -0.10428208990468427, 0.9945477593980293, 0.018295207859390948, 0.0, 0.0, 0.0, 1.0]}, {"left_foot_pose": [0.9968811225811185, 0.07759721673623622, 0.014377044070298176, 2.52700522182861e-11, -0.07891785248858255, 0.9801990050859755, 0.18160914896297234, -0.006049999919534779, 1.9957930908360894e-10, -0.18217733773237116, 0.9832656902469173, 3.426751937762873e-10, 0.0, 0.0, 0.0, 1.0], "right_foot_pose": [0.9999375134438019, 0.011103769386564233, 0.0012944161757673948, -0.003795386040744986, -0.011178962624113097, 0.9932278922678578, 0.11564335180111913, -0.1366206129887199, -1.573140486103121e-06, -0.11565059587636696, 0.9932899575003097, 0.02388441662155763, 0.0, 0.0, 0.0, 1.0]}, {"left_foot_pose": [0.996881122582139, 0.07747845443316098, 0.015003884097905, 1.4673138246969197e-11, -0.0789178524756897, 0.9786988140153896, 0.18952731730675565, -0.006050000000488044, 4.554649870312807e-11, -0.19012027914854077, 0.9817608056224703, 1.0535076977458147e-10, 0.0, 0.0, 0.0, 1.0], "right_foot_pose": [0.9998718254881951, 0.015901928033999195, 0.0018604514788377268, -0.005435840229426209, -0.01601039012610071, 0.9931105899128954, 0.11608196936161333, -0.135159967417079, -1.7069428195428201e-06, -0.1160968771658481, 0.993237894519447, 0.02500000031313429, 0.0, 0.0, 0.0, 1.0]}, {"left_foot_pose": [0.99688112258245, 0.0774397635822399, 0.015202317424733009, -4.084694605124839e-12, -0.07891785247176653, 0.9782100758498494, 0.19203390343133991, -0.006049999996597166, 3.5590007344850914e-13, -0.192634707470278, 0.9812705383724927, 1.5022150190446837e-11, 0.0, 0.0, 0.0, 1.0], "right_foot_pose": [0.9997780128468275, 0.020944214739667667, 0.0022945363337838623, -0.007153749528542287, -0.021069528362220445, 0.9938401050283415, 0.1088022086717392, -0.13363035343069588, -1.6254083880961214e-06, -0.10882640077754024, 0.9940607700191995, 0.025000000532515658, 0.0, 0.0, 0.0, 1.0]}, {"left_foot_pose": [0.9968811225821185, 0.0774812232367028, 0.014989579218921982, -5.425114676070597e-12, -0.07891785247595164, 0.9787337892103171, 0.18934661977072437, -0.0060500000051425295, 4.796645364108346e-11, -0.18993901627564486, 0.9817958902420818, 9.739209438919261e-11, 0.0, 0.0, 0.0, 1.0], "right_foot_pose": [0.99966031633413, 0.025943227693470548, 0.002490157342844171, -0.008849360681993483, -0.026062462371819566, 0.9950919156769606, 0.09546113035929434, -0.13212059360470374, -1.3655998407296464e-06, -0.09549360340463373, 0.9954300436027304, 0.024992550855941723, 0.0, 0.0, 0.0, 1.0]}, {"left_foot_pose": [0.9968811225810982, 0.0776027837808119, 0.01434696451933, 7.015080183414568e-11, -0.07891785248884003, 0.9802693273409266, 0.18122918758609974, -0.0060499998635070995, 2.0026809525654132e-10, -0.18179618759489072, 0.9833362325145781, 3.9651332911505577e-10, 0.0, 0.0, 0.0, 1.0], "right_foot_pose": [0.9995287849098672, 0.03060918136194482, 0.002299163534057856, -0.010422917332115504, -0.030695409032744893, 0.9967233056883711, 0.07483611268604486, -0.1307195050843875, -9.57732354180519e-07, -0.07487142254557153, 0.9971931959681058, 0.021837793332165185, 0.0, 0.0, 0.0, 1.0]}, {"left_foot_pose": [0.996881122579683, 0.07779340689991039, 0.013274535290436606, 1.4772152305640024e-10, -0.07891785250671762, 0.9826772556986823, 0.16768238932051077, -0.006049999706114096, 4.324776494001794e-10, -0.16820700632082017, 0.9857516944061466, 8.39264144292251e-10, 0.0, 0.0, 0.0, 1.0], "right_foot_pose": [0.9993986493433838, 0.03463283194962949, 0.001704887611595482, -0.011774661901697785, -0.03467477022789443, 0.9981906271802315, 0.04912364114332824, -0.1295159163844401, -5.120258197959416e-07, -0.049153217195667946, 0.9987912500813441, 0.01492378023313129, 0.0, 0.0, 0.0, 1.0]}, {"left_foot_pose": [0.9968811225779197, 0.07802983110481371, 0.011805630247514026, 3.382681752436313e-10, -0.07891785252898566, 0.9856637380685577, 0.1491273549987793, -0.006049999693665528, 6.836419804198354e-10, -0.14959392004514424, 0.9887475203941237, 1.3529106585030704e-09, 0.0, 0.0, 0.0, 1.0], "right_foot_pose": [0.9992888335090117, 0.037697964771055296, 0.0008310693827453515, -0.012804842927973618, -0.03770712431588748, 0.9990461855679301, 0.022020260625046098, -0.12859865117568478, -1.5768748190597847e-07, -0.02203593779009721, 0.9997571792418827, 0.007129215400874536, 0.0, 0.0, 0.0, 1.0]}, {"left_foot_pose": [0.9968811225773634, 0.07828086697157895, 0.01000666353359464, 2.5396533617425e-10, -0.07891785253601724, 0.9888347936046585, 0.126403020169365, -0.006049999834937205, 9.367702267377695e-10, -0.12679848904072755, 0.9919284970082217, 1.778003633212677e-09, 0.0, 0.0, 0.0, 1.0], "right_foot_pose": [0.9992196038963529, 0.03949872294552004, -0.00018459384767093788, -0.013413705023850146, -0.03949915428481066, 0.9992086941359405, -0.004669301225355265, -0.12805653039260267, 1.634202722314042e-08, 0.004672948621741273, 0.9999890817159848, 0.0013328057554150424, 0.0, 0.0, 0.0, 1.0]}, {"left_foot_pose": [0.9968811225790362, 0.07850943555870539, 0.008018477025899468, -2.9962870856312107e-10, -0.07891785251488627, 0.9917220458503021, 0.10128848073167461, -0.006049999982446871, 1.0101136988534231e-09, -0.10160537536344094, 0.994824782410076, 1.9122579630881376e-09, 0.0, 0.0, 0.0, 1.0], "right_foot_pose": [0.999205275681809, 0.03984141672664061, -0.0012159616993077597, -0.013536302464810756, -0.03985996800851723, 0.9987402349537207, -0.03048156877436535, -0.12794737607481907, 9.892400538240066e-10, 0.030505812524837597, 0.9995345893975854, 2.0277839893334537e-09, 0.0, 0.0, 0.0, 1.0]}, {"left_foot_pose": [0.9968811225804133, 0.07868845645658419, 0.006012841532607332, -7.279081296052148e-10, -0.07891785249749225, 0.9939834177464673, 0.07595352396194059, -0.006049999906690416, 7.860541265443191e-10, -0.07619115477227886, 0.99709322930931, 1.741902851126742e-09, 0.0, 0.0, 0.0, 1.0], "right_foot_pose": [0.9992052756821329, 0.03979751656302906, -0.0022304090226046265, -0.013536302864821291, -0.03985996800039711, 0.9976397510347095, -0.055911627649446904, -0.12794737587275298, 7.745716946103808e-10, 0.055956097351571026, 0.9984332302007891, 1.915372929706116e-09, 0.0, 0.0, 0.0, 1.0]}, {"left_foot_pose": [0.9968811225809626, 0.07880591944727867, 0.004201726048849987, 1.0455015976226778e-10, -0.0789178524905519, 0.9954671969710158, 0.05307572244397024, -0.006049999963420941, 6.552366658407831e-10, -0.053241776968269636, 0.9985816507353129, 1.2723811448900335e-09, 0.0, 0.0, 0.0, 1.0], "right_foot_pose": [0.9992052756822195, 0.039736196480862504, -0.0031387478481195168, -0.013536302025518858, -0.03985996799822821, 0.9961025862354963, -0.07868176819401028, -0.1279473761053116, 6.48633831382754e-10, 0.07874434826824091, 0.9968948428073093, 1.296160193064999e-09, 0.0, 0.0, 0.0, 1.0]}, {"left_foot_pose": [0.9970981962048492, 0.0760996049918979, 0.0020092897038237936, -0.00031479971573647155, -0.07612612642750619, 0.9967506719083052, 0.026323201277316195, -0.0045833596557626685, 4.2435698095744335e-07, -0.026399775953972096, 0.9996514651764391, 0.002844459695851363, 0.0, 0.0, 0.0, 1.0], "right_foot_pose": [0.9992052756821629, 0.03967117090784987, -0.0038749513200435656, -0.013536301883183716, -0.039859967999642615, 0.9944725319092901, -0.0971368427991863, -0.12794737637445525, 3.5813322771213227e-10, 0.09721410122367281, 0.9952634920076561, 7.575091040545878e-10, 0.0, 0.0, 0.0, 1.0]}, {"left_foot_pose": [0.9976653183444983, 0.06828698333928404, -0.0008946949154860613, -0.0011977421445910489, -0.06829284422557277, 0.9975796237064807, -0.013076000658419918, -0.00046974454044235517, -3.9122198367773745e-07, 0.013106573620047891, 0.9999141051749345, 0.009617040267555943, 0.0, 0.0, 0.0, 1.0], "right_foot_pose": [0.9992052756819118, 0.03961384371410724, -0.004422718126760433, -0.013536301852858326, -0.03985996800593899, 0.9930354592750248, -0.1108682081257124, -0.12794737637956824, 5.669604684139488e-11, 0.11095638786764381, 0.9938252763898516, 3.6421268084785297e-10, 0.0, 0.0, 0.0, 1.0]}, {"left_foot_pose": [0.9984059488256373, 0.05632270323329042, -0.0036488971037940605, -0.002532779350238101, -0.056440777305957236, 0.9963143218838539, -0.06459265179737161, 0.005750177829829511, -2.584314644302465e-06, 0.06469563439376623, 0.9979050430194801, 0.017439494973543967, 0.0, 0.0, 0.0, 1.0], "right_foot_pose": [0.9992052756817487, 0.039575772120483126, -0.0047513483168340545, -0.01353630195913916, -0.03985996801002586, 0.9920810839868235, -0.11910627920378118, -0.12794737623354632, -1.7532405081486727e-10, 0.11920101113915485, 0.9928701420343967, 1.1108031855444622e-10, 0.0, 0.0, 0.0, 1.0]}, {"left_foot_pose": [0.9991345665942793, 0.041273616984877214, -0.00515813701334598, -0.0042038153846554824, -0.041594684781563904, 0.9914047825543452, -0.12404208691526811, 0.013535518707328612, -5.863881244108812e-06, 0.12414928783266632, 0.9922635508252119, 0.023433119231914365, 0.0, 0.0, 0.0, 1.0], "right_foot_pose": [0.9992052756819516, 0.039565406075628466, -0.004836909284378252, -0.013536302184566154, -0.039859968004937914, 0.991821228924628, -0.12125111465502489, -0.12794737607718176, -2.778198187905637e-10, 0.12134755249493605, 0.992610080295122, 2.226649420400406e-11, 0.0, 0.0, 0.0, 1.0]}, {"left_foot_pose": [0.9996928322047031, 0.024374345424448156, -0.004486928088309311, -0.006094751530817188, -0.024783888943086942, 0.9831048914723507, -0.1813574680348051, 0.022345377524714088, -9.348619882129411e-06, 0.18141296438862423, 0.9834070043803512, 0.02500000837460871, 0.0, 0.0, 0.0, 1.0], "right_foot_pose": [0.9992052756826854, 0.0395868016369303, -0.004658560297623691, -0.013536302466827688, -0.03985996798654331, 0.992357571191086, -0.11678028023532377, -0.12794737604654113, -2.0658401338418045e-10, 0.11687316217116447, 0.9931468491437271, 1.8392008749312794e-10, 0.0, 0.0, 0.0, 1.0]}, {"left_foot_pose": [0.9999751997527305, 0.006854288205438675, -0.0016182128056531795, -0.008089490099609183, -0.00704270757821543, 0.9728202537313977, -0.23145443223223833, 0.03163884904132776, -1.222519275913754e-05, 0.2314600887046766, 0.9728444002960439, 0.025000006769179087, 0.0, 0.0, 0.0, 1.0], "right_foot_pose": [0.999205275683877, 0.039637376619814424, -0.004206592469640624, -0.013536302731163952, -0.03985996795666854, 0.9936253807796341, -0.10545039414350567, -0.12794737599893743, 5.705731421043616e-11, 0.10553426479218159, 0.9944156670903639, 6.380022066210245e-10, 0.0, 0.0, 0.0, 1.0]}, {"left_foot_pose": [0.9999439105746991, -0.01018823630591921, 0.0028940534814899904, -0.010071935534805697, 0.010591294149537958, 0.9622470567139189, -0.271971370430123, 0.04087504924515471, -1.3885854149966595e-05, 0.27198676748396394, 0.9623009914370907, 0.025000004272880703, 0.0, 0.0, 0.0, 1.0], "right_foot_pose": [0.9992052756852569, 0.0397091476503011, -0.003464193360124724, -0.01353630294355067, -0.039859967922086174, 0.9954245309391104, -0.08684000323527404, -0.12794737598339265, 5.401621266878155e-10, 0.08690907200942094, 0.9962162482124358, 1.4248697846608316e-09, 0.0, 0.0, 0.0, 1.0]}, {"left_foot_pose": [0.9996332665839931, -0.025929282336892744, 0.007810547747118357, -0.011925990008442057, 0.027080106386034055, 0.9572931866393362, -0.2878479158375599, 0.049513084708850914, -1.3294262399663934e-05, 0.2879538628520193, 0.9576442829630758, 0.022459724815664252, 0.0, 0.0, 0.0, 1.0], "right_foot_pose": [0.9992052756856373, 0.039802398628473526, -0.0021415194160921526, -0.013536302857521179, -0.0398599679125486, 0.9977621371961977, -0.053683335735466006, -0.127947376554942, 1.4607981366348814e-09, 0.05372603317849033, 0.9985557136979908, 2.933108887714919e-09, 0.0, 0.0, 0.0, 1.0]}, {"left_foot_pose": [0.9991431270523902, -0.039661960080483234, 0.011829648623103466, -0.01353555859687046, 0.04138854364542613, 0.9575376411542018, -0.28532201847694627, 0.05701205603494599, -1.0903331334388585e-05, 0.28556714568630304, 0.9583587038190324, 0.015838561649846185, 0.0, 0.0, 0.0, 1.0], "right_foot_pose": [0.9992052756845826, 0.03985385059584672, -0.0006983099459008757, -0.013536302680021125, -0.03985996793898114, 0.9990519278615143, -0.017505096174974127, -0.1279473771901239, 2.4100737066131986e-09, 0.017519019061455098, 0.999846530209074, 4.8381402009689545e-09, 0.0, 0.0, 0.0, 1.0]}, {"left_foot_pose": [0.9986216797123453, -0.050624187495779197, 0.01385396870528147, -0.01478454610906126, 0.05248562429186404, 0.9632408759322174, -0.26346209248396385, 0.0628310797721912, -7.1545828743974825e-06, 0.2638260915332817, 0.9645702635760058, 0.007998175342746938, 0.0, 0.0, 0.0, 1.0], "right_foot_pose": [0.9992052756805981, 0.03984542091160999, 0.0010767935903231928, -0.013536302242407802, -0.03985996803886714, 0.9988406074942676, 0.026993031849406792, -0.12794737775285756, 3.5518156239828202e-09, -0.027014500788636566, 0.9996350417763178, 7.293566771371385e-09, 0.0, 0.0, 0.0, 1.0]}, {"left_foot_pose": [0.9982375816674132, -0.05780530359824938, 0.013426742818338448, -0.015556855816029459, 0.059344170211676824, 0.9723632974342817, -0.22580497617328732, 0.06642926703017554, -2.9467189492528763e-06, 0.22620381225488978, 0.9740799943088212, 0.0018172758762477967, 0.0, 0.0, 0.0, 1.0], "right_foot_pose": [0.9992052756728445, 0.03973454759635232, 0.0031595561187384696, -0.013536301541256273, -0.039859968233231416, 0.9960612355744743, 0.0792035221331561, -0.1279473780759781, 4.7485010127968255e-09, -0.07926651697384471, 0.9968534592841792, 1.0009500020502493e-08, 0.0, 0.0, 0.0, 1.0]}, {"left_foot_pose": [0.9981321757113322, -0.06015899632401039, 0.010632731119085075, -0.015753665182556612, 0.06109140536739249, 0.9828981447939316, -0.17372126280592468, 0.06734621491238779, 5.119502395808557e-09, 0.174046350498756, 0.9847374613967244, 1.2390872008993803e-08, 0.0, 0.0, 0.0, 1.0], "right_foot_pose": [0.9992052756564379, 0.0394848096262842, 0.005455905893418826, -0.013536298830263117, -0.039859968644514944, 0.9898008133133782, 0.13676817196933427, -0.1279473780204115, 5.142476781603899e-09, -0.13687695121148502, 0.9905880577853989, 1.1981378937597764e-08, 0.0, 0.0, 0.0, 1.0]}, {"left_foot_pose": [0.998132175705139, -0.06068069395818781, 0.0070720013348022385, -0.0157536615377442, 0.061091405468582334, 0.9914218249184371, -0.11554481924028549, 0.06734621441958717, 3.345598289349731e-09, 0.11576104032078162, 0.993277092026113, 1.1442796668537092e-08, 0.0, 0.0, 0.0, 1.0], "right_foot_pose": [0.9992052756415828, 0.03910150278447059, 0.007738837769610277, -0.013536294945171825, -0.03985996901690077, 0.9801921121234618, 0.19399640770106608, -0.12794737769165626, 3.337125333098008e-09, -0.19415070386414432, 0.9809717142655321, 1.2988067878139109e-08, 0.0, 0.0, 0.0, 1.0]}, {"left_foot_pose": [0.9981321757229668, -0.06098768860654053, 0.003558317716238331, -0.01575366621876889, 0.061091405177308454, 0.9964376147068963, -0.05813708120205208, 0.06734621392921174, 4.5873059508903705e-09, 0.058245873979739106, 0.9983022679350864, 9.396549191520442e-09, 0.0, 0.0, 0.0, 1.0], "right_foot_pose": [0.9992052756600279, 0.03862203099045543, 0.009856764953049848, -0.013536299676738972, -0.03985996855452026, 0.9681727661110672, 0.2470884009169138, -0.12794737775867462, 4.4880941147978596e-09, -0.24728492409165848, 0.9689428085893319, 1.2485411954310521e-08, 0.0, 0.0, 0.0, 1.0]}, {"left_foot_pose": [0.9981321757359651, -0.06109035702202369, 0.00035782609116303464, -0.015753667962386076, 0.061091404964936494, 0.9981150537484446, -0.005846342459242242, 0.06734621378500702, 3.539894103083468e-09, 0.005857282617583095, 0.999982845973039, 6.811204794621162e-09, 0.0, 0.0, 0.0, 1.0], "right_foot_pose": [0.9992901310285442, 0.03604339539094712, 0.010959364837738779, -0.013514364539942718, -0.03767272237550682, 0.9560387508283926, 0.2908103727574114, -0.1268119673592314, 4.215779739688473e-06, -0.29101680460615775, 0.9567179414117039, 0.0022502995569276055, 0.0, 0.0, 0.0, 1.0]}, {"left_foot_pose": [0.9981321757407928, -0.06104672124151871, -0.0023361456744768693, -0.015753668410908184, 0.06109140488605661, 0.9974021206445142, 0.03816870423363617, 0.0673462135672306, 2.4023567644513616e-09, -0.038240130223198505, 0.9992685787317213, 4.520109363193026e-09, 0.0, 0.0, 0.0, 1.0], "right_foot_pose": [0.9995389200447434, 0.028760322490637563, 0.009736075493900938, -0.01344106309059734, -0.03036358399558742, 0.9466650109928391, 0.32078561334459993, -0.12301801185956966, 9.095675686659163e-06, -0.3209333276743986, 0.9471017891996117, 0.00871010772362573, 0.0, 0.0, 0.0, 1.0]}, {"left_foot_pose": [0.9981321757419759, -0.06092466120394042, -0.004510588185139995, -0.015753668634452444, 0.06109140486673132, 0.9954078627844861, 0.07369550161462893, 0.06734621319759403, 1.4771453343823844e-09, -0.07383340953801143, 0.9972705889757271, 2.7618876283219684e-09, 0.0, 0.0, 0.0, 1.0], "right_foot_pose": [0.9998211725378282, 0.017817115648567434, 0.006338243845732062, -0.013326236590477094, -0.018910916750782842, 0.941758465928628, 0.3357579024824318, -0.11707469871875517, 1.31425776117447e-05, -0.33581772175053964, 0.9419269916429563, 0.016558463227325383, 0.0, 0.0, 0.0, 1.0]}, {"left_foot_pose": [0.9981321757412168, -0.060777711326443246, -0.006183005420124901, -0.015753668659007795, 0.06109140487913012, 0.9930069449271395, 0.10102003551951405, 0.06734621277110657, 7.657138691089673e-10, -0.10120907633403838, 0.9948651782365346, 1.5194843716592743e-09, 0.0, 0.0, 0.0, 1.0], "right_foot_pose": [0.9999905564709661, 0.004105421854211746, 0.0014256508289616503, -0.013180238032968415, -0.004345886343729328, 0.9434762502915205, 0.3314116449489057, -0.1095177884411507, 1.5516911579558893e-05, -0.3314147109698832, 0.9434851822429298, 0.02291665775486653, 0.0, 0.0, 0.0, 1.0]}, {"left_foot_pose": [0.998132175738426, -0.06064971388974275, -0.007332936708388144, -0.015753668234181627, 0.061091404924726644, 0.9909156778967897, 0.11980801117901017, 0.06734621253691006, 3.496602670850586e-10, -0.12003221027473873, 0.9927699977822465, 6.766549473513628e-10, 0.0, 0.0, 0.0, 1.0], "right_foot_pose": [0.9999243883675719, -0.011716736675031626, -0.0037330455963862402, -0.013013417466936622, 0.012297044627205812, 0.9531189666510833, 0.30234585841947237, -0.10088303627684696, 1.552975340168157e-05, -0.3023689029838539, 0.9531909810038949, 0.025000006389175905, 0.0, 0.0, 0.0, 1.0]}, {"left_foot_pose": [0.99813217573759, -0.060559403844239135, -0.00804477242536906, -0.015753668187044708, 0.06109140493838442, 0.9894401608878437, 0.13143822984540418, 0.06734621255460083, 8.1083323213732e-11, -0.1316841927805662, 0.9912917196122097, 2.085005987306765e-10, 0.0, 0.0, 0.0, 1.0], "right_foot_pose": [0.9995504782683206, -0.028980194688277436, -0.007680475857725601, -0.012836120651754377, 0.029980680633283994, 0.9663096445779897, 0.2556302595240331, -0.0917062154067943, 1.3503207047260034e-05, -0.25574561406090446, 0.9667441133548601, 0.02500000902315646, 0.0, 0.0, 0.0, 1.0]}, {"left_foot_pose": [0.9981321757372645, -0.060518803419996756, -0.008344710336930692, -0.01575366811657262, 0.061091404943703256, 0.9887768170076164, 0.13633871933640931, 0.06734621257201383, -2.8253709754759523e-11, -0.13659385264681392, 0.990627134404818, 2.0964584235283468e-11, 0.0, 0.0, 0.0, 1.0], "right_foot_pose": [0.9988632815035573, -0.0467062877444025, -0.009521950907370466, -0.01265870184048986, 0.04766701962167642, 0.9787738876456588, 0.199322683363911, -0.08252309093217505, 1.0214304396607515e-05, -0.19954999260370912, 0.979887646798105, 0.025000010507954973, 0.0, 0.0, 0.0, 1.0]}, {"left_foot_pose": [0.9981321757374881, -0.06053142202973797, -0.008252678632223906, -0.01575366799798085, 0.06109140494004903, 0.988982984273702, 0.13483507355111368, 0.0673462126524302, 4.151503734811068e-13, -0.1350873930614587, 0.9908336874752794, 1.4248466295718742e-10, 0.0, 0.0, 0.0, 1.0], "right_foot_pose": [0.9979293171842565, -0.06372589376852268, -0.008722864642189857, -0.012491512257815524, 0.064320120214157, 0.9887231614607155, 0.13523842696055052, 