{"LoopMode": "Wrap", "FrameDuration": 0.0167, "EnableCycleOffsetPosition": true, "EnableCycleOffsetRotation": false, "Debug_info": [{"left_foot_pose": [1.0000000000000004, 7.01315658715449e-14, -4.569289391298528e-12, 7.450102775930242e-13, -2.239479444856538e-14, 0.9999461748404238, 0.01037532756135689, -1.6880941089425505e-13, 4.569296743253069e-12, -0.010375327561357058, 0.9999461748404241, 9.805239953308842e-12, 0.0, 0.0, 0.0, 1.0], "right_foot_pose": [0.9999999999999999, -1.0693635646674809e-13, -4.611921955444131e-12, 4.018626125553516e-13, 4.2103477599440846e-14, 0.9999010098544578, -0.014070198720535812, -0.1400000000013575, 4.612730229901876e-12, 0.014070198720535661, 0.9999010098544581, 7.727610218388747e-12, 0.0, 0.0, 0.0, 1.0]}, {"left_foot_pose": [1.0000000000000007, 1.236605215596011e-13, -1.0196843369669755e-11, 1.7120965140907335e-12, -3.97454012034243e-14, 0.9999664052656482, 0.008196849400727775, 2.519252167987318e-13, 1.0197205555901196e-11, -0.008196849400727946, 0.9999664052656485, 2.1142559925024784e-11, 0.0, 0.0, 0.0, 1.0], "right_foot_pose": [1.0, -2.6378032877033644e-13, -1.0269007866270384e-11, 1.0871669162522891e-12, 9.694975014900317e-14, 0.9998679735266119, -0.016249169695300707, -0.14000000000239118, 1.0271670019259083e-11, 0.016249169695300554, 0.9998679735266118, 1.8033491366864496e-11, 0.0, 0.0, 0.0, 1.0]}, {"left_foot_pose": [1.0000000000000002, 1.3642647005136984e-13, -1.792194170846529e-11, 3.0597758247477763e-12, -4.359064705568675e-14, 0.9999866791806482, 0.005161536715003207, 1.0541931910745816e-12, 1.7922112178958082e-11, -0.005161536715003379, 0.9999866791806482, 3.658028741027053e-11, 0.0, 0.0, 0.0, 1.0], "right_foot_pose": [1.0, -5.381033577313577e-13, -1.8037904503387378e-11, 2.0893163746597474e-12, 1.9019518507425707e-13, 0.9998140103160067, -0.019285869848782063, -0.14000000000357715, 1.804470515544738e-11, 0.01928586984878191, 0.9998140103160069, 3.240412799199177e-11, 0.0, 0.0, 0.0, 1.0]}, {"left_foot_pose": [1.0000000000000004, 5.068872200363249e-14, -2.764299900093193e-11, 4.7785717963787436e-12, -1.4849145381713223e-14, 0.9999991749556172, 0.0012845575447365564, 2.2912678698805422e-12, 2.7642819632169972e-11, -0.0012845575447367299, 0.9999991749556174, 5.5989719804916405e-11, 0.0, 0.0, 0.0, 1.0], "right_foot_pose": [1.0, -9.846150375580067e-13, -2.782934993561525e-11, 3.4076166018416353e-12, 3.397281157317367e-13, 0.9997316366572134, -0.023165808138059872, -0.14000000000483126, 2.7844571961496946e-11, 0.02316580813805972, 0.9997316366572135, 5.0659851313916704e-11, 0.0, 0.0, 0.0, 1.0]}, {"left_foot_pose": [1.0000000000000002, -2.0505502722298652e-13, -3.9475422930479453e-11, 6.899502654937141e-12, 7.010686630010334e-14, 0.9999941280819157, -0.0034269230644677433, 4.05974386052943e-12, 3.947540166116824e-11, 0.003426923064467569, 0.9999941280819158, 7.968171955585746e-11, 0.0, 0.0, 0.0, 1.0], "right_foot_pose": [1.0, -1.680317664759133e-12, -3.9772241056112976e-11, 5.074451292099775e-12, 5.707695321499389e-13, 0.9996112025813725, -0.027882676948637226, -0.14000000000608037, 3.9803497934843265e-11, 0.02788267694863707, 0.9996112025813726, 7.302915217000105e-11, 0.0, 0.0, 0.0, 1.0]}, {"left_foot_pose": [1.0000000000000004, -7.251855327710933e-13, -5.377409628692931e-11, 9.500537146096655e-12, 2.4242719473123397e-13, 0.999959650447089, -0.008983177485529709, 6.517161810215555e-12, 5.377818284979228e-11, 0.008983177485529535, 0.9999596504470891, 1.0846313430734611e-10, 0.0, 0.0, 0.0, 1.0], "right_foot_pose": [0.9999999999999998, -2.7348746911403236e-12, -5.4242721425623566e-11, 7.163241243047375e-12, 9.191066141661887e-13, 0.9994404654077748, -0.03344781166967709, -0.14000000000724871, 5.430373297602735e-11, 0.03344781166967694, 0.9994404654077749, 1.0020571178381843e-10, 0.0, 0.0, 0.0, 1.0]}, {"left_foot_pose": [1.0000000000000004, -1.6422203036815875e-12, -7.113987177120859e-11, 1.2710402683752335e-11, 5.457423617945723e-13, 0.9998811823764443, -0.01541496446588927, 9.901577821547214e-12, 7.115651260956058e-11, 0.015414964465889094, 0.9998811823764444, 1.436675431398804e-10, 0.0, 0.0, 0.0, 1.0], "right_foot_pose": [1.0, -4.30667230905291e-12, -7.186967687644594e-11, 9.793607452910407e-12, 1.4361928136146687e-12, 0.9992039458689259, -0.03989328966090388, -0.14000000000823748, 7.198415524692969e-11, 0.03989328966090373, 0.9992039458689259, 1.3336962090271243e-10, 0.0, 0.0, 0.0, 1.0]}, {"left_foot_pose": [1.0000000000000004, -3.148001100742981e-12, -9.241146736727042e-11, 1.6711965184191955e-11, 1.042958687991157e-12, 0.9997406417569289, -0.02277387141978099, 1.4554064550753587e-11, 9.245882389135351e-11, 0.022773871419780812, 0.999740641756929, 1.8717078581476088e-10, 0.0, 0.0, 0.0, 1.0], "right_foot_pose": [0.9999999999999998, -6.624868644133867e-12, -9.353401386746893e-11, 1.3137342436532293e-11, 2.195960100678896e-12, 0.998882037786849, -0.04727234484126667, -0.14000000000889495, 9.374243610975812e-11, 0.04727234484126651, 0.998882037786849, 1.7418407688429838e-10, 0.0, 0.0, 0.0, 1.0]}, {"left_foot_pose": [1.0000000000000007, -5.520521388343489e-12, -1.186440390377185e-10, 2.1744933418132793e-11, 1.8246994030835796e-12, 0.9995153187018018, -0.03113081560827395, 2.0943325199085372e-11, 1.187580369347746e-10, 0.03113081560827377, 0.9995153187018018, 2.4139682613943947e-10, 0.0, 0.0, 0.0, 1.0], "right_foot_pose": [1.0, -1.0017146713328788e-11, -1.2034911955893782e-10, 1.742400577952033e-11, 3.3032930693423814e-12, 0.9984498943990034, -0.05565795877158235, -0.1400000000089794, 1.207201076130085e-10, 0.05565795877158221, 0.9984498943990033, 2.2477502498174928e-10, 0.0, 0.0, 0.0, 1.0]}, {"left_foot_pose": [1.0000000000000007, -9.151340852549631e-12, -1.510052083375511e-10, 2.809730797058916e-11, 3.0175993894671393e-12, 0.9991766255303853, -0.04057180047413635, 2.9674932650047836e-11, 1.5125180568698526e-10, 0.040571800474136166, 0.9991766255303852, 3.0918002186242077e-10, 0.0, 0.0, 0.0, 1.0], "right_foot_pose": [0.9999999999999998, -1.4936063119260336e-11, -1.535661042773028e-10, 2.2936942820602002e-11, 4.901319956420477e-12, 0.9978762188980026, -0.0651387116684505, -0.14000000000811158, 1.5421280091787235e-10, 0.06513871166845034, 0.9978762188980028, 2.875669979918172e-10, 0.0, 0.0, 0.0, 1.0]}, {"left_foot_pose": [1.0000000000000004, -1.4548234063518914e-11, -1.9039531062858804e-10, 3.605053837663955e-11, 4.783577439552792e-12, 0.9986890433394005, -0.05118783755770866, 4.142339943280504e-11, 1.9089031543299892e-10, 0.05118783755770848, 0.9986890433394003, 3.930834338583544e-10, 0.0, 0.0, 0.0, 1.0], "right_foot_pose": [1.0000000000000002, -2.1950827171212204e-11, -1.9418949781524462e-10, 2.99655431510495e-11, 7.166479061842064e-12, 0.9971223750529866, -0.07580876709649788, -0.140000000005729, 1.9529454672541977e-10, 0.07580876709649773, 0.9971223750529868, 3.6460019031681057e-10, 0.0, 0.0, 0.0, 1.0]}, {"left_foot_pose": [1.0000000000000004, -2.2236455960938297e-11, -2.364358708817345e-10, 4.571084579339131e-11, 7.28492676048419e-12, 0.9980102774180988, -0.06305145650855727, 5.664409913341828e-11, 2.3736714534273575e-10, 0.06305145650855709, 0.998010277418099, 4.934081337948371e-10, 0.0, 0.0, 0.0, 1.0], "right_foot_pose": [1.0, -3.1612363227792404e-11, -2.419446865076223e-10, 3.864603002210522e-11, 1.026123016749021e-11, 0.9961430297625006, -0.0877443118132822, -0.14000000000110438, 2.4378521211458943e-10, 0.08774431181328203, 0.9961430297625001, 4.55644647012754e-10, 0.0, 0.0, 0.0, 1.0]}, {"left_foot_pose": [1.0000000000000007, -3.233158752948098e-11, -2.848737912231053e-10, 5.6535284981961845e-11, 1.0541681208960978e-11, 0.9970955114999698, -0.07616128246434992, 7.467181560583125e-11, 2.865085784748336e-10, 0.07616128246434974, 0.9970955114999701, 6.027154747512142e-10, 0.0, 0.0, 0.0, 1.0], "right_foot_pose": [0.9999999999999998, -4.3918265594624026e-11, -2.925877873316549e-10, 4.849412197866921e-11, 1.4157941958268294e-11, 0.9948917381598196, -0.10094765644299634, -0.13999999999361742, 2.9552634574253327e-10, 0.1009476564429962, 0.9948917381598196, 5.531842761641315e-10, 0.0, 0.0, 0.0, 1.0]}, {"left_foot_pose": [1.0000000000000004, -4.320179464381128e-11, -3.214110644300653e-10, 6.610975562646189e-11, 1.3997940911852395e-11, 0.9959134184378697, -0.0903131384428521, 9.131967057540713e-11, 3.2399906404273044e-10, 0.0903131384428519, 0.9959134184378697, 6.920368791907272e-10, 0.0, 0.0, 0.0, 1.0], "right_foot_pose": [0.9999999999999998, -5.668771311583071e-11, -3.314449825708717e-10, 5.718130197966168e-11, 1.8122263757866472e-11, 0.9933403735669059, -0.11521676198348951, -0.13999999998380314, 3.3576885472738225e-10, 0.1152167619834894, 0.9933403735669056, 6.301285743193219e-10, 0.0, 0.0, 0.0, 1.0]}, {"left_foot_pose": [1.0000000000000002, -4.8296397106686516e-11, -3.1019414814536984e-10, 6.756465980755615e-11, 1.5522130413183925e-11, 0.9944932109632637, -0.10480101787663147, 9.395666189515595e-11, 3.13547291696149e-10, 0.1048010178766313, 0.9944932109632639, 6.832406376777733e-10, 0.0, 0.0, 0.0, 1.0], "right_foot_pose": [0.9999999999999998, -6.17835210473525e-11, -3.212233257166016e-10, 5.7972207458533454e-11, 1.9552360099795834e-11, 0.9915347157506395, -0.1298418555832392, -0.13999999997611176, 3.2652584049314966e-10, 0.12984185558323907, 0.9915347157506392, 6.159496593327596e-10, 0.0, 0.0, 0.0, 1.0]}, {"left_foot_pose": [0.9999999941668598, -0.00010721343262141397, 1.3098148175241087e-05, -1.0692801696576922e-05, 0.00010801005883848156, 0.9929856037371118, -0.11823527013827852, 5.886325063281586e-05, -3.2986340535266236e-07, 0.11823527086332712, 0.9929856095250165, 0.00016386102940812997, 0.0, 0.0, 0.0, 1.0], "right_foot_pose": [0.9999999999999998, -4.447141797148333e-11, -2.096118834060687e-10, 6.60186173538144e-11, 1.4050924426727118e-11, 0.9897300155328922, -0.1429492789532741, -0.14000000002615373, 2.1381602023522465e-10, 0.14294927895327397, 0.9897300155328922, 3.8997794576944855e-10, 0.0, 0.0, 0.0, 1.0]}, {"left_foot_pose": [0.9999953483882854, -0.0030193661741981476, 0.0004320065963017176, -0.00030198208750830573, 0.0030501143963188593, 0.9900064038826891, -0.14098942184942903, 0.0016624075527718624, -1.9906056064956543e-06, 0.14099008369092103, 0.9900110081695385, 0.004191209112187899, 0.0, 0.0, 0.0, 1.0], "right_foot_pose": [0.9999999999999998, -1.8700831330734295e-11, -6.154343701325604e-11, 1.4237245747109987e-10, 9.066229128724773e-12, 0.9882301463531254, -0.1529744352461561, -0.14000000012117472, 6.367966253237364e-11, 0.15297443524615595, 0.9882301463531254, 1.759722992322743e-10, 0.0, 0.0, 0.0, 1.0]}, {"left_foot_pose": [0.9999552550169905, -0.009311773176876368, 0.0016669865650974062, -0.0009366039109255861, 0.009459806930623094, 0.9843832818102989, -0.17578414759363786, 0.005155995842134286, -4.091595201780454e-06, 0.17579205150600197, 0.9844273231735142, 0.011469801767387329, 0.0, 0.0, 0.0, 1.0], "right_foot_pose": [0.9999999999999999, 4.589751635302527e-12, 7.897438258908093e-11, 1.1674211141421182e-10, 8.025173393036759e-12, 0.9872795846065462, -0.15899377918373322, -0.1400000000627883, -7.86997738407302e-11, 0.15899377918373306, 0.9872795846065463, 7.33719890400053e-11, 0.0, 0.0, 0.0, 1.0]}, {"left_foot_pose": [0.9998271512652562, -0.01814186015919674, 0.004067001692544768, -0.0018408641124460067, 0.018592136755032445, 0.9756903211993512, -0.21836375516277876, 0.010133942420061078, -6.60947771717256e-06, 0.21840162551563547, 0.9758589703069003, 0.019120926512901378, 0.0, 0.0, 0.0, 1.0], "right_foot_pose": [0.9999999999999998, 9.08849338641728e-12, 1.4908835277438465e-10, -2.6234293081741613e-11, 1.490843941752021e-11, 0.9870893918697882, -0.16017032327535619, -0.13999999994128942, -1.486194431311805e-10, 0.16017032327535607, 0.987089391869788, 6.350386883013925e-11, 0.0, 0.0, 0.0, 1.0]}, {"left_foot_pose": [0.9995588222509557, -0.028668208653666538, 0.007764964447616468, -0.002941066495789965, 0.029701191497626928, 0.9648755299862469, -0.26102308491277487, 0.01619055633209532, -9.159925015378161e-06, 0.26113855603175506, 0.9653013283269358, 0.02426587943091616, 0.0, 0.0, 0.0, 1.0], "right_foot_pose": [0.9999999999999998, -1.718788154233807e-11, 1.0159606489423833e-10, -2.4813223049683245e-10, 3.281071987045455e-11, 0.9877822708048357, -0.1558402562999766, -0.13999999989010875, -9.767640371576358e-11, 0.15584025629997644, 0.9877822708048353, 1.8288800335275468e-10, 0.0, 0.0, 0.0, 1.0]}, {"left_foot_pose": [0.9991159202689563, -0.040171707977218606, 0.012394020465943156, -0.004163514258223023, 0.0420401919814853, 0.9547878259799538, -0.29430057699337564, 0.022920135882963412, -1.110301932422003e-05, 0.29456143881823177, 0.9556325437311439, 0.025000003426465835, 0.0, 0.0, 0.0, 1.0], "right_foot_pose": [1.0, -7.525065034386604e-11, -9.065787009987457e-11, -4.680220046547757e-10, 6.126188111891256e-11, 0.9893621255155263, -0.1454736560185387, -0.1399999999267284, 1.0064052119061175e-10, 0.14547365601853854, 0.9893621255155264, 5.342309788991528e-10, 0.0, 0.0, 0.0, 1.0]}, {"left_foot_pose": [0.9984939268576206, -0.0519529423271883, 0.01762866449839421, -0.005434514070237871, 0.054862353930098556, 0.9456142973838801, -0.3206301961831416, 0.029916990059255903, -1.2235102807633928e-05, 0.32111445368706, 0.9470403937972044, 0.02500000227190173, 0.0, 0.0, 0.0, 1.0], "right_foot_pose": [0.9999999999999999, -1.5462193735405693e-10, -4.4562420420390843e-10, -6.519087472341703e-10, 9.593004468461827e-11, 0.9916684456667323, -0.12881651240787106, -0.13999999990234682, 4.61829154249202e-10, 0.12881651240787095, 0.9916684456667323, 1.1539229502477433e-09, 0.0, 0.0, 0.0, 1.0]}, {"left_foot_pose": [0.997724549934753, -0.06341510400396547, 0.022896441681223043, -0.006680370352880053, 0.06742197198109741, 0.938492074903134, -0.3386545482319574, 0.036775432266097495, -1.2315663764356392e-05, 0.3394276799675847, 0.9406321544153954, 0.024910270169609963, 0.0, 0.0, 0.0, 1.0], "right_foot_pose": [1.0, -2.3537002063383084e-10, -9.986823035212907e-10, -7.730181273274918e-10, 1.2887156520090047e-10, 0.9944375275776465, -0.10532807671868856, -0.13999999999149287, 1.0179182029826381e-09, 0.1053280767186884, 0.9944375275776465, 2.085310868427115e-09, 0.0, 0.0, 0.0, 1.0]}, {"left_foot_pose": [0.9968765527658241, -0.07429548784726778, 0.026782812235915634, -0.00782738650362007, 0.07897555587993502, 0.9378488047962985, -0.3379385756548228, 0.04308976635936124, -1.0917103851536566e-05, 0.33899822982973143, 0.9407870109929911, 0.02116383347452403, 0.0, 0.0, 0.0, 1.0], "right_foot_pose": [0.9999999999999998, -2.747749389273557e-10, -1.7653067896361546e-09, -7.352005035930323e-10, 1.4275628230167385e-10, 0.9972318893519594, -0.07435427936253357, -0.14000000057989626, 1.7808507183882173e-09, 0.07435427936253343, 0.9972318893519593, 3.4615783156555224e-09, 0.0, 0.0, 0.0, 1.0]}, {"left_foot_pose": [0.9960510122849948, -0.08413949840799102, 0.0283359441997223, -0.008801870931326268, 0.08878277342943122, 0.9439879455133875, -0.31781185923057187, 0.04845430465906407, -8.259325506663582e-06, 0.31907256781658, 0.9477302867370644, 0.01399681141014348, 0.0, 0.0, 0.0, 1.0], "right_foot_pose": [1.0000000000000002, -2.0685278782217493e-10, -2.709939439515806e-09, -4.73807639599033e-10, 1.1024391322763114e-10, 0.9993660668339535, -0.03560146711632079, -0.14000000115318043, 2.715585560764075e-09, 0.035601467116320645, 0.9993660668339535, 5.33324959195447e-09, 0.0, 0.0, 0.0, 1.0]}, {"left_foot_pose": [0.9953710810890909, -0.09211461348348107, 0.027410014854500175, -0.009530129119793755, 0.09610624801230544, 0.954044473547469, -0.28383574754870233, 0.052463364326986575, -4.95301354634225e-06, 0.28515616857490944, 0.9584810689310175, 0.006287908727489161, 0.0, 0.0, 0.0, 1.0], "right_foot_pose": [0.9999999999999999, 3.760871616656874e-11, -3.763866884831657e-09, 3.2541869803637874e-11, 3.0986578364894046e-12, 0.9999415193358914, 0.010814707958558363, -0.14000000157830195, 3.764053348543139e-09, -0.01081470795855852, 0.9999415193358915, 7.58674909007162e-09, 0.0, 0.0, 0.0, 1.0]}, {"left_foot_pose": [0.9949662922980772, -0.09726044154174844, 0.02413469912226256, -0.0099384653766644, 0.10021016509328529, 0.9656829597286418, -0.23961290470612784, 0.05471125560087772, -1.6107697278584216e-06, 0.2408253055657469, 0.9705684788805843, 0.0009158383440630857, 0.0, 0.0, 0.0, 1.0], "right_foot_pose": [0.9999999999999999, 4.908855026782853e-10, -4.70544275765761e-09, 7.521067961791289e-10, -1.890527924062724e-10, 0.9979542562229005, 0.06393201456701585, -0.14000000168560295, 4.727199762759697e-09, -0.06393201456701601, 0.9979542562229006, 9.767997827259123e-09, 0.0, 0.0, 0.0, 1.0]}, {"left_foot_pose": [0.9949038343300464, -0.09900898699154739, 0.019067798254661004, -0.009999999490984512, 0.10082837118278214, 0.97695141426375, -0.18814774442625454, 0.0550500021306211, 5.1086009889049626e-09, 0.18911148739028932, 0.9819556228959809, 1.1725258063088884e-08, 0.0, 0.0, 0.0, 1.0], "right_foot_pose": [1.0, 9.310250619007025e-10, -5.015347526171615e-09, 1.2306080177874158e-09, -3.25421174407358e-10, 0.992843627944802, 0.11942164983537724, -0.14000000169068563, 5.090640312119087e-09, -0.11942164983537737, 0.9928436279448022, 1.093198037649401e-08, 0.0, 0.0, 0.0, 1.0]}, {"left_foot_pose": [0.994903834342474, -0.09991858814270144, 0.013514294440058455, -0.00999999954370284, 0.10082837106015072, 0.9859267266153017, -0.1333496506744338, 0.055050001775384425, 4.744909583347754e-09, 0.13403270305864173, 0.9909769091713464, 1.0078364337529067e-08, 0.0, 0.0, 0.0, 1.0], "right_foot_pose": [0.9999999999999996, 1.2053018521489014e-09, -4.536044040381889e-09, 1.262652749162301e-09, -3.943914971189245e-10, 0.9846244021253945, 0.17468482114714098, -0.14000000176264074, 4.676847530172354e-09, -0.17468482114714123, 0.9846244021253946, 1.089509812229883e-08, 0.0, 0.0, 0.0, 1.0]}, {"left_foot_pose": [0.9949038343578767, -0.10049204028374864, 0.00822862197488693, -0.009999999652544535, 0.10082837090817355, 0.9915851559690553, -0.0811943229655224, 0.055050001227803506, 3.769883887829725e-09, 0.08161022179503678, 0.9966643224770143, 7.626747178246518e-09, 0.0, 0.0, 0.0, 1.0], "right_foot_pose": [0.99999999984611, -1.704707073133974e-05, -4.144501501213056e-06, -5.44560373597448e-06, 1.754230682375139e-05, 0.9745395349187231, 0.2242157322149048, -0.13999283912564142, 2.1675911910611443e-07, -0.22421573225310457, 0.9745395350677967, 3.740729011716265e-05, 0.0, 0.0, 0.0, 1.0]}, {"left_foot_pose": [0.9949038343696889, -0.1007623046145223, 0.003649428073290485, -0.009999999883974153, 0.1008283707916178, 0.9942519386252664, -0.03601002892818343, 0.055050001187450244, 2.5672967371441047e-09, 0.03619448174336397, 0.9993447650792644, 5.164025949910833e-09, 0.0, 0.0, 0.0, 1.0], "right_foot_pose": [0.9999983740946932, -0.0017373250228091472, -0.0004832284497758202, -0.0005602714982501523, 0.0018032752944706415, 0.9637935879207532, 0.2666433349646184, -0.13926332312024914, 2.486343395469072e-06, -0.26664377282173035, 0.9637951537589361, 0.003492989173242242, 0.0, 0.0, 0.0, 1.0]}, {"left_foot_pose": [0.9949038343754123, -0.10082835801963602, -5.063761362401785e-05, -0.010000000057958713, 0.10082837073514517, 0.9949037089154881, 0.0004996409741104604, 0.05505000091163862, 1.5705861005967898e-09, -0.0005022004290333678, 0.9999998738973574, 3.115755549398802e-09, 0.0, 0.0, 0.0, 1.0], "right_foot_pose": [0.9999811291031923, -0.005854689851309903, -0.0018611943072379324, -0.0019088273071812694, 0.006143404085957465, 0.9532258918671913, 0.3021963892243488, -0.13749018289292592, 4.872470360567688e-06, -0.30220212057618423, 0.9532438713653063, 0.010538497210156324, 0.0, 0.0, 0.0, 1.0]}, {"left_foot_pose": [0.9949038343771658, -0.10078815412108956, -0.0028475130338477426, -0.010000000150847897, 0.1008283707178416, 0.9945070053620917, 0.0280972586582872, 0.05505000052144524, 8.239895941446206e-10, -0.028241180474417805, 0.9996011383173852, 1.6059501783960428e-09, 0.0, 0.0, 0.0, 1.0], "right_foot_pose": [0.9999218359849529, -0.011808262202147937, -0.004109362997581002, -0.003884940891368539, 0.012502874525959355, 0.9445538156426938, 0.3281185265775405, -0.1348919148588961, 7.004904015793067e-06, -0.3281442583660325, 0.9446276227447185, 0.018295208861684863, 0.0, 0.0, 0.0, 1.0]}, {"left_foot_pose": [0.9949038343770162, -0.10071633128838717, -0.004751942099774664, -0.010000000137487561, 0.10082837071931605, 0.9937983077924963, 0.0468888375507382, 0.05505000014194452, 3.2099636930612175e-10, -0.04712901484838343, 0.9988888106087793, 6.337905270048516e-10, 0.0, 0.0, 0.0, 1.0], "right_foot_pose": [0.9997929932079922, -0.019139117784575724, -0.006903977305275905, -0.006322440328528784, 0.020346268959284115, 0.940615925111183, 0.33886237732547125, -0.13168700814103032, 8.464047555067681e-06, -0.3389327006909512, 0.9408106208641024, 0.023884418474565128, 0.0, 0.0, 0.0, 1.0]}, {"left_foot_pose": [0.9949038343763731, -0.10066225287489786, -0.005785429054214889, -0.010000000051287799, 0.10082837072566084, 0.9932646996499223, 0.057086566599848586, 0.055049999974453825, 4.904702598416747e-11, -0.057378979387057105, 0.9983524691833544, 1.8361395043298145e-10, 0.0, 0.0, 0.0, 1.0], "right_foot_pose": [0.9995754022737988, -0.027512447189223965, -0.009595854252378175, -0.009055146995459052, 0.029137863517300605, 0.9439156948249998, 0.32889838244157554, -0.12809394795141602, 8.87805652788363e-06, -0.3290383356277776, 0.9443165642984782, 0.02500000273297079, 0.0, 0.0, 0.0, 1.0]}, {"left_foot_pose": [0.9949038343759812, -0.10065136687094645, -0.00597182476143146, -0.009999999987179278, 0.10082837072952812, 0.9931572841081576, 0.05892578959113028, 0.05504999996230618, -5.064152484702067e-12, -0.05922762336882532, 0.9982445034309387, 1.3638715157249237e-10, 0.0, 0.0, 0.0, 1.0], "right_foot_pose": [0.9992646748340895, -0.03649102152324674, -0.01176923858672556, -0.011916879803697048, 0.03834200774798224, 0.9510917095110741, 0.30651990235734555, -0.124331232767185, 8.400892867081781e-06, -0.30674576679637006, 0.9517914868719576, 0.025000004086093944, 0.0, 0.0, 0.0, 1.0]}, {"left_foot_pose": [0.9949038343760432, -0.10068735956881456, -0.005330662895705691, -0.009999999879151568, 0.10082837072891473, 0.993512434960089, 0.05259925128581398, 0.055049999977528546, 1.4619863562203063e-10, -0.05286867884424459, 0.9986014734603915, 4.872058728677686e-10, 0.0, 0.0, 0.0, 1.0], "right_foot_pose": [0.9988748769637089, -0.045586261165868065, -0.01307183857199822, -0.01474146810805651, 0.047423413190495145, 0.9602210481256576, 0.27518459008059887, -0.1206173570410579, 7.217942296787879e-06, -0.2754948847608264, 0.9613025374035588, 0.024992555210260003, 0.0, 0.0, 0.0, 1.0]}, {"left_foot_pose": [0.9949038343762736, -0.10075391134746034, -0.003874234321431221, -0.00999999957851985, 0.10082837072664279, 0.9941691214932712, 0.03822822943726867, 0.055050000329239124, 4.92103140663055e-10, -0.03842404478299784, 0.9992615237176479, 1.375183168728089e-09, 0.0, 0.0, 0.0, 1.0], "right_foot_pose": [0.9984393069009331, -0.05433607739614502, -0.012905081494678401, -0.01736273851955113, 0.05584756401038825, 0.9714394261448573, 0.2306219654010775, -0.11717080495183395, 5.412000259047814e-06, -0.23098275265601634, 0.9729578448967662, 0.02183779613350833, 0.0, 0.0, 0.0, 1.0]}, {"left_foot_pose": [0.9949038343758566, -0.10081538342485322, -0.0016182734993946141, -0.009999999288472502, 0.1008283707307575, 0.9947756848871757, 0.015967980868993478, 0.0550500007547944, 1.014866585826769e-09, -0.016049773274142812, 0.9998711940934439, 2.687512219712307e-09, 0.0, 0.0, 0.0, 1.0], "right_foot_pose": [0.9980084051059916, -0.06208476602886831, -0.011167146678316742, -0.019614506706180007, 0.06308108532966937, 0.9822550801848529, 0.17662314153213193, -0.11421008326958723, 3.3801386396947094e-06, -0.17697581551779687, 0.9842152004060825, 0.01492378188970455, 0.0, 0.0, 0.0, 1.0]}, {"left_foot_pose": [0.9949038343746475, -0.10081870202577443, 0.0013963052900205202, -0.009999999390547493, 0.10082837074268779, 0.9948084300058523, -0.01377778075988835, 0.05505000112094898, 1.699633239299544e-09, 0.013848354094638124, 0.9999041069466965, 4.21463307309633e-09, 0.0, 0.0, 0.0, 1.0], "right_foot_pose": [0.9976448185097081, -0.06807471568998677, -0.008405306922340419, -0.0213306044051751, 0.06859166201592529, 0.9901288853602225, 0.12222918750125374, -0.11195369094175599, 1.6199859613589653e-06, -0.12251784955283485, 0.9924663100268567, 0.007129216900592615, 0.0, 0.0, 0.0, 1.0]}, {"left_foot_pose": [0.9949038343694279, -0.10069993152421576, 0.005087646610079457, -0.009999999117712367, 0.10082837079419092, 0.9936364843221194, -0.05020136120633257, 0.055050001098291314, 2.3447873133425925e-09, 0.05045850587361562, 0.9987261582561076, 5.698477009707936e-09, 0.0, 0.0, 0.0, 1.0], "right_foot_pose": [0.9974156227634944, -0.07165881494850151, -0.005204777371496048, -0.022344858702640046, 0.07184758497774002, 0.9947954690878932, 0.0722488699916135, -0.11062012057259121, 4.205418079223575e-07, -0.07243610234113286, 0.9973730551190202, 0.0013328083687033296, 0.0, 0.0, 0.0, 1.0]}, {"left_foot_pose": [0.9949038343614862, -0.10040715441275233, 0.009206721215901346, -0.00999999833200061, 0.1008283708725559, 0.9907475625959977, -0.09084551082621974, 0.055050000798516394, 2.629078257096587e-09, 0.09131084575681078, 0.9958224387144413, 6.6478447607876134e-09, 0.0, 0.0, 0.0, 1.0], "right_foot_pose": [0.9973681883985098, -0.07247350188542037, -0.0020708199194221354, -0.02254908162614967, 0.07250308111159622, 0.9969612911784644, 0.028486613015487657, -0.11035160892688815, 2.698577850120934e-09, -0.02856178244145186, 0.9995920290717446, 6.07934247387476e-09, 0.0, 0.0, 0.0, 1.0]}, {"left_foot_pose": [0.9949038343563084, -0.09993210809382651, 0.013413953743752607, -0.009999997645755297, 0.10082837092364338, 0.986060136429419, -0.13235953672357917, 0.05505000074016339, 2.4724867124100267e-09, 0.13303751770354094, 0.9911110023015993, 7.179424645065158e-09, 0.0, 0.0, 0.0, 1.0], "right_foot_pose": [0.9973681883951775, -0.07249520169738095, 0.001068881741600502, -0.022549080945238713, 0.07250308115743413, 0.9972597963018004, -0.014703805724043473, -0.110351608837377, 2.5737841681770407e-09, 0.014742605297162694, 0.9998913218890603, 5.918557866024798e-09, 0.0, 0.0, 0.0, 1.0]}, {"left_foot_pose": [0.9949038343582312, -0.0993195418445096, 0.017377830333125736, -0.009999998921424738, 0.10082837090467281, 0.9800157607260284, -0.17147229615682683, 0.0550500008251379, 2.279635759223197e-09, 0.17235062325498374, 0.9850356656810045, 6.464403040640221e-09, 0.0, 0.0, 0.0, 1.0], "right_foot_pose": [0.9973681883913892, -0.07238752782306924, 0.004091772298459521, -0.022549081889346238, 0.07250308120954632, 0.9957786089550755, -0.05628734460442115, -0.1103516084039057, 2.396118041100367e-09, 0.056435873016719366, 0.9984062260607359, 5.21254781005176e-09, 0.0, 0.0, 0.0, 1.0]}, {"left_foot_pose": [0.9950124301603662, -0.09762796909775127, 0.020470551438890223, -0.010953130492400997, 0.09975100914129686, 0.9738325402646829, -0.204205581943611, 0.05412766171135392, 1.2871352255106735e-06, 0.20522905050573195, 0.9787139708959205, 0.0028444571169899124, 0.0, 0.0, 0.0, 1.0], "right_foot_pose": [0.9973681883902388, -0.07218842038206721, 0.0067474995305264514, -0.022549082181518368, 0.0725030812253694, 0.9930396430118406, -0.09282009814551859, -0.11035160868074051, 1.7398168422141978e-09, 0.09306502764012983, 0.9956600326569013, 3.652078611748877e-09, 0.0, 0.0, 0.0, 1.0]}, {"left_foot_pose": [0.9953107793801617, -0.09414266021433468, 0.022217380075612504, -0.01362644945110393, 0.09672875706181687, 0.9686943423157297, -0.22863687087338475, 0.051540719932380935, 2.6328667775048773e-06, 0.22971380170391362, 0.9732582233404474, 0.009617039222183696, 0.0, 0.0, 0.0, 1.0], "right_foot_pose": [0.9973681883908809, -0.07195160393692496, 0.00892543986566026, -0.022549082342806576, 0.07250308121653616, 0.9897819448039511, -0.12278031175321434, -0.11035160872232005, 1.1340553157529406e-09, 0.12310429899484418, 0.992393738175019, 2.3624887116047155e-09, 0.0, 0.0, 0.0, 1.0]}, {"left_foot_pose": [0.9957444519907762, -0.08937659440389505, 0.022467992842068872, -0.017668589700282584, 0.09215739967770185, 0.965688358923364, -0.2428024034571022, 0.047629191071815916, 3.7727981168573325e-06, 0.24383973796873748, 0.9698155402823285, 0.017439495794317174, 0.0, 0.0, 0.0, 1.0], "right_foot_pose": [0.9973681883923269, -0.07172198377655704, 0.010613850675550453, -0.022549082403374273, 0.07250308119664711, 0.98662324072852, -0.14600645215655841, -0.110351608598214, 6.427249078371119e-10, 0.14639172755831598, 0.989226699044507, 1.418542686093538e-09, 0.0, 0.0, 0.0, 1.0]}, {"left_foot_pose": [0.996257675248092, -0.08383471622748505, 0.021032947114583384, -0.02272804786096676, 0.08643289009075375, 0.9662976167695491, -0.24248354858845617, 0.0427332224414869, 4.452815284706254e-06, 0.24339403480888225, 0.9699274940940825, 0.02343312042298, 0.0, 0.0, 0.0, 1.0], "right_foot_pose": [0.9973681883938483, -0.0715331440378756, 0.011819732823928819, -0.022549082353455086, 0.07250308117571644, 0.9840255210738764, -0.16259482493398628, -0.11035160839312315, 2.8079542266851947e-10, 0.16302387303503332, 0.9866221246356973, 7.94600302223003e-10, 0.0, 0.0, 0.0, 1.0]}, {"left_foot_pose": [0.9967987373783166, -0.07791755374037519, 0.01792015569436443, -0.028453316597116456, 0.07995171756156351, 0.9714252574209258, -0.22347414191276058, 0.03719295916638313, 4.466603650629923e-06, 0.22419148972207728, 0.9745451123043235, 0.025000009067193345, 0.0, 0.0, 0.0, 1.0], "right_foot_pose": [0.9973681883949516, -0.07140775650588867, 0.012555042356266628, -0.022549082226501045, 0.07250308116054062, 0.9823006635535741, -0.17270990013440427, -0.11035160825690707, 5.744968311803904e-11, 0.1731656394698542, 0.984892715633026, 4.676149467641721e-10, 0.0, 0.0, 0.0, 1.0]}, {"left_foot_pose": [0.9973237988926663, -0.07173848757911876, 0.01410069367663264, -0.034492870237249854, 0.07311114926510846, 0.9785886791243013, -0.19240311053330572, 0.0313485607080734, 3.928955424765982e-06, 0.19291911903597558, 0.9812146622910545, 0.025000010608281463, 0.0, 0.0, 0.0, 1.0], "right_foot_pose": [0.9973681883954156, -0.07135352578327171, 0.01285967088002409, -0.022549082201021593, 0.07250308115415903, 0.9815546542146711, -0.1769004353094455, -0.11035160825025886, -3.20321963883773e-11, 0.17736723245237207, 0.9841447377556751, 3.3429264911788437e-10, 0.0, 0.0, 0.0, 1.0]}, {"left_foot_pose": [0.9977991136400193, -0.06551673987010459, 0.010221820580782652, -0.04049520574935383, 0.06630934180060616, 0.9858652857570488, -0.15385938232406732, 0.025540178236306638, 3.0270604701596456e-06, 0.1541985575028705, 0.9880398801945558, 0.025000010757497318, 0.0, 0.0, 0.0, 1.0], "right_foot_pose": [0.997368188395282, -0.07137100068761093, 0.01276232886123524, -0.02254908216079171, 0.07250308115599836, 0.9817950427360451, -0.1755613775345079, -0.11035160823193857, -1.2994716122248514e-11, 0.17602464122893788, 0.9843857606041566, 4.166101214009288e-10, 0.0, 0.0, 0.0, 1.0]}, {"left_foot_pose": [0.998201666778599, -0.059624332005449046, 0.006194471190639069, -0.04610881919143195, 0.05994524532497001, 0.9928546939978795, -0.1031800570328736, 0.020107953879717755, 1.8321784084122027e-06, 0.10336583400370644, 0.994643405627043, 0.022459730130570406, 0.0, 0.0, 0.0, 1.0], "right_foot_pose": [0.9973681883944763, -0.07150974007261977, 0.011960512257693245, -0.022549081889934885, 0.07250308116707929, 0.9837035713928405, -0.16453141599782892, -0.11035160840149337, 1.6820389505307473e-10, 0.16496557429875186, 0.9862993254059756, 8.259710693181432e-10, 0.0, 0.0, 0.0, 1.0]}, {"left_foot_pose": [0.9985182245747191, -0.05433944750634378, 0.0029291017150340124, -0.05098217983185067, 0.05441833506759496, 0.997069941496766, -0.05376036246257585, 0.015392055687459254, 7.891183099568278e-07, 0.05384009851720021, 0.9985495700219575, 0.015838566064119763, 0.0, 0.0, 0.0, 1.0], "right_foot_pose": [0.9973681883932926, -0.07166563457236938, 0.010987884346891703, -0.022549081648676705, 0.07250308118336118, 0.9858480894312588, -0.15115173761374937, -0.11035160860758558, 4.0253053996166626e-10, 0.15155059018715947, 0.9884495023085013, 1.4286445290667693e-09, 0.0, 0.0, 0.0, 1.0]}, {"left_foot_pose": [0.9987427812892031, -0.05012626390754585, 0.0004631299802697792, -0.05476378855067369, 0.05012840335277289, 0.9987001378694998, -0.009229181802554349, 0.011732637962975728, 9.64275383798698e-08, 0.00924079466896239, 0.9999573029454196, 0.00799817950807772, 0.0, 0.0, 0.0, 1.0], "right_foot_pose": [0.997368188392167, -0.07185948192229878, 0.009639068481188033, -0.0225490815414122, 0.07250308119884435, 0.9885146951945308, -0.13259713647412558, -0.1103516087301269, 6.897701398170463e-10, 0.13294702795596022, 0.9911231445979238, 2.1231164187840434e-09, 0.0, 0.0, 0.0, 1.0]}, {"left_foot_pose": [0.9988724142999714, -0.047457264081492756, -0.0013069186839843427, -0.05710214188133029, 0.047475256192338076, 0.998493783026099, 0.027500278320448483, 0.009469849542553718, -1.377896891561002e-07, -0.02753131569921241, 0.9996209414852475, 0.0018172767327573405, 0.0, 0.0, 0.0, 1.0], "right_foot_pose": [0.997368188391661, -0.07206362085684348, 0.007970654511228725, -0.02254908163483586, 0.07250308120580994, 0.9913228745949071, -0.10964607389484389, -0.11035160864776429, 9.551248678696851e-10, 0.10993540309604954, 0.9939387341009048, 2.716886320086598e-09, 0.0, 0.0, 0.0, 1.0]}, {"left_foot_pose": [0.998904322277245, -0.046725697725398474, -0.002619944257686632, -0.0576980380085545, 0.046799091186033974, 0.9973377750442918, 0.05592144073487038, 0.008893217403652046, 1.0405548047154115e-09, -0.05598277986825078, 0.9984317344506954, 3.1618806808908495e-09, 0.0, 0.0, 0.0, 1.0], "right_foot_pose": [0.9973681883924995, -0.07224533828651672, 0.006108017561351976, -0.022549082064658103, 0.0725030811942708, 0.9938226195189055, -0.08402323577390797, -0.11035160852881867, 1.0795232111266713e-09, 0.08424495253988507, 0.9964450752407542, 2.892664018039337e-09, 0.0, 0.0, 0.0, 1.0]}, {"left_foot_pose": [0.9989043222778878, -0.04664120307610259, -0.003840977762049387, -0.05769803828573376, 0.046799091172316884, 0.9955342777281035, 0.08198382117118762, 0.008893217103412086, 9.699109419350725e-10, -0.0820737475932338, 0.9966262589135423, 3.2373097674787132e-09, 0.0, 0.0, 0.0, 1.0], "right_foot_pose": [0.9973681883938245, -0.0723821173045873, 0.004186391587685078, -0.022549082387969033, 0.0725030811760472, 0.9957041822164286, -0.05758892894205022, -0.11035160876456077, 9.978751439324337e-10, 0.0577408920195898, 0.9983316029199828, 2.7983016667731953e-09, 0.0, 0.0, 0.0, 1.0]}, {"left_foot_pose": [0.9989043222777713, -0.0465336232640875, -0.004977634046809006, -0.05769803772864549, 0.046799091174808176, 0.9932380379115248, 0.10624521217860751, 0.008893217440077851, 7.969616552741492e-10, -0.10636175041612146, 0.9943275003983445, 2.5873418962873984e-09, 0.0, 0.0, 0.0, 1.0], "right_foot_pose": [0.9973681883946656, -0.07246393577809304, 0.0023821817501310026, -0.022549081846154784, 0.07250308116447368, 0.9968296955575727, -0.03276982264606884, -0.11035160850259065, 8.149380047875859e-10, 0.0328562941633023, 0.9994600862134788, 2.513400813863864e-09, 0.0, 0.0, 0.0, 1.0]}, {"left_foot_pose": [0.9989043222774446, -0.046421392381385075, -0.0059337395302583845, -0.05769803778356286, 0.046799091181768664, 0.9908425226200098, 0.12665283428560362, 0.008893217785869555, 5.281445379636653e-10, -0.12679175721390396, 0.9919293575162554, 1.6858450191392649e-09, 0.0, 0.0, 0.0, 1.0], "right_foot_pose": [0.9974291847411877, -0.07165665351753225, 0.0005877356528021978, -0.023433620829350105, 0.07165906381280146, 0.9973956303767553, -0.008181386118961638, -0.11105805464632189, 4.577849790869849e-08, 0.008202469873337843, 0.9999663591781349, 0.0022503011293220493, 0.0, 0.0, 0.0, 1.0]}, {"left_foot_pose": [0.9989043222768899, -0.04631919944120988, -0.0066848111172977944, -0.057698037874035005, 0.0467990911936178, 0.988661262131106, 0.14268410501797615, 0.008893217873794625, 2.7891712765458685e-10, -0.14284061230775666, 0.9897457044491513, 1.0245379197804105e-09, 0.0, 0.0, 0.0, 1.0], "right_foot_pose": [0.9976278232087007, -0.06882153091694598, -0.0015242185265348092, -0.026389298918023357, 0.06883840759206149, 0.9973831636559357, 0.02209295127106424, -0.11341865677414954, -2.4083285005310567e-07, -0.022145467660996856, 0.9997547590594491, 0.008710109855636194, 0.0, 0.0, 0.0, 1.0]}, {"left_foot_pose": [0.9989043222763623, -0.046241636722111644, -0.007201803306299438, -0.05769803791975812, 0.046799091204877005, 0.98700572200698, 0.15371906123795587, 0.008893217807854046, 8.505658956153538e-11, -0.1538876725366301, 0.9880883483986946, 5.905383543280962e-10, 0.0, 0.0, 0.0, 1.0], "right_foot_pose": [0.9979229604291663, -0.06430992910645918, -0.0037413990178949263, -0.031019439007146044, 0.0644186700229754, 0.9962376462326926, 0.057972296670182694, -0.11711660370885019, -8.717377932052787e-07, -0.058092901864744806, 0.9983111813218228, 0.016558464958108553, 0.0, 0.0, 0.0, 1.0]}, {"left_foot_pose": [0.9989043222760657, -0.04620019388278689, -0.007463043842029339, -0.0576980379295087, 0.04679909121121029, 0.9861211438425208, 0.15929511834492618, 0.008893217679955068, -2.2068552794755193e-11, -0.15946984590170052, 0.9872027999596077, 3.5388196539809513e-10, 0.0, 0.0, 0.0, 1.0], "right_foot_pose": [0.9982699512319393, -0.058518925352075174, -0.005713129004298293, -0.036906660929917394, 0.05879714673631392, 0.9935433648979054, 0.09702823095891179, -0.12181854363072704, -1.7463895023272609e-06, -0.09719628307186357, 0.9952652322642263, 0.022916659941908446, 0.0, 0.0, 0.0, 1.0]}, {"left_foot_pose": [0.9989043222761043, -0.04621422699003173, -0.007375646536501414, -0.057698037892625446, 0.04679909121038152, 0.9864206739749156, 0.15742966371289832, 0.008893217584018141, 1.3743929970660065e-11, -0.15760234509228507, 0.9875026586401746, 3.871808221256323e-10, 0.0, 0.0, 0.0, 1.0], "right_foot_pose": [0.9986276688739951, -0.051917271748011716, -0.006883011952096765, -0.04363358164499293, 0.05237154716581362, 0.9899589628000365, 0.13129536556685753, -0.1271911186950824, -2.5978003513308333e-06, -0.13147565883508225, 0.9913193991479904, 0.025000009086586276, 0.0, 0.0, 0.0, 1.0]}, {"left_foot_pose": [0.9989043222766164, -0.04626612085718196, -0.007042797592107632, -0.05769803795644012, 0.04679909119945382, 0.987528324569186, 0.1503251583617399, 0.008893217526555874, 1.6177453331331624e-10, -0.15049004696127122, 0.9886115241921852, 6.479641337375774e-10, 0.0, 0.0, 0.0, 1.0], "right_foot_pose": [0.9989625072641501, -0.04494947149151393, -0.007311230618406383, -0.05078279200392201, 0.04554019180692946, 0.9859930168681602, 0.16044893772603125, -0.13290096333822543, -3.272617698738432e-06, -0.16061542796337286, 0.987017063828905, 0.02500000854292922, 0.0, 0.0, 0.0, 1.0]}, {"left_foot_pose": [0.9989043222774393, -0.046357783877275724, -0.006411771162349868, -0.05769803798239374, 0.04679909118188705, 0.9894848292646007, 0.1368561935746939, 0.008893217473154198, 4.4985905771979794e-10, -0.13700630835546398, 0.9905701749350262, 1.1869166482991744e-09, 0.0, 0.0, 0.0, 1.0], "right_foot_pose": [0.999250795861523, -0.03805079719719854, -0.0070699224020496915, -0.057936912068966374, 0.03870202781509436, 0.9824195188942869, 0.18263088988042947, -0.13861473014752695, -3.6211879426316323e-06, -0.1827676823953721, 0.983156129136523, 0.025000006824476062, 0.0, 0.0, 0.0, 1.0]}, {"left_foot_pose": [0.9989043222784018, -0.04647947860837526, -0.005460128370440854, -0.057698037749163524, 0.046799091161347756, 0.9920823467446557, 0.11654382156120395, 0.00889321778579769, 9.060817096119222e-10, -0.11667165613769045, 0.9931705415758613, 2.083852708445466e-09, 0.0, 0.0, 0.0, 1.0], "right_foot_pose": [0.9994796236818616, -0.03165211035860638, -0.006214962156784708, -0.06467855898052963, 0.03225650062607676, 0.98073155798052, 0.19267882433848785, -0.1439990637689841, -3.4818929149984134e-06, -0.19277903177199698, 0.9812421948208951, 0.023024937111233795, 0