{"LoopMode": "Wrap", "FrameDuration": 0.0167, "EnableCycleOffsetPosition": true, "EnableCycleOffsetRotation": false, "Debug_info": [{"left_foot_pose": [1.0000000000000007, 1.352478217318955e-13, -8.703704423851382e-12, 1.3562825518964255e-12, -5.096369468728954e-14, 0.99995348187113, 0.00964541828045517, 1.832266977030983e-13, 8.704329691728271e-12, -0.009645418280455342, 0.99995348187113, 1.827855922176269e-11, 0.0, 0.0, 0.0, 1.0], "right_foot_pose": [0.9999999999999998, -2.1791436136218785e-13, -8.764655667903297e-12, 3.0486918132038247e-13, 8.82397367138028e-14, 0.9998904727009648, -0.014800087899783909, -0.14000000000208515, 8.766859094063892e-12, 0.01480008789978376, 0.9998904727009645, 1.5562988397999078e-11, 0.0, 0.0, 0.0, 1.0]}, {"left_foot_pose": [1.0000000000000004, 2.0720224496107552e-13, -1.9383439298081846e-11, 3.382619648903229e-12, -7.806671626378204e-14, 0.9999779219809407, 0.006644964309921008, 1.31819728743654e-12, 1.9384094546516476e-11, -0.00664496430992118, 0.999977921980941, 3.977174145575191e-11, 0.0, 0.0, 0.0, 1.0], "right_foot_pose": [1.0, -5.532540865316999e-13, -1.9495072223207896e-11, 1.2372680144836596e-12, 2.0619339374735578e-13, 0.9998415430975, -0.017801367824133833, -0.1400000000037185, 1.9501746858054402e-11, 0.017801367824133683, 0.9998415430975, 3.577980967062189e-11, 0.0, 0.0, 0.0, 1.0]}, {"left_foot_pose": [1.0000000000000004, 1.4530419338781492e-13, -3.4012515026660146e-11, 6.30854730762157e-12, -6.108807971886868e-14, 0.9999969586791665, 0.0024662993366715256, 3.2696449714375575e-12, 3.4012268338774435e-11, -0.0024662993366716996, 0.9999969586791666, 6.913054850787859e-11, 0.0, 0.0, 0.0, 1.0], "right_foot_pose": [0.9999999999999999, -1.1673783085056753e-12, -3.42140205056296e-11, 2.729762314721041e-12, 4.1505229911966147e-13, 0.9997583553928394, -0.02198251173558546, -0.14000000000554516, 3.423122898104351e-11, 0.02198251173558531, 0.9997583553928393, 6.379941713818837e-11, 0.0, 0.0, 0.0, 1.0]}, {"left_foot_pose": [1.0000000000000004, -1.9878965920076845e-13, -5.238071087987351e-11, 1.015162819428176e-11, 4.888892970350111e-14, 0.9999958870732467, -0.00286807192920534, 6.178411948720708e-12, 5.238073953766895e-11, 0.0028680719292051658, 0.9999958870732468, 1.0611152928552414e-10, 0.0, 0.0, 0.0, 1.0], "right_foot_pose": [0.9999999999999998, -2.2031670878017377e-12, -5.273936842797865e-11, 4.835392302525097e-12, 7.614490278064857e-13, 0.9996266764083996, -0.02732229515792169, -0.14000000000735977, 5.277961245337257e-11, 0.02732229515792154, 0.9996266764083996, 9.924184390941448e-11, 0.0, 0.0, 0.0, 1.0]}, {"left_foot_pose": [1.0000000000000004, -1.0107099615641053e-12, -7.468398122156826e-11, 1.502863938125432e-11, 3.129850449665235e-13, 0.9999563229058605, -0.009346244197078746, 1.028427863702941e-11, 7.468979225788462e-11, 0.009346244197078572, 0.9999563229058606, 1.513254729856861e-10, 0.0, 0.0, 0.0, 1.0], "right_foot_pose": [0.9999999999999999, -3.857913968447637e-12, -7.530537304845095e-11, 7.674048329317793e-12, 1.3096686654792928e-12, 0.9994282640231545, -0.03381042844543503, -0.14000000000895735, 7.539258952440926e-11, 0.03381042844543488, 0.9994282640231544, 1.4252551222559973e-10, 0.0, 0.0, 0.0, 1.0]}, {"left_foot_pose": [1.0000000000000007, -2.5366612620966757e-12, -1.0156947505279843e-10, 2.1177504154680246e-11, 8.119994816224593e-13, 0.999855833080451, -0.016979783714705467, 1.5962620114606807e-11, 1.0159767784629177e-10, 0.016979783714705293, 0.9998558330804512, 2.063588466771904e-10, 0.0, 0.0, 0.0, 1.0], "right_foot_pose": [0.9999999999999996, -6.409401062610394e-12, -1.026101426049308e-10, 1.145543365579011e-11, 2.14969794372859e-12, 0.9991401449891382, -0.0414604711874313, -0.14000000001010204, 1.0278741991365503e-10, 0.04146047118743115, 0.9991401449891381, 1.9497887332464714e-10, 0.0, 0.0, 0.0, 1.0]}, {"left_foot_pose": [1.0000000000000004, -5.122075591442281e-12, -1.3414569455250095e-10, 2.8977469197063948e-11, 1.6587118878891879e-12, 0.9996669233814414, -0.025807795277480183, 2.376761634725888e-11, 1.342327163535523e-10, 0.025807795277480002, 0.9996669233814415, 2.7385903961230085e-10, 0.0, 0.0, 0.0, 1.0], "right_foot_pose": [1.0, -1.0257134507048053e-11, -1.3583550950713167e-10, 1.6505439600224622e-11, 3.4097950371636394e-12, 0.9987334493306969, -0.05031398600795111, -0.1400000000104777, 1.3617940967171905e-10, 0.050313986007950964, 0.9987334493306967, 2.5889181076710344e-10, 0.0, 0.0, 0.0, 1.0]}, {"left_foot_pose": [1.0000000000000002, -9.265292297523543e-12, -1.7397205898106434e-10, 3.8972291838597165e-11, 3.0145277960950233e-12, 0.9993554831936328, -0.035897328742140744, 3.448285233742521e-11, 1.7419224182630834e-10, 0.03589732874214057, 0.999355483193633, 3.5761565930769734e-10, 0.0, 0.0, 0.0, 1.0], "right_foot_pose": [0.9999999999999998, -1.5979428771998485e-11, -1.7664569806896672e-10, 2.3299418872354606e-11, 5.273632075599122e-12, 0.998171767312945, -0.060441069971932534, -0.1400000000096189, 1.7728840599019854e-10, 0.060441069971932396, 0.998171767312945, 3.375422649720683e-10, 0.0, 0.0, 0.0, 1.0]}, {"left_foot_pose": [1.0000000000000002, -1.5686793353753834e-11, -2.2304452729215972e-10, 5.190184362842004e-11, 5.110268952869898e-12, 0.998878761765189, -0.04734151766096788, 4.917765153433784e-11, 2.2353694015115777e-10, 0.04734151766096771, 0.9988787617651891, 4.626892410874994e-10, 0.0, 0.0, 0.0, 1.0], "right_foot_pose": [0.9999999999999997, -2.4408251708572023e-11, -2.27188379220422e-10, 3.250718886235567e-11, 8.001458733154007e-12, 0.9974090590935841, -0.07193864634569697, -0.14000000000682394, 2.283553950184066e-10, 0.07193864634569683, 0.9974090590935841, 4.352439103572081e-10, 0.0, 0.0, 0.0, 1.0]}, {"left_foot_pose": [1.0000000000000002, -2.5406185098565518e-11, -2.836780810255841e-10, 6.872414351729177e-11, 8.26741661229673e-12, 0.9981830341510546, -0.06025471212275168, 6.923485049159517e-11, 2.846933159133082e-10, 0.060254712122751485, 0.9981830341510547, 5.954141416020242e-10, 0.0, 0.0, 0.0, 1.0], "right_foot_pose": [0.9999999999999998, -3.6711181085086704e-11, -2.8999075363245176e-10, 4.5036729820719316e-11, 1.1950932740014447e-11, 0.9963872820863557, -0.08492575637911688, -0.14000000000105386, 2.9206073388977766e-10, 0.08492575637911673, 0.9963872820863559, 5.572464989445081e-10, 0.0, 0.0, 0.0, 1.0]}, {"left_foot_pose": [1.0000000000000002, -3.9779671976198565e-11, -3.5801633879728394e-10, 9.056916351649647e-11, 1.290283854138308e-11, 0.9972014382037239, -0.07476156528876046, 9.623907053224467e-11, 3.599881202621532e-10, 0.0747615652887603, 0.9972014382037239, 7.627413561861474e-10, 0.0, 0.0, 0.0, 1.0], "right_foot_pose": [0.9999999999999998, -5.442330523570001e-11, -3.6747843656925707e-10, 6.202689922968207e-11, 1.757699492821043e-11, 0.9950342863432347, -0.09953275341017137, -0.13999999999085466, 3.710705134846e-10, 0.09953275341017122, 0.9950342863432345, 7.08984669584023e-10, 0.0, 0.0, 0.0, 1.0]}, {"left_foot_pose": [1.0000000000000007, -6.035356600772646e-11, -4.466770842093116e-10, 1.184954871173916e-10, 1.9468276654220004e-11, 0.9958533943367984, -0.09097261669248767, 1.3146564045718456e-10, 4.503150838370277e-10, 0.09097261669248748, 0.9958533943367985, 9.69799608674382e-10, 0.0, 0.0, 0.0, 1.0], "right_foot_pose": [0.9999999999999997, -7.925936720525869e-11, -4.6058562519490873e-10, 8.466685568071093e-11, 2.535432010788428e-11, 0.993263594453632, -0.11587679635307048, -0.13999999997444956, 4.666672091038285e-10, 0.11587679635307037, 0.9932635944536318, 8.936841336404378e-10, 0.0, 0.0, 0.0, 1.0]}, {"left_foot_pose": [1.0000000000000002, -8.809971346312229e-11, -5.45212319735809e-10, 1.526985755727733e-10, 2.8186787380898418e-11, 0.9940496104424994, -0.10892828824100691, 1.7430073703805782e-10, 5.515646610050265e-10, 0.10892828824100673, 0.9940496104424995, 1.212456759991376e-09, 0.0, 0.0, 0.0, 1.0], "right_foot_pose": [1.0, -1.1219745517226956e-10, -5.650531709200372e-10, 1.1348356091429451e-10, 3.54655386985516e-11, 0.9909806307386659, -0.1340051846041647, -0.13999999995043166, 5.749914639366282e-10, 0.13400518460416458, 0.9909806307386658, 1.1055584156483e-09, 0.0, 0.0, 0.0, 1.0]}, {"left_foot_pose": [1.0000000000000004, -1.208454353848062e-10, -6.352887660376871e-10, 1.9022452741491403e-10, 3.8227885612878615e-11, 0.9917132060743432, -0.12847146335956441, 2.1804208438780392e-10, 6.455492876291328e-10, 0.12847146335956422, 0.9917132060743433, 1.4564732198074637e-09, 0.0, 0.0, 0.0, 1.0], "right_foot_pose": [0.9999999999999998, -1.5043970719487454e-10, -6.620626269437925e-10, 1.4613502073185613e-10, 4.684807578110595e-11, 0.9881073212144059, -0.15376580166763748, -0.13999999992020956, 6.773211969951812e-10, 0.1537658016676373, 0.9881073212144059, 1.3116292288395393e-09, 0.0, 0.0, 0.0, 1.0]}, {"left_foot_pose": [1.0000000000000002, -1.4651847267837754e-10, -6.661137752494966e-10, 2.1930248719190006e-10, 4.566146714775743e-11, 0.9888435778734505, -0.14895763994650957, 2.408843749468481e-10, 6.805071402146807e-10, 0.14895763994650937, 0.9888435778734505, 1.5880953704860978e-09, 0.0, 0.0, 0.0, 1.0], "right_foot_pose": [1.0, -1.7947146066593335e-10, -6.982319722403919e-10, 1.7177835998226725e-10, 5.4868047312550735e-11, 0.9846551277109973, -0.17451154538436658, -0.1399999998944584, 7.188373635453613e-10, 0.1745115453843664, 0.9846551277109972, 1.4105113882445508e-09, 0.0, 0.0, 0.0, 1.0]}, {"left_foot_pose": [0.9999999996207367, 2.712618814786879e-05, -4.76416002392951e-06, -2.8240557854410473e-05, -2.754110931240133e-05, 0.9856744819395319, -0.16865887137866103, -1.980450835608119e-05, 1.2083868546667305e-07, 0.1686588714459049, 0.9856744823127868, 0.0001638612313210469, 0.0, 0.0, 0.0, 1.0], "right_foot_pose": [1.0, -1.6377513417466862e-10, -5.740492525774234e-10, 1.2493076340947685e-10, 4.902817297595237e-11, 0.9809133904349155, -0.19444516056070743, -0.1399999999637041, 5.949376741724024e-10, 0.19444516056070724, 0.9809133904349155, 1.1399793956035076e-09, 0.0, 0.0, 0.0, 1.0]}, {"left_foot_pose": [0.999999697618885, 0.0007638812335181794, -0.00014576556885749573, -0.0007975587881087818, -0.0007776642508494323, 0.9824375721778501, -0.18658995688837413, -0.0005592953823577752, 6.73005145534267e-07, 0.18659001382376647, 0.982437869150408, 0.004191209456137698, 0.0, 0.0, 0.0, 1.0], "right_foot_pose": [1.0, -1.176649146184413e-10, -3.796783443199551e-10, -6.597711479247375e-12, 3.4749943141196734e-11, 0.9774040287924702, -0.2113796690797114, -0.14000000015597105, 3.959709463601152e-10, 0.2113796690797112, 0.9774040287924703, 6.504921393202245e-10, 0.0, 0.0, 0.0, 1.0]}, {"left_foot_pose": [0.9999970913936604, 0.0023622905246567954, -0.0004866083607662949, -0.002473643387375585, -0.0024118878064947253, 0.9795332129858245, -0.20126814813794364, -0.0017346538613745195, 1.195211825468133e-06, 0.20126873637290366, 0.9795360614890233, 0.011469803268697988, 0.0, 0.0, 0.0, 1.0], "right_foot_pose": [0.9999999999999999, -6.305031434388485e-11, -1.8975571114410134e-10, -7.051529434472239e-11, 1.8902201012577412e-11, 0.9745432356578536, -0.22419964726448896, -0.14000000018051423, 1.9906086520373033e-10, 0.2241996472644888, 0.9745432356578537, 3.0985056187482485e-10, 0.0, 0.0, 0.0, 1.0]}, {"left_foot_pose": [0.9999887641310536, 0.004634897396898582, -0.0009946545978583902, -0.004861864270463577, -0.004740422875733171, 0.9777996092625487, -0.20948854984692447, -0.0034093917749458795, 1.6149427713834302e-06, 0.20949091114444146, 0.9778105942079299, 0.019120927905644527, 0.0, 0.0, 0.0, 1.0], "right_foot_pose": [1.0, -1.9296102975208033e-11, -5.149286552708065e-11, -8.893797207801357e-11, 6.801963867975421e-12, 0.9726247180421671, -0.23238149206293343, -0.14000000009238542, 5.4567086331724445e-11, 0.23238149206293324, 0.9726247180421671, 1.0775264708273724e-10, 0.0, 0.0, 0.0, 1.0]}, {"left_foot_pose": [0.9999713209261075, 0.007409510854861703, -0.001567314323327658, -0.00776759106196909, -0.007573461685341276, 0.978374177610924, -0.20670416363065852, -0.005447025933588225, 1.843117976807908e-06, 0.20671010554165217, 0.978402234392156, 0.02426587946743304, 0.0, 0.0, 0.0, 1.0], "right_foot_pose": [1.0, 1.0862538143645654e-12, 1.1598000337897923e-11, -5.175266181235228e-11, 1.6772347477939695e-12, 0.9718440740241554, -0.2356249048469449, -0.13999999998873205, -1.1527566267053857e-11, 0.23562490484694476, 0.9718440740241556, 3.659714198356312e-11, 0.0, 0.0, 0.0, 1.0]}, {"left_foot_pose": [0.9999425264066095, 0.010525685048270058, -0.0020380966198803364, -0.01099618200097796, -0.010721188379539417, 0.9817405161959674, -0.18992265525473004, -0.0077110728460371356, 1.815974915952315e-06, 0.1899335905350635, 0.9817969398929507, 0.025000003152388442, 0.0, 0.0, 0.0, 1.0], "right_foot_pose": [0.9999999999999998, -7.975427694077847e-12, -1.1742662398006537e-11, 8.499774920259549e-12, 5.009428878189821e-12, 0.9722918488508633, -0.23377031603300288, -0.13999999996269163, 1.3281569776269804e-11, 0.23377031603300275, 0.9722918488508631, 1.1673881999962887e-10, 0.0, 0.0, 0.0, 1.0]}, {"left_foot_pose": [0.9999020819022034, 0.01380047814189312, -0.002318061840312788, -0.01435299847690536, -0.013993805954469226, 0.9861070791594899, -0.1655203970103054, -0.010065040248393105, 1.596569683448379e-06, 0.16553662807546715, 0.9862036426432711, 0.025000003793870823, 0.0, 0.0, 0.0, 1.0], "right_foot_pose": [0.9999999999999998, -4.196371939060587e-11, -1.1134348998353944e-10, 3.872506292827758e-11, 1.5570382992805424e-11, 0.9738505483640427, -0.22718958922242347, -0.13999999992793036, 1.1796543165667112e-10, 0.22718958922242335, 0.9738505483640425, 3.339366005938871e-10, 0.0, 0.0, 0.0, 1.0]}, {"left_foot_pose": [0.9998520426779725, 0.017043268104790076, -0.0023280388732004266, -0.017643411616731844, -0.01720153339525375, 0.990662508775652, -0.135247554340863, -0.01237244266459801, 1.2405015030940809e-06, 0.1352675893133344, 0.9908091033492888, 0.024910272922149895, 0.0, 0.0, 0.0, 1.0], "right_foot_pose": [0.9999999999999999, -9.909104132280419e-11, -2.9391622469176975e-10, 9.681552509407921e-11, 3.330485355359004e-11, 0.9764206088098556, -0.21587680443111826, -0.13999999992727785, 3.083771706002616e-10, 0.21587680443111806, 0.9764206088098556, 7.006427937827908e-10, 0.0, 0.0, 0.0, 1.0]}, {"left_foot_pose": [0.9997968749183965, 0.02005883564246131, -0.0019626553641254292, -0.020672783942799235, -0.020154624848437483, 0.9950489528140668, -0.09732097718811061, -0.014496798079932963, 7.926788277169051e-07, 0.097340765439248, 0.9952511117215969, 0.021163835474304275, 0.0, 0.0, 0.0, 1.0], "right_foot_pose": [1.0, -1.782543035827452e-10, -5.826520377283362e-10, 2.797414035184069e-10, 5.852187406788938e-11, 0.9799273809198281, -0.19935477953539563, -0.14000000018843858, 6.064922587714426e-10, 0.19935477953539543, 0.9799273809198281, 1.2671667673491704e-09, 0.0, 0.0, 0.0, 1.0]}, {"left_foot_pose": [0.9997431524756064, 0.022627503846506584, -0.0012748128542531734, -0.02324647731234259, -0.022663386287153305, 0.9981611971850025, -0.05621917249660352, -0.016301607659234052, 3.6918287366749814e-07, 0.056233624317483875, 0.998417637812947, 0.013996813573914656, 0.0, 0.0, 0.0, 1.0], "right_foot_pose": [0.9999999999999998, -2.5441999129227035e-10, -9.378736121057313e-10, 4.2045463366470064e-10, 8.385666683168484e-11, 0.9841114751947316, -0.17755169497937598, -0.14000000041313146, 9.681446357174514e-10, 0.1775516949793758, 0.9841114751947315, 2.008800938091415e-09, 0.0, 0.0, 0.0, 1.0]}, {"left_foot_pose": [0.9996988939631956, 0.02453475097389979, -0.00040914962172463936, -0.025169865717392607, -0.02453816229383633, 0.9995599655119395, -0.01666595142835657, -0.017650382618197583, 7.461374218480229e-08, 0.016670972989592563, 0.9998610296734118, 0.006287911567697292, 0.0, 0.0, 0.0, 1.0], "right_foot_pose": [1.0, -3.0439408434097964e-10, -1.3208421578703146e-09, 4.695754667816066e-10, 1.0173569313683862e-10, 0.9885649076551705, -0.15079596596966496, -0.1400000004666333, 1.3516396014654278e-09, 0.15079596596966477, 0.9885649076551702, 2.8070980401251333e-09, 0.0, 0.0, 0.0, 1.0]}, {"left_foot_pose": [0.9996725398096047, 0.025584272599692096, 0.0005080808596531056, -0.02624831591962177, -0.025589317118951013, 0.9994754956563344, 0.019847428848863733, -0.018406637367118374, -3.233896331687512e-08, -0.01985393104827393, 0.9998028912850425, 0.0009158373484861038, 0.0, 0.0, 0.0, 1.0], "right_foot_pose": [0.9999999999999998, -3.0131323536180234e-10, -1.6425460991342768e-09, 3.789528037064975e-10, 1.0230462383059572e-10, 0.9927936175506, -0.11983669283985102, -0.1400000002503104, 1.6668175615222786e-09, 0.11983669283985089, 0.9927936175506001, 3.440919695008038e-09, 0.0, 0.0, 0.0, 1.0]}, {"left_foot_pose": [0.9996684725957834, 0.025710137844951585, 0.0013905790187652238, -0.026410832750188594, -0.0257477163650259, 0.9982094633586894, 0.053990020958914385, -0.018520596469818854, 1.7450256394642884e-09, -0.054007926021570764, 0.9985405069033755, 3.7751179404743596e-09, 0.0, 0.0, 0.0, 1.0], "right_foot_pose": [0.9999999999999998, -2.3189697220616498e-10, -1.7723713607864494e-09, 3.08464518254441e-10, 7.80734329494635e-11, 0.9962690610817396, -0.08630155231112031, -0.1400000000506433, 1.7857717915193218e-09, 0.08630155231112017, 0.9962690610817396, 3.6755213803085773e-09, 0.0, 0.0, 0.0, 1.0]}, {"left_foot_pose": [0.9996684725951906, 0.025648809555828177, 0.0022546546450006965, -0.02641083265675514, -0.02574771638804785, 0.9958283577835768, 0.08753820271667398, -0.018520596566091275, 1.6578388793929676e-09, -0.08756723361185823, 0.9961586116666196, 3.534132583804528e-09, 0.0, 0.0, 0.0, 1.0], "right_foot_pose": [1.0000000000000002, -1.3461302188134095e-10, -1.668019888878546e-09, 3.719517780799572e-10, 4.6932096053317323e-11, 0.9986232985971742, -0.0524548138772695, -0.140000000143969, 1.6727844966992047e-09, 0.05245481387726934, 0.9986232985971742, 3.5026564010331995e-09, 0.0, 0.0, 0.0, 1.0]}, {"left_foot_pose": [0.9996684725950971, 0.02556576249017388, 0.0030555993982380285, -0.026410832622707353, -0.02574771639168177, 0.9926040116576152, 0.11863528624242904, -0.018520596572608156, 1.330317780299605e-09, -0.11867463010056369, 0.9929331962274682, 2.805478523104643e-09, 0.0, 0.0, 0.0, 1.0], "right_foot_pose": [0.9999999998441096, 1.7653034994615253e-05, -3.885654664138693e-07, -4.835900946872506e-06, -1.7657298448807155e-05, 0.9997832523956679, -0.020819412032047076, -0.14000047328404322, 2.095543637440908e-08, 0.020819412035662396, 0.9997832525515162, 3.7401950691122454e-05, 0.0, 0.0, 0.0, 1.0]}, {"left_foot_pose": [0.999668472595357, 0.025474053200208492, 0.0037439968508822924, -0.02641083260529939, -0.02574771638158334, 0.9890433520884885, 0.14536265954742444, -0.018520596259599023, 9.270291659892963e-10, -0.14541086721122284, 0.9893713558097793, 1.839941997372474e-09, 0.0, 0.0, 0.0, 1.0], "right_foot_pose": [0.9999983504328949, 0.0018163105963687253, 1.213698817247118e-05, -0.0004974638992936113, -0.001816351145862604, 0.9999762539400275, 0.0066477383059390886, -0.14004873758737196, -6.234243988878144e-08, -0.006647749385081183, 0.9999779034699263, 0.0034929902196397175, 0.0, 0.0, 0.0, 1.0]}, {"left_foot_pose": [0.9996684725958241, 0.025385534517353953, 0.004303432955340815, -0.026410832599154076, -0.025747716363453795, 0.9856065705725515, 0.16708304266526264, -0.018520596204193877, 5.500410080227141e-10, -0.16713845362896934, 0.9859334345271583, 1.087257575638212e-09, 0.0, 0.0, 0.0, 1.0], "right_foot_pose": [0.9999808528086042, 0.006185264570380733, 0.00019109780595173112, -0.0016948365202964337, -0.006188215892310144, 0.9995064105038975, 0.030800021845516477, -0.1401660584619755, -4.971981940386316e-07, -0.030800614666083127, 0.999525548515867, 0.010538497615375411, 0.0, 0.0, 0.0, 1.0]}, {"left_foot_pose": [0.9996684725963071, 0.025310014514230633, 0.004727373716660725, -0.02641083263361482, -0.02574771634470761, 0.9826744697398384, 0.18354275149011137, -0.01852059630688355, 2.4391466354179994e-10, -0.18360362111575523, 0.9830003612986026, 5.429416152780142e-10, 0.0, 0.0, 0.0, 1.0], "right_foot_pose": [0.9999206884913938, 0.012577368540253849, 0.0006530907281339179, -0.003449407570692361, -0.012594313227678604, 0.998579911024552, 0.05176431756066366, -0.14033797878120408, -1.1043819960434874e-06, -0.05176843728374232, 0.9986591154643208, 0.018295208178157468, 0.0, 0.0, 0.0, 1.0]}, {"left_foot_pose": [0.9996684725966727, 0.025255090436485564, 0.005012514666448713, -0.02641083271108876, -0.025747716330510005, 0.9805420159268236, 0.19461348901328784, -0.0185205964634505, 2.9287792077924396e-11, -0.1946780301143571, 0.9808672002828898, 1.9026845377023704e-10, 0.0, 0.0, 0.0, 1.0], "right_foot_pose": [0.9997899480280042, 0.020447899881684252, 0.001393991603003015, -0.005613634335768696, -0.02049536092120758, 0.9974803529832036, 0.06791822725316733, -0.140550040640089, -1.6941252049744915e-06, -0.0679325312566232, 0.9976899173561882, 0.02388441703859666, 0.0, 0.0, 0.0, 1.0]}, {"left_foot_pose": [0.9996684725968289, 0.0252260818801607, 0.005156519068108949, -0.026410832818409957, -0.025747716324449547, 0.9794157446906853, 0.20020453080803788, -0.018520596542697797, -7.616108015177648e-11, -0.20027092611002334, 0.9797405555324508, 2.6053596779984645e-11, 0.0, 0.0, 0.0, 1.0], "right_foot_pose": [0.9995691444552973, 0.029265216473031024, 0.0022522339335838467, -0.008039974760643396, -0.029351753757392792, 0.9966275288014693, 0.07662925933637532, -0.14078778314308252, -2.0664768635136015e-06, -0.07666235021092656, 0.9970571117322552, 0.025000000625960292, 0.0, 0.0, 0.0, 1.0]}, {"left_foot_pose": [0.9996684725967684, 0.02522359368496134, 0.005168676586976523, -0.026410832922781045, -0.02574771632678839, 0.9793191391278858, 0.2006765527952198, -0.018520596575040744, -7.578316495220533e-11, -0.20074310463732858, 0.979643917931698, 1.3480369598362074e-11, 0.0, 0.0, 0.0, 1.0], "right_foot_pose": [0.9992538215642199, 0.03850288855679058, 0.0030541221464310967, -0.010580878624179356, -0.03862382793844319, 0.9961293737647351, 0.07895866411267644, -0.14103674943754035, -2.1641362021533595e-06, -0.07901770874848442, 0.9968732124495351, 0.02500000069974604, 0.0, 0.0, 0.0, 1.0]}, {"left_foot_pose": [0.9996684725965259, 0.025247228343215897, 0.00505196570800333, -0.02641083299906139, -0.025747716336197893, 0.9802367659149752, 0.19614519584231777, -0.018520596612887984, 2.072906747118771e-11, -0.19621024491482625, 0.9805618490388381, 1.6594661755853224e-10, 0.0, 0.0, 0.0, 1.0], "right_foot_pose": [0.998858252671853, 0.04763556010175931, 0.0036117147069268936, -0.013088801966995708, -0.04777228344347739, 0.9960026749120374, 0.0754750323130942, -0.14128248420734094, -1.982071185777528e-06, -0.07556139875530535, 0.9971411509982991, 0.02499255086571439, 0.0, 0.0, 0.0, 1.0]}, {"left_foot_pose": [0.9996684725961147, 0.025296602989941963, 0.004798622148214985, -0.026410833079530793, -0.02574771635217512, 0.9821537601542775, 0.18630900814899717, -0.01852059647557402, 2.2616566693094812e-10, -0.18637079516915864, 0.9824794790264156, 4.942661002704796e-10, 0.0, 0.0, 0.0, 1.0], "right_foot_pose": [0.9984162289127013, 0.05614116139462855, 0.0036337089870169823, -0.015416203614102394, -0.056258633483603285, 0.9963332032654828, 0.06446017552954558, -0.14151052712645404, -1.5157968388665206e-06, -0.0645625128693465, 0.9979136645670794, 0.021837793253570312, 0.0, 0.0, 0.0, 1.0]}, {"left_foot_pose": [0.9996684725956843, 0.025367732503478953, 0.004407158477410868, -0.026410833082748456, -0.025747716368894977, 0.984915398117012, 0.1711102383079273, -0.01852059632244491, 5.076576486930235e-10, -0.17116698484123843, 0.9852420328530246, 9.703929187976357e-10, 0.0, 0.0, 0.0, 1.0], "right_foot_pose": [0.9979789413675396, 0.06347574851177061, 0.0029769007029784335, -0.01741552941211622, -0.06354551586163727, 0.9968839094177314, 0.04673797768302244, -0.14170642488184718, -8.962933772685835e-07, -0.04683268618060218, 0.9989027477709258, 0.014923780131591576, 0.0, 0.0, 0.0, 1.0]}, {"left_foot_pose": [0.9996684725954884, 0.025452753514512084, 0.0038861596896314753, -0.026410832949139464, -0.025747716376482946, 0.9882163813119369, 0.1508822017606366, -0.01852059626617989, 8.254521972726369e-10, -0.15093223991338242, 0.9885441107784366, 1.5192557906162918e-09, 0.0, 0.0, 0.0, 1.0], "right_foot_pose": [0.9976099683199535, 0.06907511102446397, 0.0017263098272210303, -0.018939235218373707, -0.06909667943217615, 0.9972986852787857, 0.024919495032060524, -0.14185572297493923, -3.296350581686781e-07, -0.024979218926215373, 0.9996879706296999, 0.007129215258237738, 0.0, 0.0, 0.0, 1.0]}, {"left_foot_pose": [0.9996684725955006, 0.025541177906390638, 0.003254708855539478, -0.02641083279945529, -0.025747716376024646, 0.9916495037820808, 0.12636580530417896, -0.01852059641430108, 1.0930071429389e-09, -0.12640771289722802, 0.9919783718005616, 2.031100385102569e-09, 0.0, 0.0, 0.0, 1.0], "right_foot_pose": [0.9973773784944207, 0.07237654478536575, 2.5150137862137994e-05, -0.019839778037022242, -0.07237654915507838, 0.9973773182787362, 0.00034657685883828697, -0.14194396462588946, -1.4151019596358854e-10, -0.0003474881991043421, 0.9999999396259741, 0.0013328057737051965, 0.0, 0.0, 0.0, 1.0]}, {"left_foot_pose": [0.9996684725965652, 0.025620433299392606, 0.0025570087999204436, -0.02641083210717474, -0.025747716334686477, 0.9947266386113377, 0.09927723576197409, -0.01852059656409956, 1.028542813373348e-09, -0.09931015977502748, 0.9950565271206756, 2.1934402003043196e-09, 0.0, 0.0, 0.0, 1.0], "right_foot_pose": [0.9973292417499857, 0.07301102158666405, -0.001942749924865311, -0.020021103082134815, -0.07303686432479747, 0.9969763556845861, -0.026528525316775974, -0.14196173536534704, 1.0055329813470582e-09, 0.026599566401604723, 0.9996461689354121, 2.2916525205252114e-09, 0.0, 0.0, 0.0, 1.0]}, {"left_foot_pose": [0.9996684725970404, 0.025680478186284064, 0.0018595525336594998, -0.02641083166866688, -0.02574771631624123, 0.9970579155101555, 0.07219811786357655, -0.018520596475926094, 6.178940692452252e-10, -0.07222206144017458, 0.9973885771560314, 1.9874129286723274e-09, 0.0, 0.0, 0.0, 1.0], "right_foot_pose": [0.9973292417500568, 0.07293163062629394, -0.003919286216436657, -0.020021102632596405, -0.0730368643238229, 0.995892260407417, -0.05351842776417377, -0.14196173516825883, 6.038739377187683e-10, 0.05366174535733459, 0.998559170547847, 2.1693985774451363e-09, 0.0, 0.0, 0.0, 1.0]}, {"left_foot_pose": [0.9996684725967052, 0.02571861383005251, 0.0012238459185751132, -0.026410832747583518, -0.0257477163292546, 0.9985385515016879, 0.04751648417907635, -0.01852059652217867, 7.763679390591289e-10, -0.04753224240000508, 0.9988697041818961, 1.5751284929144127e-09, 0.0, 0.0, 0.0, 1.0], "right_foot_pose": [0.9973292417507613, 0.07281358220231621, -0.005706644873993954, -0.0200211037593704, -0.07303686431420323, 0.9942802921336954, -0.07792507379323828, -0.14196173530460848, 7.661522091322486e-10, 0.07813375020693354, 0.9969428855649659, 1.5476577103212819e-09, 0.0, 0.0, 0.0, 1.0]}, {"left_foot_pose": [0.9995888990826888, 0.028665222785802153, 0.0005812342897781371, -0.025614633728450985, -0.028671114916339883, 0.9993837138795163, 0.020252397434375232, -0.017330556218581268, -3.365987497420638e-07, -0.02026073629032791, 0.9997947302145882, 0.0028444594312062796, 0.0, 0.0, 0.0, 1.0], "right_foot_pose": [0.9973292417510977, 0.07268193495569607, -0.007191653445199431, -0.02002110400355241, -0.07303686430960649, 0.9924826293216489, -0.09820309031087873, -0.14196173559070766, 4.980378282618243e-10, 0.0984660694142019, 0.9951404087736152, 9.922860380595644e-10, 0.0, 0.0, 0.0, 1.0]}, {"left_foot_pose": [0.9993200994375283, 0.03686402092404023, -0.0006187256911215781, -0.023381477111544903, -0.03686921290035395, 0.9991796131989112, -0.0167559454458338, -0.013992742790444062, 5.265732135894056e-07, 0.016767364998333124, 0.9998594178536983, 0.009617039679183967, 0.0, 0.0, 0.0, 1.0], "right_foot_pose": [0.9973292417508277, 0.07256023465229244, -0.008330419912748776, -0.02002110411316973, -0.07303686431329352, 0.990820793143544, -0.1137531200700887, -0.14196173561360279, 1.8045230562352734e-10, 0.11405774073513249, 0.9934741223496449, 5.199878999606611e-10, 0.0, 0.0, 0.0, 1.0]}, {"left_foot_pose": [0.9987859816785454, 0.049161240168605076, -0.0031201390209037424, -0.020004878472340802, -0.04926015423660029, 0.9967838278048425, -0.06320947580318234, -0.008945857403552006, 2.647895647489105e-06, 0.0632864368708769, 0.9979954042485256, 0.01743949419678651, 0.0, 0.0, 0.0, 1.0], "right_foot_pose": [0.9973292417503641, 0.0724711044455786, -0.009073178609592314, -0.020021104106686508, -0.07303686431962636, 0.9896037063759248, -0.12389560435055234, -0.14196173547169946, -1.025738608555625e-10, 0.12422738565819591, 0.9922537763357365, 1.7562571535956195e-10, 0.0, 0.0, 0.0, 1.0]}, {"left_foot_pose": [0.9979009458124071, 0.06432230163995611, -0.007506254621520324, -0.015778467591802625, -0.06475880105412321, 0.991184940068789, -0.11557989559981738, -0.002628780745859916, 5.72162888633755e-06, 0.11582338318565341, 0.9932698243049033, 0.02343311826259214, 0.0, 0.0, 0.0, 1.0], "right_foot_pose": [0.9973292417502525, 0.07243185735553011, -0.009381342648808723, -0.02002110398393311, -0.07303686432115092, 0.98906778117248, -0.12810363264435914, -0.14196173531457568, -2.8834560513007607e-10, 0.12844668266084272, 0.9917164159745591, 7.777931076979883e-12, 0.0, 0.0, 0.0, 1.0]}, {"left_foot_pose": [0.9966094115601842, 0.08113742697425355, -0.013652792156257067, -0.010995874843240308, -0.08227806943500389, 0.9828111482872885, -0.16526513876880042, 0.004519596333759623, 8.928208175154556e-06, 0.16582811808080028, 0.9861546710197485, 0.025000006955267856, 0.0, 0.0, 0.0, 1.0], "right_foot_pose": [0.9973292417510125, 0.07245249366952852, -0.0092206132885859, -0.020021103745381737, -0.07303686431077601, 0.989349573196103, -0.12590884984121753, -0.1419617352969027, -3.243897394714642e-10, 0.126246022423504, 0.9919989626114759, 9.393365252297059e-11, 0.0, 0.0, 0.0, 1.0]}, {"left_foot_pose": [0.994913649985872, 0.09849687359168965, -0.021099643704428264, -0.005950743435303746, -0.10073146945475757, 0.972866785603667, -0.20828679394209118, 0.01206037985362788, 1.1544534377166047e-05, 0.20935277252009968, 0.9778401794285569, 0.025000005554544368, 0.0, 0.0, 0.0, 1.0], "right_foot_pose": [0.9973292417528625, 0.07253158211061102, -0.008576312796986153, -0.02002110341684204, -0.07303686428551026, 0.9904295382342547, -0.11711082891185219, -0.14196173531844236, -1.7999033611260446e-10, 0.11742444119353021, 0.9930818196958332, 4.33240297803561e-10, 0.0, 0.0, 0.0, 1.0]}, {"left_foot_pose": [0.9928898382743252, 0.11542051462151069, -0.029118273576755123, -0.0009367036021815985, -0.11903683833984727, 0.9627527270003031, -0.24277029837180197, 0.019554693420907623, 1.3024518670468716e-05, 0.24451030951267952, 0.969646692549599, 0.0250000034771707, 0.0, 0.0, 0.0, 1.0], "right_foot_pose": [0.9973292417557453, 0.0726588944616613, -0.007420821687613022, -0.02002110307014783, -0.07303686424614741, 0.9921680083900483, -0.10133242121066356, -0.14196173535724704, 1.7612630695761995e-10, 0.10160378035749773, 0.9948249453130261, 1.0874913539127284e-09, 0.0, 0.0, 0.0, 1.0]}, {"left_foot_pose": [0.9906923513937579, 0.13153701874466045, -0.03502395736741774, 0.003752614845218553, -0.1361200379685179, 0.9573601772559107, -0.25481920309894507, 0.02656365179421517, 1.2383738948812325e-05, 0.2572148979050378, 0.9663542291221916, 0.02245972408783347, 0.0, 0.0, 0.0, 1.0], "right_foot_pose": [0.9973292417586709, 0.0728473615819682, -0.005257893458434391, -0.020021102979362066, -0.07303686420619557, 0.9947415562377423, -0.07179730329643409, -0.14196173582344995, 1.0075296206731049e-09, 0.07198957010748414, 0.99740538488407, 2.4296590989125733e-09, 0.0, 0.0, 0.0, 1.0]}, {"left_foot_pose": [0.9885463188744302, 0.14599667348496317, -0.038224949589753705, 0.007823570931499633, -0.15091777674669177, 0.956328871577833, -0.2503176263240459, 0.03264836589928208, 1.0082149325606445e-05, 0.25321939246036057, 0.9674088790063676, 0.01583856117181199, 0.0, 0.0, 0.0, 1.0], "right_foot_pose": [0.9973292417602402, 0.0729810214779456, -0.0028555269180733063, -0.02002110291068283, -0.07303686418476756, 0.9965667022835423, -0.038992619426773886, -0.14196173634167322, 1.848159465141597e-09, 0.03909703829884116, 0.9992354185056986, 4.124142603811887e-09, 0.0, 0.0, 0.0, 1.0]}, {"left_foot_pose": [0.9867287589410955, 0.15796624541451706, -0.037590179411744126, 0.010982532964149482, -0.16237720355910912, 0.9599337205053943, -0.22838760036612338, 0.037369960168329566, 6.549048112739647e-06, 0.23146040168096374, 0.9728443258871369, 0.007998175304704494, 0.0, 0.0, 0.0, 1.0], "right_foot_pose": [0.9973292417581586, 0.07303672641465751, 0.00014187574397887814, -0.02002110302812358, -0.07303686421319201, 0.9973273600219438, 0.0019373738832473284, -0.14196173674599116, 2.8850798775820187e-09, -0.00194256178542939, 0.9999981132250749, 6.3116135928797945e-09, 0.0, 0.0, 0.0, 1.0]}, {"left_foot_pose": [0.9855384144238366, 0.16619681227219402, -0.033055306465254494, 0.01293587072682825, -0.1694521575191399, 0.9666082952129518, -0.19223519432617092, 0.04028955386617909, 2.6569265856374407e-06, 0.19505646161066603, 0.9807920150454268, 0.001817275785525721, 0.0, 0.0, 0.0, 1.0], "right_foot_pose": [0.9973292417501245, 0.07294352344697266, 0.003691332721723286, -0.02002110343244259, -0.07303686432289852, 0.9960546554552049, 0.050405751615181814, -0.1419617368476408, 3.982497431777617e-09, -0.05054073340538173, 0.9987220004920518, 8.736136043741016e-09, 0.0, 0.0, 0.0, 1.0]}, {"left_foot_pose": [0.985226976258644, 0.1694384902999539, -0.024867715156861134, 0.01343364845176079, -0.17125362843528372, 0.9747844392552635, -0.14306464180066364, 0.041033572719070946, 4.8527321126906375e-09, 0.14520983090230116, 0.9894008818519043, 1.0466718235180306e-08, 0.0, 0.0, 0.0, 1.0], "right_foot_pose": [0.9973292417238118, 0.07263718306793075, 0.007630415359768131, -0.020021105831922084, -0.07303686468220445, 0.9918715231462439, 0.10419451986041933, -0.14196173608467907, 4.708644528443356e-09, -0.10447354309826924, 0.9945276661775148, 1.0655268278814134e-08, 0.0, 0.0, 0.0, 1.0]}, {"left_foot_pose": [0.985226976270591, 0.17056988471582693, -0.015287892488459522, 0.013433644541233275, -0.17125362836655195, 0.9812933816865466, -0.08795165620653841, 0.041033572688185575, 3.859145340439144e-09, 0.08927045136108461, 0.9960074229210291, 9.821485374983396e-09, 0.0, 0.0, 0.0, 1.0], "right_foot_pose": [0.9973292416902537, 0.07210583058530695, 0.011624666238057359, -0.020021109670174835, -0.07303686514044261, 0.9846158184006434, 0.158736594664518, -0.14196173492911962, 3.740948939905392e-09, -0.1591616767655888, 0.9872525313460413, 1.1718122257253771e-08, 0.0, 0.0, 0.0, 1.0]}, {"left_foot_pose": [0.9852269762148326, 0.17115129625931422, -0.005919385722789503, 0.013433648870947898, -0.17125362868733202, 0.9846382557037993, -0.03405436926448442, 0.04103357167582977, 4.190015235977503e-09, 0.0345649995419788, 0.9994024518714493, 8.092661596403872e-09, 0.0, 0.0, 0.0, 1.0], "right_foot_pose": [0.9973292417210601, 0.0714034246714841, 0.015360161238697857, -0.02002110505993077, -0.07303686471977747, 0.9750243634981064, 0.20974533839162499, -0.1419617362937539, 4.035051608363906e-09, -0.21030701731111143, 0.9776353913753859, 1.0677743654541327e-08, 0.0, 0.0, 0.0, 1.0]}, {"left_foot_pose": [0.9852269761876848, 0.1712358002748786, 0.002471051657431494, 0.013433650232112597, -0.17125362884351297, 0.9851244076739487, 0.014216047727147282, 0.04103357147576804, 3.008944837886838e-09, -0.014429210278952196, 0.9998958935262847, 5.924190110695449e-09, 0.0, 0.0, 0.0, 1.0], "right_foot_pose": [0.9971596757260971, 0.07287517777962783, 0.019020766793491663, -0.01968103304416293, -0.07531653929463696, 0.964849831605321, 0.2517781193032132, -0.14102558228127793, -3.8084324624498288e-06, -0.252495566128935, 0.9675980513987843, 0.002250299699199862, 0.0, 0.0, 0.0, 1.0]}, {"left_foot_pose": [0.9852269761819225, 0.17098964125548397, 0.00950515579815764, 0.013433650311525599, -0.17125362887666415, 0.9837082472906408, 0.0546834418169696, 0.041033571294591654, 1.9484683871578426e-09, -0.05550339445202579, 0.998458498488697, 3.971631266919129e-09, 0.0, 0.0, 0.0, 1.0], "right_foot_pose": [0.996555328585058, 0.07954820467056435, 0.0234427004079469, -0.01854468882508752, -0.0829305552801981, 0.9559389205075844, 0.281608421855086, -0.1378974413239388, -8.345343072674956e-06, -0.2825824895362135, 0.9592430018185542, 0.008710107574462542, 0.0, 0.0, 0.0, 1.0]}, {"left_foot_pose": [0.9852269761837323, 0.17058326524460707, 0.015137867034291994, 0.013433650120262266, -0.17125362886625142, 0.9813703547214709, 0.08708858406240931, 0.041033570972316705, 1.0937255039978523e-09, -0.08839443699884772, 0.9960855502955848, 2.438530162518493e-09, 0.0, 0.0, 0.0, 1.0], "right_foot_pose": [0.9954917754930795, 0.09049764106766633, 0.028395455390326844, -0.016764582445908477, -0.09484790338556559, 0.9498713945568908, 0.2979063762760211, -0.1329971415248728, -1.2206498691355946e-05, -0.29925659685917677, 0.9541726725741339, 0.016558462749492936, 0.0, 0.0, 0.0, 1.0]}, {"left_foot_pose": [0.98522697618849, 0.170150607632284, 0.019405569119453642, 0.013433649756555328, -0.17125362883888107, 0.9788812636495228, 0.11164079131495255, 0.04103357062869278, 4.57299176489356e-10, -0.11331479337791121, 0.9935591364391563, 1.3470786638936083e-09, 0.0, 0.0, 0.0, 1.0], "right_foot_pose": [0.9939337299528537, 0.1049685780994761, 0.03282282854633674, -0.014501180651690827, -0.10998063579565222, 0.9486774928452129, 0.2965050999880186, -0.12676642050522705, -1.4559948441538442e-05, -0.2983162955332731, 0.9544670699439101, 0.02291665736291252, 0.0, 0.0, 0.0, 1.0]}, {"left_foot_pose": [0.9852269761970291, 0.16981876852529937, 0.022122188639701685, 0.01343364915713576, -0.17125362878975633, 0.9769721843110593, 0.1272695788820667, 0.0410335705653506, 1.9941513706839613e-10, -0.12917792744516832, 0.9916214313239565, 6.044983957842476e-10, 0.0, 0.0, 0.0, 1.0], "right_foot_pose": [0.9918719601989041, 0.12239170841892533, 0.03478914028084019, -0.011914946771655333, -0.1272399872564717, 0.9541096781583354, 0.27108062949530415, -0.11964701174297357, -1.4634073549725093e-05, -0.27330384511545813, 0.9619277561391757, 0.02500000592303029, 0.0, 0.0, 0.0, 1.0]}, {"left_foot_pose": [0.9852269761986066, 0.16959567945764067, 0.023772060908824857, 0.013433649025697976, -0.17125362878068198, 0.9756887467940101, 0.1367613395992562, 0.04103357061663768, -3.969546145249267e-12, -0.13881201276847768, 0.9903187492475163, 2.3155782152839421e-10, 0.0, 0.0, 0.0, 1.0], "right_foot_pose": [0.9893523141427453, 0.14152463825583372, 0.033952544336911625, -0.009166357366493275, -0.14554036668749315, 0.9620748239680277, 0.23071635128737286, -0.11208066351004196, -1.2839960549654182e-05, -0.23320122180950056, 0.9724285012183116, 0.025000008147946687, 0.0, 0.0, 0.0, 1.0]}, {"left_foot_pose": [0.9852269761986607, 0.16952334649432826, 0.024282511480660487, 0.013433648925966546, -0.17125362878036893, 0.9752726132493668, 0.1396979759170013, 0.04103357065851403, -5.2067657001656965e-11, -0.14179268260074473, 0.9898963759711851, 1.248572564782613e-10, 0.0, 0.0, 0.0, 1.0], "right_foot_pose": [0.9864929804769236, 0.1610098655782044, 0.030123456910594114, -0.006415880061310696, -0.16380353895276575, 0.9696793325408491, 0.18135708607518694, -0.10450911793677035, -9.813540267216885e-06, -0.18384182122036785, 0.9829558406531154, 0.025000009356011703, 0.0, 0.0, 0.0, 1.0]}, {"left_foot_pose": [0.9852269761973751, 0.1696056170250049, 0.023701055810767226, 0.013433648797347115, -0.17125362878776507, 0.9757459178274749, 0.13635284547834597, 0.041033570789406885, 3.49125222325984e-11, -0.13839739346023405, 0.9903767775364156, 2.9626043285269077e-10, 0.0, 0.0, 0.0, 1.0], "right_foot_pose": [0.9834899699137852, 0.179507562147724, 0.022902275231133164, -0.003823978647243144, -0.18096264543076826, 0.9755862218564048, 0.12443490138479585, -0.09737410793110278, -6.138370979682706e-