{"LoopMode": "Wrap", "FrameDuration": 0.0167, "EnableCycleOffsetPosition": true, "EnableCycleOffsetRotation": false, "Debug_info": [{"left_foot_pose": [1.0000000000000007, 6.024384929284315e-14, -4.9827919568201675e-12, 1.055409989384046e-12, -8.681978214671818e-15, 0.9999471444613461, 0.010281453379786644, -2.241089258614437e-13, 4.982689224463746e-12, -0.010281453379786816, 0.9999471444613464, 1.0879679102071549e-11, 0.0, 0.0, 0.0, 1.0], "right_foot_pose": [0.9999999999999998, -1.0173061801352719e-13, -5.0286996788884145e-12, 1.2359941791425816e-12, 3.0558714220325736e-14, 0.9998996814749146, -0.01416428559314583, -0.1400000000015225, 5.029453392609901e-12, 0.014164285593145679, 0.9998996814749147, 8.549494445730943e-12, 0.0, 0.0, 0.0, 1.0]}, {"left_foot_pose": [1.0000000000000007, 1.0836453173795858e-13, -1.114858205752967e-11, 2.0088046553334065e-12, -1.887556212246096e-14, 0.9999680214854227, 0.007997249935437944, 1.6640161470959924e-13, 1.1148668682404255e-11, -0.007997249935438116, 0.9999680214854227, 2.351728534133457e-11, 0.0, 0.0, 0.0, 1.0], "right_foot_pose": [0.9999999999999998, -2.6880968711920385e-13, -1.1227296869975588e-11, 2.5577098031603682e-12, 8.415891471850396e-14, 0.9998647017546681, -0.016449260927121245, -0.14000000000272728, 1.12300165552799e-11, 0.016449260927121102, 0.999864701754668, 1.9915812055071314e-11, 0.0, 0.0, 0.0, 1.0]}, {"left_foot_pose": [1.0000000000000004, 1.0741039542984895e-13, -1.961791840088268e-11, 3.2055585921605443e-12, -1.2621739659313544e-14, 0.999988408511053, 0.004814856543275214, 9.452143928667667e-13, 1.9617981313103785e-11, -0.004814856543275386, 0.9999884085110531, 4.073686526995246e-11, 0.0, 0.0, 0.0, 1.0], "right_foot_pose": [0.9999999999999998, -5.695651587660795e-13, -1.9747092849797806e-11, 4.301413946314762e-12, 1.818165646472777e-13, 0.9998072442644732, -0.019633499847966453, -0.14000000000412943, 1.975450763588631e-11, 0.019633499847966304, 0.9998072442644732, 3.5750201410333915e-11, 0.0, 0.0, 0.0, 1.0]}, {"left_foot_pose": [1.0000000000000007, -9.05706397433762e-15, -3.027833539448466e-11, 4.609312619117254e-12, 3.2107403990248356e-14, 0.9999997184784477, 0.0007503619300310794, 2.1746285328028137e-12, 3.027805034110668e-11, -0.0007503619300312529, 0.9999997184784479, 6.239046779210611e-11, 0.0, 0.0, 0.0, 1.0], "right_foot_pose": [0.9999999999999998, -1.0671172288098412e-12, -3.0488167546138805e-11, 6.426128202816858e-12, 3.4426408589608884e-13, 0.9997190762997992, -0.02370165568639723, -0.14000000000563081, 3.0504782763090406e-11, 0.023701655686397087, 0.999719076299799, 5.5848603519592643e-11, 0.0, 0.0, 0.0, 1.0]}, {"left_foot_pose": [1.0000000000000004, -3.2359976152709304e-13, -4.325356739443009e-11, 6.209921158089582e-12, 1.427612836724858e-13, 0.9999912282109075, -0.004188496298365855, 3.961912395378242e-12, 4.325421986857891e-11, 0.004188496298365682, 0.9999912282109077, 8.882111018904126e-11, 0.0, 0.0, 0.0, 1.0], "right_foot_pose": [1.0, -1.8498937300792743e-12, -4.359107519391613e-11, 8.934080279378591e-12, 6.004469146800493e-13, 0.9995895924388507, -0.028646931562249275, -0.14000000000714716, 4.362617006096909e-11, 0.028646931562249133, 0.9995895924388509, 8.04564470602287e-11, 0.0, 0.0, 0.0, 1.0]}, {"left_foot_pose": [1.0000000000000004, -9.453064028659145e-13, -5.893141530322055e-11, 8.021886529239691e-12, 3.5555972935805416e-13, 0.9999498765174205, -0.01001221517928153, 6.478392475250949e-12, 5.893756606083114e-11, 0.010012215179281353, 0.9999498765174206, 1.209270045210431e-10, 0.0, 0.0, 0.0, 1.0], "right_foot_pose": [0.9999999999999998, -3.04355678655366e-12, -5.946743097950955e-11, 1.1872137110380152e-11, 9.91316469390638e-13, 0.9994053537865244, -0.0344809921961651, -0.14000000000859364, 5.953683514810445e-11, 0.03448099219616495, 0.9994053537865242, 1.1033057106812905e-10, 0.0, 0.0, 0.0, 1.0]}, {"left_foot_pose": [1.0000000000000007, -2.0273005502293176e-12, -7.79695197294927e-11, 1.0079107481263405e-11, 7.211510590759464e-13, 0.9998596634029874, -0.016752716187700294, 9.981088872068611e-12, 7.799222465015376e-11, 0.016752716187700113, 0.9998596634029874, 1.6019693210855834e-10, 0.0, 0.0, 0.0, 1.0], "right_foot_pose": [0.9999999999999999, -4.829609015771725e-12, -7.880746055732853e-11, 1.5327932701676148e-11, 1.575762895025524e-12, 0.9991493845452292, -0.041237208475958416, -0.14000000000986088, 7.893966055664901e-11, 0.04123720847595827, 0.9991493845452292, 1.4676291432147437e-10, 0.0, 0.0, 0.0, 1.0]}, {"left_foot_pose": [1.0000000000000004, -3.791062785143192e-12, -1.0128703431533376e-10, 1.2427001397694546e-11, 1.3124035910520351e-12, 0.9997007186612378, -0.024463710025375018, 1.483802143653623e-11, 1.013491181793727e-10, 0.02446371002537484, 0.9997007186612379, 2.0873140021970826e-10, 0.0, 0.0, 0.0, 1.0], "right_foot_pose": [1.0, -7.470684266992812e-12, -1.0257844573757776e-10, 1.9422767456629448e-11, 2.438412630530095e-12, 0.9988001958671648, -0.048971101026146456, -0.1400000000107816, 1.0282119102482548e-10, 0.04897110102614632, 0.998800195867165, 1.9157816999459953e-10, 0.0, 0.0, 0.0, 1.0]}, {"left_foot_pose": [1.0000000000000004, -6.557384165330669e-12, -1.3004475274414052e-10, 1.511157762117725e-11, 2.234126704641696e-12, 0.9994480910150076, -0.03321917167025821, 2.155593065156225e-11, 1.301902463308136e-10, 0.03321917167025802, 0.9994480910150079, 2.692591358210983e-10, 0.0, 0.0, 0.0, 1.0], "right_foot_pose": [0.9999999999999998, -1.1343005581782303e-11, -1.3200868176355122e-10, 2.4300682933604784e-11, 3.699457332509665e-12, 0.9983305604657139, -0.05775891308026543, -0.14000000001108723, 1.324432512985364e-10, 0.057758913080265296, 0.9983305604657139, 2.471190405084478e-10, 0.0, 0.0, 0.0, 1.0]}, {"left_foot_pose": [1.0000000000000004, -1.0778509156333148e-11, -1.6553708404032345e-10, 1.8156767592523955e-11, 3.6326906915094777e-12, 0.9990703729855891, -0.0431090457147535, 3.079199395461529e-11, 1.658476555881488e-10, 0.04310904571475332, 0.9990703729855893, 3.4500918094648725e-10, 0.0, 0.0, 0.0, 1.0], "right_foot_pose": [0.9999999999999997, -1.6967773259365713e-11, -1.684892780851043e-10, 3.01026233464702e-11, 5.5233066521451846e-12, 0.9977061696829731, -0.06769341900458715, -0.1400000000103544, 1.692511861558831e-10, 0.06769341900458702, 0.9977061696829731, 3.1608313189046555e-10, 0.0, 0.0, 0.0, 1.0]}, {"left_foot_pose": [1.0000000000000007, -1.7043628471042912e-11, -2.0880025486391648e-10, 2.1507071399432555e-11, 5.695845446967079e-12, 0.9985285196551937, -0.05422910136825441, 4.328437608336344e-11, 2.094170815224587e-10, 0.05422910136825423, 0.9985285196551938, 4.390184535352226e-10, 0.0, 0.0, 0.0, 1.0], "right_foot_pose": [1.0, -2.5006034387375577e-11, -2.1317625442662787e-10, 3.6890989684867494e-11, 8.11418201236697e-12, 0.9968846051274407, -0.0788738490242926, -0.14000000000795224, 2.144843385570712e-10, 0.07887384902429247, 0.9968846051274408, 4.00826725976966e-10, 0.0, 0.0, 0.0, 1.0]}, {"left_foot_pose": [1.0000000000000007, -2.5973652992518472e-11, -2.59552823678177e-10, 2.4897173141265193e-11, 8.615125619587825e-12, 0.9977759238062827, -0.06665737672996314, 5.954953023745713e-11, 2.607064563302404e-10, 0.06665737672996294, 0.9977759238062828, 5.52063457448515e-10, 0.0, 0.0, 0.0, 1.0], "right_foot_pose": [0.9999999999999998, -3.611606729946943e-11, -2.6591323587510353e-10, 4.4467870255392125e-11, 1.1665257968423535e-11, 0.9958158875591017, -0.09138226351365338, -0.14000000000305904, 2.6810090942873315e-10, 0.09138226351365322, 0.9958158875591014, 5.01414174070014e-10, 0.0, 0.0, 0.0, 1.0]}, {"left_foot_pose": [1.0000000000000007, -3.775449690754292e-11, -3.1347641149537186e-10, 2.7539508219992196e-11, 1.2429521204578964e-11, 0.9967627811968365, -0.08039874390031607, 7.8928814872814e-11, 3.1549682154429786e-10, 0.08039874390031586, 0.9967627811968366, 6.769046087540254e-10, 0.0, 0.0, 0.0, 1.0], "right_foot_pose": [0.9999999999999997, -5.0373020295228685e-11, -3.2240610181588605e-10, 5.193001990485627e-11, 1.6167381212428994e-11, 0.9944481623183118, -0.10522762214234771, -0.13999999999495985, 3.259165792981219e-10, 0.10522762214234758, 0.9944481623183116, 6.103998209661121e-10, 0.0, 0.0, 0.0, 1.0]}, {"left_foot_pose": [1.0000000000000004, -5.065941767788784e-11, -3.556973604545979e-10, 2.7430747001453163e-11, 1.6547031694247928e-11, 0.9954527847406156, -0.09525625098729418, 9.704083023254206e-11, 3.589051359512252e-10, 0.09525625098729401, 0.9954527847406157, 7.83578119056827e-10, 0.0, 0.0, 0.0, 1.0], "right_foot_pose": [0.9999999999999998, -6.548208235694467e-11, -3.673817916549634e-10, 5.663871430322226e-11, 2.0842277584422275e-11, 0.9927478218703766, -0.12021548224593723, -0.13999999998420254, 3.7258928524205385e-10, 0.1202154822459371, 0.9927478218703766, 6.999083673742135e-10, 0.0, 0.0, 0.0, 1.0]}, {"left_foot_pose": [1.0000000000000004, -5.747792352883719e-11, -3.483338617549226e-10, 2.030249638729862e-11, 1.8623590745031626e-11, 0.9938724282060513, -0.11053323686479205, 1.0051374663144763e-10, 3.525524259186195e-10, 0.11053323686479188, 0.9938724282060515, 7.89056209260508e-10, 0.0, 0.0, 0.0, 1.0], "right_foot_pose": [0.9999999999999998, -7.253533337128666e-11, -3.6137670633706834e-10, 5.239760040662321e-11, 2.2845832901690795e-11, 0.9907574264638904, -0.13564557459294033, -0.13999999997566803, 3.6787554497149813e-10, 0.13564557459294024, 0.9907574264638904, 6.959571113851482e-10, 0.0, 0.0, 0.0, 1.0]}, {"left_foot_pose": [0.9999999943954372, 0.00010500232059245053, -1.355135517988806e-05, 2.1385882273947594e-05, -0.00010587260988075548, 0.9921830711244355, -0.12479079359101168, 4.806348665748264e-05, 3.421022844153545e-07, 0.12479079432633093, 0.9921830766805526, 0.00016386105165506343, 0.0, 0.0, 0.0, 1.0], "right_foot_pose": [1.0, -5.6044712688978055e-11, -2.532170584323975e-10, 9.236160792339996e-12, 1.7517562389840865e-11, 0.9887377792268788, -0.14965829054716684, -0.14000000003059082, 2.587526978950171e-10, 0.14965829054716667, 0.9887377792268787, 4.699689665210727e-10, 0.0, 0.0, 0.0, 1.0]}, {"left_foot_pose": [0.9999955307636577, 0.002957038612818978, -0.0004408802025762674, 0.0006039673573836806, -0.002989723828871065, 0.9891629344670471, -0.14679152096755677, 0.001357405239628861, 2.0341593931728963e-06, 0.1467921830316036, 0.9891673543929153, 0.004191209007266099, 0.0, 0.0, 0.0, 1.0], "right_foot_pose": [0.9999999999999998, -3.2264887226811894e-11, -1.1782724795850168e-10, -6.093727508077329e-11, 1.290872599219297e-11, 0.9870005511494186, -0.16071686915424926, -0.1400000001611956, 1.2148094888205165e-10, 0.16071686915424907, 0.9870005511494185, 2.3101501267497326e-10, 0.0, 0.0, 0.0, 1.0]}, {"left_foot_pose": [0.9999570094651079, 0.009122342395884806, -0.0016619539135167092, 0.0018732118955216677, -0.009272497232198976, 0.9838428827814768, -0.17879374372531326, 0.004210025800852469, 4.0837808196849834e-06, 0.178801467749698, 0.9838851737443134, 0.011469801545808171, 0.0, 0.0, 0.0, 1.0], "right_foot_pose": [0.9999999999999999, -3.9298197102409125e-12, 3.6066205577611773e-11, -6.170241992950756e-11, 9.933138454526544e-12, 0.9857871106022346, -0.16799932312511962, -0.14000000013229616, -3.4893724162819446e-11, 0.1679993231251194, 0.9857871106022345, 8.376051935377049e-11, 0.0, 0.0, 0.0, 1.0]}, {"left_foot_pose": [0.9998339289258071, 0.017788633049809113, -0.003959684710216632, 0.003681729078200466, -0.01822400963873202, 0.9760242810529532, -0.21689741415644911, 0.008274670829265113, 6.439912603853241e-06, 0.21693355510221557, 0.9761863718723195, 0.019120926027493726, 0.0, 0.0, 0.0, 1.0], "right_foot_pose": [1.0, 1.365162750513373e-11, 1.4960555017040625e-10, 4.266395661774351e-12, 1.2093139327907342e-11, 0.9853154379945918, -0.1707439241950535, -0.1400000000153852, -1.4973971806802715e-10, 0.17074392419505335, 0.985315437994592, 2.500256945925372e-11, 0.0, 0.0, 0.0, 1.0]}, {"left_foot_pose": [0.9995761216776873, 0.02815466669784776, -0.007408894312077505, 0.005882130641093727, -0.02911317391472922, 0.9667429100319087, -0.25408771912008743, 0.013220081006063141, 8.741003534193673e-06, 0.25419571327260954, 0.9671528003771819, 0.02426587852270474, 0.0, 0.0, 0.0, 1.0], "right_foot_pose": [1.0, 5.839720180760045e-12, 1.7446527555975417e-10, 1.4812473918636349e-10, 2.3609781341077905e-11, 0.9857323467706499, -0.1683203509086993, -0.139999999935883, -1.7295927991109133e-10, 0.1683203509086991, 0.9857323467706498, 9.055283606285158e-11, 0.0, 0.0, 0.0, 1.0]}, {"left_foot_pose": [0.9991505855645572, 0.03953062702192881, -0.011637735744402768, 0.008327027291392612, -0.04120809698848155, 0.958549228204374, -0.2819313211606472, 0.01871498756620412, 1.0420713242353435e-05, 0.2821714135699312, 0.9593640045651891, 0.02500000229332336, 0.0, 0.0, 0.0, 1.0], "right_foot_pose": [0.9999999999999999, -3.523991045770298e-11, 7.606842933327604e-11, 3.7282977650662136e-10, 4.697143610268849e-11, 0.9870835655695238, -0.16020622516792443, -0.13999999994841833, -6.944039056543884e-11, 0.1602062251679243, 0.9870835655695239, 3.575175780423656e-10, 0.0, 0.0, 0.0, 1.0]}, {"left_foot_pose": [0.998552976138347, 0.051230983052431206, -0.01635054190945592, 0.010869026723846252, -0.05377688831372261, 0.9513435437601537, -0.3034032103145363, 0.02442813192203839, 1.1337756863332819e-05, 0.30384345989564215, 0.9527219698055155, 0.025000001402655306, 0.0, 0.0, 0.0, 1.0], "right_foot_pose": [0.9999999999999998, -1.0706021433995686e-10, -1.6626494625526727e-10, 6.362858559525727e-10, 8.159817725082255e-11, 0.9892519489672615, -0.14622100213196113, -0.1399999999304901, 1.8013221973624459e-10, 0.146221002131961, 0.9892519489672612, 8.465809442359529e-10, 0.0, 0.0, 0.0, 1.0]}, {"left_foot_pose": [0.9978137536116731, 0.06265119505012705, -0.021036655204075123, 0.013360740169552333, -0.06608867509403624, 0.9459687186938596, -0.3174515242946754, 0.030028258724249954, 1.1300401457429534e-05, 0.3181477817170643, 0.9480411324730657, 0.02491026960191374, 0.0, 0.0, 0.0, 1.0], "right_foot_pose": [1.0, -2.0106466282339194e-10, -5.893243670840309e-10, 9.002541643385361e-10, 1.2527709084492833e-10, 0.9920446287400988, -0.12588667359144792, -0.13999999999546742, 6.099471425415809e-10, 0.12588667359144776, 0.9920446287400988, 1.6086545290283638e-09, 0.0, 0.0, 0.0, 1.0]}, {"left_foot_pose": [0.996998981009794, 0.07346523948108191, -0.02441086752701006, 0.015654778680350104, -0.07741467410453196, 0.9461759234373994, -0.3142579993264678, 0.03518410372923407, 9.935944912039356e-06, 0.31520466445687684, 0.9490237190955274, 0.021163832906720137, 0.0, 0.0, 0.0, 1.0], "right_foot_pose": [0.9999999999999998, -2.9056299709079033e-10, -1.2242746261215115e-09, 1.107209827385194e-09, 1.685545053152091e-10, 0.9951366959370813, -0.09850358571863774, -0.14000000046539926, 1.24694193403696e-09, 0.0985035857186376, 0.9951366959370812, 2.7564070678720576e-09, 0.0, 0.0, 0.0, 1.0]}, {"left_foot_pose": [0.9962057730674007, 0.08316736973376203, -0.025636815690544757, 0.01760374976116297, -0.08702906210835606, 0.9520269459753797, -0.2933779754605522, 0.03956441172119865, 7.464789532619049e-06, 0.294495980869621, 0.9556527178823476, 0.013996811058357081, 0.0, 0.0, 0.0, 1.0], "right_foot_pose": [1.0, -3.190713791637921e-10, -2.0386486387913277e-09, 1.203375907729182e-09, 1.8846513266633845e-10, 0.9979661043196961, -0.06374680093125953, -0.14000000091873221, 2.054841885415491e-09, 0.0637468009312594, 0.9979661043196965, 4.30810358220679e-09, 0.0, 0.0, 0.0, 1.0]}, {"left_foot_pose": [0.9955524621390722, 0.09093091385626792, -0.0246346104920667, 0.019060264213281417, -0.09420878467009511, 0.9609258764743442, -0.2602809344016527, 0.04283793115693823, 4.451454187651691e-06, 0.26144412180670223, 0.9652186131405192, 0.006287908655267127, 0.0, 0.0, 0.0, 1.0], "right_foot_pose": [1.0, -2.2137092140035641e-10, -2.9685793823119854e-09, 1.096002487006656e-09, 1.5679912282195786e-10, 0.99976378546194, -0.021734150059569916, -0.14000000121556874, 2.9726893699479276e-09, 0.02173415005956976, 0.9997637854619399, 6.147867770422977e-09, 0.0, 0.0, 0.0, 1.0]}, {"left_foot_pose": [0.99516351624412, 0.09583337605282465, -0.021576375297021236, 0.019876933510347503, -0.09823225506191095, 0.9708643771542989, -0.21856986351793323, 0.044673403998039055, 1.4462396612254687e-06, 0.21963224992499206, 0.9755827360048941, 0.0009158374840205347, 0.0, 0.0, 0.0, 1.0], "right_foot_pose": [0.9999999999999996, 5.229383715589006e-11, -3.809991822034675e-09, 6.955864953492606e-10, 4.9041926956848844e-11, 0.9996463570404438, 0.026592496230509716, -0.14000000118197684, 3.81003490753975e-09, -0.026592496230509872, 0.9996463570404438, 7.870979243373988e-09, 0.0, 0.0, 0.0, 1.0]}, {"left_foot_pose": [0.9951035012032985, 0.09738753803087986, -0.016872739232916923, 0.020000000661503495, -0.09883836245576916, 0.9804966246143816, -0.1698745043462015, 0.04495000161060811, 4.113381065088953e-09, 0.1707103879560045, 0.9853212488543578, 9.265640671385356e-09, 0.0, 0.0, 0.0, 1.0], "right_foot_pose": [0.9999999999999998, 4.4337992480541936e-10, -4.0962047642700855e-09, 3.428536997269467e-10, -1.2060072550589022e-10, 0.9969168037759716, 0.0784658291812466, -0.14000000110474586, 4.118365577068944e-09, -0.07846582918124675, 0.9969168037759717, 8.638406122363218e-09, 0.0, 0.0, 0.0, 1.0]}, {"left_foot_pose": [0.995103501193743, 0.09811223710195045, -0.01195871409499949, 0.020000000563970822, -0.0988383625519727, 0.9877928830659598, -0.12040015885489887, 0.044950001278784346, 3.740976460756989e-09, 0.12099259934016939, 0.9926534092546656, 7.883003978748082e-09, 0.0, 0.0, 0.0, 1.0], "right_foot_pose": [1.0, 6.674273360747576e-10, -3.6530677371970943e-09, 3.2526060746857896e-10, -1.9073456702201268e-10, 0.9916491013304306, 0.1289653435251076, -0.14000000123615858, 3.708636037802786e-09, -0.12896534352510777, 0.991649101330431, 8.246241599285664e-09, 0.0, 0.0, 0.0, 1.0]}, {"left_foot_pose": [0.9951035011835087, 0.09856311990903896, -0.007371114306549247, 0.02000000047209288, -0.0988383626550123, 0.9923323625400704, -0.07421226531591327, 0.04495000086471202, 2.8693168632153497e-09, 0.07457743391562682, 0.9972152256913055, 5.8124840843221115e-09, 0.0, 0.0, 0.0, 1.0], "right_foot_pose": [0.9999999994438459, 3.278594258042706e-05, 6.114755928765385e-06, -4.558678244567833e-06, -3.334983426547685e-05, 0.984716642518545, 0.1741640974334044, -0.1400009864171441, -3.111678302097039e-07, -0.17416409754046858, 0.9847166430642966, 3.740527143993727e-05, 0.0, 0.0, 0.0, 1.0]}, {"left_foot_pose": [0.9951035011757774, 0.09877761102651826, -0.0034648964781675055, 0.02000000076002015, -0.09883836273285031, 0.9944918543469536, -0.034884519343796834, 0.044950000920466575, 1.841104175232587e-09, 0.03505617203078705, 0.9993853434999679, 3.880622108376475e-09, 0.0, 0.0, 0.0, 1.0], "right_foot_pose": [0.9999941204951865, 0.0033468764343191717, 0.0007465876986181683, -0.00046895936891761284, -0.003429134062068385, 0.976248127267796, 0.21662833389403446, -0.14010144938312127, -3.826576901481919e-06, -0.21662962037601038, 0.9762538643002149, 0.003492989707880624, 0.0, 0.0, 0.0, 1.0]}, {"left_foot_pose": [0.995103501173243, 0.09883762490260377, -0.00038191146490268733, 0.02000000075889583, -0.09883836275836806, 0.9950960724878456, -0.0038450704168256564, 0.044950000703191516, 9.711801194089042e-10, 0.003863990537950315, 0.9999925347606969, 2.2257757928412225e-09, 0.0, 0.0, 0.0, 1.0], "right_foot_pose": [0.999931757872516, 0.011282705394563611, 0.0030298773835953333, -0.00159773144524284, -0.011682445608585473, 0.9658921053149542, 0.258681196368905, -0.14034565147431877, -7.910915143469272e-06, -0.25869893979145947, 0.965958000374857, 0.010538496273383512, 0.0, 0.0, 0.0, 1.0]}, {"left_foot_pose": [0.995103501173617, 0.09882134321343733, 0.00183414217067035, 0.02000000055929447, -0.09883836275460126, 0.9949321485663412, 0.018466125667141967, 0.044950000370435034, 3.317336216691511e-10, -0.018556989913693346, 0.9998278042369819, 9.956630728225058e-10, 0.0, 0.0, 0.0, 1.0], "right_foot_pose": [0.9997173396666114, 0.022696444889406718, 0.0070789942290958975, -0.003251785917689451, -0.02377478968957013, 0.954524140633928, 0.29718415893563066, -0.14070350351358638, -1.2046997793124418e-05, -0.2972684583611986, 0.9547939377260551, 0.018295206808500053, 0.0, 0.0, 0.0, 1.0]}, {"left_foot_pose": [0.9951035011748274, 0.09878737249985371, 0.003174426590170756, 0.020000000265444032, -0.09883836274241478, 0.9945901320162343, 0.0319600898986445, 0.044950000082302696, -5.544802290221846e-11, -0.032117352482822034, 0.9994841047607989, 2.397525719621818e-10, 0.0, 0.0, 0.0, 1.0], "right_foot_pose": [0.9992514427503408, 0.03656491455613152, 0.012631753040049216, -0.005292029521702047, -0.03868531920095941, 0.944611384576277, 0.3259030196349965, -0.14114491028902793, -1.548166224748894e-05, -0.32614772596538505, 0.9453188142674015, 0.023884416278594556, 0.0, 0.0, 0.0, 1.0]}, {"left_foot_pose": [0.9951035011755885, 0.09877121713336096, 0.0036426108879091847, 0.019999999980745926, -0.09883836273475087, 0.9944274801008223, 0.0366737627227342, 0.044950000014789854, -1.852671146362611e-10, -0.036854219382916505, 0.999320652500326, 2.7843699568208535e-13, 0.0, 0.0, 0.0, 1.0], "right_foot_pose": [0.998464740451117, 0.052120987996137305, 0.018750058298308975, -0.007579364487127554, -0.05539099000905143, 0.9396265218764885, 0.3376889657837667, -0.14163977050974286, -1.736953177775957e-05, -0.3382091098663658, 0.94107098441175, 0.025000000149378802, 0.0, 0.0, 0.0, 1.0]}, {"left_foot_pose": [0.995103501175474, 0.09878527951825486, 0.0032389039526606912, 0.01999999972769872, -0.09883836273590449, 0.9945690599685412, 0.03260924723109922, 0.04495000005161995, -5.692246110837351e-11, -0.032769704054103475, 0.999462929025488, 2.049882139032455e-10, 0.0, 0.0, 0.0, 1.0], "right_foot_pose": [0.9973415552698587, 0.0685263862938059, 0.02477814588324255, -0.009974699537524698, -0.07286852418754224, 0.9379940232433138, 0.3389061677552525, -0.14215799375978888, -1.7737776582647224e-05, -0.33981075136218697, 0.9404938346124537, 0.025000000023944702, 0.0, 0.0, 0.0, 1.0]}, {"left_foot_pose": [0.9951035011748526, 0.09881898285436165, 0.0019571860361200536, 0.019999999549961355, -0.09883836274215864, 0.994908384620764, 0.01970492988449166, 0.04495000013559354, 3.308031313131643e-10, -0.019801889781854733, 0.9998039233575092, 8.682829316652985e-10, 0.0, 0.0, 0.0, 1.0], "right_foot_pose": [0.9959329868497437, 0.08494758454031787, 0.030023217437734277, -0.01233894325899139, -0.09009708889484122, 0.9390719285165879, 0.33170231781645965, -0.1426694906199546, -1.6650014592985476e-05, -0.3330582846183266, 0.9429062407100056, 0.02499255047440202, 0.0, 0.0, 0.0, 1.0]}, {"left_foot_pose": [0.9951035011749284, 0.09883815104252276, -0.00020456758169218222, 0.019999999621037146, -0.0988383627413969, 0.9951013698132527, -0.0020595743222825173, 0.044950000670707965, 9.628120174769205e-10, 0.0020697087438775598, 0.9999978581505645, 2.1706043837332878e-09, 0.0, 0.0, 0.0, 1.0], "right_foot_pose": [0.9943595977429038, 0.10081317519449225, 0.032949872287686005, -0.014532999933308824, -0.10606125675177389, 0.9451977417688447, 0.3087915782065802, -0.14314416241838893, -1.3885405568992869e-05, -0.3105445743565341, 0.9505588183510344, 0.02183779228499398, 0.0, 0.0, 0.0, 1.0]}, {"left_foot_pose": [0.9951035011776656, 0.09878536291931711, -0.0032363585788977023, 0.0199999999142261, -0.0988383627138386, 0.9945699004582663, -0.032583602601349335, 0.04495000124045731, 1.8214681926036491e-09, 0.03274393341267737, 0.9994637736429807, 4.072708850721973e-09, 0.0, 0.0, 0.0, 1.0], "right_foot_pose": [0.9928036828417195, 0.11523150868972531, 0.03259672899245839, -0.01641778003604964, -0.11975327652176997, 0.9553388966173718, 0.27016059181938973, -0.14355192318402088, -9.910525133360954e-06, -0.27211999561772793, 0.9622633256478131, 0.014923778783489758, 0.0, 0.0, 0.0, 1.0]}, {"left_foot_pose": [0.9951035011863284, 0.09858232454236109, -0.0071096564288859465, 0.020000000839013668, -0.09883836262662458, 0.9925257147613433, -0.07157991066474786, 0.04495000156763718, 2.8449219617744817e-09, 0.07193212651736396, 0.9974095293181688, 6.474520107546677e-09, 0.0, 0.0, 0.0, 1.0], "right_foot_pose": [0.9914913059338117, 0.12683235180929023, 0.02930093500536748, -0.0178541950171604, -0.13017292431835126, 0.9660568764162714, 0.22313476041003852, -0.143862687192261, -5.663314153748237e-06, -0.22505036339308807, 0.9743471321374975, 0.0071292146021758734, 0.0, 0.0, 0.0, 1.0]}, {"left_foot_pose": [0.9951035011988641, 0.09814295868991686, -0.011703912224243378, 0.020000001282752672, -0.09883836250041493, 0.988102188229773, -0.11783481537207766, 0.04495000165971355, 3.862328196970407e-09, 0.11841463285896879, 0.9929642363775629, 8.905964229977137e-09, 0.0, 0.0, 0.0, 1.0], "right_foot_pose": [0.9906642428776238, 0.13424018050500763, 0.023747248718285176, -0.01870315223177045, -0.1363244581139169, 0.9755203247545708, 0.17255647803163907, -0.1440463624921938, -1.9110234134995713e-06, -0.17418286347605969, 0.9847133237991796, 0.001332808411757383, 0.0, 0.0, 0.0, 1.0]}, {"left_foot_pose": [0.9951035012147775, 0.09740771476714763, -0.01675586386713633, 0.020000002580632396, -0.09883836234019615, 0.9806997652173648, -0.16869780269023796, 0.04495000125557145, 4.3142193437163045e-09, 0.16952789624851838, 0.9855253890151955, 1.0637659739187733e-08, 0.0, 0.0, 0.0, 1.0], "right_foot_pose": [0.990493101789369, 0.13653851094716105, 0.01675262176515817, -0.018874092764230556, -0.13756240513917467, 0.9831207338379698, 0.12062424047519393, -0.144083351592478, 4.375143015699529e-09, -0.12178200904166374, 0.9925568710526246, 9.723212041068408e-09, 0.0, 0.0, 0.0, 1.0]}, {"left_foot_pose": [0.9951035012223046, 0.09640185151800564, -0.021810659756462035, 0.020000003603630755, -0.09883836226441456, 0.9705727478072173, -0.21958943362292518, 0.04495000090340389, 3.996277127026879e-09, 0.22066994411983049, 0.9753485406572115, 1.1715490758068547e-08, 0.0, 0.0, 0.0, 1.0], "right_foot_pose": [0.9904931017996883, 0.13724863444874072, 0.009285883328345968, -0.018874091730529167, -0.137562405064871, 0.9882338514742537, 0.06686134543314966, -0.14408335149574156, 4.112193291987186e-09, -0.06750308987238005, 0.9977190650968243, 9.149393152829699e-09, 0.0, 0.0, 0.0, 1.0]}, {"left_foot_pose": [0.9951035012138422, 0.09522209398229964, -0.026491030360854158, 0.020000001325209522, -0.09883836234961352, 0.9586949628569913, -0.2667113539403217, 0.044950000965345994, 3.756790503365959e-09, 0.2680237321773188, 0.9634123099637775, 1.1178153215551934e-08, 0.0, 0.0, 0.0, 1.0], "right_foot_pose": [0.990493101818743, 0.13754800206367815, 0.001990572223182204, -0.018874093478615912, -0.13756240492767371, 0.9903893962021728, 0.014332782033180171, -0.144083350519028, 3.910463917466243e-09, -0.0144703496359399, 0.9998952990095582, 7.753341933758318e-09, 0.0, 0.0, 0.0, 1.0]}, {"left_foot_pose": [0.9949960310922085, 0.09511752027779317, -0.030586850883307485, 0.019403500994966887, -0.09991445394459103, 0.947231765751494, -0.30458017638096796, 0.0435964323352664, 1.9256678423562706e-06, 0.30611213515231783, 0.9519954625463201, 0.0028444566307848154, 0.0, 0.0, 0.0, 1.0], "right_foot_pose": [0.9904931018299437, 0.13748847403831083, -0.004509405050951746, -0.01887409376479402, -0.13756240484702492, 0.9899607771532523, -0.0324691310452248, -0.14408335059388083, 2.8479807381868266e-09, 0.032780774925945715, 0.9994625659799643, 5.483486081869771e-09, 0.0, 0.0, 0.0, 1.0]}, {"left_foot_pose": [0.9946884257939307, 0.09709840472794742, -0.03415897233349988, 0.017730454208150507, -0.10293170345926181, 0.9383301994986755, -0.33006287451294947, 0.039799986719471214, 3.816749234593556e-06, 0.3318257622730101, 0.9433406932160664, 0.00961703929496982, 0.0, 0.0, 0.0, 1.0], "right_foot_pose": [0.9904931018334988, 0.13720509547048587, -0.009908430611788473, -0.01887409391499448, -0.13756240482142537, 0.9879203617707196, -0.0713438405088833, -0.14408335046283927, 1.9063256586633354e-09, 0.072028609425322, 0.9974025663814258, 3.5630564748645455e-09, 0.0, 0.0, 0.0, 1.0]}, {"left_foot_pose": [0.9942059586850136, 0.10096453059917529, -0.03688733219009113, 0.01520075755173092, -0.10749191451834841, 0.9338503897837345, -0.3411289167073767, 0.03405965348386649, 5.328594633078397e-06, 0.34311749162882443, 0.9392924927358629, 0.017439495716228312, 0.0, 0.0, 0.0, 1.0], "right_foot_pose": [0.9904931018326055, 0.13682840757658402, -0.014191620840456118, -0.018874093967792792, -0.13756240482785626, 0.9852080888554055, -0.10218417897041132, -0.1440833501967007, 1.1579441719561854e-09, 0.10316495787783898, 0.9946642606759649, 2.119813991008357e-09, 0.0, 0.0, 0.0, 1.0]}, {"left_foot_pose": [0.9935726244966147, 0.10664662933088839, -0.037946492634628064, 0.012034393325219129, -0.11319646555018723, 0.9361001962318846, -0.33302099453573947, 0.026874614539197147, 6.152637930153065e-06, 0.33517595239961323, 0.9421555502650071, 0.02343311971896364, 0.0, 0.0, 0.0, 1.0], "right_foot_pose": [0.9904931018299125, 0.13645790781620387, -0.017396971626756595, -0.018874093922352835, -0.13756240484724644, 0.9825403721921355, -0.12526372892893747, -0.14408334988853683, 6.022703447494168e-10, 0.1264660286676405, 0.9919709388853261, 1.1235671559806093e-09, 0.0, 0.0, 0.0, 1.0]}, {"left_foot_pose": [0.992816492164361, 0.11401440124067411, -0.03627849495479291, 0.008451345176946129, -0.11964703443792271, 0.9460929318847665, -0.3009862976746588, 0.018744048221641954, 6.05514512311665e-06, 0.30316477458210467, 0.952938150886991, 0.02500000802157011, 0.0, 0.0, 0.0, 1.0], "right_foot_pose": [0.9904931018271986, 0.13616238186897361, -0.019576031173410415, -0.0188740938264731, -0.1375624048667895, 0.9804124908487498, -0.14095365392573464, -0.1440833497136454, 2.3199291817804614e-10, 0.14230654781673982, 0.9898226338331942, 5.246287085314272e-10, 0.0, 0.0, 0.0, 1.0]}, {"left_foot_pose": [0.9919734730625543, 0.12223244661024135, -0.032370630761383634, 0.004671606459671078, -0.12644614945882987, 0.958927427098238, -0.2539085678857438, 0.010167149504170516, 5.220201583393174e-06, 0.2559637055412908, 0.966686392486375, 0.02500001048823941, 0.0, 0.0, 0.0, 1.0], "right_foot_pose": [0.9904931018254418, 0.13597753100469684, -0.020821294342124572, -0.01887409379808777, -0.13756240487943883, 0.9790815054937999, -0.14991994651739948, -0.1440833497389542, 3.502473446146285e-11, 0.1513589001739285, 0.9884788734910516, 1.738630420189402e-10, 0.0, 0.0, 0.0, 1.0]}, {"left_foot_pose": [0.9910895187837598, 0.1305080066109609, -0.026631296765455885, 0.0009151598452847329, -0.13319746897580698, 0.9710837852624988, -0.1981280299672329, 0.0016431055749672949, 3.926224667437849e-06, 0.19990983520250122, 0.9798142975961794, 0.02500001155952227, 0.0, 0.0, 0.0, 1.0], "right_foot_pose": [0.9904931018248205, 0.1359168349849581, -0.021213891795636965, -0.018874093750273834, -0.13756240488391178, 0.9786444747310398, -0.1527467735860969, -0.14408334975483827, -2.6644239991228583e-11, 0.1542128595353814, 0.9880376480448104, 6.860124274199464e-11, 0.0, 0.0, 0.0, 1.0]}, {"left_foot_pose": [0.9902212279966619, 0.13829844680009595, -0.018315546332682717, -0.0025980138029855306, -0.1395059841704628, 0.981652250128027, -0.12998823100270537, -0.006328907941667454, 2.326819835731187e-06, 0.13127223404537303, 0.9913463575175551, 0.022459730400580767, 0.0, 0.0, 0.0, 1.0], "right_foot_pose": [0.9904931018253741, 0.13607030152127741, -0.020206144616349665, -0.018874093642645424, -0.13756240487992405, 0.9797494827767387, -0.145490672423922, -0.14408334990080196, 7.152382640380417e-11, 0.14688711326260645, 0.9891532621173414, 2.658117823073347e-10, 0.0, 0.0, 0.0, 1.0]}, {"left_foot_pose": [0.9894348633987604, 0.14466202574777706, -0.009568144941775965, -0.005647915298461167, -0.14497810555439622, 0.9872781477448974, -0.06529324540305496, -0.013249684799827896, 9.67267818445711e-07, 0.06599058487356174, 0.9978202456891275, 0.01583856662439214, 0.0, 0.0, 0.0, 1.0], "right_foot_pose": [0.9904931018268753, 0.13626293968799202, -0.018863363988468766, -0.018874093562575862, -0.1375624048691167, 0.9811365391364367, -0.13582222328470642, -0.14408335008513196, 2.4038404256103064e-10, 0.13712586495246645, 0.9905536316429505, 6.387616338643376e-10, 0.0, 0.0, 0.0, 1.0]}, {"left_foot_pose": [0.9888038190455822, 0.14921281223904276, -0.001595024949286956, -0.008014563138867687, -0.14922133708307284, 0.9887473378353028, -0.010568561053533683, -0.01862003331379046, 1.1195627047232896e-07, 0.010688245287163785, 0.9999428790749348, 0.007998180417643552, 0.0, 0.0, 0.0, 1.0], "right_foot_pose": [0.9904931018284867, 0.13653126677427752, -0.016811556239490152, -0.018874093533763264, -0.13756240485751345, 0.983068579823363, -0.12104855279553657, -0.1440833501803112, 4.6260846416347515e-10, 0.12221039463600186, 0.9925042163350808, 1.0650525530953026e-09, 0.0, 0.0, 0.0, 1.0]}, {"left_foot_pose": [0.9884045063185299, 0.15177255831216147, 0.004649992753279457, -0.009477975453706954, -0.1518437746145705, 0.9879409652323419, 0.0302674301285905, -0.02194077056440363, -1.5302484765511755e-07, -0.030622536785368606, 0.9995310201493532, 0.0018172771833159101, 0.0, 0.0, 0.0, 1.0], "right_foot_pose": [0.9904931018293495, 0.136829435906721, -0.014181702927449136, -0.01887409356922707, -0.13756240485130322, 0.9852154926188249, -0.10211277038339776, -0.14408335007510142, 6.65407604141504e-10, 0.10309286383302628, 0.9946717355121263, 1.405754727901165e-09, 0.0, 0.0, 0.0, 1.0]}, {"left_foot_pose": [0.9883016359965411, 0.15226295029201764, 0.008710353318464554, -0.009850903978284295, -0.15251188900069995, 0.9866884727423368, 0.05644449903076099, -0.02278700396759685, 7.373362320555095e-10, -0.05711262317356901, 0.998367742004035, 1.5583868986923655e-09, 0.0, 0.0, 0.0, 1.0], "right_foot_pose": [0.9904931018286957, 0.137102991144559, -0.011233211873006308, -0.01887409374047077, -0.1375624048560101, 0.9871851773161462, -0.08088269566180721, -0.14408334984113494, 7.476144622965556e-10, 0.08165901974983748, 0.9966603255339784, 1.4939428791271858e-09, 0.0, 0.0, 0.0, 1.0]}, {"left_foot_pose": [0.9883016359953418, 0.1520340896373566, 0.012062830392261827, -0.00985090415690223, -0.15251188900847104, 0.9852054186504461, 0.07816909090470074, -0.022787004035733898, 7.067579168026482e-10, -0.07909436547529712, 0.9968671332479878, 1.5587998739019504e-09, 0.0, 0.0, 0.0, 1.0], "right_foot_pose": [0.9904931018274229, 0.13731801322767492, -0.008196247647192418, -0.01887409392812774, -0.13756240486517374, 0.9887334045540688, -0.059015586810862795, -0.14408334987850194, 7.104438060276814e-10, 0.0595820271736752, 0.9982234128880545, 1.4467722922462123e-09, 0.0, 0.0, 0.0, 1.0]}, {"left_foot_pose": [0.988301635995875, 0.1517585308860506, 0.015140164833503918, -0.009850903913651069, -0.15251188900501478, 0.9834197535492444, 0.09811071318294554, -0.022787004006862475, 5.275667198120212e-10, -0.09927203348603224, 0.9950603315214356, 1.1639449196132468e-09, 0.0, 0.0, 0.0, 1.0], "right_foot_pose": [0.990493101826013, 0.13745673914364448, -0.00539074197851688, -0.018874093691739154, -0.13756240487532495, 0.9897322750742554, -0.03881505431215827, -0.14408334987719604, 5.273030973311893e-10, 0.03918760697382183, 0.999231870718536, 1.1273312561232984e-09, 0.0, 0.0, 0.0, 1.0]}, {"left_foot_pose": [0.9883016359968492, 0.15148759614027274, 0.01764609026368406, -0.009850903880032395, -0.15251188899870188, 0.9816640528441368, 0.11434951275660148, -0.02278700377774008, 3.2220727050064983e-10, -0.11570304909234795, 0.9932838488723831, 6.770276284040477e-10, 0.0, 0.0, 0.0, 1.0], "right_foot_pose": [0.9903765001256535, 0.13838126364388842, -0.0022391675198117403, -0.019499068321787622, -0.138399378607178, 0.9902468812113192, -0.01602267931410237, -0.14510407548701215, 9.004255685197716e-08, 0.016178384455075592, 0.9998691213736006, 0.002250301622331481, 0.0, 0.0, 0.0, 1.0]}, {"left_foot_pose": [0.9883016359981294, 0.15125799045810334, 0.01951657259867211, -0.009850903905113777, -0.15251188899040896, 0.9801761711835099, 0.12647053870610572, -0.0227870037270248, 1.3244766205128608e-10, -0.12796754966245102, 0.9917783553967031, 3.387616367978019e-10, 0.0, 0.0, 0.0, 1.0], "right_foot_pose": [0.9899817457218244, 0.14116837094177453, 0.002763002572266661, -0.021587421459909724, -0.1411954076360976, 0.9897922092222886, 0.01937109768023957, -0.14851484311943666, -2.1211721737755015e-07, -0.019567156372522487, 0.9998085448681902, 0.00871010999477232, 0.0, 0.0, 0.0, 1.0]}, {"left_foot_pose": [0.9883016359990858, 0.15111084777699949, 0.020624935530755943, -0.009850903971539296, -0.1525118889842076, 0.9792226630326014, 0.13365290839263472, -0.022787003811260056, -2.300572115288958e-13, -0.1352349358984501, 0.9908135607229764, 1.3611989313488948e-10, 0.0, 0.0, 0.0, 1.0], "right_foot_pose": [0.9893474831028071, 0.14524191834067113, 0.009815438597559895, -0.024858880905573574, -0.14557320384302058, 0.9870964615332268, 0.06670095914948679, -0.15385790165146088, -1.0094460139040063e-06, -0.0674192908988593, 0.9977247311827425, 0.016558464258377988, 0.0, 0.0, 0.0, 1.0]}, {"left_foot_pose": [0.98830163599912, 0.1510771157641396, 0.020870586332274507, -0.009850904056232755, -0.15251188898398735, 0.9790040741820377, 0.1352447649763481, -0.022787003923198237, -3.5039395397079893e-11, -0.13684563503217995, 0.9905923844713526, 7.744517527275008e-11, 0.0, 0.0, 0.0, 1.0], "right_foot_pose": [0.988513058281733, 0.14997668925032118, 0.018679568731838285, -0.02901854272329501, -0.15113548094864876, 0.9809357062925291, 0.12216057677826204, -0.16065160002392023, -2.2170850924878012e-06, -0.12358047095674018, 0.9923345540659133, 0.02291665900502357, 0.0, 0.0, 0.0, 1.0]}, {"left_foot_pose": [0.988301635997801, 0.1512092014772984, 0.01989104503712674, -0.009850904095005386, -0.1525118889925344, 0.9798600107334745, 0.12889718026909952, -0.022787003938102405, 9.758652352172562e-11, -0.1304229149881024, 0.9914584526070708, 2.8420873987577977e-10, 0.0, 0.0, 0.0, 1.0], "right_foot_pose": [0.9875213360207973, 0.1550088563892443, 0.027818435336980286, -0.03377149622134608, -0.1574852719829171, 0.9719967274935102, 0.17441545473487546, -0.16841427899161562, -3.4879364717674986e-06, -0.17661997673764288, 0.9842791188504553, 0.025000008678131472, 0.0, 0.0, 0.0, 1.0]}, {"left_foot_pose": [0.9883016359953585, 0.15144034442424348, 0.018047115269909313, -0.009850904161219337, -0.15251188900836155, 0.9813578540010728, 0.11694821974493966, -0.02278700396562906, 3.657873837241157e-10, -0.11833251654163417, 0.9929740256063725, 7.651786010365313e-10, 0.0, 0.0, 0.0, 1.0], "right_foot_pose": [0.9864226451154157, 0.1600551578401925, 0.03677922854353642, -0.038822820794724704, -0.16422656661657353, 0.9613734101039411, 0.2208863987719743, -0.17666427047005537, -4.564945691832056e-06, -0.2239274721731808, 0.9746058111797254, 0.025000007260768904, 0.0, 0.0, 0.0, 1.0]}, {"left_foot_pose": [0.9883016359924878, 0.15176118743829137, 0.015113513221390137, -0.00985090417967588, -0.15251188902696486, 0.9834369681045863, 0.09793800830467352, -0.02278700398065472, 8.158054877465589e-10, -0.09909728428458307, 0.9950777498504434, 1.578165563509426e-09, 0.0, 0.0, 0.0, 1.0], "right_foot_pose": [0.9852771368082063, 0.1649701055875153, 0.044875694373094584, -0.043877614264658575, -0.17096480238895703, 0.9507374501362188, 0.25859106181882163, -0.18491992846859368, -5.208469129538269e-06, -0.26245602521360595, 0.9649439542284033, 0.02500000481438739, 0.0, 0.0, 0.0, 1.0]}, {"left_foot_pose": [0.9883016359906602, 0.15211495843429698, 0.010996168365293527, -0.009850903941898885, -0.15251188903880802, 0.9857294609624023, 0.0712569539945874, -0.022787003554854426, 1.4796680559662266e-09, -0.07210041061814182, 0.9973973785752078, 2.8511635205563657e-09, 0.0, 0.0, 0.0, 1.0], "right_foot_pose": [0.9841555623150999, 0.16995257422296436, 0.05053663699967562, -0.04864096858171575, -0.17730716042397804, 0.943341722271709, 0.28047917192517446, -0.19269959801149142, -5.160900485576389e-06, -0.2849956447674837, 0.9585288114798279, 0.02302493557139216, 0.0, 0.0, 0.0, 1.0]}, {"left_foot_pose": [0.98830163599272, 0.15240796086429143