{"LoopMode": "Wrap", "FrameDuration": 0.0167, "EnableCycleOffsetPosition": true, "EnableCycleOffsetRotation": false, "Debug_info": [{"left_foot_pose": [1.0000000000000007, 1.2711664138911488e-13, -8.957334873826999e-12, 1.4992530761650712e-12, -4.0771545562424396e-14, 0.9999538968236732, 0.00960230322120039, 1.277571798352639e-13, 8.957794039056178e-12, -0.009602303221200557, 0.9999538968236734, 1.8624796149779854e-11, 0.0, 0.0, 0.0, 1.0], "right_foot_pose": [0.9999999999999998, -2.1355811256193323e-13, -9.02034003047447e-12, 9.502489012539845e-13, 7.970720762000282e-14, 0.9998898313405495, -0.014843354801640089, -0.14000000000219964, 9.022432871388185e-12, 0.014843354801639936, 0.9998898313405493, 1.572009189487744e-11, 0.0, 0.0, 0.0, 1.0]}, {"left_foot_pose": [1.0000000000000004, 1.9323445842490527e-13, -1.9969192965874078e-11, 3.4074085062789514e-12, -6.203607341110673e-14, 0.9999785266454249, 0.0065533386945885235, 1.2170247448706206e-12, 1.9969682596378827e-11, -0.006553338694588697, 0.9999785266454251, 4.0536282663872214e-11, 0.0, 0.0, 0.0, 1.0], "right_foot_pose": [1.0, -5.562173074478016e-13, -2.008571087230848e-11, 2.3840665663052946e-12, 1.9679381504499217e-13, 0.9998399013597699, -0.01789334090900903, -0.1400000000039553, 2.009233092502828e-11, 0.01789334090900888, 0.9998399013597697, 3.6154523819220685e-11, 0.0, 0.0, 0.0, 1.0]}, {"left_foot_pose": [1.0000000000000004, 1.1764791632581286e-13, -3.505762347089104e-11, 6.057999562362044e-12, -3.6430124255355896e-14, 0.9999973382783136, 0.0023072573087746543, 3.1219818397154597e-12, 3.505732286100319e-11, -0.002307257308774827, 0.9999973382783137, 7.046701416824064e-11, 0.0, 0.0, 0.0, 1.0], "right_foot_pose": [0.9999999999999999, -1.1904503946212192e-12, -3.5268621356721035e-11, 4.4494086987802375e-12, 4.092993795829223e-13, 0.9997548310643386, -0.022142216770597495, -0.14000000000593216, 3.5286164512155737e-11, 0.02214221677059735, 0.9997548310643385, 6.447452988167512e-11, 0.0, 0.0, 0.0, 1.0]}, {"left_foot_pose": [1.0000000000000004, -2.5520037281045633e-13, -5.400335734151441e-11, 9.434624023891842e-12, 8.74207373948812e-14, 0.9999951547502025, -0.0031129529581036017, 5.995131474589854e-12, 5.400361049076778e-11, 0.0031129529581034278, 0.9999951547502026, 1.0816620515941011e-10, 0.0, 0.0, 0.0, 1.0], "right_foot_pose": [1.0, -2.266205357382999e-12, -5.438083316988694e-11, 7.151168519987012e-12, 7.662183100150724e-13, 0.9996199217830287, -0.02756831468355499, -0.14000000000790955, 5.442263399230796e-11, 0.027568314683554845, 0.9996199217830288, 1.0029117814003286e-10, 0.0, 0.0, 0.0, 1.0]}, {"left_foot_pose": [1.0000000000000004, -1.1201086761869737e-12, -7.700778903441118e-11, 1.3602018690313588e-11, 3.7379576816178084e-13, 0.9999530019583516, -0.009695043810191845, 1.0089278371094856e-11, 7.701465826780919e-11, 0.009695043810191671, 0.9999530019583516, 1.5425433153026802e-10, 0.0, 0.0, 0.0, 1.0], "right_foot_pose": [1.0, -3.9902314993031004e-12, -7.766198795167154e-11, 1.0564421040579363e-11, 1.3349512535544456e-12, 0.9994163408973163, -0.03416105307831162, -0.14000000000966722, 7.775298272696085e-11, 0.03416105307831147, 0.9994163408973165, 1.4402156550685774e-10, 0.0, 0.0, 0.0, 1.0]}, {"left_foot_pose": [1.0000000000000007, -2.735454866369251e-12, -1.0473616418593676e-10, 1.8719243715421694e-11, 9.076661641376286e-13, 0.9998477270895509, -0.017450576891893818, 1.5795710225918747e-11, 1.0476759133037033e-10, 0.017450576891893645, 0.9998477270895512, 2.1034660818708417e-10, 0.0, 0.0, 0.0, 1.0], "right_foot_pose": [0.9999999999999999, -6.653408290328797e-12, -1.0583167675548563e-10, 1.485050816067884e-11, 2.2096725434718757e-12, 0.9991203808272104, -0.04193405079037853, -0.14000000001095356, 1.0601745205274268e-10, 0.04193405079037839, 0.9991203808272104, 1.970019078423313e-10, 0.0, 0.0, 0.0, 1.0]}, {"left_foot_pose": [1.0000000000000002, -5.463635978152198e-12, -1.3832995859885947e-10, 2.5049958266329638e-11, 1.8075234899978418e-12, 0.9996509561442659, -0.026419043886103905, 2.3690079412053144e-11, 1.384258127805571e-10, 0.026419043886103732, 0.9996509561442659, 2.7914029421260977e-10, 0.0, 0.0, 0.0, 1.0], "right_foot_pose": [0.9999999999999999, -1.0674030178882451e-11, -1.4010870241776267e-10, 2.0271765521650237e-11, 3.524611229949146e-12, 0.9987022592807627, -0.050929336413308844, -0.14000000001143148, 1.404700948084284e-10, 0.050929336413308705, 0.9987022592807628, 2.6153825632979633e-10, 0.0, 0.0, 0.0, 1.0]}, {"left_foot_pose": [1.0000000000000002, -9.827213436942232e-12, -1.7939666419053408e-10, 3.297294508475007e-11, 3.2427936112318104e-12, 0.9993274929640938, -0.036668267017950194, 3.4586448288687066e-11, 1.7963583955272e-10, 0.036668267017950014, 0.9993274929640941, 3.644981608208475e-10, 0.0, 0.0, 0.0, 1.0], "right_foot_pose": [1.0, -1.6657531799634613e-11, -1.8220919217881707e-10, 2.720842437447981e-11, 5.4718944202844386e-12, 0.9981244268887854, -0.06121787686561593, -0.1400000000106048, 1.8288693547932296e-10, 0.0612178768656158, 0.9981244268887856, 3.40932344855549e-10, 0.0, 0.0, 0.0, 1.0]}, {"left_foot_pose": [1.0000000000000007, -1.6581467652365114e-11, -2.2999346871443978e-10, 4.299809460021265e-11, 5.455507831801074e-12, 0.9988332364221214, -0.04829250271534452, 4.959792299086274e-11, 2.3052541501536403e-10, 0.048292502715344326, 0.9988332364221215, 4.715811213751309e-10, 0.0, 0.0, 0.0, 1.0], "right_foot_pose": [1.0, -2.547507178407742e-11, -2.343504834634301e-10, 3.618313197321762e-11, 8.323730886522147e-12, 0.9973394132685105, -0.07289783769923198, -0.1400000000077242, 2.3558378925899114e-10, 0.07289783769923183, 0.9973394132685104, 4.395284275426903e-10, 0.0, 0.0, 0.0, 1.0]}, {"left_foot_pose": [1.0000000000000007, -2.679504327820372e-11, -2.925100162087797e-10, 5.577240530124835e-11, 8.782495952054908e-12, 0.9981127774986538, -0.061407519034104956, 7.01694743976411e-11, 2.936033112939899e-10, 0.06140751903410476, 0.9981127774986539, 6.06854948237423e-10, 0.0, 0.0, 0.0, 1.0], "right_foot_pose": [1.0, -3.8349840418364534e-11, -2.9914498655969603e-10, 4.7877468641789474e-11, 1.2454195677544715e-11, 0.9962873794495821, -0.08608982256622832, -0.1400000000016767, 3.0133588185390724e-10, 0.08608982256622819, 0.996287379449582, 5.626103541378491e-10, 0.0, 0.0, 0.0, 1.0]}, {"left_foot_pose": [1.0000000000000004, -4.189052724296503e-11, -3.6917396917246425e-10, 7.202866817962079e-11, 1.3660512266288078e-11, 0.9970971668337687, -0.07613960790595559, 9.79695977121331e-11, 3.7129170322333233e-10, 0.07613960790595539, 0.9970971668337687, 7.774280455508098e-10, 0.0, 0.0, 0.0, 1.0], "right_foot_pose": [1.0, -5.689237596503095e-11, -3.7911640493604146e-10, 6.309414446760207e-11, 1.8339268232981096e-11, 0.9948939359059956, -0.100925994161449, -0.13999999999089666, 3.829223248662977e-10, 0.10092599416144885, 0.9948939359059957, 7.156395684382311e-10, 0.0, 0.0, 0.0, 1.0]}, {"left_foot_pose": [1.0000000000000004, -6.349513626296753e-11, -4.6067388792536576e-10, 9.237524641186106e-11, 2.0563766436726368e-11, 0.9957032889736009, -0.09260108167378184, 1.3437622542467054e-10, 4.6457408299198104e-10, 0.09260108167378163, 0.9957032889736014, 9.885802385034559e-10, 0.0, 0.0, 0.0, 1.0], "right_foot_pose": [1.0, -8.291013188036827e-11, -4.752854221301557e-10, 8.255628630634141e-11, 2.647747915343018e-11, 0.9930698677575062, -0.11752547703408554, -0.13999999997344897, 4.817355612072613e-10, 0.11752547703408542, 0.9930698677575062, 9.018299995666723e-10, 0.0, 0.0, 0.0, 1.0]}, {"left_foot_pose": [1.0000000000000004, -9.26542998830234e-11, -5.625677701459592e-10, 1.1664338182270242e-10, 2.9732047608118684e-11, 0.9938389107702005, -0.11083419796751541, 1.7887532600957545e-10, 5.693708810070384e-10, 0.11083419796751517, 0.9938389107702007, 1.2362007251187634e-09, 0.0, 0.0, 0.0, 1.0], "right_foot_pose": [0.9999999999999998, -1.1746667901978273e-10, -5.834149274797077e-10, 1.0623453304578978e-10, 3.706831330557809e-11, 0.990717400259666, -0.13593760635942, -0.1399999999477278, 5.939673598564598e-10, 0.13593760635941987, 0.9907174002596663, 1.1152557835569787e-09, 0.0, 0.0, 0.0, 1.0]}, {"left_foot_pose": [1.0000000000000007, -1.2718009763360708e-10, -6.563137255888283e-10, 1.4203993226786525e-10, 4.032022220882398e-11, 0.9914240997133605, -0.1306837958874526, 2.2479278161124938e-10, 6.673052956364812e-10, 0.13068379588745238, 0.9914240997133608, 1.4855250987655388e-09, 0.0, 0.0, 0.0, 1.0], "right_foot_pose": [1.0, -1.577487977728222e-10, -6.844746436307495e-10, 1.313870065603083e-10, 4.9030703500467997e-11, 0.987755098013635, -0.1560123916491062, -0.13999999991496634, 7.007038488196769e-10, 0.1560123916491061, 0.9877550980136353, 1.322412859772193e-09, 0.0, 0.0, 0.0, 1.0]}, {"left_foot_pose": [1.0000000000000004, -1.5465559106956192e-10, -6.903049243334152e-10, 1.5868043712458943e-10, 4.8283908889315636e-11, 0.9884560308249983, -0.1515080035037451, 2.501243691332977e-10, 7.057674040434133e-10, 0.15150800350374488, 0.9884560308249982, 1.6204550895571046e-09, 0.0, 0.0, 0.0, 1.0], "right_foot_pose": [1.0, -1.8884649749732866e-10, -7.241932609147728e-10, 1.47789539470606e-10, 5.760274298495704e-11, 0.9841918859306396, -0.17710542529321713, -0.13999999988591022, 7.461906760026324e-10, 0.177105425293217, 0.9841918859306396, 1.4202812051444802e-09, 0.0, 0.0, 0.0, 1.0]}, {"left_foot_pose": [0.9999999998694229, 1.590804190273518e-05, -2.8441916915536727e-06, -8.285125880578584e-06, -1.6160135554422546e-05, 0.9851690585715903, -0.1715864964734051, -1.990605611622981e-05, 7.240447518683632e-08, 0.1715864964969621, 0.9851690587000254, 0.00016386126393786588, 0.0, 0.0, 0.0, 1.0], "right_foot_pose": [1.0, -1.7383390643925216e-10, -6.003602615045613e-10, 1.1120079103272211e-10, 5.1886582807157516e-11, 0.9803180257171206, -0.1974248425454287, -0.13999999995556991, 6.228628108816078e-10, 0.19742484254542855, 0.9803180257171207, 1.1493497820147525e-09, 0.0, 0.0, 0.0, 1.0]}, {"left_foot_pose": [0.9999998958936123, 0.0004479114748923217, -8.710956513397791e-05, -0.00023398678549577066, -0.0004563031927317894, 0.981776851775431, -0.19003685196645625, -0.00056216310306954, 4.0246796813062864e-07, 0.19003687193077845, 0.9817769539496252, 0.004191209234403456, 0.0, 0.0, 0.0, 1.0], "right_foot_pose": [1.0, -1.2820731178336312e-10, -4.0823266989065055e-10, 3.5556128142258436e-11, 3.751399013115082e-11, 0.9766518227030897, -0.2148283435925838, -0.14000000015783995, 4.2624382090917673e-10, 0.21482834359258363, 0.9766518227030894, 6.771341473643666e-10, 0.0, 0.0, 0.0, 1.0]}, {"left_foot_pose": [0.999998998600661, 0.001384840825732371, -0.00029157085572703454, -0.0007257156804868623, -0.0014152021633855461, 0.9786493579090438, -0.20553206919372463, -0.0017435479651541526, 7.16430325564444e-07, 0.20553227600575188, 0.9786503377199558, 0.011469802590582924, 0.0, 0.0, 0.0, 1.0], "right_foot_pose": [0.9999999999999998, -7.366648625137273e-11, -2.2064566840285194e-10, -4.428826404512116e-12, 2.1346827976110304e-11, 0.9735899564038634, -0.2283037380104048, -0.1400000001883355, 2.3163651543868404e-10, 0.22830373801040468, 0.9735899564038633, 3.3550205669197197e-10, 0.0, 0.0, 0.0, 1.0]}, {"left_foot_pose": [0.9999961316186696, 0.0027162635935153155, -0.0005988821150953409, -0.0014263722235525196, -0.0027815008091398165, 0.9766174285431929, -0.21496665210895255, -0.0034268725769764988, 9.726203012258102e-07, 0.21496748632705626, 0.9766212059039483, 0.019120926772351325, 0.0, 0.0, 0.0, 1.0], "right_foot_pose": [0.9999999999999998, -2.774777261302345e-11, -7.882644537104949e-11, -2.8177122674287107e-11, 8.243091231840119e-12, 0.9714174494215941, -0.23737762944145463, -0.140000000105693, 8.315998698346412e-11, 0.23737762944145446, 0.9714174494215942, 1.1280264222701675e-10, 0.0, 0.0, 0.0, 1.0]}, {"left_foot_pose": [0.9999901261054007, 0.004340826940216588, -0.0009512692471446409, -0.002278855480862914, -0.004443837356749983, 0.976863687862636, -0.21381671507381814, -0.005474953850728069, 1.1190278547949735e-06, 0.21381883115592645, 0.9768733323424601, 0.02426587786232824, 0.0, 0.0, 0.0, 1.0], "right_foot_pose": [0.9999999999999998, -2.054741053238029e-12, -3.376632307094939e-12, -2.3382820254861853e-11, 1.1774852985788694e-12, 0.9703339595225604, -0.24176849876952572, -0.140000000006886, 3.773089759223364e-12, 0.24176849876952558, 0.9703339595225605, 7.836863102905767e-12, 0.0, 0.0, 0.0, 1.0]}, {"left_foot_pose": [0.9999802124071212, 0.006164794503290403, -0.001253037486173008, -0.0032260597318919393, -0.006290849939533408, 0.9799780446590378, -0.1990061737567156, -0.007750608746947711, 1.1170594878441202e-06, 0.19901011857436277, 0.9799974350495881, 0.025000001181732748, 0.0, 0.0, 0.0, 1.0], "right_foot_pose": [0.9999999999999998, -3.3282044149237705e-12, -5.910050226987076e-12, 5.51849065742783e-12, 1.8037189080801752e-12, 0.970444281614784, -0.24132529142459505, -0.1399999999876954, 6.5382622700173315e-12, 0.2413252914245948, 0.970444281614784, 3.591492381271877e-11, 0.0, 0.0, 0.0, 1.0]}, {"left_foot_pose": [0.9999662876231532, 0.008081264696304059, -0.0014549151448271366, -0.004210882470673783, -0.008211188474562606, 0.9841656713781295, -0.17706074569105335, -0.010116645390456962, 1.0027870526658774e-06, 0.17706672313493818, 0.98419884960167, 0.025000001812250122, 0.0, 0.0, 0.0, 1.0], "right_foot_pose": [0.9999999999999998, -2.794411506577661e-11, -7.633266241313646e-11, 2.687283772707476e-11, 9.103111957493169e-12, 0.9716441413989308, -0.23644801222495887, -0.13999999996716087, 8.077532958208942e-11, 0.23644801222495873, 0.971644141398931, 1.7667569490731339e-10, 0.0, 0.0, 0.0, 1.0]}, {"left_foot_pose": [0.9999490592791943, 0.009979528984892704, -0.0015125633523608505, -0.005176223769875839, -0.010093505139658539, 0.9886695770356234, -0.1497684499425619, -0.012435878155376466, 8.067825937296657e-07, 0.14977608769573872, 0.9887199419218308, 0.024910271086849123, 0.0, 0.0, 0.0, 1.0], "right_foot_pose": [0.9999999999999998, -7.440423013536216e-11, -2.1783641557249168e-10, 6.432604496720424e-11, 2.297419313350536e-11, 0.9738562200779578, -0.22716527598969086, -0.13999999996831775, 2.290434115588641e-10, 0.22716527598969075, 0.9738562200779576, 4.450774818143266e-10, 0.0, 0.0, 0.0, 1.0]}, {"left_foot_pose": [0.9999300649989074, 0.011748122338232712, -0.001358945476505946, -0.006064979784098228, -0.011826458091075541, 0.9933120962824319, -0.11485301157576035, -0.014571124957626757, 5.497490951175683e-07, 0.11486105084199597, 0.9933815676763746, 0.02116383399338822, 0.0, 0.0, 0.0, 1.0], "right_foot_pose": [1.0, -1.4318229608861888e-10, -4.499035033411749e-10, 1.6331879032255008e-10, 4.404986589337714e-11, 0.9770443315441196, -0.21303608660859466, -0.14000000017388886, 4.700785164821989e-10, 0.21303608660859444, 0.9770443315441198, 8.710050181104378e-10, 0.0, 0.0, 0.0, 1.0]}, {"left_foot_pose": [0.9999115681406099, 0.013259714235115853, -0.001017780423338419, -0.006820049006665863, -0.013298717926920434, 0.9969806358600373, -0.07650330595220636, -0.016385187865515044, 2.953986576887843e-07, 0.07651007579737283, 0.9970688082080365, 0.013996812683429796, 0.0, 0.0, 0.0, 1.0], "right_foot_pose": [1.0, -2.1314271254049164e-10, -7.352136677241092e-10, 2.433851339914488e-10, 6.642576909662121e-11, 0.9809923224635845, -0.1940465492285365, -0.14000000033820184, 7.625982777735077e-10, 0.19404654922853637, 0.9809923224635844, 1.4201520931456102e-09, 0.0, 0.0, 0.0, 1.0]}, {"left_foot_pose": [0.9998963295989468, 0.01438763551632754, -0.0005709630497573435, -0.007384333018377391, -0.014398960189683563, 0.9991102045160802, -0.03964176052211823, -0.0177408781674454, 1.0380779625542055e-07, 0.0396458721191295, 0.9992137933515048, 0.00628791091329825, 0.0, 0.0, 0.0, 1.0], "right_foot_pose": [1.0, -2.6476975640588713e-10, -1.036444818858227e-09, 2.704677314542247e-10, 8.408402074585288e-11, 0.985342459712756, -0.1705879160058411, -0.14000000034870522, 1.0664192871926233e-09, 0.17058791600584097, 0.9853424597127562, 1.9998849590252554e-09, 0.0, 0.0, 0.0, 1.0]}, {"left_foot_pose": [0.9998872555938646, 0.015015573735386294, -9.298584611379119e-05, -0.0077007298621364325, -0.015015861645950724, 0.9998680870848152, -0.0061913107160722885, -0.018501010538626676, 7.497503568796396e-09, 0.006192008943022506, 0.999980829328868, 0.0009158366220275993, 0.0, 0.0, 0.0, 1.0], "right_foot_pose": [1.0, -2.7377284221530974e-10, -1.270620775262186e-09, 2.210288247624212e-10, 8.863929618348462e-11, 0.9896540702284579, -0.14347411362418844, -0.14000000013040798, 1.2967541535900306e-09, 0.14347411362418827, 0.9896540702284581, 2.447934979721289e-09, 0.0, 0.0, 0.0, 1.0]}, {"left_foot_pose": [0.999885855201169, 0.015104516235887593, 0.00036077403999522465, -0.007748409666291698, -0.015108824197405798, 0.9996007568417469, 0.02387572727226275, -0.018615554364320948, 1.3067992633496723e-09, -0.023878452853721744, 0.9997148690948404, 2.6140090439441543e-09, 0.0, 0.0, 0.0, 1.0], "right_foot_pose": [1.0, -2.2660557732489463e-10, -1.322641440815174e-09, 1.7520817728742276e-10, 7.372071783498594e-11, 0.9934273363039631, -0.11446452500234695, -0.13999999994191453, 1.3398865250312655e-09, 0.11446452500234681, 0.9934273363039632, 2.557935765978847e-09, 0.0, 0.0, 0.0, 1.0]}, {"left_foot_pose": [0.9998858552009545, 0.01508785619450891, 0.000795716350609642, -0.0077484096459292315, -0.01510882421159229, 0.9984982101674217, 0.0526597353145595, -0.01861555444013313, 1.1617820328083438e-09, -0.05266574681811803, 0.9986121965568471, 2.334172598261741e-09, 0.0, 0.0, 0.0, 1.0], "right_foot_pose": [0.9999999999999996, -1.5099886564377071e-10, -1.1695968082925382e-09, 1.8593876570488957e-10, 5.008747656979891e-11, 0.9963121468403426, -0.08580271591498341, -0.14000000001325114, 1.1782394842407056e-09, 0.0858027159149833, 0.9963121468403425, 2.2929065868204646e-09, 0.0, 0.0, 0.0, 1.0]}, {"left_foot_pose": [0.9998858552009379, 0.015062422092023358, 0.0011832201028746819, -0.007748409707300271, -0.015108824212694709, 0.9968150080420304, 0.07830429856066477, -0.01861555445703146, 8.40177810857836e-10, -0.0783132375967792, 0.9969288022808407, 1.7115373979192938e-09, 0.0, 0.0, 0.0, 1.0], "right_foot_pose": [0.9999999996728655, -2.5527567397542397e-05, 1.6163907237688973e-06, -7.3442941456249676e-06, 2.5578560591088173e-05, 0.9981977887170266, -0.06000978208738907, -0.14001312561095652, -8.157388953665823e-08, 0.06000978210910259, 0.99819778904344, 3.740111606843205e-05, 0.0, 0.0, 0.0, 1.0]}, {"left_foot_pose": [0.9998858552010287, 0.015033976767093206, 0.0015020357769220843, -0.00774841006910147, -0.015108824206689384, 0.9949325280505121, 0.09940315919581791, -0.018615554281957304, 5.33169625415651e-10, -0.0994145068367002, 0.9950461073892088, 1.110336503296061e-09, 0.0, 0.0, 0.0, 1.0], "right_foot_pose": [0.9999965387890042, -0.0026297400432295096, 8.292958473678587e-05, -0.0007554912765967155, 0.0026310472887051206, 0.9995046814361935, -0.03136031532522989, -0.1413502520394534, -4.190311949810669e-07, 0.03136042497222059, 0.9995081409100106, 0.0034929922972820604, 0.0, 0.0, 0.0, 1.0]}, {"left_foot_pose": [0.9998858552011626, 0.015007763099612792, 0.0017445960526241042, -0.007748410230096107, -0.015108824197829638, 0.9931977380690079, 0.11545551752067239, -0.018615554316771823, 2.021825604511485e-10, -0.11546869766890572, 0.9933111193672645, 6.44266848204289e-10, 0.0, 0.0, 0.0, 1.0], "right_foot_pose": [0.999959824647348, -0.008963629116299072, -4.9439966418033204e-05, -0.0025739330356730253, 0.008963765460242796, 0.9999446983864602, 0.0055000979613821655, -0.1446002739037446, 1.3639407908654987e-07, -0.005500320161270431, 0.9999848731246412, 0.01053850168231843, 0.0, 0.0, 0.0, 1.0]}, {"left_foot_pose": [0.9998858552012556, 0.014988633177031346, 0.0019019579224357948, -0.0077484102109373525, -0.015108824191654106, 0.991931742821247, 0.12586953966369413, -0.01861555449199832, -7.859377921268555e-11, -0.1258839086582913, 0.9920449795956392, 3.3635643575946617e-10, 0.0, 0.0, 0.0, 1.0], "right_foot_pose": [0.9998335872250991, -0.0182198735093489, -0.0009132720807518472, -0.00523859778037005, 0.01824274798860876, 0.9985841582136126, 0.04996880137280466, -0.14936271181608513, 1.5537915511954859e-06, -0.049977146518324064, 0.9987503616136877, 0.018295213829984724, 0.0, 0.0, 0.0, 1.0]}, {"left_foot_pose": [0.9998858552012055, 0.0149803139369809, 0.0019664086310236997, -0.007748410001046694, -0.015108824194974925, 0.9913811856970592, 0.13013480732432503, -0.018615554697307114, -2.5234250394464603e-10, -0.13014966323522859, 0.9914943596207484, 2.140519358984072e-10, 0.0, 0.0, 0.0, 1.0], "right_foot_pose": [0.9995592739844869, -0.02954258306931189, -0.0029143742377169043, -0.008525415548391719, 0.029685986238892743, 0.9947424722379316, 0.09801100013259748, -0.15523708581865833, 3.5537211291538905e-06, -0.09805432020854864, 0.9951810640661377, 0.023884424303569463, 0.0, 0.0, 0.0, 1.0]}, {"left_foot_pose": [0.9998858552009285, 0.014984945143891603, 0.0019307998712546541, -0.007748409665427478, -0.01510882421329563, 0.9916876729304839, 0.12777825632169978, -0.0186155547901241, -2.696565749977664e-10, -0.12779284321415224, 0.9918008818423404, 3.4422745209816696e-10, 0.0, 0.0, 0.0, 1.0], "right_foot_pose": [0.9990960215483119, -0.042081996564695155, -0.006020406254050965, -0.01221030285266574, 0.04251046571885496, 0.989044429989514, 0.1413646908215891, -0.16182290527624324, 5.540838319730189e-06, -0.14149283046093344, 0.989939280409386, 0.025000009005637147, 0.0, 0.0, 0.0, 1.0]}, {"left_foot_pose": [0.9998858552004141, 0.015002020313616908, 0.0017933088542689184, -0.0077484093671436926, -0.01510882424733851, 0.9928176857486974, 0.11867925806333887, -0.01861555485128715, -1.0625702344142074e-10, -0.11869280623151271, 0.9929310236612056, 7.280812827636929e-10, 0.0, 0.0, 0.0, 1.0], "right_foot_pose": [0.9984345274923903, -0.05504655502419225, -0.009918220153614021, -0.016069172254655116, 0.05593294432877989, 0.9826343276108902, 0.17692168871963307, -0.16871968110438176, 7.054118664846401e-06, -0.17719947793563554, 0.9841749564836415, 0.025000007699641537, 0.0, 0.0, 0.0, 1.0]}, {"left_foot_pose": [0.9998858551997013, 0.015029211379464507, 0.0015489922123821307, -0.007748409024791621, -0.015108824294518654, 0.9946171557242686, 0.10251066757857163, -0.018615554866138414, 2.6316962753311114e-10, -0.10252236997006299, 0.9947306990616721, 1.4239384463210492e-09, 0.0, 0.0, 0.0, 1.0], "right_foot_pose": [0.9976047998320662, -0.06772540894673866, -0.01406884270365287, -0.019877953893694778, 0.06917126059177504, 0.9767751704105694, 0.20279448507675846, -0.17552693732441463, 7.756795373123956e-06, -0.20328191127692574, 0.9791202502693079, 0.024992555561477565, 0.0, 0.0, 0.0, 1.0]}, {"left_foot_pose": [0.999885855198941, 0.015061896235374767, 0.00118989700308946, -0.007748408464992167, -0.015108824344837277, 0.9967801985469987, 0.07874616950381533, -0.018615554398228755, 8.630092653878145e-10, -0.07875515898277141, 0.9968939888140559, 2.6009902079349168e-09, 0.0, 0.0, 0.0, 1.0], "right_foot_pose": [0.9966777803582293, -0.07958427478183284, -0.017313155334690765, -0.023412570998539738, 0.0814457002391625, 0.9739178534631641, 0.2117796322082351, -0.1818441892731374, 7.262637380616269e-06, -0.21248613581396936, 0.9771640814285498, 0.021837796741819425, 0.0, 0.0, 0.0, 1.0]}, {"left_foot_pose": [0.9998858551985009, 0.015092042907614895, 0.000711909290643622, -0.00774840805154744, -0.01510882437396707, 0.9987752704839852, 0.0471135065101266, -0.018615553862662115, 1.6674559798813122e-09, -0.047118884860720744, 0.9988892885047288, 4.243266793491074e-09, 0.0, 0.0, 0.0, 1.0], "right_foot_pose": [0.9957608532408608, -0.09007662113141451, -0.018615194830574035, -0.026448939862632317, 0.09198001479230054, 0.9751674315327049, 0.20146502762691923, -0.1872709510874359, 5.642765631704616e-06, -0.20232321370385264, 0.9793188026198127, 0.014923781179397771, 0.0, 0.0, 0.0, 1.0]}, {"left_foot_pose": [0.9998858551987603, 0.01510838012095449, 0.00011586011045704635, -0.007748407830030153, -0.015108824356793341, 0.9998564548160483, 0.007667671696132339, -0.01861555343855508, 2.619331563850166e-09, -0.007668546981329641, 0.9999705962613081, 6.240210813357461e-09, 0.0, 0.0, 0.0, 1.0], "right_foot_pose": [0.9949872951365262, -0.09842017944454888, -0.017713012025118945, -0.028762992568430422, 0.1000014125160728, 0.97926050393259, 0.17620608086124576, -0.1914067486944496, 3.4189842973840345e-06, -0.17709413800516524, 0.9841939170064595, 0.007129214398910594, 0.0, 0.0, 0.0, 1.0]}, {"left_foot_pose": [0.9998858552004315, 0.015097386392639018, -0.0005877875585782547, -0.007748408084198237, -0.01510882424620254, 0.9991289195626213, -0.03889891416899902, -0.018615553259793978, 3.610870935733195e-09, 0.03890335483915424, 0.9992429779499379, 8.181112710892169e-09, 0.0, 0.0, 0.0, 1.0], "right_foot_pose": [0.9944997260949686, -0.10370803202060598, -0.014660794366096548, -0.030130653241096834, 0.10473917507615256, 0.9847105909993571, 0.13919323682587348, -0.19385110274203313, 1.1828229692094078e-06, -0.13996319540546956, 0.990156706754285, 0.001332806553406965, 0.0, 0.0, 0.0, 1.0]}, {"left_foot_pose": [0.9998858552086847, 0.015047225176105595, -0.001362926299424647, -0.00774841164520751, -0.01510882370001264, 0.9958093539839338, -0.09019675140770372, -0.018615552902547725, 3.929172722587008e-09, 0.09020704813151084, 0.9959230334053936, 9.000989710516993e-09, 0.0, 0.0, 0.0, 1.0], "right_foot_pose": [0.9943988270213509, -0.10524134477604737, -0.00975869705905557, -0.03040603900325268, 0.10569282292833931, 0.9901511497731392, 0.09181354902392934, -0.19434328301633272, 3.745371578837566e-09, -0.09233070969433683, 0.9957283967264065, 1.0637493733089975e-08, 0.0, 0.0, 0.0, 1.0]}, {"left_foot_pose": [0.9998858552148203, 0.014956084406283853, -0.0021429140346981923, -0.007748414918428871, -0.015108823293955603, 0.9897777821693023, -0.14181560345282973, -0.01861555261174944, 2.5652743556993496e-09, 0.14183179285072267, 0.9898907730334444, 9.103316919722992e-09, 0.0, 0.0, 0.0, 1.0], "right_foot_pose": [0.9943988270325212, -0.10560432447315983, -0.004324285942563671, -0.03040604206223475, 0.10569282282324316, 0.993566201327843, 0.04068452755796222, -0.1943432815932037, 2.3081402096299576e-09, -0.04091369246997452, 0.9991626843354752, 1.0554851125055276e-08, 0.0, 0.0, 0.0, 1.0]}, {"left_foot_pose": [0.9998858552052267, 0.014833789592020818, -0.00286971198081138, -0.007748408679376296, -0.01510882392885474, 0.9816844191976335, -0.18991425576847223, -0.018615553244686143, 3.4285522858817086e-09, 0.18993593601776737, 0.9817964861462156, 8.97776134684003e-09, 0.0, 0.0, 0.0, 1.0], "right_foot_pose": [0.9943988269938235, -0.10568918570504043, 0.0008768684696742706, -0.030406035592273215, 0.1056928231873273, 0.9943646038992275, -0.008249947819506304, -0.19434328320521907, 3.29863333924813e-09, 0.008296417138600996, 0.9999655841391054, 7.707244127630464e-09, 0.0, 0.0, 0.0, 1.0]}, {"left_foot_pose": [0.9999402851950426, 0.010640795655134132, -0.002489881901474625, -0.008749691391867095, -0.01092822096774366, 0.9735251957908183, -0.22831834605859058, -0.019722889550373594, -5.5260990989236685e-06, 0.22833192205269007, 0.9735833468898223, 0.002844456749184515, 0.0, 0.0, 0.0, 1.0], "right_foot_pose": [0.9943988269850256, -0.10555194027726755, 0.00545534549859186, -0.030406034718953666, 0.1056928232701013, 0.9930733443598183, -0.0513260151502273, -0.1943432836244842, 2.2868818167646167e-09, 0.05161512012686156, 0.9986670513110412, 5.251811353856883e-09, 0.0, 0.0, 0.0, 1.0]}, {"left_foot_pose": [0.9999996818571304, -0.0007685356486814116, 0.00021363191668223654, -0.011558061278358529, 0.0007975957177386385, 0.9671525965140728, -0.25419523775468245, -0.02282870607048399, -1.1256560978070422e-05, 0.2541953272761816, 0.9671529018021123, 0.009617037397820993, 0.0, 0.0, 0.0, 1.0], "right_foot_pose": [0.9943988269839559, -0.1052869658177683, 0.009253524832219908, -0.03040603440220688, 0.10569282328016609, 0.9905803624059059, -0.08706074157076965, -0.19434328362191658, 1.3399986079979273e-09, 0.08755113045913701, 0.996160027081657, 3.3031388874116274e-09, 0.0, 0.0, 0.0, 1.0]}, {"left_foot_pose": [0.9998283729535953, -0.01785199214942129, 0.004952879290271379, -0.01580440048489682, 0.01852631595877675, 0.9636657134349051, -0.2664679499808411, -0.027524789082167017, -1.5936203686285762e-05, 0.2665139754802614, 0.9638310539818404, 0.017439492999801347, 0.0, 0.0, 0.0, 1.0], "right_foot_pose": [0.9943988269866277, -0.10498087976472804, 0.012246949474943323, -0.030406034401860897, 0.10569282325502578, 0.987700587563631, -0.11522402717680039, -0.19434328340935408, 5.5079163871061e-10, 0.11587305213155397, 0.9932640312574085, 1.8830809966896567e-09, 0.0, 0.0, 0.0, 1.0]}, {"left_foot_pose": [0.9991710983031618, -0.03928125111338014, 0.010681742677180181, -0.02111944479873845, 0.04070768935686734, 0.9642783020406492, -0.26174460880948064, -0.033402765374557955, -1.8516985368135885e-05, 0.26196247732179273, 0.9650780590877359, 0.02343311694681168, 0.0, 0.0, 0.0, 1.0], "right_foot_pose": [0.9943988269902174, -0.10470068702384007, 0.014447803196866133, -0.03040603459434933, 0.10569282322125517, 0.985064427209792, -0.13593050196834214, -0.19434328313281773, -3.6980037924776816e-11, 0.13669616081873254, 0.990613022131962, 9.242381582286185e-10, 0.0, 0.0, 0.0, 1.0]}, {"left_foot_pose": [0.9978339607422138, -0.06389702714095909, 0.01563830911748935, -0.02713393051383289, 0.06578287357514952, 0.9692942548461888, -0.23694147181607647, -0.04005426412412021, -1.8267527640739457e-05, 0.23745698019792988, 0.9713980554960867, 0.025000005295025142, 0.0, 0.0, 0.0, 1.0], "right_foot_pose": [0.9943988269928157, -0.10449285505450644, 0.015881313480629676, -0.030406034887835737, 0.10569282319680999, 0.983109064667777, -0.14941751601715655, -0.1943432829742998, -3.9785278824436767e-10, 0.1502591435174819, 0.988646645566247, 3.6539313241767957e-10, 0.0, 0.0, 0.0, 1.0]}, {"left_foot_pose": [0.9957415173231227, -0.0902981450548727, 0.01857621271128981, -0.0334785837582175, 0.09218910146350119, 0.9753517112318095, -0.2004749584574946, -0.04707089967777552, -1.5823977498483633e-05, 0.20133376367820413, 0.9795226977220957, 0.02500000725309383, 0.0, 0.0, 0.0, 1.0], "right_foot_pose": [0.9943988269936566, -0.1043787063397642, 0.01661500937336249, -0.0304060352536208, 0.105692823188898, 0.9820351098552124, -0.15632040857809168, -0.19434328298013953, -5.333307914356716e-10, 0.15720091817320409, 0.9875666414604645, 8.055633243797544e-11, 0.0, 0.0, 0.0, 1.0]}, {"left_foot_pose": [0.9929697353456448, -0.11685549823773372, 0.018865238382053586, -0.03978413938259344, 0.11836851161591548, 0.9802935966102967, -0.15815612508746849, -0.054044294777610954, -1.2059588008668806e-05, 0.15927729585995917, 0.9872338845876932, 0.025000008276426282, 0.0, 0.0, 0.0, 1.0], "right_foot_pose": [0.9943988269929795, -0.10436457092509359, 0.01670356879853394, -0.03040603557706361, 0.10569282319526836, 0.9819021182891534, -0.15715361028079294, -0.19434328298627776, -4.799848442077603e-10, 0.15803881306468567, 0.9874329007912922, 4.63411808926395e-11, 0.0, 0.0, 0.0, 1.0]}, {"left_foot_pose": [0.9897546527814081, -0.14196213644810196, 0.015247265743270648, -0.04568133551580131, 0.14277859519008984, 0.9841003316227656, -0.1056447351054873, -0.06056608168765559, -7.286974224406769e-06, 0.10673935129582927, 0.9942870364396023, 0.022459728414585746, 0.0, 0.0, 0.0, 1.0], "right_foot_pose": [0.9943988269940184, -0.1045213405566369, 0.01569274485751824, -0.0304060355405476, 0.10569282318549184, 0.9833770667796159, -0.14764339355013403, -0.1943432830862868, 1.0483725015186038e-11, 0.14847502786719008, 0.9889161572650315, 3.5129302938807783e-10, 0.0, 0.0, 0.0, 1.0]}, {"left_foot_pose": [0.9864769071415042, -0.1636283350875369, 0.009438200729661445, -0.05080088994637807, 0.1639003101462088, 0.9848410926761265, -0.05678653458761897, -0.06622786590310549, -3.2418095337959486e-06, 0.05756552903409189, 0.9983417299985595, 0.01583856531741224, 0.0, 0.0, 0.0, 1.0], "right_foot_pose": [0.9943988269925071, -0.10469808265356866, 0.014466663906792729, -0.030406035480265613, 0.10569282319971217, 0.9850399241042184, -0.136107953642799, -0.19434328325855044, 2.6351314976503477e-10, 0.13687461199734002, 0.9905883810092756, 7.951820660268005e-10, 0.0, 0.0, 0.0, 1.0]}, {"left_foot_pose": [0.983622801175795, -0.1802209308324964, 0.002569260000889048, -0.054773538462581296, 0.18023924380324946, 0.9835229059656533, -0.014018146600417036, -0.07062126755525915, -5.626333822969346e-07, 0.014251650106089137, 0.9998984400772601, 0.007998179412784523, 0.0, 0.0, 0.0, 1.0], "right_foot_pose": [0.9943988269920366, -0.10492777859678339, 0.012693862911085145, -0.030406035378427093, 0.10569282320413727, 0.9872009917549784, -0.11942876119731874, -0.19434328333050516, 5.579753239443502e-10, 0.12010147025216461, 0.9927616213589588, 1.3377986010643106e-09, 0.0, 0.0, 0.0, 1.0]}, {"left_foot_pose": [0.9817225153922747, -0.1902753512762073, -0.004024110905756386, -0.057230018596425104, 0.19031789924148862, 0.9815030851006882, 0.020755509296062253, -0.07333791335579938, 4.1544656232930465e-07, -0.021142011128276475, 0.999776482702649, 0.0018172766718401664, 0.0, 0.0, 0.0, 1.0], "right_foot_pose": [0.9943988269933896, -0.10517359069901228, 0.010463684515838014, -0.030406035278049363, 0.10569282319140855, 0.9895136867725924, -0.0984463854874397, -0.194343283176903, 8.105608411323845e-10, 0.09900090660791215, 0.9950873431467266, 1.836350904671491e-09, 0.0, 0.0, 0.0, 1.0]}, {"left_foot_pose": [0.9812217390619411, -0.19265610233834585, -0.009355480963486443, -0.05785601572183793, 0.19288312210315714, 0.980066859930762, 0.04759255480845942, -0.07403020408248046, 7.413039776135457e-10, -0.048503363772571396, 0.9988230192094827, 1.936189819584655e-09, 0.0, 0.0, 0.0, 1.0], "right_foot_pose": [0.9943988270020073, -0.1053923057357204, 0.007964593444732895, -0.03040603462603964, 0.10569282311032972, 0.9915714432011664, -0.07493397207492168, -0.19434328254308825, 6.784075362095833e-10, 0.07535605430000297, 0.9971566903352428, 2.1567553437629172e-09, 0.0, 0.0, 0.0, 1.0]}, {"left_foot_pose": [0.9812217390617196, -0.19236488215418432, -0.014129787914266298, -0.0578560146542766, 0.1928831221042823, 0.9785853842878571, 0.07188008671038863, -0.07403020380883735, -4.73288640835747e-10, -0.07325570129344988, 0.9973131916444331, 1.7144186140183315e-09, 0.0, 0.0, 0.0, 1.0], "right_foot_pose": [0.9943988270068916, -0.10555257019904202, 0.005443139874554832, -0.030406033575642876, 0.10569282306437686, 0.9930792742389103, -0.05121115337308379, -0.19434328173880697, -5.348174475352878e-10, 0.05149961166354036, 0.9986730145540654, 2.364932069620629e-09, 0.0, 0.0, 0.0, 1.0]}, {"left_foot_pose": [0.9812217390597383, -0.19198885772644111, -0.018552016210657857, -0.0578560159531852, 0.19288312211436304, 0.9766724991418213, 0.09437653640331292, -0.0740302042634678, 6.163324676798701e-10, -0.09618267998432145, 0.9953636983892044, 1.4898693598275337e-09, 0.0, 0.0, 0.0, 1.0], "right_foot_pose": [0.9943988269992973, -0.10564771767468921, 0.003087492923185873, -0.030406034838537842, 0.10569282313582874, 0.9939744572745799, -0.029048329096228447, -0.19434328270956616, 5.686167823105393e-10, 0.029211950223042394, 0.99957323992, 1.6565791863265567e-09, 0.0, 0.0, 0.0, 1.0]}, {"left_foot_pose": [0.9812217390649348, -0.19158878299695772, -0.022307779273850505, -0.05785601672608434, 0.19288312208792743, 0.9746372666303176, 0.11348259650271633, -0.0740302044073888, 4.6076782290797796e-10, -0.11565438480718832, 0.9932895163419737, 1.0685612394922828e-09, 0.0, 0.0, 0.0, 1.0], "right_foot_pose": [0.9940481861775713, -0.10893986073001298, 0.0005570468615596962, -0.03061089573420005, 0.10894128490645609, 0.9940351960182517, -0.005081881530146408, -0.19522236913154722, -1.047200816655982e-07, 0.0051123205182626395, 0.9999869320040677, 0.002250301305875141, 0.0, 0.0, 0.0, 1.0]}, {"left_foot_pose": [0.9812217390657166, -0.19122481419905232, -0.02523824913478128, -0.05785601697243221, 0.19288312208394875, 0.9727857094426945, 0.1283902828068506, -0.07403020450174706, 1.149657284634567e-10, -0.1308473688639264, 0.9914025247402736, 6.975240315898468e-10, 0.0, 0.0, 0.0, 1.0], "right_foot_pose": [0.9927995654568024, -0.11973863036681667, -0.0034180735308919716, -0.0312954335978822, 0.11978740679773728, 0.9923955932181772, 0.02831896420803115, -0.19815984888887234, 1.2071216761060226e-06, -0.02852449752442976, 0.9995930937334061, 0.00871010913922908, 0.0, 0.0, 0.0, 1.0]}, {"left_foot_pose": [0.9812217390651224, -0.19095468646944316, -0.02720673632346493, -0.05785601695402414, 0.1928831220869727, 0.9714115339894315, 0.13840423709656777, -0.07403020469034188, -2.3399467860751666e-10, -0.1410529664617428, 0.9900020508323929, 4.5898018719015e-10, 0.0, 0.0, 0.0, 1.0], "right_foot_pose": [0.9906057297587171, -0.13640525942903084, -0.009689859095916365, -0.032367781091793876, 0.13674899689666817, 0.9881178383343092, 0.0701630202691345, -0.20276149013017492, 4.117641485229757e-06, -0.07082896840721839, 0.9974884747291141, 0.016558463306754298, 0.0, 0.0, 0.0, 1.0]}, {"left_foot_pose": [0.9812217390648729, -0.19082496420750117, -0.028102167562545417, -0.057856016682886195, 0.19288312208824185, 0.9707516196151166, 0.1429594146186997, -0.07403020487876086, -5.017024143437446e-10, -0.14569531924476758, 0.989329507267506, 3.6560677402208697e-10, 0.0, 0.0, 0.0, 1.0], "right_foot_pose": [0.98739790176336, -0.15715295515494154, -0.018663662003555303, -0.03373127646192582, 0.15825733324604416, 0.9805135792415635, 0.11639474814934163, -0.20861247755433493, 8.195396676487588e-06, -0.11788159147622297, 0.9930276583881582, 0.02291665818938325, 0.0, 0.0, 0.0, 1.0]}, {"left_foot_pose": [0.9812217390642988, -0.19090668183489706, -0.027541561655495053, -0.05785601622315678, 0.19288312209116218, 0.9711673280404631, 0.1401075378383132, -0.07403020475781066, -3.0574130460678697e-10, -0.14278886433310498, 0.9897531713626704, 4.318597424113335e-10, 0.0, 0.0, 0.0, 1.0], "right_foot_pose": [0.9831610422906178, -0.18038209973969313, -0.029268806185508103, -0.03528925258682204, 0.1827412508778511, 0.9704793564587206, 0.1574022042890939, -0.21529798777589693, 1.2232077903841839e-05, -0.16010033348174774, 0.987100746159889, 0.025000007890669293, 0.0, 0.0, 0.0, 1.0]}, {"left_foot_pose": [0.9812217390707444, -0.19114353188913893, -0.025846643726613175, -0.0578560159190752, 0.1928831220583721, 0.9723722156126362, 0.13148526734805244, -0.07403020476451136, -1.656972958999428e-10, -0.13400158402615753, 0.9909811176195447, 7.936725790469445e-10, 0.0, 0.0, 0.0, 1.0], "right_foot_pose": [0.9779928987850299, -0.20466202336046602, -0.040538205683698085, -0.0369450276213842, 0.20863817889330255, 0.9593688872102905, 0.18995117415003074, -0.22240318790120855, 1.5301635029364008e-05, -0.19422871684405763, 0.9809562708495068, 0.025000007215817313, 0.0, 0.0, 0.0, 1.0]}, {"left_foot_pose": [0.9812217390800374, -0.19152655383414788, -0.022835891337168023, -0.05785601557967733, 0.19288312201109725, 0.9743206989524582, 0.11616917334666034, -0.07403020473749272, 1.7598409892528945e-10, -0.11839237631371963, 0.9929668902993651, 1.4435614925645268e-09, 0.0, 0.0, 0.0, 1.0], "right_foot_pose": [0.9721385138631541, -0.22870495877059122, -0.05138824474215571, -0.03860193999675023, 0.23440714490406103, 0.9485059776372559, 0.2130485878956248, -0.2295132679481682, 1.6788807419180458e-05, -0.21915850934913636, 0.9756892679014155, 0.025000005533677427, 0.0, 0.0, 0.0, 1.0]}, {"left_foot_pose": [0.9812217390906935, -0.19200288154555362, -0.018406309082475876, -0.05785601510455554, 0.19288312195688773, 0.9767438410402375, 0.09363530452841516, -0.0740302042567963, 7.487399491020017e-10, -0.09542726270918969, 0.9954364055688502, 2.5107896803322483e-09, 0.0, 0.0, 0.0, 1.0], "right_foot_pose": [0.9660003752595395, -0.2516473492768881, -0.059303343922117856, -0.04016332407027814, 0.2585406636141175, 0.9402586904959241, 0.22151821641766103, -0.23621340832116497, 1.601252019141134e-05, -0.2293190060784452, 0.9733513205388862, 0.02302493623643854