{"LoopMode": "Wrap", "FrameDuration": 0.0167, "EnableCycleOffsetPosition": true, "EnableCycleOffsetRotation": false, "Debug_info": [{"left_foot_pose": [1.0000000000000007, 1.2683880582585952e-13, -8.754996727589064e-12, 1.4448524222964133e-12, -4.216064577795754e-14, 0.9999535929209458, 0.009633898717159074, 1.2645093305785338e-13, 8.755622110569514e-12, -0.009633898717159245, 0.9999535929209458, 1.823167311565399e-11, 0.0, 0.0, 0.0, 1.0], "right_foot_pose": [0.9999999999999998, -2.1059905053218492e-13, -8.817058194665604e-12, 8.039097391219653e-13, 8.004497762026636e-14, 0.9998903003854779, -0.014811724917736205, -0.14000000000214927, 8.81903969377128e-12, 0.014811724917736056, 0.999890300385478, 1.5388836038798814e-11, 0.0, 0.0, 0.0, 1.0]}, {"left_foot_pose": [1.0000000000000004, 1.9411200114630475e-13, -1.9515278282256083e-11, 3.3432053799441e-12, -6.45781797673721e-14, 0.9999780842902989, 0.006620493871648426, 1.2001233340441786e-12, 1.9515822752897047e-11, -0.0066204938716485995, 0.9999780842902992, 3.9669122153807024e-11, 0.0, 0.0, 0.0, 1.0], "right_foot_pose": [0.9999999999999999, -5.449350357680009e-13, -1.9629242675733846e-11, 2.112490737723708e-12, 1.9500089384213723e-13, 0.9998411025522402, -0.017826094556038084, -0.14000000000385668, 1.9635640004590187e-11, 0.01782609455603793, 0.9998411025522403, 3.540272242030795e-11, 0.0, 0.0, 0.0, 1.0]}, {"left_foot_pose": [1.0000000000000002, 1.2543780194709815e-13, -3.4257874315102306e-11, 6.0020915783527674e-12, -4.207122797635208e-14, 0.9999970624843746, 0.002423844595388061, 3.0740011230934172e-12, 3.4257794584878376e-11, -0.002423844595388235, 0.9999970624843748, 6.895030379983069e-11, 0.0, 0.0, 0.0, 1.0], "right_foot_pose": [1.0000000000000002, -1.161571471647577e-12, -3.446387619732149e-11, 4.027092084818056e-12, 4.0227164944310354e-13, 0.9997574108475336, -0.02202542747453913, -0.1400000000057778, 3.448091857275582e-11, 0.022025427474538974, 0.9997574108475337, 6.314484352065719e-11, 0.0, 0.0, 0.0, 1.0]}, {"left_foot_pose": [1.0000000000000007, -2.2944868592354435e-13, -5.2771398362239103e-11, 9.412175167963426e-12, 7.497975912849036e-14, 0.999995697557627, -0.0029334052287573395, 5.8945903713691905e-12, 5.277159420629903e-11, 0.002933405228757165, 0.9999956975576273, 1.0583030979338659e-10, 0.0, 0.0, 0.0, 1.0], "right_foot_pose": [1.0, -2.2052970589847573e-12, -5.3137771960365386e-11, 6.561751427250192e-12, 7.491802500197462e-13, 0.9996248682345847, -0.027388369922084203, -0.14000000000770027, 5.317807216426508e-11, 0.027388369922084054, 0.999624868234585, 9.823614838255779e-11, 0.0, 0.0, 0.0, 1.0]}, {"left_foot_pose": [1.0000000000000007, -1.0586590137873415e-12, -7.525202683211772e-11, 1.3647205753023402e-11, 3.4862254570422166e-13, 0.9999554493114234, -0.009439247448304714, 9.906395148640001e-12, 7.525839390923555e-11, 0.00943924744830454, 0.9999554493114235, 1.5091636274000564e-10, 0.0, 0.0, 0.0, 1.0], "right_foot_pose": [0.9999999999999999, -3.875864315733129e-12, -7.588635275723729e-11, 9.79870329826922e-12, 1.3008149621066966e-12, 0.9994250757302584, -0.0339045424916348, -0.14000000000941237, 7.597395876173723e-11, 0.03390454249163465, 0.9994250757302586, 1.4108745421959057e-10, 0.0, 0.0, 0.0, 1.0]}, {"left_foot_pose": [1.0000000000000004, -2.611688732361647e-12, -1.0235257086321778e-10, 1.8879104872138868e-11, 8.608812773352635e-13, 0.9998536947727592, -0.01710523455737912, 1.5489101320986798e-11, 1.023819406443927e-10, 0.01710523455737894, 0.9998536947727593, 2.057873663141585e-10, 0.0, 0.0, 0.0, 1.0], "right_foot_pose": [1.0, -6.454444124377164e-12, -1.0341277834058356e-10, 1.3905390899970363e-11, 2.1482536479627446e-12, 0.9991348653544538, -0.04158750813811148, -0.14000000001067237, 1.035916667555654e-10, 0.04158750813811132, 0.9991348653544536, 1.9300971931812683e-10, 0.0, 0.0, 0.0, 1.0]}, {"left_foot_pose": [1.0000000000000002, -5.238529372859314e-12, -1.3518836050607767e-10, 2.5389484414697654e-11, 1.7261822404710497e-12, 0.9996627081064802, -0.025970560664317095, 2.3202068738514825e-11, 1.3527838153564842e-10, 0.025970560664316918, 0.9996627081064804, 2.7307921202091023e-10, 0.0, 0.0, 0.0, 1.0], "right_foot_pose": [0.9999999999999997, -1.0345448823520693e-11, -1.3690815148237326e-10, 1.9151278249129017e-11, 3.4213556052345336e-12, 0.9987251256209029, -0.05047894069323858, -0.1400000000111565, 1.3725549500395492e-10, 0.05047894069323844, 0.9987251256209029, 2.56264107156845e-10, 0.0, 0.0, 0.0, 1.0]}, {"left_foot_pose": [1.0000000000000007, -9.443960098895893e-12, -1.7533191565277649e-10, 3.3582908381352816e-11, 3.10823805542825e-12, 0.9993480934777103, -0.036102466154911965, 3.383673896628636e-11, 1.7555826228554167e-10, 0.03610246615491178, 0.9993480934777104, 3.565644585146188e-10, 0.0, 0.0, 0.0, 1.0], "right_foot_pose": [1.0, -1.6134242318036886e-11, -1.780505742843274e-10, 2.5927641676273352e-11, 5.305996019728377e-12, 0.9981591456104278, -0.06064915526419794, -0.14000000001038757, 1.7870122240107585e-10, 0.06064915526419778, 0.998159145610428, 3.340862031464553e-10, 0.0, 0.0, 0.0, 1.0]}, {"left_foot_pose": [1.0000000000000004, -1.5957732129018483e-11, -2.2479512695738867e-10, 4.4005200334200645e-11, 5.241004977167489e-12, 0.9988667459935769, -0.04759436676964796, 4.8475385164281626e-11, 2.25299588262674e-10, 0.04759436676964778, 0.9988667459935772, 4.6127830721776064e-10, 0.0, 0.0, 0.0, 1.0], "right_foot_pose": [1.0, -2.466303159926347e-11, -2.2900575880058212e-10, 3.477500290310428e-11, 8.065592113237728e-12, 0.9973905080114909, -0.07219539132507344, -0.14000000000764473, 2.3018843133505645e-10, 0.0721953913250733, 0.9973905080114909, 4.3073018762829207e-10, 0.0, 0.0, 0.0, 1.0]}, {"left_foot_pose": [1.0000000000000007, -2.5812368512309155e-11, -2.8591085055040775e-10, 5.7351972411172123e-11, 8.450281812407183e-12, 0.9981644998343258, -0.06056097151211574, 6.852271874913107e-11, 2.8694923664834135e-10, 0.06056097151211555, 0.9981644998343259, 5.935173880144973e-10, 0.0, 0.0, 0.0, 1.0], "right_foot_pose": [0.9999999999999998, -3.7113885367553384e-11, -2.923222774953158e-10, 4.6404530750605124e-11, 1.2062179988741325e-11, 0.9963606969546694, -0.08523709030701099, -0.14000000000185653, 2.944216818052586e-10, 0.08523709030701083, 0.9963606969546693, 5.513628095754619e-10, 0.0, 0.0, 0.0, 1.0]}, {"left_foot_pose": [1.0000000000000002, -4.0381577446299257e-11, -3.608450760417263e-10, 7.441833178351367e-11, 1.3158452545371469e-11, 0.9971739474024056, -0.07512734936030363, 9.559930277958095e-11, 3.6285916065875093e-10, 0.07512734936030345, 0.9971739474024058, 7.601714466232146e-10, 0.0, 0.0, 0.0, 1.0], "right_foot_pose": [1.0, -5.504160439419874e-11, -3.704511697399934e-10, 6.166569425788538e-11, 1.775634519148992e-11, 0.9949969733509769, -0.09990507005350405, -0.13999999999151513, 3.7409654111790185e-10, 0.0999050700535039, 0.994996973350977, 7.013018499257839e-10, 0.0, 0.0, 0.0, 1.0]}, {"left_foot_pose": [1.0000000000000002, -6.123290220222773e-11, -4.502331285571859e-10, 9.588255929852229e-11, 1.982358713822915e-11, 0.9958138477044473, -0.09140448960562622, 1.310377986674105e-10, 4.539451843759218e-10, 0.091404489605626, 0.9958138477044474, 9.662670524823724e-10, 0.0, 0.0, 0.0, 1.0], "right_foot_pose": [0.9999999999999997, -8.018503820740696e-11, -4.6434828204766585e-10, 8.135026883262671e-11, 2.5629229501922546e-11, 0.9932121409223634, -0.11631699413419862, -0.13999999997475818, 4.705231291322728e-10, 0.11631699413419846, 0.9932121409223637, 8.8360990052605e-10, 0.0, 0.0, 0.0, 1.0]}, {"left_foot_pose": [1.0000000000000004, -8.935737508262983e-11, -5.496275101712895e-10, 1.2163142495945325e-10, 2.8673501869217994e-11, 0.9939941435371339, -0.10943327927957154, 1.7431210988516632e-10, 5.561050896435589e-10, 0.10943327927957132, 0.9939941435371339, 1.207481177545322e-09, 0.0, 0.0, 0.0, 1.0], "right_foot_pose": [0.9999999999999998, -1.1354428938966467e-10, -5.697590177433646e-10, 1.0551784781429117e-10, 3.586795966921173e-11, 0.9909107858864109, -0.13452068396338115, -0.13999999995004936, 5.798543014959885e-10, 0.13452068396338104, 0.9909107858864109, 1.0922685741987515e-09, 0.0, 0.0, 0.0, 1.0]}, {"left_foot_pose": [1.0000000000000002, -1.2257815815267266e-10, -6.406394303937168e-10, 1.4884390637281994e-10, 3.887435990270021e-11, 0.9916371642310963, -0.12905709788969638, 2.1884571932417884e-10, 6.511012967823427e-10, 0.1290570978896962, 0.9916371642310964, 1.4491853758680229e-09, 0.0, 0.0, 0.0, 1.0], "right_foot_pose": [0.9999999999999999, -1.5231682602040204e-10, -6.678086417188913e-10, 1.315098884091249e-10, 4.740522144552733e-11, 0.9880139574618362, -0.1543645680219428, -0.13999999991862308, 6.83316462878297e-10, 0.15436456802194268, 0.9880139574618362, 1.2939734422845461e-09, 0.0, 0.0, 0.0, 1.0]}, {"left_foot_pose": [1.0000000000000002, -1.487322351034965e-10, -6.722611911591486e-10, 1.6734391555874557e-10, 4.64662750173662e-11, 0.9887417405266405, -0.14963211734233514, 2.429959081173827e-10, 6.869475507199142e-10, 0.14963211734233495, 0.9887417405266404, 1.5767648783859833e-09, 0.0, 0.0, 0.0, 1.0], "right_foot_pose": [0.9999999999999998, -1.8188320287912652e-10, -7.048778227769493e-10, 1.4907745119166555e-10, 5.55737962715686e-11, 0.9845324653803553, -0.17520223917541577, -0.1399999998909814, 7.258412679718418e-10, 0.1752022391754156, 0.9845324653803552, 1.386899518840412e-09, 0.0, 0.0, 0.0, 1.0]}, {"left_foot_pose": [0.9999999955496186, -9.290879528287697e-05, 1.639265616349041e-05, -1.559009591270637e-05, 9.434295223466941e-05, 0.985540672522546, -0.16943899758678876, -1.866995657175824e-05, -4.132562402004426e-07, 0.16943899837925197, 0.9855406769018041, 0.00016386124469072727, 0.0, 0.0, 0.0, 1.0], "right_foot_pose": [0.9999999999999997, -1.6451781793967978e-10, -5.736537356249007e-10, 1.611592324666826e-10, 4.935368271489651e-11, 0.9807561564391203, -0.19523668099710192, -0.1399999999645815, 5.947341782712864e-10, 0.1952366809971018, 0.9807561564391201, 1.1103649319443853e-09, 0.0, 0.0, 0.0, 1.0]}, {"left_foot_pose": [0.9999964518054182, -0.0026161169006058936, 0.0005023036301939847, -0.0004402895845253774, 0.0026639015006958526, 0.9822219613229791, -0.1877043481745585, -0.0005272537836949857, -2.3171392522621295e-06, 0.1877050202504014, 0.9822254452860752, 0.004191209228642016, 0.0, 0.0, 0.0, 1.0], "right_foot_pose": [0.9999999999999998, -1.0985625832905e-10, -3.385777769260294e-10, 2.4276050924997253e-10, 3.548105041656376e-11, 0.9772099257468418, -0.2122752011466534, -0.1400000001604134, 3.5418105051623684e-10, 0.21227520114665321, 0.9772099257468418, 6.340414859806742e-10, 0.0, 0.0, 0.0, 1.0]}, {"left_foot_pose": [0.9999658700525712, -0.008088794748086861, 0.0016822988820585523, -0.0013655665537799357, 0.008261883135067217, 0.9791179260422328, -0.20312515400565329, -0.001635276184532599, -4.1313134591345465e-06, 0.2031321203115871, 0.9791513374758023, 0.011469802551503719, 0.0, 0.0, 0.0, 1.0], "right_foot_pose": [0.9999999999999997, -4.762244550806243e-11, -1.0405426520421174e-10, 2.4813606087084035e-10, 2.2960338363896108e-11, 0.9743007251123434, -0.2252511865575009, -0.14000000017235312, 1.1210687624426695e-10, 0.2252511865575007, 0.9743007251123434, 3.022415651088295e-10, 0.0, 0.0, 0.0, 1.0]}, {"left_foot_pose": [0.9998681588592406, -0.015865192624815835, 0.003458404604832067, -0.002683975568207705, 0.0162377605565668, 0.9770001927703134, -0.21261928054360246, -0.00321406822286777, -5.616124024705653e-06, 0.2126474053209889, 0.9771289991494014, 0.019120926702090084, 0.0, 0.0, 0.0, 1.0], "right_foot_pose": [0.9999999999999996, 3.446003214819708e-13, 7.256600875749086e-11, 1.6164134370487162e-10, 1.6621218019443916e-11, 0.9723170419947031, -0.23366550846599185, -0.14000000007855018, -7.063791375402224e-11, 0.23366550846599174, 0.9723170419947034, 9.165630754370824e-11, 0.0, 0.0, 0.0, 1.0]}, {"left_foot_pose": [0.9996634915634719, -0.02535060027765169, 0.00550006369893727, -0.004288069981897873, 0.025940385372520133, 0.9769877880251935, -0.21171197050796656, -0.0051349659270385, -6.469528880996778e-06, 0.21178340141570015, 0.9773166277327644, 0.024265877751193828, 0.0, 0.0, 0.0, 1.0], "right_foot_pose": [0.9999999999999999, 1.9248500187617725e-11, 1.604488764073152e-10, 1.0770783212087527e-11, 1.9364080757182293e-11, 0.9714539013517627, -0.2372284079709672, -0.13999999998541224, -1.6043532510956175e-10, 0.23722840797096706, 0.9714539013517627, -3.8936701085567904e-12, 0.0, 0.0, 0.0, 1.0]}, {"left_foot_pose": [0.9993256632253996, -0.035993773934622005, 0.0072572072493178935, -0.00607039972654685, 0.03671809877020871, 0.9796471006938112, -0.19734066819819995, -0.007269305356484859, -6.46664169553805e-06, 0.19747406498108566, 0.9803081115741263, 0.025000001053391098, 0.0, 0.0, 0.0, 1.0], "right_foot_pose": [1.0, 3.0392336325432816e-12, 1.4597278941153033e-10, -1.444417860936196e-10, 3.1465697111136206e-11, 0.9718036363335251, -0.23579162921727656, -0.13999999997365548, -1.4257357196602094e-10, 0.23579162921727642, 0.971803636333525, 4.336398601312297e-11, 0.0, 0.0, 0.0, 1.0]}, {"left_foot_pose": [0.9988512117088497, -0.0471690603125552, 0.008446100697616803, -0.007923517304118192, 0.04791927413818315, 0.9832347928116629, -0.17593488957758374, -0.009488413846891, -5.816651920081699e-06, 0.17613750865115968, 0.9843655713261869, 0.02500000169714408, 0.0, 0.0, 0.0, 1.0], "right_foot_pose": [0.9999999999999999, -4.175335263002992e-11, 4.0041581161887304e-11, -2.793056197909854e-10, 4.983557336339477e-11, 0.9732534096291953, -0.22973419563736244, -0.13999999995184761, -2.937856857063574e-11, 0.22973419563736228, 0.9732534096291954, 2.2266804372561566e-10, 0.0, 0.0, 0.0, 1.0]}, {"left_foot_pose": [0.9982643006229246, -0.05823093256253317, 0.008805940876587457, -0.00973997680035669, 0.058893005355768975, 0.9870537530901546, -0.14918613350712798, -0.01166362492055445, -4.689312207212236e-06, 0.14944579955133858, 0.9887699191290525, 0.024910271015632673, 0.0, 0.0, 0.0, 1.0], "right_foot_pose": [1.0, -1.1046122289653201e-10, -1.602896704255834e-10, -3.863505354164374e-10, 7.266300945766198e-11, 0.9757086308916045, -0.2190722885342442, -0.13999999996455129, 1.805948070295757e-10, 0.21907228853424401, 0.9757086308916045, 5.31498241251871e-10, 0.0, 0.0, 0.0, 1.0]}, {"left_foot_pose": [0.9976173594023947, -0.06853228173699212, 0.007932879610563449, -0.011412329404888684, 0.06898988482942126, 0.9910055874397566, -0.11466613037164568, -0.013666275574800827, -3.1964662353284754e-06, 0.11494021064495011, 0.9933724115188011, 0.02116383402837122, 0.0, 0.0, 0.0, 1.0], "right_foot_pose": [0.9999999999999999, -1.9619629291637546e-10, -4.660504759890205e-10, -4.155065168373919e-10, 9.730009111156951e-11, 0.9790956176694869, -0.20340051981351084, -0.14000000021206305, 4.962142906065248e-10, 0.2034005198135107, 0.9790956176694866, 9.863714151014946e-10, 0.0, 0.0, 0.0, 1.0]}, {"left_foot_pose": [0.9969874906401596, -0.07733468373804446, 0.0059405553759639155, -0.012833128129747354, 0.0775625135236878, 0.9940606583385284, -0.0763378283648403, -0.015367687263657082, -1.7105740833921276e-06, 0.07656862434906755, 0.9970643137543168, 0.013996812814765669, 0.0, 0.0, 0.0, 1.0], "right_foot_pose": [0.9999999999999999, -2.6826818335744396e-10, -8.25402968196441e-10, -3.4069924411053984e-10, 1.1292700166429183e-10, 0.983163435012766, -0.18272837780131065, -0.14000000040604496, 8.605261627099087e-10, 0.18272837780131054, 0.9831634350127663, 1.5862883021022789e-09, 0.0, 0.0, 0.0, 1.0]}, {"left_foot_pose": [0.996468673084001, -0.08390127309181156, 0.0032802341051250137, -0.013894928438583599, 0.08396537120664681, 0.9957082530944904, -0.03892160271172406, -0.016639190622711807, -5.84152267888953e-07, 0.03905958388273564, 0.9992368832797194, 0.006287911112483828, 0.0, 0.0, 0.0, 1.0], "right_foot_pose": [0.9999999999999998, -3.0198003807119627e-10, -1.1896831852986604e-09, -1.7570610543291495e-10, 1.1091916664949176e-10, 0.9875296997781113, -0.15743281759580255, -0.14000000042482022, 1.2223888916547245e-09, 0.1574328175958024, 0.9875296997781114, 2.241254265511472e-09, 0.0, 0.0, 0.0, 1.0]}, {"left_foot_pose": [0.9961597772420834, -0.08755321453973637, 0.00036445680536885915, -0.01449028299710773, 0.08755397309662022, 0.9961511476565332, -0.004146422261271162, -0.017352119375940098, -2.1467126201700022e-08, 0.0041624087174714705, 0.9999913371393123, 0.0009158369055241519, 0.0, 0.0, 0.0, 1.0], "right_foot_pose": [0.9999999999999998, -2.733588036944125e-10, -1.4621506783107902e-09, 6.037495258649602e-11, 8.352956992743398e-11, 0.9917374586502202, -0.12828411090233496, -0.1400000001811485, 1.4851370317527425e-09, 0.12828411090233482, 0.9917374586502202, 2.778765613442591e-09, 0.0, 0.0, 0.0, 1.0]}, {"left_foot_pose": [0.9961121080594344, -0.08806140290160695, -0.0024202265165833283, -0.01457999980279128, 0.08809465464709412, 0.9957361213011948, 0.02736619371894056, -0.017459549826474977, 1.5533257488519713e-09, -0.027473005934083042, 0.9996225457366132, 2.9432005305141118e-09, 0.0, 0.0, 0.0, 1.0], "right_foot_pose": [0.9999999999999998, -2.1187952276675656e-10, -1.5324543300998515e-09, 2.2583291608709595e-10, 6.065527992702102e-11, 0.9951849004588834, -0.09801537582768426, -0.13999999996542278, 1.5458426666041914e-09, 0.09801537582768413, 0.9951849004588835, 2.9474671800477914e-09, 0.0, 0.0, 0.0, 1.0]}, {"left_foot_pose": [0.9961121080612725, -0.08794081129932076, -0.005204025532830366, -0.014579999793154394, 0.08809465462631172, 0.9943725573764453, 0.058843427525084833, -0.017459549923815553, 1.4215438474597643e-09, -0.05907309746954428, 0.9982536597255004, 2.671421854560929e-09, 0.0, 0.0, 0.0, 1.0], "right_foot_pose": [1.0, -1.2828384790201164e-10, -1.3930203102141541e-09, 2.408062801195323e-10, 3.4902646132881834e-11, 0.9977644274935247, -0.06682923932321219, -0.14000000004782065, 1.398478952555094e-09, 0.06682923932321207, 0.9977644274935248, 2.694965757499279e-09, 0.0, 0.0, 0.0, 1.0]}, {"left_foot_pose": [0.996112108062069, -0.0877546248604977, -0.007732657223435614, -0.0145799998716102, 0.0880946546173029, 0.9922672929095205, 0.08743541187568661, -0.01745954995742783, 1.0814211859443383e-09, -0.0877766782101381, 0.9961401782693012, 2.0109528001133192e-09, 0.0, 0.0, 0.0, 1.0], "right_foot_pose": [0.9999999992605423, -3.842540986714814e-05, 1.5501879837567423e-06, -2.5421403909410434e-07, 3.845658773150792e-05, 0.999266811889409, -0.0382862531134503, -0.14000734531324735, -7.788643635783066e-08, 0.03828625314475403, 0.9992668126282036, 3.740139997308878e-05, 0.0, 0.0, 0.0, 1.0]}, {"left_foot_pose": [0.9961121080630457, -0.08754143999905913, -0.00985720310669917, -0.014580000239100227, 0.08809465460625651, 0.9898567491011794, 0.11145827958770098, -0.017459549759667795, 7.275018842458864e-10, -0.11189330874425371, 0.9937202259480603, 1.318115103177142e-09, 0.0, 0.0, 0.0, 1.0], "right_foot_pose": [0.999992175675537, -0.003955632888915818, 3.944811821213028e-05, -2.6164497401902844e-05, 0.00395582958016601, 0.9999429469178012, -0.00992241511305942, -0.140755649782139, -1.9643601685238623e-07, 0.00992249352689687, 0.9999507708493306, 0.003492991118461533, 0.0, 0.0, 0.0, 1.0]}, {"left_foot_pose": [0.9961121080627661, -0.0873369128200462, -0.01152960666357271, -0.014580000404301508, 0.08809465460942059, 0.987544099839063, 0.1303686415603941, -0.017459549773505577, 3.5164801304464566e-10, -0.1308774790868133, 0.9913985502651704, 7.529146819895693e-10, 0.0, 0.0, 0.0, 1.0], "right_foot_pose": [0.9999091809886147, -0.013473821471795353, -0.0002931034360533368, -8.914126355227139e-05, 0.013477009092774663, 0.9996739172507099, 0.02168938437424564, -0.14257448459935015, 7.689671872619208e-07, -0.021691364723472176, 0.9997647146683275, 0.010538498891115473, 0.0, 0.0, 0.0, 1.0]}, {"left_foot_pose": [0.9961121080618233, -0.08717232498367664, -0.012714319862705653, -0.014580000398839745, 0.08809465462007882, 0.9856830562738242, 0.14376454501045316, -0.0174595499200131, 2.1932679082893867e-11, -0.1443256676119458, 0.989530242927606, 3.408966095519439e-10, 0.0, 0.0, 0.0, 1.0], "right_foot_pose": [0.9996238230295819, -0.027382972081604305, -0.00154443248492993, -0.00018142562653432548, 0.027426491296967486, 0.9980430299785659, 0.056195176717762405, -0.1452397262652474, 2.6191216735285932e-06, -0.056216395750539466, 0.9984186080206833, 0.018295209600367998, 0.0, 0.0, 0.0, 1.0]}, {"left_foot_pose": [0.9961121080609204, -0.08707220833136015, -0.013382776644998758, -0.01458000024130534, 0.08809465463028823, 0.9845510073903837, 0.15132298461288535, -0.01745955008890133, -2.1402254104793642e-10, -0.15191360828734704, 0.9883937755859854, 9.983522342160711e-11, 0.0, 0.0, 0.0, 1.0], "right_foot_pose": [0.9990037957964768, -0.04444126679858708, -0.004048430506697944, -0.00029525997727140304, 0.04462528386381008, 0.9948943085703872, 0.09052015695040243, -0.14852725054648722, 4.930024073507324e-06, -0.09061064275010937, 0.9958863948242824, 0.02388441865585539, 0.0, 0.0, 0.0, 1.0]}, {"left_foot_pose": [0.9961121080607371, -0.08705300328686418, -0.013507138613768675, -0.014579999988041261, 0.0880946546323578, 0.9843338501188955, 0.1527291829851712, -0.017459550141100115, -3.1262779024172214e-10, -0.15332529513700452, 0.9881757707367403, 6.906779315141165e-11, 0.0, 0.0, 0.0, 1.0], "right_foot_pose": [0.9979568775197653, -0.06343616986942839, -0.007610713717977242, -0.00042288277395713316, 0.06389108358779624, 0.9908643168518934, 0.11876798822750077, -0.15221292599543085, 6.998372668561052e-06, -0.11901158742713913, 0.9928928653228882, 0.025000002394257904, 0.0, 0.0, 0.0, 1.0]}, {"left_foot_pose": [0.9961121080616321, -0.08711666052701912, -0.013090287683311271, -0.014579999729685026, 0.08809465462224018, 0.9850536414430412, 0.14801572655225967, -0.017459550140952906, -2.527308777155746e-10, -0.1485934417746127, 0.9888983714525855, 2.3538090226926656e-10, 0.0, 0.0, 0.0, 1.0], "right_foot_pose": [0.9964623040223317, -0.08320905151252307, -0.01179535539490844, -0.0005565290662486492, 0.08404092212870856, 0.9866129110888998, 0.13975724339168635, -0.1560726236870234, 8.382258871589497e-06, -0.14025411729811368, 0.9901155399803927, 0.025000001748997677, 0.0, 0.0, 0.0, 1.0]}, {"left_foot_pose": [0.9961121080636627, -0.0872573010010422, -0.012117408591790108, -0.014579999450616556, 0.08809465459928276, 0.9866439052040074, 0.13701509462398584, -0.0174595501238121, -1.933513121706088e-11, -0.137549873666973, 0.9904948421138805, 6.396327981161853e-10, 0.0, 0.0, 0.0, 1.0], "right_foot_pose": [0.9945882133524689, -0.10266380902276909, -0.015950804910100626, -0.0006884410161552216, 0.10389555227792063, 0.9828097589492544, 0.15261288258523398, -0.1598822228140893, 8.786896597670594e-06, -0.1534441919104305, 0.9881573153560851, 0.024992551130821, 0.0, 0.0, 0.0, 1.0]}, {"left_foot_pose": [0.9961121080665981, -0.08746104784228544, -0.010546718610447915, -0.014579999154128307, 0.08809465456608913, 0.988947731488256, 0.11925483730698076, -0.017459549788097842, 4.1331773838729527e-10, -0.11972029691978911, 0.9928076603781008, 1.3638225201950682e-09, 0.0, 0.0, 0.0, 1.0], "right_foot_pose": [0.9924951378874313, -0.1208366531178848, -0.01875911866470653, -0.0008108596182418003, 0.12228410038910408, 0.9807570742469193, 0.15219119589072802, -0.16341759563614727, 7.863591604099659e-06, -0.1533429639008275, 0.9881730290593208, 0.02183779345382491, 0.0, 0.0, 0.0, 1.0]}, {"left_foot_pose": [0.9961121080692166, -0.08769739740938091, -0.008356712602647795, -0.014579998979230485, 0.0880946545364825, 0.9916202062587718, 0.09449179002119493, -0.017459549426197606, 1.013269908261693e-09, -0.09486059786303733, 0.995490565988984, 2.3911042937307947e-09, 0.0, 0.0, 0.0, 1.0], "right_foot_pose": [0.9904256397338013, -0.13671225093758785, -0.01915235237428522, -0.0009160187047860144, 0.13804728220508916, 0.98085323622403, 0.13736767037638428, -0.16645461603337483, 5.803384412180642e-06, -0.1386963930043767, 0.9903349486582286, 0.014923779816827548, 0.0, 0.0, 0.0, 1.0]}, {"left_foot_pose": [0.9961121080683067, -0.08791907073996193, -0.00555924094965541, -0.014579999268052778, 0.08809465454677036, 0.9941267317340771, 0.06285994823421702, -0.01745954920402479, 1.8006883007485827e-09, -0.06310529495965284, 0.9980068745995972, 3.61634090034757e-09, 0.0, 0.0, 0.0, 1.0], "right_foot_pose": [0.9886803341698588, -0.14907100671026582, -0.017000934802638236, -0.000996161615993623, 0.15003731807456175, 0.982315242537222, 0.11200699738869438, -0.16876916494147343, 3.2815346860042484e-06, -0.11328989027016535, 0.9935619763013305, 0.007129214674042275, 0.0, 0.0, 0.0, 1.0]}, {"left_foot_pose": [0.9961121080654836, -0.08806691401051517, -0.0022106157521753792, -0.014579999401841303, 0.08809465457869325, 0.9957984380201539, 0.02499605311411731, -0.017459549272358606, 2.4528754296121102e-09, -0.025093614591914445, 0.9996851056741385, 4.817217631736259e-09, 0.0, 0.0, 0.0, 1.0], "right_foot_pose": [0.9875805623845464, -0.15661525782102215, -0.012501752592252011, -0.0010435285375117401, 0.15711343926986604, 0.9844496140096822, 0.07857687113255057, -0.17013711959388533, 1.008582693168991e-06, -0.07956518393017216, 0.9968296652413294, 0.001332806390389664, 0.0, 0.0, 0.0, 1.0]}, {"left_foot_pose": [0.9961121080505589, -0.08808172382033466, 0.0015093455238830702, -0.014580001011924852, 0.08809465474744894, 0.9959658937307002, -0.01706664378652884, -0.017459549665635853, 2.740902121044833e-09, 0.017133255792368136, 0.9998532150000592, 5.472796445193939e-09, 0.0, 0.0, 0.0, 1.0], "right_foot_pose": [0.9873529952290133, -0.1584182177095228, -0.006142565427794397, -0.0010530668875656912, 0.15853726001258028, 0.9866116132458522, 0.038255219201050704, -0.17041256477791186, 2.742266688552722e-09, -0.03874523075367056, 0.999249121637765, 5.6276501028684756e-09, 0.0, 0.0, 0.0, 1.0]}, {"left_foot_pose": [0.996112108038733, -0.08793527181679332, 0.005296809335656431, -0.014580002510423223, 0.08809465488116565, 0.9943099154519652, -0.05989260234181454, -0.01745954979834654, 2.224040664008723e-09, 0.06012636696502624, 0.9981907733472534, 5.488861080926721e-09, 0.0, 0.0, 0.0, 1.0], "right_foot_pose": [0.9873529952263147, -0.1585357155798545, 0.0006997879740283392, -0.001053068314152193, 0.1585372600293859, 0.9873433764985999, -0.004358218296368161, -0.1704125644392313, 2.235157492610286e-09, 0.004414042356773048, 0.9999902580675837, 5.4670907315146344e-09, 0.0, 0.0, 0.0, 1.0]}, {"left_foot_pose": [0.9961121080504004, -0.08764977659753012, 0.008842220184543968, -0.014579999740106106, 0.0880946547492466, 0.9910817377466588, -0.09998160285610039, -0.01745954928211705, 2.2081634335996838e-09, 0.10037183752162204, 0.9949499958452859, 4.655102636696995e-09, 0.0, 0.0, 0.0, 1.0], "right_foot_pose": [0.987352995209629, -0.158375118475397, 0.007168312108034251, -0.0010530655174615993, 0.1585372601333019, 0.9863431937735444, -0.04464349052247602, -0.17041256429812635, 2.242048059827547e-09, 0.04521532864536737, 0.998977264033317, 4.264802157261105e-09, 0.0, 0.0, 0.0, 1.0]}, {"left_foot_pose": [0.9958581181888293, -0.09009025703732543, 0.012261893179820309, -0.014732780517942612, 0.09092089106759782, 0.9867634447846931, -0.1342806598290338, -0.01788102958070175, -2.208794562348844e-06, 0.13483934746058063, 0.9908674736671536, 0.002844457385121138, 0.0, 0.0, 0.0, 1.0], "right_foot_pose": [0.9873529952059775, -0.1580212766384812, 0.012780414208045989, -0.0010530651183316498, 0.1585372601560423, 0.984139504604067, -0.07959505399129657, -0.17041256457518522, 1.538472330938928e-09, 0.080614586814091, 0.9967453478159772, 2.9375267496245527e-09, 0.0, 0.0, 0.0, 1.0]}, {"left_foot_pose": [0.9951029635009899, -0.09751585828374709, 0.016147737139698057, -0.015161297754892248, 0.09884377576558039, 0.9817423313736474, -0.1625173922429239, -0.019063172179671142, -4.894115331033502e-06, 0.1633176419503439, 0.9865735389740738, 0.009617036031938003, 0.0, 0.0, 0.0, 1.0], "right_foot_pose": [0.9873529952073468, -0.15758359136184485, 0.017363023601424343, -0.001053065016849839, 0.1585372601475141, 0.9814136480280545, -0.10813504801490413, -0.1704125645680614, 8.84802837699339e-10, 0.10952014973405218, 0.9939845757365812, 1.817951268689999e-09, 0.0, 0.0, 0.0, 1.0]}, {"left_foot_pose": [0.9938414627485905, -0.10890495938928747, 0.020465989889586866, -0.015809230441553336, 0.11081131199437817, 0.9767562686715705, -0.18348854118139574, -0.020850602124660982, -7.471793463707371e-06, 0.18462638335625178, 0.9828087802380295, 0.01743948964181119, 0.0, 0.0, 0.0, 1.0], "right_foot_pose": [0.9873529952107368, -0.15715684156081297, 0.02087558380059941, -0.0010530651162741276, 0.1585372601264016, 0.9787558966441087, -0.1300108916052832, -0.1704125643978949, 3.524663865025569e-10, 0.1316762010957808, 0.9912927812029017, 9.69417338070322e-10, 0.0, 0.0, 0.0, 1.0]}, {"left_foot_pose": [0.9920596952333988, -0.12334373368997073, 0.024574060568702833, -0.016620232869110407, 0.1257678854318067, 0.9729524571305403, -0.1937677866872018, -0.02308788469979889, -9.350333153182037e-06, 0.19531983904115424, 0.9807395986649619, 0.023433112502395402, 0.0, 0.0, 0.0, 1.0], "right_foot_pose": [0.9873529952139917, -0.15681313886898443, 0.023317425244128123, -0.0010530653498782641, 0.1585372601061306, 0.9766153537126987, -0.14521841498467541, -0.17041256419281042, -2.713825017265011e-11, 0.14707851770628122, 0.9891248200451358, 3.9592067124782915e-10, 0.0, 0.0, 0.0, 1.0]}, {"left_foot_pose": [0.9897720498918758, -0.1400225424879476, 0.027294264013625537, -0.017537958182801783, 0.14265794458539638, 0.9715007962328069, -0.18930111929329335, -0.02561958817800658, -9.975202564492439e-06, 0.19125870049290422, 0.9815396626658864, 0.025000000342915475, 0.0, 0.0, 0.0, 1.0], "right_foot_pose": [0.9873529952157052, -0.15660177886877458, 0.024697078647295544, -0.0010530656210727034, 0.15853726009545924, 0.9752990266495519, -0.1538107466266953, -0.17041256410948058, -2.3492006519473127e-10, 0.15578090855933568, 0.9877916321413275, 1.0263425526124692e-10, 0.0, 0.0, 0.0, 1.0]}, {"left_foot_pose": [0.9870472084252626, -0.1578911714684664, 0.028428617838587543, -0.018506062909152535, 0.16043007277506266, 0.9714370329682617, -0.17484931434583867, -0.02829027224815852, -9.449091983699468e-06, 0.17714533284887, 0.9841847036814678, 0.025000000897867268, 0.0, 0.0, 0.0, 1.0], "right_foot_pose": [0.9873529952154335, -0.15654128878244328, 0.0250776343669692, -0.001053065851880375, 0.15853726009715097, 0.9749223009316128, -0.15618080646192858, -0.17041256413235953, -2.7233583367194474e-10, 0.15818132649760444, 0.9874100809427955, 1.8220418229741853e-11, 0.0, 0.0, 0.0, 1.0]}, {"left_foot_pose": [0.9840230254378062, -0.17585361578800968, 0.027824291949850092, -0.019468201822676195, 0.17804124618654937, 0.9719391779857106, -0.15373857340564462, -0.030944498179934034, -8.035426298951128e-06, 0.15623616774212412, 0.9877197273643407, 0.02500000157852815, 0.0, 0.0, 0.0, 1.0], "right_foot_pose": [0.987352995213496, -0.15663264398055188, 0.024500564944493267, -0.0010530660482837174, 0.15853726010921745, 0.9754912510817648, -0.15258688089084074, -0.17041256414553224, -1.5923606308524923e-10, 0.1545413663152844, 0.9879863187804804, 1.4768569700507328e-10, 0.0, 0.0, 0.0, 1.0]}, {"left_foot_pose": [0.98091035499019, -0.1930167044189324, 0.02365221529318734, -0.020368028149738898, 0.19446047269605182, 0.9736311327649158, -0.11927926001504392, -0.0334268348437272, -5.64349467319712e-06, 0.1216016822505456, 0.9925789796494734, 0.022459722917359523, 0.0, 0.0, 0.0, 1.0], "right_foot_pose": [0.9873529952123187, -0.1569752311971234, 0.022199991798920515, -0.001053066029021605, 0.1585372601165495, 0.9776248469819243, -0.13825916142631087, -0.17041256437028676, 2.4459559187933064e-10, 0.14003012302422216, 0.9901472439217419, 5.72117075936518e-10, 0.0, 0.0, 0.0, 1.0]}, {"left_foot_pose": [0.9779859553145309, -0.20791545359864952, 0.017737963873933008, -0.021149199266477046, 0.20867072434079487, 0.974447522683522, -0.08311771375005621, -0.03558183630686705, -3.25779797842329e-06, 0.08498935045531267, 0.9963818596795971, 0.01583856143413677, 0.0, 0.0, 0.0, 1.0], "right_foot_pose": [0.987352995209856, -0.15732929707328644, 0.019533436270953938, -0.0010530659897030727, 0.1585372601318878, 0.979829930817157, -0.12165214270500821, -0.17041256458484152, 5.892477288910849e-10, 0.12321038494084444, 0.9923805726850609, 1.1677586467251366e-09, 0.0, 0.0, 0.0, 1.0]}, {"left_foot_pose": [0.9755748082834013, -0.21941692573457083, 0.010488381381098486, -0.021755370700122355, 0.21966746104309864, 0.9744624269873777, -0.04657450964582655, -0.037254061510909174, -1.2978517122900572e-06, 0.047740874427058086, 0.998859754373584, 0.007998177291230833, 0.0, 0.0, 0.0, 1.0], "right_foot_pose": [0.9873529952092305, -0.15773259369396403, 0.015952797182172396, -0.0010530658680731704, 0.15853726013578226, 0.9823416185747634, -0.09935231031311562, -0.17041256467597757, 9.904447985977339e-10, 0.10062491392537494, 0.9949244326568281, 1.87847285643139e-09, 0.0, 0.0, 0.0, 1.0]}, {"left_foot_pose": [0.9740219887827402, -0.22643574880794548, 0.0028314359433637823, -0.022130196919294482, 0.22645345077452625, 0.9739458579089708, -0.012177869036444867, -0.038288073947147526, -1.6041482157888668e-07, 0.012502700658035368, 0.9999218381834805, 0.0018172764918896953, 0.0, 0.0, 0.0, 1.0], "right_foot_pose": [0.9873529952118539, -0.15811478186299013, 0.011566270038323095, -0.001053065685218018, 0.15853726011944438, 0.9847218454684168, -0.07203349367547639, -0.1704125645365991, 1.3620032475566049e-09, 0.07295617049773301, 0.997335147874728, 2.5542273920931002e-09, 0.0, 0.0, 0.0, 1.0]}, {"left_foot_pose": [0.9736187264412228, -0.2281354418059847, -0.004560231897663639, -0.022225715947784684, 0.22818101481712375, 0.9734242724467586, 0.01945791069276732, -0.03855157131197878, 1.3646557996224152e-09, -0.019985144570109657, 0.999800277053629, 2.894606623837781e-09, 0.0, 0.0, 0.0, 1.0], "right_foot_pose": [0.9873529952252037, -0.1583979340145817, 0.006645097420703331, -0.0010530648491448406, 0.15853726003630314, 0.9864852873939528, -0.041384960256738414, -0.17041256413377853, 1.3651194411980637e-09, 0.04191506000451917, 0.9991211777080982, 2.8682647368327707e-09, 0.0, 0.0, 0.0, 1.0]}, {"left_foot_pose": [0.9736187264403595, -0.22787590837012656, -0.011796012425503112, -0.022225714723380356, 0.22818101482080638, 0.9723168769972443, 0.0503320492496961, -0.038551571363824214, 5.196811700273575e-10, -0.05169585177571287, 0.998662875503633, 2.8740478677513615e-09, 0.0, 0.0, 0.0, 1.0], "right_foot_pose": [0.9873529952367198, -0.15852893479051303, 0.0016246942060002365, -0.0010530636546747232, 0.15853725996458298, 0.9873011469156473, -0.010118423887638776, -0.17041256387857837, 5.076949341507354e-10, 0.010248030700234402, 0.999947487554605, 2.8491680820197374e-09, 0.0, 0.0, 0.0, 1.0]}, {"left_foot_pose": [0.9736187264440093, -0.22741993585148815, -0.018621178664413113, -0.022225716295239333, 0.22818101480523548, 0.9703713019003231, 0.07945414357178707, -0.03855157155498529, 1.1492740265424422e-09, -0.0816070415195783, 0.9966645828835411, 2.2926256379451893e-09, 0.0, 0.0, 0.0, 1.0], "right_foot_pose": [0.9873529952246193, -0.1585064722870002, -0.0031242701712556257, -0.0010530651637913168, 0.1585372600399432, 0.9871612525536746, 0.01945761125337743, -0.1704125643107269, 1.1366679493732822e-09, -0.019706843983514, 0.999805801293536, 2.3617078848126027e-09, 0.0, 0.0, 0.0, 1.0]}, {"left_foot_pose": [0.9736187264492219, -0.2268571354538011, -0.024544156149528738, -0.022225717002942444, 0.22818101478299382, 0.9679699058663161, 0.10472671975078568, -0.038551571414466614, 8.694907926102796e-10, -0.10756440596615632, 0.9941981183693466, 1.5550702670008576e-09, 0.0, 0.0, 0.0, 1.0], "right_foot_pose": [0.9869989788528042, -0.16054005507435914, -0.007739926371921596, -0.0008365344613009652, 0.16072652470275295, 0.9858541061710097, 0.04752542059502955, -0.17068802368891606, 7.045554619297178e-07, -0.048151553064058536, 0.9988400412163215, 0.00225030074285848, 0.0, 0.0, 0.0, 1.0]}, {"left_foot_pose": [0.9736187264485339, -0.2262903337204271, -0.02931314335641237, -0.022225717199027786, 0.22818101478592817, 0.9655514364039596, 0.12507536987558907, -0.03855157139022236, 4.839460430396669e-10, -0.128464425125982, 0.9917141178167486, 9.131607414669674e-10, 0.0, 0.0, 0.0, 1.0], "right_foot_pose": [0.9857808298961702, -0.16751896403768274, -0.01317391729740966, -0.00011299622478516637, 0.16803617290396347, 0.9827476782716063, 0.07727124592988453, -0.17160848589501299, 2.237569696124517e-06, -0.07838620758468284, 0.9969230674708477, 0.008710106932393172, 0.0, 0.0, 0.0, 1.0]}, {"left_foot_pose": [0.9736187264460469, -0.22580897546129486, -0.03281588204967917, -0.022225717227184496, 0.22818101479653877, 0.9634975430557179, 0.14002110202400994, -0.03855157152524832, 1.370687515310169e-10, -0.14381512829572798, 0.9896045719747276, 4.2522893539675977e-10, 0.0, 0.0, 0.0, 1.0], "right_foot_pose": [0.9837637679022802, -0.17838439548026375, -0.019694070474370752, 0.001020441824519731, 0.17946823937410217, 0.9778252669110239, 0.1079300627552135, -0.17305041943536223, 4.320719430185323e-06, -0.10971214536014333, 0.9939634023150984, 0.016558459375217015, 0.0, 0.0, 0.0, 1.0]}, {"left_foot_pose": [0.9736187264434847, -0.2254832733208931, -0.034983838712516264, -0.022225717113900326, 0.22818101480747263, 0.9621078141459609, 0.14927149239126114, -0.03855157170175434, -1.2374254936888067e-10, -0.15331616813558102, 0.9881771868385868, 1.1309822522953539e-10, 0.0, 0.0, 0.0, 1.0], "right_foot_pose": [0.9810076619879475, -0.19208287205117835, -0.02698402092927104, 0.002461604350808109, 0.19396898483508468, 0.9714732552186484, 0.1364395372204452, -0.17488384056882594, 6.556480410295084e-06, -0.13908229455776605, 0.9902808264818418, 0.022916652474499026, 0.0, 0.0, 0.0, 1.0]}, {"left_foot_pose": [0.9736187264399252, -0.22540464953370823, -0.03548689186284766, -0.022225716864605304, 0.22818101482266098, 0.9617723366037948, 0.1514179547417616, -0.03855157171460546, -1.159406456253912e-10, -0.15552079125397883, 0.9878326191656853, 1.0015474560809423e-11, 0.0, 0.0, 0.0, 1.0], "right_foot_pose": [0.9775968691575952, -0.20778069037039693, -0.03363846195158842, 0.004108318581974645, 0.21048601223061358, 0.9650383548341095, 0.15619414955218286, -0.1769787599282383, 8.27775514088942e-06, -0.15977533729670845, 0.9871534032374107, 0.025000000742782975, 0.0, 0.0, 0.0, 1.0]}, {"left_foot_pose": [0.973618726442297, -0.2255287865586394, -0.03468921956845467, -0.022225716703203512, 0.22818101481254074, 0.9623020132303576, 0.14801439055686802, -0.03855157169496066, -6.73934999196144e-11, -0.15202500375329564, 0.9883766479605899, 1.3507368834542177e-10, 0.0, 0.0, 0.0, 1.0], "right_foot_pose": [0.9736671853261726, -0.22455668337615528, -0.039325668082183296, 0.005858410264629528, 0.22797414795145832, 0.9590783170221671, 0.16791834230879757, -0.17920518800315602, 9.209533146957825e-06, -0.17246181539410138, 0.9850162040018199, 0.025000000285626968, 0.0, 0.0, 0.0, 1.0]}, {"left_foot_pose": [0.973618726447104, -0.22586045435706045, -0.03245967758839447, -0.02222571652072625, 0.22818101479202957, 0.9637171968241895, 0.1385012239433524, -0.03855157167635689, 1.2644970594321355e-10, -0.142254067439034, 0.9898301775037229, 4.959210403443493e-10, 0.0, 0.0, 0.0, 1.0], "right_foot_pose": [0.9694216803367363, -0.24147618558222844, -0.043713355965379404, 0.007609703899424581, 0.2454009079194166, 0.9539243257904284, 0.17264638732855875, -0.18143314540997466, 9.242550659069584e-06, -0.17809444815022737, 0.9840133980046416, 0.025000000030103185, 0.0, 0.0, 0.0, 1.0]}, {"left_foot_pose": [0.9736187264539542, -0.2263669618648754, -0.02871539785981297, -0.022225716371401343, 0.2281810147628007, 0.9658783988361583, 0.12252486753112014, -0.03855157139980533, 4.908631472363124e-10, -0.12584481410755846, 0.9920499396513439, 1.1527604981687034e-09, 0.0, 0.0, 0.0, 1.0], "right_foot_pose": [0.9651355297230172, -0.2578027429081609, -0.04528967890479905, 0.009260025358842822, 0.26175066227109967, 0.9505840397358284, 0.1669627928616248, -0.18353264483708281, 8.17996