{"LoopMode": "Wrap", "FrameDuration": 0.0167, "EnableCycleOffsetPosition": true, "EnableCycleOffsetRotation": false, "Debug_info": [{"left_foot_pose": [1.0000000000000004, 1.0676534282454019e-13, -7.867761997459869e-12, 1.3830604046458242e-12, -2.9568655920744864e-14, 0.9999522796928019, 0.009769254688523047, 1.2802259252708836e-15, 7.868219494508782e-12, -0.009769254688523216, 0.9999522796928022, 1.648076813909327e-11, 0.0, 0.0, 0.0, 1.0], "right_foot_pose": [1.0, -1.7996363801570526e-13, -7.926492795462535e-12, 1.1822589856706423e-12, 6.367600700268432e-14, 0.9998922949905917, -0.014676457966679964, -0.14000000000204252, 7.928084350125038e-12, 0.01467645796667981, 0.9998922949905917, 1.3671286325234178e-11, 0.0, 0.0, 0.0, 1.0]}, {"left_foot_pose": [1.0000000000000004, 1.6877122409215287e-13, -1.7557066911422232e-11, 2.966383209985138e-12, -4.7149397072405025e-14, 0.9999761377729667, 0.006908247582535695, 8.672871448789365e-13, 1.7557608506826038e-11, -0.0069082475825358695, 0.9999761377729669, 3.5818716048741095e-11, 0.0, 0.0, 0.0, 1.0], "right_foot_pose": [0.9999999999999998, -4.7144154617758e-13, -1.7663870366391162e-11, 2.704942537654178e-12, 1.6163649308196118e-13, 0.9998461894633653, -0.0175384553364333, -0.14000000000367813, 1.7669376611365036e-11, 0.017538455336433157, 0.9998461894633652, 3.152899469283099e-11, 0.0, 0.0, 0.0, 1.0]}, {"left_foot_pose": [1.0000000000000007, 1.1770969409652005e-13, -3.084127397912085e-11, 5.1014217064485196e-12, -2.7213597131047625e-14, 0.9999957264739957, 0.0029235310408296158, 2.4194309750091847e-12, 3.0841133744875116e-11, -0.002923531040829788, 0.9999957264739958, 6.221962528529801e-11, 0.0, 0.0, 0.0, 1.0], "right_foot_pose": [0.9999999999999998, -1.0081391387426998e-12, -3.103028944906327e-11, 4.814504492243677e-12, 3.400194934014107e-13, 0.9997682940055252, -0.02152575901755095, -0.14000000000554078, 3.104477326458406e-11, 0.021525759017550803, 0.9997682940055252, 5.63058280556028e-11, 0.0, 0.0, 0.0, 1.0]}, {"left_foot_pose": [1.0000000000000007, -1.7539914607998053e-13, -4.753147875291575e-11, 7.754989512840855e-12, 7.288829676750125e-14, 0.9999976592820631, -0.0021636613403670938, 4.784015197878411e-12, 4.7531278327630573e-11, 0.0021636613403669194, 0.9999976592820631, 9.545979978708985e-11, 0.0, 0.0, 0.0, 1.0], "right_foot_pose": [1.0, -1.914019142149703e-12, -4.786193663619541e-11, 7.486910280077993e-12, 6.394051790425057e-13, 0.999645670326676, -0.026618298163680273, -0.14000000000744467, 4.7895623235350375e-11, 0.02661829816368013, 0.9996456703266761, 8.766581904851023e-11, 0.0, 0.0, 0.0, 1.0]}, {"left_foot_pose": [1.0000000000000002, -8.718674581639804e-13, -6.780898065272822e-11, 1.0953547777545353e-11, 3.064897909070513e-13, 0.9999652026315365, -0.008342273435399663, 8.171201562601205e-12, 6.781356041203438e-11, 0.008342273435399486, 0.9999652026315367, 1.360799667393664e-10, 0.0, 0.0, 0.0, 1.0], "right_foot_pose": [1.0, -3.3605258006673575e-12, -6.837258537117916e-11, 1.076052616427962e-11, 1.1157259802794756e-12, 0.9994617223626129, -0.032806486126362625, -0.14000000000920998, 6.844580289788292e-11, 0.032806486126362486, 0.999461722362613, 1.2597688864302015e-10, 0.0, 0.0, 0.0, 1.0]}, {"left_foot_pose": [1.0000000000000002, -2.185550889637177e-12, -9.226525099492732e-11, 1.4789370409639064e-11, 7.440935408151509e-13, 0.9998779421631121, -0.015623724769117506, 1.2907801563710741e-11, 9.228783361239551e-11, 0.015623724769117331, 0.999877942163112, 1.8549130287315307e-10, 0.0, 0.0, 0.0, 1.0], "right_foot_pose": [0.9999999999999998, -5.5894199149234705e-12, -9.319844895827596e-11, 1.474553917006512e-11, 1.8473980379854965e-12, 0.9991955286951237, -0.04010355889035599, -0.14000000001063526, 9.334745738824731e-11, 0.04010355889035585, 0.9991955286951236, 1.7240965599629732e-10, 0.0, 0.0, 0.0, 1.0]}, {"left_foot_pose": [1.0000000000000004, -4.416525483223863e-12, -1.2191186948840022e-10, 1.942330497059799e-11, 1.484116163137321e-12, 0.9997108575176339, -0.02404581795983868, 1.94765141514619e-11, 1.2198238687184578e-10, 0.024045817959838497, 0.9997108575176339, 2.4604684262241605e-10, 0.0, 0.0, 0.0, 1.0], "right_foot_pose": [0.9999999999999998, -8.948709293362176e-12, -1.2341527799719637e-10, 1.9629444719929237e-11, 2.9464633206763995e-12, 0.9988207746770371, -0.04854956306253558, -0.14000000001145282, 1.2370403777228906e-10, 0.04854956306253544, 0.9988207746770372, 2.289793354925962e-10, 0.0, 0.0, 0.0, 1.0]}, {"left_foot_pose": [1.0000000000000004, -7.997869833379957e-12, -1.5817142040575037e-10, 2.50860929152849e-11, 2.6675463534279566e-12, 0.9994328985740016, -0.03367315322285916, 2.8562494383543857e-11, 1.583506137974078e-10, 0.03367315322285897, 0.9994328985740021, 3.2110435144172556e-10, 0.0, 0.0, 0.0, 1.0], "right_foot_pose": [0.9999999999999998, -1.3942201543972293e-11, -1.6053686158201678e-10, 2.5681819030956668e-11, 4.573463121407597e-12, 0.9983042503756644, -0.058211886087661854, -0.14000000001126559, 1.6107629625515646e-10, 0.05821188608766171, 0.9983042503756644, 2.985618904882692e-10, 0.0, 0.0, 0.0, 1.0]}, {"left_foot_pose": [1.0000000000000004, -1.3556017252580666e-11, -2.0286117230483546e-10, 3.208141421807248e-11, 4.496206441295981e-12, 0.999005132245335, -0.044595355671656775, 4.11057490129485e-11, 2.032635741480172e-10, 0.04459535567165659, 0.9990051322453348, 4.151217147807529e-10, 0.0, 0.0, 0.0, 1.0], "right_foot_pose": [1.0, -2.1294454697353446e-11, -2.0651308441088632e-10, 3.326127088544315e-11, 6.956183448835312e-12, 0.9976039424073441, -0.06918362590472374, -0.1400000000094672, 2.0749116794881448e-10, 0.06918362590472359, 0.9976039424073442, 3.849196794636356e-10, 0.0, 0.0, 0.0, 1.0]}, {"left_foot_pose": [1.0000000000000004, -2.197705186504167e-11, -2.580769487003916e-10, 4.077819578831307e-11, 7.251404899378533e-12, 0.9983786084350293, -0.05692235254568609, 5.833021045342779e-11, 2.5890913002554524e-10, 0.0569223525456859, 0.9983786084350293, 5.336141944978223e-10, 0.0, 0.0, 0.0, 1.0], "right_foot_pose": [1.0, -3.202053300645044e-11, -2.6362423355408267e-10, 4.281061349295549e-11, 1.040766488820855e-11, 0.9966668771467099, -0.0815790169015627, -0.14000000000514626, 2.653576159203269e-10, 0.08157901690156252, 0.99666687714671, 4.9257374568068e-10, 0.0, 0.0, 0.0, 1.0]}, {"left_foot_pose": [1.0000000000000002, -3.4436314119716155e-11, -3.257210612339628e-10, 5.1553322116891074e-11, 1.129783591746664e-11, 0.9974924008575173, -0.07077365492545017, 8.165079549982135e-11, 3.273413062420065e-10, 0.07077365492544999, 0.9974924008575174, 6.824608725364278e-10, 0.0, 0.0, 0.0, 1.0], "right_foot_pose": [1.0, -4.744850627136302e-11, -3.340175913635332e-10, 5.479741420753837e-11, 1.532532479001742e-11, 0.9954272409673983, -0.0955228137150131, -0.13999999999700452, 3.370224308522395e-10, 0.09552281371501296, 0.9954272409673984, 6.260426690940513e-10, 0.0, 0.0, 0.0, 1.0]}, {"left_foot_pose": [1.0000000000000004, -5.2259393911140415e-11, -4.062067904264657e-10, 6.460990550283442e-11, 1.7027955522056274e-11, 0.9962731645533665, -0.0862541685417115, 1.1222547890987755e-10, 4.0920014741931626e-10, 0.0862541685417113, 0.9962731645533665, 8.654990960033082e-10, 0.0, 0.0, 0.0, 1.0], "right_foot_pose": [0.9999999999999999, -6.903920249384401e-11, -4.1837638908859235e-10, 6.951026394233405e-11, 2.2119174382447488e-11, 0.9938063230302591, -0.11112601992817155, -0.13999999998341608, 4.234569479815305e-10, 0.11112601992817141, 0.9938063230302591, 7.875155735859174e-10, 0.0, 0.0, 0.0, 1.0]}, {"left_foot_pose": [1.0000000000000007, -7.621967471147427e-11, -4.950719278973268e-10, 7.944897044978934e-11, 2.4621861552662205e-11, 0.9946400238034808, -0.1033983706264855, 1.4954130468647353e-10, 5.00299058387261e-10, 0.10339837062648533, 0.9946400238034812, 1.0773650721551675e-09, 0.0, 0.0, 0.0, 1.0], "right_foot_pose": [1.0, -9.753907995173702e-11, -5.123848012544835e-10, 8.645870624610109e-11, 3.09261098402981e-11, 0.9917186488147699, -0.12842944208010526, -0.13999999996300588, 5.206682506029157e-10, 0.12842944208010512, 0.9917186488147701, 9.70351368700939e-10, 0.0, 0.0, 0.0, 1.0]}, {"left_foot_pose": [1.0000000000000002, -1.0419987701649775e-10, -5.746000897310903e-10, 9.34424040883468e-11, 3.329558739191656e-11, 0.9925248500783328, -0.12204270554598558, 1.8761283845925014e-10, 5.830214071348982e-10, 0.12204270554598537, 0.9925248500783328, 1.2838524202085644e-09, 0.0, 0.0, 0.0, 1.0], "right_foot_pose": [0.9999999999999999, -1.3020570105212929e-10, -5.978500472458839e-10, 1.0274409805339802e-10, 4.073817925015879e-11, 0.9890957252364049, -0.14727405175070934, -0.1399999999367792, 6.105066331401548e-10, 0.14727405175070918, 0.9890957252364049, 1.1420173834375547e-09, 0.0, 0.0, 0.0, 1.0]}, {"left_foot_pose": [1.0000000000000002, -1.2511781190452318e-10, -5.964057581131476e-10, 9.858408277264818e-11, 3.944687070648702e-11, 0.9899333750304634, -0.1415341407604423, 2.0678325718392898e-10, 6.08110199759334e-10, 0.14153414076044213, 0.9899333750304635, 1.3765158596301674e-09, 0.0, 0.0, 0.0, 1.0], "right_foot_pose": [0.9999999999999999, -1.5365795292497866e-10, -6.239989636114264e-10, 1.0936612115389809e-10, 4.7289759521986124e-11, 0.9859562106498269, -0.16700404390623164, -0.1399999999138253, 6.408970224885075e-10, 0.1670040439062315, 0.9859562106498267, 1.2063365098513579e-09, 0.0, 0.0, 0.0, 1.0]}, {"left_foot_pose": [0.9999999971168647, -7.490422809335662e-05, 1.247508274005027e-05, 8.196888463149907e-11, 7.593531643037608e-05, 0.9870845966961441, -0.16019985392951863, -6.897639870839106e-06, -3.143156161546938e-07, 0.16019985441493995, 0.9870845995381219, 0.00016386118558654045, 0.0, 0.0, 0.0, 1.0], "right_foot_pose": [0.9999999999999998, -1.3527824982110106e-10, -4.950480025911466e-10, 1.1662303799391822e-10, 4.0937921113934563e-11, 0.9825857884773757, -0.18580949459673565, -0.13999999998075502, 5.115631131202611e-10, 0.18580949459673549, 0.9825857884773757, 9.383194082834834e-10, 0.0, 0.0, 0.0, 1.0]}, {"left_foot_pose": [0.9999977012380155, -0.002109285263229018, 0.0003852718052973898, 8.172477707928311e-10, 0.002144181785432961, 0.9838709672734018, -0.17886677232223072, -0.00019478449862698685, -1.776696800781736e-06, 0.17886718724288128, 0.9838732282792657, 0.004191209107240204, 0.0, 0.0, 0.0, 1.0], "right_foot_pose": [1.0, -8.719055109086898e-11, -2.8544255847862086e-10, 2.0261250443768828e-10, 2.7865472080306817e-11, 0.9794749237114956, -0.20156605324399246, -0.14000000015090258, 2.9715833371588214e-10, 0.2015660532439923, 0.9794749237114957, 5.248321777173715e-10, 0.0, 0.0, 0.0, 1.0]}, {"left_foot_pose": [0.9999778881268192, -0.006519473116822651, 0.0013113838897597233, 9.664303117810306e-10, 0.006650056169684363, 0.9804371891524879, -0.1967198385514528, -0.0006041171816351804, -3.2198357943541234e-06, 0.1967242094838573, 0.9804588647121231, 0.01146980212015989, 0.0, 0.0, 0.0, 1.0], "right_foot_pose": [1.0, -3.452956592252358e-11, -8.400596884783321e-11, 2.1345680662649076e-10, 1.5829294060082417e-11, 0.9770171464614018, -0.21316072696540472, -0.14000000014372618, 8.943533409891961e-11, 0.2131607269654046, 0.9770171464614019, 2.364685253164467e-10, 0.0, 0.0, 0.0, 1.0]}, {"left_foot_pose": [0.9999145829085404, -0.012776338621989727, 0.002755368987501747, 1.5972621608597443e-11, 0.013070075241546231, 0.9775145795175463, -0.21046239560504862, -0.0011873611352497745, -4.474523788495418e-06, 0.21048043139933895, 0.9775980707724051, 0.0191209261777854, 0.0, 0.0, 0.0, 1.0], "right_foot_pose": [1.0, 2.1174247040234852e-12, 5.4387105929976074e-11, 1.3314805781840077e-10, 9.900420038034956e-12, 0.9754970590371898, -0.220012471941465, -0.14000000003916963, -5.352063274432986e-11, 0.22001247194146484, 0.9754970590371898, 6.369697824748499e-11, 0.0, 0.0, 0.0, 1.0]}, {"left_foot_pose": [0.9997819801896333, -0.02038981700990104, 0.004499716702166414, -5.561217552001868e-10, 0.02088042289005176, 0.9763457062511529, -0.21520471608417677, -0.0018969865945115058, -5.294300882766317e-06, 0.2152517531804124, 0.9765585915472408, 0.02426587730897231, 0.0, 0.0, 0.0, 1.0], "right_foot_pose": [0.9999999999999998, 9.261069948243431e-12, 9.987977112047014e-11, -1.3525209883459397e-11, 1.3119239727025103e-11, 0.9751006892933899, -0.22176258868338533, -0.13999999995089055, -9.944682238846485e-11, 0.22176258868338516, 0.9751006892933899, 1.3173157009660486e-11, 0.0, 0.0, 0.0, 1.0]}, {"left_foot_pose": [0.9995630960536648, -0.028914959204580003, 0.006127164255220844, 2.255791300281862e-10, 0.029557012328292272, 0.9778883331735835, -0.20702847839178196, -0.0026854652416979027, -5.462433734211212e-06, 0.2071191275019976, 0.9783157297074264, 0.02500000059851222, 0.0, 0.0, 0.0, 1.0], "right_foot_pose": [0.9999999999999997, -1.7493377072602822e-11, 4.0361380904130425e-11, -1.5155828377722936e-10, 2.5878527597524315e-11, 0.9759057913078045, -0.21819231538229814, -0.1399999999439654, -3.557195300468817e-11, 0.21819231538229802, 0.9759057913078044, 1.2612658140120914e-10, 0.0, 0.0, 0.0, 1.0]}, {"left_foot_pose": [0.9992556771354753, -0.03785863650147474, 0.0074037392426299685, 3.327641597602321e-10, 0.03857579145645476, 0.9807040789224866, -0.19165442311177283, -0.0035052600559811915, -5.102136037242549e-06, 0.19179737544358474, 0.9814345453197184, 0.025000001106584242, 0.0, 0.0, 0.0, 1.0], "right_foot_pose": [1.0000000000000002, -7.127548864748541e-11, -1.1536882560392274e-10, -2.4877108838849816e-10, 4.5515473023825405e-11, 0.9777944760183375, -0.20956612958210818, -0.13999999991018744, 1.2774370986704175e-10, 0.209566129582108, 0.9777944760183377, 3.9832685067020535e-10, 0.0, 0.0, 0.0, 1.0]}, {"left_foot_pose": [0.9988753672910761, -0.046719109650830135, 0.008082413782522915, 8.5135901497016e-10, 0.0474130846978612, 0.9842705227519765, -0.17018677222682524, -0.004308838573875366, -4.30716603568481e-06, 0.17037858678538642, 0.9853786770305433, 0.02491027044840461, 0.0, 0.0, 0.0, 1.0], "right_foot_pose": [1.0, -1.4698465283837773e-10, -3.772687717784598e-10, -3.238036981320832e-10, 7.02740523270312e-11, 0.9806456214750343, -0.1957911261570451, -0.13999999991789874, 3.9874501452242827e-10, 0.19579112615704497, 0.9806456214750344, 8.304295306960086e-10, 0.0, 0.0, 0.0, 1.0]}, {"left_foot_pose": [0.9984561293182654, -0.055005061744025655, 0.007733111231811212, 2.908722067027081e-09, 0.05554599730912083, 0.9887404608301773, -0.1389494271318329, -0.005048672830873433, -3.118144308919569e-06, 0.13916445056071336, 0.9902692844324786, 0.021163833632790917, 0.0, 0.0, 0.0, 1.0], "right_foot_pose": [0.9999999999999998, -2.3455031086349836e-10, -7.612523389433066e-10, -3.6480172827416507e-10, 9.659159714961691e-11, 0.9843195010704918, -0.17639478397146008, -0.14000000019764616, 7.906887962422051e-10, 0.1763947839714599, 0.9843195010704919, 1.4444413790060118e-09, 0.0, 0.0, 0.0, 1.0]}, {"left_foot_pose": [0.9980479249805511, -0.06213050442499282, 0.006335602726898425, 3.0685149518972638e-09, 0.0624526976093443, 0.9929019649313864, -0.10121930940639912, -0.005677220299332422, -1.8256455934642577e-06, 0.10141739720229671, 0.994843963414052, 0.013996812548931717, 0.0, 0.0, 0.0, 1.0], "right_foot_pose": [0.9999999999999999, -3.0070879662896936e-10, -1.218091350008164e-09, -2.9224723870587025e-10, 1.1294762747038228e-10, 0.9884876189630721, -0.15130177512744744, -0.14000000042151678, 1.2495658682164684e-09, 0.1513017751274473, 0.9884876189630721, 2.2438905455945957e-09, 0.0, 0.0, 0.0, 1.0]}, {"left_foot_pose": [0.9977116681077723, -0.0674819224331029, 0.004197316564147021, 1.9495994519301563e-09, 0.06761233113157908, 0.9957879982652262, -0.06192604613479334, -0.0061469451983101366, -7.488176405516655e-07, 0.06206812914586248, 0.9980719149158406, 0.0062879110769816435, 0.0, 0.0, 0.0, 1.0], "right_foot_pose": [0.9999999999999996, -3.168352136089323e-10, -1.7022205867078794e-09, -1.0962673393601602e-10, 1.0891311954303354e-10, 0.9926787055247718, -0.12078488149459674, -0.14000000047858405, 1.7280270530165477e-09, 0.12078488149459662, 0.9926787055247713, 3.136814336057725e-09, 0.0, 0.0, 0.0, 1.0]}, {"left_foot_pose": [0.9975114562581778, -0.07048566039084858, 0.0016328848570726544, 7.33380157817709e-10, 0.07050457172183525, 0.9972439299757807, -0.023100854806293973, -0.006410315274940742, -1.0550545047790914e-07, 0.023158493166153808, 0.9997318061331566, 0.0009158375778893849, 0.0, 0.0, 0.0, 1.0], "right_foot_pose": [0.9999999999999998, -2.5590791679985606e-10, -2.105778884597952e-09, 1.7617066092263246e-10, 7.482432994275443e-11, 0.9963340364657896, -0.0855481605868126, -0.14000000027973497, 2.1199515233512764e-09, 0.08554816058681244, 0.9963340364657894, 3.917998293856417e-09, 0.0, 0.0, 0.0, 1.0]}, {"left_foot_pose": [0.9974805586422729, -0.0709327439440186, -0.0010396957597012255, 3.8816867320261295e-10, 0.07094036319825613, 0.9973734260494803, 0.01461895617418098, -0.006449999663656267, 2.246870209995446e-09, -0.014655880966198005, 0.9998925968088302, 4.264121951369493e-09, 0.0, 0.0, 0.0, 1.0], "right_foot_pose": [1.0, -1.489637285917516e-10, -2.2626004958503634e-09, 3.711749884739792e-10, 3.979000527061306e-11, 0.9988389097327627, -0.04817501846254083, -0.14000000011758432, 2.26714956616698e-09, 0.04817501846254068, 0.9988389097327626, 4.2535408389943186e-09, 0.0, 0.0, 0.0, 1.0]}, {"left_foot_pose": [0.9974805586450913, -0.07084059239989995, -0.003761062816370761, 3.561725496785059e-10, 0.07094036315862422, 0.9960777003211294, 0.052883643954377835, -0.006449999839451003, 2.1349001709192622e-09, -0.053017217876856815, 0.9985935983214587, 3.998775706393065e-09, 0.0, 0.0, 0.0, 1.0], "right_foot_pose": [0.9999999999999997, -1.8119747617245912e-11, -2.1248947601471002e-09, 3.5324996004475623e-10, -2.6042975688383307e-12, 0.9999524422684898, -0.009752599719189379, -0.14000000026490741, 2.1249703538382976e-09, 0.009752599719189228, 0.9999524422684896, 4.065997413760236e-09, 0.0, 0.0, 0.0, 1.0]}, {"left_foot_pose": [0.9974805586466341, -0.07066035765890617, -0.006296743405563555, 2.5726676507447505e-10, 0.07094036313693422, 0.9935434507038751, 0.08853742960713203, -0.006449999927379713, 1.7291201261376601e-09, -0.08876105800942993, 0.9960529476795135, 3.203782586447268e-09, 0.0, 0.0, 0.0, 1.0], "right_foot_pose": [0.9999999997530888, -2.221367719708533e-05, -6.121414912184517e-07, -3.348050372309415e-07, 2.222208532802122e-05, 0.9996604426031003, 0.026057609267794532, -0.13999707788493804, 3.309831304903121e-08, -0.026057609274963832, 0.9996604428499072, 3.7402352991107446e-05, 0.0, 0.0, 0.0, 1.0]}, {"left_foot_pose": [0.9974805586470755, -0.07043163133968128, -0.008480591250034182, 5.979095907618359e-12, 0.07094036313072388, 0.9903273682762772, 0.11924415508470419, -0.006449999633493478, 1.2437351971560555e-09, -0.11954534265213004, 0.9928287420548351, 2.204846819009454e-09, 0.0, 0.0, 0.0, 1.0], "right_foot_pose": [0.9999973872838646, -0.002282272819364785, -0.0001290589889860615, -3.447193400919282e-05, 0.0022859188539330892, 0.9984186539329154, 0.056169084501873905, -0.13969945740740425, 6.617272141781229e-07, -0.056169232766376864, 0.9984212624388559, 0.003492989954133885, 0.0, 0.0, 0.0, 1.0]}, {"left_foot_pose": [0.9974805586463679, -0.07019451202677292, -0.010259902721478796, -1.437394126250699e-10, 0.07094036314067627, 0.9869932727297089, 0.1442627618748792, -0.006449999606021045, 7.915189041482212e-10, -0.1446271415316722, 0.9894862252362983, 1.3630219244942232e-09, 0.0, 0.0, 0.0, 1.0], "right_foot_pose": [0.9999696732317407, -0.007762518200662665, -0.0006292280903488273, -0.00011744797012520985, 0.0077879788216583005, 0.9967174870828367, 0.08058286622569863, -0.13897607451928484, 1.6366752758804595e-06, -0.08058532282283075, 0.9967477141899354, 0.010538497137204388, 0.0, 0.0, 0.0, 1.0]}, {"left_foot_pose": [0.9974805586451323, -0.0699815438133348, -0.01162405482171635, -2.0627768205572564e-10, 0.07094036315804991, 0.9839987614740775, 0.1634438811717545, -0.006449999752819214, 4.1663275639438943e-10, -0.163856708568752, 0.9864841504337595, 7.243915051136085e-10, 0.0, 0.0, 0.0, 1.0], "right_foot_pose": [0.9998743813817381, -0.015772131964265135, -0.0015688562038409547, -0.0002390406796867294, 0.01584996685956518, 0.9949808075206705, 0.09880268830383598, -0.13791606697915065, 2.6527742290619522e-06, -0.09881514316548917, 0.995105807175371, 0.01829520761290411, 0.0, 0.0, 0.0, 1.0]}, {"left_foot_pose": [0.9974805586438612, -0.0698177175936816, -0.012570657800625327, -1.8112097216992085e-10, 0.07094036317592084, 0.9816952275832885, 0.1767539108836484, -0.006449999959532994, 1.3680285259808224e-10, -0.17720035680044555, 0.9841747982700005, 2.9982906435410683e-10, 0.0, 0.0, 0.0, 1.0], "right_foot_pose": [0.999667311272704, -0.025640076123470294, -0.0028023684956076504, -0.00038902622683946816, 0.025792765675772794, 0.9937637489711559, 0.10848200067102388, -0.13660857074683241, 3.4054669621607013e-06, -0.10851819076623063, 0.9940944634496395, 0.023884416466656552, 0.0, 0.0, 0.0, 1.0]}, {"left_foot_pose": [0.9974805586429617, -0.06972064704357138, -0.01309833978607511, -8.9112062455661e-11, 0.07094036318856693, 0.9803303342531355, 0.18417356111508118, -0.006450000049532304, -2.8618176438320313e-11, -0.18463874760992635, 0.9828064574884714, 9.168224512912104e-11, 0.0, 0.0, 0.0, 1.0], "right_foot_pose": [0.9993176100276518, -0.03672374353111574, -0.003959917888362214, -0.0005571754490925687, 0.03693662512229136, 0.9935686491235941, 0.10703749438066965, -0.13514271987242832, 3.632775131351093e-06, -0.10711071907039665, 0.9942470989884885, 0.02500000023114935, 0.0, 0.0, 0.0, 1.0]}, {"left_foot_pose": [0.9974805586426333, -0.06969480172292183, -0.013235170674537835, 1.8451066412586425e-12, 0.0709403631931891, 0.9799669273370254, 0.1860975179728313, -0.00645000004682184, -7.753662057749639e-11, -0.18656756400412286, 0.9824421326783418, 3.0313369869805484e-11, 0.0, 0.0, 0.0, 1.0], "right_foot_pose": [0.9988182394139876, -0.04836883270616916, -0.0047519087306184754, -0.0007332618304562275, 0.04860169341297652, 0.994039463267376, 0.0975880159881237, -0.1336076549362293, 3.366384622794281e-06, -0.09770364112841391, 0.9952155537866746, 0.025000000508942716, 0.0, 0.0, 0.0, 1.0]}, {"left_foot_pose": [0.9974805586428861, -0.0697401787639151, -0.012993944568693351, 1.0528823440273533e-10, 0.07094036318963384, 0.9806049665057742, 0.182705677346746, -0.006450000048715557, -2.0782873760179276e-11, -0.18316715625402813, 0.9830817834085899, 1.4580690821386355e-10, 0.0, 0.0, 0.0, 1.0], "right_foot_pose": [0.998191828716854, -0.05990650292186074, -0.004927878912463461, -0.0009070626674631507, 0.06010884357225444, 0.9948353631692806, 0.08178952935585146, -0.13209251482394746, 2.703528200813687e-06, -0.0819378489803006, 0.9966374410472308, 0.02499255091393847, 0.0, 0.0, 0.0, 1.0]}, {"left_foot_pose": [0.9974805586437783, -0.06985578378473273, -0.012357370250880628, 2.705747351432891e-10, 0.07094036317708498, 0.982230469938784, 0.17375491013533892, -0.006449999875892175, 1.5477972487684074e-10, -0.17419378116240863, 0.9847113925431877, 4.984444246236563e-10, 0.0, 0.0, 0.0, 1.0], "right_foot_pose": [0.9974919104359758, -0.07065693120523762, -0.00418170867531977, -0.001068351370248623, 0.07078056662492262, 0.9957510041464561, 0.05890712291038627, -0.13068643278069036, 1.7440815199969668e-06, -0.0590553622796677, 0.9982547090712748, 0.021837793437897796, 0.0, 0.0, 0.0, 1.0]}, {"left_foot_pose": [0.9974805586450287, -0.07003079529733248, -0.011323552235291351, 3.825081686397065e-10, 0.07094036315950392, 0.9846912783112731, 0.15921856453475935, -0.006449999685577248, 4.251245615688722e-10, -0.15962071960661864, 0.9871784164335573, 1.0010573273100398e-09, 0.0, 0.0, 0.0, 1.0], "right_foot_pose": [0.9967995501348449, -0.07990161095811306, -0.002527729666841938, -0.0012069029493295119, 0.07994158398725482, 0.9963014233383053, 0.03150899877298299, -0.1294785545462194, 7.609032503100821e-07, -0.0316102265155679, 0.9995002719254533, 0.01492378043869843, 0.0, 0.0, 0.0, 1.0]}, {"left_foot_pose": [0.9974805586460297, -0.07024317439714603, -0.009921268760498972, 2.5874414335278276e-10, 0.07094036314543345, 0.9876775060216981, 0.13950128664479544, -0.006449999598759381, 7.795238802424303e-10, -0.13985363974302376, 0.9901721867688619, 1.550441330877561e-09, 0.0, 0.0, 0.0, 1.0], "right_foot_pose": [0.9962153978105472, -0.08691837501179395, -0.00027793971004562787, -0.0013124965918612894, 0.08691881939586255, 0.9962103064365199, 0.003184993639668153, -0.12855802042525416, 5.193213228438897e-08, -0.003197097897226629, 0.9999948892694565, 0.007129215785758598, 0.0, 0.0, 0.0, 1.0]}, {"left_foot_pose": [0.9974805586465519, -0.07046463089017514, -0.008201884885516696, 2.2811253775657792e-10, 0.07094036313808899, 0.9907913689484098, 0.1153253141993246, -0.006449999758417867, 1.05632920127726e-09, -0.11561660352582685, 0.9932939147045817, 2.038883485655507e-09, 0.0, 0.0, 0.0, 1.0], "right_foot_pose": [0.9958471867086379, -0.09101242313704873, 0.0022626442967232326, -0.0013749072051142779, 0.09104054439895198, 0.9955396319327032, -0.024747939850424294, -0.1280139680746597, -1.820969175713009e-07, 0.02485115864543434, 0.9996911622666003, 0.0013328062084013437, 0.0, 0.0, 0.0, 1.0]}, {"left_foot_pose": [0.9974805586457128, -0.07066074007782108, -0.006292450674619349, -7.781476071139215e-11, 0.07094036314988775, 0.9935488269609467, 0.08847707793937176, -0.006449999980731442, 1.1793582795849472e-09, -0.08870055386626512, 0.9960583375203578, 2.226331050070307e-09, 0.0, 0.0, 0.0, 1.0], "right_foot_pose": [0.9957709841258441, -0.0917444624876504, 0.004806326653479682, -0.0013874747441244982, 0.0918702736093011, 0.9944073316585526, -0.05209521638951025, -0.1279044252695105, 1.1632670115423159e-09, 0.052316463437142136, 0.9986305561384701, 2.3053604303324704e-09, 0.0, 0.0, 0.0, 1.0]}, {"left_foot_pose": [0.9974805586443806, -0.0708071029938998, -0.0043461813245626955, -3.2078916020923665e-10, 0.07094036316861337, 0.9956068105908269, 0.06111091210796671, -0.006449999920502554, 1.079116794380888e-09, -0.061265266430283544, 0.9981215192195926, 2.1038315603516544e-09, 0.0, 0.0, 0.0, 1.0], "right_foot_pose": [0.9957709841246128, -0.0915781291590964, 0.007320753733075284, -0.0013874749684593328, 0.09187027362264948, 0.9926044640504156, -0.07934879187289073, -0.12790442516469758, 1.0750893784357448e-09, 0.07968578422094895, 0.9968200317976624, 2.220165745692171e-09, 0.0, 0.0, 0.0, 1.0]}, {"left_foot_pose": [0.9974805586432848, -0.07089455176514481, -0.0025490505489038436, 1.5513290587028383e-10, 0.07094036318402741, 0.9968364123773333, 0.035841760978030865, -0.006449999903675929, 8.251266077168164e-10, -0.03593229033483915, 0.9993542267440982, 1.6515259437799301e-09, 0.0, 0.0, 0.0, 1.0], "right_foot_pose": [0.9957709841247572, -0.09136481505159158, 0.009623811396796696, -0.0013874744855554393, 0.091870273621083, 0.9902923777797786, -0.10431135765610447, -0.12790442520963624, 8.285923088930261e-10, 0.10475436545490995, 0.9944981261511453, 1.6656416662597096e-09, 0.0, 0.0, 0.0, 1.0]}, {"left_foot_pose": [0.9974206693015693, -0.07177379791672346, -0.0007282737259844104, -0.0005223624310980622, 0.07177749264224972, 0.9973693343542523, 0.010119409061222922, -0.005690751009827681, 4.946031563056705e-08, -0.010145581420789892, 0.9999485322643524, 0.002844458768294998, 0.0, 0.0, 0.0, 1.0], "right_foot_pose": [0.9957709841255108, -0.09114128883699679, 0.01155043907574678, -0.0013874745004112629, 0.09187027361291257, 0.9878696039664365, -0.12519384324112995, -0.12790442548571565, 5.520569482763211e-10, 0.12572553848891288, 0.9920650628722255, 1.0398352040530412e-09, 0.0, 0.0, 0.0, 1.0]}, {"left_foot_pose": [0.997248944221367, -0.07410867864956083, 0.0015642883959025567, -0.0019874732555535935, 0.07412518633591886, 0.9970269098721053, -0.02104275983674669, -0.003561213370256675, -1.864988742995484e-07, 0.021100823199528617, 0.9997773528442564, 0.00961703843119039, 0.0, 0.0, 0.0, 1.0], "right_foot_pose": [0.9957709841266857, -0.09093828134592262, 0.01305282181067493, -0.0013874745240733148, 0.09187027360017719, 0.9856692303228597, -0.14147798847654833, -0.12790442553913123, 2.9266604906541295e-10, 0.14207884212855737, 0.9898553442899667, 5.596165753019022e-10, 0.0, 0.0, 0.0, 1.0]}, {"left_foot_pose": [0.9969787956375514, -0.07754562995585548, 0.004467250143880977, -0.004202767719801052, 0.07767419808808489, 0.9953290815755459, -0.05733008216769014, -0.0003412803344374736, -6.866457628956382e-07, 0.0575038663459302, 0.9983452836342739, 0.017439492311090966, 0.0, 0.0, 0.0, 1.0], "right_foot_pose": [0.9957709841277755, -0.09078502832875344, 0.014079268466395982, -0.0013874745735191164, 0.09187027358836714, 0.9840081394921366, -0.15260351976288963, -0.12790442544963534, 9.571270821294934e-11, 0.15325162330158665, 0.9881871988421166, 2.2511259523128047e-10, 0.0, 0.0, 0.0, 1.0]}, {"left_foot_pose": [0.9966228578474517, -0.08173398047107504, 0.007901623398592779, -0.0069756041447235, 0.08211503646793698, 0.9919996083286198, -0.09588481559525075, 0.003689040010485629, -1.3596712298104125e-06, 0.09620984103624579, 0.9953610734230733, 0.02343311545222653, 0.0, 0.0, 0.0, 1.0], "right_foot_pose": [0.9957709841283898, -0.09070411907821654, 0.01459143413864009, -0.001387474634400543, 0.09187027358170631, 0.9831311739837585, -0.15815482153048516, -0.12790442532106058, -9.932838938228098e-12, 0.15882650132632725, 0.9873065088798098, 4.0917359778180895e-11, 0.0, 0.0, 0.0, 1.0]}, {"left_foot_pose": [0.9961962231694139, -0.08638931307067899, 0.011400505698096166, -0.010113336176684284, 0.0871383092498924, 0.9876364588878482, -0.1303117037588837, 0.008249732780162286, -2.0165043987082802e-06, 0.13080944791049706, 0.9914075288867267, 0.025000003515832217, 0.0, 0.0, 0.0, 1.0], "right_foot_pose": [0.9957709841282597, -0.09071017674020822, 0.014553728182058448, -0.0013874746792811928, 0.09187027358311864, 0.9831968322296929, -0.15774613125291112, -0.12790442527710452, 3.035242318930391e-13, 0.15841607534987684, 0.9873724459750445, 5.781718159791893e-11, 0.0, 0.0, 0.0, 1.0]}, {"left_foot_pose": [0.9957187268919162, -0.0912589078090967, 0.014697913533319753, -0.013423311253414083, 0.09243493338799483, 0.9830547736128654, -0.15830064802936217, 0.013060781834432506, -2.5098164473593327e-06, 0.1589815203803565, 0.9872815587112179, 0.02500000262514533, 0.0, 0.0, 0.0, 1.0], "right_foot_pose": [0.9957709841273834, -0.09080274611752591, 0.013964543225541456, -0.001387474737447975, 0.09187027359261475, 0.9842001803965222, -0.1513600268811805, -0.1279044252457312, 1.3150084583905482e-10, 0.1520028493317466, 0.9883800553405709, 2.8630910142712906e-10, 0.0, 0.0, 0.0, 1.0]}, {"left_foot_pose": [0.995216273130771, -0.09610494582022155, 0.017561579786338946, -0.016712888329669367, 0.09769631358548733, 0.979010311646827, -0.1788693377887613, 0.017842182849464393, -2.739682546584672e-06, 0.1797293773373624, 0.9837160926377178, 0.025000001536174182, 0.0, 0.0, 0.0, 1.0], "right_foot_pose": [0.9957709841258785, -0.09097331432655029, 0.012806375499014413, -0.0013874747691666898, 0.09187027360892687, 0.986048948396616, -0.1388067872726297, -0.12790442520731932, 3.956360434042734e-10, 0.13939629638685092, 0.9902366750194768, 7.537227023068915e-10, 0.0, 0.0, 0.0, 1.0]}, {"left_foot_pose": [0.9947212053666602, -0.10091226427332728, 0.018612858811312652, -0.01978942371282178, 0.1026144414186388, 0.9782250999855445, -0.18040490617112792, 0.022313924562450897, -2.498103967871465e-06, 0.18136253383073012, 0.9834163062082394, 0.02245972258195323, 0.0, 0.0, 0.0, 1.0], "right_foot_pose": [0.9957709841239553, -0.09126482894896464, 0.01052987054647741, -0.0013874745796443354, 0.09187027362977293, 0.9892086400008184, -0.1141320260528231, -0.12790442550804365, 9.126439519150716e-10, 0.11461674199107141, 0.9934097857658499, 1.6921043594075869e-09, 0.0, 0.0, 0.0, 1.0]}, {"left_foot_pose": [0.994271714416087, -0.10530543620178079, 0.018289970433241945, -0.022460266672092357, 0.10688198121433255, 0.9796089924679918, -0.17012484817787907, 0.026195994585015724, -1.9481622445361487e-06, 0.17110519273885247, 0.9852527660524512, 0.01583856042403531, 0.0, 0.0, 0.0, 1.0], "right_foot_pose": [0.9957709841228727, -0.0915217304797755, 0.007995000247204394, -0.0013874743776747466, 0.09187027364150756, 0.9919931647673219, -0.08665687437213308, -0.1279044258711098, 1.5029660755363931e-09, 0.08702490393502556, 0.9962061363468405, 2.873320380236688e-09, 0.0, 0.0, 0.0, 1.0]}, {"left_foot_pose": [0.9939103065884304, -0.10898511131380187, 0.016264930654979068, -0.02453277695828855, 0.11019211612392983, 0.9830249686273285, -0.14669563251634718, 0.029208389222007226, -1.193107794196956e-06, 0.1475945682169872, 0.9890479479941398, 0.007998175632974724, 0.0, 0.0, 0.0, 1.0], "right_foot_pose": [0.9957709841237281, -0.09174434899203059, 0.004808493037332217, -0.0013874741444862657, 0.0918702736322342, 0.9944061006437664, -0.05211870897478272, -0.12790442611639072, 2.213970036365963e-09, 0.05234005569817582, 0.9986293199027914, 4.343797065098354e-09, 0.0, 0.0, 0.0, 1.0]}, {"left_foot_pose": [0.9936813177705088, -0.11151330322475587, 0.012736636831188293, -0.025814311389197132, 0.11223831214729184, 0.987263028479855, -0.1127575890266968, 0.031071101516746864, -4.3943458069986923e-07, 0.11347464827303888, 0.993540892061881, 0.001817275955188255, 0.0, 0.0, 0.0, 1.0], "right_foot_pose": [0.9957709841278677, -0.09186470648967196, 0.0010113706463881756, -0.0013874739239900908, 0.09187027358736857, 0.9957106426639378, -0.01096215839834678, -0.12790442611053307, 2.94747060111482e-09, 0.011008714154469109, 0.9999394022702903, 5.8595021265595015e-09, 0.0, 0.0, 0.0, 1.0]}, {"left_foot_pose": [0.9936222907362637, -0.11248468353065733, 0.007870153939334712, -0.026140891549779856, 0.11275967076938911, 0.991199139954351, -0.06935071450053443, 0.03154579001349106, 3.3572405723910257e-09, 0.06979585177332119, 0.9975612958987724, 6.881235414812892e-09, 0.0, 0.0, 0.0, 1.0], "right_foot_pose": [0.9957709841356366, -0.09181340061028144, -0.0032321234384453702, -0.0013874734650551732, 0.0918702735031597, 0.9951545468893692, 0.03503256559073148, -0.1279044258570965, 3.356888633496507e-09, -0.03518134837936502, 0.9993809447484027, 6.8052623328207495e-09, 0.0, 0.0, 0.0, 1.0]}, {"left_foot_pose": [0.9936222907440304, -0.11273163017819149, 0.002514536528653526, -0.026140890871552722, 0.11275967070094936, 0.993375200982494, -0.022157769210912073, 0.031545789870305645, 3.2147289837912998e-09, 0.022299991712060294, 0.9997513242650111, 6.569659725952359e-09, 0.0, 0.0, 0.0, 1.0], "right_foot_pose": [0.9957709841427057, -0.09155773082067337, -0.007571596029641422, -0.0013874727577839088, 0.09187027342653858, 0.992383374797275, 0.08206759583723883, -0.12790442595686694, 3.1717313216638947e-09, -0.08241613527059173, 0.9965980035335509, 7.013717363835159e-09, 0.0, 0.0, 0.0, 1.0]}, {"left_foot_pose": [0.9936222907520482, -0.1127283137276769, -0.0026590608807817682, -0.026140891537993892, 0.11275967063029815, 0.9933459787583533, 0.023431243329299144, 0.031545789384607247, 2.8841431884587945e-09, -0.023581640501129878, 0.9997219144498517, 5.579542057543296e-09, 0.0, 0.0, 0.0, 1.0], "right_foot_pose": [0.9957709841444138, -0.09112594602540634, -0.011670865308126738, -0.0013874735527840641, 0.09187027340802745, 0.9877033119182272, 0.12649909284140887, -0.12790442612104422, 2.8112591623043883e-09, -0.12703633175883133, 0.9918980645274291, 6.2848169793405795e-09, 0.0, 0.0, 0.0, 1.0]}, {"left_foot_pose": [0.9936222907563097, -0.11252600760241428, -0.0072554066216586905, -0.026140891949984795, 0.11275967059274458, 0.9915632867110556, 0.06393359941834506, 0.0315457895302258, 2.1419984351837003e-09, -0.0643439667710271, 0.997927779922059, 4.01774314512382e-09, 0.0, 0.0, 0.0, 1.0], "right_foot_pose": [0.995710505198814, -0.0912615634961113, -0.01522881692605977, -0.0017160692178840448, 0.0925234556002664, 0.9821316571112878, 0.16388049994926557, -0.12731025534203244, 7.125515408833422e-07, -0.16458655816342058, 0.9863626436921723, 0.0022503000183373353, 0.0, 0.0, 0.0, 1.0]}, {"left_foot_pose": [0.9936222907566188, -0.11221464196480638, -0.011073275950700021, -0.02614089211832728, 0.11275967059002127, 0.988819576744211, 0.09757613097387344, 0.03154578953981848, 1.4371985448158996e-09, -0.09820243772998147, 0.9951664590529012, 2.6213308190747853e-09, 0.0, 0.0, 0.0, 1.0], "right_foot_pose": [0.9955053130264216, -0.09293544675987855, -0.018225654218920872, -0.00281406703702479, 0.09470571119801319, 0.9769003660717182, 0.1915633133859965, -0.12532485155907858, 1.6261660301076041e-06, -0.19242836980155717, 0.9813110223027512, 0.008710106546270649, 0.0, 0.0, 0.0, 1.0]}, {"left_foot_pose": [0.9936222907549169, -0.11187559052446429, -0.014092393684340749, -0.026140892188352013, 0.11275967060501783, 0.9858319029137809, 0.12418017507815945, 0.0315457893692407, 8.641430628895184e-10, -0.12497724369739002, 0.99215960840875, 1.546374660266192e-09, 0.0, 0.0, 0.0, 1.0], "right_foot_pose": [0.9951742637712541, -0.09594190626135768, -0.020575114830286508, -0.004534107805657981, 0.09812331385234015, 0.973055482872183, 0.20865004800147585, -0.12221467526839254, 2.444949549529177e-06, -0.2096620563557458, 0.9777739115555815, 0.016558460237752988, 0.0, 0.0, 0.0, 1.0]}, {"left_foot_pose": [0.9936222907525994, -0.11157126119078122, -0.016327798255004272, -0.02614089216920288, 0.11275967062543998, 0.9831501952274155, 0.143878248198739, 0.03154578912080899, 4.325875177893342e-10, -0.1448017517179751, 0.9894606877988669, 7.914030611400058e-10, 0.0, 0.0, 0.0, 1.0], "right_foot_pose": [0.994736397114373, -0.10011464465701501, -0.021830212576063206, -0.006721140050291711, 0.10246706908602572, 0.9719055597264258, 0.2118963962076345, -0.1182600929618103, 2.9725622560752746e-06, -0.2130179356252962, 0.977048289028286, 0.02291665395243249, 0.0, 0.0, 0.0, 1.0]}, {"left_foot_pose": [0.9936222907503139, -0.11136370456251075, -0.01768809289361426, -0.026140892048187515, 0.11275967064557865, 0.9813212349946129, 0.15586497497690052, 0.03154578896776004, 1.38089804270488e-10, -0.15686541701332068, 0.9876199881256144, 3.1553363394332123e-10, 0.0, 0.0, 0.0, 1.0], "right_foot_pose": [0.9942128760868462, -0.10530994953406755, -0.021226670776486274, -0.009220110094009679, 0.10742791543148036, 0.9746173103766435, 0.19641879059867087, -0.11374146759480123, 3.0278549407738564e-06, -0.19756242771167293, 0.9802903075862284, 0.025000002370051143, 0.0, 0.0, 0.0, 1.0]}, {"left_foot_pose": [0.9936222907493308, -0.11125036111841008, -0.018387508724038694, -0.02614089204014818, 0.11275967065424286, 0.9803224683190855, 0.16202812960323745, 0.03154578898074621, 8.887260246418983e-12, -0.16306813073007292, 0.9866148107241249, 8.458272277023227e-11, 0.0, 0.0, 0.0, 1.0], "right_foot_pose": [0.9936293754751142, -0.11105921532184825, -0.019144578476149234, -0.011875955120519987, 0.11269722350506016, 0.9791914175380093, 0.16877056507031737, -0.10893917334477349, 2.680410093606073e-06, -0.1698529320088386, 0.9854694218903071, 0.025000003618294887, 0.0, 0.0, 0.0, 1.0]}, {"left_foot_pose": [0.9936222907493129, -0.11124590716930842, -0.01841443629782439, -0.026140892012844138, 0.11275967065440144, 0.9802832207345847, 0.16226541165677114, 0.03154578898205449, 8.38554088141618e-14, -0.16330693581201033, 0.9865753112234731, 7.439776572581991e-11, 0.0, 0.0, 0.0, 1.0], "right_foot_pose": [0.9930175196269284, -0.11689386266951139, -0.01587547114841276, -0.014533624482610237, 0.11796696872316156, 0.9839867232799269, 0.13361857168485722, -0.10413358051485991, 2.0618672257051267e-06, -0.13455836383902028, 0.9909056699387256, 0.025000004557025182, 0.0, 0.0, 0.0, 1.0]}, {"left_foot_pose": [0.9936222907502665, -0.11134958206075339, -0.017776779772749034, -0.026140891903448853, 0.11275967064599532, 0.9811967894601112, 0.15664647148588312, 0.03154578910051416, 1.0871568215956918e-10, -0.1576519296680712, 0.9874947438199022, 3.226269043588026e-10, 0.0, 0.0, 0.0, 1.0], "right_foot_pose": [0.9924153627855989, -0.1224039781739738, -0.011358425696934392, -0.01703806614882604, 0.12292984871650997, 0.9881709676662628, 0.09168637279365881, -0.0996