{"LoopMode": "Wrap", "FrameDuration": 0.0167, "EnableCycleOffsetPosition": true, "EnableCycleOffsetRotation": false, "Debug_info": [{"left_foot_pose": [1.0000000000000007, 9.227995421967092e-14, -6.1483040880716584e-12, 1.0058724918550222e-12, -3.005556910274556e-14, 0.9999493305333749, 0.010066596537861098, -7.145846414591261e-14, 6.14853656947374e-12, -0.01006659653786127, 0.9999493305333753, 1.299797075526854e-11, 0.0, 0.0, 0.0, 1.0], "right_foot_pose": [1.0, -1.4533830421173632e-13, -6.198763724540867e-12, 5.546165019879657e-13, 5.625849957838623e-14, 0.9998966173254287, -0.014378965928229275, -0.1400000000016702, 6.199908184902546e-12, 0.014378965928229124, 0.9998966173254289, 1.0598744104584057e-11, 0.0, 0.0, 0.0, 1.0]}, {"left_foot_pose": [1.0000000000000007, 1.5403051915325696e-13, -1.3713419289018709e-11, 2.3192083259281504e-12, -5.029179749521723e-14, 0.9999715707146204, 0.007540408645143646, 5.847562017935459e-13, 1.3713954567864614e-11, -0.00754040864514382, 0.9999715707146205, 2.8151432573952917e-11, 0.0, 0.0, 0.0, 1.0], "right_foot_pose": [0.9999999999999998, -3.6614261213257715e-13, -1.3801682019476399e-11, 1.4771123010069875e-12, 1.3283017354836919e-13, 0.99985708634305, -0.016905824132133953, -0.14000000000296908, 1.380562756193386e-11, 0.0169058241321338, 0.9998570863430499, 2.4557432476424168e-11, 0.0, 0.0, 0.0, 1.0]}, {"left_foot_pose": [1.0000000000000007, 1.4397306030783765e-13, -2.40893416325605e-11, 4.1532144085229176e-12, -4.677006916916923e-14, 0.9999919142298536, 0.0040213772409625195, 1.7743983365958726e-12, 2.4089412473232527e-11, -0.004021377240962693, 0.9999919142298537, 4.8816138631391226e-11, 0.0, 0.0, 0.0, 1.0], "right_foot_pose": [1.0, -7.617564234178647e-13, -2.423833356246518e-11, 2.8250572474572736e-12, 2.665509600211209e-13, 0.9997913525551796, -0.020426731404818967, -0.14000000000445006, 2.4248976007602605e-11, 0.020426731404818814, 0.9997913525551796, 4.3965359131092896e-11, 0.0, 0.0, 0.0, 1.0]}, {"left_foot_pose": [1.0000000000000004, -2.7228714497989126e-14, -3.713368501578885e-11, 6.497194023624143e-12, 1.0021819850865456e-14, 0.9999998884703174, -0.00047229159816256593, 3.5822698973841938e-12, 3.713352320147622e-11, 0.00047229159816239235, 0.9999998884703175, 7.481850555768332e-11, 0.0, 0.0, 0.0, 1.0], "right_foot_pose": [1.0, -1.417475072441704e-12, -3.738409581899304e-11, 4.60156786184378e-12, 4.853245742266246e-13, 0.9996893391263724, -0.024924390405316573, -0.14000000000598473, 3.740766227987203e-11, 0.024924390405316424, 0.9996893391263726, 6.856946954680865e-11, 0.0, 0.0, 0.0, 1.0]}, {"left_foot_pose": [1.0000000000000007, -4.708391180450964e-13, -5.29944421678863e-11, 9.396585816511072e-12, 1.568260307009103e-13, 0.999982408341153, -0.005931526635582464, 6.156032281157131e-12, 5.299594472567529e-11, 0.005931526635582289, 0.9999824083411533, 1.0657825316728875e-10, 0.0, 0.0, 0.0, 1.0], "right_foot_pose": [1.0, -2.4522401380801837e-12, -5.3409499045642386e-11, 6.8556846046637545e-12, 8.280103496205978e-13, 0.9995380905482711, -0.030390879275139424, -0.1400000000074535, 5.345926647005778e-11, 0.03039087927513928, 0.9995380905482711, 9.866802513913697e-11, 0.0, 0.0, 0.0, 1.0]}, {"left_foot_pose": [1.0000000000000004, -1.3341271381255978e-12, -7.214057129445449e-11, 1.296206047836763e-11, 4.4217620621803265e-13, 0.9999235220718573, -0.012367295881179208, 9.731276548463619e-12, 7.215135300960068e-11, 0.012367295881179031, 0.9999235220718576, 1.451884446002083e-10, 0.0, 0.0, 0.0, 1.0], "right_foot_pose": [0.9999999999999999, -4.03447704770258e-12, -7.28147542261581e-11, 9.693226748604399e-12, 1.3494201184448075e-12, 0.9993212288351964, -0.036838588454407184, -0.14000000000872573, 7.291365862558165e-11, 0.03683858845440704, 0.9993212288351963, 1.3518760416664222e-10, 0.0, 0.0, 0.0, 1.0]}, {"left_foot_pose": [1.0000000000000004, -2.8238623433906102e-12, -9.537037826135017e-11, 1.737624703008847e-11, 9.339656970851543e-13, 0.9998036812756979, -0.019814108800637942, 1.4660005848154967e-11, 9.540732462618355e-11, 0.019814108800637758, 0.9998036812756981, 1.9246407245709918e-10, 0.0, 0.0, 0.0, 1.0], "right_foot_pose": [0.9999999999999998, -6.407045600695296e-12, -9.644179899126467e-11, 1.3285915281545422e-11, 2.1280758879355142e-12, 0.9990181051297731, -0.0443037879071032, -0.1400000000096282, 9.663103991006723e-11, 0.04430378790710304, 0.9990181051297733, 1.7971401450322944e-10, 0.0, 0.0, 0.0, 1.0]}, {"left_foot_pose": [1.0000000000000002, -5.238969768104281e-12, -1.2380291236624422e-10, 2.2899848626351418e-11, 1.7298185991815884e-12, 0.9995986131472177, -0.02833041817834431, 2.1444027109573938e-11, 1.2390128364821298e-10, 0.02833041817834414, 0.9995986131472177, 2.5097821043651436e-10, 0.0, 0.0, 0.0, 1.0], "right_foot_pose": [0.9999999999999998, -9.921508116015875e-12, -1.254745196632711e-10, 1.7881721618404212e-11, 3.2767447986886566e-12, 0.9986026144594591, -0.05284712286144923, -0.14000000000990123, 1.2582333038699765e-10, 0.05284712286144908, 0.9986026144594589, 2.3449756025861745e-10, 0.0, 0.0, 0.0, 1.0]}, {"left_foot_pose": [1.0000000000000002, -9.012324913396327e-12, -1.5885853743569085e-10, 2.9879467769106046e-11, 2.9700072426955976e-12, 0.9992778527015069, -0.03799701435989415, 3.07730091408942e-11, 1.5908595771066876e-10, 0.037997014359893964, 0.9992778527015072, 3.241062904169034e-10, 0.0, 0.0, 0.0, 1.0], "right_foot_pose": [0.9999999999999996, -1.5082401289230417e-11, -1.6142465142365828e-10, 2.3817395268646553e-11, 4.9554824853596985e-12, 0.9980416983900107, -0.06255212446258773, -0.14000000000914212, 1.6205178202499942e-10, 0.06255212446258761, 0.9980416983900106, 3.024530556561267e-10, 0.0, 0.0, 0.0, 1.0]}, {"left_foot_pose": [1.0000000000000004, -1.4755460490849052e-11, -2.0215007445756307e-10, 3.874448107424637e-11, 4.8504542979954605e-12, 0.9988030632526614, -0.04891258362733589, 4.354321070376699e-11, 2.0262951340527546e-10, 0.04891258362733571, 0.9988030632526614, 4.1592509297805336e-10, 0.0, 0.0, 0.0, 1.0], "right_foot_pose": [1.0, -2.2592705869667404e-11, -2.0603219130776993e-10, 3.15220612501995e-11, 7.383973867785536e-12, 0.9972936772027194, -0.07352089098670068, -0.14000000000673674, 2.0713538525449293e-10, 0.07352089098670055, 0.9972936772027194, 3.870078424395018e-10, 0.0, 0.0, 0.0, 1.0]}, {"left_foot_pose": [1.0000000000000004, -2.3272415278228257e-11, -2.550524236255565e-10, 4.9950960157687764e-11, 7.624194224019315e-12, 0.9981265428410464, -0.06118336764335229, 6.077831640749487e-11, 2.559981678310717e-10, 0.061183367643352124, 0.9981265428410464, 5.305055422732963e-10, 0.0, 0.0, 0.0, 1.0], "right_foot_pose": [0.9999999999999998, -3.335791932529492e-11, -2.6083901705220554e-10, 4.147233203973009e-11, 1.0838167752504577e-11, 0.9963068815873143, -0.0858638323263163, -0.1400000000017981, 2.6273991981136376e-10, 0.08586383232631614, 0.9963068815873141, 4.913679949036798e-10, 0.0, 0.0, 0.0, 1.0]}, {"left_foot_pose": [1.0000000000000002, -3.54397296765131e-11, -3.1754510132486695e-10, 6.37917234831805e-11, 1.1556598374089877e-11, 0.9971910948996391, -0.07489940088451917, 8.326619949095004e-11, 3.193071075264875e-10, 0.07489940088451899, 0.9971910948996393, 6.696861884480931e-10, 0.0, 0.0, 0.0, 1.0], "right_foot_pose": [0.9999999999999999, -4.832660783686268e-11, -3.26002114192647e-10, 5.40148839212673e-11, 1.5591480088913214e-11, 0.9950199634815603, -0.09967583595412959, -0.13999999999320603, 3.2919523390806786e-10, 0.09967583595412943, 0.9950199634815603, 6.163907717571249e-10, 0.0, 0.0, 0.0, 1.0]}, {"left_foot_pose": [1.0000000000000004, -5.164515560565974e-11, -3.852109187185695e-10, 7.983890823041194e-11, 1.6736141354523956e-11, 0.9959346249090276, -0.09007898149577256, 1.1040904475401181e-10, 3.8829679550693e-10, 0.09007898149577237, 0.9959346249090278, 8.26710810919451e-10, 0.0, 0.0, 0.0, 1.0], "right_foot_pose": [0.9999999999999999, -6.780229093083552e-11, -3.9716924193911e-10, 6.88132642901672e-11, 2.168609151557349e-11, 0.9933677843183983, -0.11498019428734778, -0.13999999998002566, 4.0233088600299553e-10, 0.11498019428734764, 0.9933677843183985, 7.547833608123611e-10, 0.0, 0.0, 0.0, 1.0]}, {"left_foot_pose": [1.0, -6.99678652897847e-11, -4.41922276550598e-10, 9.544388124801029e-11, 2.248737892067675e-11, 0.9943083624576311, -0.10654051035556884, 1.3712476640281857e-10, 4.4686116902847103e-10, 0.10654051035556868, 0.9943083624576309, 9.694805028215292e-10, 0.0, 0.0, 0.0, 1.0], "right_foot_pose": [0.9999999999999998, -8.926343540289722e-11, -4.5777731605411935e-10, 8.3322722619239e-11, 2.8244355990703887e-11, 0.9913030805368158, -0.13159864177954003, -0.13999999996307297, 4.655428228227934e-10, 0.13159864177953987, 0.9913030805368157, 8.763505615627665e-10, 0.0, 0.0, 0.0, 1.0]}, {"left_foot_pose": [1.0000000000000007, -8.162114546227704e-11, -4.4527431741769724e-10, 1.0233457920029042e-10, 2.595642371671334e-11, 0.9923312161896443, -0.1236072707229724, 1.4722812899381488e-10, 4.5194832594734515e-10, 0.12360727072297224, 0.9923312161896444, 1.0041532952365095e-09, 0.0, 0.0, 0.0, 1.0], "right_foot_pose": [0.9999999999999998, -1.0197452077335204e-10, -4.6351372740005497e-10, 8.932742633074632e-11, 3.1843983077693594e-11, 0.9888596082454938, -0.14885118467976233, -0.1399999999490865, 4.735288310705924e-10, 0.1488511846797622, 0.9888596082454936, 8.970611406478035e-10, 0.0, 0.0, 0.0, 1.0]}, {"left_foot_pose": [0.999999999747803, -2.222700156070384e-05, 3.2180328585211645e-06, -1.0692747459983086e-05, 2.245860228724115e-05, 0.9901899227497676, -0.139728008575309, 2.2507638527270724e-05, -8.07290431086826e-08, 0.1397280086123422, 0.9901899229992314, 0.0001638610915499633, 0.0, 0.0, 0.0, 1.0], "right_foot_pose": [0.9999999999999999, -8.365779977571306e-11, -3.442736651315665e-10, 7.028198300729221e-11, 2.574224420801606e-11, 0.986310458263313, -0.16489899914921802, -0.14000000000868917, 3.5335562166498366e-10, 0.1648989991492179, 0.9863104582633128, 6.44397549209863e-10, 0.0, 0.0, 0.0, 1.0]}, {"left_foot_pose": [0.9999997989021561, -0.0006259463626609467, 0.00010191564749241306, -0.00030198102045845486, 0.0006341887952865764, 0.9871213213710959, -0.15997216851425908, 0.0006356673025166779, -4.69111612955431e-07, 0.1599722009779624, 0.9871215198312958, 0.004191208936023046, 0.0, 0.0, 0.0, 1.0], "right_foot_pose": [0.9999999999999998, -5.3034473095592734e-11, -2.0220636276491146e-10, 7.044324772114005e-11, 1.620196767543161e-11, 0.9840365385757006, -0.1779665439006832, -0.1400000001562148, 2.0841658165871396e-10, 0.17796654390068303, 0.9840365385757011, 3.346699514739093e-10, 0.0, 0.0, 0.0, 1.0]}, {"left_foot_pose": [0.9999980656022489, -0.0019326924163541091, 0.00036536527562989557, -0.0009366009340128411, 0.0019669242380194857, 0.9826787783006324, -0.18530663745969694, 0.0019715430551645943, -8.959697713553508e-07, 0.18530699764877023, 0.9826806788685715, 0.011469801440679252, 0.0, 0.0, 0.0, 1.0], "right_foot_pose": [1.0, -2.1625044115213615e-11, -7.658279566058455e-11, 6.914431260400631e-11, 6.9033631105690114e-12, 0.9823142571545168, -0.18723968647423567, -0.1400000001486149, 7.927714275332301e-11, 0.18723968647423547, 0.9823142571545169, 1.412551534074602e-10, 0.0, 0.0, 0.0, 1.0]}, {"left_foot_pose": [0.9999925273829917, -0.003777514866006385, 0.0008219243360598922, -0.0018408597694345111, 0.003865899170553071, 0.9772034124687148, -0.21226998252956775, 0.003875009978611099, -1.3342513767051269e-06, 0.21227157379389472, 0.9772107136934611, 0.01912092545667001, 0.0, 0.0, 0.0, 1.0], "right_foot_pose": [0.9999999999999998, -1.8348975104472887e-12, -2.099820317624779e-12, 4.094325235343208e-11, 1.397385865308698e-12, 0.9813741540865291, -0.19210614173146517, -0.1400000000508208, 2.413121151018288e-12, 0.19210614173146506, 0.981374154086529, 3.4884796440426413e-11, 0.0, 0.0, 0.0, 1.0]}, {"left_foot_pose": [0.9999809262800897, -0.006002913991815457, 0.0014533064445088081, -0.0029410633055928074, 0.006176331685220437, 0.9719688058447306, -0.23502870759054878, 0.006190938522481709, -1.711412122390123e-06, 0.23503320082145054, 0.971987342771857, 0.024265877078976324, 0.0, 0.0, 0.0, 1.0], "right_foot_pose": [0.9999999999999999, -3.1529317440598696e-12, -3.99569266562592e-12, -7.131080429557847e-12, 2.3267701708884268e-12, 0.9813795568430022, -0.19207853969309846, -0.13999999996973278, 4.526707955884047e-12, 0.19207853969309832, 0.9813795568430019, 2.879062266369914e-11, 0.0, 0.0, 0.0, 1.0]}, {"left_foot_pose": [0.9999617755189956, -0.008471225197807424, 0.0021646811653159783, -0.004163512640758238, 0.008743425939544917, 0.9688856258630243, -0.24735439454122649, 0.008764193321190522, -1.933685825154769e-06, 0.2473638662773222, 0.9689226582429566, 0.025000000465483806, 0.0, 0.0, 0.0, 1.0], "right_foot_pose": [0.9999999999999999, -2.922096304669084e-11, -9.672279643879715e-11, -3.925774489155332e-11, 1.0640607716657031e-11, 0.9824012157870313, -0.1867828986287637, -0.139999999964716, 1.0047845662663934e-10, 0.18678289862876357, 0.9824012157870314, 1.8948664165518991e-10, 0.0, 0.0, 0.0, 1.0]}, {"left_foot_pose": [0.999934876449198, -0.011039185312564617, 0.0028946931034467415, -0.005434512413299469, 0.011412399244938766, 0.9672789452617743, -0.25345847627716855, 0.011439648068974453, -2.000603294603748e-06, 0.25347500555460034, 0.9673419362123683, 0.02500000023183889, 0.0, 0.0, 0.0, 1.0], "right_foot_pose": [0.9999999999999998, -7.614045087261048e-11, -2.8205943136683185e-10, -4.6205356990676734e-11, 2.523785322464276e-11, 0.9843468019542507, -0.17624237141629653, -0.13999999992440137, 2.9106328707257943e-10, 0.1762423714162964, 0.9843468019542505, 5.297303290463518e-10, 0.0, 0.0, 0.0, 1.0]}, {"left_foot_pose": [0.9999015960638803, -0.013570793365288596, 0.003554118222956295, -0.006680369454969612, 0.014028477654130409, 0.9673137486659678, -0.25319422081971227, 0.014062176630722989, -1.9009694205107985e-06, 0.25321916437985137, 0.9674089387571095, 0.024910269091123753, 0.0, 0.0, 0.0, 1.0], "right_foot_pose": [0.9999999999999999, -1.4016540598102268e-10, -5.81434234092625e-10, -3.6463656746560036e-11, 4.523604783836128e-11, 0.9870917280773108, -0.16015592515217342, -0.13999999993732956, 5.963769546292094e-10, 0.1601559251521733, 0.9870917280773109, 1.0632811714428314e-09, 0.0, 0.0, 0.0, 1.0]}, {"left_foot_pose": [0.9998649049799357, -0.015959666043674804, 0.003932028641716961, -0.007827387304911445, 0.016436903203819117, 0.9708574886337956, -0.23909321399142383, 0.016476646049358085, -1.5916037217043826e-06, 0.23912554406306066, 0.9709886581078138, 0.021163832323310143, 0.0, 0.0, 0.0, 1.0], "right_foot_pose": [1.0, -2.0968845017882551e-10, -1.0182565901573058e-09, 4.5040956676082015e-12, 6.722078958790745e-11, 0.9904399312137986, -0.1379447086959346, -0.14000000028662535, 1.0374473550687682e-09, 0.13794470869593442, 0.9904399312137987, 1.8449958921751275e-09, 0.0, 0.0, 0.0, 1.0]}, {"left_foot_pose": [0.9998291754307375, -0.01806244423807605, 0.003920212448133024, -0.008801871207941327, 0.018482963945403327, 0.9770943203797178, -0.21200252150738952, 0.018527933702422762, -1.1335946941600243e-06, 0.21203876341330738, 0.977261256168928, 0.013996810940686562, 0.0, 0.0, 0.0, 1.0], "right_foot_pose": [0.9999999999999999, -2.531444229332582e-10, -1.5603410230546883e-09, 1.066319701901595e-10, 8.093549475926153e-11, 0.9939986195061337, -0.10939261592950626, -0.1400000005963996, 1.5786687455861724e-09, 0.10939261592950612, 0.9939986195061337, 2.8939570670405423e-09, 0.0, 0.0, 0.0, 1.0]}, {"left_foot_pose": [0.9997997402948031, -0.019694902263679266, 0.003548257497631149, -0.009530129206379561, 0.02001197906359574, 0.9839641910078702, -0.17723992639410213, 0.02006091695255579, -6.352905909718056e-07, 0.1772754400334479, 0.9841612766008144, 0.006287909271536524, 0.0, 0.0, 0.0, 1.0], "right_foot_pose": [1.0, -2.3684422460116167e-10, -2.162977852382396e-09, 2.480552788144915e-10, 7.470864645964095e-11, 0.997209504201496, -0.07465389963161119, -0.14000000073601662, 2.174623180496923e-09, 0.07465389963161104, 0.9972095042014961, 4.090545430157633e-09, 0.0, 0.0, 0.0, 1.0]}, {"left_foot_pose": [0.9997822129834204, -0.020669241406289136, 0.0028825443038447227, -0.009938465898922723, 0.020869274111460955, 0.9902005186215905, -0.13808477946390407, 0.020920468343160414, -1.8922334316880538e-07, 0.13811486299896467, 0.9904162178694077, 0.0009158368872467793, 0.0, 0.0, 0.0, 1.0], "right_foot_pose": [0.9999999999999999, -1.3044530234962736e-10, -2.6837424504932975e-09, 3.940729688228072e-10, 3.772117368538206e-11, 0.9994039601484453, -0.034521362076323954, -0.1400000005817725, 2.686645865873406e-09, 0.03452136207632379, 0.9994039601484455, 5.12169923139183e-09, 0.0, 0.0, 0.0, 1.0]}, {"left_foot_pose": [0.9997795081004638, -0.020900471292039872, 0.0020261989453659998, -0.009999999485787614, 0.02099845666699323, 0.9951142109985466, -0.09647161181583598, 0.02105000092221267, 2.7884094682528608e-09, 0.09649288765764814, 0.9953336740166534, 5.661559283887119e-09, 0.0, 0.0, 0.0, 1.0], "right_foot_pose": [0.9999999999999999, 4.02106914082571e-11, -2.81929030121475e-09, 4.4887924144942674e-10, -1.648576252806857e-11, 0.9999645959040648, 0.00841468587769864, -0.14000000043697336, 2.8195287476138396e-09, -0.008414685877698795, 0.9999645959040648, 5.443812088612443e-09, 0.0, 0.0, 0.0, 1.0]}, {"left_foot_pose": [0.9997795081017604, -0.020967009037933113, 0.0011487871021976935, -0.00999999953503563, 0.02099845660525919, 0.9982822185369795, -0.054696224486558934, 0.021050000664707788, 2.4961417292852337e-09, 0.05470828716830934, 0.9985023802250603, 4.881983324545036e-09, 0.0, 0.0, 0.0, 1.0], "right_foot_pose": [0.9999999999999998, 1.9262162176118962e-10, -2.4921312236081418e-09, 3.6457368026291503e-10, -6.607759579670545e-11, 0.9987150401357872, 0.05067808803193944, -0.14000000056888742, 2.498690408693108e-09, -0.05067808803193959, 0.9987150401357872, 4.99055972935647e-09, 0.0, 0.0, 0.0, 1.0]}, {"left_foot_pose": [0.9997795081028635, -0.02099556783425263, 0.0003482942927808413, -0.009999999658849278, 0.020998456552734964, 0.9996419688280083, -0.016583093199609808, 0.02105000043837981, 1.8656068903952262e-09, 0.016586750404504177, 0.9998624303928114, 3.566020895240385e-09, 0.0, 0.0, 0.0, 1.0], "right_foot_pose": [0.999999999887835, -1.4912055316315261e-05, -1.4001735126333551e-06, 8.218547517044925e-06, 1.4977464847008378e-05, 0.9960684996174769, 0.08858636376702637, -0.14000727437075564, 7.36639730252963e-08, -0.08858636377806128, 0.9960684997290977, 3.740294071152145e-05, 0.0, 0.0, 0.0, 1.0]}, {"left_foot_pose": [0.9997795081034329, -0.02099600750631003, -0.0003206949541329902, -0.009999999870447033, 0.020998456525626975, 0.9996629061681493, 0.015268885191537827, 0.021050000607841464, 1.2217474393835542e-09, -0.015272252625135992, 0.999883372348873, 2.338382557032226e-09, 0.0, 0.0, 0.0, 1.0], "right_foot_pose": [0.9999988133588542, -0.0015279655609863143, -0.00019647424155254864, 0.0008453868915623688, 0.0015405453145414816, 0.9919161049594646, 0.12688604116363048, -0.14074832125539805, 1.0084633377755195e-06, -0.1268861932729056, 0.9919172818111869, 0.003492990673012293, 0.0, 0.0, 0.0, 1.0]}, {"left_foot_pose": [0.9997795081035468, -0.0209816931077116, -0.0008388865029666926, -0.009999999992568601, 0.020998456520207986, 0.9989813689713574, 0.03994107249289214, 0.02105000051819627, 6.617064012849005e-10, -0.03994988113182988, 0.9992016848452339, 1.2892212575277284e-09, 0.0, 0.0, 0.0, 1.0], "right_foot_pose": [0.9999862262561938, -0.005172246974769118, -0.0008917169550965659, 0.0028802028687292605, 0.005248551465502999, 0.985523324500954, 0.1694586367586535, -0.1425495209490529, 2.325936777077219e-06, -0.1694609829011367, 0.9855368969596066, 0.010538497970893991, 0.0, 0.0, 0.0, 1.0]}, {"left_foot_pose": [0.9997795081034346, -0.020964270138633567, -0.0011977286877998675, -0.010000000045069731, 0.020998456525544794, 0.9981518248932099, 0.05702630345639019, 0.021050000297798487, 2.4478650956236625e-10, -0.05703888007236729, 0.9983719578193746, 5.273278202988507e-10, 0.0, 0.0, 0.0, 1.0], "right_foot_pose": [0.9999429461954372, -0.010434317909147752, -0.002286780216700349, 0.005861929512411087, 0.010681963251830693, 0.976838448663664, 0.2137113494259319, -0.14518892439080952, 3.8826786130128405e-06, -0.2137235836826089, 0.976894175314188, 0.018295208945659558, 0.0, 0.0, 0.0, 1.0]}, {"left_foot_pose": [0.9997795081033054, -0.02095222550613183, -0.0013926317005010097, -0.010000000046205569, 0.020998456531684764, 0.9975783543159377, 0.0663060466593622, 0.021050000099203076, -2.0732825301333545e-12, -0.06632066982959975, 0.9977983607690254, 1.1017032425231221e-10, 0.0, 0.0, 0.0, 1.0], "right_foot_pose": [0.9998488953231593, -0.016813678313637562, -0.0044143790756543235, 0.009539830499223488, 0.017383512072236637, 0.9671524194887077, 0.25360207212318503, -0.14844457822261709, 5.393743208169212e-06, -0.253640489075984, 0.9672985590148491, 0.023884418880027847, 0.0, 0.0, 0.0, 1.0]}, {"left_foot_pose": [0.9997795081033007, -0.020950429389934227, -0.0014193960334382555, -0.009999999972561685, 0.020998456531906646, 0.9974928373607831, 0.06758035392932264, 0.02105000007430908, -5.641033013739441e-11, -0.067595258134815, 0.9977128249539987, 9.592204114339253e-11, 0.0, 0.0, 0.0, 1.0], "right_foot_pose": [0.9996900541881782, -0.023890744818381958, -0.007001990378454875, 0.013663163353019194, 0.02489569270824965, 0.9594092169249843, 0.2809166405963967, -0.15209452074999574, 6.466330183961627e-06, -0.28100389106098117, 0.9597066286979447, 0.02500000309709221, 0.0, 0.0, 0.0, 1.0]}, {"left_foot_pose": [0.9997795081034664, -0.020959643125825052, -0.0012761412265367839, -0.009999999810093998, 0.020998456524040664, 0.9979315230261777, 0.06075969201915332, 0.02105000011325357, 9.663781224375174e-11, -0.06077309199549131, 0.9981516073669915, 4.656816390835594e-10, 0.0, 0.0, 0.0, 1.0], "right_foot_pose": [0.9994632144296361, -0.0312595931221388, -0.009804123612918138, 0.017981183990316455, 0.032760997435763044, 0.953722692444701, 0.298897545930113, -0.15591679877189468, 6.999498191688761e-06, -0.2990582949089835, 0.9542348433153857, 0.02500000191843113, 0.0, 0.0, 0.0, 1.0]}, {"left_foot_pose": [0.9997795081037408, -0.020976574941344316, -0.0009583733994216053, -0.009999999652915934, 0.02099845651095733, 0.9987376828060311, 0.04563009716620696, 0.021050000184213043, 4.754133078749899e-10, -0.04564016046170546, 0.9989579449371383, 1.286893522300936e-09, 0.0, 0.0, 0.0, 1.0], "right_foot_pose": [0.9991786405267951, -0.03854316250303379, -0.0125087545059647, 0.022243157036766416, 0.040522145391325856, 0.950434382793959, 0.30827331985747747, -0.1596894641763601, 6.9217057811349635e-06, -0.3085269982146314, 0.9512155861447807, 0.02499255096854413, 0.0, 0.0, 0.0, 1.0]}, {"left_foot_pose": [0.999779508103924, -0.020993445299667554, -0.00045872641789505836, -0.009999999663220908, 0.020998456502243707, 0.9995409156369961, 0.02184085145042471, 0.021050000658433383, 1.1035467022291032e-09, -0.02184566826640925, 0.999761354913259, 2.75117597453578e-09, 0.0, 0.0, 0.0, 1.0], "right_foot_pose": [0.998860640524009, -0.04550255155759793, -0.014385361090862726, 0.026198344001356514, 0.04772232994445272, 0.952437396362305, 0.3009743929892813, -0.16319055946051156, 6.053028601131059e-06, -0.3013179779109467, 0.9535237155682176, 0.02183779319201977, 0.0, 0.0, 0.0, 1.0]}, {"left_foot_pose": [0.9997795081036294, -0.020997244080911356, 0.0002256481169018575, -0.009999999717347777, 0.020998456516278487, 0.9997217805669104, -0.010743662506853999, 0.021050001169205787, 1.9667686331928805e-09, 0.01074603187850446, 0.9999422597324645, 4.861466285088767e-09, 0.0, 0.0, 0.0, 1.0], "right_foot_pose": [0.9985460415705532, -0.0518138255635447, -0.014870452052616282, 0.029596001373700845, 0.05390549919410518, 0.9598229714178356, 0.2753798480195515, -0.16619813530016608, 4.518066468047215e-06, -0.27578105630936234, 0.961220478849925, 0.014923779189603976, 0.0, 0.0, 0.0, 1.0]}, {"left_foot_pose": [0.9997795081023173, -0.02097019466228384, 0.001089088846374664, -0.0099999999653455, 0.020998456578743597, 0.99843389290112, -0.05185389404496541, 0.021050001523423664, 3.035519076974824e-09, 0.051865329866315986, 0.9986540880394268, 7.597416383509081e-09, 0.0, 0.0, 0.0, 1.0], "right_foot_pose": [0.9982805846492981, -0.05693293685398085, -0.013946863928360137, 0.03218539454682159, 0.05861633138454281, 0.9696220439110842, 0.23748098377914126, -0.1684902464711443, 2.6968548470311142e-06, -0.23789016932793164, 0.9712920607777328, 0.007129213983108756, 0.0, 0.0, 0.0, 1.0]}, {"left_foot_pose": [0.9997795080998376, -0.020892126597353615, 0.0021105046523348728, -0.010000000224769243, 0.020998456696799773, 0.9947168947083329, -0.10048564175127284, 0.02105000155978235, 4.114645573783078e-09, 0.10050780282173434, 0.9949362701057534, 1.0631154782891894e-08, 0.0, 0.0, 0.0, 1.0], "right_foot_pose": [0.9981132464089041, -0.060262793679833955, -0.011761931855780113, 0.033715786152042126, 0.06139989692314914, 0.9796315281455283, 0.19118609186100302, -0.1698449417662497, 9.512695476388729e-07, -0.19154755221917882, 0.9814833341620915, 0.0013328078664038567, 0.0, 0.0, 0.0, 1.0]}, {"left_foot_pose": [0.9997795080958048, -0.02074824571848259, 0.0032319485325109087, -0.010000001540058562, 0.020998456888812633, 0.9878664069040753, -0.15387991070546345, 0.021050000880593046, 4.814344406716827e-09, 0.15391384736286118, 0.9880842715021644, 1.31939133715675e-08, 0.0, 0.0, 0.0, 1.0], "right_foot_pose": [0.9980786156219087, -0.06136142048121718, -0.008593783496289465, 0.03402393485977119, 0.06196028597621076, 0.9884318854738284, 0.13843168257446917, -0.17011771817943888, 4.94221684341775e-09, -0.1386981753851856, 0.9903346990511948, 1.1450370158982981e-08, 0.0, 0.0, 0.0, 1.0]}, {"left_foot_pose": [0.9997795080929697, -0.02054140499491984, 0.004357278762600214, -0.010000002346952117, 0.020998457023798635, 0.9780182795566597, -0.20745917587721202, 0.021050000229931923, 4.672658945930454e-09, 0.2075049289387288, 0.978233972251084, 1.4849040989861617e-08, 0.0, 0.0, 0.0, 1.0], "right_foot_pose": [0.998078615616022, -0.06174931264458622, -0.005108760899267412, 0.034023933542645345, 0.06196028607103681, 0.9946801860616993, 0.08229368387828223, -0.17011771809627277, 4.827353238640402e-09, -0.0824521063659658, 0.9965950281612966, 1.0525275116746169e-08, 0.0, 0.0, 0.0, 1.0]}, {"left_foot_pose": [0.9997795080952345, -0.020293242658037426, 0.005396248259144146, -0.00999999947122903, 0.02099845691598094, 0.96620276537971, -0.2569266062122601, 0.02105000033421987, 3.9745106515381105e-09, 0.2569832688620486, 0.9664158522732217, 1.444309208342709e-08, 0.0, 0.0, 0.0, 1.0], "right_foot_pose": [0.9980786156044958, -0.061936728834867366, -0.0017084186398336576, 0.03402393525375318, 0.06196028625670489, 0.9976991460231914, 0.027519755659923064, -0.17011771705638334, 4.174101396803412e-09, -0.02757273373880053, 0.9996197999010272, 8.859644781700204e-09, 0.0, 0.0, 0.0, 1.0]}, {"left_foot_pose": [0.9997549890413925, -0.021138321552489747, 0.006567590790341432, -0.008961550093036277, 0.022135082629586227, 0.9547614108493963, -0.296547949697604, 0.019670841584140744, -1.9563324283937857e-06, 0.2966206663649967, 0.9549953823350975, 0.0028444569778729514, 0.0, 0.0, 0.0, 1.0], "right_foot_pose": [0.9980786155990957, -0.061946364178937605, 0.0013134111322492129, 0.03402393529247797, 0.06196028634368855, 0.9978543513282442, -0.021156948066708644, -0.17011771720261412, 2.9964572410849813e-09, 0.021197676766563527, 0.9997753040057051, 6.543659662738843e-09, 0.0, 0.0, 0.0, 1.0]}, {"left_foot_pose": [0.9996793316302746, -0.023958507096663712, 0.008199015120580907, -0.006048930910873577, 0.025322596548552328, 0.9458781099349085, -0.3235326370708296, 0.01580261993903743, -3.90994431913291e-06, 0.32363651073954075, 0.9461814883525509, 0.009617041720722808, 0.0, 0.0, 0.0, 1.0], "right_foot_pose": [0.9980786155974957, -0.061841933522259154, 0.00382783819077066, 0.03402393509736287, 0.06196028636946611, 0.9961721433172374, -0.06166022860609269, -0.1701177170573992, 1.9836538100972906e-09, 0.06177892955507007, 0.998089857609539, 4.443923715125031e-09, 0.0, 0.0, 0.0, 1.0]}, {"left_foot_pose": [0.9995456398929808, -0.02838619263210887, 0.01013596758011052, -0.0016449703699630846, 0.030141561685591803, 0.9413957692598452, -0.3359545979426668, 0.009953759739243635, -5.485064427740475e-06, 0.3361074674676506, 0.9418236407536161, 0.01743949908586817, 0.0, 0.0, 0.0, 1.0], "right_foot_pose": [0.9980786155979968, -0.06168530955657129, 0.0058309236742955005, 0.03402393476540262, 0.0619602863613903, 0.9936491883428823, -0.09392663849806397, -0.170117716720233, 1.1951081301631529e-09, 0.09410745502053183, 0.9955620457357536, 2.7859578602407176e-09, 0.0, 0.0, 0.0, 1.0]}, {"left_foot_pose": [0.9993455724305914, -0.034153175804155236, 0.011915848516353016, 0.003867361751489341, 0.03617218300089642, 0.9436233313950291, -0.32903887555104777, 0.002632879818658909, -6.350110303351098e-06, 0.3292545656926241, 0.9442411931970766, 0.023433124101711236, 0.0, 0.0, 0.0, 1.0], "right_foot_pose": [0.9980786155992947, -0.061523496397687776, 0.007344145586715864, 0.03402393435264253, 0.061960286340487385, 0.9910426446483258, -0.11830215300262749, -0.17011771633493225, 6.191544254153668e-10, 0.11852989445475741, 0.9929504842239336, 1.6171262801067954e-09, 0.0, 0.0, 0.0, 1.0]}, {"left_foot_pose": [0.9990753031808124, -0.04103633767202088, 0.01282799924528179, 0.01010510089138331, 0.04299463379383329, 0.9536133409283573, -0.2979480784774279, -0.005651403562575482, -6.2532605900788955e-06, 0.29822410196683485, 0.954495880015714, 0.025000013139842493, 0.0, 0.0, 0.0, 1.0], "right_foot_pose": [0.9980786156005791, -0.06138937438510007, 0.008391769386582749, 0.034023933996099646, 0.06196028631979984, 0.9888821599504234, -0.13517764848877176, -0.17011771612500665, 2.347647427161781e-10, 0.13543787669773724, 0.9907858404093232, 9.12099853977999e-10, 0.0, 0.0, 0.0, 1.0]}, {"left_foot_pose": [0.9987397210409926, -0.04857181163094935, 0.012639174413243678, 0.016685263869272163, 0.05018933737312799, 0.9665788769648209, -0.2514086414972108, -0.014390457256976831, -5.385832920350959e-06, 0.2517261482649632, 0.9677985049847304, 0.025000016085067092, 0.0, 0.0, 0.0, 1.0], "right_foot_pose": [0.9980786156014054, -0.061302081829621734, 0.009007321607227762, 0.03402393389027825, 0.06196028630648572, 0.9874760206745703, -0.1450931821745392, -0.17011771616833118, 2.894231723997375e-11, 0.14537249862360493, 0.9893769941958072, 5.086642565488297e-10, 0.0, 0.0, 0.0, 1.0]}, {"left_foot_pose": [0.9983548748751913, -0.05622395862666084, 0.011243233044365255, 0.023224877712472784, 0.05733710662970033, 0.9789865118207528, -0.19569840540068328, -0.023075656660392733, -4.034451139873564e-06, 0.19602111148900067, 0.9805996756242279, 0.025000016771366873, 0.0, 0.0, 0.0, 1.0], "right_foot_pose": [0.998078615601676, -0.06126988743402835, 0.009223772138495708, 0.03402393382015597, 0.06196028630212588, 0.9869574219653077, -0.14857984435633403, -0.1701177162131693, -3.192740120596303e-11, 0.14886587292396905, 0.9888573971400451, 3.720678140584077e-10, 0.0, 0.0, 0.0, 1.0]}, {"left_foot_pose": [0.9979486588694074, -0.06349852689016411, 0.008149315525353258, 0.029340979252918564, 0.06401932720046274, 0.9898349826103591, -0.12699698006468865, -0.031198388450641587, -2.3564377170156323e-06, 0.127258179633098, 0.9918696263677594, 0.022459734294898906, 0.0, 0.0, 0.0, 1.0], "right_foot_pose": [0.9980786156014791, -0.06133421116156485, 0.00878587617846068, 0.034023933670261644, 0.06196028630529945, 0.9879935714626664, -0.14152606003634277, -0.17011771641516293, 6.714694284591967e-11, 0.141798509476065, 0.9898955413124996, 5.33312664863228e-10, 0.0, 0.0, 0.0, 1.0]}, {"left_foot_pose": [0.997559736161101, -0.06968345100292171, 0.00433467951740303, 0.03465056936917361, 0.06981814083247039, 0.9956361314014179, -0.061920279866266414, -0.03825000883892449, -9.447574241720533e-07, 0.062071817311423715, 0.9980716855490719, 0.01583856914913144, 0.0, 0.0, 0.0, 1.0], "right_foot_pose": [0.9980786156008696, -0.061415330399243684, 0.008199650736654084, 0.03402393363958303, 0.061960286315117886, 0.989300268863636, -0.13208293207711064, -0.1701177165781463, 2.3525665125869736e-10, 0.1323372026993532, 0.9912047542166605, 8.856723202055328e-10, 0.0, 0.0, 0.0, 1.0]}, {"left_foot_pose": [0.9972347197077587, -0.07431455621380981, 0.0005104352391171517, 0.03877067527146425, 0.0743163091749326, 0.9972112034363428, -0.0068484984965847436, -0.043721889308465364, -6.861257199974055e-08, 0.006867494141704537, 0.9999764184840612, 0.007998181393406863, 0.0, 0.0, 0.0, 1.0], "right_foot_pose": [0.9980786156002645, -0.061529574779887596, 0.007293045239481376, 0.03402393369217473, 0.06196028632486222, 0.9911405579977751, -0.11747900753070638, -0.1701177166326512, 4.5076472601419044e-10, 0.1177051643695588, 0.9930485860625025, 1.320557184436577e-09, 0.0, 0.0, 0.0, 1.0]}, {"left_foot_pose": [0.9970235964141811, -0.07705177659706453, -0.0026404387076357865, 0.04131833174835965, 0.07709700508644346, 0.996438780099148, 0.034143949994452444, -0.04710540916665441, 1.83517649234618e-07, -0.03424589373572813, 0.9994134373532348, 0.0018172771179733524, 0.0, 0.0, 0.0, 1.0], "right_foot_pose": [0.9980786155999953, -0.06165643483989566, 0.006128713146323895, 0.03402393382260016, 0.061960286329198214, 0.9931840653099441, -0.09872352978098228, -0.17011771650645222, 6.433210071579016e-10, 0.09891358075232337, 0.9950960272972422, 1.7525493903325362e-09, 0.0, 0.0, 0.0, 1.0]}, {"left_foot_pose": [0.9969685554262518, -0.07766359101738524, -0.004697459055426197, 0.04196756300577578, 0.07780552352688809, 0.9951498901034623, 0.060191334391041525, -0.04796764186610543, 6.858360619763598e-10, -0.06037435595806885, 0.998175804727128, 1.957993288337345e-09, 0.0, 0.0, 0.0, 1.0], "right_foot_pose": [0.9980786156003931, -0.061772312732473876, 0.004822702653483758, 0.034023934103444856, 0.06196028632279295, 0.9950506684080042, -0.07768584310916314, -0.1701177163184017, 6.965427767887832e-10, 0.07783539477940234, 0.9969662237606319, 1.971592472616024e-09, 0.0, 0.0, 0.0, 1.0]}, {"left_foot_pose": [0.9969685554266683, -0.0775442586909503, -0.006370826832880167, 0.041967563149192, 0.07780552352155741, 0.9936208140486004, 0.08163319422228793, -0.04796764198262547, 6.133070863026735e-10, -0.08188141323565655, 0.9966420792674434, 1.9737762674276738e-09, 0.0, 0.0, 0.0, 1.0], "right_foot_pose": [0.9980786156009614, -0.06186242149595352, 0.0034810755126560527, 0.03402393424161524, 0.06196028631363668, 0.9965021732977443, -0.056074428510727484, -0.17011771643082724, 6.178997992175335e-10, 0.05618237641404542, 0.9984205229163065, 1.9005452281395385e-09, 0.0, 0.0, 0.0, 1.0]}, {"left_foot_pose": [0.9969685554264645, -0.07740255993582186, -0.007908426281586075, 0.04196756280764542, 0.07780552352416778, 0.9918051433961855, 0.10133537409020917, -0.047967641892163695, 4.956099810643413e-10, -0.10164350076740741, 0.9948208877741497, 1.5583701898358449e-09, 0.0, 0.0, 0.0, 1.0], "right_foot_pose": [0.9980786156013468, -0.061919739510478036, 0.0022411912575659564, 0.03402393392892031, 0.06196028630742801, 0.9974254728976502, -0.0361019242645128, -0.17011771632772651, 4.96353601658354e-10, 0.03617142344245797, 0.9993455999433563, 1.630434093291555e-09, 0.0, 0.0, 0.0, 1.0]}, {"left_foot_pose": [0.996968555426071, -0.07726385500652332, -0.009164944145226025, 0.04196756283773743, 0.07780552352920848, 0.9900278342242915, 0.1174358887627848, -0.04796764162693562, 3.20954362934839e-10, -0.11779297165234569, 0.9930381744068607, 1.094039428495286e-09, 0.0, 0.0, 0.0, 1.0], "right_foot_pose": [0.9980231766664204, -0.06284125629942065, 0.0008457797449341834, 0.03500417089847752, 0.06284694771156847, 0.997932812116124, -0.013429954033573933, -0.1711516791176672, -7.617577999225397e-08, 0.013456560062476699, 0.9999094563965674, 0.002250301516855069, 0.0, 0.0, 0.0, 1.0]}, {"left_foot_pose": [0.9969685554254731, -0.07714705824718746, -0.01010103443469131, 0.041967562883823854, 0.07780552353686597, 0.9885312473693303, 0.12943057398308633, -0.047967641576995866, 1.3940574426256872e-10, -0.12982412864426263, 0.9915370369389938, 7.003228066904121e-10, 0.0, 0.0, 0.0, 1.0], "right_foot_pose": [0.9978322140465267, -0.06579354290381136, -0.0014430256998321015, 0.038279625199076364, 0.06580936567800139, 0.9975923868109694, 0.021875949484593656, -0.17460667921501064, 2.552311487163641e-07, -0.02192349171454522, 0.9997596513717568, 0.008710110650316925, 0.0, 0.0, 0.0, 1.0]}, {"left_foot_pose": [0.9969685554249785, -0.07707302325863996, -0.010651224324229233, 0.041967562869627106, 0.07780552354320326, 0.9875825926185877, 0.13648048674780247, -0.047967641682725264, 3.22033282340571e-12, -0.1368954778015775, 0.9905854976515044, 4.1137269979341085e-10, 0.0, 0.0, 0.0, 1.0], "right_foot_pose": [0.99751538878981, -0.07027912519088168, -0.0048881172160852426, 0.04341070208248038, 0.07044891146286372, 0.9951123982433056, 0.06919729572862134, -0.18001902947743925, 1.100636410532035e-06, -0.06936972988891545, 0.9975910186914915, 0.016558466118053915, 0.0, 0.0, 0.0, 1.0]}, {"left_foot_pose": [0.9969685554248918, -0.07705690324690996, -0.010767226012376526, 0.04196756281100429, 0.07780552354431709, 0.9873760371977272, 0.13796688614920655, -0.04796764180105129, -4.556454711043439e-11, -0.13838639683765802, 0.9903783141660015, 2.90704404992681e-10, 0.0, 0.0, 0.0, 1.0], "right_foot_pose": [0.9970813913774257, -0.07574500706998946, -0.009559961967710789, 0.04993486398742572, 0.07634591648039224, 0.9892373744725057, 0.12482274625849452, -0.18690083257604773, 2.371879149987155e-06, -0.12518830157291383, 0.9921329997251697, 0.022916662075629715, 0.0, 0.0, 0.0, 1.0]}, {"left_foot_pose": [0.9969685554255121, -0.0771235849548667, -0.010278722511974942, 0.0419675627658643, 0.07780552353637095, 0.988230469966792, 0.1317073981841768, -0.04796764179803536, 6.562523971922138e-11, -0.13210787589286083, 0.9912353449746824, 4.963842045735412e-10, 0.0, 0.0, 0.0, 1.0], "right_foot_pose": [0.99654281730431, -0.08174941694047143, -0.0148137135479763, 0.05738957030659423, 0.08308076351013113, 0.9805814502937904, 0.17764460609402175, -0.1947641822769798, 3.7097443053315765e-06, -0.1782611908678373, 0.9839832050480426, 0.02500001243138708, 0.0, 0.0, 0.0, 1.0]}, {"left_foot_pose": [0.9969685554268196, -0.07724138923713957, -0.00935239428583902, 0.04196756291809977, 0.07780552351961356, 0.9897399670369683, 0.11983779937690912, -0.047967641786784955, 3.051886723119169e-10, -0.12020218566389783, 0.9927494319120121, 9.831340602728389e-10, 0.0, 0.0, 0.0, 1.0], "right_foot_pose": [0.9959205682719845, -0.08790537134507566, -0.020368293534112576, 0.06531225409409624, 0.09023425995344211, 0.9702286087860311, 0.22475369857641384, -0.20312116421625004, 4.84376440850618e-06, -0.22567474910101765, 0.9742027035451762, 0.02500001128086507, 0.0, 0.0, 0.0, 1.0]}, {"left_foot_pose": [0.9969685554286, -0.0774054189163782, -0.007880393961682787, 0.04196756307439541, 0.07780552349680182, 0.9918417778663235, 0.10097617636036714, -0.04796764177246237, 7.25494040899724e-10, -0.10128321085624864, 0.9948576336334009, 1.8423249245613782e-09, 0.0, 0.0, 0.0, 1.0], "right_foot_pose": [0.9952464915234059, -0.0939154764300272, -0.025774103229239783, 0.07324037816670863, 0.09738799248276454, 0.9597744854408047, 0.2633410640538543, -0.21148388644459323, 5.5251703335741155e-06, -0.2645993582451785, 0.9643584290012257, 0.025000008416745247, 0.0, 0.0, 0.0, 1.0]}, {"left_foot_pose": [0.9969685554302872, -0.07758855894514594, -0.005806462267408115, 0.04196756299065217, 0.0778055234751831, 0.9941884608859787, 0.0744016448603294, -0.047967641386464574, 1.3769653510177484e-09, -0.07462787523429454, 0.9972114521193666, 3.217809824151985e-09, 0.0, 0.0, 0.0, 1.0], "right_foot_pose": [0.9945642606632907, -0.09972043410289823, -0.029962750768432914, 0.08071140214600003, 0.10412459546748859, 0.9525122817663754, 0.28614405760550954, -0.21936444705794672, 5.478462051042437e-06, -0.2877085123984741, 0.9577180231484858, 0.02302