{"LoopMode": "Wrap", "FrameDuration": 0.0167, "EnableCycleOffsetPosition": true, "EnableCycleOffsetRotation": false, "Debug_info": [{"left_foot_pose": [1.0000000000000007, 1.0794548150687541e-13, -8.902989456771596e-12, 1.6574704540025106e-12, -2.211526123087707e-14, 0.999953889010939, 0.009603116780488368, 2.9559688030644793e-15, 8.903282080417993e-12, -0.00960311678048854, 0.9999538890109394, 1.8828265335724126e-11, 0.0, 0.0, 0.0, 1.0], "right_foot_pose": [0.9999999999999996, -1.94612033656275e-13, -8.967604436804775e-12, 1.9705466350808974e-12, 6.155163098762843e-14, 0.9998898399210954, -0.01484277678085497, -0.14000000000231308, 8.969197671518601e-12, 0.014842776780854822, 0.9998898399210951, 1.5684453735786974e-11, 0.0, 0.0, 0.0, 1.0]}, {"left_foot_pose": [1.0000000000000007, 1.6445336146001104e-13, -1.988453846024641e-11, 3.2738403523679805e-12, -3.3776143686256786e-14, 0.9999785153092327, 0.006555068263827659, 9.418559682172756e-13, 1.9884861540015594e-11, -0.00655506826382783, 0.999978515309233, 4.1003596351618654e-11, 0.0, 0.0, 0.0, 1.0], "right_foot_pose": [0.9999999999999998, -5.280532422749542e-13, -2.000410947999853e-11, 4.169365398683686e-12, 1.7011687793898592e-13, 0.999839923356796, -0.017892111722106235, -0.1400000000042126, 2.0010118897638714e-11, 0.017892111722106082, 0.9998399233567961, 3.608793125442489e-11, 0.0, 0.0, 0.0, 1.0]}, {"left_foot_pose": [1.0000000000000004, 7.931694077733867e-14, -3.4940106363734464e-11, 5.334976345570467e-12, 1.7340545013833984e-15, 0.9999973313438619, 0.002310260841391702, 2.6392152352450182e-12, 3.493986123498653e-11, -0.002310260841391876, 0.9999973313438619, 7.129500462221827e-11, 0.0, 0.0, 0.0, 1.0], "right_foot_pose": [0.9999999999999999, -1.153298787256683e-12, -3.5156988431594976e-11, 7.089326651597933e-12, 3.7470671352695185e-13, 0.9997548783569942, -0.022140081332097026, -0.14000000000638776, 3.517380992049452e-11, 0.02214008133209687, 0.9997548783569941, 6.436361860151507e-11, 0.0, 0.0, 0.0, 1.0]}, {"left_foot_pose": [1.0000000000000007, -3.029649469541621e-13, -5.385170087635061e-11, 7.768062958306435e-12, 1.359071844076988e-13, 0.9999951691436144, -0.003108325825059646, 5.248183831962905e-12, 5.38520650016721e-11, 0.0031083258250594707, 0.9999951691436147, 1.0944167100346291e-10, 0.0, 0.0, 0.0, 1.0], "right_foot_pose": [1.0, -2.220296027560238e-12, -5.423766991086153e-11, 1.0653258711889042e-11, 7.244543507915857e-13, 0.9996200125516372, -0.027565023240774814, -0.1400000000086144, 5.427802741010706e-11, 0.027565023240774665, 0.9996200125516375, 1.0011718537539238e-10, 0.0, 0.0, 0.0, 1.0]}, {"left_foot_pose": [1.0000000000000007, -1.1772574961875263e-12, -7.681932867598106e-11, 1.0547210796525768e-11, 4.332756249061564e-13, 0.9999530658772054, -0.009688448935630294, 9.016086488511377e-12, 7.682680846614657e-11, 0.009688448935630117, 0.9999530658772053, 1.5606350933783375e-10, 0.0, 0.0, 0.0, 1.0], "right_foot_pose": [0.9999999999999998, -3.935579172914533e-12, -7.74855735130586e-11, 1.4856697135190658e-11, 1.2867257559563197e-12, 0.9994165013309906, -0.03415635910517978, -0.14000000001067436, 7.757456983949806e-11, 0.03415635910517964, 0.9994165013309907, 1.4375808876643248e-10, 0.0, 0.0, 0.0, 1.0]}, {"left_foot_pose": [1.0000000000000007, -2.802035933846275e-12, -1.0450806886552752e-10, 1.3691945370823484e-11, 9.791481790364644e-13, 0.9998478825207793, -0.017441669034664684, 1.432183364957762e-11, 1.0454077267743204e-10, 0.017441669034664504, 0.9998478825207796, 2.1278580286665516e-10, 0.0, 0.0, 0.0, 1.0], "right_foot_pose": [0.9999999999999998, -6.589705232690861e-12, -1.056194021131773e-10, 1.9771033097129488e-11, 2.1555946335470585e-12, 0.9991206470949706, -0.04192770621590443, -0.14000000001232327, 1.0580262383340786e-10, 0.04192770621590429, 0.9991206470949706, 1.9661162975470603e-10, 0.0, 0.0, 0.0, 1.0]}, {"left_foot_pose": [1.0000000000000004, -5.539774654936293e-12, -1.3805784293552384e-10, 1.7259906423106067e-11, 1.892419624373881e-12, 0.9996512619801536, -0.026407469047357367, 2.17211804098838e-11, 1.3815575091416117e-10, 0.02640746904735719, 0.9996512619801536, 2.8232568366481914e-10, 0.0, 0.0, 0.0, 1.0], "right_foot_pose": [0.9999999999999998, -1.0600554435733623e-11, -1.398560711685092e-10, 2.553791049425212e-11, 3.465255292321977e-12, 0.9987026799754365, -0.05092108610272383, -0.14000000001323726, 1.402144103625508e-10, 0.05092108610272369, 0.9987026799754363, 2.609681706844391e-10, 0.0, 0.0, 0.0, 1.0]}, {"left_foot_pose": [1.0000000000000007, -9.913038241787753e-12, -1.790743664464854e-10, 2.133619074985624e-11, 3.3429918009538854e-12, 0.999328029021833, -0.03665365481557287, 3.2000317326530414e-11, 1.7931703886519366e-10, 0.03665365481557269, 0.9993280290218334, 3.685763153016275e-10, 0.0, 0.0, 0.0, 1.0], "right_foot_pose": [1.0, -1.6573100757704036e-11, -1.8191209649742738e-10, 3.23583557561566e-11, 5.40772720855244e-12, 0.9981250661523072, -0.06120745312829314, -0.1400000000129376, 1.8258528777829195e-10, 0.061207453128292996, 0.9981250661523074, 3.4010731730926835e-10, 0.0, 0.0, 0.0, 1.0]}, {"left_foot_pose": [1.0000000000000007, -1.667698185204531e-11, -2.296129397727495e-10, 2.602236962144722e-11, 5.57344388786602e-12, 0.9988341086374727, -0.048274459317389905, 4.623551194682385e-11, 2.3014993740814605e-10, 0.04827445931738972, 0.9988341086374729, 4.76739168975282e-10, 0.0, 0.0, 0.0, 1.0], "right_foot_pose": [0.9999999999999999, -2.5377822261624064e-11, -2.3400109627758055e-10, 4.048019449868896e-11, 8.255236395864505e-12, 0.9973403547963644, -0.07288495520107204, -0.14000000001069682, 2.3522829571645843e-10, 0.0728849552010719, 0.9973403547963643, 4.3834227914096857e-10, 0.0, 0.0, 0.0, 1.0]}, {"left_foot_pose": [1.0000000000000007, -2.6899996268955e-11, -2.9206115303992373e-10, 3.141541844895077e-11, 8.921248890422302e-12, 0.9981141245025444, -0.06138562102414969, 6.582516996755938e-11, 2.93161442311384e-10, 0.061385621024149496, 0.9981141245025444, 6.13334098786833e-10, 0.0, 0.0, 0.0, 1.0], "right_foot_pose": [1.0, -3.8237087689930696e-11, -2.987350367078532e-10, 5.016906172290046e-11, 1.2381889001308046e-11, 0.9962887315353813, -0.08607417391773638, -0.14000000000542542, 3.0091721659337246e-10, 0.08607417391773624, 0.9962887315353816, 5.609156472630161e-10, 0.0, 0.0, 0.0, 1.0]}, {"left_foot_pose": [1.0000000000000004, -4.2004266642961174e-11, -3.6864455932317174e-10, 3.754843976332627e-11, 1.382398985755106e-11, 0.997099167951415, -0.07611339744484402, 9.238296586056016e-11, 3.7077189654130773e-10, 0.07611339744484381, 0.9970991679514151, 7.855395708911139e-10, 0.0, 0.0, 0.0, 1.0], "right_foot_pose": [0.9999999999999999, -5.676038562297696e-11, -3.786337354760857e-10, 6.16182087803871e-11, 1.8263855145350726e-11, 0.9948958375707629, -0.10090724644132365, -0.13999999999557913, 3.8242849747574677e-10, 0.10090724644132348, 0.9948958375707629, 7.132387874753121e-10, 0.0, 0.0, 0.0, 1.0]}, {"left_foot_pose": [1.0000000000000007, -6.361645958274387e-11, -4.600484437844432e-10, 4.4241262306876923e-11, 2.0756930670978407e-11, 0.9957061732201633, -0.09257006325621114, 1.2723091503963335e-10, 4.639619057062665e-10, 0.09257006325621094, 0.9957061732201636, 9.987269899980333e-10, 0.0, 0.0, 0.0, 1.0], "right_foot_pose": [1.0, -8.275394634952445e-11, -4.747175985642112e-10, 7.47199307844424e-11, 2.6399887335169665e-11, 0.9930724956776668, -0.11750326943762296, -0.13999999997923135, 4.811525828729585e-10, 0.11750326943762279, 0.9930724956776666, 8.984806371126197e-10, 0.0, 0.0, 0.0, 1.0]}, {"left_foot_pose": [1.0000000000000002, -9.278197320628668e-11, -5.618305265464568e-10, 5.0697467148219594e-11, 2.996144895372158e-11, 0.9938429651551626, -0.11079783667380495, 1.6981818035111118e-10, 5.68651234079154e-10, 0.11079783667380477, 0.9938429651551627, 1.2489072276355984e-09, 0.0, 0.0, 0.0, 1.0], "right_foot_pose": [0.9999999999999999, -1.172802433231729e-10, -5.82746961796942e-10, 8.847959028309392e-11, 3.6990039303690195e-11, 0.9907209752983889, -0.13591154882425976, -0.13999999995475368, 5.932790768294803e-10, 0.13591154882425963, 0.9907209752983889, 1.1107255462605714e-09, 0.0, 0.0, 0.0, 1.0]}, {"left_foot_pose": [1.0000000000000004, -1.2731455303246077e-10, -6.554517484325094e-10, 5.443633958058144e-11, 4.059459630717969e-11, 0.9914296719938716, -0.13064151518611908, 2.1351349854814572e-10, 6.66466799274664e-10, 0.13064151518611886, 0.9914296719938717, 1.5014661389201045e-09, 0.0, 0.0, 0.0, 1.0], "right_foot_pose": [0.9999999999999998, -1.5752667604508033e-10, -6.836933796883207e-10, 9.953754549055286e-11, 4.895470786613263e-11, 0.9877598878502454, -0.1559820629241413, -0.13999999992328982, 6.998961057522307e-10, 0.15598206292414113, 0.9877598878502453, 1.3166923176766154e-09, 0.0, 0.0, 0.0, 1.0]}, {"left_foot_pose": [1.0000000000000002, -1.5480482023003168e-10, -6.89321932867412e-10, 4.8953399105219623e-11, 4.86151408901535e-11, 0.9884635140226867, -0.1514591741886996, 2.366044235535547e-10, 7.048160534457092e-10, 0.15145917418869942, 0.9884635140226868, 1.6404100924849452e-09, 0.0, 0.0, 0.0, 1.0], "right_foot_pose": [1.0, -1.8858981265517821e-10, -7.232972554227491e-10, 9.903871047274575e-11, 5.753532375422766e-11, 0.984198194498049, -0.1770703643944434, -0.13999999989537165, 7.452612524440466e-10, 0.17707036439444318, 0.9841981944980489, 1.4142347154466606e-09, 0.0, 0.0, 0.0, 1.0]}, {"left_foot_pose": [0.9999999998556852, -1.672431728087015e-05, 2.9878586350621127e-06, 1.6570643654146263e-05, 1.698895191133722e-05, 0.9851787423958634, -0.1715308871389683, -1.9864639930367023e-05, -7.483783277109304e-08, 0.1715308871649742, 0.9851787425378159, 0.00016386126730168205, 0.0, 0.0, 0.0, 1.0], "right_foot_pose": [0.9999999999999999, -1.730165534394468e-10, -5.97537797020208e-10, 8.517712946874384e-11, 5.166840625735936e-11, 0.9803262525321397, -0.19738398768971027, -0.1399999999661485, 6.19932543329719e-10, 0.19738398768971008, 0.9803262525321397, 1.1528883750444585e-09, 0.0, 0.0, 0.0, 1.0]}, {"left_foot_pose": [0.9999998849422186, -0.00047088657922225594, 9.154987766686125e-05, 0.0004679781658980531, 0.00047970342146724885, 0.9817872121050909, -0.18998326250367856, -0.0005609931691138194, -4.219305732468543e-07, 0.18998328456141506, 0.9817873250287352, 0.004191209294378356, 0.0, 0.0, 0.0, 1.0], "right_foot_pose": [1.0, -1.2527186943880994e-10, -3.989610308785522e-10, 1.253336474567662e-10, 3.66665744519134e-11, 0.9766660696242545, -0.21476356405291624, -0.14000000016371117, 4.165554035207462e-10, 0.21476356405291605, 0.9766660696242545, 7.007439906114854e-10, 0.0, 0.0, 0.0, 1.0]}, {"left_foot_pose": [0.9999988932594956, -0.0014558750323981375, 0.0003064435918924415, 0.0014514395059768528, 0.0014877766024970068, 0.9786603793625506, -0.20547907043475425, -0.0017399193775579115, -7.523535687233701e-07, 0.20547929894234984, 0.9786614622562775, 0.01146980279951449, 0.0, 0.0, 0.0, 1.0], "right_foot_pose": [1.0, -6.978525672540213e-11, -2.089740047672702e-10, 1.3601104206210968e-10, 2.0260441337021023e-11, 0.9736187308988119, -0.2281809957971684, -0.1400000001826175, 2.1938442596895462e-10, 0.22818099579716822, 0.9736187308988118, 3.585225519242563e-10, 0.0, 0.0, 0.0, 1.0]}, {"left_foot_pose": [0.9999957246887754, -0.002855605114611847, 0.0006293835086492159, 0.0028527510961236704, 0.002924141434158581, 0.9766328358087729, -0.2148947496263893, -0.0034197407207314234, -1.0220547272021143e-06, 0.21489567129084952, 0.9766370105926827, 0.019120927172917593, 0.0, 0.0, 0.0, 1.0], "right_foot_pose": [0.9999999999999998, -2.4487672790383943e-11, -6.906886174107272e-11, 9.803359936470897e-11, 7.408795848432478e-12, 0.971470751217589, -0.23715939688052226, -0.14000000009308727, 7.290568737337769e-11, 0.23715939688052218, 0.9714707512175891, 1.2721809022897546e-10, 0.0, 0.0, 0.0, 1.0]}, {"left_foot_pose": [0.9999890874337023, -0.00456356497197553, 0.000999443974897459, 0.004557712286216139, 0.004671724749032051, 0.9768911050717184, -0.21368655507454584, -0.005463559636574463, -1.17545137493158e-06, 0.21368889233299918, 0.976901764402192, 0.02426587843090304, 0.0, 0.0, 0.0, 1.0], "right_foot_pose": [0.9999999999999998, -8.401319301865188e-13, 7.319145289841391e-13, 2.8271951189054703e-11, 9.920716329333032e-13, 0.9704213147036708, -0.24141762978042633, -0.14000000000060117, -5.077672254189289e-13, 0.2414176297804262, 0.9704213147036709, 1.6006244940580672e-11, 0.0, 0.0, 0.0, 1.0]}, {"left_foot_pose": [0.9999781308802055, -0.006481259362555345, 0.0013156893276433741, 0.0064521194822870645, 0.006613452952801099, 0.9800251923257723, -0.198763388597787, -0.007734478548569068, -1.1716130822304499e-06, 0.19876774306689962, 0.9800466235413084, 0.025000001865366106, 0.0, 0.0, 0.0, 1.0], "right_foot_pose": [1.0, -4.907641461830506e-12, -9.707568082717416e-12, -1.176649278692729e-11, 2.4257106361474225e-12, 0.9705739966106494, -0.24080306705528304, -0.13999999999229568, 1.0603560657640303e-11, 0.24080306705528293, 0.9705739966106495, 4.199527531278946e-11, 0.0, 0.0, 0.0, 1.0]}, {"left_foot_pose": [0.9999627413082289, -0.008496325146428962, 0.0015259273701704766, 0.008421765055162624, 0.008632264722029364, 0.9842369613326545, -0.17664395815434142, -0.010095591072334785, -1.0496143995732345e-06, 0.17665054884055695, 0.9842736324789103, 0.025000002529300493, 0.0, 0.0, 0.0, 1.0], "right_foot_pose": [0.9999999999999996, -3.228350878628164e-11, -8.890754799040205e-11, -1.0219235326469443e-11, 1.041737307194507e-11, 0.9718229396907178, -0.23571205716061983, -0.13999999997803786, 9.401178964420402e-11, 0.2357120571606197, 0.9718229396907179, 1.841448660222511e-10, 0.0, 0.0, 0.0, 1.0]}, {"left_foot_pose": [0.9999437006754779, -0.010492331511769313, 0.001583179989297768, 0.010352447990827048, 0.010611101673419669, 0.9887631440739265, -0.1491135454689534, -0.012409997109178932, -8.412718976534868e-07, 0.14912194976089987, 0.9888188125732648, 0.024910271766745408, 0.0, 0.0, 0.0, 1.0], "right_foot_pose": [0.9999999999999998, -8.084493988994136e-11, -2.3953600214454654e-10, -4.059293030170748e-12, 2.4573124976534172e-11, 0.974086788632808, -0.22617455252751956, -0.1399999999829773, 2.5161362504311983e-10, 0.22617455252751942, 0.9740867886328081, 4.566340361389365e-10, 0.0, 0.0, 0.0, 1.0]}, {"left_foot_pose": [0.9999227083559594, -0.012351893318492525, 0.0014170552324835899, 0.01212996546146608, 0.012432912521207025, 0.9934119125243459, -0.11392187999222228, -0.0145408000569727, -5.686403482803291e-07, 0.11393069290656847, 0.9934887000935174, 0.021163834725273056, 0.0, 0.0, 0.0, 1.0], "right_foot_pose": [0.9999999999999999, -1.49649637491183e-10, -4.784233009758046e-10, -2.0931674454508743e-11, 4.4938288138989674e-11, 0.9773188421732365, -0.211773182280393, -0.14000000017215783, 4.992636025356522e-10, 0.21177318228039288, 0.9773188421732365, 8.734657303000049e-10, 0.0, 0.0, 0.0, 1.0]}, {"left_foot_pose": [0.9999022657965217, -0.013940942689296906, 0.0010530773553900437, 0.013640107557687752, 0.013980660030630438, 0.9970632876100363, -0.0752950306818126, -0.016351087526233554, -3.0106254930415244e-07, 0.0753023944984545, 0.9971607440040494, 0.013996813258205135, 0.0, 0.0, 0.0, 1.0], "right_foot_pose": [1.0, -2.1691005052494877e-10, -7.655903133674246e-10, 1.0375539024401483e-11, 6.545638700305773e-11, 0.9812919507598504, -0.192525601866161, -0.14000000030712334, 7.930283098113966e-10, 0.19252560186616077, 0.9812919507598505, 1.4041495188799047e-09, 0.0, 0.0, 0.0, 1.0]}, {"left_foot_pose": [0.9998854243085071, -0.015126277298929174, 0.0005779190890352684, 0.014768673700632359, 0.015137313347728899, 0.9991567005604638, -0.038167387515281696, -0.017703956393447556, -1.0124285976959486e-07, 0.03817176260280481, 0.9992711926898452, 0.006287911149426784, 0.0, 0.0, 0.0, 1.0], "right_foot_pose": [0.9999999999999999, -2.640737902551892e-10, -1.0649272574880783e-09, 8.056947212760165e-11, 8.04948243011204e-11, 0.985645701645933, -0.1688269848895516, -0.14000000029671314, 1.0942236393531121e-09, 0.16882698488955145, 0.9856457016459328, 1.9773005802137256e-09, 0.0, 0.0, 0.0, 1.0]}, {"left_foot_pose": [0.9998753958105557, -0.015785687267833085, 7.021515413443477e-05, 0.015401462388892423, 0.015785843426491326, 0.9998655055541819, -0.004447240739555717, -0.01846250683138393, -2.9590670025057506e-09, 0.004447795000157257, 0.9999901085108982, 0.0009158366048351504, 0.0, 0.0, 0.0, 1.0], "right_foot_pose": [1.0, -2.686203964960516e-10, -1.295749729735006e-09, 1.9580120043512474e-10, 8.261559719918895e-11, 0.9899432387283151, -0.14146513385316617, -0.140000000079427, 1.3207190189568528e-09, 0.14146513385316603, 0.9899432387283152, 2.4542909163316473e-09, 0.0, 0.0, 0.0, 1.0]}, {"left_foot_pose": [0.9998738481117396, -0.015878312786462095, -0.00040871173003118315, 0.015496819845852279, 0.01588357208637274, 0.9995427763592424, 0.025728396099158734, -0.018576812265746895, 1.3366093436664398e-09, -0.02573164221563557, 0.999668886476361, 2.589295583499407e-09, 0.0, 0.0, 0.0, 1.0], "right_foot_pose": [0.9999999999999998, -2.2307578977497343e-10, -1.3473841486977266e-09, 2.643210992176321e-10, 7.029935289061454e-11, 0.9936698872596111, -0.11233946391839367, -0.1399999998990548, 1.3639150049994503e-09, 0.11233946391839351, 0.9936698872596111, 2.584683009287936e-09, 0.0, 0.0, 0.0, 1.0]}, {"left_foot_pose": [0.9998738481119832, -0.015859617578370924, -0.0008720045893708981, 0.015496819786557607, 0.015883572071044495, 0.99836591242673, 0.054892777690762326, -0.01857681235330435, 1.1955173583351959e-09, -0.05489970341095983, 0.9984918740607706, 2.2790222833912743e-09, 0.0, 0.0, 0.0, 1.0], "right_foot_pose": [0.9999999999999999, -1.4691962790872795e-10, -1.1973455560365658e-09, 2.0400223115957702e-10, 4.661844757199314e-11, 0.9965209394140836, -0.08334276998799885, -0.13999999997310206, 1.205424435903103e-09, 0.08334276998799872, 0.9965209394140836, 2.2879970695832696e-09, 0.0, 0.0, 0.0, 1.0]}, {"left_foot_pose": [0.9998738481120166, -0.01583139586820945, -0.0012863772901200202, 0.015496819737452929, 0.015883572068917766, 0.9965893508887634, 0.08097763786037253, -0.018576812377081794, 8.671185670708996e-10, -0.08098785464486757, 0.9967150883778287, 1.6347768763691484e-09, 0.0, 0.0, 0.0, 1.0], "right_foot_pose": [0.9999999998905025, 1.4771535358367502e-05, -8.923448012177676e-07, -2.433491280988077e-06, -1.4798391189134476e-05, 0.9983645265935949, -0.05716880111175103, -0.14001235984530486, 4.6414427934485296e-08, 0.05716880111869631, 0.9983645267028719, 3.740111604670637e-05, 0.0, 0.0, 0.0, 1.0]}, {"left_foot_pose": [0.9998738481118932, -0.01579997716207055, -0.0016274469558447456, 0.015496819876989464, 0.01588357207671021, 0.994611535957977, 0.10244805843645192, -0.018576812147721687, 5.328481854095993e-10, -0.10246098409147154, 0.9947370239108467, 1.0476031570005873e-09, 0.0, 0.0, 0.0, 1.0], "right_foot_pose": [0.9999988414574548, 0.0015215697774003277, -4.36939429999198e-05, -0.00025035103413951685, -0.0015221969972354908, 0.999590977901389, -0.028558007886511163, -0.14127148322684474, 2.230695085978922e-07, 0.02855804131163271, 0.9995921359616597, 0.003492991699719762, 0.0, 0.0, 0.0, 1.0]}, {"left_foot_pose": [0.9998738481117232, -0.015771175724592017, -0.0018862339514741696, 0.01549681987316899, 0.015883572087400984, 0.9927984776488074, 0.11873876753594687, -0.01857681215722442, 2.2738175921717462e-10, -0.11875374854915254, 0.9929237368526979, 5.560945107174753e-10, 0.0, 0.0, 0.0, 1.0], "right_foot_pose": [0.9999865523725042, 0.005185893317818165, 3.980764698677017e-05, -0.0008529441198677487, -0.005186046099074237, 0.9999572463028154, 0.007655748973749252, -0.14433191152633246, -1.0404761698853536e-07, -0.007655852466381375, 0.9999706935320664, 0.010538499684324208, 0.0, 0.0, 0.0, 1.0]}, {"left_foot_pose": [0.9998738481116027, -0.01575021244266525, -0.0020539402395223006, 0.01549681975160834, 0.015883572094986233, 0.9914788329826143, 0.1292959236980697, -0.018576812299714026, 5.4822104521233514e-12, -0.12931223668100647, 0.9916039256903718, 1.9346847041079585e-10, 0.0, 0.0, 0.0, 1.0], "right_foot_pose": [0.9999442969777675, 0.010540894651866198, 0.0005408156583880285, -0.0017359621785962521, -0.01055475915412423, 0.9986352244831642, 0.0511496381283215, -0.14881652795504424, -9.146194268234916e-07, -0.05115249711791287, 0.9986908540873727, 0.01829521060166816, 0.0, 0.0, 0.0, 1.0]}, {"left_foot_pose": [0.9998738481116074, -0.01574094623129114, -0.0021237877085472983, 0.015496819573891894, 0.015883572094695333, 0.9908955223970114, 0.1336928413605886, -0.01857681243771025, -9.644452279842436e-11, -0.133709709091369, 0.9910205415099641, 7.790663947293552e-12, 0.0, 0.0, 0.0, 1.0], "right_foot_pose": [0.9998524721688866, 0.01709309732140812, 0.0016911303102729047, -0.0028251496980277973, -0.017176550687970332, 0.9950063985405544, 0.09832208790408513, -0.15434821486318132, -2.0564620988820485e-06, -0.09833663044520065, 0.9951532078571895, 0.02388442029357879, 0.0, 0.0, 0.0, 1.0]}, {"left_foot_pose": [0.9998738481117712, -0.015745427274545337, -0.0020903067003542946, 0.015496819411300026, 0.01588357208437547, 0.9911776059300071, 0.13158520297016812, -0.018576812441914677, -5.2856590677933334e-11, -0.13160180478550418, 0.9913026606325633, 8.708719162475731e-11, 0.0, 0.0, 0.0, 1.0], "right_foot_pose": [0.9996973883569058, 0.024351737833877833, 0.0034820363081663024, -0.004046244516187318, -0.024599424833539767, 0.9896500195808956, 0.14137788738481002, -0.16054984444883225, -3.2000514559182115e-06, -0.1414207608804419, 0.9899495787067928, 0.025000004260269583, 0.0, 0.0, 0.0, 1.0]}, {"left_foot_pose": [0.9998738481120677, -0.01576308746150302, -0.0019526738714324757, 0.015496819263516636, 0.015883572065728126, 0.9922893207278141, 0.12292117843547895, -0.01857681244036448, 1.4293704394520805e-10, -0.1229366871329103, 0.9924145156923018, 4.3231123542097905e-10, 0.0, 0.0, 0.0, 1.0], "right_foot_pose": [0.9994759111775803, 0.03185630342266077, 0.005751426604705422, -0.005324994296084008, -0.03237132927522941, 0.983596724946332, 0.17745303523976153, -0.16704429050453504, -4.086638287511834e-06, -0.17754621541191132, 0.9841124637846055, 0.025000002959636725, 0.0, 0.0, 0.0, 1.0]}, {"left_foot_pose": [0.9998738481124333, -0.01579167365908321, -0.0017061371224521894, 0.01549681916305046, 0.01588357204269877, 0.9940888310128592, 0.1074016210057021, -0.018576812412473963, 5.082275525574779e-10, -0.10741517164038378, 0.9942142530166566, 1.0814994663710387e-09, 0.0, 0.0, 0.0, 1.0], "right_foot_pose": [0.999198061023977, 0.03919094358133616, 0.008203949483572368, -0.006587145792008474, -0.040040414901620344, 0.9780228438658336, 0.2046169153591489, -0.173454439207539, -4.520019227755722e-06, -0.20478131462072321, 0.9788077508692794, 0.02499255155775068, 0.0, 0.0, 0.0, 1.0]}, {"left_foot_pose": [0.9998738481127277, -0.015826707633986987, -0.0013428275077053456, 0.015496819263219047, 0.01588357202417521, 0.9962942297012741, 0.08453117770206829, -0.018576811938478568, 1.0619635605595586e-09, -0.08454184283190258, 0.9964199299545284, 2.1711328498930094e-09, 0.0, 0.0, 0.0, 1.0], "right_foot_pose": [0.9988875702345306, 0.04604557192485378, 0.010169923159432322, -0.00775843970546952, -0.047155296762681945, 0.9753998338654437, 0.21534052587120675, -0.17940316892204483, -4.263687796062381e-06, -0.21558054040515273, 0.976486062665742, 0.021837793518757545, 0.0, 0.0, 0.0, 1.0]}, {"left_foot_pose": [0.9998738481126775, -0.01586035938028182, -0.0008584058920827796, 0.015496819512371737, 0.015883572027326303, 0.998412613675018, 0.05403670043843009, -0.01857681147096378, 1.7816300252974504e-09, -0.05404351815850084, 0.998538581200072, 3.7201367403261187e-09, 0.0, 0.0, 0.0, 1.0], "right_foot_pose": [0.9985803969092839, 0.05211102477439242, 0.011028690106266205, -0.008764627855931432, -0.0532652879213364, 0.9769540567483145, 0.20669683138758632, -0.1845133560220131, -3.3398387099101504e-06, -0.20699085028081288, 0.9783428784883508, 0.014923779422496002, 0.0, 0.0, 0.0, 1.0]}, {"left_foot_pose": [0.9998738481120356, -0.015881549408189425, -0.0002534758885138525, 0.015496819846725154, 0.015883572067731597, 0.999746523957845, 0.01595618916207179, -0.018576811155072284, 2.6319048677960525e-09, -0.015958202361227084, 0.999872659780934, 5.625941518205835e-09, 0.0, 0.0, 0.0, 1.0], "right_foot_pose": [0.9983212041585477, 0.05694251877414715, 0.010598249057405564, -0.009531458982341453, -0.05792040506816054, 0.9814727175579814, 0.18263770521469821, -0.18840788805972328, -2.0413456731277332e-06, -0.1829449486731098, 0.9831231589942461, 0.007129214010594673, 0.0, 0.0, 0.0, 1.0]}, {"left_foot_pose": [0.999873848110373, -0.015876837549567605, 0.00046248716837285134, 0.015496820387846768, 0.015883572172413467, 0.9994498959528687, -0.029113873236728042, -0.018576811167284112, 3.4835082175032265e-09, 0.029117546414922334, 0.9995759943549946, 7.558049977540726e-09, 0.0, 0.0, 0.0, 1.0], "right_foot_pose": [0.9981578138332062, 0.06001788961405054, 0.008878716685951677, -0.009984676695575578, -0.06067106957363016, 0.9874134401309939, 0.1460606708373885, -0.19070964825028433, -7.109675516455493e-07, -0.14633028112783736, 0.9892357903071151, 0.00133280671328187, 0.0, 0.0, 0.0, 1.0]}, {"left_foot_pose": [0.9998738481061996, -0.015834096132409478, 0.001252706258898696, 0.015496822686271816, 0.015883572435112545, 0.9967592880742515, -0.07885831449131242, -0.01857681170512816, 3.5337092250280203e-09, 0.07886826381620037, 0.9968850470152609, 8.896302312877413e-09, 0.0, 0.0, 0.0, 1.0], "right_foot_pose": [0.9981239992379766, 0.06092635379150708, 0.00603834073733253, -0.010075932601242248, -0.06122484908260693, 0.9932577451504994, 0.09844069053677891, -0.1911731180574618, 3.633910674614692e-09, -0.09862571222667045, 0.9951245996797496, 8.475206175750927e-09, 0.0, 0.0, 0.0, 1.0]}, {"left_foot_pose": [0.9998738481039513, -0.015751802464773805, 0.002041714208465351, 0.015496824546322585, 0.01588357257666892, 0.9915788742292996, -0.12852644982398637, -0.018576812124191197, 2.5727979267964235e-09, 0.12854266568445932, 0.9917039795718953, 9.467101234894582e-09, 0.0, 0.0, 0.0, 1.0], "right_foot_pose": [0.9981239992376093, 0.06115564340027735, 0.00291022786370694, -0.010075930877397344, -0.061224849088589564, 0.9969957647379096, 0.04744431418779347, -0.19117311797827427, 2.7053012245173245e-09, -0.047533486879975106, 0.9988696449612587, 7.797817024035592e-09, 0.0, 0.0, 0.0, 1.0]}, {"left_foot_pose": [0.9998738481073154, -0.015638926049396124, 0.0027770241431761752, 0.01549682083857183, 0.01588357236487637, 0.9844732819006352, -0.17481438542844002, -0.018576811345879865, 3.173935973519418e-09, 0.1748364413267866, 0.98459749074644, 8.28969220351139e-09, 0.0, 0.0, 0.0, 1.0], "right_foot_pose": [0.9981239992485273, 0.061224759758996695, -0.00010448243376342852, -0.01007593417181121, -0.06122484891060008, 0.9981225459391021, -0.001703280340714494, -0.1911731169781451, 3.34313123354506e-09, 0.0017064819067361715, 0.9999985439586909, 6.717737824346592e-09, 0.0, 0.0, 0.0, 1.0]}, {"left_foot_pose": [0.9999114482864065, -0.01300210916356906, 0.0028356204049219376, 0.014758174451373979, 0.013307726163922349, 0.9768970877147564, -0.21329553309615962, -0.019537413955199125, 3.182489984953996e-06, 0.2133143810710553, 0.9769836103119366, 0.002844457197859529, 0.0, 0.0, 0.0, 1.0], "right_foot_pose": [0.9981239992532867, 0.06116173752753357, -0.002779204425395539, -0.010075934750236376, -0.06122484883301087, 0.9970951229240085, -0.04530820815846888, -0.1911731170609586, 2.442939476239916e-09, 0.04539336629695207, 0.9989691898633465, 4.792721081114948e-09, 0.0, 0.0, 0.0, 1.0]}, {"left_foot_pose": [0.9999814986525356, -0.005904119090936798, 0.0014641483497742078, 0.01268643859877033, 0.006082952337400771, 0.9703208655875816, -0.24174452526629894, -0.02223167447491854, 6.594772652441508e-06, 0.24174895901146562, 0.9703388278191194, 0.009617038383813059, 0.0, 0.0, 0.0, 1.0], "right_foot_pose": [0.9981239992547452, 0.06102074497394002, -0.004995077030315836, -0.010075935030662425, -0.06122484880923269, 0.9947965789465445, -0.08143269862001386, -0.19117311696109712, 1.6063009723421459e-09, 0.08158575365268603, 0.9966663257083203, 3.155405756127827e-09, 0.0, 0.0, 0.0, 1.0]}, {"left_foot_pose": [0.9999882801319997, 0.004674554519664236, -0.0012602137471036973, 0.009553910612408095, -0.004841436569298209, 0.9660271465173315, -0.25839526443711863, -0.026305472217530913, 9.517938882015005e-06, 0.25839833732364775, 0.9660384563658859, 0.017439494631865685, 0.0, 0.0, 0.0, 1.0], "right_foot_pose": [0.9981239992542753, 0.06085210112307278, -0.006745657978203724, -0.010075935107662855, -0.06122484881689431, 0.9920472456924445, -0.10997172455401207, -0.19117311672482523, 9.144207080589152e-10, 0.1101784194066259, 0.9939118250111815, 1.9224137559614718e-09, 0.0, 0.0, 0.0, 1.0]}, {"left_foot_pose": [0.9998286000826261, 0.017879877965915877, -0.004804208648795043, 0.0056329935325607665, -0.01851405762295175, 0.9657382044249275, -0.25885700721528043, -0.03140454842366375, 1.1276134538640421e-05, 0.2589015845413882, 0.9659037060674363, 0.023433119088277853, 0.0, 0.0, 0.0, 1.0], "right_foot_pose": [0.9981239992529928, 0.06069431503391248, -0.008042526827785309, -0.010075934996539155, -0.061224848837799925, 0.9894749216049977, -0.1311140625546023, -0.1911731164337066, 3.84363701437763e-10, 0.13136049496461175, 0.9913346661761872, 1.0759984361841113e-09, 0.0, 0.0, 0.0, 1.0]}, {"left_foot_pose": [0.9994224662417274, 0.03299546291104419, -0.008126093685805299, 0.0011960940345036133, -0.03398137494374966, 0.9705054989990041, -0.23867203977346754, -0.037174647091782205, 1.1324171206138817e-05, 0.23881033444970756, 0.9710662305073652, 0.025000007632249834, 0.0, 0.0, 0.0, 1.0], "right_foot_pose": [0.9981239992517327, 0.06057426766752812, -0.00890169726903537, -0.010075934767569138, -0.0612248488583425, 0.9875178367534618, -0.1451207772031157, -0.1911731162530279, 2.8130633398864156e-11, 0.14539353558637283, 0.9893739029354341, 5.871983732586017e-10, 0.0, 0.0, 0.0, 1.0]}, {"left_foot_pose": [0.9987347206521253, 0.04921675319895797, -0.010328067025100392, -0.003484365032358841, -0.050288742925906516, 0.9774855649398853, -0.20492196726824183, -0.04326149897948329, 9.942542681048039e-06, 0.20518206924267796, 0.9787238212909911, 0.025000009240803367, 0.0, 0.0, 0.0, 1.0], "right_foot_pose": [0.998123999250986, 0.060505407288244564, -0.009358301560730793, -0.01007593462242418, -0.0612248488705193, 0.9863952331393946, -0.15256461555898793, -0.1911731162587604, -1.5238528242329648e-10, 0.15285136482466652, 0.9882491893602731, 3.2509569342087374e-10, 0.0, 0.0, 0.0, 1.0]}, {"left_foot_pose": [0.9977876040408726, 0.06559129615298454, -0.010847999416809764, -0.008135981145692814, -0.06648230715323149, 0.9844336999415567, -0.1626972441529413, -0.04931084095539924, 7.61307834370176e-06, 0.1630584934566423, 0.9866164034991979, 0.025000009667416154, 0.0, 0.0, 0.0, 1.0], "right_foot_pose": [0.998123999250859, 0.06049256840933575, -0.009440936749739049, -0.010075934460077245, -0.061224848872583816, 0.9861859259618941, -0.15391178419864696, -0.19117311626298875, -1.8415047039072603e-10, 0.1542010655019069, 0.9880394887847735, 3.018491290252001e-10, 0.0, 0.0, 0.0, 1.0]}, {"left_foot_pose": [0.9966642276139921, 0.08113278224789808, -0.008825476719165937, -0.01248635156791994, -0.08161138017383775, 0.9908254664310641, -0.10772408132718889, -0.05496841963192155, 4.552653570214245e-06, 0.10808499764713253, 0.9941416565373841, 0.022459729109588107, 0.0, 0.0, 0.0, 1.0], "right_foot_pose": [0.9981239992510007, 0.06057590911651589, -0.008890520451357294, -0.010075934181526624, -0.061224848870278, 0.9875445965142347, -0.14493856552466922, -0.19117311651466556, 5.923641617222851e-11, 0.14521098143819836, 0.9894007129923422, 5.807177516636841e-10, 0.0, 0.0, 0.0, 1.0]}, {"left_foot_pose": [0.9955029607646575, 0.09458889837879587, -0.0051764285262933364, -0.016263048492019535, -0.09473043389108364, 0.9940166881335158, -0.054378015841741144, -0.05987995684271461, 1.8997255709547633e-06, 0.054623841091262504, 0.9985070034710966, 0.01583856550637682, 0.0, 0.0, 0.0, 1.0], "right_foot_pose": [0.998123999251967, 0.06067539837889824, -0.008184017889835195, -0.010075933976814373, -0.0612248488545226, 0.9891665305261079, -0.13342073590594225, -0.19117311674079404, 2.78752926866914e-10, 0.13367150376390727, 0.9910256954698479, 1.0975196099161089e-09, 0.0, 0.0, 0.0, 1.0]}, {"left_foot_pose": [0.9944828420717303, 0.1048965650927992, -0.0007664572176863287, -0.0191936721644738, -0.10489936522640499, 0.9944563082055501, -0.007264588445764407, -0.06369118548478114, 1.7784032415118413e-07, 0.007304909439633555, 0.9999733187930806, 0.007998179462716568, 0.0, 0.0, 0.0, 1.0], "right_foot_pose": [0.9981239992528541, 0.06080675088568037, -0.007142909926298186, -0.010075933909733934, -0.06122484884006155, 0.9913079181317189, -0.11644796835440786, -0.19117311688353048, 5.655707690902661e-10, 0.11666683545928706, 0.993171107868083, 1.6908279429350692e-09, 0.0, 0.0, 0.0, 1.0]}, {"left_foot_pose": [0.9938000717756863, 0.11113021375811287, 0.0033901222275534537, -0.021005819440266686, -0.11118191102201845, 0.9933380757203707, 0.03029933968989779, -0.06604784504352193, -3.653935069229905e-07, -0.03048840622643411, 0.9995351204863386, 0.0018172768590618213, 0.0, 0.0, 0.0, 1.0], "right_foot_pose": [0.9981239992531253, 0.06094767432360434, -0.005819201791580531, -0.010075934025334108, -0.06122484883564241, 0.9936053363579699, -0.09486808444370946, -0.19117311681471766, 8.390788225003919e-10, 0.09504639159647198, 0.9954728441522099, 2.179836672278057e-09, 0.0, 0.0, 0.0, 1.0]}, {"left_foot_pose": [0.993619732299651, 0.11259196382852896, 0.006548073457586966, -0.021467619196875256, -0.11278221306913006, 0.9919436217923265, 0.05768902495927528, -0.06664839836092883, 9.10236472267803e-10, -0.058059459752549024, 0.9983131267960186, 2.5816533563705057e-09, 0.0, 0.0, 0.0, 1.0], "right_foot_pose": [0.9981239992513697, 0.061071924817093136, -0.004324594499696873, -0.010075934668646647, -0.06122484886425996, 0.9956309413351999, -0.07050210307169788, -0.19117311670060652, 9.54384396540065e-10, 0.07063461371819836, 0.9975022563106719, 2.266344480139626e-09, 0.0, 0.0, 0.0, 1.0]}, {"left_foot_pose": [0.9936197322980626, 0.1123950613972871, 0.009336903203274472, -0.02146761996123107, -0.11278221308312397, 0.9902088965409241, 0.08225882094510652, -0.06664839880472415, 6.125696671208456e-10, -0.08278702425323933, 0.9965672624641525, 2.8094402429457155e-09, 0.0, 0.0, 0.0, 1.0], "right_foot_pose": [0.9981239992494595, 0.061161987960734715, -0.0027736890518849865, -0.010075935480057188, -0.06122484889540843, 0.9970992032845551, -0.04521832247042834, -0.1911731168986449, 6.492523875828027e-10, 0.045303311556619964, 0.9989732779018686, 2.1406774824983543e-09, 0.0, 0.0, 0.0, 1.0]}, {"left_foot_pose": [0.9936197322989949, 0.11214961001242577, 0.011928644522120516, -0.02146761887964952, -0.11278221307490925, 0.9880464513477829, 0.10509225657953818, -0.06664839834164663, 7.012504999973536e-10, -0.1057670787774468, 0.9943909316998452, 2.1011520301428277e-09, 0.0, 0.0, 0.0, 1.0], "right_foot_pose": [0.998123999250317, 0.061210671260845145, -0.0013175144588927483, -0.01007593441170622, -0.06122484888141934, 0.9978928674819967, -0.021478894478195936, -0.19117311670534526, 7.323820392392566e-10, 0.021519264679697118, 0.9997684338123731, 1.949234544607048e-09, 0.0, 0.0, 0.0, 1.0]}, {"left_foot_pose": [0.9936197322990246, 0.1118988724192103, 0.01408793587879283, -0.021467618655889985, -0.11278221307464939, 0.9858374345799368, 0.12411577254657793, -0.06664839792571924, 4.3212519760833134e-10, -0.12491274927788146, 0.99216773030967, 1.2669857593627931e-09, 0.0, 0.0, 0.0, 1.0], "right_foot_pose": [0.9979987181077903, 0.0632339326602312, 0.0001685690626064275, -0.010996427254539046, -0.06323415734558499, 0.9979951735167968, 0.0026598838268982188, -0.19185016630599333, -3.619609137334596e-08, -0.002665219972188659, 0.9999964482949419, 0.0022503011361273764, 0.0, 0.0, 0.0, 1.0]}, {"left_foot_pose": [0.9936197322999524, 0.11167565341714861, 0.01575994981033998, -0.021467618674537777, -0.11278221306647365, 0.9838708588396593, 0.13884633787731057, -0.06664839782296167, 1.518575180702e-10, -0.1397379030899089, 0.990188526716017, 6.965343440912264e-10, 0.0, 0.0, 0.0, 1.0], "right_foot_pose": [0.9975507531473329, 0.06990572541316727, 0.0023842083902107297, -0.014072249374440786, -0.0699463715599933, 0.9969715023317111, 0.0339901256844171, -0.19411254088052454, -8.834278063642211e-07, -0.03407364220200105, 0.9994193248613468, 0.00871010949911101, 0.0, 0.0, 0.0, 1.0]}, {"left_foot_pose": [0.9936197323008223, 0.11151425665332686, 0.016864108203484635, -0.021467618761794496, -0.11278221305881006, 0.9824489416358745, 0.14857405391288375, -0.06664839788545295, -7.608013747078878e-11, -0.14952808312021987, 0.9887574790404338, 3.368452530794208e-10, 0.0, 0.0, 0.0, 1.0], "right_foot_pose": [0.9967582598975495, 0.08024313583844392, 0.005831850205695638, -0.018890599915613978, -0.08045477810113089, 0.9941385454939623, 0.07221897980341954, -0.19765661279248148, -2.589674549368753e-06, -0.0724540648546512, 0.9973717503916638, 0.01655846394946637, 0.0, 0.0, 0.0, 1.0]}, {"left_foot_pose": [0.9936197323009544, 0.11144128892942848, 0.017339743479310415, -0.02146761890131321, -0.11278221305764739, 0.981806090714624, 0.1527644351722219, -0.06664839800013043, -2.0124777811808156e-10, -0.15374537182437825, 0.9881105002187686, 1.6127586766057078e-10, 0.0, 0.0, 0.0, 1.0], "right_foot_pose": [0.995590758780487, 0.0931790286979273, 0.010803223676521739, -0.025017131210040774, -0.09380320360539503, 0.9889720532803227, 0.11460906082796217, -0.20216290085062394, -4.925333485170913e-06, -0.1151170988229534, 0.9933519283387574, 0.022916658413780107, 0.0, 0.0, 0.0, 1.0]}, {"left_foot_pose": [0.9936197323004996, 0.11150322595168279, 0.016936888304866976, -0.021467619012682314, -0.1127822130616503, 0.982351760292683, 0.14921525212519138, -0.06664839806229671, -6.701422923315055e-11, -0.15017339861718537, 0.9886596736732841, 2.624996955913339e-10, 0.0, 0.0, 0.0, 1.0], "right_foot_pose": [0.9940379352591427, 0.1077449492851644, 0.016721518151104117, -0.03201749085500112, -0.10903477983528657, 0.9822890698040024, 0.15237978911213232, -0.20731191749823674, -7.211860388318849e-06, -0.1532945179943652, 0.9881805455992668, 0.025000007468115204, 0.0, 0.0, 0.0, 1.0]}, {"left_foot_pose": [0.9936197322981796, 0.11165016762648422, 0.01593949988779378, -0.021467619184598535, -0.11278221308209432, 0.9836463270105128, 0.14042818723829165, -0.0666483980924921, 1.2562554111507203e-10, -0.14132990988359734, 0.9899625531161749, 5.971042063568355e-10, 0.0, 0.0, 0.0, 1.0], "right_foot_pose": [0.9921322219270685, 0.1229903806294247, 0.023388469096685106, -0.03945730623063431, -0.12519446526086622, 0.9746789642829036, 0.18527617885862058, -0.2127841701983762, -9.061075932793765e-06, -0.1867465738829903, 0.9824081214347025, 0.0250000065570333, 0.0, 0.0, 0.0, 1.0]}, {"left_foot_pose": [0.9936197322952043, 0.1118852258359028, 0.014195909032409497, -0.021467619311138362, -0.11278221310830588, 0.9857172068024124, 0.12506702451103424, -0.06664839811770326, 4.82593484251187e-10, -0.12587010945137106, 0.992046730525685, 1.2224721027132013e-09, 0.0, 0.0, 0.0, 1.0], "right_foot_pose": [0.9899622511066227, 0.13807398716285246, 0.03017143438520368, -0.04690223081746466, -0.14133202497128466, 0.9671564843533482, 0.2112666407428953, -0.21826018208538023, -1.0070966018121227e-05, -0.21341018917152, 0.9769626866243928, 0.025000004765048323, 0.0, 0.0, 0.0, 1.0]}, {"left_foot_pose": [0.9936197322924527, 0.11217900453072426, 0.011648971695879605, -0.02146761914540288, -0.11278221313254846, 0.9883054184573923, 0.10262832088991708, -0.06664839777803422, 1.0275956423712111e-09, -0.10328732153684321, 0.9946515617087958, 2.221857926809623e-09, 0.0, 0.0, 0.0, 1.0], "right_foot_pose": [0.9876771948977693, 0.15240656007837944, 0.03558088143861677, -0.05391791364331547, -0.15650481968053953, 0.9618279281277572, 0.22448447182428388, -0.22342046