{"LoopMode": "Wrap", "FrameDuration": 0.0167, "EnableCycleOffsetPosition": true, "EnableCycleOffsetRotation": false, "Debug_info": [{"left_foot_pose": [1.0000000000000004, 1.0472406133169626e-13, -8.67234062340572e-12, 1.6277522889965328e-12, -2.0805689702987897e-14, 0.9999535531435652, 0.00963802653868105, -1.6080886622305002e-14, 8.672854942838484e-12, -0.00963802653868122, 0.9999535531435652, 1.838358631989223e-11, 0.0, 0.0, 0.0, 1.0], "right_foot_pose": [0.9999999999999998, -1.884731545442788e-13, -8.735845380414274e-12, 1.958311103852106e-12, 5.915846071547936e-14, 0.9998903575555707, -0.014807865051824465, -0.1400000000022726, 8.737604795925033e-12, 0.014807865051824316, 0.9998903575555705, 1.527507981213816e-11, 0.0, 0.0, 0.0, 1.0]}, {"left_foot_pose": [1.0000000000000004, 1.610306569601021e-13, -1.9372059512079438e-11, 3.197323278214928e-12, -3.227590585872845e-14, 0.999978026169711, 0.006629266756549354, 8.846569310438923e-13, 1.937243736160798e-11, -0.006629266756549527, 0.9999780261697111, 4.00249694498811e-11, 0.0, 0.0, 0.0, 1.0], "right_foot_pose": [0.9999999999999998, -5.113408666226313e-13, -1.948952110808477e-11, 4.129339761936642e-12, 1.6406244239565917e-13, 0.9998412488117613, -0.017817889171769866, -0.14000000000413793, 1.949541875369703e-11, 0.017817889171769716, 0.9998412488117613, 3.5162886491413303e-11, 0.0, 0.0, 0.0, 1.0]}, {"left_foot_pose": [1.0000000000000004, 8.202640943155323e-14, -3.404310167098857e-11, 5.1913467267416666e-12, 1.3373933539976643e-15, 0.9999970254548537, 0.0024390738909605665, 2.5193701291836845e-12, 3.404274423283725e-11, -0.00243907389096074, 0.9999970254548538, 6.958447013039049e-11, 0.0, 0.0, 0.0, 1.0], "right_foot_pose": [0.9999999999999998, -1.1158744898622428e-12, -3.4254488134877186e-11, 7.007167540216105e-12, 3.6169065519523983e-13, 0.9997577246627153, -0.0220111784607393, -0.1400000000062774, 3.427058667681721e-11, 0.022011178460739148, 0.9997577246627152, 6.272996705414258e-11, 0.0, 0.0, 0.0, 1.0]}, {"left_foot_pose": [1.0000000000000007, -2.819658337985837e-13, -5.2473581035883405e-11, 7.537393324552281e-12, 1.2960118510297758e-13, 0.9999957660762446, -0.0029099535366101377, 5.035052236257442e-12, 5.2473721134462626e-11, 0.002909953536609963, 0.9999957660762451, 1.0680772238869096e-10, 0.0, 0.0, 0.0, 1.0], "right_foot_pose": [1.0, -2.1462994031395163e-12, -5.284855886245053e-11, 1.0514511617732295e-11, 6.992811331169181e-13, 0.999625469442337, -0.02736641814683118, -0.14000000000847518, 5.288758208815923e-11, 0.027366418146831026, 0.999625469442337, 9.759359292926817e-11, 0.0, 0.0, 0.0, 1.0]}, {"left_foot_pose": [1.0000000000000007, -1.118475936023764e-12, -7.486034014902997e-11, 1.0207860166494486e-11, 4.1463595484159463e-13, 0.9999557641172421, -0.009405839074917002, 8.669667414529236e-12, 7.486720649269217e-11, 0.009405839074916827, 0.9999557641172422, 1.522988471447384e-10, 0.0, 0.0, 0.0, 1.0], "right_foot_pose": [1.0, -3.801451986698498e-12, -7.550537972633717e-11, 1.4645169758282428e-11, 1.2417226645878996e-12, 0.9994261366655377, -0.03387325419557549, -0.1400000000105222, 7.55906539464966e-11, 0.03387325419557535, 0.9994261366655377, 1.4015405502831868e-10, 0.0, 0.0, 0.0, 1.0]}, {"left_foot_pose": [1.0000000000000007, -2.676231125470527e-12, -1.018518047679606e-10, 1.3217680295081467e-11, 9.385736031825253e-13, 0.999854465319876, -0.017060134228828468, 1.3788418323779084e-11, 1.0188211778806364e-10, 0.017060134228828287, 0.9998544653198763, 2.0764119590399588e-10, 0.0, 0.0, 0.0, 1.0], "right_foot_pose": [1.0, -6.361175387006117e-12, -1.0292622310004159e-10, 1.9466512439477193e-11, 2.0796507401214456e-12, 0.9991366236623641, -0.04154524348913239, -0.1400000000121854, 1.031016693968413e-10, 0.04154524348913225, 0.9991366236623642, 1.9170462439710434e-10, 0.0, 0.0, 0.0, 1.0]}, {"left_foot_pose": [1.0000000000000004, -5.3040975876311665e-12, -1.3456125103061815e-10, 1.661677430204818e-11, 1.8159031757080068e-12, 0.9996642279055545, -0.02591199424962076, 2.0927414315363713e-11, 1.3465321436528596e-10, 0.025911994249620582, 0.9996642279055546, 2.7548165831836613e-10, 0.0, 0.0, 0.0, 1.0], "right_foot_pose": [1.0, -1.0228043506757505e-11, -1.3629780637458558e-10, 2.511359971017271e-11, 3.3424215334284473e-12, 0.9987279001175654, -0.05042401736036305, -0.1400000000131563, 1.3664009782682118e-10, 0.0504240173603629, 0.9987279001175655, 2.544787922054148e-10, 0.0, 0.0, 0.0, 1.0]}, {"left_foot_pose": [1.0000000000000004, -9.5050965687153e-12, -1.7455498158014378e-10, 2.0478660673712186e-11, 3.2102980269586306e-12, 0.9993507598383723, -0.036028583242596356, 3.0845683646196775e-11, 1.7478371445417331e-10, 0.036028583242596175, 0.9993507598383724, 3.5960966149328755e-10, 0.0, 0.0, 0.0, 1.0], "right_foot_pose": [0.9999999999999999, -1.5984874006917426e-11, -1.7729301360347441e-10, 3.1777402989023616e-11, 5.2152058426042314e-12, 0.9981633565470945, -0.060579812203717484, -0.14000000001297813, 1.7793583394779177e-10, 0.06057981220371734, 0.9981633565470945, 3.3167276564105563e-10, 0.0, 0.0, 0.0, 1.0]}, {"left_foot_pose": [1.0000000000000004, -1.600633694372242e-11, -2.238383367547667e-10, 2.488853129507042e-11, 5.355578766338568e-12, 0.9988710854658036, -0.047503206421969514, 4.458280272734427e-11, 2.2434568372904122e-10, 0.047503206421969334, 0.9988710854658036, 4.6508218803920087e-10, 0.0, 0.0, 0.0, 1.0], "right_foot_pose": [0.9999999999999997, -2.447024729760977e-11, -2.2806967425736944e-10, 3.969148405708787e-11, 7.960567283822543e-12, 0.9973967030168556, -0.07210975531165342, -0.14000000001095506, 2.2924030000753121e-10, 0.07210975531165327, 0.9973967030168555, 4.274854359387348e-10, 0.0, 0.0, 0.0, 1.0]}, {"left_foot_pose": [1.0000000000000004, -2.583648486146383e-11, -2.847360125457494e-10, 2.9920816671088585e-11, 8.577165603164203e-12, 0.9981712003139178, -0.060450433115682614, 6.349014196327385e-11, 2.857768400298367e-10, 0.06045043311568243, 0.9981712003139178, 5.9822313769331e-10, 0.0, 0.0, 0.0, 1.0], "right_foot_pose": [0.9999999999999998, -3.686130355452341e-11, -2.9116919986194014e-10, 4.910110295272151e-11, 1.1939407304566173e-11, 0.9963695836760598, -0.08513314704153464, -0.1400000000060434, 2.932500623982164e-10, 0.08513314704153449, 0.9963695836760597, 5.470100136739653e-10, 0.0, 0.0, 0.0, 1.0]}, {"left_foot_pose": [1.0000000000000004, -4.03639348639287e-11, -3.594052833122412e-10, 3.5579019041771765e-11, 1.3296952827706729e-11, 0.9971838969933272, -0.07499517035917742, 8.912692806006817e-11, 3.6142003274234703e-10, 0.07499517035917724, 0.9971838969933274, 7.659570061546717e-10, 0.0, 0.0, 0.0, 1.0], "right_foot_pose": [0.9999999999999999, -5.470605710934975e-11, -3.6903158306955644e-10, 6.017187676311901e-11, 1.7610895755115446e-11, 0.9950094590255046, -0.099780641658454, -0.1399999999967601, 3.7264836494886324e-10, 0.09978064165845386, 0.9950094590255046, 6.954732970076982e-10, 0.0, 0.0, 0.0, 1.0]}, {"left_foot_pose": [1.0000000000000002, -6.114981240859536e-11, -4.4847342506315504e-10, 4.1648224960896564e-11, 1.9972662900167335e-11, 0.995828178088671, -0.09124823135052451, 1.2276681754519458e-10, 4.5218170456227363e-10, 0.0912482313505243, 0.9958281780886712, 9.733561387448297e-10, 0.0, 0.0, 0.0, 1.0], "right_foot_pose": [0.9999999999999999, -7.973520494022774e-11, -4.62604898832097e-10, 7.276244199246962e-11, 2.5454737904027715e-11, 0.9932293768841594, -0.11616972451677966, -0.13999999998125143, 4.687353355097633e-10, 0.11616972451677951, 0.9932293768841597, 8.758448064027924e-10, 0.0, 0.0, 0.0, 1.0]}, {"left_foot_pose": [1.0000000000000004, -8.917967741363894e-11, -5.474908304492472e-10, 4.73025430401349e-11, 2.8832701306926398e-11, 0.9940142693369884, -0.10925031969955025, 1.6385537718321963e-10, 5.539561956401122e-10, 0.10925031969955006, 0.9940142693369886, 1.216168957207664e-09, 0.0, 0.0, 0.0, 1.0], "right_foot_pose": [0.9999999999999998, -1.1294150719214559e-10, -5.676307202051583e-10, 8.584702732654658e-11, 3.565760238815386e-11, 0.9909342089294392, -0.1343480315203261, -0.1399999999579498, 5.776578900335091e-10, 0.13434803152032596, 0.9909342089294391, 1.0820738333139346e-09, 0.0, 0.0, 0.0, 1.0]}, {"left_foot_pose": [1.0000000000000004, -1.222800536333758e-10, -6.38088581972338e-10, 5.008104359574532e-11, 3.904691510976887e-11, 0.9916647942109592, -0.12884461929990243, 2.0589836433049236e-10, 6.485248555971588e-10, 0.12884461929990224, 0.9916647942109592, 1.4598919503838736e-09, 0.0, 0.0, 0.0, 1.0], "right_foot_pose": [1.0000000000000002, -1.5152429135093669e-10, -6.652514650262722e-10, 9.607557103476035e-11, 4.7155255704472275e-11, 0.9880453046135548, -0.1541637961102021, -0.13999999992796752, 6.80658087332059e-10, 0.1541637961102019, 0.9880453046135548, 1.2810862717871352e-09, 0.0, 0.0, 0.0, 1.0]}, {"left_foot_pose": [1.0000000000000004, -1.4832179318904839e-10, -6.693377518907056e-10, 4.368894759580919e-11, 4.666742845960016e-11, 0.9887787979886151, -0.14938704310679204, 2.2765545351632888e-10, 6.839841409738013e-10, 0.14938704310679185, 0.9887787979886151, 1.5901191127709602e-09, 0.0, 0.0, 0.0, 1.0], "right_foot_pose": [0.9999999999999998, -1.809009123739934e-10, -7.019280712228227e-10, 9.47665868738815e-11, 5.529372549118171e-11, 0.9845737005459163, -0.17497036375718203, -0.13999999990150847, 7.227520700677562e-10, 0.17497036375718183, 0.9845737005459161, 1.3721318387061032e-09, 0.0, 0.0, 0.0, 1.0]}, {"left_foot_pose": [0.999999998827784, 4.7685154425809036e-05, -8.3999565103641e-06, 2.1046886897156242e-05, -4.841888070553392e-05, 0.985589137165537, -0.16915688090321776, -1.8627094528010646e-05, 2.126339009560629e-07, 0.1691568811116455, 0.985589138319075, 0.00016386124345843522, 0.0, 0.0, 0.0, 1.0], "right_foot_pose": [0.9999999999999997, -1.6565625676189467e-10, -5.789035917302945e-10, 5.1844793974293534e-11, 4.96072058258344e-11, 0.9808088038856706, -0.19497202419926896, -0.13999999997387594, 6.000917788532296e-10, 0.19497202419926882, 0.9808088038856706, 1.1098714169932578e-09, 0.0, 0.0, 0.0, 1.0]}, {"left_foot_pose": [0.9999990654127662, 0.0013427530617946745, -0.0002572699165044582, 0.0005943938917505922, -0.0013671767203565224, 0.982297487288456, -0.1873226555828261, -0.0005260429446552993, 1.1875232096957352e-06, 0.18732283224690394, 0.9822984050264915, 0.004191209273432819, 0.0, 0.0, 0.0, 1.0], "right_foot_pose": [1.0, -1.1953023255955664e-10, -3.820812000121514e-10, -4.192091591428121e-12, 3.5818046267333e-11, 0.9772728079804885, -0.21198551550030906, -0.14000000018112552, 3.9873601842041126e-10, 0.2119855155003088, 0.9772728079804884, 6.52232372277961e-10, 0.0, 0.0, 0.0, 1.0]}, {"left_foot_pose": [0.9999910102069944, 0.004151985299460487, -0.0008605366168410698, 0.0018435197753697648, -0.004240224136587433, 0.9792821694667538, -0.20245605217864032, -0.001631520754017502, 2.113612612844175e-06, 0.2024578810087713, 0.9792909712710378, 0.011469802724988716, 0.0, 0.0, 0.0, 1.0], "right_foot_pose": [0.9999999999999999, -6.306035953618634e-11, -1.822994533107188e-10, -1.5533307659985522e-11, 2.045415431189068e-11, 0.9743916259588776, -0.22485764221216734, -0.14000000020724995, 1.9181039383887237e-10, 0.2248576422121672, 0.9743916259588774, 3.09146860888454e-10, 0.0, 0.0, 0.0, 1.0]}, {"left_foot_pose": [0.9999652727665661, 0.008144897576022435, -0.001764625842376954, 0.0036233705695424114, -0.00833386181053619, 0.9773644760795028, -0.21139826783860502, -0.003206687124947906, 2.865372616847774e-06, 0.2114056327095277, 0.9773984133660516, 0.019120927045464517, 0.0, 0.0, 0.0, 1.0], "right_foot_pose": [0.9999999999999999, -1.6898097848040028e-11, -3.228645129027532e-11, -8.867593465558486e-12, 8.908789241004137e-12, 0.9724666285475874, -0.2330421772153891, -0.140000000120824, 3.533536566732777e-11, 0.233042177215389, 0.972466628547587, 9.088271801793724e-11, 0.0, 0.0, 0.0, 1.0]}, {"left_foot_pose": [0.9999113607556097, 0.013017692168103187, -0.00279469541849544, 0.005788895057109398, -0.013314301373418354, 0.977687604372032, -0.20964178408947018, -0.005123173642375679, 3.2868578094113416e-06, 0.2096604110171843, 0.977774264358243, 0.024265878250264723, 0.0, 0.0, 0.0, 1.0], "right_foot_pose": [0.9999999999999999, 5.1413740288196e-12, 4.0758674213492415e-11, 9.670441254917978e-12, 4.63245526630303e-12, 0.9716982852994382, -0.2362254058016025, -0.14000000003373783, -4.0819740009222146e-11, 0.23622540580160234, 0.971698285299438, 6.163902721567638e-12, 0.0, 0.0, 0.0, 1.0]}, {"left_foot_pose": [0.9998223664814597, 0.018488295473981686, -0.003663115324544063, 0.00819504030807566, -0.018847691443798414, 0.9807909471692149, -0.19414912433012532, -0.007252611777250884, 3.2639721191914428e-06, 0.19418367820540888, 0.9809651875107321, 0.02500000165805763, 0.0, 0.0, 0.0, 1.0], "right_foot_pose": [0.9999999999999998, -4.277305192903565e-12, 2.243139007873654e-11, 7.765795056224304e-11, 9.412517714883578e-12, 0.9721810659007882, -0.2342306024071295, -0.14000000003466795, -2.080560311080893e-11, 0.23423060240712945, 0.9721810659007886, 7.733980816881925e-11, 0.0, 0.0, 0.0, 1.0]}, {"left_foot_pose": [0.9996973690217853, 0.02423585455211423, -0.004218260903447181, 0.010696749276630021, -0.024600210618629503, 0.9849109920747011, -0.1713043120529893, -0.00946662417563815, 2.905140177802642e-06, 0.17135624016812923, 0.9852091346242193, 0.025000002376824072, 0.0, 0.0, 0.0, 1.0], "right_foot_pose": [1.0, -4.1001009706894795e-11, -7.866507445442017e-11, 1.9619704922965775e-10, 2.2036405167770932e-11, 0.9737959296974688, -0.22742358563843543, -0.14000000002751858, 8.592800574882794e-11, 0.22742358563843534, 0.9737959296974688, 2.8985451538954266e-10, 0.0, 0.0, 0.0, 1.0]}, {"left_foot_pose": [0.9995427231317662, 0.02992780292573378, -0.004321023764449306, 0.013148970145266345, -0.030238132036164437, 0.9892954479263057, -0.14275914010407306, -0.011636840051332673, 2.3017296688470312e-06, 0.14282451933869503, 0.9897480268585402, 0.024910271709922466, 0.0, 0.0, 0.0, 1.0], "right_foot_pose": [0.9999999999999999, -1.0295033295326655e-10, -2.696908252275415e-10, 3.0691739919261047e-10, 4.232628711547265e-11, 0.9764382742096394, -0.21579688750883644, -0.14000000004441243, 2.8555259423191233e-10, 0.21579688750883638, 0.9764382742096394, 6.58250967622287e-10, 0.0, 0.0, 0.0, 1.0]}, {"left_foot_pose": [0.9993722338979385, 0.035226840388112524, -0.003769327541535505, 0.01540664998258134, -0.0354279284115263, 0.9937043875928322, -0.10628476827477455, -0.013634892181262352, 1.5207485951708894e-06, 0.10635158576638712, 0.9943285876422657, 0.021163834740594564, 0.0, 0.0, 0.0, 1.0], "right_foot_pose": [0.9999999999999999, -1.875927929321229e-10, -5.719959506045303e-10, 3.3903815985188434e-10, 7.008215181026662e-11, 0.9800222708220244, -0.19888777914402572, -0.14000000026980836, 5.978785887273045e-10, 0.19888777914402567, 0.9800222708220243, 1.2033294291557972e-09, 0.0, 0.0, 0.0, 1.0]}, {"left_foot_pose": [0.999206217636879, 0.039749290500411386, -0.002632212095648362, 0.017324729776154194, -0.03983634816627298, 0.9970238303537547, -0.06600414435096662, -0.015332396839331465, 7.602778688770125e-07, 0.06605660914277746, 0.9978158769973453, 0.013996813440250888, 0.0, 0.0, 0.0, 1.0], "right_foot_pose": [1.0, -2.6786577879367014e-10, -9.436030845577633e-10, 3.686284990639083e-10, 9.69584501985013e-11, 0.9842723915800462, -0.17665746282933015, -0.1400000004343028, 9.760826658157816e-10, 0.17665746282933006, 0.9842723915800464, 1.908766186775601e-09, 0.0, 0.0, 0.0, 1.0]}, {"left_foot_pose": [0.9990694520735647, 0.043115126405992694, -0.0011470869292899244, 0.018758158094562917, -0.043130382949673196, 0.998716177695241, -0.026566265759861703, -0.016600980141763318, 2.0636713270385435e-07, 0.0265910188748824, 0.9996463963398029, 0.006287911602035595, 0.0, 0.0, 0.0, 1.0], "right_foot_pose": [0.9999999999999998, -3.1943843223661285e-10, -1.3463393178092514e-09, 3.730724489214492e-10, 1.1465654919672257e-10, 0.9887710158718614, -0.14943854312635355, -0.14000000043277064, 1.3789576244958512e-09, 0.14943854312635343, 0.9887710158718616, 2.7040548480905535e-09, 0.0, 0.0, 0.0, 1.0]}, {"left_foot_pose": [0.9989880156976689, 0.044974661158621324, 0.00047365187847600804, 0.019561883417802024, -0.0449771552283361, 0.998932626971594, 0.01051961402321141, -0.017312271383546747, -3.023902294649045e-08, -0.010530271853015919, 0.999944555150285, 0.0009158374695848667, 0.0, 0.0, 0.0, 1.0], "right_foot_pose": [0.9999999999999998, -3.1407900388471437e-10, -1.6905530308974889e-09, 3.513095117245543e-10, 1.1247989775417494e-10, 0.9930191200890811, -0.11795349565615802, -0.14000000018073003, 1.715797973343672e-09, 0.11795349565615788, 0.993019120089081, 3.438886099493832e-09, 0.0, 0.0, 0.0, 1.0]}, {"left_foot_pose": [0.9989754478033924, 0.045207557046811946, 0.0020812188427863617, 0.019683000418603894, -0.045255438192689, 0.9979185101766808, 0.045941183710722235, -0.017419454823012822, 1.8764551980080437e-09, -0.04598830104074199, 0.9989419783788183, 3.6968753405752786e-09, 0.0, 0.0, 0.0, 1.0], "right_foot_pose": [1.0, -2.3634627267759646e-10, -1.8371118515325678e-09, 2.998207961593891e-10, 8.163602466009724e-11, 0.9964858082345236, -0.0837617692458106, -0.1399999999652048, 1.8504526931647293e-09, 0.08376176924581047, 0.9964858082345237, 3.801259557123515e-09, 0.0, 0.0, 0.0, 1.0]}, {"left_foot_pose": [0.9989754478021652, 0.04510704869799641, 0.003661809145936805, 0.019683000325348855, -0.04525543821978365, 0.9956998716555081, 0.08083137322067957, -0.017419454940947272, 1.7915546510444513e-09, -0.08091427403716897, 0.996721064419248, 3.502405580835255e-09, 0.0, 0.0, 0.0, 1.0], "right_foot_pose": [1.0, -1.3415206289628552e-10, -1.736194799040191e-09, 1.917267068151966e-10, 4.853073164977413e-11, 0.9987878681306241, -0.04922189020225481, -0.14000000006883162, 1.7406933647800968e-09, 0.04922189020225464, 0.9987878681306243, 3.651287827644012e-09, 0.0, 0.0, 0.0, 1.0]}, {"left_foot_pose": [0.998975447801887, 0.044963490084769644, 0.0051321777460617, 0.019683000222257625, -0.045255438225922845, 0.9925309363537169, 0.11328850644171427, -0.01741945497034325, 1.452277719591046e-09, -0.11340469540636995, 0.9935488790491337, 2.8395593931751506e-09, 0.0, 0.0, 0.0, 1.0], "right_foot_pose": [0.999999999994372, 3.354427385022588e-06, -6.095986143652016e-08, 6.223369930284291e-06, -3.3549783689440482e-06, 0.9998578650556721, -0.01685970566342285, -0.14000000376439956, 4.396538359384814e-09, 0.016859705663532336, 0.9998578650612993, 3.7402085960182296e-05, 0.0, 0.0, 0.0, 1.0]}, {"left_foot_pose": [0.9989754478024041, 0.04480023073622864, 0.006402656789780834, 0.019683000252087822, -0.0452554382145066, 0.9889271251746148, 0.1413332459327445, -0.017419454652348544, 1.0558891835279704e-09, -0.14147819768378944, 0.9899413717893337, 2.01471071770154e-09, 0.0, 0.0, 0.0, 1.0], "right_foot_pose": [0.999999940446573, 0.00034509622749881984, 3.92992780540003e-06, 0.0006401473026265178, -0.00034511860308425587, 0.9999357388929226, 0.011331327275067488, -0.14000044843020293, -1.927696880246355e-08, -0.011331327956539466, 0.9999357984424506, 0.003492990316824922, 0.0, 0.0, 0.0, 1.0]}, {"left_foot_pose": [0.9989754478033029, 0.04463918917455304, 0.007442948073855849, 0.019683000222154728, -0.04525543819467025, 0.985372270424123, 0.16429678631372605, -0.017419454604969548, 6.828450802713816e-10, -0.1644652895569406, 0.9863828711666444, 1.290227251427023e-09, 0.0, 0.0, 0.0, 1.0], "right_foot_pose": [0.9999993087371453, 0.0011750340491454556, 4.2663974598227453e-05, 0.002180951733244075, -0.0011758083258831611, 0.9993441979028193, 0.03619104299065898, -0.1400015396519086, -1.1028768634946864e-07, -0.03619106813779198, 0.9993448887081142, 0.010538497766414107, 0.0, 0.0, 0.0, 1.0]}, {"left_foot_pose": [0.9989754478042624, 0.044498839833826236, 0.008240627264813597, 0.019683000139135657, -0.04525543817348461, 0.9822741790972728, 0.18190487182729667, -0.017419454733496334, 3.74643717356953e-10, -0.18209143398914424, 0.9832816024251537, 7.180922106941878e-10, 0.0, 0.0, 0.0, 1.0], "right_foot_pose": [0.9999971366225835, 0.0023890573916902176, 0.0001383886286183545, 0.004438770349897776, -0.0023930621761229795, 0.9983292770408494, 0.05773151527992245, -0.1400031425727631, -2.335162463679431e-07, -0.05773168114539832, 0.9983321356102243, 0.018295208526719453, 0.0, 0.0, 0.0, 1.0]}, {"left_foot_pose": [0.9989754478050609, 0.04439365958848017, 0.008789634293957942, 0.019683000024357744, -0.04525543815586533, 0.9799524155607061, 0.19402373193519162, -0.01741945491507049, 1.4935808367365724e-10, -0.19422272324597006, 0.9809574576784258, 3.29041897895177e-10, 0.0, 0.0, 0.0, 1.0], "right_foot_pose": [0.9999924163504428, 0.003883777631558382, 0.00028898600587565465, 0.007223742837476627, -0.0038945142803439, 0.9972422516963028, 0.07411291513770346, -0.14000512142851457, -3.5097318692967916e-07, -0.07411347855145425, 0.9972498143879899, 0.023884417762891838, 0.0, 0.0, 0.0, 1.0]}, {"left_foot_pose": [0.9989754478055217, 0.044333853572186735, 0.009086479472170823, 0.019682999962028942, -0.04525543814568863, 0.9786322491805561, 0.20057633504989705, -0.01741945497957996, 2.5164362773088407e-11, -0.20078204673537628, 0.9796359373301666, 1.4102117390502045e-10, 0.0, 0.0, 0.0, 1.0], "right_foot_pose": [0.9999844439789499, 0.005558746477848238, 0.00046058409146328524, 0.01034600983858628, -0.0055777952572477075, 0.9965756373347747, 0.08249780161225839, -0.14000733752327257, -4.2252035409427187e-07, -0.08249908731848105, 0.996591140132923, 0.025000001547028486, 0.0, 0.0, 0.0, 1.0]}, {"left_foot_pose": [0.9989754478056053, 0.04432059439289318, 0.009150934064458533, 0.019682999995932197, -0.04525543814384514, 0.9783395641898329, 0.20199911499622197, -0.017419454968088034, -1.0814347823606817e-12, -0.20220628589019937, 0.9793429521605249, 8.935405887422476e-11, 0.0, 0.0, 0.0, 1.0], "right_foot_pose": [0.9999730578991878, 0.007314499743475981, 0.0006177129190671522, 0.013615699111712922, -0.007340536462424806, 0.9964311889646049, 0.08408925129306015, -0.14000965639912297, -4.3761137276730704e-07, -0.08409152009618044, 0.9964580353671307, 0.025000001613580715, 0.0, 0.0, 0.0, 1.0]}, {"left_foot_pose": [0.9989754478053444, 0.04435345316827459, 0.00899032113785923, 0.019683000039335978, -0.045255438149598495, 0.9790648934255836, 0.19845372200953904, -0.017419454967527902, 5.851981353354119e-11, -0.19865725673531612, 0.9800690252968918, 2.0143314793941158e-10, 0.0, 0.0, 0.0, 1.0], "right_foot_pose": [0.9999587725661117, 0.00905154993585346, 0.0007229189677171906, 0.016842948441782225, -0.00908037267505632, 0.9967881978106672, 0.07956654785425973, -0.1400119451345203, -3.965138676558261e-07, -0.07956983190330925, 0.9968292942378457, 0.0249925515987768, 0.0, 0.0, 0.0, 1.0]}, {"left_foot_pose": [0.9989754478047019, 0.044432522911476986, 0.008591018048951108, 0.019683000006475115, -0.045255438163786514, 0.9808102900305722, 0.18963944812920414, -0.017419454814563536, 2.1967071661079133e-10, -0.18983394290238664, 0.9818162119878315, 5.112246251326447e-10, 0.0, 0.0, 0.0, 1.0], "right_foot_pose": [0.9999428074434138, 0.010670686203086603, 0.0007199292598741632, 0.019837898930492183, -0.010694944698036552, 0.9976766029052659, 0.06728308980207261, -0.1400140658063761, -2.9984027145883753e-07, -0.06728694131377282, 0.9977336656285317, 0.02183779384223928, 0.0, 0.0, 0.0, 1.0]}, {"left_foot_pose": [0.9989754478038546, 0.04455145544016362, 0.007951257966651503, 0.019683000027991244, -0.04525543818248915, 0.9834356235563659, 0.17551729155616877, -0.017419454673603015, 4.5725125766202443e-10, -0.17569730259302632, 0.9844442380660956, 9.605604298079662e-10, 0.0, 0.0, 0.0, 1.0], "right_foot_pose": [0.99992701115152, 0.012067757276127153, 0.0005844689147587438, 0.02241067336443082, -0.012081902563632205, 0.9987570152353552, 0.04835754489847112, -0.14001588744532353, -1.7531449835206693e-07, -0.0483610768334334, 0.9988299185784735, 0.014923780466875924, 0.0, 0.0, 0.0, 1.0]}, {"left_foot_pose": [0.9989754478029469, 0.044696870469866624, 0.007088332462746624, 0.019683000162861588, -0.04525543820252365, 0.9866455359482275, 0.15646894805850003, -0.017419454638962852, 7.22241145040484e-10, -0.15662942304572292, 0.9876574425560541, 1.4801396150398993e-09, 0.0, 0.0, 0.0, 1.0], "right_foot_pose": [0.9999136808789018, 0.013134547789210558, 0.0003382980621307285, 0.02437140937243753, -0.013138903729071673, 0.9995823047458174, 0.025740731299593925, -0.1400172779044042, -6.389125199379067e-08, -0.025742954247961938, 0.9996685952387339, 0.0071292152505636475, 0.0, 0.0, 0.0, 1.0]}, {"left_foot_pose": [0.9989754478025668, 0.044850944011018155, 0.006037177236292018, 0.019683000199819695, -0.04525543821091407, 0.9900465782410279, 0.133265592804636, -0.01741945482883976, 9.764501422755057e-10, -0.1334022703500712, 0.9910619729691214, 2.0004609219137492e-09, 0.0, 0.0, 0.0, 1.0], "right_foot_pose": [0.9999052770510459, 0.013763601156655954, 1.444544608167217e-05, 0.02553024676397342, -0.013763608737188503, 0.999904726339182, 0.0010494375135888026, -0.14001810280091062, -3.043544255603284e-11, -0.0010495369292408277, 0.9999994492359652, 0.0013328055800376215, 0.0, 0.0, 0.0, 1.0]}, {"left_foot_pose": [0.9989754478032653, 0.04499193738999431, 0.004876500401029795, 0.019682999863529848, -0.04525543819549628, 0.9931588882907519, 0.10764463722272408, -0.01741945518047306, 1.0612571712583337e-09, -0.10775503783570003, 0.9941774750118952, 2.313947145005102e-09, 0.0, 0.0, 0.0, 1.0], "right_foot_pose": [0.9999035377180083, 0.013885006254068652, -0.0003490849975448517, 0.025763581267619826, -0.013889393759665447, 0.9995876812036024, -0.02513070486465244, -0.14001827202321365, 1.0690238457565644e-09, 0.025133129278499484, 0.999684113014041, 2.152885758555101e-09, 0.0, 0.0, 0.0, 1.0]}, {"left_foot_pose": [0.9989754478040698, 0.045103199400309935, 0.00370892012795806, 0.019682999443512997, -0.04525543817774461, 0.9956149042095611, 0.08187128819755976, -0.017419455262332538, 8.788165888370389e-10, -0.08195525559501038, 0.996636009825231, 2.2085340431465816e-09, 0.0, 0.0, 0.0, 1.0], "right_foot_pose": [0.9999035377181507, 0.013871026023424536, -0.0007140698733696096, 0.025763580856604174, -0.013889393749425218, 0.9985812404010765, -0.05140613835254402, -0.14001827201048442, 8.970304695807236e-10, 0.05141109759677316, 0.9986775751181635, 1.9296286860037704e-09, 0.0, 0.0, 0.0, 1.0]}, {"left_foot_pose": [0.9989754478046838, 0.0451773957542578, 0.0026566136894834664, 0.019683000061264628, -0.04525543816418037, 0.9972527268674193, 0.05864251079264065, -0.01741945499641632, 6.720315100806705e-10, -0.0587026546960199, 0.9982755122367979, 1.558201276341542e-09, 0.0, 0.0, 0.0, 1.0], "right_foot_pose": [0.9999035377181887, 0.013850327910427602, -0.0010409973218792592, 0.025763581499266986, -0.01388939374668768, 0.997091174789304, -0.07494180341194906, -0.14001827185531876, 6.911706559919334e-10, 0.07494903317628157, 0.9971873657572788, 1.4714175919361416e-09, 0.0, 0.0, 0.0, 1.0]}, {"left_foot_pose": [0.9990745575238139, 0.04299074514915872, 0.001350681352648826, 0.02045778459064828, -0.04301195773772489, 0.9985815389121921, 0.031382823890262396, -0.01600038182552886, 4.0552021892380853e-07, -0.03141187634126911, 0.9995065252536159, 0.0028444599889249703, 0.0, 0.0, 0.0, 1.0], "right_foot_pose": [0.9999035377181464, 0.013827793104328027, -0.0013066738686796334, 0.025763581806504555, -0.013889393749735426, 0.9954688830018056, -0.0940679951758422, -0.14001827200864728, 4.0147152897443904e-10, 0.0940770700702426, 0.9955649174649528, 1.0381467768771913e-09, 0.0, 0.0, 0.0, 1.0]}, {"left_foot_pose": [0.9993256528782835, 0.03671694093513905, -0.0003251888048114547, 0.022630879034878697, -0.03671838094671353, 0.9992864102448292, -0.008856116567423652, -0.01202018135447488, -2.1275550945469988e-07, 0.008862084877121316, 0.9999607309547643, 0.0096170415016276, 0.0, 0.0, 0.0, 1.0], "right_foot_pose": [0.9999035377180395, 0.013807608374333568, -0.001505061437244905, 0.025763581895776697, -0.013889393757426772, 0.9940157730861303, -0.1083500235211497, -0.14001827193716296, 1.1595500725325486e-10, 0.10836047622156124, 0.9941116673659133, 6.602730584504002e-10, 0.0, 0.0, 0.0, 1.0]}, {"left_foot_pose": [0.9996300233501936, 0.027148588075326233, -0.001664506656045578, 0.025916664933172823, -0.027199566412756514, 0.997752063634365, -0.061245433301797464, -0.006001986288028706, -1.962089202998771e-06, 0.061268047780903924, 0.9981213484928914, 0.017439497527224887, 0.0, 0.0, 0.0, 1.0], "right_foot_pose": [0.9999035377179588, 0.013793913488750783, -0.001625795120742813, 0.025763581769199538, -0.013889393763219834, 0.993029870158665, -0.11704170929013075, -0.1400182717426545, -9.486787522786492e-11, 0.11705300048836882, 0.9931256693272358, 3.8678522884527666e-10, 0.0, 0.0, 0.0, 1.0]}, {"left_foot_pose": [0.9998832292339681, 0.015169678878835106, -0.0018462771638568854, 0.03002941380215582, -0.015281618880740913, 0.9925225934631045, -0.12110067543023038, 0.0015308565210954746, -4.586559363817208e-06, 0.12111474851555945, 0.9926385130907313, 0.023433123153481977, 0.0, 0.0, 0.0, 1.0], "right_foot_pose": [0.9999035377179863, 0.013789661240834323, -0.0016614758254195005, 0.025763581461173794, -0.013889393761263292, 0.9927237483469339, -0.11961038503808173, -0.1400182715739519, -1.8136277164353334e-10, 0.11962192403935237, 0.9928195179835676, 2.8751845349006544e-10, 0.0, 0.0, 0.0, 1.0]}, {"left_foot_pose": [0.9999983930769993, 0.0017654100095527198, -0.0003117225014021887, 0.0346833906487177, -0.0017927044866938482, 0.9840435108973774, -0.17791895590798423, 0.010054988890668413, -7.3514009438210606e-06, 0.17791922883224834, 0.984045094473671, 0.025000013325087743, 0.0, 0.0, 0.0, 1.0], "right_foot_pose": [0.9999035377181655, 0.013796221292733779, -0.0016060936271716437, 0.025763581105783407, -0.013889393748372192, 0.9931960109287253, -0.11562339130370627, -0.1400182715539291, -1.0935741023449158e-10, 0.11563454567433207, 0.9932918261249768, 4.608374098991064e-10, 0.0, 0.0, 0.0, 1.0]}, {"left_foot_pose": [0.9999226571924158, -0.012111744577861067, 0.00282582316154861, 0.0395928415161815, 0.01243702300766562, 0.9739452554364221, -0.22644195695937264, 0.01904704865705916, -9.58991648987369e-06, 0.22645958813034195, 0.9740205618219107, 0.025000012057148878, 0.0, 0.0, 0.0, 1.0], "right_foot_pose": [0.9999035377184753, 0.01381279553898926, -0.001456687157700717, 0.02576358090304315, -0.013889393726053325, 0.9943892017169874, -0.10486753668593268, -0.14001827151835733, 1.3697704507893358e-10, 0.10487765342555495, 0.994485132021565, 9.311984516813254e-10, 0.0, 0.0, 0.0, 1.0]}, {"left_foot_pose": [0.99964678193843, -0.0256264695223429, 0.007042401576308324, 0.04447203711875087, 0.026576516755817053, 0.9640196015914098, -0.2644993317660146, 0.027983694467455283, -1.0829097657670444e-05, 0.2645930683282554, 0.9643601547530727, 0.0250000090487335, 0.0, 0.0, 0.0, 1.0], "right_foot_pose": [0.9999035377188414, 0.013836828870755, -0.001207238231015557, 0.025763580724978228, -0.013889393699689782, 0.9961193763241235, -0.08690956710451579, -0.1400182714975076, 5.864970626655644e-10, 0.08691795141649816, 0.9962154735405183, 1.7582135261595688e-09, 0.0, 0.0, 0.0, 1.0]}, {"left_foot_pose": [0.9992078526847339, -0.038226960523684725, 0.01106194477859819, 0.04903524589013444, 0.039795314140532397, 0.9599002841403211, -0.27750275220218623, 0.036341575252176496, -1.027718247420594e-05, 0.2777231427095195, 0.9606611556099935, 0.022459728907475808, 0.0, 0.0, 0.0, 1.0], "right_foot_pose": [0.9999035377189553, 0.013868882442255521, -0.0007545574332836908, 0.025763580539012836, -0.013889393691490759, 0.9984269295666747, -0.05432081607399843, -0.14001827201910885, 1.4489973046088337e-09, 0.0543260565094253, 0.9985232493958941, 3.341617281493736e-09, 0.0, 0.0, 0.0, 1.0]}, {"left_foot_pose": [0.9986850722824732, -0.049317597144407886, 0.013996464269748609, 0.052996718463942105, 0.051265254612071154, 0.9607877047468002, -0.272504789089909, 0.04359733486945289, -8.349372044462984e-06, 0.272863997294033, 0.9620526175376328, 0.01583856437701872, 0.0, 0.0, 0.0, 1.0], "right_foot_pose": [0.9999035377186112, 0.013886977678960903, -0.0002590535653389635, 0.025763580427705022, -0.0138893937162738, 0.999729609329765, -0.018649208335732338, -0.14001827255876714, 2.379783281221985e-09, 0.018651007487512628, 0.9998260548313893, 5.366915932503158e-09, 0.0, 0.0, 0.0, 1.0]}, {"left_foot_pose": [0.9981886919406087, -0.05825836007650849, 0.01500995546608411, 0.056070725554345294, 0.06016091133387425, 0.9666440673033035, -0.24895765080592577, 0.04922763230953087, -5.419937323953087e-06, 0.24940972440649395, 0.9683980531486536, 0.007998176431251704, 0.0, 0.0, 0.0, 1.0], "right_foot_pose": [0.9999035377173643, 0.013884890946899691, 0.00035364345390075677, 0.02576358050873946, -0.013889393806058274, 0.9995793684892661, 0.025459199325590886, -0.140018273054923, 3.5059106931651e-09, -0.025461655366308157, 0.9996757995000218, 8.010098445643266e-09, 0.0, 0.0, 0.0, 1.0]}, {"left_foot_pose": [0.9978421149233699, -0.06417762902463203, 0.013868872269720105, 0.05797153392538536, 0.06565907157734406, 0.9753352437520398, -0.21073691801568953, 0.05270912102642306, -2.2041695483246585e-06, 0.21119278924226273, 0.9774444259226283, 0.001817275894065211, 0.0, 0.0, 0.0, 1.0], "right_foot_pose": [0.9999035377149532, 0.013847766211669449, 0.001074539933139326, 0.025763580800910152, -0.013889393979614131, 0.9969067104051186, 0.0773569355916095, -0.14001827336574033, 4.6889788115448015e-09, -0.07736439827331644, 0.9970028835865058, 1.1056194307301759e-08, 0.0, 0.0, 0.0, 1.0]}, {"left_foot_pose": [0.9977489582524579, -0.06619794923637178, 0.01071670765834879, 0.058455928372738025, 0.06705979649637916, 0.9849259549857915, -0.15944857129868506, 0.05359632939269797, 4.903939408190401e-09, 0.15980830614278557, 0.9871480665471489, 1.4028019267031677e-08, 0.0, 0.0, 0.0, 1.0], "right_foot_pose": [0.9999035377104852, 0.013762850576400658, 0.001870619701381807, 0.025763582799299464, -0.013889394301246622, 0.9907935496616128, 0.13466709573940217, -0.14001827376967704, 5.182220068067477e-09, -0.1346800872176453, 0.9908891331057411, 1.3219541079856345e-08, 0.0, 0.0, 0.0, 1.0]}, {"left_foot_pose": [0.9977489582511092, -0.06670453264501389, 0.006893593651887284, 0.05845593129473741, 0.06705979651644564, 0.9924631602383187, -0.10256636515419172, 0.053596328304657034, 3.7115570896472145e-09, 0.10279776697176007, 0.9947022766162854, 1.3321262398724443e-08, 0.0, 0.0, 0.0, 1.0], "right_foot_pose": [0.9999035377067471, 0.01363120035431384, 0.002665644093359631, 0.025763586013566292, -0.013889394570386857, 0.9813159697474889, 0.1919011522555627, -0.1400182743721307, 3.936142191820602e-09, -0.19191966521293535, 0.9814106388788305, 1.3958923218704289e-08, 0.0, 0.0, 0.0, 1.0]}, {"left_foot_pose": [0.9977489582660182, -0.06698679936471401, 0.003128096857267162, 0.0584559270641808, 0.0670597962946274, 0.9966628706465991, -0.04654144384744173, 0.053596328867683535, 4.367727812557588e-09, 0.04664644665301936, 0.9989114620498898, 1.0484577976643816e-08, 0.0, 0.0, 0.0, 1.0], "right_foot_pose": [0.999903537710828, 0.013465836816894058, 0.0034038966187802853, 0.025763582731844637, -0.013889394276588928, 0.9694113725285761, 0.24504831266281293, -0.14001827301354644, 4.497415569732731e-09, -0.24507195280383087, 0.9695048932052468, 1.4462524448866088e-08, 0.0, 0.0, 0.0, 1.0]}, {"left_foot_pose": [0.9977489582771336, -0.06705918163521422, -0.0002870806697969413, 0.05845592539785905, 0.06705979612924319, 0.9977398157423636, 0.004271279140920544, 0.05359632923331568, 3.3308604335499733e-09, -0.004280915884553731, 0.9999908368376135, 7.609822286203105e-09, 0.0, 0.0, 0.0, 1.0], "right_foot_pose": [0.9999263790805408, 0.0116193554441458, 0.003496712447477039, 0.02658324605559861, -0.012134101023517193, 0.9574284455756659, 0.28841555990430773, -0.13888644519337073, 3.35094293745894e-06, -0.28843675594768947, 0.9574989492459739, 0.002250299433445929, 0.0, 0.0, 0.0, 1.0]}, {"left_foot_pose": [0.9977489582812615, -0.06698560821647095, -0.0031534965558648936, 0.05845592480601303, 0.06705979606782615, 0.9966451561619764, 0.04691925457860853, 0.053596329149734716, 2.262364603182752e-09, -0.04702511021507702, 0.9988937075631525, 5.128550722988123e-09, 0.0, 0.0, 0.0, 1.0], "right_foot_pose": [0.9999803484831349, 0.005947535067055273, 0.001982290133627533, 0.02932215212063206, -0.00626917822065299, 0.9483109767844348, 0.31728061509425565, -0.13510445897876872, 7.2100914793122e-06, -0.3172868073790302, 0.9483296271925901, 0.008710109263952277, 0.0, 0.0, 0.0, 1.0]}, {"left_foot_pose": [0.9977489582820738, -0.06683687821625348, -0.005463328412495811, 0.05845592437806937, 0.06705979605573761, 0.9944322776377424, 0.08128609318435646, 0.053596328800007816, 1.4058830952452972e-09, -0.08146948448663884, 0.9966758365173111, 3.1789329502096564e-09, 0.0, 0.0, 0.0, 1.0], "right_foot_pose": [0.9999957413823982, -0.0027507972283847544, -0.0009748495657566525, 0.0336127061227805, 0.002918408713887403, 0.9437390967401728, 0.33067809146452654, -0.12917989638125174, 1.0375271156421106e-05, -0.3306795282424533, 0.9437431056668452, 0.01655846551485892, 0.0, 0.0, 0.0, 1.0]}, {"left_foot_pose": [0.9977489582811909, -0.06666786091760438, -0.007239652579386866, 0.05845592408683117, 0.06705979606887649, 0.9919175536172364, 0.10771513624926826, 0.05359632834057536, 7.533969319257857e-10, -0.10795815460940726, 0.9941554389799073, 1.7935183407868927e-09, 0.0, 0.0, 0.0, 1.0], "right_foot_pose": [0.9998934195934817, -0.013804143612608816, -0.0047534274766262595, 0.03906813413297106, 0.014599633729615034, 0.9456834409555019, 0.32476095854878045, -0.12164682744083574, 1.2190740852445689e-05, -0.3247957436939164, 0.9457841850706222, 0.022916660732267224, 0.0, 0.0, 0.0, 1.0]}, {"left_foot_pose": [0.9977489582787585, -0.06652454145230954, -0.008455864131630308, 0.05845592417760499, 0.06705979610506346, 0.9897851742966594, 0.1258105420419122, 0.05359632793461654, 3.3414966921277765e-10, -0.1260943857873632, 0.9920182487600259, 9.480100940373326e-10, 0.0, 0.0, 0.0, 1.0], "right_foot_pose": [0.99960948825212, -0.02669970938409248, -0.008245999947828951, 0.0453016696789693, 0.027944066438563363, 0.9552245449349223, 0.2945593283275001, -0.11303931735787281, 1.2133084980452424e-05, -0.29467472621973523, 0.9555976169811814, 0.02500001023095376, 0.0, 0.0, 0.0, 1.0]}, {"left_foot_pose": [0.9977489582778288, -0.06642474049352252, -0.009207068256293093, 0.05845592421291746, 0.06705979611889593, 0.9883002853874825, 0.13698733389446346, 0.053596327955396844, 8.043689529164201e-11, -0.13729639381057795, 0.9905300097657878, 4.468382955313821e-10, 0.0, 0.0, 0.0, 1.0], "right_foot_pose": [0.9991125365641849, -0.04079967237118333, -0.01046546772409793, 0.051926533039407134, 0.042120531452736344, 0.9678432605264778, 0.24800258846152323, -0.10389144943409515, 1.0508048590083295e-05, -0.2482233062947168, 0.9687028389045322, 0.0250000135642374, 0.0, 0.0, 0.0, 1.0]}, {"left_foot_pose": [0.9977489582774631, -0.06638194477274247, -0.009510713139744784, 0.05845592428317334, 0.0670597961243395, 0.9876635491080815, 0.14150511477325206, 0.05359632798355202, -1.9789976789870226e-11, -0.14182436734009357, 0.9898918369340072, 2.4297824169350335e-10, 0.0, 0.0, 0.0, 1.0], "right_foot_pose": [0.9984139976387805, -0.05523406668990157, -0.010894365325442709, 0.058555948162288575, 0.05629821716489225, 0.9795692120108329, 0.1930664901647361, -0.09473729845655672, 7.937463857564012e-06, -0.19337361960042806, 0.9811251924090144, 0.0250000150449333, 0.0, 0.0, 0.0, 1.0]}, {"left_foot_pose": [0.9977489582777066, -0.0663997953906489, -0.009385277184614967, 0.05845592423399733, 0.06705979612071704, 0.9879291395968823, 0.13963881580567758, 0.05359632806653154, 1.5785084811792397e-11, -0.13995385777978414, 0.9901580266263345, 3.469141154899269e-10, 0.0, 0.0, 0.0, 1.0], "right_foot_pose": [0.9975716164473809, -0.069039628598494, -0.009186933195642852, 0.0648031482486632, 0.06964818758823749, 0.9888645385819324, 0.13151446422662397, -0.08611092815235265, 4.922689956387482e-06, -0.131834