{"LoopMode": "Wrap", "FrameDuration": 0.0167, "EnableCycleOffsetPosition": true, "EnableCycleOffsetRotation": false, "Debug_info": [{"left_foot_pose": [1.0000000000000004, 1.3078977583830288e-13, -8.643752380521624e-12, 1.377714099895146e-12, -4.701663051347999e-14, 0.9999534073289398, 0.009653143075935195, 1.5316740931137218e-13, 8.644266548909838e-12, -0.009653143075935365, 0.9999534073289399, 1.8076096175434486e-11, 0.0, 0.0, 0.0, 1.0], "right_foot_pose": [0.9999999999999998, -2.128792529073811e-13, -8.704426068817382e-12, 4.999828621533969e-13, 8.416157000737242e-14, 0.9998905863332556, -0.014792408936293296, -0.14000000000209661, 8.70668492856103e-12, 0.014792408936293144, 0.9998905863332553, 1.5321244273280854e-11, 0.0, 0.0, 0.0, 1.0]}, {"left_foot_pose": [1.0000000000000007, 2.007970603582173e-13, -1.9256762850972115e-11, 3.3324499508516474e-12, -7.218641989024907e-14, 0.99997781262605, 0.006661400424920365, 1.2495733614503735e-12, 1.9257362424025735e-11, -0.006661400424920536, 0.9999778126260501, 3.9325168121884246e-11, 0.0, 0.0, 0.0, 1.0], "right_foot_pose": [0.9999999999999998, -5.441495846080626e-13, -1.936861782070309e-11, 1.5732817945863688e-12, 1.996606726241115e-13, 0.9998418339375695, -0.017785024834325994, -0.14000000000374746, 1.937507024586325e-11, 0.017785024834325844, 0.9998418339375694, 3.524044944747118e-11, 0.0, 0.0, 0.0, 1.0]}, {"left_foot_pose": [1.0000000000000007, 1.383086895212162e-13, -3.379635460376563e-11, 6.121899431153969e-12, -5.366032779425334e-14, 0.999996887810318, 0.0024948686697062626, 3.1474042122559e-12, 3.3796385186171094e-11, -0.0024948686697064365, 0.9999968878103183, 6.83482923036216e-11, 0.0, 0.0, 0.0, 1.0], "right_foot_pose": [1.0, -1.152074936093282e-12, -3.3997638038130156e-11, 3.219439798397358e-12, 4.0547924523217954e-13, 0.9997589798401696, -0.021954093671645872, -0.14000000000559878, 3.4014624181899926e-11, 0.02195409367164572, 0.9997589798401696, 6.285136994188534e-11, 0.0, 0.0, 0.0, 1.0]}, {"left_foot_pose": [1.0000000000000004, -2.0376266587704518e-13, -5.2053028554155396e-11, 9.752245293318415e-12, 5.709523250463906e-14, 0.9999960124632808, -0.0028240144367278545, 5.987970536081022e-12, 5.205316779403051e-11, 0.0028240144367276806, 0.999996012463281, 1.0490377316818567e-10, 0.0, 0.0, 0.0, 1.0], "right_foot_pose": [0.9999999999999997, -2.178303069625877e-12, -5.241140854650438e-11, 5.475052903058185e-12, 7.478569542333945e-13, 0.9996278738407189, -0.027278450115126043, -0.14000000000744495, 5.245115252870239e-11, 0.027278450115125898, 0.9996278738407189, 9.77786879241549e-11, 0.0, 0.0, 0.0, 1.0]}, {"left_foot_pose": [1.0000000000000004, -1.0094733907623364e-12, -7.42228500882902e-11, 1.432155186354539e-11, 3.2072375238081156e-13, 0.9999569084722317, -0.009283382931749132, 1.0010020590200952e-11, 7.422871600764758e-11, 0.009283382931748957, 0.9999569084722321, 1.4959409405657098e-10, 0.0, 0.0, 0.0, 1.0], "right_foot_pose": [0.9999999999999998, -3.818413191993186e-12, -7.484218800257733e-11, 8.44320574493089e-12, 1.2905463291588322e-12, 0.999430379606537, -0.03374783429396976, -0.14000000000908105, 7.49284046456578e-11, 0.03374783429396962, 0.9994303796065369, 1.4043339408020827e-10, 0.0, 0.0, 0.0, 1.0]}, {"left_foot_pose": [1.0000000000000004, -2.5229208813108598e-12, -1.0094758362555465e-10, 2.003806750042828e-11, 8.174088476115546e-13, 0.9998572730383177, -0.016894778849689887, 1.5586346449603106e-11, 1.0097545250277137e-10, 0.016894778849689714, 0.9998572730383177, 2.039851829116479e-10, 0.0, 0.0, 0.0, 1.0], "right_foot_pose": [0.9999999999999999, -6.3477722438324745e-12, -1.0198386579673975e-10, 1.2313924288270725e-11, 2.122743066255579e-12, 0.9991436561534656, -0.04137577030443426, -0.14000000001027227, 1.0215903282637148e-10, 0.0413757703044341, 0.9991436561534658, 1.9212283153269283e-10, 0.0, 0.0, 0.0, 1.0]}, {"left_foot_pose": [1.0000000000000004, -5.086589349763864e-12, -1.333304577855187e-10, 2.7237382040917176e-11, 1.6590285380644405e-12, 0.9996697721972599, -0.02569720909124704, 2.326699770349716e-11, 1.3341675683662606e-10, 0.02569720909124686, 0.9996697721972603, 2.7068974839394855e-10, 0.0, 0.0, 0.0, 1.0], "right_foot_pose": [0.9999999999999998, -1.0162488896305557e-11, -1.350110023778938e-10, 1.738610290989683e-11, 3.371680111020727e-12, 0.9987389987138553, -0.05020370950483501, -0.14000000001070384, 1.3535084911493064e-10, 0.05020370950483487, 0.9987389987138551, 2.5510078077717324e-10, 0.0, 0.0, 0.0, 1.0]}, {"left_foot_pose": [1.0000000000000007, -9.19448785859731e-12, -1.7292151044401278e-10, 3.6400584033157205e-11, 3.0057003030222108e-12, 0.9993604942440986, -0.03575755226790527, 3.3830209467122785e-11, 1.7313941593540876e-10, 0.03575755226790509, 0.9993604942440987, 3.534473477784239e-10, 0.0, 0.0, 0.0, 1.0], "right_foot_pose": [1.0, -1.583585948185777e-11, -1.7557844067539455e-10, 2.4095116691969726e-11, 5.219461389957987e-12, 0.9981802050039633, -0.06030156165677417, -0.14000000000991192, 1.7621370869384153e-10, 0.06030156165677403, 0.9981802050039635, 3.325919331609306e-10, 0.0, 0.0, 0.0, 1.0]}, {"left_foot_pose": [1.0000000000000007, -1.5560937965149573e-11, -2.217040440122273e-10, 4.818017609343268e-11, 5.086448682322878e-12, 0.9988869372838909, -0.0471687027976061, 4.833922151448178e-11, 2.2219129260739348e-10, 0.04716870279760593, 0.9988869372838911, 4.572468931263174e-10, 0.0, 0.0, 0.0, 1.0], "right_foot_pose": [0.9999999999999998, -2.41926882884094e-11, -2.2581997383142025e-10, 3.304967130030314e-11, 7.924178563115388e-12, 0.9974214968978994, -0.07176599143016274, -0.14000000000719648, 2.2697394276590866e-10, 0.07176599143016259, 0.9974214968978993, 4.288363830706743e-10, 0.0, 0.0, 0.0, 1.0]}, {"left_foot_pose": [1.0000000000000004, -2.519661958273783e-11, -2.819784961083367e-10, 6.341617568881078e-11, 8.220182293338212e-12, 0.9981956884582558, -0.06004471286757711, 6.817163673844551e-11, 2.829824601340468e-10, 0.060044712867576906, 0.9981956884582559, 5.883251733007633e-10, 0.0, 0.0, 0.0, 1.0], "right_foot_pose": [0.9999999999999998, -3.6390373699300996e-11, -2.8824659326076564e-10, 4.506578770176854e-11, 1.1840613167862763e-11, 0.9964051620799969, -0.08471571861428723, -0.14000000000151844, 2.9029314569223927e-10, 0.08471571861428709, 0.996405162079997, 5.489850449236222e-10, 0.0, 0.0, 0.0, 1.0]}, {"left_foot_pose": [1.0000000000000004, -3.9445715130484095e-11, -3.558723871144303e-10, 8.308752234127394e-11, 1.2820410433172576e-11, 0.9972202745945711, -0.07450989154152131, 9.491123338645213e-11, 3.578220726263836e-10, 0.07450989154152114, 0.9972202745945712, 7.534998944236371e-10, 0.0, 0.0, 0.0, 1.0], "right_foot_pose": [1.0, -5.395007505554933e-11, -3.6526504043621313e-10, 6.114830617060371e-11, 1.74198549278168e-11, 0.9950594644361072, -0.09928072439364831, -0.13999999999141916, 3.6881625860078864e-10, 0.09928072439364813, 0.9950594644361074, 6.983431055651579e-10, 0.0, 0.0, 0.0, 1.0]}, {"left_foot_pose": [1.0000000000000002, -5.983970654284436e-11, -4.439886791551818e-10, 1.0808062808639501e-10, 1.9335127970430054e-11, 0.9958805915586232, -0.09067440298589129, 1.2984545730287955e-10, 4.4758548652893076e-10, 0.0906744029858911, 0.995880591558623, 9.577281259720571e-10, 0.0, 0.0, 0.0, 1.0], "right_foot_pose": [0.9999999999999998, -7.856938936304591e-11, -4.5779174895343953e-10, 8.230436018491311e-11, 2.513239447969535e-11, 0.9932984351884665, -0.11557776019695122, -0.1399999999751064, 4.638044960175295e-10, 0.1155777601969511, 0.9932984351884665, 8.799770773171289e-10, 0.0, 0.0, 0.0, 1.0]}, {"left_foot_pose": [1.0000000000000004, -8.73367749007118e-11, -5.418780979482547e-10, 1.3844890632886724e-10, 2.7984584517593644e-11, 0.9940879026761568, -0.10857827477410432, 1.7240379263094852e-10, 5.481572720228123e-10, 0.10857827477410413, 0.994087902676157, 1.1966755225634174e-09, 0.0, 0.0, 0.0, 1.0], "right_foot_pose": [0.9999999999999999, -1.1121035424064442e-10, -5.615627962640695e-10, 1.0884981507392011e-10, 3.5157711969754505e-11, 0.9910280970801671, -0.13365369728392415, -0.1399999999511323, 5.713881205420879e-10, 0.13365369728392398, 0.9910280970801671, 1.087929267507004e-09, 0.0, 0.0, 0.0, 1.0]}, {"left_foot_pose": [1.0000000000000004, -1.1976703688317581e-10, -6.312455003154561e-10, 1.7129069483280894e-10, 3.7941438256372724e-11, 0.9917659101501243, -0.12806396629847377, 2.159963666259479e-10, 6.413853365924114e-10, 0.12806396629847352, 0.9917659101501245, 1.435948117356478e-09, 0.0, 0.0, 0.0, 1.0], "right_foot_pose": [1.0, -1.4907740622688332e-10, -6.577979827504512e-10, 1.3830733275483516e-10, 4.643679906059974e-11, 0.9881710113459612, -0.1533559660903357, -0.1399999999208102, 6.728785244063312e-10, 0.15335596609033555, 0.9881710113459614, 1.2891259934533217e-09, 0.0, 0.0, 0.0, 1.0]}, {"left_foot_pose": [1.0000000000000004, -1.4512149370246552e-10, -6.614499503676514e-10, 1.9553767379494564e-10, 4.5296769376946674e-11, 0.9889144467939386, -0.14848641999266915, 2.3906638821347137e-10, 6.756657859627647e-10, 0.14848641999266893, 0.9889144467939386, 1.5619845764036633e-09, 0.0, 0.0, 0.0, 1.0], "right_foot_pose": [0.9999999999999996, -1.7772810962811055e-10, -6.932805995951686e-10, 1.6013053490747075e-10, 5.435949577264307e-11, 0.9847391318243527, -0.17403689911573475, -0.13999999989461243, 7.13631522996855e-10, 0.1740368991157346, 0.9847391318243525, 1.3824658640082532e-09, 0.0, 0.0, 0.0, 1.0]}, {"left_foot_pose": [0.9999999984676868, 5.452989210423406e-05, -9.545567186853783e-06, -2.0310184811910103e-05, -5.535854625125158e-05, 0.9857647350133134, -0.16813055682880615, -1.754377971071447e-05, 2.415423848858012e-07, 0.16813055709960598, 0.9857647365215083, 0.00016386123401031932, 0.0, 0.0, 0.0, 1.0], "right_foot_pose": [1.0, -1.6249632521333507e-10, -5.709572259426911e-10, 1.0267027205390445e-10, 4.8703926487614624e-11, 0.9810213264394892, -0.1938998635144064, -0.1399999999614041, 5.91629093039548e-10, 0.19389986351440627, 0.9810213264394892, 1.1139781042057706e-09, 0.0, 0.0, 0.0, 1.0]}, {"left_foot_pose": [0.9999987783082421, 0.0015354803237121956, -0.0002927152186047739, -0.0005735930187975684, -0.0015631315358418283, 0.982470296180976, -0.1864126437285514, -0.0004954487015710746, 1.3510609828434506e-06, 0.18641287354214994, 0.9824714960628294, 0.0041912093415995, 0.0, 0.0, 0.0, 1.0], "right_foot_pose": [1.0, -1.1975848921270056e-10, -3.834293993421049e-10, -5.577495592816865e-11, 3.6222476501751914e-11, 0.9775196649229209, -0.21084426643610923, -0.14000000014960284, 4.000600033857616e-10, 0.21084426643610907, 0.9775196649229206, 6.515811432072915e-10, 0.0, 0.0, 0.0, 1.0]}, {"left_foot_pose": [0.9999882485440528, 0.004747416880288686, -0.0009822457754446257, -0.001779010054582362, -0.004847965344152533, 0.9793487350001272, -0.20212014369100753, -0.0015366322840892205, 2.412575635845186e-06, 0.20212253037852143, 0.9793602415391205, 0.011469802902688064, 0.0, 0.0, 0.0, 1.0], "right_foot_pose": [0.9999999999999999, -6.694418283545852e-11, -1.9148899133014613e-10, -1.2399544662560678e-10, 2.2369744331981107e-11, 0.9746115047734342, -0.22390269038862118, -0.1400000001738607, 2.0161626254692533e-10, 0.22390269038862107, 0.9746115047734341, 3.2556955048557157e-10, 0.0, 0.0, 0.0, 1.0]}, {"left_foot_pose": [0.9999546046007092, 0.009310816018177301, -0.002024214147685232, -0.003496586741723922, -0.009528311867007052, 0.9772025403710506, -0.21209527662192543, -0.003020187161751283, 3.2871084217444503e-06, 0.21210493581583997, 0.9772468962303, 0.019120927344759536, 0.0, 0.0, 0.0, 1.0], "right_foot_pose": [0.9999999999999998, -2.1261167223331422e-11, -3.954686578211395e-11, -1.268478677828775e-10, 1.1479532448988156e-11, 0.9725726366124726, -0.23259936911493, -0.14000000008477706, 4.340740423938461e-11, 0.23259936911492987, 0.9725726366124725, 1.1869269456177278e-10, 0.0, 0.0, 0.0, 1.0]}, {"left_foot_pose": [0.9998841311586188, 0.014876519909431233, -0.003226981958302071, -0.005586347944534893, -0.015222491345623689, 0.977211913800796, -0.21171951086997023, -0.004825210840457186, 3.795696600589979e-06, 0.21174410188048032, 0.9773251430841341, 0.024265878778486988, 0.0, 0.0, 0.0, 1.0], "right_foot_pose": [0.9999999999999999, 4.634725512386524e-12, 4.708966550026614e-11, -6.370671296643726e-11, 6.639982844499612e-12, 0.9715990874592935, -0.23663307724886656, -0.13999999997427864, -4.684930163710664e-11, 0.23663307724886648, 0.9715990874592935, 2.632333240271123e-11, 0.0, 0.0, 0.0, 1.0]}, {"left_foot_pose": [0.9997677992459744, 0.021122212172013703, -0.004266115777012259, -0.007908308431809575, -0.02154872563305508, 0.9800143147503034, -0.1977564039622625, -0.006830801144349953, 3.801806988479564e-06, 0.19780241413454644, 0.98024191144232, 0.025000002333705564, 0.0, 0.0, 0.0, 1.0], "right_foot_pose": [0.9999999999999999, 2.7128611874703205e-12, 5.229094934833254e-11, 3.094775495595497e-11, 9.695456282482603e-12, 0.9717946495004044, -0.2358286649294068, -0.13999999994282947, -5.145606916077593e-11, 0.2358286649294066, 0.9717946495004044, 6.72651448430095e-11, 0.0, 0.0, 0.0, 1.0]}, {"left_foot_pose": [0.9996044063562778, 0.02768263916890214, -0.004970139007987291, -0.01032248629428894, -0.028125269445707375, 0.9838943134959309, -0.17652464159141595, -0.008916047156812042, 3.423549648039872e-06, 0.17659459606402406, 0.9842836728450112, 0.025000002886924798, 0.0, 0.0, 0.0, 1.0], "right_foot_pose": [1.0, -2.447434609156342e-11, -1.7773338356619054e-11, 1.0710507686906828e-10, 1.971735455467451e-11, 0.9730600272773277, -0.23055191023942165, -0.13999999991310258, 2.2937146991070974e-11, 0.2305519102394215, 0.9730600272773278, 2.2437076502290765e-10, 0.0, 0.0, 0.0, 1.0]}, {"left_foot_pose": [0.9994022608995685, 0.0341800134041815, -0.005181466252120169, -0.012688907940065568, -0.03457052069627097, 0.9881250128730829, -0.1497125179581164, -0.010960043904429114, 2.7605364952256958e-06, 0.14980215491861443, 0.9887159927775621, 0.024910272013076357, 0.0, 0.0, 0.0, 1.0], "right_foot_pose": [1.0000000000000002, -7.589542624523963e-11, -1.6875734143439967e-10, 2.0060439193485636e-10, 3.676058161310518e-11, 0.9753189497381834, -0.2208006935713909, -0.13999999991014367, 1.8134983161633585e-10, 0.22080069357139068, 0.9753189497381833, 5.130906394201773e-10, 0.0, 0.0, 0.0, 1.0]}, {"left_foot_pose": [0.9991794096402462, 0.04023383618382892, -0.004663236741002104, -0.01486759227659856, -0.04050317700415153, 0.9925403436956439, -0.1149919944565896, -0.01284189019318693, 1.8815302299366221e-06, 0.11508650903762252, 0.9933554728464502, 0.021163834647200952, 0.0, 0.0, 0.0, 1.0], "right_foot_pose": [0.9999999999999998, -1.516135690322728e-10, -4.219815052941546e-10, 3.6677066541553514e-10, 6.138703900867617e-11, 0.9785303618970782, -0.20610271916103656, -0.14000000013511446, 4.4416944942924425e-10, 0.2061027191610364, 0.9785303618970783, 9.73167942064368e-10, 0.0, 0.0, 0.0, 1.0]}, {"left_foot_pose": [0.9989624089889596, 0.04540837322223334, -0.003490711716220881, -0.016718557686283008, -0.04554234761141728, 0.9960254032826078, -0.07654600309461146, -0.01444066902730678, 1.0080677017461405e-06, 0.07662555485626062, 0.9970599401951495, 0.013996812867367675, 0.0, 0.0, 0.0, 1.0], "right_foot_pose": [0.9999999999999998, -2.2814581462303723e-10, -7.400852153338618e-10, 4.730534557749746e-10, 8.619252260333769e-11, 0.9824732080081316, -0.1864038506743108, -0.14000000032943102, 7.696409004802195e-10, 0.1864038506743106, 0.9824732080081318, 1.5706113423719081e-09, 0.0, 0.0, 0.0, 1.0]}, {"left_foot_pose": [0.9987836449118467, 0.049269220660338446, -0.0019428206633940192, -0.018101832999530627, -0.04930751115687643, 0.9980083030336193, -0.039347127207344214, -0.01563547207600665, 3.488606432672854e-07, 0.03939506278049725, 0.999223713203605, 0.006287910879562639, 0.0, 0.0, 0.0, 1.0], "right_foot_pose": [0.9999999999999999, -2.823001129935958e-10, -1.0810982109532556e-09, 4.710570801109558e-10, 1.0335148654968292e-10, 0.9867788452442817, -0.16207254726930875, -0.14000000036700572, 1.112557905289596e-09, 0.16207254726930864, 0.9867788452442815, 2.1959561460893617e-09, 0.0, 0.0, 0.0, 1.0]}, {"left_foot_pose": [0.9986772019407951, 0.0514176063798584, -0.00027582217262515484, -0.018877440530242602, -0.051418346178232543, 0.9986628351550442, -0.005356804680532962, -0.016305394577667703, 1.9278394878558106e-08, 0.005363901029653503, 0.9999856141793965, 0.0009158365862263554, 0.0, 0.0, 0.0, 1.0], "right_foot_pose": [1.0, -2.8605682769812064e-10, -1.3514929730895612e-09, 3.2396771583955345e-10, 1.02461706354085e-10, 0.9909895687089616, -0.13393907088682683, -0.14000000015883055, 1.3776293638573268e-09, 0.13393907088682666, 0.9909895687089617, 2.6600387448283414e-09, 0.0, 0.0, 0.0, 1.0]}, {"left_foot_pose": [0.9986607748891826, 0.05171935353668518, 0.001328596058138687, -0.01899432046152887, -0.0517364155864928, 0.9983314278490806, 0.025645730074976694, -0.016406344244195126, 1.380697410712125e-09, -0.02568012146708564, 0.9996702113004253, 2.841004001497005e-09, 0.0, 0.0, 0.0, 1.0], "right_foot_pose": [0.9999999999999999, -2.2504184082062857e-10, -1.4176640417140603e-09, 2.0467501680498638e-10, 7.673127967154977e-11, 0.9946024278209816, -0.10375938787699687, -0.13999999996548682, 1.433362255188389e-09, 0.10375938787699675, 0.9946024278209815, 2.7494888726886657e-09, 0.0, 0.0, 0.0, 1.0]}, {"left_foot_pose": [0.9986607748884108, 0.051657270663515845, 0.002860609528795255, -0.018994320425947574, -0.051736415601391784, 0.997133049932878, 0.05521796838237692, -0.016406344324011793, 1.2341028780802889e-09, -0.05529201677596349, 0.9984702263366934, 2.4917784710587476e-09, 0.0, 0.0, 0.0, 1.0], "right_foot_pose": [1.0000000000000002, -1.4429303066623963e-10, -1.2571053642496102e-09, 2.1484704387679565e-10, 5.0876551611136154e-11, 0.9972585264267816, -0.07399615847518078, -0.1400000000357629, 1.264336050400433e-09, 0.07399615847518061, 0.997258526426782, 2.4447429081142502e-09, 0.0, 0.0, 0.0, 1.0]}, {"left_foot_pose": [0.9986607748883762, 0.05156311474339115, 0.00423106337799768, -0.01899432043473171, -0.05173641560205657, 0.995315571295686, 0.08167164034715059, -0.016406344336621574, 8.99240752937932e-10, -0.08178116368885305, 0.996650310422717, 1.7821773778958772e-09, 0.0, 0.0, 0.0, 1.0], "right_foot_pose": [0.9999999999248337, 1.2245824690101049e-05, -6.101467038278323e-07, 5.236121956030832e-07, -1.2260973651072615e-05, 0.9988876704064233, -0.04715317337886122, -0.1400115404786783, 3.2038524643266003e-08, 0.047153173382797724, 0.9988876704814866, 3.740120325042978e-05, 0.0, 0.0, 0.0, 1.0]}, {"left_foot_pose": [0.998660774888732, 0.05145786774096188, 0.005361394053039939, -0.018994320442086623, -0.051736415595190474, 0.9932840035616878, 0.10349024867023757, -0.01640634410646677, 5.788767990940957e-10, -0.10362903124134479, 0.9946160183125855, 1.0857727217317148e-09, 0.0, 0.0, 0.0, 1.0], "right_foot_pose": [0.9999992046696667, 0.0012609973010035821, -2.3363229097581404e-05, 5.385867644319543e-05, -0.0012612137088213635, 0.9998293648439843, -0.018429610295816808, -0.14118719263609442, 1.1955366776305333e-07, 0.018429625104213383, 0.9998301600364453, 0.0034929914938089737, 0.0, 0.0, 0.0, 1.0]}, {"left_foot_pose": [0.9986607748893782, 0.05136076161780249, 0.006223251833812298, -0.01899432043847164, -0.051736415582718444, 0.9914095784026901, 0.12012656306601627, -0.01640634410597208, 2.9274551384250986e-10, -0.12028765529945568, 0.9927390795080852, 5.431839492087143e-10, 0.0, 0.0, 0.0, 1.0], "right_foot_pose": [0.9999907682850394, 0.004296278815698692, 7.302762842173035e-05, 0.0001834985079555391, -0.0042968994240883416, 0.9998470864836618, 0.016951115168969536, -0.1440447362773995, -1.8974450733319044e-07, -0.01695127247348069, 0.9998563168583243, 0.010538499465046786, 0.0, 0.0, 0.0, 1.0]}, {"left_foot_pose": [0.998660774889996, 0.05128896308817467, 0.006789621598718226, -0.018994320461742903, -0.05173641557079402, 0.9900236621420151, 0.13105911529840264, -0.016406344234416535, 8.718672327011078e-11, -0.13123486832489992, 0.991351304702701, 1.744375546786081e-10, 0.0, 0.0, 0.0, 1.0], "right_foot_pose": [0.9999617601082046, 0.008730158254917625, 0.0005125018493596227, 0.0003734699308691945, -0.008745188422859936, 0.9982489416297292, 0.05850275390589698, -0.14823205470004647, -8.661287596940145e-07, -0.058504998692157736, 0.998287115577117, 0.018295210319845885, 0.0, 0.0, 0.0, 1.0]}, {"left_foot_pose": [0.99866077489034, 0.05125518865833457, 0.0070400519192247045, -0.01899432052102924, -0.05173641556415382, 0.9893717194316739, 0.1358931348280214, -0.01640634436976569, -9.229200379860452e-12, -0.13607537038131567, 0.9906984877224698, 5.1009405033219934e-12, 0.0, 0.0, 0.0, 1.0], "right_foot_pose": [0.9998987222970426, 0.014156535686887663, 0.0014620691116917714, 0.000607797851705908, -0.014231835636423006, 0.9946211218077706, 0.10259765547160278, -0.15339703021603282, -1.777448956779294e-06, -0.10260807254401468, 0.9947218623543178, 0.023884419729689257, 0.0, 0.0, 0.0, 1.0]}, {"left_foot_pose": [0.9986607748902536, 0.05126670871954919, 0.006955664789528987, -0.01899432058385268, -0.051736415565821384, 0.9895940894317673, 0.13426422258410012, -0.0164063444049334, 2.6889201977838214e-11, -0.13444427372996262, 0.9909211559257499, 9.124801608750843e-11, 0.0, 0.0, 0.0, 1.0], "right_foot_pose": [0.9997922558682917, 0.020176004125800142, 0.0028937801070513794, 0.0008705034979853359, -0.020382470378299034, 0.9896832652636067, 0.1418153354134973, -0.15918753558021378, -2.6589528970741844e-06, -0.1418448564970924, 0.9898889011794451, 0.0250000035805759, 0.0, 0.0, 0.0, 1.0]}, {"left_foot_pose": [0.99866077488974, 0.05132219120547212, 0.006533711540430992, -0.01899432060215429, -0.05173641557572931, 0.990665059462237, 0.1261193215334529, -0.016406344441746323, 2.0273378909413206e-10, -0.12628845018667423, 0.9919935621512112, 4.4251385195037685e-10, 0.0, 0.0, 0.0, 1.0], "right_foot_pose": [0.9996402069580278, 0.026413046807702303, 0.004669859874211927, 0.001145612285294812, -0.026822688565955273, 0.9843950076968974, 0.17391668177469036, -0.16525144583887558, -3.3172904631947746e-06, -0.17397936595975777, 0.9847492981511774, 0.025000002356419297, 0.0, 0.0, 0.0, 1.0]}, {"left_foot_pose": [0.998660774888905, 0.05141487116846215, 0.005759142386067187, -0.018994320603073895, -0.05173641559184907, 0.9924540468203559, 0.11116792816098939, -0.01640634446332819, 5.371948976173214e-10, -0.11131700666398611, 0.9937849485816189, 1.1049563208853641e-09, 0.0, 0.0, 0.0, 1.0], "right_foot_pose": [0.9994494518951141, 0.032524459489306684, 0.006553826476486622, 0.0014171502958351787, -0.033178202084010726, 0.9797777989438644, 0.19731870565962217, -0.1712366470573975, -3.6094310834606334e-06, -0.1974275163994234, 0.9803174872230562, 0.02499255111382543, 0.0, 0.0, 0.0, 1.0]}, {"left_foot_pose": [0.9986607748880196, 0.0515313092360163, 0.004602267754390167, -0.018994320678011642, -0.05173641560894034, 0.9947016335069693, 0.08883694951148881, -0.016406344105476423, 1.063732323775285e-09, -0.08895608167511618, 0.9960355493319558, 2.181337485640533e-09, 0.0, 0.0, 0.0, 1.0], "right_foot_pose": [0.9992362811062577, 0.03824361019867302, 0.008017530786190689, 0.001669140479533585, -0.03907498572808442, 0.977993750440899, 0.2049423567467066, -0.17679101739912711, -3.359398243605902e-06, -0.20509912329777613, 0.9787412066584291, 0.021837793219681288, 0.0, 0.0, 0.0, 1.0]}, {"left_foot_pose": [0.9986607748877627, 0.05164661418371812, 0.0030469565032248524, -0.01899432068267308, -0.051736415613901396, 0.9969273484765213, 0.05881500794014477, -0.016406343721154848, 1.755613343540441e-09, -0.058893880012543365, 0.9982642490328248, 3.6905851083512964e-09, 0.0, 0.0, 0.0, 1.0], "right_foot_pose": [0.9990253808496575, 0.043296643191492006, 0.00858423593254815, 0.0018856099711726125, -0.044139420153066954, 0.9799619105714896, 0.1942327609277759, -0.18156243488123885, -2.5976992681044383e-06, -0.19442236115587178, 0.980917909651887, 0.014923779202599415, 0.0, 0.0, 0.0, 1.0]}, {"left_foot_pose": [0.9986607748890117, 0.05172478929674801, 0.0010967544330989358, -0.018994320430548866, -0.05173641558978993, 0.9984363531352586, 0.021170546518382564, -0.01640634340322928, 2.561491806673612e-09, -0.021198936534022713, 0.9997752772947668, 5.542896738819358e-09, 0.0, 0.0, 0.0, 1.0], "right_foot_pose": [0.9988474176786889, 0.04730501777791866, 0.008128437097327358, 0.0020505857933591797, -0.04799829365891657, 0.9844258222207669, 0.16912115287804633, -0.18519878719727234, -1.564229388231445e-06, -0.1693163779378651, 0.9855617505562779, 0.0071292138379190975, 0.0, 0.0, 0.0, 1.0]}, {"left_foot_pose": [0.9986607748924237, 0.05172224271518219, -0.0012109086576890086, -0.018994320435084266, -0.05173641552393668, 0.998387200687708, -0.02337393445052708, -0.016406343376825658, 3.394179449331421e-09, 0.023405279564123617, 0.9997260589224064, 7.537151763825634e-09, 0.0, 0.0, 0.0, 1.0], "right_foot_pose": [0.9987352302241013, 0.04983414392605464, 0.006670682751323439, 0.0021480922034720724, -0.05027862278272176, 0.9899075031982231, 0.13249601957392168, -0.1873479575991756, -5.331979138857576e-07, -0.13266383535469484, 0.9911610902314005, 0.00133280673019711, 0.0, 0.0, 0.0, 1.0]}, {"left_foot_pose": [0.9986607748974518, 0.05159943018214347, -0.0037623777189243236, -0.018994320512381653, -0.051736415426870325, 0.9960165733529642, -0.07262457521389161, -0.01640634349594531, 3.865005320788594e-09, 0.07272196649636213, 0.9973522525110688, 8.875910492700534e-09, 0.0, 0.0, 0.0, 1.0], "right_foot_pose": [0.9987120119588877, 0.05055101739674664, 0.004348770996988002, 0.0021677265592213966, -0.05073772924590142, 0.99503680417845, 0.08560047407173987, -0.1877807028790594, 3.8590232894354395e-09, -0.0857108684502197, 0.9963200525079824, 8.46373725271743e-09, 0.0, 0.0, 0.0, 1.0]}, {"left_foot_pose": [0.9986607749015182, 0.051346600244724136, -0.006339031188518103, -0.018994320560604405, -0.05173641534838357, 0.9911362374522319, -0.12236135883494305, -0.016406343362004576, 3.743780843922278e-09, 0.1225254481825822, 0.9924653719640089, 9.268255975192208e-09, 0.0, 0.0, 0.0, 1.0], "right_foot_pose": [0.9987120119636241, 0.05070605136503033, 0.0017926278300314312, 0.002167726366655972, -0.05073772915267371, 0.9980884696568496, 0.0352858268781963, -0.18778070255726478, 3.782602818105868e-09, -0.035331333020635396, 0.9993756535492471, 7.969451390477111e-09, 0.0, 0.0, 0.0, 1.0]}, {"left_foot_pose": [0.9986607749026082, 0.0509928293738937, -0.008740024220106836, -0.018994320467282656, -0.05173641532734017, 0.9843074496764237, -0.1687074030402123, -0.01640634351244775, 3.1328608822742587e-09, 0.16893364337496725, 0.9856274266354705, 8.556831208872406e-09, 0.0, 0.0, 0.0, 1.0], "right_foot_pose": [0.9987120119680198, 0.05073337571722014, -0.0006646345804007703, 0.0021677260809094736, -0.05073772906615027, 0.9986263222854724, -0.0130824801854217, -0.18778070213471681, 3.2041292055090815e-09, 0.013099352156782481, 0.9999141998056995, 6.6230745054962625e-09, 0.0, 0.0, 0.0, 1.0]}, {"left_foot_pose": [0.9986624866146544, 0.05058683217728983, -0.010686919055692629, -0.01805661518170892, -0.051703363803864304, 0.9770962677557518, -0.20642103988970403, -0.017449007589032582, -3.7779637240523156e-08, 0.20669749864971315, 0.9784048978066044, 0.0028444571018711243, 0.0, 0.0, 0.0, 1.0], "right_foot_pose": [0.9987120119701259, 0.05065876409425762, -0.002829623124303779, 0.002167725962850568, -0.05073772902469353, 0.9971576835262753, -0.05569772919903795, -0.18778070241679432, 2.3158031685037288e-09, 0.0557695598418612, 0.9984436670113368, 4.842680173533509e-09, 0.0, 0.0, 0.0, 1.0]}, {"left_foot_pose": [0.9986672815575434, 0.050185026238415135, -0.01204673764623882, -0.015426563568237076, -0.051610665045716396, 0.971080779267176, -0.23310611187052602, -0.02037343266954677, -8.095942050006557e-08, 0.23341718719774007, 0.9723766845830325, 0.009617038496852179, 0.0, 0.0, 0.0, 1.0], "right_foot_pose": [0.9987120119703256, 0.05052686582717266, -0.004620928030960907, 0.0021677257961479736, -0.050737729020763414, 0.9945614228864016, -0.0909574568685389, -0.1877807023689377, 1.5383503119855959e-09, 0.09107476014714182, 0.9958440581055553, 3.2397300051001388e-09, 0.0, 0.0, 0.0, 1.0]}, {"left_foot_pose": [0.998674515209039, 0.04986590568822334, -0.012751632126314486, -0.011449850615003308, -0.05147050293107586, 0.9675401899547446, -0.24742022583119647, -0.024795246228476602, -1.1707693022862405e-07, 0.24774860700361423, 0.968824353393202, 0.017439494670391173, 0.0, 0.0, 0.0, 1.0], "right_foot_pose": [0.9987120119695518, 0.050377432855432454, -0.006035843489234005, 0.002167725587531598, -0.05073772903599575, 0.9916200111999065, -0.11880840138713988, -0.18778070210274406, 9.248529518231528e-10, 0.11896162257969684, 0.9928988530324759, 1.9796424291507186e-09, 0.0, 0.0, 0.0, 1.0]}, {"left_foot_pose": [0.9986835415514084, 0.04971985839103987, -0.012614258436840792, -0.006472292198173973, -0.05129506637404406, 0.9680145483094013, -0.2455944837064327, -0.03032992616115203, -1.37268507934536e-07, 0.2459182179972068, 0.9692905808151961, 0.023433119581104972, 0.0, 0.0, 0.0, 1.0], "right_foot_pose": [0.9987120119684937, 0.05024044174566214, -0.007086265803933873, 0.0021677253490321353, -0.05073772905681984, 0.9889235024261118, -0.13948472747734494, -0.18778070176628914, 4.727132795954966e-10, 0.1396646138521607, 0.9901988667118978, 1.1004982272688757e-09, 0.0, 0.0, 0.0, 1.0]}, {"left_foot_pose": [0.9986937184071587, 0.04979537630273244, -0.011457631210361875, -0.0008397006109175467, -0.051096544052070036, 0.973261503011684, -0.22394461355740056, -0.03659295252381099, -1.3493031073770457e-07, 0.224237524188767, 0.9745345210641208, 0.025000008519499912, 0.0, 0.0, 0.0, 1.0], "right_foot_pose": [0.9987120119675883, 0.05013699945898961, -0.0077844997848845136, 0.002167725160355101, -0.050737729074640116, 0.9868873625964518, -0.15322864091209606, -0.18778070158384413, 1.7532563733591488e-10, 0.15342625209744554, 0.9881601009792549, 5.914455591948808e-10, 0.0, 0.0, 0.0, 1.0]}, {"left_foot_pose": [0.9987044110712627, 0.04996003467291877, -0.009669242073923058, 0.005102093092540338, -0.05088712319231601, 0.9805090539717669, -0.18976958600524432, -0.043199790640807534, -1.1569816137353213e-07, 0.19001576254319655, 0.9817810397360072, 0.025000010500229562, 0.0, 0.0, 0.0, 1.0], "right_foot_pose": [0.9987120119670794, 0.050078051343747376, -0.008155116570670822, 0.0021677251497368272, -0.0507377290846587, 0.98572703823521, -0.1605237955549679, -0.18778070162332938, 2.797519033120179e-11, 0.16073081492251046, 0.986998280208403, 3.132941059358352e-10, 0.0, 0.0, 0.0, 1.0]}, {"left_foot_pose": [0.998714994311034, 0.05011815373911813, -0.007518696967865323, 0.011007271312599768, -0.05067899109399363, 0.9876624974523741, -0.14817027700532498, -0.049765914057212784, -8.569765143601388e-08, 0.1483609173331101, 0.9889332829913614, 0.0250000110909879, 0.0, 0.0, 0.0, 1.0], "right_foot_pose": [0.9987120119669922, 0.050067441619331875, -0.008220002587401253, 0.002167725164798365, -0.050737729086372, 0.9855181982825035, -0.16180100030953543, -0.18778070165704225, 2.865622147224712e-12, 0.16200966682177675, 0.9867891709257338, 2.6998401431166386e-10, 0.0, 0.0, 0.0, 1.0]}, {"left_foot_pose": [0.9987248529004911, 0.050255781187599595, -0.004798401412705853, 0.016530023092925533, -0.05048433617362003, 0.9942032913773294, -0.09492706260911532, -0.05590680581443897, -4.720940376908363e-08, 0.09504826075057918, 0.9954726656861498, 0.022459730522029125, 0.0, 0.0, 0.0, 1.0], "right_foot_pose": [0.9987120119673941, 0.05013923762440076, -0.0077700709445559, 0.002167725054188433, -0.05073772907846337, 0.9869314179719286, -0.15294462745673246, -0.18778070179460377, 1.1562439051921981e-10, 0.15314187236142193, 0.9882042131713658, 5.474611250444461e-10, 0.0, 0.0, 0.0, 1.0]}, {"left_foot_pose": [0.9987333807686325, 0.050265928469459015, -0.002229478316008205, 0.021324505974504967, -0.05031534694760658, 0.9977524355174976, -0.044254302394737, -0.06123792229304531, -1.61789094357336e-08, 0.04431042601923501, 0.9990178107251112, 0.015838566783607046, 0.0, 0.0, 0.0, 1.0], "right_foot_pose": [0.9987120119680205, 0.05022469615856823, -0.007197016504613682, 0.002167725024016836, -0.05073772906613154, 0.9886135686106905, -0.14166472676021916, -0.18778070194875185, 3.1205725759033333e-10, 0.1418474245610938, 0.9898885331921897, 9.71273061978195e-10, 0.0, 0.0, 0.0, 1.0]}, {"left_foot_pose": [0.9987399785246173, 0.05018420951427323, 2.0299635109307878e-05, 0.025044903147614605, -0.05018421361989859, 0.9987398967950621, 0.0004040459652651765, -0.06537473414942958, 2.671900030514207e-09, -0.0004045555798967988, 0.9999999181673884, 0.00799818007097592, 0.0, 0.0, 0.0, 1.0], "right_foot_pose": [0.9987120119686471, 0.0503374256992064, -0.006360874429931041, 0.002167725063249471, -0.05073772905379652, 0.990832516648455, -0.12520625704234153, -0.18778070199821137, 5.585487517582811e-10, 0.12536772920519143, 0.9921103428923285, 1.4949833732069706e-09, 0.0, 0.0, 0.0, 1.0]}, {"left_foot_pose": [0.9987440496310243, 0.05006993882779813, 0.0018233355158662724, 0.02734540211837856, -0.05010312691462262, 0.9980824808837502, 0.03634608680885071, -0.06793271814717833, 7.107989888315143e-09, -0.03639179273847183, 0.9993375993233122, 0.0018172767561483033, 0.0, 0.0, 0.0, 1.0], "right_foot_pose": [0.9987120119689713, 0.05045961807710352, -0.005305100602392901, 0.002167725181516555, -0.05073772904741257, 0.9932377290321867, -0.1044245970932906, -0.18778070186793208, 7.874247930819217e-10, 0.10455926821902284, 0.9945186571550589, 2.0355305219155184e-09, 0.0, 0.0, 0.0, 1.0]}, {"left_foot_pose": [0.9987450860309579, 0.049982207276054194, 0.0031673466543544683, 0.027931649862899796, -0.050082463288213606, 0.996745778310309, 0.0631632827801222, -0.06858457633261768, 8.859786580119643e-10, -0.06324264681676878, 0.9979981801704906, 2.284728163604033e-09, 0.0, 0.0, 0.0, 1.0], "right_foot_pose": [0.9987120119687439, 0.05057038175732592, -0.004117479600636326, 0.0021677253532431696, -0.050737729051893235, 0.9954179803965941, -0.08104768444454478, -0.18778070162472033, 8.854815638007062e-10, 0.08115220756137285, 0.9967017202794005, 2.3729152254237107e-09, 0.0, 0.0, 0.0, 1.0]}, {"left_foot_pose": [0.9987450860304932, 0.049890597397365746, 0.0043796599499709085, 0.02793164979396335, -0.05008246329747956, 0.9949188924220143, 0.08733924874768477, -0.06858457636043379, 8.696487007843126e-10, -0.08744898966304501, 0.9961689988184302, 2.2411426603419216e-09, 0.0, 0.0, 0.0, 1.0], "right_foot_pose": [0.9987120119681933, 0.05065532553170892, -0.002890526893148855, 0.0021677252843482135, -0.05073772906273407, 0.9970899971725337, -0.05689657624175451, -0.18778070164964047, 8.605510951211323e-10, 0.05696995290285732, 0.9983758933719535, 2.3586255101792908e-09, 0.0, 0.0, 0.0, 1.0]}, {"left_foot_pose": [0.9987450860305703, 0.049778815680062045, 0.00550659961135113, 0.027931649685266527, -0.05008246329594116, 0.9926897401426902, 0.10981268909215391, -0.06858457637391827, 6.723881012460252e-10, -0.1099506676875126, 0.9939370456296875, 1.8370020712921153e-09, 0.0, 0.0, 0.0, 1.0], "right_foot_pose": [0.9987120119675387, 0.05070778978846626, -0.001742758307867583, 0.002167725196018391, -0.05073772907561902, 0.9981226930598812, -0.03430411705815284, -0.18778070164914126, 6.589372519972205e-10, 0.0343483573647865, 0.9994099210766025, 1.976158556238339e-09, 0.0, 0.0, 0.0, 1.0]}, {"left_foot_pose": [0.9987450860309871, 0.04966551932911733, 0.00644897811489214, 0.02793164985936951, -0.05008246328763446, 0.9904303834347514, 0.1286056081216335, -0.06858457616405442, 4.4890273842046623e-10, -0.1287671998571902, 0.9916748500597058, 1.3342539365024386e-09, 0.0, 0.0, 0.0, 1.0], "right_foot_pose": [0.9987133239258765, 0.0507088901160486, -0.00055233696730207, 0.0029050293599187224, -0.05071189813965683, 0.9986540841639059, -0.01087766380357363, -0.18859504228394966, -6.903039816337923e-10, 0.01089167782983966, 0.9999406839178266, 0.002250301197111289, 0.0, 0.0, 0.0, 1.0]}, {"left_foot_pose": [0.9987450860315544, 0.049565414063551215, 0.0071779423606216875, 0.027931649934127216, -0.05008246327631716, 0.9884340837234469, 0.143142617713829, -0.0685845761347296, 2.3688535588398045e-10, -0.1433224750780555, 0.9896760420145073, 8.810601623276959e-10, 0.0, 0.0, 0.0, 1.0], "right_foot_pose": [0.9987177029921641, 0.050614875414347185, 0.0010412093189583057, 0.005368721495297576, -0.05062558375027086, 0.998506450407033, 0.020540661272017206, -0.19131617367430323, 8.790007624902385e-09, -0.020567033873107744, 0.9997884761876696, 0.008710109441722506, 0.0, 0.0, 0.0, 1.0]}, {"left_foot_pose": [0.9987450860320602, 0.049493536617365774, 0.0076578691500536165, 0.02793164987570217, -0.050082463266235604, 0.9870007034684521, 0.15271332039467858, -0.06858457625160577, 7.674102892393299e-11, -0.1529052032662301, 0.988240860728858, 5.245319872893006e-10, 0.0, 0.0, 0.0, 1.0], "right_foot_pose": [0.9987245479316976, 0.050400506320919775, 0.0030110332481853345, 0.00922815104019074, -0.050490368969000776, 0.9969469845656194, 0.059560327457904495, -0.19557889890943295, 3.014331296472647e-08, -0.059636389294738475, 0.9982201666325348, 0.01655846402931238, 0.0, 0.0, 0.0, 1.0]}, {"left_foot_pose": [0.9987450860323158, 0.04946124385883617, 0.007863744797443223, 0.0279316497217268, -0.05008246326113106, 0.9863567212201644, 0.15681889356039122, -0.06858457638410279, 1.1449029020222342e-12, -0.15701593505037853, 0.9875960693219957, 3.2170852787283266e-10, 0.0, 0.0, 0.0, 1.0], "right_foot_pose": [0.9987332248638696, 0.0500491136508815, 0.005199209149111817, 0.014135412850827606, -0.050318441480350626, 0.9933874147055632, 0.10319640861767282, -0.20099895397355716, 5.9848118970847e-08, -0.10332729807441188, 0.9946474096244547, 0.022916659099382973, 0.0, 0.0, 0.0, 1.0]}, {"left_foot_pose": [0.9987450860321523, 0.04948711596599056, 0.0076992519115974215, 0.027931649566809075, -0.05008246326439628, 0.9868726628875985, 0.15353857534350085, -0.06858457639335866, 4.703611546535284e-11, -0.15373149514172488, 0.9881126592658808, 3.857854730116017e-10, 0.0, 0.0, 0.0, 1.0], "right_foot_pose": [0.998743103178378, 0.04960925743286227, 0.0071509041794339066, 0.019742602558637887, -0.05012198972123535, 0.9885260217380436, 0.14249242258148784, -0.20719206816192104, 8.84137514319418e-08, -0.14267174185421924, 0.9897700612143584, 0.025000008533276705, 0.0, 0.0, 0.0, 1.0]}, {"left_foot_pose": [0.9987450860315963, 0.04955182798974175, 0.007271139567879163, 0.027931649618101205, -0.05008246327548698, 0.9881631501415298, 0.14500115714927522, -0.06858457640480684, 2.1686007806148963e-10, -0.14518334975211322, 0.9894047680068845, 7.042234156928728e-10, 0.0, 0.0, 0.0, 1.0], "right_foot_pose": [0.9987535592778729, 0.04913086041380476, 0.008802635104299872, 0.02570179036231643, -0.04991320296041708, 0.983098642081269, 0.176141227735579, -0.21377396238720875, 1.1145521876925972e-07, -0.17636104584903148, 0.9843255465073655, 0.02500000787086653, 0.0, 0.0, 0.0, 1.0]}, {"left_foot_pose": [0.9987450860307151, 0.04965588396213696, 0.006522753823260054, 0.027931649682792648, -0.05008246329305332, 0.9902382345018379, 0.1300768457535156, -0.06858457642442932, 5.288618186021503e-10, -0.13024028608162222, 0.9914824596942592, 1.3158825279413477e-09, 0.0, 0.0, 0.0, 1.0], "right_foot_pose": [0.9987639788414084, 0.04867640888434195, 0.010055932925549639, 0.03166507056659884, -0.04970427113300793, 0.9781094811024379, 0.20206763325346194, -0.22036037745775003, 1.2340272643389768e-07, -0.20231769619992118, 0.9793199425133448, 0.0250000061093274, 0.0, 0.0, 0.0, 1.0]}, {"left_foot_pose": [0.9987450860296829, 0.04978781664869102, 0.005424614725305464, 0.027931649595453762, -0.050082463313635445, 0.9928692364787439, 0.10817775243808342, -0.06858457612622011, 1.0233491556120961e-09, -0.10831367673324224, 0.9941167675039626, 2.303695734173772e-09, 0.0, 0.0, 0.0, 1.0], "right_foot_pose": [0.9987737575815812, 0.04835075822396427, 0.010638860161538097, 0.03728453789392304, -0.04950738496785006, 0.9754391791748609, 0.21463323732432235, -0.22656704