{"LoopMode": "Wrap", "FrameDuration": 0.0167, "EnableCycleOffsetPosition": true, "EnableCycleOffsetRotation": false, "Debug_info": [{"left_foot_pose": [1.0000000000000004, 1.0507331540657898e-13, -8.760048242351107e-12, 1.647421130742067e-12, -2.0430551919873615e-14, 0.9999536848674497, 0.009624350368208882, -1.4401674297559452e-14, 8.760396164982574e-12, -0.009624350368209054, 0.9999536848674497, 1.858577181046428e-11, 0.0, 0.0, 0.0, 1.0], "right_foot_pose": [0.9999999999999998, -1.899735708535086e-13, -8.823886066267049e-12, 2.011923172269068e-12, 5.923380453542702e-14, 0.9998901547472292, -0.014821553210175078, -0.1400000000022941, 8.825756642349623e-12, 0.014821553210174929, 0.9998901547472292, 1.545197997332437e-11, 0.0, 0.0, 0.0, 1.0]}, {"left_foot_pose": [1.0000000000000004, 1.610109185857916e-13, -1.9568902054345478e-11, 3.222051881318368e-12, -3.1520050933559873e-14, 0.99997821856008, 0.006600182225488003, 8.94256890759948e-13, 1.9569224683335634e-11, -0.006600182225488174, 0.9999782185600801, 4.047177176724759e-11, 0.0, 0.0, 0.0, 1.0], "right_foot_pose": [1.0, -5.165356745033627e-13, -1.9687473873375435e-11, 4.230628118227701e-12, 1.6515333402083916e-13, 0.9998407294877969, -0.01784700695663372, -0.14000000000418014, 1.969342732425911e-11, 0.01784700695663357, 0.9998407294877969, 3.556322597519923e-11, 0.0, 0.0, 0.0, 1.0]}, {"left_foot_pose": [1.0000000000000002, 7.916904588472271e-14, -3.4389324721217924e-11, 5.2150941503589585e-12, 3.3016635873794714e-15, 0.9999971474153863, 0.0023885479043238293, 2.543578195290941e-12, 3.438907881022509e-11, -0.002388547904324002, 0.9999971474153861, 7.036717042385732e-11, 0.0, 0.0, 0.0, 1.0], "right_foot_pose": [0.9999999999999998, -1.1287504623395353e-12, -3.4603098164609485e-11, 7.16618381490044e-12, 3.651405834906363e-13, 0.9997566092900533, -0.02206178099918449, -0.140000000006344, 3.4619474773420774e-11, 0.02206178099918434, 0.9997566092900533, 6.343749830994838e-11, 0.0, 0.0, 0.0, 1.0]}, {"left_foot_pose": [1.0000000000000007, -2.924111238540907e-13, -5.300787586648426e-11, 7.551390383364141e-12, 1.3436310925944015e-13, 0.9999955364522373, -0.002987821213340385, 5.082849072191031e-12, 5.300829429887403e-11, 0.0029878212133402104, 0.9999955364522375, 1.0801454175535241e-10, 0.0, 0.0, 0.0, 1.0], "right_foot_pose": [1.0, -2.173095850816252e-12, -5.3387572140906046e-11, 1.0737580331138593e-11, 7.071543632793179e-13, 0.9996233303956955, -0.027444440759800594, -0.14000000000856644, 5.342681819924694e-11, 0.027444440759800442, 0.9996233303956955, 9.868730832529593e-11, 0.0, 0.0, 0.0, 1.0]}, {"left_foot_pose": [1.0000000000000002, -1.1441548315277252e-12, -7.562206416622529e-11, 1.0199596233436943e-11, 4.247527405671501e-13, 0.9999547136353617, -0.009516862845636319, 8.753206492961851e-12, 7.56292646861452e-11, 0.009516862845636145, 0.9999547136353617, 1.5402516068130367e-10, 0.0, 0.0, 0.0, 1.0], "right_foot_pose": [0.9999999999999996, -3.851433576126029e-12, -7.627587450542703e-11, 1.4935445646880187e-11, 1.2570705171942095e-12, 0.9994223579088405, -0.03398456284746873, -0.1400000000106354, 7.636275967310724e-11, 0.0339845628474686, 0.9994223579088403, 1.4171712414690063e-10, 0.0, 0.0, 0.0, 1.0]}, {"left_foot_pose": [1.0000000000000007, -2.728645822933429e-12, -1.0288764284993587e-10, 1.3169893047514073e-11, 9.578640233066523e-13, 0.9998518943501866, -0.01721015294365981, 1.3924359928974006e-11, 1.0291912310320285e-10, 0.01721015294365963, 0.9998518943501866, 2.1000154393213677e-10, 0.0, 0.0, 0.0, 1.0], "right_foot_pose": [0.9999999999999996, -6.447831266741548e-12, -1.0397716021515176e-10, 1.9824628636405488e-11, 2.1068880245294003e-12, 0.9991303541203518, -0.04169574888810999, -0.14000000001231408, 1.0415538358937748e-10, 0.041695748888109854, 0.9991303541203518, 1.9383394195271464e-10, 0.0, 0.0, 0.0, 1.0]}, {"left_foot_pose": [1.0000000000000004, -5.400149966694825e-12, -1.3592837966314156e-10, 1.650544814558294e-11, 1.8499632078415395e-12, 0.9996591542155404, -0.026106998928857556, 2.1138800779252342e-11, 1.360227319258005e-10, 0.026106998928857383, 0.9996591542155404, 2.7862276374968076e-10, 0.0, 0.0, 0.0, 1.0], "right_foot_pose": [0.9999999999999998, -1.0370923076652892e-11, -1.3769002604746553e-10, 2.55370887468235e-11, 3.387855636564409e-12, 0.998717995788661, -0.050619807268302834, -0.140000000013289, 1.3803837019215695e-10, 0.050619807268302695, 0.9987179957886609, 2.572962398694756e-10, 0.0, 0.0, 0.0, 1.0]}, {"left_foot_pose": [1.0000000000000004, -9.669462424392492e-12, -1.7632661997168937e-10, 2.0270438986692263e-11, 3.267219888531147e-12, 0.9993418512809193, -0.036274843603047544, 3.1164274286177296e-11, 1.765611839772335e-10, 0.036274843603047356, 0.9993418512809198, 3.6372537620676937e-10, 0.0, 0.0, 0.0, 1.0], "right_foot_pose": [1.0, -1.621231650349063e-11, -1.7910517513541883e-10, 3.225935464775153e-11, 5.287881537238225e-12, 0.9981483064008263, -0.060827283591842723, -0.1400000000130964, 1.7975937776427847e-10, 0.060827283591842585, 0.9981483064008263, 3.353363975389101e-10, 0.0, 0.0, 0.0, 1.0]}, {"left_foot_pose": [1.0000000000000002, -1.6274853241144897e-11, -2.2610741057249558e-10, 2.4537102557001234e-11, 5.44698133156972e-12, 0.9988565731592725, -0.04780738704965868, 4.505210961236461e-11, 2.2662669548365988e-10, 0.04780738704965852, 0.9988565731592726, 4.704322695281427e-10, 0.0, 0.0, 0.0, 1.0], "right_foot_pose": [1.0, -2.4823279715506833e-11, -2.304024193655606e-10, 4.021775621257439e-11, 8.073432460532315e-12, 0.9973745339559373, -0.07241573735160911, -0.14000000001103036, 2.3159475306473807e-10, 0.07241573735160897, 0.9973745339559372, 4.322031552095318e-10, 0.0, 0.0, 0.0, 1.0]}, {"left_foot_pose": [1.0000000000000007, -2.6260841717176347e-11, -2.8762192627596004e-10, 2.936279847636158e-11, 8.719500640000615e-12, 0.9981487689578753, -0.06081969276376882, 6.4168620070304e-11, 2.88686183155512e-10, 0.06081969276376862, 0.9981487689578754, 6.051569800824552e-10, 0.0, 0.0, 0.0, 1.0], "right_foot_pose": [0.9999999999999998, -3.7398963643159225e-11, -2.941515919729907e-10, 4.964585971099974e-11, 1.2110627889806483e-11, 0.9963377407056175, -0.08550500830726841, -0.14000000000603158, 2.962720932246362e-10, 0.08550500830726826, 0.9963377407056174, 5.53055122531898e-10, 0.0, 0.0, 0.0, 1.0]}, {"left_foot_pose": [1.0000000000000007, -4.101735024503067e-11, -3.630537537269156e-10, 3.472950121467252e-11, 1.351306276849261e-11, 0.9971505518639476, -0.07543723826748605, 9.00895694849746e-11, 3.6511313853975715e-10, 0.07543723826748588, 0.9971505518639481, 7.749407018864396e-10, 0.0, 0.0, 0.0, 1.0], "right_foot_pose": [0.9999999999999999, -5.551197057451472e-11, -3.7282599230081783e-10, 6.069170080622131e-11, 1.7865527982312244e-11, 0.9949646595666629, -0.10022637483913487, -0.1399999999965965, 3.7651233415089914e-10, 0.10022637483913471, 0.9949646595666629, 7.032009211038748e-10, 0.0, 0.0, 0.0, 1.0]}, {"left_foot_pose": [1.0000000000000007, -6.213180867524155e-11, -4.530553709969343e-10, 4.039895908520831e-11, 2.0292429616146093e-11, 0.9957800960949937, -0.0917714564613959, 1.2410154154318676e-10, 4.56845035071827e-10, 0.09177145646139571, 0.995780096094994, 9.849961679631036e-10, 0.0, 0.0, 0.0, 1.0], "right_foot_pose": [0.9999999999999999, -8.092329615135768e-11, -4.67402339054956e-10, 7.318782288363416e-11, 2.5825554039838603e-11, 0.9931674461589856, -0.11669800293937574, -0.13999999998084672, 4.73652074526955e-10, 0.1166980029393756, 0.9931674461589858, 8.857017064212158e-10, 0.0, 0.0, 0.0, 1.0]}, {"left_foot_pose": [1.0000000000000004, -9.06140811610546e-11, -5.531802238500899e-10, 4.552770600788208e-11, 2.929150566145335e-11, 0.9939466625341101, -0.10986369754065627, 1.6564411127462098e-10, 5.597866490051095e-10, 0.10986369754065606, 0.9939466625341101, 1.2312047631413137e-09, 0.0, 0.0, 0.0, 1.0], "right_foot_pose": [1.0, -1.1465381342874685e-10, -5.736309760528962e-10, 8.60751812989536e-11, 3.618282865167041e-11, 0.9908499253358273, -0.13496823871557934, -0.1399999999571947, 5.838567710369667e-10, 0.1349682387155792, 0.9908499253358272, 1.0945802250694747e-09, 0.0, 0.0, 0.0, 1.0]}, {"left_foot_pose": [1.0000000000000004, -1.2428623222061922e-10, -6.449918377171548e-10, 4.76626760808147e-11, 3.967534309926889e-11, 0.9915718666695617, -0.12955783739103585, 2.0816226867226284e-10, 6.556578236122508e-10, 0.1295578373910357, 0.9915718666695615, 1.4790529773156535e-09, 0.0, 0.0, 0.0, 1.0], "right_foot_pose": [1.0, -1.5389883572308752e-10, -6.725871526391804e-10, 9.597061338835956e-11, 4.786734513721358e-11, 0.9879323396621653, -0.15488606215421746, -0.1399999999267693, 6.883071426782012e-10, 0.1548860621542173, 0.9879323396621652, 1.2967140000652577e-09, 0.0, 0.0, 0.0, 1.0]}, {"left_foot_pose": [1.0000000000000004, -1.509081002113359e-10, -6.772962746204286e-10, 4.058732481488119e-11, 4.745910944042273e-11, 0.9886540062451592, -0.15021070512915569, 2.302307615387189e-10, 6.922796246215349e-10, 0.15021070512915546, 0.9886540062451589, 1.6135267497108252e-09, 0.0, 0.0, 0.0, 1.0], "right_foot_pose": [1.0, -1.8394842049670248e-10, -7.104420385317657e-10, 9.418724814153272e-11, 5.6183685107320017e-11, 0.9844248759149311, -0.1758057555368215, -0.13999999989990464, 7.317157971474397e-10, 0.1758057555368214, 0.9844248759149312, 1.390859538652478e-09, 0.0, 0.0, 0.0, 1.0]}, {"left_foot_pose": [0.999999999999754, -6.911191340206976e-07, 1.218248610879291e-07, 2.104686027811338e-05, 7.017697068740044e-07, 0.9854283881310572, -0.1700908341590897, -2.101238413953349e-05, -2.4966468550130436e-09, 0.17009083415913315, 0.9854283881312996, 0.0001638612429305797, 0.0, 0.0, 0.0, 1.0], "right_foot_pose": [1.0, -1.6814066154544172e-10, -5.849156714532446e-10, 7.358014176449948e-11, 5.027814449728198e-11, 0.9806174962741594, -0.19593194226822472, -0.13999999997087553, 6.065223113110021e-10, 0.1959319422682246, 0.9806174962741595, 1.1294509424941701e-09, 0.0, 0.0, 0.0, 1.0]}, {"left_foot_pose": [0.9999999998036989, -1.945744230321074e-05, 3.743128161371276e-06, 0.0005943934563276017, 1.98142067042038e-05, 0.9821539459089099, -0.18807877642880425, -0.0005934073468886435, -1.6796152921040326e-08, 0.18807877646605106, 0.9821539461016453, 0.004191209362051425, 0.0, 0.0, 0.0, 1.0], "right_foot_pose": [0.9999999999999999, -1.2088874911357454e-10, -3.885048394103301e-10, 9.34963275472949e-11, 3.5330033006656286e-11, 0.9770347703926113, -0.2130799320533436, -0.14000000016877928, 4.053415233805188e-10, 0.21307993205334352, 0.9770347703926112, 6.779262012868159e-10, 0.0, 0.0, 0.0, 1.0]}, {"left_foot_pose": [0.9999999981117809, -6.017064510602867e-05, 1.2487298550357729e-05, 0.0018435186499115234, 6.145273169550614e-05, 0.979237341871022, -0.20271710462844017, -0.0018404526272664395, -3.041008048215284e-08, 0.20271710501304413, 0.9792373437196573, 0.011469802984978857, 0.0, 0.0, 0.0, 1.0], "right_foot_pose": [0.9999999999999999, -6.614750437738043e-11, -2.0112866927490777e-10, 1.0165587221901058e-10, 1.8941232548837634e-11, 0.9740845656860829, -0.22618412608349792, -0.14000000018771794, 2.1087771049810737e-10, 0.22618412608349772, 0.9740845656860828, 3.394125050459884e-10, 0.0, 0.0, 0.0, 1.0]}, {"left_foot_pose": [0.9999999927058553, -0.00011805682950899996, 2.551225783503865e-05, 0.0036233690801465036, 0.00012078198781285504, 0.9775096503484898, -0.21089065623513437, -0.003617335519533936, -4.139598797301867e-08, 0.21089065777828833, 0.9775096574775314, 0.019120927449675022, 0.0, 0.0, 0.0, 1.0], "right_foot_pose": [0.9999999999999999, -2.220257598917276e-11, -6.551753584105302e-11, 7.561329519098378e-11, 6.201842926470799e-12, 0.97205525008524, -0.2347521901531942, -0.14000000009853222, 6.889847964425866e-11, 0.2347521901531941, 0.9720552500852402, 1.166779659000916e-10, 0.0, 0.0, 0.0, 1.0]}, {"left_foot_pose": [0.9999999813819542, -0.00018873071865972135, 4.020955382550225e-05, 0.00578889439292463, 0.00019296655193340846, 0.9780996727813868, -0.20813695699912316, -0.005779248289026168, -4.7113965425413086e-08, 0.2081369608831184, 0.9780996909897981, 0.024265878759843866, 0.0, 0.0, 0.0, 1.0], "right_foot_pose": [0.9999999999999998, -6.447975665740813e-13, -2.277567023867274e-12, 2.3929153765009066e-11, 8.308584278200325e-14, 0.9711435949252585, -0.23849553043117014, -0.14000000000966534, 2.3654050092929602e-12, 0.23849553043117003, 0.9711435949252585, 1.932648485691857e-11, 0.0, 0.0, 0.0, 1.0]}, {"left_foot_pose": [0.9999999626887754, -0.0002681044102069551, 5.236863700070421e-05, 0.008195040587744593, 0.00027317109438468486, 0.9814844873801388, -0.19154144828130593, -0.008181382815747498, -4.58978202401449e-08, 0.19154145544025752, 0.9814845239981256, 0.025000002250272067, 0.0, 0.0, 0.0, 1.0], "right_foot_pose": [0.9999999999999998, -7.3416640175861e-12, -2.144451283214717e-11, 7.586951299203898e-12, 2.0443261681957284e-12, 0.9714475348609192, -0.23725447732897145, -0.14000000000575188, 2.2573671998868038e-11, 0.2372544773289714, 0.9714475348609191, 6.66677268945648e-11, 0.0, 0.0, 0.0, 1.0]}, {"left_foot_pose": [0.9999999364322192, -0.00035151107724182377, 5.9795659204448805e-05, 0.01069674963715135, 0.00035656073351690587, 0.9858566026701818, -0.16759066750881865, -0.010678922236431104, -3.996936619641722e-08, 0.16759067817623574, 0.9858566653365126, 0.025000002964000144, 0.0, 0.0, 0.0, 1.0], "right_foot_pose": [0.9999999999999998, -3.7704121054736225e-11, -1.1164441593436415e-10, 4.139843720978062e-11, 1.0844654589873401e-11, 0.9728554007873532, -0.23141384824352723, -0.13999999999299906, 1.173388643489027e-10, 0.23141384824352726, 0.9728554007873533, 2.3971891138785395e-10, 0.0, 0.0, 0.0, 1.0]}, {"left_foot_pose": [0.9999999039462879, -0.00043409753413882083, 6.055366665808861e-05, 0.01314897086611503, 0.00043830059863323015, 0.9904200520656071, -0.13808666973660505, -0.013127056442721309, -3.048285430431436e-08, 0.138086683013576, 0.9904201471972933, 0.02491027221541668, 0.0, 0.0, 0.0, 1.0], "right_foot_pose": [1.0, -8.962568739351956e-11, -2.7704483152035617e-10, 7.481358152501416e-11, 2.6185449158565388e-11, 0.9752758742025531, -0.22099088035130732, -0.140000000001074, 2.900014767710497e-10, 0.2209908803513072, 0.9752758742025531, 5.532204763736281e-10, 0.0, 0.0, 0.0, 1.0]}, {"left_foot_pose": [0.9999998681302497, -0.0005109197115904122, 5.1966649121890954e-05, 0.015406651113977942, 0.0005135557262564985, 0.9948706421099415, -0.1011540494902196, -0.015380978623689265, -1.8495788500342767e-08, 0.10115406283883036, 0.9948707733023414, 0.02116383517671501, 0.0, 0.0, 0.0, 1.0], "right_foot_pose": [1.0, -1.6166366031197136e-10, -5.358086752060834e-10, 5.838054042226393e-11, 4.807128622816293e-11, 0.9786447997070196, -0.2055586437161123, -0.140000000200273, 5.575975441908662e-10, 0.20555864371611218, 0.9786447997070199, 1.022899071001504e-09, 0.0, 0.0, 0.0, 1.0]}, {"left_foot_pose": [0.9999998332519473, -0.0005764093266516739, 3.533222773317527e-05, 0.017324730140490345, 0.0005774911930995215, 0.9981272672518587, -0.061168822714352006, -0.017295865616065283, -7.780000643143331e-09, 0.06116883291862006, 0.9981274336873898, 0.01399681367025752, 0.0, 0.0, 0.0, 1.0], "right_foot_pose": [0.9999999999999999, -2.310548554632949e-10, -8.476002677504356e-10, 8.381419325113986e-11, 7.01528683332891e-11, 0.9827157719259734, -0.1851208027422602, -0.14000000034181695, 8.757230306143194e-10, 0.18512080274226003, 0.9827157719259733, 1.6218016304914151e-09, 0.0, 0.0, 0.0, 1.0]}, {"left_foot_pose": [0.9999998045174758, -0.0006251086504999015, 1.4289384525923494e-05, 0.01875815803363341, 0.0006252719499866389, 0.9997386576928069, -0.022852250426904308, -0.018726904306012784, -5.106799364825787e-10, 0.02285225489443984, 0.9997388531242749, 0.006287911535095288, 0.0, 0.0, 0.0, 1.0], "right_foot_pose": [0.9999999999999998, -2.7847169767427577e-10, -1.177469732827062e-09, 1.4137919391992103e-10, 8.643176482152534e-11, 0.9871094111526203, -0.16004690066954563, -0.14000000033401078, 1.2068597289724284e-09, 0.16004690066954547, 0.9871094111526202, 2.2806971380906482e-09, 0.0, 0.0, 0.0, 1.0]}, {"left_foot_pose": [0.9999997874070643, -0.000652014142702115, -7.96146480279575e-06, 0.01956188348310933, 0.0006520627479015616, 0.9999252880767608, 0.012206272108255768, -0.01952928466360074, 2.207942040470288e-09, -0.012206274704663329, 0.9999255006538417, 0.0009158370135840047, 0.0, 0.0, 0.0, 1.0], "right_foot_pose": [0.9999999999999999, -2.8070373079369437e-10, -1.4443697904376037e-09, 2.3908218542593394e-10, 8.894439221071616e-11, 0.9913709518993653, -0.13108636744584204, -0.14000000011004457, 1.4687026506344113e-09, 0.1310863674458419, 0.9913709518993655, 2.85798534838122e-09, 0.0, 0.0, 0.0, 1.0]}, {"left_foot_pose": [0.9999997847664247, -0.0006554550839951831, -2.90815790313523e-05, 0.01968300034927804, 0.0006560999202653306, 0.9990170560430053, 0.044322581920079145, -0.019650194834081147, 1.531813399565293e-09, -0.0443225914607932, 0.9990172710650205, 3.04928908512192e-09, 0.0, 0.0, 0.0, 1.0], "right_foot_pose": [1.0, -2.2766367712943982e-10, -1.5314879919792178e-09, 2.90112686008474e-10, 7.341050395527751e-11, 0.9949898115977679, -0.09997637129161419, -0.13999999992177128, 1.5465758221688387e-09, 0.09997637129161403, 0.9949898115977679, 3.078249842525249e-09, 0.0, 0.0, 0.0, 1.0]}, {"left_foot_pose": [0.9999997847664366, -0.0006542179103643579, -4.9658903808967634e-05, 0.019683000270098262, 0.0006560999016669668, 0.9971314965731215, 0.07568585121914742, -0.019650194928326984, 1.4176443561577577e-09, -0.07568586751021403, 0.9971317111892628, 2.7863745061251777e-09, 0.0, 0.0, 0.0, 1.0], "right_foot_pose": [0.9999999999999998, -1.4393792771655551e-10, -1.4065740794322317e-09, 2.0868663295149924e-10, 4.6907173994453385e-11, 0.9976344895097815, -0.06874172925201902, -0.1400000000041277, 1.413141298770776e-09, 0.06874172925201887, 0.9976344895097814, 2.838834646523569e-09, 0.0, 0.0, 0.0, 1.0]}, {"left_foot_pose": [0.9999997847664382, -0.0006525200217917743, -6.844486157535502e-05, 0.01968300017134551, 0.0006560998993403525, 0.9945436604838522, 0.10431911102143639, -0.019650194945115947, 1.0945753316258231e-09, -0.10431913347512947, 0.9945438745429981, 2.1307105593781905e-09, 0.0, 0.0, 0.0, 1.0], "right_foot_pose": [0.9999999999221562, -1.2466466731497098e-05, 5.243640869290779e-07, 2.3618344415197046e-06, 1.2477463381018655e-05, 0.9992008542610358, -0.039970647834746666, -0.14000536322829638, -2.5652292164165557e-08, 0.039970647838177775, 0.999200854338804, 3.7401480922821806e-05, 0.0, 0.0, 0.0, 1.0]}, {"left_foot_pose": [0.999999784766433, -0.0006506571174285313, -8.433507006726385e-05, 0.019683000078784617, 0.0006560999074100402, 0.9917042632129079, 0.1285388029283595, -0.0196501946442038, 7.615327736748831e-10, -0.12853883059472623, 0.9917044766609361, 1.4218605112747973e-09, 0.0, 0.0, 0.0, 1.0], "right_foot_pose": [0.9999991763258038, -0.001283384759795693, 1.6470330004021132e-05, 0.00024292076438753307, 0.0012834904388998893, 0.9999176533727715, -0.012768677526786976, -0.14055176110441, -8.184758735631303e-08, 0.012768688149067715, 0.999918476978471, 0.0034929906722872897, 0.0, 0.0, 0.0, 1.0]}, {"left_foot_pose": [0.9999997847664236, -0.0006488975205875725, -9.694903191341682e-05, 0.019682999993102728, 0.0006560999215163981, 0.9890222885642574, 0.14776495611616638, -0.019650194612112308, 4.397632481668676e-10, -0.1477649879204388, 0.9890225014350648, 8.140907184484014e-10, 0.0, 0.0, 0.0, 1.0], "right_foot_pose": [0.9999904392827836, -0.004372275527392122, -6.745174332326407e-05, 0.0008276141244078678, 0.0043727957868353795, 0.9998720908810212, 0.015384425053331376, -0.14187984235745968, 1.78170466447179e-07, -0.015384572919893078, 0.9998816504547132, 0.010538497864010038, 0.0, 0.0, 0.0, 1.0]}, {"left_foot_pose": [0.9999997847664144, -0.0006474769204393062, -0.00010602246714273999, 0.019682999931861487, 0.0006560999360165851, 0.9868569924656226, 0.16159469655462322, -0.019650194753811075, 1.7657369527348314e-10, -0.16159473133535124, 0.9868572048704194, 3.5074645271526705e-10, 0.0, 0.0, 0.0, 1.0], "right_foot_pose": [0.9999603973742202, -0.008890815083458485, -0.00039634624192758366, 0.001684390227555315, 0.00889964509061675, 0.9989716230804784, 0.04445776194564136, -0.14382595571162762, 6.729081170001809e-07, -0.044459528642418325, 0.9990111862799341, 0.01829520819089204, 0.0, 0.0, 0.0, 1.0]}, {"left_foot_pose": [0.9999997847664077, -0.0006465790838300539, -0.0001113670848015157, 0.019682999925231492, 0.000656099946063216, 0.985488489475722, 0.16974099871192488, -0.01965019493944293, 7.428195066636468e-13, -0.16974103524589831, 0.9854887015859958, 6.562238252794117e-11, 0.0, 0.0, 0.0, 1.0], "right_foot_pose": [0.999895113442286, -0.014445279450172937, -0.001046907753264069, 0.0027412026120045025, 0.014483166525743038, 0.9972858036816086, 0.07218908271003147, -0.1462264492756718, 1.2747670962628959e-06, -0.07219667358496923, 0.9973904151943914, 0.023884417283435544, 0.0, 0.0, 0.0, 1.0]}, {"left_foot_pose": [0.9999997847664066, -0.0006463254430474797, -0.00011282979726078159, 0.019682999999566762, 0.0006560999477829741, 0.9851018818471607, 0.1719704972198489, -0.019650195009047338, -6.219680074837988e-11, -0.17197053423364497, 0.9851020938742318, 3.9178174593423876e-12, 0.0, 0.0, 0.0, 1.0], "right_foot_pose": [0.9997848539654021, -0.020650089517326296, -0.001954375681803658, 0.003926010414854846, 0.02074236674431434, 0.9953452275018297, 0.0941149951451695, -0.14891766547028762, 1.795432958243609e-06, -0.09413528505431613, 0.9955594146531482, 0.025000000929419917, 0.0, 0.0, 0.0, 1.0]}, {"left_foot_pose": [0.9999997847664113, -0.0006467207669291642, -0.00011054131038344839, 0.019683000108486746, 0.000656099940313299, 0.9857044431469041, 0.1684824035124162, -0.019650195031430475, -8.417729115925955e-12, -0.16848243977549113, 0.9857046553036559, 1.2366292712062688e-10, 0.0, 0.0, 0.0, 1.0], "right_foot_pose": [0.9996273885662361, -0.027131544308351668, -0.0029938823775724154, 0.005166762187663734, 0.02729622728026362, 0.9936049877786293, 0.10956296928111262, -0.15173594952745925, 2.123907573094999e-06, -0.10960386655987012, 0.9939753479994436, 0.02500000047230315, 0.0, 0.0, 0.0, 1.0]}, {"left_foot_pose": [0.9999997847664222, -0.0006477314287969744, -0.00010445624034065447, 0.01968300022909116, 0.0006560999237904414, 0.987244918838126, 0.1592075367600185, -0.01965019505099776, 1.67256283414142e-10, -0.15920757102694216, 0.9872451313264107, 4.5268040704815604e-10, 0.0, 0.0, 0.0, 1.0], "right_foot_pose": [0.9994298384172003, -0.03352755162524275, -0.003987651362074415, 0.006391409115168184, 0.033763857548681254, 0.9924427058632932, 0.1179723590599805, -0.15451765253172517, 2.19114908125999e-06, -0.11803973424555528, 0.9930088726363113, 0.024992550205858333, 0.0, 0.0, 0.0, 1.0]}, {"left_foot_pose": [0.9999997847664384, -0.0006492908754138332, -9.427850321346174e-05, 0.019683000406594906, 0.0006560998986922611, 0.9896218664798571, 0.14369457511627803, -0.01965019478923372, 4.918492910161395e-10, -0.14369460604449943, 0.9896220794796956, 1.067489915906883e-09, 0.0, 0.0, 0.0, 1.0], "right_foot_pose": [0.9992090734026473, -0.039498714010728415, -0.00459121131304821, 0.0075279082220614515, 0.03976465297399216, 0.9925321078975393, 0.1153203675259727, -0.15709911938377574, 1.918425822254971e-06, -0.11541172550467371, 0.9933177405102324, 0.021837792462972433, 0.0, 0.0, 0.0, 1.0]}, {"left_foot_pose": [0.9999997847664555, -0.0006512206557943846, -7.986677308318018e-05, 0.019683000553893337, 0.0006560998734761967, 0.992563260771892, 0.12172815162823304, -0.019650194527226376, 9.379864157015303e-10, -0.12172817782883129, 0.9925634744047725, 1.9270816539740387e-09, 0.0, 0.0, 0.0, 1.0], "right_foot_pose": [0.998990658504819, -0.0446890029436314, -0.00453400882353173, 0.008504204097310633, 0.04491841736118618, 0.9938915313789349, 0.10080654559601458, -0.159316698388012, 1.3689600278157494e-06, -0.10090845786721352, 0.9948957147002828, 0.014923779195855552, 0.0, 0.0, 0.0, 1.0]}, {"left_foot_pose": [0.9999997847664649, -0.0006532268804012532, -6.133243865606852e-05, 0.01968300061329607, 0.000656099859250479, 0.9956211206312496, 0.09347809201064096, -0.019650194401724594, 1.4688755308711512e-09, -0.09347811213122521, 0.9956213349222601, 2.9324985426071315e-09, 0.0, 0.0, 0.0, 1.0], "right_foot_pose": [0.9988063531540334, -0.04869825394923814, -0.003788002301442501, 0.009248245719049857, 0.04884535698108053, 0.9957994974422308, 0.07744347613060293, -0.16100674197274417, 7.28720766556413e-07, -0.07753606229423823, 0.9969895481113996, 0.007129214600657664, 0.0, 0.0, 0.0, 1.0]}, {"left_foot_pose": [0.9999997847664577, -0.000654934602675941, -3.9085873430476385e-05, 0.019683000539696113, 0.0006560998698983243, 0.998223913535357, 0.05957002584453086, -0.019650194528919376, 1.9823315365537525e-09, -0.05957003866729979, 0.9982241283865951, 3.868313516730559e-09, 0.0, 0.0, 0.0, 1.0], "right_foot_pose": [0.9986901667704894, -0.051108853079139926, -0.002415767552298343, 0.009687987469104297, 0.0511659143951692, 0.9975765862857777, 0.04714874015835861, -0.1620055994204228, 1.9511446133243752e-07, -0.04721058812754931, 0.9988849585255615, 0.0013328062303411964, 0.0, 0.0, 0.0, 1.0]}, {"left_foot_pose": [0.9999997847664033, -0.0006559429047607397, -1.4354575155682548e-05, 0.01968299951642345, 0.0006560999528496622, 0.9997604928704142, 0.02187524693253122, -0.019650194717091517, 2.2241172271927742e-09, -0.02187525164227938, 0.999760708052476, 4.300626126052531e-09, 0.0, 0.0, 0.0, 1.0], "right_foot_pose": [0.9986661203117931, -0.05163016325989336, -0.0005535188774850673, 0.009776528455489118, 0.05163313026914962, 0.9986087341332017, 0.01070588490004211, -0.1622067255407047, 2.2003332516457865e-09, -0.010720184449937442, 0.9999425371716915, 4.5017295238758415e-09, 0.0, 0.0, 0.0, 1.0]}, {"left_foot_pose": [0.9999997847663555, -0.0006560099793660828, 1.0869705538775502e-05, 0.019682998616922933, 0.0006561000255472825, 0.9998624917484735, -0.016570067208411036, -0.019650194587568053, 1.9185826251384843e-09, 0.01657007077358898, 0.9998627069525894, 4.191399456676681e-09, 0.0, 0.0, 0.0, 1.0], "right_foot_pose": [0.9986661203103989, -0.05161348064717281, 0.0014243453441630258, 0.00977652762596338, 0.05163313029611438, 0.9982860641082002, -0.027549120914882166, -0.16220672516855755, 1.911631409827518e-09, 0.02758591711076914, 0.9996194361741663, 4.396794803240844e-09, 0.0, 0.0, 0.0, 1.0]}, {"left_foot_pose": [0.9999997847663791, -0.0006551949878760368, 3.444886541155298e-05, 0.019683000361908613, 0.0006560999896841527, 0.9986202822894242, -0.05250810730730331, -0.019650194570201993, 1.7130285774025953e-09, 0.05250811860769328, 0.9986204972261892, 3.539345011516204e-09, 0.0, 0.0, 0.0, 1.0], "right_foot_pose": [0.9986661203080259, -0.05152907041735589, 0.003276438743275108, 0.009776529391339224, 0.05163313034201258, 0.9966534352391881, -0.0633715226029042, -0.16220672535646644, 1.72182404695139e-09, 0.0634561654045437, 0.9979846266712487, 3.394974482096025e-09, 0.0, 0.0, 0.0, 1.0]}, {"left_foot_pose": [0.9999963702343051, -0.0026846196692710037, 0.00022876941855314972, 0.019138405447576678, 0.002694349128794851, 0.9964165047001071, -0.08453927870519629, -0.019664448861221706, -9.938139794320388e-07, 0.08453958823210592, 0.9964201212443271, 0.0028444578721029956, 0.0, 0.0, 0.0, 1.0], "right_foot_pose": [0.9986661203077377, -0.051403124151505684, 0.00486815950394599, 0.00977652956682959, 0.051633130347587625, 0.9942174358095228, -0.0941579002678314, -0.16220672569834776, 1.1781872783343785e-09, 0.094283663271018, 0.9955453735717914, 2.278651420328792e-09, 0.0, 0.0, 0.0, 1.0]}, {"left_foot_pose": [0.9999646261441978, -0.00835599589634918, 0.000961141444512527, 0.01761093922869149, 0.008411091147266287, 0.9934477656784952, -0.11397714864883676, -0.01970441377388015, -2.451234165172977e-06, 0.1139812010859107, 0.993482906643595, 0.00961703669029574, 0.0, 0.0, 0.0, 1.0], "right_foot_pose": [0.9986661203083934, -0.05126500895800822, 0.0061545921649594085, 0.009776529604039888, 0.0516331303349085, 0.9915460711187973, -0.11903952579162691, -0.16220672574976916, 6.755607007065084e-10, 0.1191985222450864, 0.9928704408403889, 1.359553962465565e-09, 0.0, 0.0, 0.0, 1.0]}, {"left_foot_pose": [0.9998545631591552, -0.016885849109993228, 0.0023917837799583342, 0.015301362733382704, 0.017054398649077446, 0.9900063281741227, -0.13998791969991745, -0.019764835773117117, -4.06618850872223e-06, 0.1400083507331855, 0.9901503227835863, 0.017439490213403637, 0.0, 0.0, 0.0, 1.0], "right_foot_pose": [0.9986661203093531, -0.051140096896985635, 0.007118330958280145, 0.009776529540253485, 0.0516331303163453, 0.9891300761706606, -0.13767974530902705, -0.16220672562523494, 2.728842192259273e-10, 0.1378636388029495, 0.990451218938121, 6.757475828900184e-10, 0.0, 0.0, 0.0, 1.0]}, {"left_foot_pose": [0.9996115245087471, -0.027513235273519274, 0.004452185315457269, 0.012410517272028465, 0.027871132722636804, 0.9868067447853545, -0.1594855742908756, -0.01984046171625545, -5.482370130498539e-06, 0.15954770550188788, 0.9871902195823393, 0.023433112993885702, 0.0, 0.0, 0.0, 1.0], "right_foot_pose": [0.9986661203101542, -0.05104778121076448, 0.007752688444816711, 0.009776529407425379, 0.051633130300849275, 0.987344546330868, -0.14994921368926148, -0.162206725444423, -2.256788948234567e-12, 0.150149495051266, 0.9886633042324621, 2.2549614259181894e-10, 0.0, 0.0, 0.0, 1.0]}, {"left_foot_pose": [0.9991953807174607, -0.039535754326075874, 0.006746501519864001, 0.009139246874055195, 0.04010724514685477, 0.9849841535849839, -0.16792148782452926, -0.019926042607461922, -6.294400503578644e-06, 0.16805695854781355, 0.9857772865328355, 0.025000000760919655, 0.0, 0.0, 0.0, 1.0], "right_foot_pose": [0.9986661203104918, -0.05100119779366179, 0.008053444455717283, 0.009776529249853321, 0.05163313029431338, 0.9864435501366984, -0.15576630652910034, -0.16220672535656291, -1.3084781242648858e-10, 0.15597435756341144, 0.9877611046111713, 2.5995344765661343e-11, 0.0, 0.0, 0.0, 1.0]}, {"left_foot_pose": [0.9985940633159636, -0.05225241535742944, 0.008920863154936747, 0.005688401347753649, 0.05300845846252563, 0.9843718755538942, -0.16793485031385408, -0.020016323899570504, -6.445243797488739e-06, 0.16817162575126762, 0.9857577310123596, 0.0250000007909483, 0.0, 0.0, 0.0, 1.0], "right_foot_pose": [0.9986661203102895, -0.051004163129864596, 0.008034642980048324, 0.00977652908078492, 0.05163313029823666, 0.9865009042845618, -0.15540265667403344, -0.16220672534296077, -1.136046092366242e-10, 0.1556102219944574, 0.9878185353650922, 3.637928847055605e-11, 0.0, 0.0, 0.0, 1.0]}, {"left_foot_pose": [0.997831422616929, -0.06495319879918791, 0.010655233644991137, 0.0022588216580818115, 0.06582136433175215, 0.9846850067349572, -0.16144034659553136, -0.02010604860882726, -5.981886851407078e-06, 0.16179159272697588, 0.9868249492625761, 0.025000000956810355, 0.0, 0.0, 0.0, 1.0], "right_foot_pose": [0.9986661203096286, -0.05105542517068568, 0.007702188413328116, 0.009776528939949326, 0.051633130311011514, 0.9874923922479721, -0.14897246425653063, -0.16220672532053987, 3.951978338051271e-11, 0.14917144101005947, 0.9888113476224788, 2.6796020263786247e-10, 0.0, 0.0, 0.0, 1.0]}, {"left_foot_pose": [0.996969405713201, -0.07702453275773742, 0.010919039578645868, -0.0009486502672567333, 0.07779462738478132, 0.9871087792430341, -0.13987227706515312, -0.020189967023078785, -4.6830422793934464e-06, 0.14029782355681805, 0.9901093478415858, 0.02245972235250584, 0.0, 0.0, 0.0, 1.0], "right_foot_pose": [0.9986661203089365, -0.05118494263851189, 0.006788357252546809, 0.00977652903507461, 0.05163313032439503, 0.9899974629485743, -0.13129753694677734, -0.16220672553786308, 4.395886938184609e-10, 0.13147290596346659, 0.9913197642524441, 8.632544817865906e-10, 0.0, 0.0, 0.0, 1.0]}, {"left_foot_pose": [0.9961045572238004, -0.08760924330902842, 0.010016564520674173, -0.0037331641634485205, 0.08817999244821512, 0.9896612572353397, -0.11311447678878495, -0.0202628200093826, -3.132117947588483e-06, 0.11355710640108435, 0.9935314708533415, 0.01583856077351762, 0.0, 0.0, 0.0, 1.0], "right_foot_pose": [0.99866612030815, -0.05131252474219921, 0.0057449937553119826, 0.00977652913618052, 0.05163313033961222, 0.9924651009112533, -0.11111725034641824, -0.16220672580086337, 8.50585448626955e-10, 0.11126566531413509, 0.9937906981463467, 1.647115846492575e-09, 0.0, 0.0, 0.0, 1.0]}, {"left_foot_pose": [0.9953589072998994, -0.09591082189650603, 0.00785874683949479, -0.005893879718975501, 0.0962322485250855, 0.9920356522852376, -0.08126880667765513, -0.020319348904821465, -1.599004060787356e-06, 0.08164789549119138, 0.996661236910167, 0.007998176586696874, 0.0, 0.0, 0.0, 1.0], "right_foot_pose": [0.9986661203079988, -0.051447015118883097, 0.004380043872765166, 0.009776529296519376, 0.05163313034254209, 0.9950663563470892, -0.0847169777385716, -0.16220672594409397, 1.3374293024101353e-09, 0.08483013085858677, 0.9963954279795323, 2.6026599625472713e-09, 0.0, 0.0, 0.0, 1.0]}, {"left_foot_pose": [0.9948652635439668, -0.10109598106996118, 0.004765501557751907, -0.00722995518077974, 0.10120823777440129, 0.9937619986687988, -0.046839968065699795, -0.020354299015926426, -4.4182780353925665e-07, 0.04708176518884444, 0.9988910387957781, 0.001817276275209917, 0.0, 0.0, 0.0, 1.0], "right_foot_pose": [0.9986661203090098, -0.05156124222056156, 0.0027236827316734226, 0.00977652949011102, 0.05163313032298391, 0.997275689253903, -0.05268035189900251, -0.16220672583891238, 1.8109901133070727e-09, 0.05275071491293302, 0.9986077118048782, 3.5381885130081336e-09, 0.0, 0.0, 0.0, 1.0]}, {"left_foot_pose": [0.9947354882416407, -0.10246998587108999, 0.0011001946391814574, -0.007570433967638416, 0.1024758919583798, 0.9946781575300688, -0.010679630139801922, -0.02036320067941145, 1.9729084439760794e-09, 0.010736150528333785, 0.9999423658750708, 4.0106038073917105e-09, 0.0, 0.0, 0.0, 1.0], "right_foot_pose": [0.9986661203127073, -0.05162589567736873, 0.0008643119078397846, 0.009776530226215087, 0.0516331302514635, 0.9985261916139904, -0.016717192386758246, -0.16220672545025375, 1.9524751285922324e-09, 0.016739520792720224, 0.999859884405625, 4.063819128430346e-09, 0.0, 0.0, 0.0, 1.0]}, {"left_foot_pose": [0.9947354882430166, -0.10244003246765439, -0.0027107522856971438, -0.007570432869002082, 0.10247589194502563, 0.9943873999770534, 0.02631331102213567, -0.020363200670169786, 1.48191693574924e-09, -0.026452571045213463, 0.9996500695168781, 3.840200019089579e-09, 0.0, 0.0, 0.0, 1.0], "right_foot_pose": [0.9986661203162605, -0.05162265032704819, -0.0010402430867416338, 0.00977653136632884, 0.05163313018274416, 0.9984634239510108, 0.020119913010644055, -0.1622067252872641, 1.4401702793031506e-09, -0.02014678647416014, 0.9997970328995602, 4.151356522430483e-09, 0.0, 0.0, 0.0, 1.0]}, {"left_foot_pose": [0.9947354882463831, -0.10227969341867503, -0.006338196700381637, -0.007570434166241843, 0.10247589191234661, 0.9928309866342805, 0.061524983182210016, -0.02036320101645388, 1.6660561745147977e-09, -0.06185059654509379, 0.998085419043389, 3.2469728503126127e-09, 0.0, 0.0, 0.0, 1.0], "right_foot_pose": [0.9986661203141859, -0.05155473240085125, -0.002844240441328162, 0.009776530013213672, 0.05163313022286631, 0.9971497845913792, 0.05501206188423093, -0.16220672564645724, 1.6141356568796837e-09, -0.0550855394495012, 0.9984816389616574, 3.4838404869286244e-09, 0.0, 0.0, 0.0, 1.0]}, {"left_foot_pose": [0.9947354882485135, -0.10203335514575157, -0.009513298938512252, -0.007570434824790489, 0.10247589189166706, 0.9904397765209294, 0.09234576690991075, -0.02036320087242134, 1.2433110257887207e-09, -0.09283449532836968, 0.9956815537495552, 2.2884838329906287e-09, 0.0, 0.0, 0.0, 1.0], "right_foot_pose": [0.9985826007635361, -0.05302314001546435, -0.004619098963253359, 0.009578399503232454, 0.05322395561683026, 0.9948164031166429, 0.08664603071441114, -0.16222203723926817, 9.107979088818489e-07, -0.08676906541484403, 0.9962284523572918, 0.0022503005128793746, 0.0, 0.0, 0.0, 1.0]}, {"left_foot_pose": [0.994735488248025, -0.10175867333115142, -0.012102926168821294, -0.007570435037898736, 0.10247589189640652, 0.9877734344886591, 0.11748333370531959, -0.02036320083647409, 7.727646156908741e-10, -0.11810509946807317, 0.9930011004423094, 1.4270790729686844e-09, 0.0, 0.0, 0.0, 1.0], "right_foot_pose": [0.9982851411302603, -0.05813936267197405, -0.006825797142667014, 0.008916349471752268, 0.05853867945920819, 0.9914801785335435, 0.11636270271124034, -0.16227321667449343, 2.3891952252037524e-06, -0.11656273024937744, 0.9931833314706316, 0.00871010672363963, 0.0, 0.0, 0.0, 1.0]}, {"left_foot_pose": [0.9947354882465814, -0.10150544733001213, -0.014069562365978333, -0.007570435095092789, 0.10247589191041998, 0.9853153642101949, 0.13657351364190454, -0.020363200970039082, 3.7125892841460233e-10, -0.1372963117263741, 0.9905300211433953, 7.713313737722771e-10, 0.0, 0.0, 0.0, 1.0], "right_foot_pose": [0.9977623043222519, -0.06616814330714661, -0.009600046085017886, 0.00787923039206676, 0.0668609307224075, 0.9874325875412888, 0.14320091132548093, -0.16235339720067163, 4.05992394619016e-06, -0.14352233928138086, 0.9896470775537699, 0.016558459521017907, 0.0, 0.0, 0.0, 1.0]}, {"left_foot_pose": [0.9947354882450199, -0.10131235346327362, -0.015398553882606691, -0.007570435015272714, 0.10247589192557874, 0.9834409977257023, 0.14947406318934803, -0.02036320116932195, 7.041267304084063e-11, -0.1502651357701074, 0.9886457348170741, 3.3077049432783667e-10, 0.0, 0.0, 0.0, 1.0], "right_foot_pose": [0.9969973364267041, -0.07638178312090384, -0.012733199335909936, 0.006560531085333415, 0.07743585169079766, 0.9834378711396847, 0.1638708103390155, -0.16245535016481796, 5.5657525429052785e-06, -0.1643647675614091, 0.9863996264970433, 0.022916652765177917, 0.0, 0.0, 0.0, 1.0]}, {"left_foot_pose": [0.9947354882432855, -0.10122496018430764, -0.015962952893452904, -0.00757043478193989, 0.10247589194241408, 0.9825926691283262, 0.15495269647824508, -0.020363201234690015, -4.071382337364615e-11, -0.1557727640216922, 0.9877929165513607, 1.0031660918619068e-10, 0.0, 0.0, 0.0, 1.0], "right_foot_pose": [0.9959860784739093, -0.08815949242167227, -0.015480160920252258, 0.00505374364713348, 0.08950827584523548, 0.980990174752829, 0.17218172258874362, -0.16257184243523587, 6.432498647152364e-06, -0.17287620117982402, 0.9849435613395603, 0.025000001013511568, 0.0, 0.0, 0.0, 1.0]}, {"left_foot_pose": [0.9947354882435394, -0.10122866876188448, -0.015939418106852406, -0.007570434687209467, 0.1024758919399507, 0.982628668372375, 0.15472424394336276, -0.02036320123907112, -5.0608961341593735e-11, -0.15554310242961708, 0.987829106316761, 1.0874055822451822e-10, 0.0, 0.0, 0.0, 1.0], "right_foot_pose": [0.9947511165104318, -0.10079993550083531, -0.01759514717973794, 0.003452368516773136, 0.10232407418500773, 0.9799451593229198, 0.17098908901376725, -0.162695644126377, 6.590162424196293e-06, -0.17189199435286248, 0.9851158014334991, 0.025000001072424928, 0.0, 0.0, 0.0, 1.0]}, {"left_foot_pose": [0.9947354882447897, -0.10132969074032364, -0.015284050538753818, -0.007570434571366582, 0.10247589192781326, 0.9836092909919862, 0.14836257697897412, -0.02036320125077603, 7.119200525773148e-11, -0.1491477671596637, 0.9888149187544085, 3.437689369278907e-10, 0.0, 0.0, 0.0, 1.0], "right_foot_pose": [0.9933502428048011, -0.11357989423090588, -0.018838862655126076, 0.0018498934884628913, 0.11513164240348239, 0.9799704908003283, 0.16248859060881743, -0.16281953083721118, 6.092547185265864e-06, -0.16357703013277727, 0.9865305647448644, 0.025000001239534046, 0.0, 0.0, 0.0, 1.0]}, {"left_foot_pose": [0.9947354882469713, -0.10151855053177378, -0.013974702858662704, -0.0075704343743234715, 0.10247589190663471, 0.9854425572394759, 0.13565271084376687, -0.020363201041837448, 3.411369771824977e-10, -0.1363706356927714, 0.990657887325766, 8.608113805097517e-10, 0.0, 0.0, 0.0, 1.0], "right_foot_pose": [0.9918792339212331, -0.12582554402553875, -0.0185342328275232, 0.0003398086580990937, 0.1271832744168683, 0.981296