{"LoopMode": "Wrap", "FrameDuration": 0.0167, "EnableCycleOffsetPosition": true, "EnableCycleOffsetRotation": false, "Debug_info": [{"left_foot_pose": [1.0000000000000004, 1.0635296608507008e-13, -7.294331805240975e-12, 1.213253989590807e-12, -3.405412137991963e-14, 0.999951326834259, 0.009866304394542613, 2.248201624865942e-15, 7.294677310266063e-12, -0.009866304394542781, 0.9999513268342592, 1.529784632303688e-11, 0.0, 0.0, 0.0, 1.0], "right_foot_pose": [1.0, -1.7240597541917768e-13, -7.349676423018535e-12, 7.393578914029904e-13, 6.52991202354915e-14, 0.9998937163162682, -0.01457930283800079, -0.14000000000189367, 7.351266996277702e-12, 0.014579302838000635, 0.9998937163162684, 1.2675707705689376e-11, 0.0, 0.0, 0.0, 1.0]}, {"left_foot_pose": [1.0000000000000004, 1.7096262392130924e-13, -1.626693224565657e-11, 2.7645469668564374e-12, -5.489638285819639e-14, 0.9999746910705737, 0.007114577873034689, 8.283148472676416e-13, 1.6267416268255393e-11, -0.0071145778730348636, 0.9999746910705738, 3.3209726635341497e-11, 0.0, 0.0, 0.0, 1.0], "right_foot_pose": [1.0, -4.41449607022634e-13, -1.6366463739814204e-11, 1.887541573936556e-12, 1.577913252551782e-13, 0.9998497922137133, -0.017331849589545752, -0.14000000000338572, 1.6371634830936717e-11, 0.0173318495895456, 0.9998497922137132, 2.926665854108279e-11, 0.0, 0.0, 0.0, 1.0]}, {"left_foot_pose": [1.0000000000000004, 1.3731662281745233e-13, -2.8567592735839763e-11, 4.920870264918488e-12, -4.323124965903709e-14, 0.9999946147118732, 0.003281851193022352, 2.299502602221004e-12, 2.856761545471017e-11, -0.003281851193022526, 0.9999946147118732, 5.7655297203140776e-11, 0.0, 0.0, 0.0, 1.0], "right_foot_pose": [0.9999999999999998, -9.3089238741199e-13, -2.8741842239554665e-11, 3.5471954771955214e-12, 3.2237816489772617e-13, 0.9997759574224822, -0.021166836323814137, -0.1400000000050797, 2.875487913978768e-11, 0.021166836323813984, 0.999775957422482, 5.229979643806004e-11, 0.0, 0.0, 0.0, 1.0]}, {"left_foot_pose": [1.0000000000000004, -1.0954133131028318e-13, -4.402400666236873e-11, 7.668209261665967e-12, 3.89219374591848e-14, 0.9999987013136937, -0.001611636102565614, 4.526753971667574e-12, 4.402380072124338e-11, 0.0016116361025654406, 0.9999987013136937, 8.842881288328996e-11, 0.0, 0.0, 0.0, 1.0], "right_foot_pose": [1.0, -1.7509870932832932e-12, -4.432476607973966e-11, 5.720185992624278e-12, 5.951295354755623e-13, 0.9996602475547721, -0.026065100397495617, -0.1400000000068111, 4.435511642246578e-11, 0.026065100397495464, 0.9996602475547725, 8.146734675751333e-11, 0.0, 0.0, 0.0, 1.0]}, {"left_foot_pose": [1.0000000000000004, -7.131772107349022e-13, -6.280587161455742e-11, 1.1058016997353729e-11, 2.389606023225675e-13, 0.9999714569052157, -0.007555486407997482, 7.698751358642397e-12, 6.28091667558036e-11, 0.007555486407997309, 0.9999714569052158, 1.260305956818364e-10, 0.0, 0.0, 0.0, 1.0], "right_foot_pose": [0.9999999999999996, -3.0546318350238035e-12, -6.33146868267431e-11, 8.464532669046142e-12, 1.0259514525922812e-12, 0.9994873050502461, -0.03201760521019888, -0.14000000000842155, 6.33798472692714e-11, 0.03201760521019873, 0.999487305050246, 1.171162333779563e-10, 0.0, 0.0, 0.0, 1.0]}, {"left_foot_pose": [1.0000000000000004, -1.863838499974165e-12, -8.546346963456128e-11, 1.521800102590157e-11, 6.195464221366459e-13, 0.9998939831690414, -0.01456098974484561, 1.2112151559495743e-11, 8.548110114071385e-11, 0.014560989744845432, 0.9998939831690417, 1.717641029408412e-10, 0.0, 0.0, 0.0, 1.0], "right_foot_pose": [0.9999999999999999, -5.057721844567841e-12, -8.630218761851434e-11, 1.1906716911723717e-11, 1.6849299438749828e-12, 0.9992377531850108, -0.039037323291585074, -0.1400000000097344, 8.643375477947721e-11, 0.039037323291584936, 0.9992377531850107, 1.6033951250049583e-10, 0.0, 0.0, 0.0, 1.0]}, {"left_foot_pose": [1.0000000000000007, -3.828541482773066e-12, -1.129365490015743e-10, 2.0359548972266314e-11, 1.2682004607138354e-12, 0.9997431181061419, -0.02266490236929291, 1.8207017490889932e-11, 1.129938964440595e-10, 0.02266490236929273, 0.999743118106142, 2.2779957087326608e-10, 0.0, 0.0, 0.0, 1.0], "right_foot_pose": [0.9999999999999998, -8.07118222267932e-12, -1.1428336055274709e-10, 1.6252483143282262e-11, 2.672314373301897e-12, 0.9988872023012391, -0.04716309021685509, -0.1400000000105142, 1.145365791908506e-10, 0.04716309021685494, 0.9988872023012392, 2.1301509167681587e-10, 0.0, 0.0, 0.0, 1.0]}, {"left_foot_pose": [1.0000000000000007, -6.992907791365737e-12, -1.4654494284727083e-10, 2.6785361060767127e-11, 2.310527218057799e-12, 0.9994901119609351, -0.03192986207797157, 2.6608871356303965e-11, 1.4669325461986596e-10, 0.031929862077971397, 0.999490111960935, 2.97227818746304e-10, 0.0, 0.0, 0.0, 1.0], "right_foot_pose": [0.9999999999999998, -1.2545146992630092e-11, -1.4866019526493793e-10, 2.179960554251996e-11, 4.131841831579933e-12, 0.9984048547060779, -0.05646012840346762, -0.140000000010411, 1.491312225128704e-10, 0.05646012840346747, 0.9984048547060778, 2.7781827532935566e-10, 0.0, 0.0, 0.0, 1.0]}, {"left_foot_pose": [1.0000000000000004, -1.1914949597202096e-11, -1.8797169376583138e-10, 3.489981446666328e-11, 3.926541215526761e-12, 0.9990989035932873, -0.042442677091481314, 3.817610290390849e-11, 1.8830757174025812e-10, 0.04244267709148112, 0.9990989035932877, 3.8413699998685047e-10, 0.0, 0.0, 0.0, 1.0], "right_foot_pose": [1.0, -1.912654495610517e-11, -1.9123275185606293e-10, 2.8953870131872302e-11, 6.267484126988616e-12, 0.9977517349979139, -0.0670184699068308, -0.1400000000088888, 1.92084470155562e-10, 0.06701846990683064, 0.9977517349979139, 3.5823923688615977e-10, 0.0, 0.0, 0.0, 1.0]}, {"left_foot_pose": [1.0000000000000004, -1.938379289044413e-11, -2.391486453312549e-10, 4.5208618983679154e-11, 6.367436468658522e-12, 0.9985241388810633, -0.054309705134827246, 5.402531026710289e-11, 2.3984835094397887e-10, 0.054309705134827066, 0.9985241388810635, 4.93549527635917e-10, 0.0, 0.0, 0.0, 1.0], "right_foot_pose": [0.9999999999999998, -2.872036185439491e-11, -2.440990742869074e-10, 3.8237169473917935e-11, 9.359537308444217e-12, 0.9968786978015124, -0.07894847604330926, -0.14000000000514057, 2.456044458021298e-10, 0.07894847604330911, 0.9968786978015126, 4.5844663482119685e-10, 0.0, 0.0, 0.0, 1.0]}, {"left_foot_pose": [1.0000000000000007, -3.044353847197122e-11, -3.017991967446671e-10, 5.826379405580495e-11, 9.958555388691163e-12, 0.9977093674162372, -0.0676462724020524, 7.544266773795716e-11, 3.031669457880822e-10, 0.06764627240205223, 0.9977093674162373, 6.307198166521921e-10, 0.0, 0.0, 0.0, 1.0], "right_foot_pose": [1.0, -4.25052055707724e-11, -3.091984446257354e-10, 5.024315483629537e-11, 1.3762789756555176e-11, 0.9957247198799467, -0.09237035357733415, -0.13999999999801482, 3.118025728084834e-10, 0.092370353577334, 0.9957247198799468, 5.825341459209099e-10, 0.0, 0.0, 0.0, 1.0]}, {"left_foot_pose": [1.0000000000000004, -4.6260282822272153e-11, -3.7618541615103063e-10, 7.44651497260548e-11, 1.5047626402011108e-11, 0.9965867053639034, -0.08255264194392271, 1.0346314430198511e-10, 3.7872021404903045e-10, 0.08255264194392252, 0.9965867053639034, 7.987822833732672e-10, 0.0, 0.0, 0.0, 1.0], "right_foot_pose": [0.9999999999999998, -6.175969757179024e-11, -3.870297970998134e-10, 6.544856506954715e-11, 1.9839471620545617e-11, 0.9942169672927235, -0.10739004584811081, -0.13999999998607043, 3.9142370086410634e-10, 0.10739004584811064, 0.9942169672927236, 7.322531608844329e-10, 0.0, 0.0, 0.0, 1.0]}, {"left_foot_pose": [1.0000000000000002, -6.746708047846255e-11, -4.578494250395681e-10, 9.34664908600821e-11, 2.1781822892459696e-11, 0.9950816306437108, -0.09905830785680972, 1.375413029996997e-10, 4.622803157214537e-10, 0.09905830785680955, 0.9950816306437108, 9.918467921976593e-10, 0.0, 0.0, 0.0, 1.0], "right_foot_pose": [0.9999999999999998, -8.70683216995024e-11, -4.732520486605546e-10, 8.360972509712269e-11, 2.7692374571306388e-11, 0.992276851979497, -0.12404293218744646, -0.13999999996810578, 4.803971975979239e-10, 0.12404293218744632, 0.9922768519794968, 9.007271942196304e-10, 0.0, 0.0, 0.0, 1.0]}, {"left_foot_pose": [1.0000000000000007, -9.200038054943034e-11, -5.295747174116611e-10, 1.1254373589884654e-10, 2.941172071932859e-11, 0.9931325948511619, -0.11699422654216304, 1.719713330072814e-10, 5.367013533020148e-10, 0.11699422654216286, 0.9931325948511619, 1.176306885231071e-09, 0.0, 0.0, 0.0, 1.0], "right_foot_pose": [0.9999999999999996, -1.1574758297132401e-10, -5.501853417300133e-10, 1.0206225802225411e-10, 3.63554230841464e-11, 0.9898431025681835, -0.1421641034093789, -0.13999999994510418, 5.610521410544536e-10, 0.1421641034093788, 0.9898431025681834, 1.0561113789053778e-09, 0.0, 0.0, 0.0, 1.0]}, {"left_foot_pose": [1.0000000000000007, -1.0954034076832103e-10, -5.448972384414199e-10, 1.2279335921103996e-10, 3.458480981864779e-11, 0.9907499557699229, -0.13570012948371368, 1.8816636790375263e-10, 5.547214035907693e-10, 0.13570012948371343, 0.9907499557699232, 1.2484490455322295e-09, 0.0, 0.0, 0.0, 1.0], "right_foot_pose": [1.0000000000000002, -1.352930441536471e-10, -5.691363491600035e-10, 1.1174082933564782e-10, 4.1843769619149735e-11, 0.9869396627666639, -0.16109035370879346, -0.1399999999254317, 5.834974332776633e-10, 0.16109035370879324, 0.986939662766664, 1.1059890572817643e-09, 0.0, 0.0, 0.0, 1.0]}, {"left_foot_pose": [0.9999999985124456, -5.386415211428023e-05, 8.588526683174153e-06, -1.0692758166553783e-05, 5.454413740040901e-05, 0.9881419507658744, -0.15354309545385028, 2.725906031519204e-06, -2.16214861590416e-07, 0.15354309569390004, 0.9881419522339329, 0.00016386115438470072, 0.0, 0.0, 0.0, 1.0], "right_foot_pose": [1.0, -1.1683057830207825e-10, -4.43537373495672e-10, 1.0551220269336595e-10, 3.5549039132072216e-11, 0.9838484928787465, -0.17900319287716485, -0.13999999999156668, 4.5728651677945876e-10, 0.1790031928771647, 0.9838484928787465, 8.40151760661545e-10, 0.0, 0.0, 0.0, 1.0]}, {"left_foot_pose": [0.9999988139176641, -0.0015168069820818897, 0.00026731974352542517, -0.0003019813194249718, 0.001540182374755693, 0.9849600452019112, -0.17277539522195545, 7.69996806449201e-05, -1.2323408617953776e-06, 0.17277560201726821, 0.9849612131175789, 0.0041912089986870585, 0.0, 0.0, 0.0, 1.0], "right_foot_pose": [1.0, -7.712023646117323e-11, -2.6612012593574217e-10, 1.434585878170879e-10, 2.4042090144340642e-11, 0.9810115250900536, -0.1939494460948201, -0.14000000016145064, 2.7602416246121027e-10, 0.1939494460948199, 0.9810115250900534, 4.635938577468579e-10, 0.0, 0.0, 0.0, 1.0]}, {"left_foot_pose": [0.9999885909622734, -0.0046862507498650965, 0.0009257425113492822, -0.0009366015864115081, 0.004776812757809064, 0.9811221187676232, -0.19333021006766565, 0.00023882597696064933, -2.2726122672178757e-06, 0.19333242645464366, 0.9811333104507236, 0.01146980172831135, 0.0, 0.0, 0.0, 1.0], "right_foot_pose": [0.9999999999999998, -3.4357197066605244e-11, -1.0066197875246966e-10, 1.486353880545156e-10, 1.2985602487154982e-11, 0.9787498402847811, -0.20505791899489265, -0.14000000016398464, 1.0556795871035849e-10, 0.2050579189948926, 0.978749840284781, 2.1359879837090645e-10, 0.0, 0.0, 0.0, 1.0]}, {"left_foot_pose": [0.9999559270875852, -0.009174379334030263, 0.0019936514852179135, -0.0018408604490293898, 0.00938849678730641, 0.9772236894372046, -0.21200404932645386, 0.00046941450984639907, -3.2378909655038424e-06, 0.21201342308112, 0.977266753974033, 0.0191209256506333, 0.0, 0.0, 0.0, 1.0], "right_foot_pose": [0.9999999999999998, -3.4421535325727245e-12, 1.3642864615803795e-11, 9.661088088077555e-11, 6.253690641650366e-12, 0.9773133064798852, -0.21179872751589912, -0.14000000006822605, -1.2604389643399114e-11, 0.211798727515899, 0.9773133064798855, 5.87567633436592e-11, 0.0, 0.0, 0.0, 1.0]}, {"left_foot_pose": [0.9998875062065653, -0.014618056289320306, 0.0033596669982298125, -0.002941063378819428, 0.014999163855899457, 0.9745407687235865, -0.2237081026231867, 0.0007499703416530556, -3.954822587677765e-06, 0.2237333290459079, 0.9746503975571938, 0.024265876853010612, 0.0, 0.0, 0.0, 1.0], "right_foot_pose": [0.9999999999999998, 4.723379963144814e-12, 5.209932485428223e-11, -9.031441680973055e-13, 6.524006271746537e-12, 0.9768805317218786, -0.21378593672826093, -0.13999999997792623, -5.190471037410949e-11, 0.21378593672826082, 0.9768805317218786, 2.963018719270849e-12, 0.0, 0.0, 0.0, 1.0]}, {"left_foot_pose": [0.9997745621450288, -0.0206929762036325, 0.00475663994354647, -0.004163512236632155, 0.02123263689943838, 0.9744084685416672, -0.22377960488967844, 0.0010616954389454022, -4.244203955045577e-06, 0.22383015250434818, 0.9746281664367535, 0.02500000010305059, 0.0, 0.0, 0.0, 1.0], "right_foot_pose": [0.9999999999999998, -1.4572724434895677e-11, 1.926403481178427e-12, -9.231207604821487e-11, 1.4651467549175047e-11, 0.977539620379188, -0.2107517273687531, -0.1399999999645492, 1.1877339053180042e-12, 0.21075172736875297, 0.9775396203791881, 9.442047838037482e-11, 0.0, 0.0, 0.0, 1.0]}, {"left_foot_pose": [0.9996159274632347, -0.027048087699169183, 0.006033118069110841, -0.005434511963225458, 0.027712768618294758, 0.9756731715987524, -0.21747152613144885, 0.0013858004692443374, -4.162530243647659e-06, 0.21755519569582912, 0.9760480197246568, 0.025000000307523917, 0.0, 0.0, 0.0, 1.0], "right_foot_pose": [0.9999999999999997, -5.702914157929069e-11, -1.3203632631686412e-10, -1.5558123448300306e-10, 2.9054414363713113e-11, 0.9792017651171042, -0.2028888937116756, -0.13999999992972464, 1.4086065004316114e-10, 0.20288889371167543, 0.9792017651171041, 3.3357091394625726e-10, 0.0, 0.0, 0.0, 1.0]}, {"left_foot_pose": [0.9994196688769232, -0.0333351859064124, 0.007006485747314955, -0.006680368927514401, 0.03406355013734472, 0.9780721350134258, -0.20546185354542132, 0.0017034934750645332, -3.739389205059417e-06, 0.20558128341574386, 0.978640044089324, 0.024910269468094152, 0.0, 0.0, 0.0, 1.0], "right_foot_pose": [0.9999999999999998, -1.1980957061740763e-10, -3.61738916598852e-10, -2.0215031192026855e-10, 4.887795030712824e-11, 0.9817746092233472, -0.19004898496004627, -0.13999999993396503, 3.779156183805466e-10, 0.19004898496004616, 0.9817746092233474, 7.241589342066312e-10, 0.0, 0.0, 0.0, 1.0]}, {"left_foot_pose": [0.9992033082103919, -0.039237640790804475, 0.007290844023890208, -0.007827386745699317, 0.03990925773221989, 0.9824015900426001, -0.18246744101081563, 0.0019959772388137877, -2.944855423022123e-06, 0.18261304287192615, 0.9831848638808394, 0.0211638326397679, 0.0, 0.0, 0.0, 1.0], "right_foot_pose": [0.9999999999999999, -1.959719954781373e-10, -7.055717121673399e-10, -2.1555525966310503e-10, 7.189294985106881e-11, 0.9851440676901766, -0.1717299213732215, -0.14000000020997858, 7.287438555455453e-10, 0.17172992137322138, 0.9851440676901767, 1.295359958186637e-09, 0.0, 0.0, 0.0, 1.0]}, {"left_foot_pose": [0.9989926285686126, -0.04436093311715499, 0.006770205207386043, -0.008801870940724394, 0.04487458146605627, 0.9875644198488743, -0.15067444569933997, 0.002244466896821907, -1.9547697573314006e-06, 0.1508264706924228, 0.9885602539727395, 0.013996811443390274, 0.0, 0.0, 0.0, 1.0], "right_foot_pose": [0.9999999999999999, -2.5779719165476864e-10, -1.12290654552538e-09, -1.4290399009616348e-10, 8.897873551836958e-11, 0.9890144862797073, -0.14781862510822597, -0.14000000043869348, 1.1486780349689165e-09, 0.14781862510822585, 0.9890144862797076, 2.054094380699034e-09, 0.0, 0.0, 0.0, 1.0]}, {"left_foot_pose": [0.998819072131044, -0.048260087811788054, 0.005605806960610011, -0.009530129084236385, 0.04858457724704606, 0.9921504852657633, -0.11522566311649922, 0.0024301737407156077, -1.003476101781578e-06, 0.11536194568101558, 0.9933235230717555, 0.0062879098929866095, 0.0, 0.0, 0.0, 1.0], "right_foot_pose": [1.0, -2.790457881513614e-10, -1.5687002252739984e-09, 3.5993379629275146e-12, 9.106683559190145e-11, 0.9929449660554861, -0.11857611220254123, -0.14000000049706746, 1.590720975316448e-09, 0.1185761122025411, 0.9929449660554863, 2.896408633767944e-09, 0.0, 0.0, 0.0, 1.0]}, {"left_foot_pose": [0.9987157301869606, -0.050506166461920125, 0.004002177713135574, -0.009938465815683537, 0.050664487336368816, 0.9955952663652139, -0.07888710486589479, 0.0025343050726909337, -2.63936294530146e-07, 0.07898856082054229, 0.9968755224497347, 0.0009158366247485894, 0.0, 0.0, 0.0, 1.0], "right_foot_pose": [1.0, -2.3322653681274667e-10, -1.9271066964421367e-09, 2.0686587680863768e-10, 6.898887509396891e-11, 0.9963989103707414, -0.08478921754562704, -0.14000000028583412, 1.939941841857274e-09, 0.0847892175456269, 0.9963989103707412, 3.5912669157922572e-09, 0.0, 0.0, 0.0, 1.0]}, {"left_foot_pose": [0.9986997818563471, -0.05093018057952178, 0.002205090978250482, -0.009999999656078545, 0.050977894425771345, 0.9977650258430409, -0.04319962365983666, 0.002550000498740131, 1.977062335293035e-09, 0.04325586562044343, 0.9990640270220057, 3.836095545384222e-09, 0.0, 0.0, 0.0, 1.0], "right_foot_pose": [0.9999999999999998, -1.3783680885606597e-10, -2.001959820141507e-09, 3.2985669537106226e-10, 3.9453316139371576e-11, 0.9987957979356431, -0.049060717749557524, -0.14000000009871214, 2.006311390725503e-09, 0.04906071774955736, 0.9987957979356432, 3.762160673270731e-09, 0.0, 0.0, 0.0, 1.0]}, {"left_foot_pose": [0.9986997818581812, -0.05097632461177558, 0.0004000568670182538, -0.009999999689834001, 0.05097789438984311, 0.9986690283176959, -0.007837484454092306, 0.0025500003322398088, 1.7490143451639385e-09, 0.00784768807133548, 0.9999692064218457, 3.3246533789887955e-09, 0.0, 0.0, 0.0, 1.0], "right_foot_pose": [0.9999999999999997, -2.7724114485622056e-11, -1.7579861455452315e-09, 2.812500473872467e-10, 4.0205813093445816e-12, 0.9999091143795193, -0.01348195018404164, -0.1400000002014797, 1.7581999996759224e-09, 0.01348195018404149, 0.9999091143795193, 3.359140292313878e-09, 0.0, 0.0, 0.0, 1.0]}, {"left_foot_pose": [0.9986997818594234, -0.050963290478771454, -0.001220138318850447, -0.009999999786343179, 0.05097789436550704, 0.9984136800458813, 0.023903509853169858, 0.002550000222661806, 1.2729789273672507e-09, -0.02393463015836515, 0.9997135257058309, 2.3903720947071605e-09, 0.0, 0.0, 0.0, 1.0], "right_foot_pose": [0.9999999998038501, -1.980279347901375e-05, -3.8572567390137787e-07, 7.180310483526051e-06, 1.9806538410972022e-05, 0.9998306360660242, 0.01840377112198744, -0.14001140546897947, 2.121426693480893e-08, -0.018403771126017588, 0.9998306362621325, 3.740182830642286e-05, 0.0, 0.0, 0.0, 1.0]}, {"left_foot_pose": [0.9986997818599844, -0.050913827665807106, -0.002554968734935179, -0.00999999996141789, 0.05097789435451441, 0.9974446624054836, 0.050053968134320614, 0.002550000431158982, 8.196928124346518e-10, -0.050119133983221376, 0.9987432464896937, 1.5312627485442043e-09, 0.0, 0.0, 0.0, 1.0], "right_foot_pose": [0.9999979243995727, -0.0020345880827390807, -0.00010792534308294715, 0.0007385923316763799, 0.002037448462576344, 0.998608389354157, 0.05269851530412469, -0.14117329927017014, 5.553818105078529e-07, -0.05269862581538829, 0.9986104620105186, 0.003492991390675229, 0.0, 0.0, 0.0, 1.0]}, {"left_foot_pose": [0.9986997818598565, -0.05085271919928112, -0.0035702469262739117, -0.010000000044293692, 0.05097789435702041, 0.9962474959166412, 0.06994412889405183, 0.00255000039157381, 4.138165029346948e-10, -0.07003518993950342, 0.9975445213974857, 8.048537392113531e-10, 0.0, 0.0, 0.0, 1.0], "right_foot_pose": [0.9999759075762296, -0.006910249416836578, -0.0006578146339693094, 0.002516357559862719, 0.006941488612050746, 0.9954990211510795, 0.09451727155970549, -0.14399740501322825, 1.7159035388008274e-06, -0.09451956062233617, 0.9955230045844327, 0.010538499259746203, 0.0, 0.0, 0.0, 1.0]}, {"left_foot_pose": [0.9986997818594402, -0.05080112400463741, -0.0042416404577949275, -0.01000000005837057, 0.05097789436518327, 0.9952367021584745, 0.08309729816797348, 0.0025500002205191413, 1.1227596757939934e-10, -0.08320548345265663, 0.9965324116773175, 2.8615348979244004e-10, 0.0, 0.0, 0.0, 1.0], "right_foot_pose": [0.9999002040047069, -0.01398342865627639, -0.002011406065426167, 0.005121413545973766, 0.014127350059618416, 0.9897481132215957, 0.1421235038780845, -0.14813572709558445, 3.411481318610944e-06, -0.14213773635915894, 0.9898468891152088, 0.018295210412365634, 0.0, 0.0, 0.0, 1.0]}, {"left_foot_pose": [0.998699781859108, -0.0507742698133719, -0.0045518391326973785, -0.010000000019577513, 0.05097789437168894, 0.9947106055892374, 0.08917435401348597, 0.002550000063942108, -5.0884134255091074e-11, -0.08929045107519896, 0.9960056301782579, 3.0645590232136755e-11, 0.0, 0.0, 0.0, 1.0], "right_foot_pose": [0.999735695951297, -0.02256966491832384, -0.004375896051084565, 0.008334698418814545, 0.022989958944712684, 0.9815030362133614, 0.19006117881269918, -0.15324026699637597, 5.338140509367941e-06, -0.19011154654419873, 0.9817624966569445, 0.023884420400636028, 0.0, 0.0, 0.0, 1.0]}, {"left_foot_pose": [0.9986997818591269, -0.05078027550368276, -0.004484343240977097, -0.009999999911240879, 0.05097789437131403, 0.9948282621257469, 0.08785205268708438, 0.0025500000560836926, -4.581778478602204e-11, -0.08796642823053108, 0.9961234398930504, 1.0807656158906553e-10, 0.0, 0.0, 0.0, 1.0], "right_foot_pose": [0.999457866769042, -0.032043329231294826, -0.007562909840191507, 0.011937145013610038, 0.03292373771088684, 0.9727801277360317, 0.2293792723351749, -0.1589630158737144, 6.972858126573605e-06, -0.22950391746905877, 0.9733077374693653, 0.025000004657381877, 0.0, 0.0, 0.0, 1.0]}, {"left_foot_pose": [0.998699781859573, -0.05081831824573519, -0.004030414906308033, -0.009999999724996017, 0.05097789436257489, 0.995573551884321, 0.07895921146260361, 0.0025500000824304897, 1.4730126945074592e-10, -0.07906200932883738, 0.9968696999512462, 5.207300562970474e-10, 0.0, 0.0, 0.0, 1.0], "right_foot_pose": [0.9990611171472896, -0.0418255325182766, -0.011291989814531618, 0.015709685141661253, 0.04332302089642763, 0.9645763237880053, 0.2602222731589764, -0.164955970565821, 8.050875561800616e-06, -0.2604671580395116, 0.9654827080367638, 0.025000003106202352, 0.0, 0.0, 0.0, 1.0]}, {"left_foot_pose": [0.9986997818603031, -0.050879050251778066, -0.0031730045163033895, -0.009999999537128814, 0.050977894348270894, 0.9967633436389134, 0.06216181356420354, 0.0025500001419077913, 5.549768864635713e-10, -0.06224274273560976, 0.9980610407068045, 1.339341415551587e-09, 0.0, 0.0, 0.0, 1.0], "right_foot_pose": [0.9985634178662323, -0.05140010428721091, -0.015137033347786088, 0.01943325774013678, 0.05358265045023002, 0.9579337025077299, 0.2819431169058057, -0.1708711373874709, 8.368787807829296e-06, -0.2823491648280481, 0.9593117058865, 0.02499255152170439, 0.0, 0.0, 0.0, 1.0]}, {"left_foot_pose": [0.9986997818608425, -0.05094294436844307, -0.0018873606385663361, -0.00999999949445188, 0.05097789433770611, 0.9980150834753185, 0.0369749569931818, 0.0025500006304144318, 1.2081172915314119e-09, -0.037023095154614834, 0.9993144101958971, 2.7385959541770255e-09, 0.0, 0.0, 0.0, 1.0], "right_foot_pose": [0.9980072987271821, -0.060448874665817796, -0.01809323738056066, 0.022888798761370878, 0.06309858658761902, 0.9561323437231263, 0.28605857731794393, -0.17636051333808775, 7.610374839636634e-06, -0.28663020573232995, 0.9580412961370319, 0.0218377937066028, 0.0, 0.0, 0.0, 1.0]}, {"left_foot_pose": [0.9986997818602328, -0.05097764053123199, -0.00016086700397884655, -0.00999999950217502, 0.05097789434965418, 0.9986948094737699, 0.0031514786731122045, 0.0025500011627281986, 2.0949491270625006e-09, -0.003155581724507693, 0.999995021139596, 4.74445552289815e-09, 0.0, 0.0, 0.0, 1.0], "right_foot_pose": [0.9974571707889106, -0.06860662211012432, -0.019295694971166295, 0.025857241698475295, 0.07126845310100521, 0.9602250513231713, 0.2699789962274905, -0.18107609874254038, 5.862722154229772e-06, -0.27066766008160675, 0.9626728508437203, 0.014923779453653856, 0.0, 0.0, 0.0, 1.0]}, {"left_foot_pose": [0.9986997818569933, -0.050938733387537107, 0.001997788694611846, -0.009999999846098635, 0.05097789441311725, 0.9979325819950513, -0.03913842196481693, 0.0025500015275542257, 3.211379831729466e-09, 0.03918937653962306, 0.9992318013186113, 7.34324507450923e-09, 0.0, 0.0, 0.0, 1.0], "right_foot_pose": [0.9969930105994238, -0.07523332491961744, -0.018571042981921748, 0.028119525802058086, 0.0774915272981408, 0.9679504620308926, 0.2388869319389051, -0.18466990211145687, 3.5914651364728566e-06, -0.23960769995081735, 0.9708697905030212, 0.007129213789382478, 0.0, 0.0, 0.0, 1.0]}, {"left_foot_pose": [0.9986997818508738, -0.05077498989139992, 0.004543801552189334, -0.010000000040164013, 0.05097789453299788, 0.99472470191476, -0.08901697405312774, 0.0025500016468607833, 4.313148896035507e-09, 0.08913286600418975, 0.9960197448835441, 1.0172893118165494e-08, 0.0, 0.0, 0.0, 1.0], "right_foot_pose": [0.9967004310972796, -0.07957929017549736, -0.015980839329049427, 0.02945658840161773, 0.0811680395773395, 0.97719456481614, 0.1962206203357998, -0.18679392607655435, 1.2916494283105297e-06, -0.19687031027800683, 0.9804295389926665, 0.0013328073593250403, 0.0, 0.0, 0.0, 1.0]}, {"left_foot_pose": [0.9986997818418826, -0.05044695611894596, 0.00733828095062046, -0.010000001084147872, 0.05097789470914924, 0.9882982346678503, -0.14376318584197695, 0.002550001233587536, 5.018695121209641e-09, 0.14395035245092308, 0.9895849109749278, 1.2391512968501495e-08, 0.0, 0.0, 0.0, 1.0], "right_foot_pose": [0.9966398834464125, -0.08105232843657677, -0.011809436012355118, 0.02972581013656816, 0.08190813588356528, 0.9862266187460229, 0.14369451538895447, -0.1872216083098007, 5.0919222026896135e-09, -0.14417897395874474, 0.9895516274900484, 1.140607756161538e-08, 0.0, 0.0, 0.0, 1.0]}, {"left_foot_pose": [0.9986997818357197, -0.04995997824562581, 0.010136386682827507, -0.010000001799475664, 0.050977894829889035, 0.9787579218107386, -0.19858042383739008, 0.002550000903675083, 4.890568549632123e-09, 0.19883895761751819, 0.9800321774990757, 1.3562577096115636e-08, 0.0, 0.0, 0.0, 1.0], "right_foot_pose": [0.996639883437357, -0.08159527125566979, -0.007152233964670833, 0.029725809109521568, 0.08190813599375649, 0.9928330205944215, 0.08702672276597362, -0.18722160811452854, 5.000560415751983e-09, -0.08732012898565267, 0.9961803024924399, 1.0474873683719021e-08, 0.0, 0.0, 0.0, 1.0]}, {"left_foot_pose": [0.9986997818390687, -0.04936646302687405, 0.01271605610298068, -0.009999999740115974, 0.05097789476427895, 0.9671304603328414, -0.24911829909059205, 0.002550000900236951, 4.108879286794552e-09, 0.24944262872372813, 0.968389578101395, 1.2954208726545513e-08, 0.0, 0.0, 0.0, 1.0], "right_foot_pose": [0.9966398834231424, -0.0818664831856992, -0.0026118386455963095, 0.029725810351926594, 0.08190813616671416, 0.9961330609252285, 0.03178021651011865, -0.18722160720950262, 4.264116959278476e-09, -0.031887362113236034, 0.9994914687667221, 8.6881206950995e-09, 0.0, 0.0, 0.0, 1.0]}, {"left_foot_pose": [0.9986555926311919, -0.04961076263843576, 0.015025962094879525, -0.009173123588554892, 0.0518363511867691, 0.9557864905587667, -0.2894566930665091, 0.001191227052984134, -1.4442841049693094e-06, 0.28984643640346863, 0.9570731650726213, 0.002844456738872979, 0.0, 0.0, 0.0, 1.0], "right_foot_pose": [0.9966398834156387, -0.0818957191392524, 0.0014261738768669087, 0.029725810342542233, 0.08190813625801997, 0.996488794038777, -0.01735340225666803, -0.1872216073316856, 3.0706737801735644e-09, 0.01741190804618419, 0.9998484012380034, 6.34300664076326e-09, 0.0, 0.0, 0.0, 1.0]}, {"left_foot_pose": [0.99852772659197, -0.05144182091806698, 0.017208087857348422, -0.0068539216598843995, 0.05424370211080238, 0.9469671333277179, -0.31671891193675134, -0.0026198175591992875, -2.896079109521528e-06, 0.3171860454965168, 0.9483633336089577, 0.009617039679942527, 0.0, 0.0, 0.0, 1.0], "right_foot_pose": [0.99663988341321, -0.08176789350282428, 0.004791073179773915, 0.029725810148372094, 0.08190813628757014, 0.9949334391134822, -0.058296731844210095, -0.1872216071804807, 2.045202931586044e-09, 0.05849327590355722, 0.9982878025269416, 4.255237821826352e-09, 0.0, 0.0, 0.0, 1.0]}, {"left_foot_pose": [0.9983233750453246, -0.05464455908467264, 0.019089552130809533, -0.0033472241472941857, 0.05788297523083183, 0.9424927006661995, -0.329176351473434, -0.008382225288050958, -4.06695490799129e-06, 0.32972940626121955, 0.9440754835446604, 0.017439496448589296, 0.0, 0.0, 0.0, 1.0], "right_foot_pose": [0.996639883413672, -0.08156618227186167, 0.007476676987522259, 0.029725809852111647, 0.0819081362819489, 0.9924790621093108, -0.09097454855859748, -0.18722160685117004, 1.245560299614222e-09, 0.09128126414668196, 0.9958251507246562, 2.622592989998118e-09, 0.0, 0.0, 0.0, 1.0]}, {"left_foot_pose": [0.998048909715389, -0.059091170362999296, 0.020164508450618877, 0.0010420252942218069, 0.06243695855639815, 0.9445911391413291, -0.3222564290466734, -0.015594894943734033, -4.7064582264156006e-06, 0.3228866882372482, 0.9464376295018242, 0.023433121125954276, 0.0, 0.0, 0.0, 1.0], "right_foot_pose": [0.9966398834152792, -0.0813541342852781, 0.009510395400344434, 0.02972580950300633, 0.08190813626238826, 0.9898989103248816, -0.11572037224116816, -0.18722160647486427, 6.592904621453403e-10, 0.11611051706157106, 0.9932363000956491, 1.4727821809334962e-09, 0.0, 0.0, 0.0, 1.0]}, {"left_foot_pose": [0.9977132809707719, -0.06464103743984291, 0.019741966802691933, 0.006008887493086683, 0.0675885267861688, 0.9542236817966578, -0.29135709386473996, -0.02375672795644769, -4.627435497863457e-06, 0.2920251725059541, 0.9564106328358415, 0.025000009944799104, 0.0, 0.0, 0.0, 1.0], "right_foot_pose": [0.9966398834169345, -0.08117638811150135, 0.010924138220019638, 0.02972580921448926, 0.0819081362422513, 0.9877361353814107, -0.13292247394295773, -0.18722160626785322, 2.6571973818969297e-10, 0.13337061473565429, 0.9910662334703136, 7.742686353173767e-10, 0.0, 0.0, 0.0, 1.0]}, {"left_foot_pose": [0.9973304127297877, -0.07077757665561249, 0.017960581476993382, 0.011248407957857429, 0.0730208725531596, 0.9667045188971772, -0.245255632586396, -0.032366609249672294, -3.975940226371476e-06, 0.24591239860270722, 0.9692920572240631, 0.025000012665693967, 0.0, 0.0, 0.0, 1.0], "right_foot_pose": [0.9966398834180271, -0.08105894048315958, 0.011763968218600637, 0.029725809129131357, 0.0819081362289526, 0.9863070594098792, -0.1431413349725948, -0.18722160630994106, 5.154410891547973e-11, 0.1436239281108298, 0.9896323394443084, 3.658388036953397e-10, 0.0, 0.0, 0.0, 1.0]}, {"left_foot_pose": [0.9969205999079287, -0.07697579094301346, 0.014968135752781001, 0.016455640604888997, 0.07841758393630949, 0.9785983476858765, -0.19025234935754393, -0.04092343234277441, -2.967845046034022e-06, 0.1908402512971791, 0.9816211073912494, 0.02500001363983132, 0.0, 0.0, 0.0, 1.0], "right_foot_pose": [0.9966398834184157, -0.08101320069798712, 0.012074936537889137, 0.029725809075616907, 0.08190813622422623, 0.9857505081138934, -0.14692512710041972, -0.1872216063489155, -1.830375802732408e-11, 0.14742047709144243, 0.9890739117650064, 2.1957313051101934e-10, 0.0, 0.0, 0.0, 1.0]}, {"left_foot_pose": [0.9965108999954956, -0.08282838249132755, 0.010270600957999679, 0.021325647342209608, 0.08346272333926998, 0.9889396652950615, -0.12260633025617165, -0.048926101626023635, -1.720655467321784e-06, 0.12303575683500792, 0.9924022382769384, 0.022459732033628776, 0.0, 0.0, 0.0, 1.0], "right_foot_pose": [0.9966398834181379, -0.08109376504577268, 0.011521460453478707, 0.029725808967069833, 0.081908136227606, 0.9867307968989657, -0.1401905548560674, -0.1872216065147187, 6.243314647587863e-11, 0.1406631996004395, 0.9900575055410504, 3.7464652907770457e-10, 0.0, 0.0, 0.0, 1.0]}, {"left_foot_pose": [0.996134517170105, -0.08768785355109247, 0.005183053336039821, 0.025553461781661416, 0.08784089993746227, 0.9943993935143032, -0.05876923069569678, -0.055873491506254536, -6.773993560738312e-07, 0.05899734331297783, 0.9982581397021276, 0.01583856775084448, 0.0, 0.0, 0.0, 1.0], "right_foot_pose": [0.9966398834173568, -0.081196978244895, 0.010770028121386735, 0.029725808955209505, 0.08190813623711274, 0.9879866716535293, -0.13104729624507402, -0.18722160667499066, 2.2499962524536763e-10, 0.13148911498249438, 0.9913176144108005, 7.058011605720615e-10, 0.0, 0.0, 0.0, 1.0]}, {"left_foot_pose": [0.9958291955594719, -0.09123607068278586, 0.0004389507285334476, 0.028834137289842042, 0.0912371266063069, 0.9958176722330533, -0.004790657258548663, -0.06126449166505968, -3.414845540417431e-08, 0.004810724967174622, 0.999988428395694, 0.007998180840977358, 0.0, 0.0, 0.0, 1.0], "right_foot_pose": [0.9966398834165479, -0.08134446088208341, 0.009592782039259399, 0.029725809003356245, 0.08190813624695378, 0.9897812070145707, -0.11672283177395132, -0.18722160673210342, 4.3783628397371686e-10, 0.11711635634949907, 0.9931181999517565, 1.1083887280216587e-09, 0.0, 0.0, 0.0, 1.0]}, {"left_foot_pose": [0.9956346058554153, -0.09327738908844119, -0.0033257041324613597, 0.030862733749211342, 0.0933366574455731, 0.9950024375790715, 0.035474182000358984, -0.06459799945950147, 1.4464142381524206e-07, -0.035629733321347716, 0.9993650594769813, 0.0018172770875189842, 0.0, 0.0, 0.0, 1.0], "right_foot_pose": [0.9966398834161541, -0.08150945705634981, 0.008071628993790709, 0.029725809103434947, 0.08190813625174452, 0.9917888433711801, -0.09821378406426794, -0.18722160660693318, 6.306548575273447e-10, 0.09854490638706812, 0.9951326049452726, 1.4918810145592154e-09, 0.0, 0.0, 0.0, 1.0]}, {"left_foot_pose": [0.995584310198052, -0.093693843253116, -0.005774515038544078, 0.03137969018144258, 0.09387162131054254, 0.9936988308585811, 0.06124338546178012, -0.06544748746159985, 6.848300219851047e-10, -0.06151501675811014, 0.9981061580379367, 1.6535670679940218e-09, 0.0, 0.0, 0.0, 1.0], "right_foot_pose": [0.996639883416572, -0.08166084707216517, 0.006359940161504415, 0.029725809315055043, 0.08190813624666032, 0.9936309233914317, -0.07738633792142897, -0.18722160639383684, 6.910864728126726e-10, 0.07764724164931741, 0.9969808954359419, 1.6754970119658985e-09, 0.0, 0.0, 0.0, 1.0]}, {"left_foot_pose": [0.995584310198568, -0.09354816920120945, -0.00778596978830863, 0.031379690292491325, 0.09387162130507085, 0.9921538401300463, 0.08257648714229063, -0.06544748753481101, 6.333781316263062e-10, -0.08294273659763927, 0.9965543148497709, 1.6487019111055545e-09, 0.0, 0.0, 0.0, 1.0], "right_foot_pose": [0.9966398834172668, -0.08177897046773341, 0.004598126928928001, 0.02972580942201398, 0.08190813623820867, 0.9950682227750575, -0.0559489878485024, -0.1872216064667515, 6.336997156959527e-10, 0.056137616733580545, 0.9984230405932516, 1.621342955726579e-09, 0.0, 0.0, 0.0, 1.0]}, {"left_foot_pose": [0.9955843101983239, -0.09337583301423248, -0.009635097084444197, 0.03137969003729125, 0.09387162130765907, 0.9903260757241503, 0.10218797607290521, -0.06544748750316348, 4.950126155968453e-10, -0.1026412078538798, 0.9947184438072402, 1.2741504934465908e-09, 0.0, 0.0, 0.0, 1.0], "right_foot_pose": [0.9966398834178715, -0.0818542878448169, 0.0029695693677010597, 0.029725809181976075, 0.08190813623085152, 0.9959846680817094, -0.036133061942710265, -0.1872216064211429, 4.919376349096101e-10, 0.03625488253442996, 0.9993425756428147, 1.3259589884406786e-09, 0.0, 0.0, 0.0, 1.0]}, {"left_foot_pose": [0.9955843101977854, -0.09320762326325306, -0.011145414017284793, 0.03137969005602242, 0.09387162131337275, 0.9885420753505864, 0.11820610802135009, -0.06544748727203746, 3.1941830450248195e-10, -0.11873038459961215, 0.9929265309038879, 8.607015378192528e-10, 0.0, 0.0, 0.0, 1.0], "right_foot_pose": [0.9965846399263307, -0.08256989398519901, 0.0011260862215265225, 0.030498919329813797, 0.08257757239651667, 0.9964919828704504, -0.013589430157882866, -0.18825413856357948, -5.808431649647798e-08, 0.0136360068271804, 0.9999070253367588, 0.002250301501313709, 0.0, 0.0, 0.0, 1.0]}, {"left_foot_pose": [0.9955843101970259, -0.09306620937555854, -0.012270369268178696, 0.0313796900945196, 0.093871621321424, 0.9870422666434359, 0.13013716828745173, -0.06544748723083972, 1.4363246544439725e-10, -0.13071436237787354, 0.9914200701358366, 5.173830947002855e-10, 0.0, 0.0, 0.0, 1.0], "right_foot_pose": [0.9963967821737867, -0.08479421926236591, -0.0018419699805137424, 0.03308226119924601, 0.08481422329825644, 0.9961618240413626, 0.021637186714058572, -0.1917043580872437, 1.918211653432931e-07, -0.021715448470417505, 0.9997641918461033, 0.008710110053696457, 0.0, 0.0, 0.0, 1.0]}, {"left_foot_pose": [0.9955843101964056, -0.0929766925562435, -0.012931199946259957, 0.03137969008969604, 0.09387162132800542, 0.9860928682763376, 0.13714581234510184, -0.06544748733764469, 1.5475188034546997e-11, -0.13775409168459604, 0.9904664609284622, 2.695198439428559e-10, 0.0, 0.0, 0.0, 1.0], "right_foot_pose": [0.9960924063548662, -0.0881058089404955, -0.0061060980268173234, 0.03712912744471427, 0.08831714443686879, 0.9937094909644368, 0.06885876535138494, -0.1971092195023903, 8.303380798720807e-07, -0.06912896641886632, 0.99760773152636, 0.016558464751455608, 0.0, 0.0, 0.0, 1.0]}, {"left_foot_pose": [0.9955843101962744, -0.09295740779391534, -0.01306910965772911, 0.031379690050827996, 0.09387162132939902, 0.9858883377319372, 0.13860845657155535, -0.0654474874587, -2.5112804068481408e-11, -0.13922322313606497, 0.9902610232355946, 1.7243401845279394e-10, 0.0, 0.0, 0.0, 1.0], "right_foot_pose": [0.9956876066439202, -0.09204393683045407, -0.011580313832237205, 0.04227471569776395, 0.0927695530467868, 0.9879020375230875, 0.12427137355493979, -0.20398150055177902, 1.789172699121987e-06, -0.12480976704762892, 0.9921806902204433, 0.022916660040801055, 0.0, 0.0, 0.0, 1.0]}, {"left_foot_pose": [0.9955843101969885, -0.09303883904051045, -0.012476206137340176, 0.031379690021510726, 0.09387162132182163, 0.9867519820666035, 0.13232023502867202, -0.0654474874579119, 8.605649952197534e-11, -0.1329071116141813, 0.9911284980679228, 3.7202012997950007e-10, 0.0, 0.0, 0.0, 1.0], "right_foot_pose": [0.9952007066429234, -0.09629974734567308, -0.017375619660463273, 0.04815422148618965, 0.09785475711285926, 0.9793910439611506, 0.17668511402795392, -0.21183397003706753, 2.7944380995102113e-06, -0.17753743737546546, 0.9841140474164284, 0.025000010005029327, 0.0, 0.0, 0.0, 1.0]}, {"left_foot_pose": [0.9955843101984567, -0.09318220928093769, -0.01135593061742389, 0.03137969014898838, 0.09387162130625137, 0.988272539652296, 0.12043880638123954, -0.06544748745551748, 3.2963338863282144e-10, -0.12097298559069077, 0.9926557997399077, 8.487949162971908e-10, 0.0, 0.0, 0.0, 1.0], "right_foot_pose": [0.9946547714375868, -0.1006211631669392, -0.023179024556124115, 0.054402819977163994, 0.10325640727417391, 0.9692777459644396, 0.22324597540588523, -0.2201793885963593, 3.642957736144081e-06, -0.2244460574414874, 0.9744865146761659, 0.025000008759569516, 0.0, 0.0, 0.0, 1.0]}, {"left_foot_pose": [0.9955843102004386, -0.09338175131508016, -0.00957756775214628, 0.031379690286235995, 0.0938716212852345, 0.990388844595459, 0.10157782837880786, -0.06544748744695422, 7.512869568069448e-10, -0.10202835401103717, 0.9947814910711797, 1.6763293808619295e-09, 0.0, 0.0, 0.0, 1.0], "right_foot_pose": [0.9940791144537177, -0.10484109873907012, -0.02854922454457996, 0.06065570931165621, 0.10865870508021401, 0.9591632454877356, 0.2611496779927658, -0.22853053930011605, 4.147694221474504e-06, -0.26270556240898063, 0.9648760477191762, 0.025000006213605867, 0.0, 0.0, 0.0, 1.0]}, {"left_foot_pose": [0.9955843102022526, -0.09360463216383491, -0.0070748933970653845, 0.031379690231749344, 0.0938716212659968, 0.9927526764018987, 0.07503493997972929, -0.06544748705174619, 1.398956696807934e-09, -0.07536774067425292, 0.99715580711625, 2.983802246947498e-09, 0.0, 0.0, 0.0, 1.0], "right_foot_pose": [0.9935098013845018, -0.10902480512685961, -0.03243249019081969, 0.0665480854140936, 0.1137465363696144, 0.952278513194307, 0.2832443446432008, -0.23640019540714372, 4.104060092715005e-06, -0.28509511601479737, 0.9584992304679568, 0.023024936890744196, 0.0, 0.0, 0.0, 1.0