{"LoopMode": "Wrap", "FrameDuration": 0.0167, "EnableCycleOffsetPosition": true, "EnableCycleOffsetRotation": false, "Debug_info": [{"left_foot_pose": [1.0000000000000007, 1.1122406105354874e-13, -8.9207530251656e-12, 1.6316746556630506e-12, -2.5237812653410693e-14, 0.9999539031849154, 0.009601640758423645, 2.378652830259398e-14, 8.920990152409187e-12, -0.009601640758423813, 0.9999539031849155, 1.8762817688422473e-11, 0.0, 0.0, 0.0, 1.0], "right_foot_pose": [0.9999999999999998, -1.9796996292370897e-13, -8.985368005198778e-12, 1.802191269467244e-12, 6.463393623113157e-14, 0.9998898185835118, -0.014844214126450157, -0.1400000000022953, 8.987127787885474e-12, 0.014844214126450006, 0.9998898185835117, 1.5657003471503117e-11, 0.0, 0.0, 0.0, 1.0]}, {"left_foot_pose": [1.0000000000000007, 1.693207965612292e-13, -1.9918289240195015e-11, 3.2968390866755233e-12, -3.8484502378663156e-14, 0.9999785358784342, 0.0065519296717559145, 9.886570728756539e-13, 1.9918612351325036e-11, -0.006551929671756088, 0.9999785358784345, 4.0854951366409153e-11, 0.0, 0.0, 0.0, 1.0], "right_foot_pose": [1.0, -5.333378121979485e-13, -2.0037749237644672e-11, 3.875080259037316e-12, 1.7473765704653023e-13, 0.9998398686435671, -0.0178951689238849, -0.14000000000417123, 2.0044036241921936e-11, 0.017895168923884753, 0.999839868643567, 3.6025397942562876e-11, 0.0, 0.0, 0.0, 1.0]}, {"left_foot_pose": [1.0000000000000004, 8.551399246882394e-14, -3.4994396269638634e-11, 5.456265924829835e-12, -4.528360520538133e-15, 0.9999973439236575, 0.0023048092396458324, 2.722913908237423e-12, 3.499409568421191e-11, -0.0023048092396460054, 0.9999973439236576, 7.103242993800052e-11, 0.0, 0.0, 0.0, 1.0], "right_foot_pose": [0.9999999999999999, -1.1608791044564748e-12, -3.521055669253314e-11, 6.654625327725859e-12, 3.809069846006348e-13, 0.9997547606997933, -0.02214539360904081, -0.14000000000631294, 3.522748925739218e-11, 0.022145393609040658, 0.9997547606997932, 6.42535538664113e-11, 0.0, 0.0, 0.0, 1.0]}, {"left_foot_pose": [1.0000000000000004, -2.9593134737575073e-13, -5.3930360177645304e-11, 8.046498267546215e-12, 1.2817557350280118e-13, 0.999995142997257, -0.0031167261503509624, 5.380381903896669e-12, 5.393061336460044e-11, 0.0031167261503507898, 0.9999951429972569, 1.0903694613872972e-10, 0.0, 0.0, 0.0, 1.0], "right_foot_pose": [1.0, -2.230741988322272e-12, -5.43150524556779e-11, 1.0077184021519143e-11, 7.323228322036095e-13, 0.9996197866844104, -0.027573212888842985, -0.14000000000849594, 5.4355798615697237e-11, 0.02757321288884284, 0.9996197866844108, 9.994900740384338e-11, 0.0, 0.0, 0.0, 1.0]}, {"left_foot_pose": [1.0000000000000007, -1.1701622264391077e-12, -7.692663173131108e-11, 1.1056745288663353e-11, 4.2422016672032817e-13, 0.9999529497802938, -0.009700423995369497, 9.210372048373827e-12, 7.693405612998024e-11, 0.009700423995369316, 0.9999529497802939, 1.5548780318841438e-10, 0.0, 0.0, 0.0, 1.0], "right_foot_pose": [0.9999999999999999, -3.949809133835021e-12, -7.759132225615415e-11, 1.4151586972813474e-11, 1.2964205524653946e-12, 0.9994161020276234, -0.0341680407385469, -0.1400000000105005, 7.768098483438393e-11, 0.03416804073854676, 0.9994161020276233, 1.4352185412347396e-10, 0.0, 0.0, 0.0, 1.0]}, {"left_foot_pose": [1.0000000000000004, -2.7960151597406003e-12, -1.0464912270080615e-10, 1.4529659146791837e-11, 9.68980362138061e-13, 0.9998476001767, -0.017457846971907314, 1.4595337091694027e-11, 1.0468160462975582e-10, 0.01745784697190714, 0.9998476001767002, 2.1200576016955353e-10, 0.0, 0.0, 0.0, 1.0], "right_foot_pose": [1.0, -6.609121107291483e-12, -1.057593457254313e-10, 1.8964214052167865e-11, 2.1674559979362525e-12, 0.9991199842456999, -0.041943498672289296, -0.1400000000120799, 1.0594328925010592e-10, 0.04194349867228914, 0.9991199842456999, 1.962965207047418e-10, 0.0, 0.0, 0.0, 1.0]}, {"left_foot_pose": [1.0000000000000002, -5.5364998258991405e-12, -1.382392533777476e-10, 1.8557089807806164e-11, 1.8814507038272017e-12, 0.9996507063537486, -0.026428493836240616, 2.2096496507528762e-11, 1.383368840107086e-10, 0.026428493836240446, 0.9996507063537486, 2.813005522961376e-10, 0.0, 0.0, 0.0, 1.0], "right_foot_pose": [1.0, -1.0627245530267961e-11, -1.4003659343231326e-10, 2.4676706082237454e-11, 3.4798281820451565e-12, 0.9987016324791802, -0.0509416262345475, -0.14000000001290577, 1.4039598754562952e-10, 0.05094162623454736, 0.9987016324791803, 2.6056189844636535e-10, 0.0, 0.0, 0.0, 1.0]}, {"left_foot_pose": [1.0000000000000004, -9.914933806897747e-12, -1.7930390505682665e-10, 2.327279689220322e-11, 3.3317013362480286e-12, 0.9993270550436145, -0.036680199806672205, 3.250773782104144e-11, 1.795464667184702e-10, 0.03668019980667204, 0.9993270550436149, 3.6725305435636457e-10, 0.0, 0.0, 0.0, 1.0], "right_foot_pose": [0.9999999999999998, -1.661005844897101e-11, -1.8214130204086124e-10, 3.151990456647618e-11, 5.425830679728696e-12, 0.998123474103087, -0.06123340954400868, -0.14000000001249363, 1.8281632545177815e-10, 0.06123340954400855, 0.9981234741030869, 3.3959458856092084e-10, 0.0, 0.0, 0.0, 1.0]}, {"left_foot_pose": [1.0000000000000007, -1.668762956684107e-11, -2.299011536699422e-10, 2.884595094353161e-11, 5.562597719536194e-12, 0.99883252379909, -0.04830723963487468, 4.691599539419222e-11, 2.304387067443922e-10, 0.0483072396348745, 0.99883252379909, 4.750488058480329e-10, 0.0, 0.0, 0.0, 1.0], "right_foot_pose": [1.0, -2.542947039403188e-11, -2.342903093754954e-10, 3.978735567263077e-11, 8.278085038321183e-12, 0.9973380094690042, -0.07291704100143326, -0.14000000001010773, 2.355208953185018e-10, 0.07291704100143313, 0.9973380094690042, 4.3770401192411157e-10, 0.0, 0.0, 0.0, 1.0]}, {"left_foot_pose": [1.0000000000000007, -2.6924585580059842e-11, -2.924221420563806e-10, 3.546460407136489e-11, 8.911937317810632e-12, 0.998111676983567, -0.06142540410166581, 6.673399333134711e-11, 2.9352343092607586e-10, 0.06142540410166561, 0.9981116769835671, 6.111852066115198e-10, 0.0, 0.0, 0.0, 1.0], "right_foot_pose": [0.9999999999999999, -3.83097635321819e-11, -2.9909885679302285e-10, 4.981364292110979e-11, 1.241119355585727e-11, 0.9962853627688267, -0.08611315772045137, -0.14000000000464832, 3.0128647716484324e-10, 0.08611315772045125, 0.9962853627688268, 5.601267782928687e-10, 0.0, 0.0, 0.0, 1.0]}, {"left_foot_pose": [1.0000000000000004, -4.2050172356964244e-11, -3.6909419964814493e-10, 4.3277092866103085e-11, 1.3817799388136193e-11, 0.9970955322331672, -0.07616101102702133, 9.359405785114294e-11, 3.7122453494420266e-10, 0.07616101102702114, 0.9970955322331674, 7.828096434958631e-10, 0.0, 0.0, 0.0, 1.0], "right_foot_pose": [1.0, -5.686304850605341e-11, -3.7908998162805543e-10, 6.189290261939509e-11, 1.8301982100072812e-11, 0.9948910984437392, -0.10095396097930051, -0.13999999999455764, 3.8289357037219445e-10, 0.10095396097930036, 0.9948910984437392, 7.122647749380207e-10, 0.0, 0.0, 0.0, 1.0]}, {"left_foot_pose": [1.0000000000000004, -6.369380608981729e-11, -4.606068304546784e-10, 5.223287323354781e-11, 2.0755982193582767e-11, 0.9957009339905413, -0.09262640039624062, 1.2884074883368068e-10, 4.6452606609915087e-10, 0.09262640039624044, 0.9957009339905413, 9.952500976129208e-10, 0.0, 0.0, 0.0, 1.0], "right_foot_pose": [1.0, -8.289877701548853e-11, -4.752874760427513e-10, 7.605473644326098e-11, 2.6449883211135483e-11, 0.9930659452120417, -0.117558617124031, -0.1399999999778938, 4.817369493204219e-10, 0.11755861712403085, 0.9930659452120417, 8.972679960139729e-10, 0.0, 0.0, 0.0, 1.0]}, {"left_foot_pose": [1.0000000000000002, -9.290324503925734e-11, -5.625165888645239e-10, 6.163720732585072e-11, 2.996814447657819e-11, 0.9938356025746276, -0.11086385820062326, 1.7194680922150152e-10, 5.693485103094575e-10, 0.11086385820062304, 0.9938356025746274, 1.2444525479549107e-09, 0.0, 0.0, 0.0, 1.0], "right_foot_pose": [1.0, -1.174823949922794e-10, -5.834518979064278e-10, 9.14632221597482e-11, 3.705552656877946e-11, 0.9907120622289425, -0.13597650441924222, -0.13999999995301327, 5.940076613446493e-10, 0.1359765044192421, 0.9907120622289423, 1.1091785268035892e-09, 0.0, 0.0, 0.0, 1.0]}, {"left_foot_pose": [1.0000000000000002, -1.2749159380361372e-10, -6.562785315189477e-10, 6.89538780433727e-11, 4.061045670441038e-11, 0.991419557037727, -0.13071825397823333, 2.1629353863517053e-10, 6.673126234527492e-10, 0.13071825397823322, 0.9914195570377272, 1.4957052471564758e-09, 0.0, 0.0, 0.0, 1.0], "right_foot_pose": [0.9999999999999999, -1.5780092032685946e-10, -6.845497502183653e-10, 1.0485898730683452e-10, 4.903836531365622e-11, 0.9877479443093515, -0.156057676878294, -0.13999999992105205, 7.007882817374233e-10, 0.15605767687829383, 0.9877479443093516, 1.3146107050165945e-09, 0.0, 0.0, 0.0, 1.0]}, {"left_foot_pose": [1.0000000000000004, -1.5503729934955566e-10, -6.902742821779355e-10, 6.711465290203646e-11, 4.8637475266674605e-11, 0.9884499364752953, -0.15154775841953477, 2.4013090127450454e-10, 7.05796769839646e-10, 0.15154775841953452, 0.9884499364752953, 1.6328735724657761e-09, 0.0, 0.0, 0.0, 1.0], "right_foot_pose": [0.9999999999999998, -1.8893730534671902e-10, -7.242896837844615e-10, 1.0715643565779956e-10, 5.7635319915048106e-11, 0.9841824628302233, -0.1771577823789754, -0.13999999989256084, 7.463047519463316e-10, 0.1771577823789752, 0.9841824628302234, 1.4111544918704588e-09, 0.0, 0.0, 0.0, 1.0]}, {"left_foot_pose": [0.9999999999174978, -1.2645020007943632e-05, 2.260288641253959e-06, 1.2428014964076843e-05, 1.2845320043342605e-05, 0.9851612719141059, -0.17163119808350719, -2.007176882298789e-05, -5.6468899229188665e-08, 0.1716311980983811, 0.9851612719952568, 0.00016386126547358187, 0.0, 0.0, 0.0, 1.0], "right_foot_pose": [1.0, -1.7341702829450424e-10, -5.986555140502494e-10, 9.012182539330363e-11, 5.177673409972739e-11, 0.9803060323041043, -0.19748438679598215, -0.13999999996317455, 6.211124338612296e-10, 0.19748438679598193, 0.9803060323041042, 1.146727567069572e-09, 0.0, 0.0, 0.0, 1.0]}, {"left_foot_pose": [0.9999999342233543, -0.00035603219277635374, 6.924136038555925e-05, 0.0003509840453203723, 0.0003627026144415323, 0.9817761918966971, -0.19004046272211175, -0.0005668428665668128, -3.189964620671623e-07, 0.1900404753359097, 0.9817762564525592, 0.004191209265897479, 0.0, 0.0, 0.0, 1.0], "right_foot_pose": [0.9999999999999999, -1.2503952946370077e-10, -3.9826258957376054e-10, 1.1449958091544335e-10, 3.655008705169118e-11, 0.9766456284258035, -0.21485650205839169, -0.14000000016336273, 4.1582682059752193e-10, 0.2148565020583915, 0.9766456284258036, 6.889147724509215e-10, 0.0, 0.0, 0.0, 1.0]}, {"left_foot_pose": [0.9999993672946845, -0.001100810053124928, 0.00023157603128694975, 0.001088580498585139, 0.0011249043995660833, 0.9786841477896999, -0.2053681412859391, -0.0017580623014605279, -5.684763097498609e-07, 0.2053682718493206, 0.9786847668771093, 0.011469802701873553, 0.0, 0.0, 0.0, 1.0], "right_foot_pose": [0.9999999999999996, -6.86500695582326e-11, -2.0607315853737837e-10, 1.2482430492610225e-10, 1.981487321698819e-11, 0.9736163601856095, -0.22819111108657578, -0.1400000001848533, 2.163012812203512e-10, 0.22819111108657567, 0.9736163601856093, 3.479450338961243e-10, 0.0, 0.0, 0.0, 1.0]}, {"left_foot_pose": [0.9999975558747847, -0.0021593283473379057, 0.0004749163569396774, 0.0021395642291825233, 0.002210937326785627, 0.9767298397796539, -0.21446195895811032, -0.0034554000178027497, -7.711898187488385e-07, 0.21446248479652902, 0.9767322266692674, 0.019120926983418024, 0.0, 0.0, 0.0, 1.0], "right_foot_pose": [1.0, -2.3219034353608396e-11, -6.632600024758504e-11, 9.594042127391896e-11, 6.8391613390374485e-12, 0.971512344130047, -0.2369889558670223, -0.14000000009613103, 6.993905871192396e-11, 0.23698895586702212, 0.9715123441300471, 1.2342459693170937e-10, 0.0, 0.0, 0.0, 1.0]}, {"left_foot_pose": [0.9999937614627454, -0.0034512075022236316, 0.0007524641965500714, 0.003418284587241624, 0.0035322846441745363, 0.9770940356623161, -0.21277868417283236, -0.005520530968181052, -8.848873680855408e-07, 0.21278001466281068, 0.9771001306720374, 0.024265878137726266, 0.0, 0.0, 0.0, 1.0], "right_foot_pose": [1.0, -6.114515794070328e-13, 1.2106982083537668e-13, 3.278183808066504e-11, 6.226922484346185e-13, 0.9705338499132473, -0.24096482351698237, -0.1400000000029342, 2.95761562785167e-14, 0.24096482351698217, 0.9705338499132474, 2.1364389424238794e-11, 0.0, 0.0, 0.0, 1.0]}, {"left_foot_pose": [0.9999874977695035, -0.0049019984797994695, 0.000987276856973065, 0.0048390896873656795, 0.005000430373059531, 0.980337731858158, -0.19726359824176315, -0.007815129990238666, -8.788959802437164e-07, 0.19726606881597128, 0.9803499875519567, 0.02500000149841919, 0.0, 0.0, 0.0, 1.0], "right_foot_pose": [0.9999999999999998, -6.697095731945111e-12, -1.6488421739069246e-11, -2.0775265374429495e-12, 2.5448116444894044e-12, 0.9707807361790163, -0.23996825261631388, -0.1399999999926987, 1.7613555935072554e-11, 0.23996825261631377, 0.9707807361790164, 6.27651611240232e-11, 0.0, 0.0, 0.0, 1.0]}, {"left_foot_pose": [0.9999786997707957, -0.006426658147973285, 0.0011393286439448443, 0.006316323906162857, 0.006526867862634789, 0.984646545825816, -0.17443789665435122, -0.010200863081623695, -7.832839718835701e-07, 0.1744416173346814, 0.9846675185772343, 0.025000002177831417, 0.0, 0.0, 0.0, 1.0], "right_foot_pose": [0.9999999999999999, -3.667327894878646e-11, -1.0413336859471636e-10, 1.4177838795896314e-11, 1.1243263852346262e-11, 0.9721412805704425, -0.23439567105827733, -0.1399999999744531, 1.0982834665577666e-10, 0.23439567105827724, 0.9721412805704426, 2.3073633281800454e-10, 0.0, 0.0, 0.0, 1.0]}, {"left_foot_pose": [0.9999678144846654, -0.007936922796690993, 0.0011727110821174508, 0.007764336020448437, 0.008023091322872454, 0.989239431097695, -0.14608551593890035, -0.012539402685218536, -6.225819941643042e-07, 0.14609022286939385, 0.9892712705732357, 0.024910271461969974, 0.0, 0.0, 0.0, 1.0], "right_foot_pose": [0.9999999999999997, -8.82816456412395e-11, -2.661856846053463e-10, 3.061892812662571e-11, 2.6334578816702542e-11, 0.9745263583594864, -0.22427299628488032, -0.13999999997703827, 2.792039247988565e-10, 0.22427299628488023, 0.9745263583594865, 5.337703057328724e-10, 0.0, 0.0, 0.0, 1.0]}, {"left_foot_pose": [0.9999558134070248, -0.009343442331602657, 0.0010350453576474844, 0.009097474090799845, 0.009400597498271917, 0.9938809852712432, -0.11005551273307101, -0.014692424724560381, -4.1456336287099736e-07, 0.11006037979972465, 0.9939249029972889, 0.021163834420370536, 0.0, 0.0, 0.0, 1.0], "right_foot_pose": [1.0, -1.602580061992404e-10, -5.205633701876869e-10, -3.2260521925250924e-13, 4.782424847005975e-11, 0.9778783030667746, -0.20917462654740354, -0.14000000017642403, 5.425694907545208e-10, 0.2091746265474034, 0.9778783030667746, 9.827655078620268e-10, 0.0, 0.0, 0.0, 1.0]}, {"left_foot_pose": [0.9999441265836885, -0.010544470310298365, 0.0007468980256293582, 0.010230080917193685, 0.0105708897799671, 0.997446421205041, -0.07063209691433951, -0.016521589028517553, -2.127138020327775e-07, 0.07063604583448922, 0.9975021548993385, 0.013996813082379829, 0.0, 0.0, 0.0, 1.0], "right_foot_pose": [1.0, -2.2983600912815211e-10, -8.266299311721058e-10, 2.4026925226528198e-11, 6.937113590660526e-11, 0.9819572861775727, -0.189102850646882, -0.14000000032283266, 8.551778385786574e-10, 0.18910285064688181, 0.9819572861775727, 1.5592134944286684e-09, 0.0, 0.0, 0.0, 1.0]}, {"left_foot_pose": [0.9999344984324067, -0.011439353177717305, 0.00037422400748848334, 0.011076505387817358, 0.011445472673863253, 0.9994000530934565, -0.03268845410950051, -0.017888564984324284, -6.472156078383655e-08, 0.032690596135165555, 0.9994655196275279, 0.006287911183935541, 0.0, 0.0, 0.0, 1.0], "right_foot_pose": [1.0, -2.7763519030283575e-10, -1.148354800140082e-09, 9.442838931672306e-11, 8.502788174251143e-11, 0.9863881320444021, -0.1644337342577718, -0.1400000003189046, 1.1783758357817254e-09, 0.16443373425777166, 0.9863881320444022, 2.1912282544001016e-09, 0.0, 0.0, 0.0, 1.0]}, {"left_foot_pose": [0.9999287652045964, -0.011935826242499501, -2.3839485188020094e-05, 0.011551096620170741, 0.011935850049836848, 0.9999267713022684, 0.0019968767137351607, -0.018655025228770467, 3.365970593390643e-09, -0.001997019011151652, 0.9999980059555469, 0.0009158368774348086, 0.0, 0.0, 0.0, 1.0], "right_foot_pose": [0.9999999999999998, -2.8046441710888545e-10, -1.4041639517792234e-09, 2.1852721395430264e-10, 8.699288450085126e-11, 0.9907184014944237, -0.13593030913057746, -0.14000000009629826, 1.429254588056376e-09, 0.13593030913057724, 0.9907184014944236, 2.741341001422093e-09, 0.0, 0.0, 0.0, 1.0]}, {"left_foot_pose": [0.9999278803948953, -0.012003007205347348, -0.0004022772688787512, 0.011622615015585421, 0.01200974641583587, 0.9993667798537912, 0.03349336226317945, -0.01877052249923025, 1.4702312684389246e-09, -0.03349577798310765, 0.9994388589890366, 2.925092966454823e-09, 0.0, 0.0, 0.0, 1.0], "right_foot_pose": [0.9999999999999998, -2.3042390925038214e-10, -1.479942779436526e-09, 2.9352242793638285e-10, 7.31202115256609e-11, 0.9944274896352049, -0.10542280520752906, -0.1399999999078841, 1.4959873437695186e-09, 0.10542280520752893, 0.9944274896352047, 2.953348315903881e-09, 0.0, 0.0, 0.0, 1.0]}, {"left_foot_pose": [0.9999278803951109, -0.011984959485770066, -0.0007712033881274652, 0.011622614941067859, 0.012009746397880975, 0.9978641367312115, 0.06421005074856805, -0.018770522587393187, 1.3463370108411511e-09, -0.06421468190219089, 0.9979361074879501, 2.6754965257169694e-09, 0.0, 0.0, 0.0, 1.0], "right_foot_pose": [0.9999999999999998, -1.4854138195761834e-10, -1.3461155523586393e-09, 2.116133153323312e-10, 4.7411332921821055e-11, 0.9971972002750563, -0.07481807110310436, -0.13999999998763327, 1.3534561588858984e-09, 0.0748180711031042, 0.9971972002750565, 2.7268864111196223e-09, 0.0, 0.0, 0.0, 1.0]}, {"left_foot_pose": [0.999927880395154, -0.011958713474993733, -0.0011059748996681757, 0.011622614824199153, 0.012009746394312376, 0.9956789026807511, 0.09208305353321443, -0.018770522600166907, 1.0213875536377259e-09, -0.09208969501784417, 0.9957507158277729, 2.0436872541496065e-09, 0.0, 0.0, 0.0, 1.0], "right_foot_pose": [0.9999999996274163, -2.726459909039175e-05, 1.3449180671366798e-06, 8.088049859164563e-06, 2.729766671589768e-05, 0.9989043939871894, -0.04679755258475786, -0.14000810773066552, -6.75280573950186e-08, 0.04679755260403485, 0.9989043943592741, 3.740142151172077e-05, 0.0, 0.0, 0.0, 1.0]}, {"left_foot_pose": [0.9999278803951163, -0.0119293675389759, -0.0013871548763985597, 0.011622614622443234, 0.012009746397451313, 0.9932355673728505, 0.11549404182468431, -0.018770522290686487, 6.872048602153999e-10, -0.11550237181830107, 0.9933072042949999, 1.3544077803739896e-09, 0.0, 0.0, 0.0, 1.0], "right_foot_pose": [0.9999960577304927, -0.0028074306365405877, 5.344804817443483e-05, 0.0008319572651775398, 0.0028079393512845554, 0.9998167024915271, -0.018938767002332043, -0.14083408078237408, -2.689765798176974e-07, 0.018938842419485943, 0.9998206440395886, 0.0034929911898627444, 0.0, 0.0, 0.0, 1.0]}, {"left_foot_pose": [0.9999278803950004, -0.011901623204448113, -0.001607909780280353, 0.011622614507688823, 0.012009746407072334, 0.9909255786942123, 0.13387405828157797, -0.01877052225828498, 3.309946151015261e-10, -0.13388371392608175, 0.9909970490094105, 7.638668378384672e-10, 0.0, 0.0, 0.0, 1.0], "right_foot_pose": [0.9999542407834829, -0.009565693305789979, -0.00011768902916781182, 0.0028344422491045607, 0.009566417251552266, 0.9998789684237113, 0.01226915501996325, -0.14284169600164914, 3.118110369219474e-07, -0.012269719455401314, 0.9999247241589684, 0.010538499082194563, 0.0, 0.0, 0.0, 1.0]}, {"left_foot_pose": [0.999927880394876, -0.01187970906232346, -0.0017625327249016721, 0.011622614479207087, 0.012009746417464709, 0.9891010095225544, 0.14674794360553253, -0.018770522397814383, 2.1988498991876216e-11, -0.14675852777286555, 0.9891723482416713, 3.2028971141961904e-10, 0.0, 0.0, 0.0, 1.0], "right_foot_pose": [0.9998104586229799, -0.01944766171294653, -0.0009139376374322926, 0.00576878712839724, 0.019469124934068813, 0.9987119792292998, 0.046854409805227294, -0.14578356772274617, 1.551755120258662e-06, -0.046863322521918625, 0.9989013109410754, 0.018295209930620282, 0.0, 0.0, 0.0, 1.0]}, {"left_foot_pose": [0.9999278803948198, -0.011866903684095403, -0.0018467826280745229, 0.011622614536656743, 0.012009746422092417, 0.9880348344751565, 0.1537625827518762, -0.018770522565825867, -1.9149335890650893e-10, -0.1537736728461767, 0.9881060962970515, 6.325914098104235e-11, 0.0, 0.0, 0.0, 1.0], "right_foot_pose": [0.9994980245973276, -0.031573408590471384, -0.0026112632993036755, 0.009388240931073554, 0.031681206036408914, 0.9961054303434747, 0.08228166760779469, -0.14941230967280122, 3.180841606443297e-06, -0.08232309220516544, 0.9966056935818007, 0.023884419194126164, 0.0, 0.0, 0.0, 1.0]}, {"left_foot_pose": [0.9999278803949011, -0.011865293712284756, -0.0018570982964742858, 0.011622614703439301, 0.012009746415372745, 0.9879007882451507, 0.15462146867640636, -0.018770522606143362, -2.6913498284829194e-10, -0.1546326207167547, 0.9879720403990536, 4.1132756922745983e-11, 0.0, 0.0, 0.0, 1.0], "right_foot_pose": [0.9989704054622603, -0.04507492416952814, -0.00513616799557622, 0.013446052033730326, 0.045366606532408725, 0.9925593486812554, 0.11299473597108639, -0.15348052805145213, 4.7224049538275245e-06, -0.113111407720677, 0.9935823113467479, 0.025000002888558533, 0.0, 0.0, 0.0, 1.0]}, {"left_foot_pose": [0.9999278803951369, -0.01187493123532952, -0.0017944404826952753, 0.011622614963571084, 0.01200974639572992, 0.9887032081748639, 0.1494045920855265, -0.01877052259839685, -1.9513862163734828e-10, -0.14941536786050008, 0.9887745182027664, 2.2791448589520868e-10, 0.0, 0.0, 0.0, 1.0], "right_foot_pose": [0.9982170207413397, -0.059119079653176906, -0.008228847017973296, 0.01769545838319029, 0.05968902301189568, 0.988698991568972, 0.13751917903471905, -0.1577408314476482, 5.845449252412242e-06, -0.13776515702984948, 0.9904649218798068, 0.025000002088532633, 0.0, 0.0, 0.0, 1.0]}, {"left_foot_pose": [0.9999278803955222, -0.011894924656246858, -0.0016567362919320755, 0.011622615232669076, 0.012009746363633219, 0.9903678599890198, 0.13793936310223925, -0.01877052258145838, 4.47747488598798e-11, -0.13794931195258808, 0.9904392900788058, 6.668358920602913e-10, 0.0, 0.0, 0.0, 1.0], "right_foot_pose": [0.9972720645095062, -0.07291922716122835, -0.011454940382056104, 0.02188970762977532, 0.07381347647401766, 0.9852033772939951, 0.15467991485427468, -0.16194583671459561, 6.306102564620884e-06, -0.1551034869972795, 0.9878982276942895, 0.024992551236833006, 0.0, 0.0, 0.0, 1.0]}, {"left_foot_pose": [0.9999278803960158, -0.011923363794158709, -0.0014378465022327688, 0.011622615386866375, 0.012009746322543372, 0.99273570174217, 0.11971462934725413, -0.018770522270631307, 4.792010926853178e-10, -0.11972326374733719, 0.9928073026109784, 1.438829250188789e-09, 0.0, 0.0, 0.0, 1.0], "right_foot_pose": [0.9962163439611299, -0.085796513870793, -0.013854754863874934, 0.025782048854239653, 0.08690797426618455, 0.9834864374549837, 0.15874958693191124, -0.16584815373735895, 5.802365697803025e-06, -0.15935302177782237, 0.9872216642763718, 0.021837793466647333, 0.0, 0.0, 0.0, 1.0]}, {"left_foot_pose": [0.9999278803964232, -0.0119560491727475, -0.0011344135470931973, 0.011622615466606572, 0.0120097462886187, 0.9954570830714188, 0.09445084307207725, -0.01877052196626445, 1.0764086842763889e-09, -0.09445765533360449, 0.9955288802183885, 2.5377934406711766e-09, 0.0, 0.0, 0.0, 1.0], "right_foot_pose": [0.9951721554516028, -0.0970573408647166, -0.014568925769648855, 0.029125718305693795, 0.09814469417329118, 0.9841532267200911, 0.14768224450510037, -0.16920039392327113, 4.409361447297823e-06, -0.14839912035016709, 0.9889275509661235, 0.014923779751421368, 0.0, 0.0, 0.0, 1.0]}, {"left_foot_pose": [0.9999278803964501, -0.011986438690108786, -0.0007478592058163731, 0.011622615356430957, 0.012009746286390306, 0.9979873062256993, 0.06226638424149613, -0.018770521820672008, 1.7970831373693968e-09, -0.062270875213870064, 0.998059285864372, 3.897852443590644e-09, 0.0, 0.0, 0.0, 1.0], "right_foot_pose": [0.9942912639272937, -0.10585742688711118, -0.013382363419981436, 0.031673963401707646, 0.10669996471981708, 0.9864430464025747, 0.12468052667837619, -0.17175517546226665, 2.5796029700743142e-06, -0.12539665616294327, 0.9921066871140914, 0.007129214443044173, 0.0, 0.0, 0.0, 1.0]}, {"left_foot_pose": [0.9999278803959085, -0.01200633726674947, -0.00028613350708705203, 0.011622615086660687, 0.012009746331493295, 0.9996440476151132, 0.02382318326185036, -0.018770521970339685, 2.484173239975947e-09, -0.02382490153414252, 0.9997161467471101, 5.293767105229996e-09, 0.0, 0.0, 0.0, 1.0], "right_foot_pose": [0.9937360561572659, -0.11127281589502906, -0.010344618687727016, 0.03318003266136395, 0.11175263170193561, 0.9894700885974743, 0.09197985148171346, -0.17326511274615441, 8.336894755181814e-07, -0.09255973321967567, 0.9957071335415887, 0.0013328062402070823, 0.0, 0.0, 0.0, 1.0]}, {"left_foot_pose": [0.9999278803923776, -0.012007621717549502, 0.0002259086017912891, 0.011622612680114087, 0.012009746625475968, 0.9997509570592575, -0.018809302089428395, -0.018770522897997882, 2.6434119552120368e-09, 0.018810658675009903, 0.9998230639069161, 6.3748279224840054e-09, 0.0, 0.0, 0.0, 1.0], "right_foot_pose": [0.993621159148467, -0.11262325485233257, -0.00574408904206453, 0.033483282135839905, 0.11276964171467699, 0.9923313355789125, 0.0506115435025953, -0.1735691466287349, 2.7884331914012175e-09, -0.05093645938459278, 0.9987018960157038, 5.853420317891711e-09, 0.0, 0.0, 0.0, 1.0]}, {"left_foot_pose": [0.9999278803898554, -0.011986569092282283, 0.0007457750652474306, 0.011622610365311904, 0.012009746835466876, 0.9979981001327849, -0.06209314062198038, -0.01877052361871475, 1.6219784503041755e-09, 0.062097619058615675, 0.998070080559102, 6.7088801319892255e-09, 0.0, 0.0, 0.0, 1.0], "right_foot_pose": [0.9936211591526908, -0.1127672722310749, -0.0007310250514494463, 0.033483279883389616, 0.11276964167746215, 0.9936002818966966, 0.00644109701386952, -0.17356914644279675, 1.7567637800115774e-09, -0.006482447714245324, 0.9999789887150792, 5.502307096061365e-09, 0.0, 0.0, 0.0, 1.0]}, {"left_foot_pose": [0.9999278803934905, -0.011946359150272503, 0.001232280339368292, 0.011622614455075843, 0.012009746532799806, 0.9946502469147255, -0.10259947514824183, -0.018770522124807766, 2.234929378743673e-09, 0.102606875088999, 0.9947219858756876, 5.2962022267788456e-09, 0.0, 0.0, 0.0, 1.0], "right_foot_pose": [0.9936211591314675, -0.11269849955634692, 0.00400503732654934, 0.0334832838737807, 0.11276964186446185, 0.9929943185595322, -0.03528868348708538, -0.17356914583656693, 2.3694308438909622e-09, 0.035515229215629864, 0.9993691352517156, 4.517946725068889e-09, 0.0, 0.0, 0.0, 1.0]}, {"left_foot_pose": [0.9998712550094614, -0.015892395187668173, 0.0022147643226360916, 0.01215222576860049, 0.01604597754843663, 0.9903286890313969, -0.1378100659816641, -0.019137303466854938, -3.2126187307185973e-06, 0.137827861684619, 0.9904561981900691, 0.002844457555679393, 0.0, 0.0, 0.0, 1.0], "right_foot_pose": [0.9936211591266193, -0.11247714931939629, 0.008116835396614345, 0.033483284509575405, 0.11276964190717954, 0.9910439855774464, -0.0715180153170982, -0.1735691459591767, 1.5861114696454414e-09, 0.07197714589890597, 0.9974062815464155, 3.2801994592768224e-09, 0.0, 0.0, 0.0, 1.0]}, {"left_foot_pose": [0.9996255094283927, -0.026974830665036097, 0.004604281770188531, 0.013637663589513216, 0.027364956581668442, 0.9854184180088311, -0.16793361962470996, -0.020166027347363766, -7.163105703187379e-06, 0.16799672603823546, 0.9857875531721453, 0.009617037210052061, 0.0, 0.0, 0.0, 1.0], "right_foot_pose": [0.9936211591269417, -0.11218411929079809, 0.011476737959066504, 0.03348328466883584, 0.11276964190434015, 0.9884620778997066, -0.10112234381659484, -0.17356914582619495, 8.311565609116896e-10, 0.10177152810655178, 0.9948077985555087, 2.174782666453101e-09, 0.0, 0.0, 0.0, 1.0]}, {"left_foot_pose": [0.9990106136294216, -0.043647545917508995, 0.008525584504660351, 0.015883689204873822, 0.044472392944456485, 0.9805290361620015, -0.1912720980932956, -0.02172148318272272, -1.102547280726545e-05, 0.19146200923054232, 0.9815000249107708, 0.017439492112247844, 0.0, 0.0, 0.0, 1.0], "right_foot_pose": [0.9936211591294857, -0.11189047300121024, 0.014053973877253535, 0.03348328449027228, 0.11276964188192272, 0.98587474074397, -0.12383054321464078, -0.1735691455522162, 1.9962296628208857e-10, 0.12462550948572088, 0.9922038512248502, 1.3102849152901719e-09, 0.0, 0.0, 0.0, 1.0]}, {"left_foot_pose": [0.9978284590411817, -0.0644779083497369, 0.013452347837638882, 0.018694990760545527, 0.06586627463518242, 0.9768387256469417, -0.20358717528897283, -0.023668409022739086, -1.389908921463481e-05, 0.2040311334363043, 0.9789643999633049, 0.023433116197705023, 0.0, 0.0, 0.0, 1.0], "right_foot_pose": [0.9936211591320904, -0.11165038556885394, 0.015848770530463664, 0.033483284064958166, 0.1127696418589731, 0.9837593144218106, -0.13964461738043685, -0.1735691452842858, -2.5833687641135143e-10, 0.14054110676473217, 0.9900748442968058, 7.270024443561951e-10, 0.0, 0.0, 0.0, 1.0]}, {"left_foot_pose": [0.9959383048936448, -0.08820316743253105, 0.018085743016071944, 0.021876254944847226, 0.09003828421111693, 0.9756727769254552, -0.19988931873136756, -0.0258715461065216, -1.489606321374698e-05, 0.20070583853351362, 0.9796515534396236, 0.025000004744563604, 0.0, 0.0, 0.0, 1.0], "right_foot_pose": [0.9936211591333002, -0.11150095548293561, 0.01686798888393911, 0.03348328357477075, 0.11276964184831079, 0.9824426759904668, -0.1486250189910662, -0.1735691451881869, -5.115415202035646e-10, 0.1495791607112549, 0.988749753315224, 4.4662173265264116e-10, 0.0, 0.0, 0.0, 1.0]}, {"left_foot_pose": [0.9933098744878244, -0.11346405757985004, 0.021480244004664775, 0.02523215064492466, 0.11547940528908392, 0.9759973324139363, -0.18464483224547773, -0.028195627778784246, -1.4108970431000448e-05, 0.1858900609457037, 0.9825705496515458, 0.025000005454730856, 0.0, 0.0, 0.0, 1.0], "right_foot_pose": [0.9936211591326295, -0.11145730169874883, 0.01715406721346158, 0.033483283250752595, 0.11276964185422378, 0.9820580394786038, -0.15114567467020376, -0.17356914521319647, -5.545586400181313e-10, 0.1521159984796963, 0.9883626475168541, 3.9078441871343017e-10, 0.0, 0.0, 0.0, 1.0]}, {"left_foot_pose": [0.990053863841574, -0.13880854297931647, 0.02292455208570686, 0.028567365688065904, 0.14068882880440145, 0.9768357326117898, -0.1612408290180706, -0.030505387511832446, -1.1917086663298096e-05, 0.16286233416216275, 0.9866488027506223, 0.02500000559353143, 0.0, 0.0, 0.0, 1.0], "right_foot_pose": [0.9936211591304029, -0.11152073358275882, 0.016736729355447833, 0.03348328297593339, 0.11276964187384025, 0.982616941835785, -0.14746848303598892, -0.1735691452445178, -4.0707337559583e-10, 0.14841520002497455, 0.9889251379156802, 5.620892362667718e-10, 0.0, 0.0, 0.0, 1.0]}, {"left_foot_pose": [0.9864298010652587, -0.16289986132032647, 0.02049104077817725, 0.0316865897840813, 0.16418357866278202, 0.9787233695196088, -0.12306225438235069, -0.03266556679139491, -8.236302729810677e-06, 0.1247565675145104, 0.9921873808883895, 0.02245972599086595, 0.0, 0.0, 0.0, 1.0], "right_foot_pose": [0.9936211591301614, -0.11176129327431909, 0.015046775551122965, 0.03348328288867067, 0.11276964187596876, 0.9847365292501665, -0.13257818761584514, -0.17356914564637144, 1.7529290609338495e-10, 0.1334293119445201, 0.9910583326495027, 9.813034829164735e-10, 0.0, 0.0, 0.0, 1.0]}, {"left_foot_pose": [0.9828314871173579, -0.18384539813003944, 0.015592867507006416, 0.0343944875957074, 0.18450546850829688, 0.979317505740778, -0.08303586598690972, -0.03454089342564888, -4.606272872064849e-06, 0.08448723297675992, 0.9964245618423476, 0.015838563252567626, 0.0, 0.0, 0.0, 1.0], "right_foot_pose": [0.993621159128274, -0.11200469621641446, 0.0131125953973208, 0.03348328282323745, 0.11276964189259954, 0.9868811689874917, -0.11553599510670748, -0.17356914587916528, 5.59819809896449e-10, 0.11627771206620355, 0.993216740533832, 1.6407899136594573e-09, 0.0, 0.0, 0.0, 1.0]}, {"left_foot_pose": [0.9797507349826052, -0.20002421701712877, 0.008877494451157899, 0.03649574755899919, 0.20022112100902212, 0.9787875954993511, -0.04343208029199144, -0.03599609790446778, -1.7135940772472822e-06, 0.04433007447866415, 0.9990169390424674, 0.007998177854694054, 0.0, 0.0, 0.0, 1.0], "right_foot_pose": [0.9936211591285704, -0.11227768798768868, 0.010522020344758232, 0.03348328293360326, 0.11276964188998866, 0.989286518249766, -0.09271026198463553, -0.17356914599603745, 9.965485088728515e-10, 0.09330544244252435, 0.9956375316402072, 2.424636248721246e-09, 0.0, 0.0, 0.0, 1.0]}, {"left_foot_pose": [0.9777199695667577, -0.2099073679724843, 0.001599369014116897, 0.037795057454982926, 0.20991346100324412, 0.977691594863135, -0.007448773296348053, -0.03689591549767013, -1.3724492656956092e-07, 0.00761854348578956, 0.9999709784764441, 0.001817276466173398, 0.0, 0.0, 0.0, 1.0], "right_foot_pose": [0.993621159132225, -0.1125295335177327, 0.007355012645441218, 0.03348328322328098, 0.11276964185778515, 0.9915055470405757, -0.06480554037299437, -0.1735691459137119, 1.3910288402290617e-09, 0.06522157828549062, 0.997870806129706, 3.1934762403929007e-09, 0.0, 0.0, 0.0, 1.0]}, {"left_foot_pose": [0.9771871218955916, -0.21231561346546304, -0.005235368200549683, 0.03812616811527701, 0.21238015161829832, 0.9768901740761896, 0.02408856558580556, -0.0371252150909054, 1.1729345030150117e-09, -0.024650924367597034, 0.9996961197923218, 3.844728355129057e-09, 0.0, 0.0, 0.0, 1.0], "right_foot_pose": [0.9936211591495091, -0.11270534436683345, 0.0038075505956893254, 0.03348328455326257, 0.11276964170549297, 0.9930546304458575, -0.033548604436790114, -0.17356914589246697, 1.2663686290661453e-09, 0.033763979344783035, 0.9994298343049427, 3.411337684555704e-09, 0.0, 0.0, 0.0, 1.0]}, {"left_foot_pose": [0.9771871218910259, -0.2120527466870158, -0.011788190396623125, 0.03812616987503448, 0.21238015163930654, 0.9756806914450643, 0.054238911594422665, -0.03712521594251671, -4.238484003174973e-10, -0.05550514357944366, 0.9984584012547677, 4.219687738116207e-09, 0.0, 0.0, 0.0, 1.0], "right_foot_pose": [0.9936211591639854, -0.11276943492911885, 0.00021588743634552428, 0.03348328619507322, 0.112769641577944, 0.9936193383726225, -0.0019021961870595472, -0.17356914612281935, -3.4252576617163197e-10, 0.0019144079291611464, 0.9999981675194614, 3.1388324855941008e-09, 0.0, 0.0, 0.0, 1.0]}, {"left_foot_pose": [0.9771871218942931, -0.21161927854426127, -0.017961340494380883, 0.03812616735388341, 0.21238015162427223, 0.9736862519592789, 0.08264232536384956, -0.03712521519038601, 1.0354199040997942e-09, -0.08457164828652379, 0.9964174006439779, 3.0869291983703917e-09, 0.0, 0.0, 0.0, 1.0], "right_foot_pose": [0.9936211591445359, -0.11272450932566189, -0.0031901563531160737, 0.0334832839810521, 0.11276964174931375, 0.9932234945004726, 0.028108679655956956, -0.1735691459344521, 1.1190346899435435e-09, -0.02828913165083974, 0.9995997824281683, 3.0352176327852476e-09, 0.0, 0.0, 0.0, 1.0]}, {"left_foot_pose": [0.9771871219040309, -0.21109327713019382, -0.023344316981930034, 0.03812616643538284, 0.21238015157946785, 0.9712660551751794, 0.10741006135148107, -0.03712521470184847, 8.183586150307849e-10, -0.10991759829473079, 0.9939407032540319, 2.0778397821774597e-09, 0.0, 0.0, 0.0, 1.0], "right_foot_pose": [0.9932604531775593, -0.1157169323355205, -0.006577516580436169, 0.03437530165166214, 0.11590371931960675, 0.9916603216006791, 0.056357203716292936, -0.1737381425641367, 1.179478431460609e-06, -0.05673974033862423, 0.9983890032772368, 0.002250300484795062, 0.0, 0.0, 0.0, 1.0]}, {"left_foot_pose": [0.9771871219050647, -0.21056863759776534, -0.027679914073532184, 0.038126166207993986, 0.21238015157471107, 0.9688521241901326, 0.12735867724411937, -0.03712521461426098, 3.939939230564877e-10, -0.1303319236123289, 0.9914704179588573, 1.258320239672095e-09, 0.0, 0.0, 0.0, 1.0], "right_foot_pose": [0.9919834688909386, -0.12590015463195744, -0.010860410247733284, 0.037355972677259174, 0.12636770724730254, 0.9883155629164042, 0.08522646691193347, -0.17430286038163212, 3.4871045436954938e-06, -0.08591565143138989, 0.996302414343637, 0.008710107308145677, 0.0, 0.0, 0.0, 1.0]}, {"left_foot_pose": [0.9771871219034473, -0.21012647434802145, -0.030857633806375778, 0.038126166130951177, 0.21238015158215287, 0.9668176765665101, 0.14197975733349413, -0.03712521476213661, -1.625478379569328e-11, -0.14529433938253175, 0.9893884752428616, 6.225600174269985e-10, 0.0, 0.0, 0.0, 1.0], "right_foot_pose": [0.9897614947180032, -0.14177583939355856, -0.01648620447027417, 0.04202526118677781, 0.1427311582373006, 0.9831421193110822, 0.11427768681922354, -0.1751875118628015, 6.467029551591883e-06, -0.11546074917808986, 0.9933120432962704, 0.016558460616503304, 0.0, 0.0, 0.0, 1.0]}, {"left_foot_pose": [0.9771871219012503, -0.2098308152464668, -0.03280789178467145, 0.038126166187682095, 0.212380151592261, 0.9654573124971544, 0.15095313496387372, -0.037125214975752704, -3.4235346812443534e-10, -0.15447720452796984, 0.9879963528683823, 2.1250601278666181e-10, 0.0, 0.0, 0.0, 1.0], "right_foot_pose": [0.9865465677790572, -0.16179943093453225, -0.02338404910667166, 0.0479622542088483, 0.16348048663812917, 0.9764103801624738, 0.14105637170838148, -0.17631234944794758, 9.587605877101436e-06, -0.14298151509979942, 0.9897253590000834, 0.02291665457537464, 0.0, 0.0, 0.0, 1.0]}, {"left_foot_pose": [0.9771871218958069, -0.20976368510665624, -0.03323439801569149, 0.038126166445585766, 0.21238015161730628, 0.9651484384475394, 0.15291554192196236, -0.037125215060817424, -2.360438604229999e-10, -0.15648542479334257, 0.9876802680155395, 1.2012436184649644e-10, 0.0, 0.0, 0.0, 1.0], "right_foot_pose": [0.9823407831848529, -0.18459942064015536, -0.030489991654454866, 0.05474604159103714, 0.1871004691272245, 0.9692198851162794, 0.1600194636522649, -0.17759762018618233, 1.2005927170617759e-05, -0.16289833699121992, 0.9866428592258464, 0.025000003278371548, 0.0, 0.0, 0.0, 1.0]}, {"left_foot_pose": [0.9771871218993875, -0.20988888519271418, -0.032434313104369596, 0.03812616669351204, 0.21238015160083298, 0.9657244995092499, 0.14923425295024287, -0.03712521501438433, -1.946507116198928e-10, -0.15271819446342796, 0.9882697774797283, 2.3367995732881397e-10, 0.0, 0.0, 0.0, 1.0], "right_foot_pose": [0.9772512610477186, -0.20878165743156965, -0.03728528262960617, 0.06195569424413023, 0.21208482407370807, 0.9620418875528935, 0.1717423476935421, -0.1789635735180593, 1.3351676282634875e-05, -0.17574306846584847, 0.984436068877985, 0.025000003072290555, 0.0, 0.0, 0.0, 1.0]}, {"left_foot_pose": [0.977187121905666, -0.21020703458952208, -0.030303983084754876, 0.038126166958090096, 0.21238015157194362, 0.9671883441814338, 0.13943234236666777, -0.03712521496666467, 7.077911382452922e-12, -0.14268745385862355, 0.9897677962589732, 6.082389661377086e-10, 0.0, 0.0, 0.0, 1.0], "right_foot_pose": [0.9715222784854168, -0.23294295830130748, -0.043382491679704135, 0.06917029865588879, 0.23694822688476674, 0.9551105335614494, 0.177818464890822, -0.18033046579384027, 1.35155231620695e-05, -0.18303400464885974, 0.9831065827058283, 0.025000002572636126, 0.0, 0.0, 0.0, 1.0]}, {"left_foot_pose": [0.9771871219141288, -0.210687442248803, -0.026760613667101765, 0.03812616704653292, 0.21238015153300635, 0.9693987591509831, 0.12312886335604878, -0.03712521470755842, 3.9551891314297257e-10, -0.1260033627931908, 0.9920298143527787, 1.2992965314762017e-09, 0.0, 0.0, 0.0, 1.0], "right_foot_pose": [0.9655447470265754, -0.2559510299118673, -0.04703628149036449, 0.07596894365644027, 0.26023708679118024, 0.9496508452673132, 0.17447042941861826, -0.18161854519984727, 1.2158376694664227e-05, -0.18069959150516035, 0.9835383355426681, 0.023024933666434183, 0.0,