{"LoopMode": "Wrap", "FrameDuration": 0.0167, "EnableCycleOffsetPosition": true, "EnableCycleOffsetRotation": false, "Debug_info": [{"left_foot_pose": [1.0000000000000007, 9.207543152173159e-14, -7.739309193510738e-12, 1.5047995098848072e-12, -1.6017248001594017e-14, 0.9999521319477873, 0.009784365747242648, -8.6538415322579e-14, 7.73960000611615e-12, -0.009784365747242821, 0.9999521319477876, 1.656345199885223e-11, 0.0, 0.0, 0.0, 1.0], "right_foot_pose": [0.9999999999999999, -1.6434013863273114e-13, -7.798872658781873e-12, 1.875414193977125e-12, 5.0042971961996906e-14, 0.999892514273963, -0.014661510798433542, -0.14000000000210197, 7.800353040154577e-12, 0.014661510798433391, 0.999892514273963, 1.3612146132491176e-11, 0.0, 0.0, 0.0, 1.0]}, {"left_foot_pose": [1.0000000000000002, 1.4717499491152735e-13, -1.7296941656752558e-11, 2.897108124572272e-12, -2.679512693120328e-14, 0.9999759153063679, 0.006940375147808877, 6.669977070661304e-13, 1.7297149864230113e-11, -0.006940375147809051, 0.9999759153063679, 3.601818149290281e-11, 0.0, 0.0, 0.0, 1.0], "right_foot_pose": [0.9999999999999998, -4.4533074123783047e-13, -1.7404966357048576e-11, 3.906787231426685e-12, 1.4062379009887163e-13, 0.9998467465415511, -0.01750666816602321, -0.14000000000382096, 1.7409972680576495e-11, 0.017506668166023063, 0.9998467465415509, 3.14004308665794e-11, 0.0, 0.0, 0.0, 1.0]}, {"left_foot_pose": [1.0000000000000007, 9.154044502882003e-14, -3.04075098433998e-11, 4.6426874687560215e-12, -6.16039421938881e-16, 0.9999955617957399, 0.0029793269078104197, 2.0586501253694323e-12, 3.040731354049013e-11, -0.0029793269078105928, 0.9999955617957401, 6.257879631155205e-11, 0.0, 0.0, 0.0, 1.0], "right_foot_pose": [1.0, -9.679121666164456e-13, -3.059819064787916e-11, 6.583072209192853e-12, 3.1079770994459043e-13, 0.9997694814972172, -0.02147053485094344, -0.1400000000058043, 3.06117857271807e-11, 0.021470534850943288, 0.9997694814972171, 5.607969644216837e-11, 0.0, 0.0, 0.0, 1.0]}, {"left_foot_pose": [1.0000000000000007, -2.01605106050132e-13, -4.6884551796466673e-11, 6.6737666808534615e-12, 1.0452410865397562e-13, 0.9999978415804844, -0.002077699298077203, 4.211585941105156e-12, 4.688451704570184e-11, 0.0020776992980770285, 0.9999978415804844, 9.601532069414276e-11, 0.0, 0.0, 0.0, 1.0], "right_foot_pose": [0.9999999999999998, -1.8539134518182614e-12, -4.7216897058888195e-11, 9.829304715737897e-12, 6.005160862142884e-13, 0.9996479332393327, -0.026533178669935337, -0.14000000000786822, 4.724936155300254e-11, 0.026533178669935188, 0.9996479332393325, 8.731158157582186e-11, 0.0, 0.0, 0.0, 1.0]}, {"left_foot_pose": [1.0000000000000002, -8.909026389338704e-13, -6.69083677351523e-11, 8.960026127881809e-12, 3.4123787957374096e-13, 0.9999662172915075, -0.008219749127226849, 7.327149303959501e-12, 6.691294627019468e-11, 0.008219749127226677, 0.9999662172915075, 1.3686539401813747e-10, 0.0, 0.0, 0.0, 1.0], "right_foot_pose": [1.0, -3.271780599026935e-12, -6.747130631978846e-11, 1.3635075926469424e-11, 1.0647919577773293e-12, 0.999465699490744, -0.032685096626404876, -0.14000000000983953, 6.754185808527297e-11, 0.03268509662640473, 0.9994656994907442, 1.254580536680372e-10, 0.0, 0.0, 0.0, 1.0]}, {"left_foot_pose": [1.0000000000000007, -2.186649932240883e-12, -9.106126963587256e-11, 1.1504501355995421e-11, 7.790822796585815e-13, 0.9998805145569848, -0.015458221413223778, 1.1716608586120891e-11, 9.108379508847879e-11, 0.015458221413223597, 0.999880514556985, 1.8654129629869232e-10, 0.0, 0.0, 0.0, 1.0], "right_foot_pose": [1.0, -5.45902540949783e-12, -9.19914144859035e-11, 1.8055834999389088e-11, 1.78065020940677e-12, 0.9992021005097977, -0.03993948343191284, -0.1400000000115284, 9.21358693445443e-11, 0.039939483431912684, 0.999202100509798, 1.716797121131819e-10, 0.0, 0.0, 0.0, 1.0]}, {"left_foot_pose": [1.0000000000000004, -4.383912622868791e-12, -1.203451227560492e-10, 1.433593590359653e-11, 1.51508975672503e-12, 0.9997160072152192, -0.02383075570896723, 1.7838879678988562e-11, 1.204151383902301e-10, 0.02383075570896706, 0.9997160072152194, 2.474004959229781e-10, 0.0, 0.0, 0.0, 1.0], "right_foot_pose": [1.0, -8.757667823744725e-12, -1.2183826170186757e-10, 2.3205389244721256e-11, 2.858293972086799e-12, 0.9988311227935415, -0.04833619905405376, -0.14000000001268506, 1.2211919225016264e-10, 0.04833619905405361, 0.9988311227935416, 2.2797626980652907e-10, 0.0, 0.0, 0.0, 1.0]}, {"left_foot_pose": [1.0000000000000004, -7.90847060588478e-12, -1.5616463677758916e-10, 1.7495448576815624e-11, 2.6882443885185158e-12, 0.9994420093069164, -0.03340164715331429, 2.6345474413158598e-11, 1.563411629210969e-10, 0.033401647153314125, 0.9994420093069165, 3.228078707118165e-10, 0.0, 0.0, 0.0, 1.0], "right_foot_pose": [1.0, -1.3662886006428665e-11, -1.5850964985020247e-10, 2.924334660748755e-11, 4.455579134084988e-12, 0.9983199337272415, -0.05794229821845593, -0.14000000001293755, 1.5903492645786515e-10, 0.0579422982184558, 0.9983199337272416, 2.9720147870504476e-10, 0.0, 0.0, 0.0, 1.0]}, {"left_foot_pose": [1.0000000000000004, -1.3376155553302196e-11, -2.0031587499857985e-10, 2.1022493003391098e-11, 4.497396714111588e-12, 0.9990200423359231, -0.04426008372259521, 3.813063233215619e-11, 2.00711112553213e-10, 0.04426008372259504, 0.9990200423359232, 4.1723041688257467e-10, 0.0, 0.0, 0.0, 1.0], "right_foot_pose": [1.0, -2.0886812512492734e-11, -2.03929928499491e-10, 3.6358636273549526e-11, 6.796659120520718e-12, 0.9976269950377867, -0.0688504086543866, -0.1400000000117141, 2.048839723449916e-10, 0.06885040865438645, 0.9976269950377866, 3.830879849453517e-10, 0.0, 0.0, 0.0, 1.0]}, {"left_foot_pose": [1.0000000000000002, -2.1657952872455616e-11, -2.5486734944735154e-10, 2.4929124778757547e-11, 7.219743644704516e-12, 0.9984017252876363, -0.05651543986091241, 5.4358136047927275e-11, 2.5568359500622725e-10, 0.05651543986091225, 0.9984017252876363, 5.361967536643419e-10, 0.0, 0.0, 0.0, 1.0], "right_foot_pose": [0.9999999999999999, -3.142694828111392e-11, -2.6035046341021924e-10, 4.473559632307041e-11, 1.0189578424828304e-11, 0.9966999316683228, -0.08117417207684094, -0.1400000000081486, 2.620423193488531e-10, 0.08117417207684079, 0.9966999316683229, 4.901196531958973e-10, 0.0, 0.0, 0.0, 1.0]}, {"left_foot_pose": [1.0000000000000004, -3.390874658589474e-11, -3.2169367170098383e-10, 2.9137884906938403e-11, 1.1214476511823605e-11, 0.9975268400504543, -0.07028658036180224, 7.63679900567249e-11, 3.2328121577409974e-10, 0.07028658036180208, 0.9975268400504544, 6.856078135775157e-10, 0.0, 0.0, 0.0, 1.0], "right_foot_pose": [0.9999999999999998, -4.658757559420192e-11, -3.298855077993321e-10, 5.4461299333024096e-11, 1.5025242147701718e-11, 0.9954736788217995, -0.09503764923961895, -0.14000000000099877, 3.328199542518017e-10, 0.09503764923961881, 0.9954736788217996, 6.227773782785384e-10, 0.0, 0.0, 0.0, 1.0]}, {"left_foot_pose": [1.0000000000000002, -5.1429121274237955e-11, -4.011820320393147e-10, 3.334072125620247e-11, 1.6868003741636127e-11, 0.9963229056214742, -0.08567769682935948, 1.0523576454701811e-10, 4.0411298873807186e-10, 0.08567769682935931, 0.9963229056214746, 8.693478992238823e-10, 0.0, 0.0, 0.0, 1.0], "right_foot_pose": [1.0, -6.780046309988333e-11, -4.131883724056702e-10, 6.530425543799467e-11, 2.1706528234674666e-11, 0.993870444201863, -0.11055107481156227, -0.13999999998870014, 4.181508532783709e-10, 0.11055107481156211, 0.9938704442018632, 7.832359968928948e-10, 0.0, 0.0, 0.0, 1.0]}, {"left_foot_pose": [1.0000000000000004, -7.497059927649533e-11, -4.888695004368046e-10, 3.6643435107957295e-11, 2.4356474555148013e-11, 0.9947100517849864, -0.10272250424279282, 1.4038408283068016e-10, 4.93984269603385e-10, 0.10272250424279264, 0.9947100517849864, 1.0821737672639387e-09, 0.0, 0.0, 0.0, 1.0], "right_foot_pose": [0.9999999999999998, -9.578608191340693e-11, -5.059374030835779e-10, 7.617283330717905e-11, 3.036552411370893e-11, 0.9918058299373941, -0.12775443515665846, -0.1399999999699266, 5.140286660165116e-10, 0.12775443515665832, 0.9918058299373941, 9.649414253742883e-10, 0.0, 0.0, 0.0, 1.0]}, {"left_foot_pose": [1.0000000000000002, -1.0242456239242786e-10, -5.671163538778482e-10, 3.668793333135753e-11, 3.2902562416553335e-11, 0.9926211935686884, -0.12125661251360013, 1.7586051365148236e-10, 5.753510904477207e-10, 0.12125661251360001, 0.9926211935686885, 1.290205803305966e-09, 0.0, 0.0, 0.0, 1.0], "right_foot_pose": [0.9999999999999999, -1.2781049271236367e-10, -5.900167021621875e-10, 8.381151156772075e-11, 4.000154280727414e-11, 0.989212474203059, -0.14648781820022552, -0.13999999994566503, 6.023744635990014e-10, 0.14648781820022536, 0.9892124742030591, 1.1357762508268365e-09, 0.0, 0.0, 0.0, 1.0]}, {"left_foot_pose": [1.0000000000000004, -1.2282889290499906e-10, -5.878357245414611e-10, 2.7940781022023106e-11, 3.894377119637411e-11, 0.9900628057080628, -0.1406258893428924, 1.9235413956097958e-10, 5.992669312260325e-10, 0.14062588934289225, 0.9900628057080629, 1.3858744499217757e-09, 0.0, 0.0, 0.0, 1.0], "right_foot_pose": [1.0, -1.5062900978927027e-10, -6.149714071312919e-10, 8.022310081083693e-11, 4.6393592078403474e-11, 0.9861098727975499, -0.16609430685968826, -0.1399999999247828, 6.314477386184288e-10, 0.1660943068596881, 0.9861098727975498, 1.2009368638432605e-09, 0.0, 0.0, 0.0, 1.0]}, {"left_foot_pose": [0.9999999941657041, -0.00010657253516215843, 1.763199449356306e-05, 2.13857604361842e-05, 0.00010802034502263725, 0.9872517728734409, -0.1591663447147487, -5.29372215869045e-06, -4.4445695470407884e-07, 0.15916634569073906, 0.9872517786255234, 0.00016386118348014206, 0.0, 0.0, 0.0, 1.0], "right_foot_pose": [1.0, -1.3166205660572568e-10, -4.839801892586585e-10, 1.08084591698093e-10, 3.9974133164199746e-11, 0.9827832652638966, -0.1847621539093812, -0.1399999999870329, 4.999736509402631e-10, 0.184762153909381, 0.9827832652638964, 9.466554623527301e-10, 0.0, 0.0, 0.0, 1.0]}, {"left_foot_pose": [0.9999953482169135, -0.0030010185778040076, 0.0005453732952094859, 0.0006039652257638619, 0.003050170193482981, 0.9840278105549117, -0.17798866401065666, -0.00014948704873678914, -2.5152022855557898e-06, 0.1779894995273688, 0.9840323866884014, 0.004191209328520788, 0.0, 0.0, 0.0, 1.0], "right_foot_pose": [0.9999999999999999, -8.116492151142678e-11, -2.562298706543227e-10, 2.810249734868443e-10, 2.81754181652777e-11, 0.9797181791347045, -0.2003803619943315, -0.1400000001245598, 2.6729665307047237e-10, 0.20038036199433132, 0.9797181791347047, 5.689791346408235e-10, 0.0, 0.0, 0.0, 1.0]}, {"left_foot_pose": [0.9999552544507667, -0.009274799449047941, 0.0018620396030424983, 0.001873206439154118, 0.009459866563507677, 0.9804876384356345, -0.19635300303156564, -0.00046362639091309527, -4.572088724877626e-06, 0.19636183175478183, 0.9805315043429272, 0.011469802783619858, 0.0, 0.0, 0.0, 1.0], "right_foot_pose": [1.0, -2.5470810894652074e-11, -2.7671809288420807e-11, 3.212799563277117e-10, 1.902988525337699e-11, 0.9772982142384182, -0.21186835640651738, -0.14000000008258526, 3.2439801658084825e-11, 0.21186835640651727, 0.9772982142384183, 3.0125903160982404e-10, 0.0, 0.0, 0.0, 1.0]}, {"left_foot_pose": [0.9998271519127239, -0.01817274662009901, 0.003926522427477162, 0.003681721343629229, 0.018592102017457916, 0.9773478054186461, -0.21082125363902418, -0.0009112314132145929, -6.376852908609766e-06, 0.2108578158941207, 0.9775167422789741, 0.019120927362349077, 0.0, 0.0, 0.0, 1.0], "right_foot_pose": [1.0, 1.3310882545491794e-11, 1.383372305596708e-10, 2.1315564097247094e-10, 1.7259151781324183e-11, 0.9758026469577425, -0.21865313670346345, -0.13999999995118306, -1.37900538406334e-10, 0.21865313670346329, 0.9758026469577424, 1.4067520065497163e-10, 0.0, 0.0, 0.0, 1.0]}, {"left_foot_pose": [0.9995588299467577, -0.02899563988130753, 0.0064341544388474645, 0.005882124955676736, 0.029700932950732586, 0.9758779709902715, -0.21628693977623342, -0.001455826506455496, -7.571362039052241e-06, 0.21638262084507937, 0.9763086404098298, 0.024265879025883834, 0.0, 0.0, 0.0, 1.0], "right_foot_pose": [0.9999999999999998, 1.97037617289129e-11, 2.0496293551275347e-10, -1.403140267506655e-11, 2.594911288938078e-11, 0.9754155468136873, -0.22037357154195206, -0.13999999985011377, -2.0426643383302721e-10, 0.220373571541952, 0.9754155468136871, 1.0532371502725013e-10, 0.0, 0.0, 0.0, 1.0]}, {"left_foot_pose": [0.9991159438968342, -0.041111522916862306, 0.008784835490501101, 0.008327024537549488, 0.04203963118026658, 0.9770973818622228, -0.2085985996314877, -0.002060937740403914, -7.833648683809258e-06, 0.2087834980103714, 0.9779618862190839, 0.02500000265016867, 0.0, 0.0, 0.0, 1.0], "right_foot_pose": [0.9999999999999998, -1.1711084848140182e-11, 1.5566203881434156e-10, -2.2788435052529943e-10, 4.518040494442943e-11, 0.9762156210519481, -0.21680189393582192, -0.1399999998353394, -1.4942084178981917e-10, 0.21680189393582183, 0.9762156210519479, 2.361859874344674e-10, 0.0, 0.0, 0.0, 1.0]}, {"left_foot_pose": [0.9984939742363284, -0.0538211947184788, 0.010633081059553533, 0.010869024348268447, 0.054861492506235066, 0.979586152579077, -0.1933938631790336, -0.0026900825241741103, -7.330197672080572e-06, 0.1936859537354166, 0.9810635816662809, 0.025000003035476892, 0.0, 0.0, 0.0, 1.0], "right_foot_pose": [0.9999999999999996, -7.363773748672519e-11, -2.8599345114340163e-12, -3.593579892283488e-10, 7.142886219463179e-11, 0.9780884852742353, -0.20818961303089123, -0.1399999997939439, 1.8127824057775477e-11, 0.20818961303089106, 0.9780884852742353, 5.260935159734359e-10, 0.0, 0.0, 0.0, 1.0]}, {"left_foot_pose": [0.9977246222230406, -0.06641271957319614, 0.011615889496008832, 0.013360739659647758, 0.06742090307563293, 0.9828208910413514, -0.1718066295611186, -0.003306782478562767, -6.193354847028556e-06, 0.17219885833412832, 0.9850622077564779, 0.024910272073102334, 0.0, 0.0, 0.0, 1.0], "right_foot_pose": [0.9999999999999998, -1.5938792574646096e-10, -2.8000374241443555e-10, -4.748804988550634e-10, 1.0190232998184861e-10, 0.9809145640304782, -0.19443924005430951, -0.1399999997968265, 3.056506908555755e-10, 0.19443924005430932, 0.9809145640304782, 9.837420114622297e-10, 0.0, 0.0, 0.0, 1.0]}, {"left_foot_pose": [0.99687663603936, -0.07818823621002002, 0.011116305016318813, 0.01565478058235044, 0.07897450537184941, 0.9869597368332071, -0.14026227351429643, -0.003874563948575556, -4.4857005736350455e-06, 0.14070208807439052, 0.9900519796411628, 0.02116383495679034, 0.0, 0.0, 0.0, 1.0], "right_foot_pose": [0.9999999999999999, -2.552508998405806e-10, -6.868380308944197e-10, -6.163459532837218e-10, 1.3105102409271503e-10, 0.9845527948860097, -0.17508796098575, -0.1400000000566694, 7.209194261067747e-10, 0.17508796098574977, 0.9845527948860093, 1.6289008961112295e-09, 0.0, 0.0, 0.0, 1.0]}, {"left_foot_pose": [0.996051084117741, -0.0883122917368967, 0.009120140133314173, 0.017603749490815897, 0.08878196788172918, 0.9907847979496205, -0.10229001090516318, -0.004356938917141059, -2.6309144310629346e-06, 0.10269578024489587, 0.9947128111736431, 0.013996813117082889, 0.0, 0.0, 0.0, 1.0], "right_foot_pose": [0.9999999999999998, -3.2298685968875314e-10, -1.1666013155497964e-09, -5.904001687130347e-10, 1.4424074704520409e-10, 0.9886733015493736, -0.15008365268563373, -0.14000000026511325, 1.2018625146532287e-09, 0.15008365268563356, 0.9886733015493733, 2.447824144768962e-09, 0.0, 0.0, 0.0, 1.0]}, {"left_foot_pose": [0.9953711251122666, -0.09591243116956316, 0.006093343900103131, 0.019060262670064162, 0.09610579218525252, 0.993369196558575, -0.063097670614826, -0.004717425418671742, -1.0891445965993445e-06, 0.06339120503441895, 0.9979887550083414, 0.006287910948571257, 0.0, 0.0, 0.0, 1.0], "right_foot_pose": [1.0, -3.3080156628799665e-10, -1.666089877172537e-09, -3.8559507711863436e-10, 1.289567104491103e-10, 0.9928075956023452, -0.11972083408617835, -0.14000000033631665, 1.6937103261453476e-09, 0.11972083408617822, 0.9928075956023453, 3.358096266337096e-09, 0.0, 0.0, 0.0, 1.0]}, {"left_foot_pose": [0.9949663055254933, -0.10017859352540776, 0.002510033510288999, 0.0198769329334119, 0.100210033773694, 0.9946541822331708, -0.024920009974677013, -0.0049195452490154706, -1.637786523895736e-07, 0.025046100801001808, 0.9996862972126008, 0.0009158373364608827, 0.0, 0.0, 0.0, 1.0], "right_foot_pose": [1.0, -2.5117195870241466e-10, -2.068415383416066e-09, 1.0429571459734642e-11, 7.503252962202353e-11, 0.9964047842484434, -0.08472016245742929, -0.1400000001986539, 2.0822583885959443e-09, 0.08472016245742915, 0.9964047842484433, 4.162598987722532e-09, 0.0, 0.0, 0.0, 1.0]}, {"left_foot_pose": [0.9949038343751964, -0.10082195212543421, -0.0011376797218551691, 0.020000000648143456, 0.10082837073727278, 0.994840500237192, 0.011225806976871224, -0.004949999572391195, 2.090008553390611e-09, -0.01128330879802068, 0.9999363414450788, 4.584926986683779e-09, 0.0, 0.0, 0.0, 1.0], "right_foot_pose": [0.9999999999999999, -1.3931550950127567e-10, -2.207871441228803e-09, 2.6906342573707464e-10, 3.278002471787391e-11, 0.9988387016159395, -0.048179333268364245, -0.1400000000784803, 2.2120194990324946e-09, 0.04817933326836411, 0.9988387016159392, 4.493183311526927e-09, 0.0, 0.0, 0.0, 1.0]}, {"left_foot_pose": [0.9949038343788261, -0.1007110755192458, -0.004862057801718535, 0.02000000049789963, 0.10082837070145755, 0.9937464485047584, 0.0479753660316433, -0.004949999731481747, 1.961406221895356e-09, -0.048221108987013366, 0.9988366856739209, 4.216361593201157e-09, 0.0, 0.0, 0.0, 1.0], "right_foot_pose": [0.9999999999999998, -1.3296721704101851e-11, -2.0503405084859594e-09, 1.6972781686659773e-10, -7.812734239165727e-12, 0.9999470022802643, -0.010295272250535363, -0.14000000020555411, 2.050368423580282e-09, 0.010295272250535215, 0.9999470022802647, 4.263192895925805e-09, 0.0, 0.0, 0.0, 1.0]}, {"left_foot_pose": [0.9949038343807202, -0.10048551172273071, -0.008307964152709879, 0.020000000341759003, 0.10082837068276876, 0.9915207432568475, 0.08197716363017131, -0.004949999818968221, 1.5546903302813766e-09, -0.08239707291652187, 0.9965995797584856, 3.3238726632189852e-09, 0.0, 0.0, 0.0, 1.0], "right_foot_pose": [0.999999999970128, -7.726716825226472e-06, -2.0357253194266388e-07, 5.678158762631832e-06, 7.729388745229023e-06, 0.999692833967967, 0.024783818377138705, -0.13999969223754047, 1.2012454669237432e-08, -0.024783818377972014, 0.9996928339978273, 3.740243909281654e-05, 0.0, 0.0, 0.0, 1.0]}, {"left_foot_pose": [0.9949038343803347, -0.10019898387077014, -0.011248287272912863, 0.020000000409289617, 0.10082837068657256, 0.988693486717524, 0.11099022023150337, -0.004949999528314934, 1.0766665292331287e-09, -0.11155874216578288, 0.9937578412502664, 2.327872748730808e-09, 0.0, 0.0, 0.0, 1.0], "right_foot_pose": [0.9999996839057776, -0.0007938611439964649, -4.441653153275022e-05, 0.0005840665945923384, 0.0007951026926973373, 0.998454172469586, 0.05557547381518409, -0.13996839352948362, 2.2866201415018104e-07, -0.05557549156380191, 0.9984544880651244, 0.00349299002550571, 0.0, 0.0, 0.0, 1.0]}, {"left_foot_pose": [0.9949038343790176, -0.09990560073286466, -0.013609969880010606, 0.020000000372547243, 0.10082837069956757, 0.9857985866850485, 0.13429365640949956, -0.004949999532251291, 6.543361243572766e-10, -0.13498154478286117, 0.9908481127640266, 1.4421088559424255e-09, 0.0, 0.0, 0.0, 1.0], "right_foot_pose": [0.9999963309582769, -0.0026994956502326387, -0.00022537350903716066, 0.0019898864244679913, 0.002708887158875082, 0.9965474033159428, 0.08298153333490631, -0.13989233093968365, 5.870969198512825e-07, -0.08298183938360301, 0.9965510595710433, 0.0105384973177658, 0.0, 0.0, 0.0, 1.0]}, {"left_foot_pose": [0.9949038343775357, -0.09964959383386222, -0.015372663712709445, 0.020000000259957348, 0.1008283707141885, 0.9832724891497697, 0.15168668939738617, -0.004949999714724704, 3.252053935331724e-10, -0.15246366954118357, 0.9883090758816483, 7.451246772371967e-10, 0.0, 0.0, 0.0, 1.0], "right_foot_pose": [0.9999848019779506, -0.0054818525870049956, -0.0005874566647473787, 0.004049904038353657, 0.0055132397127447995, 0.9943110251503092, 0.1063728793086418, -0.1397808772427795, 9.94194930916042e-07, -0.10637450144069037, 0.9943261363568073, 0.018295208060224707, 0.0, 0.0, 0.0, 1.0]}, {"left_foot_pose": [0.9949038343764162, -0.09946451137947022, -0.01652789518205016, 0.020000000110684285, 0.10082837072523612, 0.981446224518722, 0.16308570763510102, -0.00494999993635119, 1.027635473497386e-10, -0.1639210766008769, 0.9864734566353068, 2.763286890972161e-10, 0.0, 0.0, 0.0, 1.0], "right_foot_pose": [0.99995974825148, -0.00890397007751276, -0.0011050763298969815, 0.006590892141478087, 0.0089722837132173, 0.9923646271549866, 0.12301197054154372, -0.13964340328553512, 1.343755218130334e-06, -0.12301693415299735, 0.9924045716892841, 0.02388441739605076, 0.0, 0.0, 0.0, 1.0]}, {"left_foot_pose": [0.9949038343759914, -0.09937299106237324, -0.01706953400852334, 0.020000000008166933, 0.10082837072942664, 0.9805431658375209, 0.16843022171030242, -0.004950000015430902, -5.631313600988543e-13, -0.16929296670756827, 0.9855657722462522, 6.629543441993846e-11, 0.0, 0.0, 0.0, 1.0], "right_foot_pose": [0.9999174339000731, -0.012742035265447205, -0.001663105524867121, 0.009439625559935971, 0.012850112075857725, 0.9915229169756256, 0.12929493312494592, -0.13948927660729363, 1.5266437327881902e-06, -0.1293056288389662, 0.9916047873766188, 0.02500000123638215, 0.0, 0.0, 0.0, 1.0]}, {"left_foot_pose": [0.9949038343763126, -0.09938039240641097, -0.017026389765876053, 0.01999999998186971, 0.10082837072625847, 0.9806161971746347, 0.16800450439034875, -0.004950000010501469, 1.1468859433684535e-11, -0.1688650687498936, 0.9856391776690366, 5.16550621720846e-11, 0.0, 0.0, 0.0, 1.0], "right_foot_pose": [0.9998570018504799, -0.016771894933539, -0.0021631899841371136, 0.012422866409087165, 0.016910820447791765, 0.9916545836357962, 0.12780927550807178, -0.13932787083523007, 1.533522691261556e-06, -0.127827580335599, 0.9917964053691637, 0.025000001458046192, 0.0, 0.0, 0.0, 1.0]}, {"left_foot_pose": [0.9949038343773015, -0.09948471433481461, -0.016405851244729975, 0.01999999996565062, 0.10082837071649986, 0.9816455732828423, 0.16188146315392918, -0.0049500000081811905, 1.3235522189794746e-10, -0.16271066365767545, 0.9866738265161795, 2.442580790407156e-10, 0.0, 0.0, 0.0, 1.0], "right_foot_pose": [0.9997811834463258, -0.02076793119613842, -0.002505645724397676, 0.015367385387351313, 0.02091853782583705, 0.9925909594642045, 0.1196896067549676, -0.13916856008874237, 1.3757756771702509e-06, -0.11971583113257098, 0.9928081988855376, 0.024992551704717668, 0.0, 0.0, 0.0, 1.0]}, {"left_foot_pose": [0.9949038343788552, -0.099679110872442, -0.015180092026462129, 0.019999999945622886, 0.10082837070116976, 0.9835637428384252, 0.1497865262145315, -0.004949999786897894, 3.7644237173677504e-10, -0.15055377321524838, 0.9886018214481767, 6.940502894625666e-10, 0.0, 0.0, 0.0, 1.0], "right_foot_pose": [0.9996964516716315, -0.02450772175623743, -0.002525091972185639, 0.018099957747775095, 0.024637461598897927, 0.9944364767961743, 0.10241625409657804, -0.13902071221655501, 1.0545056913415813e-06, -0.10244737767034781, 0.9947384253196202, 0.021837793920332096, 0.0, 0.0, 0.0, 1.0]}, {"left_foot_pose": [0.9949038343803716, -0.09994177367565939, -0.013341746879561557, 0.01999999999024562, 0.10082837068620651, 0.9861555161792277, 0.13164701885742278, -0.004949999571679134, 7.170223960216118e-10, -0.13232135044596902, 0.9912068705452742, 1.345949678099867e-09, 0.0, 0.0, 0.0, 1.0], "right_foot_pose": [0.9996126179301522, -0.027748552883814222, -0.002152182074467635, 0.020447339952184264, 0.027831889522728654, 0.996621296408369, 0.07727468842316029, -0.13889370542122184, 6.497108721539617e-07, -0.07730465288814159, 0.99700751784599, 0.014923780698215615, 0.0, 0.0, 0.0, 1.0]}, {"left_foot_pose": [0.9949038343831066, -0.10023470241949685, -0.010925418100358823, 0.019999999828368406, 0.10082837065921872, 0.9890459326586946, 0.1078043726455523, -0.004949999513282231, 1.1231079119942343e-09, -0.10835657581415536, 0.9941120925116201, 2.113031041806046e-09, 0.0, 0.0, 0.0, 1.0], "right_foot_pose": [0.9995418732704685, -0.030230997145484207, -0.0014595857467083766, 0.02223630160100322, 0.03026621183569627, 0.9983793557080851, 0.04819355264997066, -0.13879691528632965, 2.8112480727884445e-07, -0.04821565002671303, 0.9988369492026328, 0.007129215866007843, 0.0, 0.0, 0.0, 1.0]}, {"left_foot_pose": [0.9949038343812732, -0.10051183323819098, -0.0079832144239901, 0.020000000061892616, 0.10082837067731178, 0.9917804655238746, 0.07877276097615112, -0.004949999658045797, 1.5028549931336204e-09, -0.07917625644311092, 0.996860632393343, 2.821319670942568e-09, 0.0, 0.0, 0.0, 1.0], "right_foot_pose": [0.9994972742542044, -0.03170028181550372, -0.0005393433348937813, 0.023293615630801522, 0.031704869632491486, 0.9993526669679955, 0.017001419515477227, -0.13873971436068847, 4.4410233041241905e-08, -0.01700997227429184, 0.9998553199554552, 0.0013328064229153405, 0.0, 0.0, 0.0, 1.0]}, {"left_foot_pose": [0.9949038343709043, -0.10071804497498131, -0.004715481999796561, 0.02000000125450155, 0.10082837077962149, 0.9938152171360702, 0.04652906440831863, -0.004949999842215421, 1.3658079435134968e-09, -0.046767398957007246, 0.9989058065677652, 3.1413180598405255e-09, 0.0, 0.0, 0.0, 1.0], "right_foot_pose": [0.9994880436888237, -0.03199065619004679, 0.0004984371754780066, 0.023506509014058426, 0.031994538957260794, 0.9993667479622247, -0.01557088771778441, -0.1387282005499379, 1.3764323478277171e-09, 0.0155788633711751, 0.9998786421441667, 3.125352754373978e-09, 0.0, 0.0, 0.0, 1.0]}, {"left_foot_pose": [0.994903834366356, -0.10081831071519104, -0.0014242849640947052, 0.02000000215769797, 0.10082837082450463, 0.9948045683358571, 0.01405384128936153, -0.0049499998537947, 6.510402471210817e-10, -0.014125828918881684, 0.9999002255012026, 3.0732990527471138e-09, 0.0, 0.0, 0.0, 1.0], "right_foot_pose": [0.999488043689067, -0.031957064207936384, 0.0015480858540961265, 0.02350650984024972, 0.031994538949668035, 0.9983173567502017, -0.04836118990149713, -0.13872820031003652, 6.729704462528296e-10, 0.04838596137827898, 0.9988287134146172, 2.950215835517689e-09, 0.0, 0.0, 0.0, 1.0]}, {"left_foot_pose": [0.9949038343740945, -0.10081490164384743, 0.00164801525083734, 0.02000000026140316, 0.10082837074814653, 0.994770930475505, -0.01626147389300228, -0.0049499997566369094, 1.226593712270102e-09, 0.016344769421432048, 0.999866415333849, 2.4358704706073375e-09, 0.0, 0.0, 0.0, 1.0], "right_foot_pose": [0.9994880436879435, -0.0318946753694705, 0.0025259073464794168, 0.0235065079777018, 0.031994538984753504, 0.9963683679042283, -0.07890769870562114, -0.138728200409907, 1.2540784723077782e-09, 0.07894811665226766, 0.9968787262636613, 2.343875794841299e-09, 0.0, 0.0, 0.0, 1.0]}, {"left_foot_pose": [0.9951780964009915, -0.09798146045385316, 0.004493311810875847, 0.01977224183375907, 0.0980844352747353, 0.994132957765758, -0.04559721308087075, -0.0045648752902216795, 7.321695792010395e-07, 0.04581807166649419, 0.9989498006948243, 0.0028444583381160363, 0.0, 0.0, 0.0, 1.0], "right_foot_pose": [0.9994880436875692, -0.03181698128253208, 0.00336604035367124, 0.02350650760268535, 0.03199453899645288, 0.9939412563204963, -0.1051528813606076, -0.13872820069851113, 8.801011661967392e-10, 0.1052067425885838, 0.9944503714685312, 1.5743655407129964e-09, 0.0, 0.0, 0.0, 1.0]}, {"left_foot_pose": [0.9959069563937292, -0.0901137699875432, 0.006988752765124263, 0.019133427700441463, 0.09038436923217824, 0.9929234092914145, -0.07703096182455509, -0.003484672320966921, 2.2541535351040826e-06, 0.07734734474916939, 0.9970042067389552, 0.009617037430386659, 0.0, 0.0, 0.0, 1.0], "right_foot_pose": [0.9994880436877043, -0.03173877511724267, 0.004037409984461693, 0.02350650741681325, 0.03199453899223331, 0.9914981490429116, -0.1261260080996572, -0.13872820073773795, 4.809891901826591e-10, 0.12619061216484137, 0.9920060127849338, 9.221840444051388e-10, 0.0, 0.0, 0.0, 1.0]}, {"left_foot_pose": [0.9968958590798268, -0.07825499278150215, 0.00864882964695408, 0.01816751807548434, 0.07873148119284949, 0.9908565432404978, -0.10956580026026667, -0.001851365838279202, 4.321461409650018e-06, 0.10990662774491634, 0.9939419163910267, 0.017439491093294977, 0.0, 0.0, 0.0, 1.0], "right_foot_pose": [0.999488043688079, -0.031672714689430205, 0.0045265515327093915, 0.023506507368170487, 0.03199453898052489, 0.9894344670466781, -0.14140645280707578, -0.1387282006002975, 1.3167715412706345e-10, 0.1414788838104754, 0.9899412737307914, 4.375255713284787e-10, 0.0, 0.0, 0.0, 1.0]}, {"left_foot_pose": [0.9979414996497014, -0.06350096904127207, 0.008966058650587808, 0.016958506259018284, 0.06413082904947817, 0.9881260372137048, -0.13962152894796584, 0.00019300950524653998, 6.50638338901464e-06, 0.1399091187562853, 0.9901643492100228, 0.023433114177615448, 0.0, 0.0, 0.0, 1.0], "right_foot_pose": [0.9994880436884443, -0.03162868971103584, 0.004824573660860836, 0.02350650745923868, 0.031994538969112515, 0.9880591576258421, -0.15071645732256864, -0.13872820039587444, -1.242518631552275e-10, 0.15079365709098866, 0.9885652598494069, 1.3863486053589114e-10, 0.0, 0.0, 0.0, 1.0]}, {"left_foot_pose": [0.9988668389229957, -0.046970434475770734, 0.007669184124848389, 0.01559039116678259, 0.047592415710064714, 0.9857850174376459, -0.16112995178532738, 0.002506413763807277, 8.177036170400123e-06, 0.16131236059465118, 0.986903400669244, 0.025000002252582115, 0.0, 0.0, 0.0, 1.0], "right_foot_pose": [0.9994880436885679, -0.03161351319105326, 0.0049230384233477096, 0.02350650767379687, 0.03199453896524626, 0.9875850539973162, -0.15379242698364423, -0.1387282002785858, -2.4802127125741204e-10, 0.15387120232466264, 0.9880909133754657, 6.575648359152808e-11, 0.0, 0.0, 0.0, 1.0]}, {"left_foot_pose": [0.9995459248454371, -0.029671681247488105, 0.005247423827733634, 0.014147177803002418, 0.03013210983257749, 0.9842201353455545, -0.17436393301774616, 0.004946809617060548, 9.050851612979457e-06, 0.174442874639026, 0.9846672957937398, 0.025000001791940875, 0.0, 0.0, 0.0, 1.0], "right_foot_pose": [0.9994880436883261, -0.031628738031711616, 0.00482425689654867, 0.023506507891168035, 0.03199453897280818, 0.9880606674695319, -0.1507065588339825, -0.13872820023591792, -2.202278126652477e-10, 0.15078375353526816, 0.9885667704661206, 1.879881111888082e-10, 0.0, 0.0, 0.0, 1.0]}, {"left_foot_pose": [0.9999184557196107, -0.01256348315991372, 0.002289279843122953, 0.0127128582220589, 0.01277034964759316, 0.9835938339016447, -0.17994468061196783, 0.007372166474379481, 9.010426813082656e-06, 0.17995924205651506, 0.9836740675230072, 0.025000001321009997, 0.0, 0.0, 0.0, 1.0], "right_foot_pose": [0.9994880436876993, -0.03167276305021552, 0.004526213218591401, 0.023506508127121267, 0.03199453899238514, 0.9894359781639206, -0.1413958789691928, -0.13872820019442866, -3.2447559799197915e-11, 0.14146830456173118, 0.989942785621689, 5.405238201472429e-10, 0.0, 0.0, 0.0, 1.0]}, {"left_foot_pose": [0.9999939778818088, 0.0034198993652956194, -0.0005903291018336629, 0.011371427397462814, -0.0034704671789180875, 0.9857906875952396, -0.16794247856949693, 0.00964044636043562, 7.59455533773267e-06, 0.16794351591781412, 0.9857966196957091, 0.02245972241890818, 0.0, 0.0, 0.0, 1.0], "right_foot_pose": [0.9994880436869235, -0.03176198537982409, 0.0038505599096400962, 0.023506508314688788, 0.03199453901661798, 0.9922232212674739, -0.12028893818931016, -0.13872820052206689, 5.388966433796632e-10, 0.12035055239727559, 0.9927314564058455, 1.3082942368347616e-09, 0.0, 0.0, 0.0, 1.0]}, {"left_foot_pose": [0.9998456525527261, 0.017377896743303995, -0.002584526299613255, 0.01020688973801189, -0.017569036436146497, 0.9890138380679735, -0.14677519227976726, 0.01160961624173646, 5.488139251465165e-06, 0.14679794554024356, 0.9891664992078156, 0.015838560442791062, 0.0, 0.0, 0.0, 1.0], "right_foot_pose": [0.9994880436860802, -0.031845672880891664, 0.003082798620593333, 0.023506508540516512, 0.0319945390429663, 0.994837560951272, -0.09630460420952214, -0.13872820085659646, 1.0619649896742637e-09, 0.09635393318016557, 0.9953471352049558, 2.3241056371081648e-09, 0.0, 0.0, 0.0, 1.0]}, {"left_foot_pose": [0.999593595758221, 0.028311318561475222, -0.0033335507288497113, 0.009303236009619534, -0.02850689933178363, 0.9927482854586217, -0.11678269738901915, 0.013137647326166409, 3.1046223059066605e-06, 0.11683026560047835, 0.9931518962525743, 0.00799817601774068, 0.0, 0.0, 0.0, 1.0], "right_foot_pose": [0.9994880436857875, -0.03192574445466018, 0.0020969907422806276, 0.023506508643926047, 0.03199453905211759, 0.9973389428964095, -0.06550864410988064, -0.13872820109036293, 1.7012534672333644e-09, 0.06554219879808879, 0.9978497984049062, 3.558675708281722e-09, 0.0, 0.0, 0.0, 1.0]}, {"left_foot_pose": [0.999377866677302, 0.035152545145216436, -0.0028597491742313828, 0.008744461324282816, -0.035268677242686924, 0.996089517555008, -0.08100489752220978, 0.01408250699933175, 1.037858155061298e-06, 0.08105536124678024, 0.9967096008427322, 0.001817276166237218, 0.0, 0.0, 0.0, 1.0], "right_foot_pose": [0.9994880436866284, -0.03198158910578607, 0.0009102119232802055, 0.023506508552598893, 0.03199453902584962, 0.9990834947352302, -0.028434486458573643, -0.1387282010845956, 2.353091564761699e-09, 0.02844905105461472, 0.9995952438332687, 4.771146366877588e-09, 0.0, 0.0, 0.0, 1.0]}, {"left_foot_pose": [0.9993155780886048, 0.03696097182594912, -0.0015039784305859605, 0.00860206440904479, -0.03699155835374118, 0.9984892954134014, -0.04062944197760819, 0.014323294898153312, 2.7032342097170975e-09, 0.04065726880314856, 0.9991731514074371, 5.732868159358251e-09, 0.0, 0.0, 0.0, 1.0], "right_foot_pose": [0.9994880436907969, -0.031991784251183146, -0.0004198327867677344, 0.02350650737742582, 0.03199453889561606, 0.9994019915624125, 0.013115210327726673, -0.13872820095848432, 2.744005112666862e-09, -0.013121928269478918, 0.9999139037929669, 5.406690692377758e-09, 0.0, 0.0, 0.0, 1.0]}, {"left_foot_pose": [0.9993155780879703, 0.03699148476496827, 7.379424078958191e-05, 0.00860206262134661, -0.03699155837088811, 0.9993135895270666, 0.0019935886795533877, 0.014323294182793208, 2.21761701451652e-09, -0.001994953987743304, 0.9999980100773143, 5.825365516354264e-09, 0.0, 0.0, 0.0, 1.0], "right_foot_pose": [0.9994880436961898, -0.03194444292620529, -0.0017897135239953942, 0.023506505475812903, 0.03199453872715714, 0.9979230882190778, 0.05590938642960953, -0.1387282011824587, 2.2430528998722586e-09, -0.05593802432543885, 0.998434242919666, 5.45539224211522e-09, 0.0, 0.0, 0.0, 1.0]}, {"left_foot_pose": [0.9993155780848585, 0.036957644472836754, 0.0015836388305032873, 0.008602064998757063, -0.03699155845495091, 0.998399399646776, 0.042781577671142566, 0.01432329454729936, 2.279924987360733e-09, -0.04281087829019036, 0.9990831940834675, 4.6354536528681045e-09, 0.0, 0.0, 0.0, 1.0], "right_foot_pose": [0.9994880436927603, -0.03184515279931954, -0.003088164245367144, 0.023506507789773222, 0.03199453883428185, 0.9948213305379704, 0.09647211924407788, -0.13872820115946127, 2.2852938665742e-09, -0.09652153412503331, 0.9953308964611467, 4.874491123241231e-09, 0.0, 0.0, 0.0, 1.0]}, {"left_foot_pose": [0.9993155780834334, 0.0368772139772954, 0.002906284405727224, 0.008602065768772997, -0.03699155849344792, 0.9962265927580214, 0.07851242246912474, 0.014323294972865119, 1.5921661132892137e-09, -0.07856619483605728, 0.9969088990619873, 3.1741422962250354e-09, 0.0, 0.0, 0.0, 1.0], "right_foot_pose": [0.9995546801041214, -0.029581519753455465, -0.003921118593332141, 0.023040571048787775, 0.029840266059087905, 0.9908792892835719, 0.1314069731422417, -0.13841486374886824, -1.862766791757235e-06, -0.13146546222471878, 0.9913207514415157, 0.002250300218538455, 0.0, 0.0, 0.0, 1.0]}, {"left_foot_pose": [0.999315578083679, 0.03677530095232346, 0.003994075506207189, 0.008602065884817245, -0.03699155848681189, 0.9934734445324771, 0.10789874702466569, 0.014323295044698502, 9.433358852353053e-10, -0.10797264583514714, 0.9941538652298038, 1.9720166818948393e-09, 0.0, 0.0, 0.0, 1.0], "right_foot_pose": [0.999743661392721, -0.022349647152146806, -0.003620052106078644, 0.021483645656777507, 0.0226409250115581, 0.986850474956446, 0.16004227126874299, -0.13736786405315504, -4.43815203411196e-06, -0.160083207584092, 0.9871035237653097, 0.008710106476672065, 0.0, 0.0, 0.0, 1.0]}, {"left_foot_pose": [0.9993155780844402, 0.036674229833391345, 0.004834900608021349, 0.00860206584291164, -0.03699155846624786, 0.9907430412001585, 0.13061336423084718, 0.014323294908674677, 4.0682260191118235e-10, -0.13070282009042283, 0.991421591867159, 1.066939085692109e-09, 0.0, 0.0, 0.0, 1.0], "right_foot_pose": [0.9999354637690814, -0.011173179695396388, -0.002056295797327108, 0.01904468477836952, 0.011360820770449065, 0.9833088926919888, 0.18158896801368807, -0.1357277204020503, -6.952226801697745e-06, -0.18160061015412066, 0.9833723701341816, 0.016558459506129566, 0.0, 0.0, 0.0, 1.0]}, {"left_foot_pose": [0.9993155780852124, 0.036591227616838154, 0.005427472497513094, 0.0086020656897833, -0.036991558445387235, 0.9885007637694511, 0.14662150125746912, 0.014323294694505016, 1.6905010172498133e-11, -0.14672192095493208, 0.9891777787189194, 4.480043835908276e-10, 0.0, 0.0, 0.0, 1.0], "right_foot_pose": [0.9999955489360872, 0.0029257947455774164, 0.0005846649638270084, 0.015943548506243625, -0.002983626942743984, 0.9811849097599822, 0.1930473279524009, -0.13364228286948032, -8.847582001657161e-06, -0.19304821310854478, 0.9811892719232708, 0.022916652722849817, 0.0, 0.0, 0.0, 1.0]}, {"left_foot_pose": [0.9993155780861752, 0.03654655086598454, 0.005720578125847218, 0.008602065418088901, -0.03699155841937314, 0.9872938361444917, 0.15453965742423734, 0.014323294561866847, -7.19656465636451e-11, -0.1546455001960762, 0.9879700244790355, 1.1110981579243173e-10, 0.0, 0.0, 0.0, 1.0], "right_foot_pose": [0.9998123269209662, 0.019022900345548998, 0.003666087741175625, 0.012400097672363315, -0.019372941092541562, 0.9818397692819407, 0.18872031318808866, -0.13125939784771415, -9.503031005241831e-06, -0.1887559183676865, 0.9820240339171254, 0.025000000915593866, 0.0, 0.0, 0.0, 1.0]}, {"left_foot_pose": [0.9993155780860711, 0.0365322177308854, 0.005811407933161947, 0.008602065251793325, -0.036991558422191595, 0.9869066310093744, 0.1569933956420635, 0.014323294555479298, -1.1283120427781972e-10, -0.1571009189578188, 0.9875825541505936, 1.1337555894108675e-11, 0.0, 0.0, 0.0, 1.0], "right_foot_pose": [0.9993231943089235, 0.036216207461335956, 0.006445124771978341, 0.008634200240535484, -0.03678523119272091, 0.9839080062320846, 0.1748481685305926, -0.12872691970333192, -9.072318575879802e-06, -0.17496691569986014, 0.9845743132583598, 0.025000001577709673, 0.0, 0.0, 0.0, 1.0]}, {"left_foot_pose": [0.9993155780856413, 0.03655357801259702, 0.0056755026067154745, 0.008602065111702004, -0.03699155843380804, 0.9874836717392917, 0.1533219575042203, 0.014323294537296936, -1.837100565304678e-11, -0.15342696628286961, 0.9881599900912991, 1.4055316632788362e-10, 0.0, 0.0, 0.0, 1.0], "right_foot_pose": [0.9985301947917395, 0.0535451344219826, 0.008388603513249701, 0.004865715919950658, -0.05419824746752725, 0.9865196747758805, 0.15440686918508315, -0.1261927023644618, -7.785843522132715e-06, -0.154634568773682, 0.9879717354659283, 0.025000002258656638, 0.0, 0.0, 0.0, 1.0]}, {"left_foot_pose": [0.9993155780849773, 0.03660831814228276, 0.005310973496662505, 0.00860206506680247, -0.03699155845174432, 0.9889624581330352, 0.1434743217679616, 0.014323294688710424, 2.1219082918158682e-10, -0.1435725859844381, 0.9896397892939343, 5.191795604542193e-10, 0.0, 0.0, 0.0, 1.0], "right_foot_pose": [0.9975052527791608, 0.07002289348105534, 0.008947908499919874, 0.0013145044698753589, -0.07059228459450036, 0.9894698825276175, 0.12635695836206198, -0.12380459231836764, -5.8061363070222396e-06, -0.1266733829947066, 0.991944481312823, 0.023024933662308095, 0.0, 0.0, 0.0, 1.0]}, {"left_foot_pose": [0.9993