{"LoopMode": "Wrap", "FrameDuration": 0.0167, "EnableCycleOffsetPosition": true, "EnableCycleOffsetRotation": false, "Debug_info": [{"left_foot_pose": [1.0000000000000004, 9.94421048754907e-14, -6.629585769246664e-12, 1.0788271203663975e-12, -3.294099679398042e-14, 0.9999501891986423, 0.009980937911852672, -3.440303597557204e-14, 6.6297635953991236e-12, -0.009980937911852842, 0.9999501891986424, 1.3969665701996092e-11, 0.0, 0.0, 0.0, 1.0], "right_foot_pose": [1.0, -1.5778913408755474e-13, -6.681988296008966e-12, 5.69457858829881e-13, 6.118711809896604e-14, 0.9998953817961971, -0.014464627981304174, -0.14000000000175836, 6.6834111774358825e-12, 0.014464627981304021, 0.9998953817961969, 1.1488657247760159e-11, 0.0, 0.0, 0.0, 1.0]}, {"left_foot_pose": [1.0000000000000004, 1.6323255343672063e-13, -1.478372979590859e-11, 2.5054659377507e-12, -5.411584747582862e-14, 0.9999729273705279, 0.0073582964073040475, 7.004986868341945e-13, 1.4784100360967597e-11, -0.007358296407304221, 0.999972927370528, 3.028702288965235e-11, 0.0, 0.0, 0.0, 1.0], "right_foot_pose": [0.9999999999999998, -3.990697838222456e-13, -1.487632239616232e-11, 1.540673464188889e-12, 1.4487145458528402e-13, 0.999853989721828, -0.017087985175050432, -0.14000000000313095, 1.4880824890166693e-11, 0.017087985175050283, 0.9998539897218279, 2.657418035623138e-11, 0.0, 0.0, 0.0, 1.0]}, {"left_foot_pose": [1.0000000000000004, 1.4455684989197388e-13, -2.596406423194254e-11, 4.504090455690545e-12, -4.802635770760657e-14, 0.9999931360473463, 0.0037051124402106414, 2.0179535126230164e-12, 2.596413823273474e-11, -0.0037051124402108144, 0.9999931360473464, 5.254673779431229e-11, 0.0, 0.0, 0.0, 1.0], "right_foot_pose": [0.9999999999999999, -8.337666951042191e-13, -2.6122659591010227e-11, 2.967576269046746e-12, 2.917852132062044e-13, 0.9997848370648195, -0.020743181416371048, -0.1400000000046918, 2.6134415455552724e-11, 0.020743181416370896, 0.9997848370648195, 4.753411553259923e-11, 0.0, 0.0, 0.0, 1.0]}, {"left_foot_pose": [1.0000000000000007, -5.634984294714462e-14, -4.0016268076925605e-11, 7.065323850388233e-12, 1.8283980798243114e-14, 0.9999995396429401, -0.0009595383831208035, 4.013020818427471e-12, 4.00160001088839e-11, 0.00095953838312063, 0.9999995396429402, 8.056149497503995e-11, 0.0, 0.0, 0.0, 1.0], "right_foot_pose": [1.0, -1.5573348151525468e-12, -4.0286829428026736e-11, 4.85705451450444e-12, 5.331228653607564e-13, 0.999677059929547, -0.025412120151939974, -0.1400000000062981, 4.031328739495452e-11, 0.02541212015193983, 0.999677059929547, 7.40921143882467e-11, 0.0, 0.0, 0.0, 1.0]}, {"left_foot_pose": [1.0000000000000004, -5.638841246302047e-13, -5.709738237769102e-11, 1.0241551540399476e-11, 1.8587744229402285e-13, 0.9999780476905139, -0.0066260197003434745, 6.850148920323207e-12, 5.709950249752329e-11, 0.006626019700343301, 0.9999780476905138, 1.1478502176531791e-10, 0.0, 0.0, 0.0, 1.0], "right_foot_pose": [1.0, -2.7025316976690773e-12, -5.7550020304830676e-11, 7.2653977404805345e-12, 9.122661521749538e-13, 0.9995167009911434, -0.031086402811862732, -0.14000000000781476, 5.760617853615778e-11, 0.031086402811862576, 0.9995167009911434, 1.0656763665961577e-10, 0.0, 0.0, 0.0, 1.0]}, {"left_foot_pose": [1.0000000000000007, -1.542778409504548e-12, -7.771022714209151e-11, 1.4157440364430205e-11, 5.090075861970523e-13, 0.9999114786820014, -0.013305442494504811, 1.0790167370711146e-11, 7.772357174416207e-11, 0.013305442494504634, 0.9999114786820013, 1.5639874811901322e-10, 0.0, 0.0, 0.0, 1.0], "right_foot_pose": [1.0, -4.457113213479215e-12, -7.845035732145786e-11, 1.031108775165265e-11, 1.4902406675591605e-12, 0.9992861311908606, -0.03777867135834873, -0.1400000000090926, 7.856281593557056e-11, 0.037778671358348594, 0.9992861311908607, 1.459586757013298e-10, 0.0, 0.0, 0.0, 1.0]}, {"left_foot_pose": [1.0000000000000007, -3.224309054299654e-12, -1.0271267170125494e-10, 1.9018075576745888e-11, 1.0635482285112981e-12, 0.9997787759465625, -0.02103328711337901, 1.6221718412978703e-11, 1.0275745732045043e-10, 0.021033287113378832, 0.9997787759465628, 2.0736695693912566e-10, 0.0, 0.0, 0.0, 1.0], "right_foot_pose": [0.9999999999999999, -7.091691687084799e-12, -1.0389555882284181e-10, 1.4185479171282355e-11, 2.354436305361237e-12, 0.9989631404813861, -0.04552629964719612, -0.14000000000993298, 1.0411034721618067e-10, 0.04552629964719598, 0.9989631404813861, 1.9397640438345576e-10, 0.0, 0.0, 0.0, 1.0]}, {"left_foot_pose": [1.0000000000000007, -5.942663659178108e-12, -1.3330753168006016e-10, 2.5116525126756508e-11, 1.958484943094349e-12, 0.9995537975810926, -0.02986981321028027, 2.369823087766676e-11, 1.3342518071315248e-10, 0.02986981321028009, 0.9995537975810929, 2.704802770647774e-10, 0.0, 0.0, 0.0, 1.0], "right_foot_pose": [0.9999999999999998, -1.099799173869986e-11, -1.3515838448441279e-10, 1.9165060450433472e-11, 3.6302541740801705e-12, 0.9985196647240406, -0.05439190343598507, -0.14000000001003965, 1.3555622715243103e-10, 0.05439190343598493, 0.9985196647240404, 2.530530437971912e-10, 0.0, 0.0, 0.0, 1.0]}, {"left_foot_pose": [1.0000000000000002, -1.018166919938106e-11, -1.7102519400680176e-10, 3.284439133185045e-11, 3.35027057566613e-12, 0.9992037413331492, -0.03989841232227172, 3.397953793338182e-11, 1.712949327778001e-10, 0.03989841232227154, 0.9992037413331492, 3.4941273485689095e-10, 0.0, 0.0, 0.0, 1.0], "right_foot_pose": [0.9999999999999999, -1.673858781960774e-11, -1.738724164646043e-10, 2.5627828053007594e-11, 5.495711206665994e-12, 0.9979201742471163, -0.0644618168422598, -0.1400000000089561, 1.745897164557316e-10, 0.06446181684225964, 0.9979201742471163, 3.263497458383391e-10, 0.0, 0.0, 0.0, 1.0]}, {"left_foot_pose": [1.0000000000000004, -1.662514148610127e-11, -2.1761037416467817e-10, 4.2690857158323694e-11, 5.457417215321273e-12, 0.9986873382012581, -0.05122109444835333, 4.80535559260753e-11, 2.1817621153036324e-10, 0.05122109444835314, 0.9986873382012579, 4.486362462086113e-10, 0.0, 0.0, 0.0, 1.0], "right_foot_pose": [1.0, -2.5098702158377897e-11, -2.219257000390938e-10, 3.40605747506162e-11, 8.195260668193284e-12, 0.9971198699817095, -0.07584170941941314, -0.14000000000599006, 2.231898442412369e-10, 0.075841709419413, 0.9971198699817097, 4.1761025887376846e-10, 0.0, 0.0, 0.0, 1.0]}, {"left_foot_pose": [1.0000000000000004, -2.6174792174891077e-11, -2.7458479934239175e-10, 5.518773658121758e-11, 8.562390446674486e-12, 0.9979532287203716, -0.06394805146825291, 6.705277305618651e-11, 2.756965495148292e-10, 0.06394805146825275, 0.997953228720372, 5.727140775513284e-10, 0.0, 0.0, 0.0, 1.0], "right_foot_pose": [1.0, -3.7094942094598676e-11, -2.8102553617514993e-10, 4.501695455189608e-11, 1.2037131052184133e-11, 0.9960631727529901, -0.08864624010778623, -0.14000000000014856, 2.832074089543804e-10, 0.08864624010778606, 0.99606317275299, 5.304186603827254e-10, 0.0, 0.0, 0.0, 1.0]}, {"left_foot_pose": [1.0000000000000004, -3.982463025569142e-11, -3.4204372667545546e-10, 7.071189761223167e-11, 1.2964260116866201e-11, 0.9969397468185938, -0.07817378853093304, 9.186657858040181e-11, 3.4410991119237716e-10, 0.07817378853093285, 0.996939746818594, 7.24018144049321e-10, 0.0, 0.0, 0.0, 1.0], "right_foot_pose": [0.9999999999999998, -5.380953160555131e-11, -3.514690205541623e-10, 5.893644926551242e-11, 1.7330976620485158e-11, 0.9946839325313056, -0.10297511526605402, -0.13999999999018423, 3.55141623378177e-10, 0.10297511526605391, 0.9946839325313056, 6.660092755073066e-10, 0.0, 0.0, 0.0, 1.0]}, {"left_foot_pose": [1.0000000000000004, -5.805998796983591e-11, -4.155449873088902e-10, 8.88974436807318e-11, 1.8775065017820753e-11, 0.9955796031555506, -0.09392152991001174, 1.219151307685351e-10, 4.1916097847512966e-10, 0.09392152991001156, 0.9955796031555507, 8.961326750100973e-10, 0.0, 0.0, 0.0, 1.0], "right_foot_pose": [0.9999999999999997, -7.565742185815144e-11, -4.2890052620592154e-10, 7.556508906849589e-11, 2.4143402843627716e-11, 0.992911390899161, -0.11885693005749967, -0.13999999997506093, 4.3485252164599265e-10, 0.11885693005749953, 0.992911390899161, 8.17255436935671e-10, 0.0, 0.0, 0.0, 1.0]}, {"left_foot_pose": [1.0000000000000004, -7.889409408079729e-11, -4.784877494223836e-10, 1.0703222154146475e-10, 2.5287354929530282e-11, 0.9938187046800488, -0.11101523421616881, 1.518440095882312e-10, 4.842882751899902e-10, 0.11101523421616862, 0.993818704680049, 1.056278377264963e-09, 0.0, 0.0, 0.0, 1.0], "right_foot_pose": [0.9999999999999999, -1.0004142309101609e-10, -4.962701360966542e-10, 9.23300999298461e-11, 3.15584053947625e-11, 0.9906924505486363, -0.1361193168728752, -0.13999999995568074, 5.052684801165926e-10, 0.13611931687287507, 0.9906924505486362, 9.532295439096394e-10, 0.0, 0.0, 0.0, 1.0]}, {"left_foot_pose": [1.0000000000000002, -9.289194439115476e-11, -4.86715057146368e-10, 1.1635037901940254e-10, 2.943691049448362e-11, 0.9916724799923798, -0.1287854511416714, 1.644254732369177e-10, 4.946249621762936e-10, 0.12878545114167117, 0.9916724799923798, 1.1063813754041973e-09, 0.0, 0.0, 0.0, 1.0], "right_foot_pose": [1.0, -1.1547702363801458e-10, -5.073773068353652e-10, 1.0056760712376066e-10, 3.591630034892858e-11, 0.988056864085872, -0.1540896924936665, -0.13999999993948717, 5.191112551171529e-10, 0.15408969249366636, 0.9880568640858721, 9.862593450260526e-10, 0.0, 0.0, 0.0, 1.0]}, {"left_foot_pose": [0.9999999972772236, 7.29659947331564e-05, -1.1023481148565734e-05, -1.0692689309254848e-05, -7.379346802335766e-05, 0.9893364500525447, -0.14564814846730423, 1.4381088328404429e-05, 2.785696725080926e-07, 0.14564814888419755, 0.9893364527432159, 0.00016386111837866923, 0.0, 0.0, 0.0, 1.0], "right_foot_pose": [0.9999999999999998, -9.812589323644866e-11, -3.896096778532859e-10, 4.426017310517891e-11, 3.008191638042083e-11, 0.9852814806497298, -0.17093976684398646, -0.13999999999835935, 4.006485188945711e-10, 0.17093976684398626, 0.9852814806497296, 7.311011657185063e-10, 0.0, 0.0, 0.0, 1.0]}, {"left_foot_pose": [0.9999978289531608, 0.002054771685727918, -0.0003464134604991682, -0.00030198007894130546, -0.0020837673601109604, 0.9862097785142816, -0.1654869501694965, 0.0004061606809670944, 1.5984425870578647e-06, 0.1654873127346382, 0.9862119190728299, 0.004191209000032996, 0.0, 0.0, 0.0, 1.0], "right_foot_pose": [0.9999999999999998, -6.583725505149669e-11, -2.3372426216639e-10, -8.543039659221969e-11, 2.15030558605086e-11, 0.9827699616336335, -0.1848329042963589, -0.14000000014932265, 2.418657832419516e-10, 0.18483290429635876, 0.9827699616336334, 3.932032408004993e-10, 0.0, 0.0, 0.0, 1.0]}, {"left_foot_pose": [0.9999791164239747, 0.00634601648737128, -0.0012226163214799184, -0.0009365986524343484, -0.006462716681710978, 0.9820097422143423, -0.18871963196555225, 0.0012597243666567087, 3.0032427391618744e-06, 0.18872359224766655, 0.9820302468458486, 0.011469801685788893, 0.0, 0.0, 0.0, 1.0], "right_foot_pose": [1.0, -2.728948274588636e-11, -7.105949162422559e-11, -1.3001639278074765e-10, 1.2919475356807948e-11, 0.9808303931338741, -0.19486338779988993, -0.14000000014164785, 7.501490688607092e-11, 0.19486338779988985, 0.9808303931338741, 1.7156229215053997e-10, 0.0, 0.0, 0.0, 1.0]}, {"left_foot_pose": [0.9999193272424706, 0.012412617390471772, -0.0026955401097397275, -0.001840856809983187, -0.01270192850640137, 0.9772172811030319, -0.21186091316195382, 0.002475954884640752, 4.379922068539103e-06, 0.21187806031563627, 0.977296110468931, 0.01912092577546408, 0.0, 0.0, 0.0, 1.0], "right_foot_pose": [0.9999999999999996, 1.9101731092464227e-12, 5.006728365231082e-11, -1.053226630128418e-10, 8.162475536937279e-12, 0.9797127222837038, -0.20040704028415332, -0.14000000003232493, -4.9434432463814274e-11, 0.2004070402841532, 0.9797127222837038, 5.092053168009869e-11, 0.0, 0.0, 0.0, 1.0]}, {"left_foot_pose": [0.9997940885369513, 0.019750261892503562, -0.004659150324422197, -0.0029410615443979564, -0.020292375328184516, 0.973146473223913, -0.22929056054578636, 0.003955730381263272, 5.487086173110491e-06, 0.22933789221809436, 0.9733468709370031, 0.024265877373115252, 0.0, 0.0, 0.0, 1.0], "right_foot_pose": [1.0, 8.52476631669469e-12, 9.50525769205512e-11, -3.1765823325098968e-12, 1.0753947637008708e-11, 0.9795931315282301, -0.20099078750707824, -0.13999999992807152, -9.482639454163669e-11, 0.20099078750707813, 0.9795931315282302, 4.343991139021952e-11, 0.0, 0.0, 0.0, 1.0]}, {"left_foot_pose": [0.9995873588335514, 0.027915335652538686, -0.006770974492027602, -0.004163512119373189, -0.02872476324732603, 0.9714698167929129, -0.23541725305663178, 0.005599924357151516, 6.0457118049246724e-06, 0.23551460484596531, 0.9718708097621305, 0.02500000079784151, 0.0, 0.0, 0.0, 1.0], "right_foot_pose": [0.9999999999999998, -1.4793538845674085e-11, 4.151246013606178e-11, 1.4787567793515748e-10, 2.2653353796307515e-11, 0.9805509999733121, -0.19626445539459747, -0.1399999999067955, -3.780183492713797e-11, 0.19626445539459733, 0.9805509999733117, 2.0040145237709694e-10, 0.0, 0.0, 0.0, 1.0]}, {"left_foot_pose": [0.9992970092300623, 0.03643813526629487, -0.008817575753501755, -0.005434511933734541, -0.037489829377705904, 0.9713021243639638, -0.23487591596262614, 0.0073094192566008805, 6.089664475256578e-06, 0.23504136977214726, 0.9719853674096899, 0.025000000748475838, 0.0, 0.0, 0.0, 1.0], "right_foot_pose": [1.0, -6.581238920889081e-11, -1.1514372788567998e-10, 2.9383024096115936e-10, 4.3206762783762714e-11, 0.982489643823371, -0.18631720205022848, -0.13999999986486852, 1.2538930309114242e-10, 0.1863172020502283, 0.982489643823371, 5.244208539645356e-10, 0.0, 0.0, 0.0, 1.0]}, {"left_foot_pose": [0.9989378145347486, 0.0448623436362622, -0.010517262761898209, -0.006680369467713231, -0.04607865732581346, 0.9725972135265739, -0.22788465849941633, 0.00898509640718422, 5.620597115788712e-06, 0.22812722407421518, 0.9736313314620697, 0.02491026969414723, 0.0, 0.0, 0.0, 1.0], "right_foot_pose": [1.0, -1.419070140406332e-10, -3.9593683887062437e-10, 4.599657019158503e-10, 7.215282926541445e-11, 0.9852879739366653, -0.17090233589913606, -0.13999999987548123, 4.143638251852867e-10, 0.17090233589913598, 0.9852879739366656, 1.0386593737865546e-09, 0.0, 0.0, 0.0, 1.0]}, {"left_foot_pose": [0.9985418524392925, 0.052796669086835384, -0.01125525035005505, -0.007827387794831723, -0.053983042766761774, 0.9766146997311785, -0.20810948888174977, 0.010527830763392367, 4.55512269784211e-06, 0.2084136271991741, 0.9780407762342711, 0.021163832696483836, 0.0, 0.0, 0.0, 1.0], "right_foot_pose": [0.9999999999999999, -2.3274929629072362e-10, -8.267555529073419e-10, 6.821900647521825e-10, 1.0658179967228924e-10, 0.9887701620344554, -0.14944419249458016, -0.14000000021549577, 8.522540549051526e-10, 0.14944419249458005, 0.9887701620344552, 1.8090009767934845e-09, 0.0, 0.0, 0.0, 1.0]}, {"left_foot_pose": [0.9981563111302515, 0.05973120807767803, -0.01077781668197429, -0.008801870741040574, -0.06069578684810383, 0.982302716454285, -0.177193100050265, 0.01183850909117882, 3.120675118259626e-06, 0.17752057916792283, 0.9841170885428968, 0.013996811180210164, 0.0, 0.0, 0.0, 1.0], "right_foot_pose": [0.9999999999999999, -3.032039464625879e-10, -1.372819580236493e-09, 8.336865972284413e-10, 1.3382633610394253e-10, 0.9925624230727073, -0.12173675001426716, -0.1400000005258472, 1.3995199522172844e-09, 0.12173675001426697, 0.9925624230727071, 2.829098837142663e-09, 0.0, 0.0, 0.0, 1.0]}, {"left_foot_pose": [0.9978387224841601, 0.06505607715430675, -0.009251526169964804, -0.009530128321564942, -0.06571060727472232, 0.9879030159728078, -0.1404626182420726, 0.01281801649002506, 1.6636760071985258e-06, 0.14076696294629606, 0.9900427577332754, 0.006287909592673502, 0.0, 0.0, 0.0, 1.0], "right_foot_pose": [0.9999999999999998, -3.1471001067780475e-10, -1.9860477706856707e-09, 8.540340280242848e-10, 1.388057879217529e-10, 0.9961243703208528, -0.08795589151890106, -0.14000000066963494, 2.0060310079850762e-09, 0.0879558915189009, 0.9961243703208528, 3.9711742089165725e-09, 0.0, 0.0, 0.0, 1.0]}, {"left_foot_pose": [0.9976496260748707, 0.06817016044541153, -0.006932013958322464, -0.009938465658109198, -0.06852170161676144, 0.9925320063263395, -0.10092072545000694, 0.013367233362432368, 4.6367574170250365e-07, 0.1011585174004593, 0.9948703203720206, 0.0009158371162380358, 0.0, 0.0, 0.0, 1.0], "right_foot_pose": [0.9999999999999998, -2.283578271779433e-10, -2.5258796720883923e-09, 6.828089363038726e-10, 1.0460076348727541e-10, 0.9988042888736566, -0.048887549821905574, -0.1400000005215291, 2.5340231521532666e-09, 0.048887549821905414, 0.9988042888736564, 4.929715621826425e-09, 0.0, 0.0, 0.0, 1.0]}, {"left_foot_pose": [0.9976204443176507, 0.06882277630620193, -0.0041078633083594255, -0.009999999874143399, -0.06894526147208105, 0.9958481173175933, -0.05943970184609099, 0.013450000651726331, 2.637966663147435e-09, 0.059581479475692166, 0.998223445578939, 5.509277270498991e-09, 0.0, 0.0, 0.0, 1.0], "right_foot_pose": [0.9999999999999998, -4.3706030878516365e-11, -2.7084055553849847e-09, 5.221083596806841e-10, 2.568511312122238e-11, 0.9999778661069838, -0.006653367277054128, -0.1400000003836084, 2.7086363269462107e-09, 0.0066533672770539756, 0.9999778661069837, 5.253779397640379e-09, 0.0, 0.0, 0.0, 1.0]}, {"left_foot_pose": [0.997620444313993, 0.06893354850694412, -0.0012708174505825418, -0.00999999983521679, -0.06894526152500892, 0.9974509605590453, -0.018388371137397507, 0.013450000427333266, 2.413015083180355e-09, 0.018432231825781877, 0.9998301119839919, 4.891508705029413e-09, 0.0, 0.0, 0.0, 1.0], "right_foot_pose": [1.0, 1.1241919195913908e-10, -2.444025426484587e-09, 5.10928583702828e-10, -2.678245396143213e-11, 0.9993869274726306, 0.035010986801506785, -0.14000000053151485, 2.4464629559281114e-09, -0.03501098680150694, 0.9993869274726304, 4.903154202096083e-09, 0.0, 0.0, 0.0, 1.0]}, {"left_foot_pose": [0.997620444311579, 0.06893228960199647, 0.0013373637482661598, -0.00999999986563913, -0.06894526155994074, 0.9974327428477463, 0.019351341133196455, 0.013450000261391414, 1.8595621991385363e-09, -0.01939749843274953, 0.9998118508272209, 3.6969931005437218e-09, 0.0, 0.0, 0.0, 1.0], "right_foot_pose": [0.999999999970123, -7.707055911020879e-06, -5.956060796785203e-07, -2.7540248316085057e-06, 7.729968258212452e-06, 0.9973411234176964, 0.07287443639696055, -0.1400028732089412, 3.2375080768006477e-08, -0.07287443639938745, 0.9973411234474748, 3.7402884971463046e-05, 0.0, 0.0, 0.0, 1.0]}, {"left_foot_pose": [0.9976204443113734, 0.06885418052461498, 0.00354272723511163, -0.010000000143967683, -0.06894526156291399, 0.9963025238530315, 0.051262382622167826, 0.013450000478345762, 1.2615239825409836e-09, -0.05138465518385766, 0.9986789360007737, 2.463007513220372e-09, 0.0, 0.0, 0.0, 1.0], "right_foot_pose": [0.9999996838963254, -0.0007903645831998623, -8.678176529707862e-05, -0.0002833330413696902, 0.0007951144886777023, 0.9940867528244398, 0.10858589066683852, -0.14029558784847565, 4.461610502285183e-07, -0.10858592534387856, 0.9940870670202963, 0.003492990315984837, 0.0, 0.0, 0.0, 1.0]}, {"left_foot_pose": [0.9976204443120633, 0.06874251522808374, 0.0052835301380286925, -0.010000000279376363, -0.06894526155293589, 0.9946867556287761, 0.07645135110707738, 0.013450000439201628, 7.164229324193062e-10, -0.07663370522698941, 0.9970593137939107, 1.4249390625775682e-09, 0.0, 0.0, 0.0, 1.0], "right_foot_pose": [0.9999963308684225, -0.0026803489919404264, -0.0003924015465711454, -0.0009653058764193577, 0.002708920199082943, 0.9895038697414271, 0.14448097977967791, -0.14100707267012766, 1.0234003174171769e-06, -0.14448151264442846, 0.9895074999730578, 0.010538497573185562, 0.0, 0.0, 0.0, 1.0]}, {"left_foot_pose": [0.9976204443129529, 0.06863485852512931, 0.006534928007487909, -0.010000000293707116, -0.0689452615400618, 0.9931289910348489, 0.09455875463052815, 0.013450000246844236, 2.878167115098006e-10, -0.09478429912880883, 0.9954978335680402, 6.565557958415624e-10, 0.0, 0.0, 0.0, 1.0], "right_foot_pose": [0.9999848016196531, -0.0054242547925822965, -0.0009869091386618004, -0.0019646383680412055, 0.005513304535528592, 0.9838875074845376, 0.1787035984219754, -0.1420496568043112, 1.6737223594544688e-06, -0.17870632354734775, 0.98390245955653, 0.018295208194721996, 0.0, 0.0, 0.0, 1.0]}, {"left_foot_pose": [0.9976204443134439, 0.06855928864774487, 0.007285123743806704, -0.010000000198574393, -0.06894526153295336, 0.9920355145681429, 0.10541389257433338, 0.013450000027141105, 6.605825899661548e-12, -0.10566532910863295, 0.9944017489045184, 1.8105294347092737e-10, 0.0, 0.0, 0.0, 1.0], "right_foot_pose": [0.9999597473373808, -0.008778482666070637, -0.0018552485122872893, -0.0031972971236743433, 0.008972385404345546, 0.9784016267980694, 0.2065181662204249, -0.14333566602943182, 2.2620201418282502e-06, -0.20652649931902858, 0.9784410074572254, 0.023884417272937213, 0.0, 0.0, 0.0, 1.0]}, {"left_foot_pose": [0.9976204443131454, 0.06853322753205986, 0.007526341241392193, -0.01000000002689691, -0.06894526153727262, 0.9916584169473659, 0.10890424697412825, 0.013449999944830187, -1.0375937051341144e-10, -0.10916400881922504, 0.9940237518180927, 2.9543319179925476e-11, 0.0, 0.0, 0.0, 1.0], "right_foot_pose": [0.999917432227476, -0.012529799628021608, -0.0028518150172273846, -0.004579244422453736, 0.012850242048924055, 0.9750281153661662, 0.2217093717567794, -0.14477742010845635, 2.625817853074462e-06, -0.22172771222105603, 0.9751086204245771, 0.025000000990681885, 0.0, 0.0, 0.0, 1.0]}, {"left_foot_pose": [0.9976204443119796, 0.06856100867391142, 0.007268918790667672, -0.009999999842717981, -0.06894526155414482, 0.9920604026725733, 0.10517941033473623, 0.013449999933784158, -3.818756297023574e-11, -0.1054302875778501, 0.9944266963739726, 1.6395901303312144e-10, 0.0, 0.0, 0.0, 1.0], "right_foot_pose": [0.9998569993995021, -0.016465995528595054, -0.0038537959307756637, -0.006026440383872335, 0.01691096520929907, 0.9735851802732746, 0.22769698286965734, -0.1462872464821753, 2.741104194209402e-06, -0.22772959347328472, 0.9737244128853804, 0.02500000072051973, 0.0, 0.0, 0.0, 1.0]}, {"left_foot_pose": [0.9976204443100796, 0.06863727941367027, 0.006509452300258416, -0.009999999636039614, -0.06894526158163113, 0.9931640201871729, 0.09419012639918375, 0.013449999935074328, 2.0792811946321352e-10, -0.09441479163957088, 0.9955329462753392, 6.117604964273049e-10, 0.0, 0.0, 0.0, 1.0], "right_foot_pose": [0.9997811804572662, -0.020378608977508362, -0.004722658109198107, -0.007454852031473553, 0.02091868056796513, 0.9739972258390213, 0.22559213829649657, -0.1477774754457371, 2.6019222008001138e-06, -0.22564156610436853, 0.9742103898230594, 0.02499255074262196, 0.0, 0.0, 0.0, 1.0]}, {"left_foot_pose": [0.9976204443078562, 0.0687467924610306, 0.005227583123795522, -0.0099999994028807, -0.0689452616138061, 0.9947486453021641, 0.07564181099441167, 0.013450000275927881, 6.512088841502589e-10, -0.07582223417857398, 0.9971213510923183, 1.4697183747802711e-09, 0.0, 0.0, 0.0, 1.0], "right_foot_pose": [0.9996964487907899, -0.024088443638507918, -0.005172732175297681, -0.008780444886737323, 0.02463757841969937, 0.9774331691239374, 0.20980321643375552, -0.14916042898409743, 2.1670488881553137e-06, -0.2098669740083242, 0.9777299490226804, 0.021837792966523634, 0.0, 0.0, 0.0, 1.0]}, {"left_foot_pose": [0.9976204443063507, 0.06886057910860215, 0.0034161011150252263, -0.009999999231415261, -0.06894526163559092, 0.9963951087145894, 0.049430134813111454, 0.013450000661788534, 1.2667613114777008e-09, -0.04954803703952826, 0.9987717417035438, 2.703520816937921e-09, 0.0, 0.0, 0.0, 1.0], "right_foot_pose": [0.9996126158343408, -0.027374437482882884, -0.005025777285402983, -0.009919177980514787, 0.02783196476198697, 0.9831899370153131, 0.1804520143675662, -0.15034843903420253, 1.521266722876565e-06, -0.18052198737084799, 0.9835709491812805, 0.014923779567493939, 0.0, 0.0, 0.0, 1.0]}, {"left_foot_pose": [0.9976204443054646, 0.068936628217871, 0.0010910516575070102, -0.009999998955715118, -0.06894526164841402, 0.9974955203064498, 0.015787269073455876, 0.013450000923842662, 1.9579059013793123e-09, -0.015824925229429906, 0.9998747780304713, 4.204159916032513e-09, 0.0, 0.0, 0.0, 1.0], "right_foot_pose": [0.9995418721972179, -0.029953976973812437, -0.004336471830024442, -0.010787019137095205, 0.030266247269531726, 0.9892331149060629, 0.14318449165139338, -0.151253838586502, 8.365701846206801e-07, -0.14325014358352567, 0.9896865141864869, 0.007129214934172762, 0.0, 0.0, 0.0, 1.0]}, {"left_foot_pose": [0.9976204443100367, 0.06892448061465778, -0.0016926507748403138, -0.009999999225918954, -0.06894526158225707, 0.9973197499548415, -0.0244921876394776, 0.01345000093821416, 2.7353565756399095e-09, 0.02455060736545902, 0.9996985884145222, 5.678965110667011e-09, 0.0, 0.0, 0.0, 1.0], "right_foot_pose": [0.9994972739855085, -0.03154089715181411, -0.0032204195993262856, -0.011299933768115443, 0.03170487810209633, 0.9943286063412039, 0.10151563089539628, -0.15178895571926454, 2.6125865867945955e-07, -0.10156669935770207, 0.9948287317832721, 0.001332807168472075, 0.0, 0.0, 0.0, 1.0]}, {"left_foot_pose": [0.9976204443332197, 0.06877957184209117, -0.0047769808047794975, -0.010000001852874325, -0.06894526124680764, 0.9952229636867542, -0.06912165725851666, 0.013450000637687882, 3.0027505188753946e-09, 0.0692865286168462, 0.9975968007928996, 6.64199410055355e-09, 0.0, 0.0, 0.0, 1.0], "right_foot_pose": [0.9994880436927326, -0.031942858745845217, -0.001817770727287058, -0.011403212804929714, 0.03199453883515117, 0.9978735976251271, 0.05678584900670559, -0.1518967075729283, 3.061711365351445e-09, -0.056814935869270805, 0.9983847269776168, 6.503094077126015e-09, 0.0, 0.0, 0.0, 1.0]}, {"left_foot_pose": [0.9976204443509153, 0.0684895685134427, -0.007913786573151544, -0.010000004305620239, -0.06894526099075197, 0.9910266931876417, -0.11451045531516331, 0.013450000426265096, 2.0633695119757264e-09, 0.11478358939504965, 0.9933905211977765, 7.025450388109533e-09, 0.0, 0.0, 0.0, 1.0], "right_foot_pose": [0.9994880436938728, -0.031992864499517444, -0.0003273134743860181, -0.011403215034413364, 0.03199453879953572, 0.999435740348958, 0.010224989004177811, -0.15189670688178697, 2.09687934449277e-09, -0.010230226500233041, 0.9999476698636555, 6.386498732635637e-09, 0.0, 0.0, 0.0, 1.0]}, {"left_foot_pose": [0.9976204443250344, 0.06808529151366577, -0.010855512158394006, -0.009999999749776473, -0.06894526136524419, 0.9851769046513309, -0.1570764701567411, 0.013450000911640217, 2.6060518932393775e-09, 0.15745113407378986, 0.9875267795755608, 6.017250780976369e-09, 0.0, 0.0, 0.0, 1.0], "right_foot_pose": [0.9994880436871539, -0.03197576218155727, 0.001095974148659929, -0.011403210666375558, 0.03199453900943153, 0.9989014652385175, -0.03423758487271931, -0.15189670717690196, 2.688600743886351e-09, 0.03425512191265959, 0.9994131210979516, 5.0488107999902e-09, 0.0, 0.0, 0.0, 1.0]}, {"left_foot_pose": [0.9978906316048234, 0.06369788022244274, -0.012524672071324076, -0.009908264941024094, -0.06491754258315761, 0.9791290000352538, -0.1925931306016086, 0.01264987497990822, -4.504523761620362e-06, 0.1929999516713196, 0.981198766119576, 0.0028444570785254378, 0.0, 0.0, 0.0, 1.0], "right_foot_pose": [0.999488043685552, -0.03190876668215503, 0.0023411831307850865, -0.011403210043546684, 0.03199453905947203, 0.9968085676863071, -0.07313705529719611, -0.15189670745689154, 1.830008661962727e-09, 0.07317451739503969, 0.9973191515277361, 3.5498753450657894e-09, 0.0, 0.0, 0.0, 1.0]}, {"left_foot_pose": [0.998561646545578, 0.05230493646074745, -0.011782685178779681, -0.009650968427859384, -0.05361565032700734, 0.974111806825306, -0.21961682504660526, 0.010405715567842772, -9.391331019038115e-06, 0.21993267475610856, 0.9755150529266206, 0.009617036919091888, 0.0, 0.0, 0.0, 1.0], "right_foot_pose": [0.9994880436856145, -0.031817068642360544, 0.0033652150763358725, -0.011403209854210158, 0.031994539057512365, 0.9939439830618353, -0.10512710404872569, -0.15189670739151268, 1.0088577269051478e-09, 0.1051809520691915, 0.9944530996089348, 2.2712283095915886e-09, 0.0, 0.0, 0.0, 1.0]}, {"left_foot_pose": [0.9993331241795682, 0.03548174711091084, -0.00862279186005506, -0.009261929035677765, -0.03651447290451602, 0.9709810034588885, -0.23635266909953986, 0.007012484060355862, -1.363854108534947e-05, 0.23650990791915782, 0.9716290769990692, 0.017439491660145807, 0.0, 0.0, 0.0, 1.0], "right_foot_pose": [0.9994880436864103, -0.031722789238354636, 0.0041611501836796416, -0.011403209957461908, 0.03199453903265698, 0.990998760189421, -0.129991564245986, -0.1518967071339623, 3.2235084899111153e-10, 0.13005814832592924, 0.9915063681358938, 1.2988045569595208e-09, 0.0, 0.0, 0.0, 1.0]}, {"left_foot_pose": [0.9998860621500376, 0.014662968168634473, -0.0035860957289974285, -0.008774975362370133, -0.015095113558214033, 0.9710039534489323, -0.23858637834798807, 0.0027652563145316965, -1.627134088361402e-05, 0.23861332685126835, 0.9711146585157772, 0.02343311523163657, 0.0, 0.0, 0.0, 1.0], "right_foot_pose": [0.9994880436872697, -0.031642720990035435, 0.004731673545472893, -0.011403210273974082, 0.03199453900580784, 0.9884974845415925, -0.1478143177393512, -0.15189670683753675, -1.8281327041107183e-10, 0.14789003098008585, 0.9890038112852291, 6.409527700257378e-10, 0.0, 0.0, 0.0, 1.0]}, {"left_foot_pose": [0.9999581336276417, -0.008918421730828746, 0.0020476195339020893, -0.008223936743595209, 0.00915044918020078, 0.9750022000668563, -0.22200670968371955, -0.002040894157877563, -1.648408642163297e-05, 0.22201615170663094, 0.9750429878265133, 0.02500000339322237, 0.0, 0.0, 0.0, 1.0], "right_foot_pose": [0.9994880436877521, -0.03158841983399506, 0.005081560549772333, -0.011403210677446202, 0.0319945389907362, 0.9868011546674298, -0.15874454517178735, -0.151896706686909, -4.787850182475398e-10, 0.15882585708699518, 0.9873066125173987, 2.9049949251680474e-10, 0.0, 0.0, 0.0, 1.0]}, {"left_foot_pose": [0.9993970554541411, -0.03406356418930428, 0.006723030887521812, -0.007642652284859177, 0.034720675895360674, 0.9805643973101349, -0.19310084772776573, -0.00711088122929171, -1.4661608736600321e-05, 0.19321784680130746, 0.981155881326971, 0.025000004519383327, 0.0, 0.0, 0.0, 1.0], "right_foot_pose": [0.9994880436877078, -0.03156473693708665, 0.005226653557516565, -0.011403211006447643, 0.03199453899211221, 0.9860613172277405, -0.1632771513157177, -0.15189670668191158, -5.62500507017802e-10, 0.1633607849184928, 0.9865663961187884, 1.4890218918983678e-10, 0.0, 0.0, 0.0, 1.0]}, {"left_foot_pose": [0.9981917116382922, -0.05936543418938006, 0.009436738850042276, -0.007064950188185377, 0.06011078676232621, 0.9858443913752545, -0.1565168658923683, -0.012149624705796745, -1.1464366525702812e-05, 0.15680108806211054, 0.9876302033914856, 0.025000005220432338, 0.0, 0.0, 0.0, 1.0], "right_foot_pose": [0.9994880436872348, -0.031572497056434196, 0.005179571013644528, -0.011403211285965782, 0.0319945390068983, 0.9863037371839477, -0.1618063271034689, -0.15189670668327168, -4.615807493194783e-10, 0.16188920731969783, 0.9868089402480097, 2.1688500995153959e-10, 0.0, 0.0, 0.0, 1.0]}, {"left_foot_pose": [0.9964807679706149, -0.08333423422480557, 0.009026874922122449, -0.006524658204165347, 0.0838217096840922, 0.9906947190670118, -0.10722823601258767, -0.0168620529704179, -7.094379639229247e-06, 0.10760752305903425, 0.994193452468266, 0.02245972570816434, 0.0, 0.0, 0.0, 1.0], "right_foot_pose": [0.9994880436873124, -0.031633081604738225, 0.004795693307166616, -0.011403211384336507, 0.03199453900446814, 0.9881963555172161, -0.14981425972310997, -0.15189670697581956, 5.505414222098805e-11, 0.1498909973636836, 0.9887025280180687, 5.083598958455227e-10, 0.0, 0.0, 0.0, 1.0]}, {"left_foot_pose": [0.9945387311116928, -0.10418227466509745, 0.006226231954513179, -0.00605561724352976, 0.10436815753969139, 0.992769279857366, -0.05929961773281488, -0.020953072507471616, -3.2427515318104955e-06, 0.05962558693290923, 0.9982208119311036, 0.015838563409755944, 0.0, 0.0, 0.0, 1.0], "right_foot_pose": [0.999488043686796, -0.03169788121588195, 0.004346821087260752, -0.011403211439100216, 0.031994539020601925, 0.9902206503267883, -0.13579180070700847, -0.15189670716758508, 3.650198314843184e-10, 0.135861355774247, 0.9907278597108207, 9.763843900056912e-10, 0.0, 0.0, 0.0, 1.0]}, {"left_foot_pose": [0.9927398116966436, -0.12026635378053337, 0.0019158342437607132, -0.005691654937035025, 0.12028161236092821, 0.9926139560362066, -0.01580721385974663, -0.024127599832965852, -6.078334684541599e-07, 0.015922890142429074, 0.9998732227483362, 0.007998178458367186, 0.0, 0.0, 0.0, 1.0], "right_foot_pose": [0.9994880436867587, -0.03177637847311123, 0.0037299193488746166, -0.011403211345752602, 0.03199453902176932, 0.992672851168721, -0.1165202129475708, -0.15189670725866375, 7.117124780577821e-10, 0.11657989673908757, 0.9931813166166105, 1.514451113127091e-09, 0.0, 0.0, 0.0, 1.0]}, {"left_foot_pose": [0.9915000215250367, -0.13007892836578475, -0.0026794982853836345, -0.005466599602010724, 0.13010652295599723, 0.9912897939214342, 0.02041659010466869, -0.02609055706420068, 3.9114143192650613e-07, -0.020591669733424835, 0.9997879690901653, 0.001817276712686923, 0.0, 0.0, 0.0, 1.0], "right_foot_pose": [0.9994880436874659, -0.03185635671773288, 0.002970364030619724, -0.011403211097878809, 0.03199453899967697, 0.9951713185039436, -0.09279222112505268, -0.1518967071629557, 1.0080016759171255e-09, 0.09283975098951446, 0.9956810637127761, 2.005685208195107e-09, 0.0, 0.0, 0.0, 1.0]}, {"left_foot_pose": [0.9911685298486551, -0.13244643688119212, -0.006548801045472036, -0.005409246536301215, 0.13260824045909392, 0.9899591436573585, 0.048948426445938796, -0.026590781689708895, 8.012519598242966e-10, -0.04938456486258304, 0.9987798379789885, 2.35270836146384e-09, 0.0, 0.0, 0.0, 1.0], "right_foot_pose": [0.9994880436913111, -0.031923995940647105, 0.0021234409097567906, -0.01140321001082363, 0.03199453887956015, 0.9972843276329146, -0.06633490287661609, -0.15189670704821284, 8.302011897235794e-10, 0.06636888081734767, 0.9977951551591401, 2.1223522939095574e-09, 0.0, 0.0, 0.0, 1.0]}, {"left_foot_pose": [0.991168529848171, -0.132228358146919, -0.010030291141671893, -0.005409245160667988, 0.13260824046271283, 0.988329132738124, 0.07497052715896091, -0.026590782353286616, -7.704791590809482e-10, -0.0756385264457156, 0.9971353034152998, 2.58166244632152e-09, 0.0, 0.0, 0.0, 1.0], "right_foot_pose": [0.999488043693797, -0.03196930271549495, 0.0012705105395256367, -0.011403208714179932, 0.03199453880189557, 0.9986996861220513, -0.03968987813750542, -0.1518967070526834, -7.48120164391056e-10, 0.03971020805285544, 0.9992112386159389, 1.9844588750039804e-09, 0.0, 0.0, 0.0, 1.0]}, {"left_foot_pose": [0.9911685298465238, -0.1319423740156413, -0.013272354011198114, -0.005409247050170839, 0.13260824047502492, 0.9861915705915927, 0.09920302743468472, -0.026590781733512703, 6.984798286619118e-10, -0.10008694237114753, 0.9949786952326144, 1.8316256844563839e-09, 0.0, 0.0, 0.0, 1.0], "right_foot_pose": [0.9994880436900111, -0.03199113796669749, 0.00046648934586433766, -0.011403210444817177, 0.03199453892016701, 0.9993817998392428, -0.014572838754398822, -0.15189670710357955, 7.330826308994724e-10, 0.014580303209176002, 0.9998937017295031, 1.7408630717530293e-09, 0.0, 0.0, 0.0, 1.0]}, {"left_foot_pose": [0.9911685298510909, -0.13163199161561592, -0.016061264462512135, -0.00540924775896044, 0.1326082404408882, 0.9838716451132102, 0.12004849232455256, -0.02659078136160814, 5.541970881503068e-10, -0.1211181436677963, 0.9926380988429108, 1.1698760224443383e-09, 0.0, 0.0, 0.0, 1.0], "right_foot_pose": [0.9993821355432284, -0.03514550854029628, -0.00037468186523303385, -0.010812979292546189, 0.03514750570105277, 0.9993254166021251, 0.010647280215321225, -0.15247393219759403, 2.250333286968821e-07, -0.0106538707723094, 0.9999432459082447, 0.0022503009454645645, 0.0, 0.0, 0.0, 1.0]}, {"left_foot_pose": [0.9911685298515811, -0.13134389491066065, -0.018268188239497312, -0.00540924792293007, 0.13260824043722333, 0.9817182915849145, 0.13654395093061233, -0.026590781299696466, 2.071138373635877e-10, -0.13776057940243724, 0.990465558594899, 6.458508103324156e-10, 0.0, 0.0, 0.0, 1.0], "right_foot_pose": [0.9989561030783434, -0.04564193178116202, -0.0018756827592553995, -0.008840726740155578, 0.04568045664987993, 0.9981151274182418, 0.04098156047694004, -0.15440274341009952, 1.6697486761325577e-06, -0.041024461997086724, 0.9991581423954174, 0.00871010777409311, 0.0, 0.0, 0.0, 1.0]}, {"left_foot_pose": [0.9911685298508919, -0.13112047502822688, -0.019808242264120188, -0.0054092479458832665, 0.1326082404423723, 0.9800483590852469, 0.14805495068079952, -0.02659078143377952, -1.362334071855993e-10, -0.14937414395633572, 0.9887807467367641, 2.547629607274615e-10, 0.0, 0.0, 0.0, 1.0], "right_foot_pose": [0.9980655754429264, -0.06198844393603465, -0.004747624055111213, -0.005751149634361298, 0.062169985503296124, 0.9951563901590349, 0.07614888067567811, -0.15742428003598463, 4.277795960578211e-06, -0.07629673612958693, 0.997085155860658, 0.01655846067197512, 0.0, 0.0, 0.0, 1.0]}, {"left_foot_pose": [0.9911685298501312, -0.1309954893455105, -0.020618613092572558, -0.005409247824738195, 0.13260824044806196, 0.9791141643262914, 0.15411199752419752, -0.02659078161827224, -4.019952141903097e-10, -0.1554851600210114, 0.9878382281594703, 2.873246085499659e-11, 0.0, 0.0, 0.0, 1.0], "right_foot_pose": [0.9965402630279481, -0.0825694858037784, -0.009475451350060858, -0.0018227585052255236, 0.08311139576368609, 0.9900530114164873, 0.11352325964028973, -0.1612661650474119, 7.641968390551195e-06, -0.11391801700891901, 0.9934901536212405, 0.02291665425209733, 0.0, 0.0, 0.0, 1.0]}, {"left_foot_pose": [0.9911685298481132, -0.1310169884936981, -0.020481556697998216, -0.005409247544201986, 0.13260824046314476, 0.9792748578995327, 0.15308758031636585, -0.02659078164115633, -2.2384404337276296e-10, -0.15445161511584504, 0.9880003535364285, 4.837177186578501e-11, 0.0, 0.0, 0.0, 1.0], "right_foot_pose": [0.9942596339367341, -0.10583135478256234, -0.01573228110854693, 0.0026659388915708676, 0.10699429987920997, 0.9834676794705015, 0.14609429568010107, -0.16565601517147296, 1.083275677073089e-05, -0.1469389253458544, 0.9891455666891789, 0.025000002823318546, 0.0, 0.0, 0.0, 1.0]}, {"left_foot_pose": [0.9911685298511158, -0.13115380656310185, -0.019586333418664767, -0.005409247291232679, 0.1326082404407008, 0.9802974927159543, 0.14639631259712702, -0.026590781631013055, -1.2209975176096712e-10, -0.14770072714385285, 0.9890321001874399, 2.877748456198148e-10, 0.0, 0.0, 0.0, 1.0], "right_foot_pose": [0.9912085629021894, -0.1303002035292726, -0.02296610087948044, 0.007436423365825041, 0.1323086718832607, 0.9761791358311067, 0.17195554690826684, -0.1703214429783222, 1.3185749806487783e-05, -0.17348242483970436, 0.9848369652373292, 0.025000002033306906, 0.0, 0.0, 0.0, 1.0]}, {"left_foot_pose": [0.991168529855793, -0.13140248748298522, -0.017841852672605168, -0.0054092470197637564, 0.13260824040574218, 0.9821562367431027, 0.13335734401644245, -0.026590781616334925, 1.4956584758450554e-10, -0.13454557930274325, 0.9909074059114154, 7.881054003844312e-10, 0.0, 0.0, 0.0, 1.0], "right_foot_pose": [0.9875103333746661, -0.15457801449648498, -0.030479155378384307, 0.012210183882609475, 0.1575542486704059, 0.9688735834321814, 0.19094668903436737, -0.1749900756043031, 1.4288425831108787e-05, -0.19336394897086698, 0.9811270983079778, 0.02500000109806899, 0.0, 0.0, 0.0, 1.0]}, {"left_foot_pose": [0.9911685298616362, -0.13173651439723752, -0.015180124715906325, -0.005409246839152077, 0.13260824036206847, 0.9846528920008926, 0.11346249099308521, -0.026590781299680004, 6.241941627336933e-10, -0.11447346001910853, 0.9934263067541823, 1.6214103601419616e-09, 0.0, 0.0, 0.0, 1.0], "right_foot_pose": [0.9834369564084731, -0.17753368967336672, -0.03651769161652432, 0.01670871147322576, 0.1812505243745419, 0.9632850661194781, 0.19806597084089406, -0.17938953208361647, 1.3564381232750357e-05, -0.201404