{"LoopMode": "Wrap", "FrameDuration": 0.0167, "EnableCycleOffsetPosition": true, "EnableCycleOffsetRotation": false, "Debug_info": [{"left_foot_pose": [1.0000000000000007, 1.0676119644352013e-13, -8.431977338574373e-12, 1.5431003937409392e-12, -2.4830006266778412e-14, 0.9999531754295788, 0.009677135335573215, -1.961972251329769e-15, 8.432269222626832e-12, -0.009677135335573381, 0.999953175429579, 1.7744535008024087e-11, 0.0, 0.0, 0.0, 1.0], "right_foot_pose": [0.9999999999999999, -1.8724110259202697e-13, -8.49381676104599e-12, 1.6458044299114794e-12, 6.184035168476115e-14, 0.9998909370273946, -0.014768684791774213, -0.14000000000219356, 8.495742314235453e-12, 0.014768684791774062, 0.9998909370273945, 1.474461525097226e-11, 0.0, 0.0, 0.0, 1.0]}, {"left_foot_pose": [1.0000000000000004, 1.6559792367149173e-13, -1.882705102929095e-11, 3.1399744958514273e-12, -3.8891284420420063e-14, 0.9999774715814205, 0.006712401182142377, 8.993465694384639e-13, 1.8827372536988476e-11, -0.006712401182142552, 0.9999774715814207, 3.860998326610243e-11, 0.0, 0.0, 0.0, 1.0], "right_foot_pose": [0.9999999999999998, -5.011495557704056e-13, -1.8940848889315017e-11, 3.561375269213681e-12, 1.6522830951413823e-13, 0.9998427299552579, -0.017734580784933417, -0.1400000000039772, 1.8946690182273392e-11, 0.01773458078493327, 0.9998427299552577, 3.3962159473599485e-11, 0.0, 0.0, 0.0, 1.0]}, {"left_foot_pose": [1.0000000000000007, 9.602866517580995e-14, -3.30793725744627e-11, 5.223070699383429e-12, -1.0240866211787773e-14, 0.9999966629576321, 0.002583422845899906, 2.5248345081330115e-12, 3.307912471627804e-11, -0.002583422845900078, 0.9999966629576325, 6.7105668244416e-11, 0.0, 0.0, 0.0, 1.0], "right_foot_pose": [1.0, -1.0854865725034052e-12, -3.328365361099372e-11, 6.140545923004119e-12, 3.57497615930168e-13, 0.9997609000701908, -0.021866474129184955, -0.1400000000060157, 3.329925109097307e-11, 0.021866474129184802, 0.9997609000701908, 6.060901780458039e-11, 0.0, 0.0, 0.0, 1.0]}, {"left_foot_pose": [1.0000000000000004, -2.4523771672081415e-13, -5.098438338180245e-11, 7.736732275552594e-12, 1.0854193405938726e-13, 0.9999963883521964, -0.0026876165210565337, 5.0156753750307814e-12, 5.0984521258788605e-11, 0.00268761652105636, 0.9999963883521965, 1.0298809027808886e-10, 0.0, 0.0, 0.0, 1.0], "right_foot_pose": [0.9999999999999999, -2.0782323091900887e-12, -5.1345150353654377e-11, 9.32876504231568e-12, 6.838523416886072e-13, 0.9996315492553723, -0.027143428915744852, -0.14000000000810225, 5.138245048148311e-11, 0.027143428915744706, 0.9996315492553722, 9.431828235095807e-11, 0.0, 0.0, 0.0, 1.0]}, {"left_foot_pose": [1.0000000000000004, -1.0376457056151476e-12, -7.273426305687279e-11, 1.0677338525005522e-11, 3.7685279622051854e-13, 0.9999586939574263, -0.009089025193004995, 8.60235840893786e-12, 7.274046010111362e-11, 0.009089025193004816, 0.9999586939574265, 1.4684119892249825e-10, 0.0, 0.0, 0.0, 1.0], "right_foot_pose": [1.0, -3.6697882739082776e-12, -7.335343443770623e-11, 1.3140029367615113e-11, 1.2063901101661676e-12, 0.9994368613645838, -0.03355532961706103, -0.14000000001003612, 7.343515273337615e-11, 0.03355532961706089, 0.9994368613645839, 1.354802658948273e-10, 0.0, 0.0, 0.0, 1.0]}, {"left_foot_pose": [1.0000000000000004, -2.5191623909340554e-12, -9.896056196723177e-11, 1.40947295192131e-11, 8.732063302941529e-13, 0.9998616732610789, -0.0166323282662533, 1.3640108140200446e-11, 9.89884837331916e-11, 0.016632328266253122, 0.9998616732610792, 2.001909402138402e-10, 0.0, 0.0, 0.0, 1.0], "right_foot_pose": [0.9999999999999998, -6.128300169155595e-12, -9.999023831142036e-11, 1.766230947079894e-11, 2.0120202400038425e-12, 0.9991543941586521, -0.04111564949574229, -0.14000000001159252, 1.0015763115306367e-10, 0.041115649495742146, 0.9991543941586523, 1.8534851431439847e-10, 0.0, 0.0, 0.0, 1.0]}, {"left_foot_pose": [1.0000000000000004, -5.0236237698089914e-12, -1.3074535898383025e-10, 1.8089155797771436e-11, 1.7071273143663158e-12, 0.9996784774846774, -0.025356294167681526, 2.0651621038259016e-11, 1.3083043338318616e-10, 0.025356294167681346, 0.9996784774846778, 2.6558664989462244e-10, 0.0, 0.0, 0.0, 1.0], "right_foot_pose": [0.9999999999999999, -9.839553268070275e-12, -1.324087506304749e-10, 2.305673221755207e-11, 3.224733429939589e-12, 0.9987559389848727, -0.04986556269055195, -0.14000000001247317, 1.3273460514297497e-10, 0.04986556269055182, 0.9987559389848725, 2.4608551307814253e-10, 0.0, 0.0, 0.0, 1.0]}, {"left_foot_pose": [1.0000000000000007, -9.032529459853083e-12, -1.696123241856638e-10, 2.2805677705032036e-11, 3.0352722625411534e-12, 0.9993757945746156, -0.03532734377725979, 3.037736034938732e-11, 1.6982534039710508e-10, 0.03532734377725961, 0.9993757945746158, 3.466738077162468e-10, 0.0, 0.0, 0.0, 1.0], "right_foot_pose": [1.0, -1.5362110363789606e-11, -1.7223367176910634e-10, 2.9553208698784166e-11, 5.022220386191289e-12, 0.9982059141937336, -0.05987447593635267, -0.1400000000122366, 1.7284434403555253e-10, 0.05987447593635252, 0.9982059141937338, 3.2078294187609657e-10, 0.0, 0.0, 0.0, 1.0]}, {"left_foot_pose": [1.0000000000000007, -1.5242031256470053e-11, -2.1751017653670578e-10, 2.8428659920492732e-11, 5.081620854494658e-12, 0.9989118698658196, -0.046637712649451754, 4.383239431138275e-11, 2.179839861276166e-10, 0.04663771264945156, 0.9989118698658198, 4.4830901491099695e-10, 0.0, 0.0, 0.0, 1.0], "right_foot_pose": [0.9999999999999998, -2.3499567311973057e-11, -2.2156076973089954e-10, 3.744620045832013e-11, 7.656296424954501e-12, 0.9974593218577823, -0.07123834107426388, -0.14000000001021007, 2.2267182321881845e-10, 0.07123834107426372, 0.9974593218577822, 4.1349705603987985e-10, 0.0, 0.0, 0.0, 1.0]}, {"left_foot_pose": [1.0000000000000007, -2.4636985053317994e-11, -2.7669472268954063e-10, 3.516592144253904e-11, 8.157998470448682e-12, 0.9982342240602206, -0.059400622175952635, 6.233760382889919e-11, 2.776690928358856e-10, 0.059400622175952426, 0.9982342240602208, 5.765454086370525e-10, 0.0, 0.0, 0.0, 1.0], "right_foot_pose": [0.9999999999999998, -3.537925176283862e-11, -2.8285190856180954e-10, 4.7075327162453527e-11, 1.1473291373541184e-11, 0.9964594308533756, -0.08407498238695703, -0.14000000000538423, 2.848247357170961e-10, 0.08407498238695688, 0.9964594308533754, 5.291326821144082e-10, 0.0, 0.0, 0.0, 1.0]}, {"left_foot_pose": [1.0000000000000007, -3.852650969244139e-11, -3.49246020991955e-10, 4.3189933093908705e-11, 1.2668775466631914e-11, 0.9972775432247035, -0.07373941808626121, 8.742001220141127e-11, 3.5113585778430476e-10, 0.07373941808626101, 0.9972775432247039, 7.379534275320232e-10, 0.0, 0.0, 0.0, 1.0], "right_foot_pose": [0.9999999999999996, -5.24816505374085e-11, -3.584593732952609e-10, 5.874820977237775e-11, 1.6913400742905482e-11, 0.9951357302584902, -0.09851334104019305, -0.13999999999632445, 3.6188579464743904e-10, 0.09851334104019291, 0.9951357302584903, 6.726808485235658e-10, 0.0, 0.0, 0.0, 1.0]}, {"left_foot_pose": [1.0000000000000004, -5.839932269854752e-11, -4.357276761623997e-10, 5.247487255622271e-11, 1.9051614248125917e-11, 0.9959631344961521, -0.08976321476306727, 1.2033439002190338e-10, 4.3921051003807163e-10, 0.08976321476306706, 0.9959631344961523, 9.371783141198797e-10, 0.0, 0.0, 0.0, 1.0], "right_foot_pose": [0.9999999999999998, -7.645448800216141e-11, -4.4925058118039327e-10, 7.252185120277168e-11, 2.4435124614442488e-11, 0.9934037513886002, -0.11466903124669854, -0.13999999998123616, 4.5505387550166477e-10, 0.1146690312466984, 0.9934037513886, 8.468425335972363e-10, 0.0, 0.0, 0.0, 1.0]}, {"left_foot_pose": [1.0000000000000002, -8.517532333001281e-11, -5.316840301361465e-10, 6.234301548250345e-11, 2.7520147727265163e-11, 0.9942039014015006, -0.10751094101549034, 1.6056064637559597e-10, 5.377594676208789e-10, 0.10751094101549022, 0.9942039014015006, 1.169554564306452e-09, 0.0, 0.0, 0.0, 1.0], "right_foot_pose": [0.9999999999999999, -1.0821414711573475e-10, -5.509481759702333e-10, 8.761153926897327e-11, 3.420985919453497e-11, 0.9911712731450413, -0.13258773431972545, -0.13999999995859638, 5.604314297808052e-10, 0.1325877343197253, 0.9911712731450412, 1.045335699945138e-09, 0.0, 0.0, 0.0, 1.0]}, {"left_foot_pose": [1.0000000000000002, -1.1669586938712268e-10, -6.18937900931369e-10, 7.025911396500242e-11, 3.7257844385671124e-11, 0.9919252515145333, -0.1268238755433342, 2.017830139089405e-10, 6.287398839509351e-10, 0.126823875543334, 0.9919252515145331, 1.400560861730682e-09, 0.0, 0.0, 0.0, 1.0], "right_foot_pose": [0.9999999999999998, -1.4497496254513606e-10, -6.44889530665437e-10, 1.0085512947930514e-10, 4.519014235852757e-11, 0.9883627050918024, -0.1521156243901829, -0.13999999992946943, 6.594374303153266e-10, 0.1521156243901827, 0.9883627050918025, 1.2351578579372635e-09, 0.0, 0.0, 0.0, 1.0]}, {"left_foot_pose": [1.0000000000000002, -1.4114506288035525e-10, -6.473105940152354e-10, 6.915840311362301e-11, 4.4420461157384645e-11, 0.9891282586444805, -0.1470553907578308, 2.2324758014447e-10, 6.61029035396462e-10, 0.14705539075783058, 0.9891282586444808, 1.5174727446831682e-09, 0.0, 0.0, 0.0, 1.0], "right_foot_pose": [0.9999999999999998, -1.725135523004353e-10, -6.783520412056978e-10, 1.033702336876626e-10, 5.283851277740285e-11, 0.9849913957598219, -0.1726034480510697, -0.13999999990370848, 6.97947165829179e-10, 0.17260344805106953, 0.9849913957598218, 1.3167735998798058e-09, 0.0, 0.0, 0.0, 1.0]}, {"left_foot_pose": [0.9999999941654603, -0.00010643732640629975, 1.844385697824729e-05, 1.0692913717035041e-05, 0.00010802251651691372, 0.9860420983585434, -0.16649615189492384, -1.5986543667675934e-05, -4.650141720036579e-07, 0.166496152915847, 0.986042104103069, 0.0001638612189565486, 0.0, 0.0, 0.0, 1.0], "right_foot_pose": [1.0, -1.5436396440151852e-10, -5.46059530925901e-10, 1.2871390362565274e-10, 4.650485338873256e-11, 0.9813460767960444, -0.19224951900333256, -0.1399999999702149, 5.655497710202246e-10, 0.19224951900333231, 0.9813460767960442, 1.0515741055705519e-09, 0.0, 0.0, 0.0, 1.0]}, {"left_foot_pose": [0.9999953481810935, -0.002997186580963467, 0.0005661172786810575, 0.0003019829370978519, 0.003050181856077899, 0.9827791435771853, -0.18475890057136676, -0.0004514695959621298, -2.6113568004495074e-06, 0.18475976786707146, 0.9827837138307124, 0.004191209318115702, 0.0, 0.0, 0.0, 1.0], "right_foot_pose": [0.9999999999999998, -9.952950221313551e-11, -3.0552349539192335e-10, 2.8516587935143385e-10, 3.3518734346653814e-11, 0.9779428482039093, -0.20887265413841508, -0.14000000013204336, 3.1957342165371545e-10, 0.2088726541384149, 0.9779428482039091, 6.271948863045829e-10, 0.0, 0.0, 0.0, 1.0]}, {"left_foot_pose": [0.9999552543247615, -0.009266600833671413, 0.0019024871330345474, 0.0009366035170285851, 0.009459879834151787, 0.979623804886737, -0.20061832312318056, -0.0014002303267858056, -4.671763708324178e-06, 0.2006273436205115, 0.9796676318884651, 0.011469802788155459, 0.0, 0.0, 0.0, 1.0], "right_foot_pose": [0.9999999999999998, -3.7622932991173015e-11, -6.253619844187576e-11, 3.218640536006437e-10, 2.2843238578943333e-11, 0.9751811151835639, -0.221408655181637, -0.14000000011010333, 6.931379063698636e-11, 0.22140865518163685, 0.9751811151835638, 3.2417094703030003e-10, 0.0, 0.0, 0.0, 1.0]}, {"left_foot_pose": [0.9998271519159111, -0.01817274546489382, 0.003926526962438402, 0.001840860462377903, 0.018592101846315177, 0.977347744015164, -0.21082153831477157, -0.0027520939258501645, -6.3761142424815e-06, 0.21085810060497684, 0.9775166808646325, 0.01912092718171348, 0.0, 0.0, 0.0, 1.0], "right_foot_pose": [0.9999999999999998, 8.871507462858442e-12, 1.210544442464822e-10, 2.2369366430272838e-10, 1.9128180387632586e-11, 0.9733453772990486, -0.22934423143077512, -0.13999999999063664, -1.1986269269676638e-10, 0.22934423143077498, 0.9733453772990486, 1.3122034014934059e-10, 0.0, 0.0, 0.0, 1.0]}, {"left_foot_pose": [0.9995588308062231, -0.029032269013168282, 0.006266666836886353, 0.0029410622067863766, 0.029700904076475795, 0.9771087882554983, -0.21065676398091965, -0.004396890430989165, -7.371398053905022e-06, 0.21074995437679178, 0.9775400025962333, 0.02426587849590784, 0.0, 0.0, 0.0, 1.0], "right_foot_pose": [0.9999999999999999, 2.4257271571892885e-11, 2.104669216684839e-10, 1.95206011680002e-11, 2.5313252695308207e-11, 0.9726271942452492, -0.23237112775604157, -0.13999999988764053, -2.1034267456700786e-10, 0.23237112775604135, 0.9726271942452493, 5.627309035416417e-11, 0.0, 0.0, 0.0, 1.0]}, {"left_foot_pose": [0.9991159464808136, -0.04121460635236188, 0.008287442969249137, 0.00416351266215619, 0.04203956985041103, 0.9795443955874409, -0.19678783407525072, -0.006224450175316636, -7.385197933226608e-06, 0.19696226363559025, 0.9804110702399296, 0.02500000194609564, 0.0, 0.0, 0.0, 1.0], "right_foot_pose": [1.0, 2.298493764041402e-12, 1.8989965155924435e-10, -1.778394627071312e-10, 4.150049141201056e-11, 0.9731156542944029, -0.2303170062482929, -0.13999999987045342, -1.8532387491685145e-10, 0.23031700624829277, 0.9731156542944033, 1.3013465999245355e-10, 0.0, 0.0, 0.0, 1.0]}, {"left_foot_pose": [0.9984939789252638, -0.054006801975004286, 0.009645692843329532, 0.00543451269292068, 0.054861407253718554, 0.9829611846873375, -0.17543527408194953, -0.008124594858279537, -6.6435576350983845e-06, 0.17570024114525196, 0.9844437135851721, 0.02500000253819394, 0.0, 0.0, 0.0, 1.0], "right_foot_pose": [0.9999999999999997, -5.0066812580456226e-11, 6.873046576316737e-11, -3.091527237613564e-10, 6.416313720108825e-11, 0.9746979814812317, -0.2235259378604925, -0.1399999998376868, -5.5800551339765605e-11, 0.22352593786049238, 0.9746979814812315, 3.397200368238096e-10, 0.0, 0.0, 0.0, 1.0]}, {"left_foot_pose": [0.9977246284413996, -0.06667177192348556, 0.010022007286707569, 0.006680370732079647, 0.06742081112669336, 0.9866517590142149, -0.1482320500471318, -0.009987151947340962, -5.337685790488397e-06, 0.14857045891676873, 0.9889018246058459, 0.024910271752792743, 0.0, 0.0, 0.0, 1.0], "right_foot_pose": [1.0, -1.271378661332474e-10, -1.5727563695833102e-10, -4.2130159421447946e-10, 9.090798143694202e-11, 0.9772724076816968, -0.21198736090630566, -0.1399999998417278, 1.8065257824353975e-10, 0.21198736090630546, 0.9772724076816967, 6.865385551724223e-10, 0.0, 0.0, 0.0, 1.0]}, {"left_foot_pose": [0.996876641958302, -0.07846630712450903, 0.00894423636666249, 0.007827392211587528, 0.07897443070353356, 0.9904678784621234, -0.1128557531975861, -0.011701952688019834, -3.60462738261526e-06, 0.1132096302484193, 0.9935711245834514, 0.021163834718614084, 0.0, 0.0, 0.0, 1.0], "right_foot_pose": [0.9999999999999999, -2.1886439313689739e-10, -4.965459154959706e-10, -5.35636653936081e-10, 1.1767588062250855e-10, 0.9807440578301625, -0.1952974475788854, -0.14000000007392266, 5.297279007456565e-10, 0.19529744757888526, 0.9807440578301625, 1.1775958125292973e-09, 0.0, 0.0, 0.0, 1.0]}, {"left_foot_pose": [0.9960510880113868, -0.0885396269735146, 0.006554733154374949, 0.008801876314129119, 0.0887819242175502, 0.9933343063291309, -0.07351684026027425, -0.013158812858985357, -1.88769815754966e-06, 0.07380847055058319, 0.9972724350303791, 0.013996813241662263, 0.0, 0.0, 0.0, 1.0], "right_foot_pose": [1.0, -2.9113915675220325e-10, -8.930733375045448e-10, -5.000872561234063e-10, 1.3180080002140314e-10, 0.9848385852000673, -0.17347322877357757, -0.14000000025294718, 9.300377435852884e-10, 0.1734732287735775, 0.9848385852000673, 1.7993717002506848e-09, 0.0, 0.0, 0.0, 1.0]}, {"left_foot_pose": [0.9953711266496837, -0.0960457883283693, 0.0033951106788835633, 0.009530132047863108, 0.09610577626643792, 0.9947500514335408, -0.035157004155562825, -0.014247556657901644, -6.043430571890552e-07, 0.03532055658325455, 0.9993760344746543, 0.006287911254569928, 0.0, 0.0, 0.0, 1.0], "right_foot_pose": [1.0, -3.17084631075687e-10, -1.2956157258159336e-09, -3.085452958757181e-10, 1.2334874997182226e-10, 0.9891546597138627, -0.14687770139252687, -0.1400000002864524, 1.3281370286916655e-09, 0.14687770139252676, 0.9891546597138628, 2.474704663413263e-09, 0.0, 0.0, 0.0, 1.0]}, {"left_foot_pose": [0.9949663056672291, -0.10021002426113922, -4.0304949869769366e-05, 0.009938466583283404, 0.10021003236656066, 0.9949662252132693, 0.0004001224211833859, -0.01485801164218473, 5.786294772636897e-09, -0.0004021472875506376, 0.9999999191387772, 0.000915837042409974, 0.0, 0.0, 0.0, 1.0], "right_foot_pose": [1.0, -2.720289811502655e-10, -1.6010801018317963e-09, 4.715277192849779e-11, 8.404731847408382e-11, 0.9932191375111077, -0.11625723582509571, -0.14000000010667654, 1.6218483858829287e-09, 0.1162572358250956, 0.9932191375111076, 3.0449511592700595e-09, 0.0, 0.0, 0.0, 1.0]}, {"left_foot_pose": [0.9949038343771063, -0.1007746266677002, -0.0032916503031560017, 0.010000000378835083, 0.10082837071842765, 0.9943735262044445, 0.03247968660574192, -0.014949999754435802, 1.6270034832571635e-09, -0.03264605648046158, 0.9994669754405474, 3.2913259270794804e-09, 0.0, 0.0, 0.0, 1.0], "right_foot_pose": [1.0, -1.9789880783536003e-10, -1.6880982722788918e-09, 2.9020905372761347e-10, 5.4422456984417605e-11, 0.9964172923133184, -0.08457292462126842, -0.13999999995057283, 1.6987867992927433e-09, 0.08457292462126827, 0.9964172923133187, 3.245272481300354e-09, 0.0, 0.0, 0.0, 1.0]}, {"left_foot_pose": [0.9949038343793862, -0.10061481567071176, -0.0065589027088696315, 0.010000000296993373, 0.10082837069592954, 0.992796623737984, 0.06471864922311854, -0.014949999866123874, 1.5027499406501374e-09, -0.06505015574162369, 0.9978819956477776, 3.0075189907941002e-09, 0.0, 0.0, 0.0, 1.0], "right_foot_pose": [0.9999999999999998, -1.0569318377581309e-10, -1.5473620718076116e-09, 2.2569850581577887e-10, 2.5584523846224253e-11, 0.9986637021103408, -0.051679880875136495, -0.1400000000473474, 1.5507562125019873e-09, 0.051679880875136336, 0.998663702110341, 3.0011331406121222e-09, 0.0, 0.0, 0.0, 1.0]}, {"left_foot_pose": [0.9949038343800712, -0.10037570944838273, -0.009543442176009024, 0.010000000224851494, 0.10082837068917179, 0.9904372909676217, 0.09416800053567534, -0.014949999907007235, 1.1542082269353598e-09, -0.09465035453422141, 0.9955105777371466, 2.308074419088424e-09, 0.0, 0.0, 0.0, 1.0], "right_foot_pose": [0.9999999999981328, 1.9318320131856644e-06, -4.482452808930303e-08, 3.554966517813155e-06, -1.932348931123891e-06, 0.9997705307579484, -0.0214216204857569, -0.1400049913408231, 3.4312699292036167e-09, 0.021421620485803376, 0.9997705307598151, 3.7401597500798245e-05, 0.0, 0.0, 0.0, 1.0]}, {"left_foot_pose": [0.9949038343787487, -0.1001048732532244, -0.01205714267230754, 0.010000000387543024, 0.10082837070222132, 0.987764868526049, 0.11897144265433404, -0.014949999651412188, 7.588459569300781e-10, -0.11958084652934138, 0.9928244664306615, 1.5705016037648178e-09, 0.0, 0.0, 0.0, 1.0], "right_foot_pose": [0.9999999802443094, 0.00019876931706464907, 1.4624726542556499e-06, 0.0003656600104033353, -0.00019877469706132696, 0.9999731497323154, 0.007325319313973903, -0.1405135045745823, -6.384669311757618e-09, -0.007325319459959873, 0.9999731694874665, 0.0034929907603562446, 0.0, 0.0, 0.0, 1.0]}, {"left_foot_pose": [0.9949038343773002, -0.09984638914827527, -0.014037767464865604, 0.01000000041113093, 0.10082837071651271, 0.9852143276985275, 0.1385148661920199, -0.014949999656786055, 4.0265596077461125e-10, -0.139224376714679, 0.9902608610504662, 9.325861749509556e-10, 0.0, 0.0, 0.0, 1.0], "right_foot_pose": [0.9999997706869201, 0.0006767502346064368, 2.5203714392292785e-05, 0.0012457851281910178, -0.0006772193906819376, 0.9993105309629005, 0.03712147734860184, -0.1417495044747412, -6.436870712875292e-08, -0.037121485904605796, 0.9993107601163067, 0.010538498230220496, 0.0, 0.0, 0.0, 1.0]}, {"left_foot_pose": [0.9949038343762859, -0.09963727720826553, -0.015452292188789834, 0.010000000315762099, 0.10082837072651991, 0.9831509568877986, 0.1524724093967239, -0.01494999981529408, 1.2984476906926758e-10, -0.15325341419077743, 0.9881869211029213, 4.3744059069483754e-10, 0.0, 0.0, 0.0, 1.0], "right_foot_pose": [0.9999990501285128, 0.0013751474411631966, 9.333588364706329e-05, 0.0025354760983133467, -0.001378311302849084, 0.9977112754572509, 0.06760407593789974, -0.14356068655782456, -1.5669148141819907e-07, -0.06760414036861913, 0.9977122231410195, 0.018295208806855465, 0.0, 0.0, 0.0, 1.0]}, {"left_foot_pose": [0.9949038343760886, -0.0995056347244079, -0.016278482787116785, 0.010000000143078015, 0.10082837072847009, 0.9818520006647219, 0.16062468193564097, -0.014949999994987546, -3.609557433726225e-11, -0.16144744485056534, 0.9868813112787298, 1.2089370476919825e-10, 0.0, 0.0, 0.0, 1.0], "right_foot_pose": [0.9999974842618543, 0.0022327091022322485, 0.00021559227012195174, 0.004126283353474795, -0.0022430938218988843, 0.9953790382041696, 0.09599759806291008, -0.1457947452410289, -2.613154907172202e-07, -0.0959978401517801, 0.9953815422671474, 0.02388441787498921, 0.0, 0.0, 0.0, 1.0]}, {"left_foot_pose": [0.9949038343768671, -0.09946946961602789, -0.01649802886754785, 0.009999999979676185, 0.10082837072078671, 0.9814951486800383, 0.16279100950403286, -0.014950000047693854, -7.734276843842688e-11, -0.16362486892846273, 0.9865226314019077, 3.244067514618365e-11, 0.0, 0.0, 0.0, 1.0], "right_foot_pose": [0.9999948395613396, 0.0031903581182247355, 0.000377446377346413, 0.005909757861327384, -0.003212608063613425, 0.9930817070722233, 0.11738143902657092, -0.1482993691576631, -3.462658162077447e-07, -0.11738204587413055, 0.9930868317052056, 0.025000001548785553, 0.0, 0.0, 0.0, 1.0]}, {"left_foot_pose": [0.9949038343784559, -0.09953037491170998, -0.016126525012572206, 0.009999999873969363, 0.1008283707051082, 0.9820961198229615, 0.1591252685453724, -0.014950000057256899, 4.827261409313022e-12, -0.15994035106444549, 0.9871266808780841, 1.4360051342476865e-10, 0.0, 0.0, 0.0, 1.0], "right_foot_pose": [0.9999910624113884, 0.004190981124083038, 0.0005574715776590333, 0.007777441027272361, -0.004227895124761914, 0.991272404026899, 0.1317617012547499, -0.1509222505620175, -3.953881270167982e-07, -0.1317628805542349, 0.9912812634706126, 0.025000001118137, 0.0, 0.0, 0.0, 1.0]}, {"left_foot_pose": [0.9949038343806128, -0.09968276318082893, -0.01515608984500503, 0.009999999788072218, 0.1008283706838266, 0.9835997811883412, 0.14954969111132602, -0.014950000062795631, 2.1240103804495745e-10, -0.15031572496210413, 0.9886380443969968, 4.727645011581849e-10, 0.0, 0.0, 0.0, 1.0], "right_foot_pose": [0.9999863234725538, 0.005179265673097018, 0.000726687644180064, 0.009620882014341688, -0.005229996910629465, 0.9902970104685762, 0.13886856443887938, -0.15351108721143106, -3.994127054814835e-07, -0.13887046577328072, 0.9903105541878023, 0.024992550801526153, 0.0, 0.0, 0.0, 1.0]}, {"left_foot_pose": [0.9949038343829167, -0.09991406960911865, -0.01354765752134349, 0.009999999717744746, 0.10082837066109662, 0.9858821518856498, 0.13367880259468892, -0.014949999785448144, 5.624421936280282e-10, -0.13436354151132465, 0.9909321060055204, 1.0730103541800595e-09, 0.0, 0.0, 0.0, 1.0], "right_foot_pose": [0.9999810272891073, 0.006104079900941433, 0.0008278105969565352, 0.011331632444279552, -0.006159956306823473, 0.9909178294697215, 0.1343276225402416, -0.15591357039735448, -3.457390591302799e-07, -0.134330173258202, 0.9909366299377079, 0.02183779327743031, 0.0, 0.0, 0.0, 1.0]}, {"left_foot_pose": [0.994903834384227, -0.10019502824530968, -0.011283467662253821, 0.00999999975956789, 0.10082837064816426, 0.9886544556976745, 0.11133735627170398, -0.014949999513926735, 1.0236060808200756e-09, -0.11190765632456748, 0.9937186102996881, 1.9307664425594062e-09, 0.0, 0.0, 0.0, 1.0], "right_foot_pose": [0.9999757871161875, 0.00691058789272056, 0.0008178975110032034, 0.01280123053575531, -0.006958820395796062, 0.993048978533282, 0.1174959618570121, -0.1579773955773365, -2.461163941202347e-07, -0.11749880854282056, 0.9930730234937192, 0.014923779998787745, 0.0, 0.0, 0.0, 1.0]}, {"left_foot_pose": [0.9949038343867764, -0.10047890681929308, -0.008387467251246356, 0.009999999614963395, 0.10082837062300956, 0.9914555712894697, 0.08276164471892088, -0.014949999404016432, 1.547331930728923e-09, -0.08318557232760761, 0.9965340739565954, 2.965868065030186e-09, 0.0, 0.0, 0.0, 1.0], "right_foot_pose": [0.9999713650063773, 0.007535540695944988, 0.0006962712849982243, 0.013921224750976924, -0.007567639477737522, 0.9957315120737399, 0.0919863397254096, -0.159550261827701, -1.324529529251036e-07, -0.09198897482722192, 0.9957600255634983, 0.007129215092817588, 0.0, 0.0, 0.0, 1.0]}, {"left_foot_pose": [0.9949038343807428, -0.10070927023263, -0.00489930849277982, 0.010000000018659817, 0.10082837068254345, 0.9937286354476589, 0.04834292871597851, -0.014949999492926856, 2.0712728340088866e-09, -0.048590554437520236, 0.998818781371003, 3.950692870069439e-09, 0.0, 0.0, 0.0, 1.0], "right_foot_pose": [0.9999685771663954, 0.007913204401961645, 0.00047526403935255933, 0.014583165229692361, -0.007927463643121607, 0.9981701933140625, 0.0599451457547131, -0.16047986506009432, -3.620677357451842e-08, -0.05994702974676566, 0.9982015596183663, 0.0013328063184223984, 0.0, 0.0, 0.0, 1.0]}, {"left_foot_pose": [0.9949038343523503, -0.10082305514023412, -0.0010353468892429587, 0.01000000222828878, 0.10082837096269986, 0.9948513817011836, 0.01021606265911551, -0.014949999652917507, 1.6345070381445727e-09, -0.010268392251761727, 0.9999472786705133, 4.4212007457855584e-09, 0.0, 0.0, 0.0, 1.0], "right_foot_pose": [0.9999680001703879, 0.007997883976948506, 0.00018024185477384004, 0.014716450495853139, -0.007999914701728896, 0.9997141603175961, 0.022529958394302812, -0.16066704673994384, 1.6587435813180484e-09, -0.02253067935893706, 0.9997461520244151, 4.4679452498863625e-09, 0.0, 0.0, 0.0, 1.0]}, {"left_foot_pose": [0.9949038343401333, -0.1007890200019017, 0.002816711266287899, 0.010000003908494462, 0.1008283710832494, 0.9945155453863282, -0.027793336784808102, -0.014949999804857138, 3.593536737213711e-11, 0.027935701745103726, 0.999609722125595, 4.419778106001804e-09, 0.0, 0.0, 0.0, 1.0], "right_foot_pose": [0.9999680001698381, 0.007998887832882618, -0.00012817866752184247, 0.01471645201768648, -0.00799991477041125, 0.9998396358407242, -0.016021983820809976, -0.16066704621181296, 6.08144599033374e-11, 0.016022496538464267, 0.9998716315631094, 4.2510170869536346e-09, 0.0, 0.0, 0.0, 1.0]}, {"left_foot_pose": [0.9949038343683869, -0.10062302194319582, 0.006431781565156991, 0.01000000040649588, 0.10082837080446569, 0.9928775943371049, -0.06346433883908237, -0.01494999951163182, 1.7519000407082224e-09, 0.06378942011324233, 0.9979633810323995, 3.6040614173615815e-09, 0.0, 0.0, 0.0, 1.0], "right_foot_pose": [0.9999680001708557, 0.007988957944461481, -0.0004185513834571365, 0.014716448561801501, -0.007999914643229876, 0.9985984537358973, -0.05231758367868272, -0.1606670465275241, 1.788564214475805e-09, 0.05231925790028509, 0.9986304097376384, 3.365160615442786e-09, 0.0, 0.0, 0.0, 1.0]}, {"left_foot_pose": [0.9953336296908899, -0.09604089823455353, 0.00933335270197889, 0.009917681571745874, 0.09649334485043749, 0.990664177973872, -0.0962991219011283, -0.014953836699694837, 2.435984336880141e-06, 0.09675036095877806, 0.9953086795805677, 0.0028444578983190597, 0.0, 0.0, 0.0, 1.0], "right_foot_pose": [0.9999680001712463, 0.007971612731522653, -0.0006723272841037056, 0.014716447865619823, -0.007999914594439213, 0.9964303560787939, -0.08403896031704387, -0.16066704681460944, 1.2690936239958939e-09, 0.0840416496455573, 0.9964622426990667, 2.3341600666193507e-09, 0.0, 0.0, 0.0, 1.0]}, {"left_foot_pose": [0.9964382969626346, -0.08363329344643525, 0.010779265907645363, 0.009686792575895246, 0.08432508708315008, 0.9882547031239445, -0.12744379718850485, -0.014964583609147937, 5.884258739709093e-06, 0.12789884276531957, 0.991787218099058, 0.009617036698728161, 0.0, 0.0, 0.0, 1.0], "right_foot_pose": [0.9999680001713374, 0.007951526330149988, -0.0008785569740847248, 0.014716447517085491, -0.007999914583030215, 0.9939196068192585, -0.10981719604376455, -0.1606670468138229, 6.764051527370417e-10, 0.10982071029305582, 0.9939514130935821, 1.4396886460765757e-09, 0.0, 0.0, 0.0, 1.0]}, {"left_foot_pose": [0.9978260346941003, -0.065098991805196, 0.010262833555909569, 0.009337677636952845, 0.0659029922910384, 0.9856299006879196, -0.1555329369523072, -0.014980827119424701, 9.681769608308291e-06, 0.1558711651841672, 0.9877773938344581, 0.017439490399704174, 0.0, 0.0, 0.0, 1.0], "right_foot_pose": [0.9999680001712556, 0.007932714048701104, -0.001034737319472838, 0.01471644742161378, -0.007999914593217125, 0.9915681132842663, -0.12933939107782247, -0.16066704661066866, 1.2696074878760554e-10, 0.12934353004964017, 0.991599844309335, 7.634064699835186e-10, 0.0, 0.0, 0.0, 1.0]}, {"left_foot_pose": [0.9990830778464626, -0.042141400627257304, 0.0075568455067598446, 0.00890069283607, 0.04281358887144146, 0.9833434744949503, -0.17664259898491988, -0.015001156220762674, 1.2991814824549186e-05, 0.17680416714934333, 0.9842460496795711, 0.02343311353215647, 0.0, 0.0, 0.0, 1.0], "right_foot_pose": [0.9999680001711193, 0.007918318619043302, -0.001139677155664203, 0.014716447564144104, -0.007999914610283643, 0.9897687132308842, -0.14245664489769466, -0.1606670463283326, -3.118395038004355e-10, 0.1424612036293635, 0.9898003866742392, 3.245472293689211e-10, 0.0, 0.0, 0.0, 1.0]}, {"left_foot_pose": [0.9998612305717474, -0.016373093566702114, 0.0030726871965770252, 0.008406200515727127, 0.016658912907717056, 0.9825413588693958, -0.18529694744332723, -0.015024163905293736, 1.4842004608237485e-05, 0.18532242152027367, 0.9826777701065482, 0.02500000162623984, 0.0, 0.0, 0.0, 1.0], "right_foot_pose": [0.9999680001710389, 0.007910564933245316, -0.0011923071623313128, 0.014716447894121815, -0.007999914620321616, 0.9887995166335116, -0.14903528867822435, -0.16066704615061767, -5.826425396064449e-10, 0.14904005792997724, 0.9888311590621671, 1.4626917732574185e-10, 0.0, 0.0, 0.0, 1.0]}, {"left_foot_pose": [0.9999401191339873, 0.01075348434114017, -0.002029955869671455, 0.00788456841734389, -0.010943396118706126, 0.9828410589308152, -0.1841295602589222, -0.015048437208601991, 1.5089633545137004e-05, 0.18414074903258035, 0.9828998851958545, 0.025000001616447963, 0.0, 0.0, 0.0, 1.0], "right_foot_pose": [0.9999680001710836, 0.007910305021427077, -0.0011940302811167482, 0.014716448232539842, -0.00799991461480913, 0.9887670277316614, -0.14925068253395682, -0.16066704611070437, -6.514186888744823e-10, 0.14925545867794632, 0.9887986691206841, 1.5700035022048198e-10, 0.0, 0.0, 0.0, 1.0]}, {"left_foot_pose": [0.9992637054641351, 0.03777022077823172, -0.006742207683767651, 0.007366150899894121, -0.03836726143349081, 0.9837773285013329, -0.17524303460302168, -0.01507256101487657, 1.3862956534525358e-05, 0.17537268415903678, 0.9845021185648481, 0.025000001643994227, 0.0, 0.0, 0.0, 1.0], "right_foot_pose": [0.9999680001712669, 0.007917486090009857, -0.0011454464157891705, 0.014716448592258773, -0.007999914591852973, 0.9896646479657804, -0.14317781229398444, -0.16066704608761853, -5.133901615723489e-10, 0.14318239410200836, 0.9896963180790445, 3.9311492255889036e-10, 0.0, 0.0, 0.0, 1.0]}, {"left_foot_pose": [0.9979505919380011, 0.06325593791219504, -0.009659315164288019, 0.006881305718860944, -0.0639891860768799, 0.9865404963294563, -0.15047668645756798, -0.0150951280277613, 1.0761640586339858e-05, 0.15078639003862154, 0.9885663682643211, 0.02245972268262665, 0.0, 0.0, 0.0, 1.0], "right_foot_pose": [0.9999680001714097, 0.007936559070137584, -0.0010048200423988197, 0.014716448864451701, -0.007999914574005618, 0.9920487341020776, -0.12559980307816473, -0.16066704646230542, 1.9473433110798378e-10, 0.12560382238049658, 0.9920804805072062, 9.877703793792492e-10, 0.0, 0.0, 0.0, 1.0]}, {"left_foot_pose": [0.9962779487565557, 0.08557409970545596, -0.010359646761903797, 0.00646040022380753, -0.08619889077729154, 0.9890665489621525, -0.11965413888730922, -0.01511472022027821, 7.0848599499139435e-06, 0.12010177011060089, 0.992761585057614, 0.015838560742485498, 0.0, 0.0, 0.0, 1.0], "right_foot_pose": [0.9999680001716824, 0.007955518540384551, -0.000841639708489213, 0.014716449107785152, -0.007999914539875181, 0.9944186273365845, -0.10520263767310051, -0.1606670467748633, 6.691218765949399e-10, 0.10520600425249763, 0.9944504495796778, 1.8360774567405258e-09, 0.0, 0.0, 0.0, 1.0]}, {"left_foot_pose": [0.9946394170062742, 0.10303007607180135, -0.008788262744028478, 0.006133787002080463, -0.1034042074808137, 0.9910435934830307, -0.08449950113170447, -0.015129919637341773, 3.5614606858243004e-06, 0.08495527788713877, 0.9963847654126572, 0.007998176495391814, 0.0, 0.0, 0.0, 1.0], "right_foot_pose": [0.9999680001717985, 0.007975343757692892, -0.0006265176455744166, 0.014716449164917949, -0.007999914525392412, 0.9968967319037018, -0.07831288072408851, -0.16066704698892278, 1.2489230342836815e-09, 0.07831538681297251, 0.9969286334479187, 2.839949879429593e-09, 0.0, 0.0, 0.0, 1.0]}, {"left_foot_pose": [0.993477538971365, 0.11389389152649128, -0.005528203356689759, 0.005931823870565064, -0.11402797708651916, 0.9923097241072121, -0.048156327557507574, -0.015139312879864843, 9.784005360738463e-07, 0.048472599633417573, 0.9988245126566643, 0.0018172763372565834, 0.0, 0.0, 0.0, 1.0], "right_foot_pose": [0.9999680001715883, 0.007991603417473825, -0.0003645650171538137, 0.014716448963538848, -0.007999914551662875, 0.9989291409240837, -0.04556942812717744, -0.1606670469618586, 1.8218426929186038e-09, 0.04557088640228217, 0.9989611075074495, 3.775649938531078e-09, 0.0, 0.0, 0.0, 1.0]}, {"left_foot_pose": [0.9931633043033024, 0.11672522084866965, -0.001368869305822822, 0.005880354461043997, -0.11673324712928641, 0.9930950171254429, -0.011646285900233998, -0.015141701558079899, 1.99293687723546e-09, 0.011726456346501473, 0.9999312427469975, 4.62275433210646e-09, 0.0, 0.0, 0.0, 1.0], "right_foot_pose": [0.9999680001699196, 0.007999604141358273, -7.049647259937599e-05, 0.014716447287526638, -0.007999914760238409, 0.9999291758854033, -0.00881161602474049, -0.16066704677256505, 2.0397055491110257e-09, 0.00881189802029651, 0.9999611744729292, 4.163355452058148e-09, 0.0, 0.0, 0.0, 1.0]}, {"left_foot_pose": [0.9931633043075454, 0.11669436033323187, 0.0030128463845531623, 0.0058803517651133865, -0.11673324709318676, 0.992832456672723, 0.02563322063822084, -0.015141702536596907, 6.081041422777867e-10, -0.02580967345056181, 0.9996668748920197, 5.010751071010677e-09, 0.0, 0.0, 0.0, 1.0], "right_foot_pose": [0.9999680001678393, 0.007996536839227523, 0.0002324627081675174, 0.014716444530986576, -0.007999915020286776, 0.9995457341647122, 0.029057299819400854, -0.16066704666997003, 6.601529162518572e-10, -0.02905822967259447, 0.9995777204841526, 4.141141145275196e-09, 0.0, 0.0, 0.0, 1.0]}, {"left_foot_pose": [0.9931633042979149, 0.11651318962998074, 0.007164330973407446, 0.005880355218898365, -0.11673324717512272, 0.9912910597791674, 0.0609539482383847, -0.015141701747509005, 1.6865569470316122e-09, -0.061373540260801496, 0.9981148674154979, 3.7094353907973776e-09, 0.0, 0.0, 0.0, 1.0], "right_foot_pose": [0.9999680001699955, 0.007982971004252073, 0.0005203940474590764, 0.014716447863746067, -0.007999914750755547, 0.9978500629507053, 0.06504808400909408, -0.1606670469560938, 1.7355100776846796e-09, -0.06505016558948033, 0.9978819950058128, 3.662416807326263e-09, 0.0, 0.0, 0.0, 1.0]}, {"left_foot_pose": [0.9931633042910752, 0.11623620662852624, 0.010760821448406167, 0.005880356322998565, -0.11673324723331334, 0.9889344954004419, 0.09155278694523863, -0.015141701266013975, 1.1316099949897062e-09, -0.0921830140301605, 0.9957420810251599, 2.4091088915434433e-09, 0.0, 0.0, 0.0, 1.0], "right_foot_pose": [0.999934967151671, 0.011350337643821082, 0.0011096408236938391, 0.014158173114938697, -0.011404449248524977, 0.995209003095127, 0.09710292835821895, -0.16063210321584892, -2.1735148726211485e-06, -0.0971092683206648, 0.9952737261685857, 0.0022503004377107255, 0.0, 0.0, 0.0, 1.0]}, {"left_foot_pose": [0.9931633042914507, 0.11592812015581522, 0.013686561512196823, 0.0058803564983280895, -0.11673324723011957, 0.9863133044413382, 0.11644489887118532, -0.015141701201087671, 5.163356351164432e-10, -0.11724647729952385, 0.9931028464166504, 1.4195897790614254e-09, 0.0, 0.0, 0.0, 1.0], "right_foot_pose": [0.9997405144819108, 0.022595871935818745, 0.0028862215618873995, 0.01229269939188837, -0.022779457254207637, 0.9917140905609416, 0.12642886897417202, -0.16051535492826657, -5.536059073720351e-06, -0.12646180907430013, 0.9919714768152396, 0.008710106706543347, 0.0, 0.0, 0.0, 1.0]}, {"left_foot_pose": [0.9931633042935496, 0.1156472304927383, 0.015886128668696712, 0.005880356425442433, -0.11673324721226111, 0.9839235034970047, 0.13515875207126424, -0.015141701338461443, -2.2812168601193697e-11, -0.1360891521964183, 0.9906965946516934, 6.980099553910435e-10, 0.0, 0.0, 0.0, 1.0], "right_foot_pose": [0.999175797735255, 0.04011629192773448, 0.006197446416471884, 0.009370390241857656, -0.04059218071500621, 0.9874964125564832, 0.15232567102388248, -0.16033247277228183, -9.215016394879516e-06, -0.15245169172575496, 0.9883109235483734, 0.01655845941597179, 0.0, 0.0, 0.0, 1.0]}, {"left_foot_pose": [0.9931633042954806, 0.11543886220705266, 0.017335515372341022, 0.005880356167801732, -0.11673324719583318, 0.9821507124108497, 0.14749009156542559, -0.015141701532657294, -4.1582752413438153e-10, -0.1485053776911878, 0.988911600092141, 2.28131527557629e-10, 0.0, 0.0, 0.0, 1.0], "right_foot_pose": [0.9979995123077937, 0.06227424179639301, 0.010903771920330166, 0.005654677734199828, -0.06322162033620474, 0.9830784259568371, 0.1719297389641841, -0.16009994190203916, -1.246880018437224e-05, -0.17227514976604183, 0.9850488681368131, 0.02291665243277756, 0.0, 0.0, 0.0, 1.0]}, {"left_foot_pose": [0.9931633042992305, 0.11536510029760208, 0.017819781894269034, 0.005880355800106618, -0.1167332471639295, 0.9815231481831646, 0.1516102192702568, -0.01514170158664101, -2.725460678085835e-10, -0.15265386734025022, 0.9882797158629063, 2.113804270509334e-11, 0.0, 0.0, 0.0, 1.0], "right_foot_pose": [0.9960282195526993, 0.0875876374642682, 0.016005986945756976, 0.0014089946556312778, -0.08903811347157127, 0.9798312336958362, 0.17889373332657146, -0.15983424320014566, -1.4286476343423685e-05, -0.17960834957630134, 0.9837381971634391, 0.02500000056300524, 0.0, 0.0, 0.0, 1.0]}, {"left_foot_pose": [0.9931633042972022, 0.11538483546291162, 0.01769154438313681, 0.005880355554001997, -0.11673324718118494, 0.981691054243222, 0.1505191782510415, -0.015141701595297345, -2.4016340471648994e-10, -0.1515553158553976, 0.9884487777502541, 5.617982468120175e-11, 0.0, 0.0, 0.0, 1.0], "right_foot_pose": [0.9932013199642077, 0.11452109365546133, 0.02088198097193877, -0.0031032193726203724, -0.11640935445861986, 0.9771133581140045, 0.1780402976567395, -0.1595518618803891, -1.4692949170317264e-05, -0.17926071656425488, 0.9838016036178165, 0.02500000064433172, 0.0, 0.0, 0.0, 1.0]}, {"left_foot_pose": [0.9931633042940741, 0.11551397070743075, 0.016827762034221264, 0.005880355342704357, -0.11673324720780058, 0.9827897329242657, 0.14317014302910266, -0.015141701608993623, -4.7283396532843087e-11, -0.1441556916325337, 0.9895550194758992, 3.289255603999841e-10, 0.0, 0.0, 0.0, 1.0], "right_foot_pose": [0.9896196915299844, 0.14154517323939744, 0.024856187735197457, -0.007618532672946506, -0.14371105018962588, 0.9747216383767621, 0.17106975692247745, -0.15926928703571952, -1.3765653438607237e-05, -0.17286610891886742, 0.9849453325935187, 0.025000000872526136, 0.0, 0.0, 0.0, 1.0]}, {"left_foot_pose": [0.993163304290541, 0.11573854013095207, 0.015206621552827426, 0.005880355253907862, -0.11673324723785787, 0.9847003628330738, 0.12937752674138747, -0.01514170139401161, 3.1026684286986363e-10, -0.13026813027279308, 0.9914788017074453, 8.612833710119894e-10, 0.0, 0.0, 0.0, 1.0], "right_foot_pose": [0.9855578347158518, 0.167216315608481, 0.02672935136749402, -0.011873513233638671, -0.1693391694181957, 0.9732134395199457, 0.15549870365540913, -0.1