{"LoopMode": "Wrap", "FrameDuration": 0.0167, "EnableCycleOffsetPosition": true, "EnableCycleOffsetRotation": false, "Debug_info": [{"left_foot_pose": [1.0000000000000007, 1.0653576077208904e-13, -7.147837877141687e-12, 1.16470673275224e-12, -3.5497953148710374e-14, 0.9999510744081607, 0.009891854728310799, 4.265685027426969e-15, 7.148238638018885e-12, -0.00989185472831097, 0.9999510744081608, 1.5012678600268003e-11, 0.0, 0.0, 0.0, 1.0], "right_foot_pose": [1.0000000000000002, -1.707891383615104e-13, -7.20246084995324e-12, 6.120991297073451e-13, 6.601504268560228e-14, 0.9998940889845289, -0.01455372164770865, -0.1400000000018543, 7.204106675957492e-12, 0.014553721647708491, 0.9998940889845289, 1.2441693508780105e-11, 0.0, 0.0, 0.0, 1.0]}, {"left_foot_pose": [1.0000000000000007, 1.7188540355476663e-13, -1.5936696406981816e-11, 2.709117898198175e-12, -5.730293823687638e-14, 0.9999743030789121, 0.007168903810540839, 8.219327995995229e-13, 1.593717988675548e-11, -0.007168903810541011, 0.9999743030789124, 3.258100733649627e-11, 0.0, 0.0, 0.0, 1.0], "right_foot_pose": [1.0, -4.342872652799617e-13, -1.6034562566602514e-11, 1.65502042108799e-12, 1.5725257079076396e-13, 0.9998507338089032, -0.017277444886263562, -0.14000000000330837, 1.6039511063572316e-11, 0.017277444886263413, 0.9998507338089031, 2.8733265766689442e-11, 0.0, 0.0, 0.0, 1.0]}, {"left_foot_pose": [1.0000000000000007, 1.4265707725870988e-13, -2.7985169737121406e-11, 4.8749087724375075e-12, -4.7843137060410884e-14, 0.9999943005994836, 0.003376206236440281, 2.2746613620450162e-12, 2.7985136002044308e-11, -0.0033762062364404545, 0.9999943005994835, 5.655549639715929e-11, 0.0, 0.0, 0.0, 1.0], "right_foot_pose": [1.0, -9.11929073971943e-13, -2.8155255904493963e-11, 3.1889149078653256e-12, 3.1849888768226874e-13, 0.9997779541680786, -0.02107231262797908, -0.14000000000495755, 2.816784776076312e-11, 0.021072312627978932, 0.9997779541680787, 5.135347702633908e-11, 0.0, 0.0, 0.0, 1.0]}, {"left_foot_pose": [1.0000000000000007, -9.258343370976946e-14, -4.3124559478968656e-11, 7.653090832531842e-12, 2.968314658371409e-14, 0.9999989250486254, -0.001466254273501935, 4.469299930143222e-12, 4.312440759633825e-11, 0.0014662542735017611, 0.9999989250486256, 8.67344737698339e-11, 0.0, 0.0, 0.0, 1.0], "right_foot_pose": [0.9999999999999998, -1.7105202289205673e-12, -4.341726977941106e-11, 5.2229841763247584e-12, 5.846590237344885e-13, 0.9996640360187105, -0.025919396034285117, -0.14000000000664292, 4.344711905014122e-11, 0.025919396034284965, 0.9996640360187108, 8.000142215358608e-11, 0.0, 0.0, 0.0, 1.0]}, {"left_foot_pose": [1.0000000000000004, -6.729459889258642e-13, -6.152184317542719e-11, 1.1102033011771187e-11, 2.2118386520037423e-13, 0.9999730012742974, -0.0073482462176298925, 7.588887851461834e-12, 6.152485869017174e-11, 0.007348246217629719, 0.9999730012742973, 1.2360851231463243e-10, 0.0, 0.0, 0.0, 1.0], "right_foot_pose": [1.0, -2.978310868253484e-12, -6.201694713325876e-11, 7.820673318630996e-12, 1.0041211147402935e-12, 0.9994939403674531, -0.03180979674160232, -0.14000000000821197, 6.208005156443307e-11, 0.03180979674160218, 0.9994939403674531, 1.1501875840647102e-10, 0.0, 0.0, 0.0, 1.0]}, {"left_foot_pose": [1.0000000000000007, -1.782738347614778e-12, -8.371664472761606e-11, 1.5359179825681917e-11, 5.873329386638861e-13, 0.9998980210856536, -0.014281016385206282, 1.192218719581195e-11, 8.373332974670187e-11, 0.014281016385206105, 0.9998980210856536, 1.6845476402682635e-10, 0.0, 0.0, 0.0, 1.0], "right_foot_pose": [0.9999999999999999, -4.924670851248638e-12, -8.453143740538845e-11, 1.1112760404883327e-11, 1.6449034052725606e-12, 0.9992486881242603, -0.038756409559517375, -0.14000000000949428, 8.465878288199202e-11, 0.038756409559517244, 0.9992486881242602, 1.5748009840610422e-10, 0.0, 0.0, 0.0, 1.0]}, {"left_foot_pose": [1.0000000000000004, -3.680674007181719e-12, -1.10630171690218e-10, 2.0650168337048943e-11, 1.2129253476856445e-12, 0.9997513010192373, -0.022301033840233644, 1.7898143037098357e-11, 1.1068457340591096e-10, 0.022301033840233467, 0.9997513010192375, 2.2339954192096556e-10, 0.0, 0.0, 0.0, 1.0], "right_foot_pose": [0.9999999999999998, -7.851227172226046e-12, -1.1193745930171413e-10, 1.531023364908818e-11, 2.6042732818214544e-12, 0.9989043855620786, -0.04679774038183794, -0.1400000000102628, 1.1218207002214435e-10, 0.046797740381837795, 0.9989043855620787, 2.0923063281941268e-10, 0.0, 0.0, 0.0, 1.0]}, {"left_foot_pose": [1.0000000000000004, -6.740401152382205e-12, -1.435555008200139e-10, 2.7297816315944354e-11, 2.2196551441433156e-12, 0.9995046841525176, -0.031470404464778216, 2.6126628638323268e-11, 1.4369631399628902e-10, 0.031470404464778036, 0.9995046841525179, 2.9146916824540625e-10, 0.0, 0.0, 0.0, 1.0], "right_foot_pose": [1.0, -1.2194553971392287e-11, -1.4560758154757983e-10, 2.071852411300911e-11, 4.0216934938656104e-12, 0.9984308569640812, -0.05599842731694105, -0.14000000001017993, 1.460618397661476e-10, 0.055998427316940914, 0.9984308569640813, 2.728981485233817e-10, 0.0, 0.0, 0.0, 1.0]}, {"left_foot_pose": [1.0000000000000004, -1.1502735921358994e-11, -1.841414243308746e-10, 3.5734911540734345e-11, 3.7820387143606894e-12, 0.9991228501751614, -0.041875174720380284, 3.744438266395367e-11, 1.8446125391210768e-10, 0.041875174720380104, 0.9991228501751618, 3.7666340879649596e-10, 0.0, 0.0, 0.0, 1.0], "right_foot_pose": [0.9999999999999998, -1.85820826482116e-11, -1.873042276834268e-10, 2.7756566422992566e-11, 6.095158015557244e-12, 0.9977899109224196, -0.06644767611760456, -0.14000000000872845, 1.881248539757283e-10, 0.06644767611760442, 0.9977899109224199, 3.5190844682730926e-10, 0.0, 0.0, 0.0, 1.0]}, {"left_foot_pose": [1.0000000000000002, -1.8732318331357296e-11, -2.3427632056538497e-10, 4.6505526737465875e-11, 6.143635647045092e-12, 0.9985613735269508, -0.053620735727607206, 5.2939257144668517e-11, 2.3494376731505627e-10, 0.05362073572760702, 0.998561373526951, 4.838868195022883e-10, 0.0, 0.0, 0.0, 1.0], "right_foot_pose": [0.9999999999999999, -2.7891033855602372e-11, -2.390767583904106e-10, 3.6968040683982765e-11, 9.09667441579496e-12, 0.9969333908904012, -0.07825480258595455, -0.14000000000512888, 2.405258345961532e-10, 0.07825480258595438, 0.9969333908904011, 4.5034775908447955e-10, 0.0, 0.0, 0.0, 1.0]}, {"left_foot_pose": [1.0000000000000002, -2.944019630100998e-11, -2.956386802033246e-10, 6.021103825311693e-11, 9.619791254852864e-12, 0.9977649608407299, -0.06682127594185681, 7.386207097337394e-11, 2.969450256701073e-10, 0.06682127594185662, 0.9977649608407301, 6.182465164816797e-10, 0.0, 0.0, 0.0, 1.0], "right_foot_pose": [0.9999999999999998, -4.126236680762715e-11, -3.0281160912082307e-10, 4.8981547957149754e-11, 1.337020643527955e-11, 0.9958015121312308, -0.09153878105564994, -0.13999999999826887, 3.053169190615033e-10, 0.0915387810556498, 0.995801512131231, 5.722115836714892e-10, 0.0, 0.0, 0.0, 1.0]}, {"left_foot_pose": [1.0000000000000002, -4.475239910064052e-11, -3.6845160256149184e-10, 7.730650918544134e-11, 1.4546868191518537e-11, 0.9966671414393243, -0.08157578792243941, 1.0121210640423595e-10, 3.7087414715096954e-10, 0.08157578792243923, 0.9966671414393243, 7.827169676288825e-10, 0.0, 0.0, 0.0, 1.0], "right_foot_pose": [0.9999999999999998, -5.992897049637977e-11, -3.789615843352575e-10, 6.432596936657532e-11, 1.9265723237782442e-11, 0.9943229613949185, -0.10640417493143584, -0.13999999998675802, 3.8318666874014086e-10, 0.1064041749314357, 0.9943229613949186, 7.191549786234042e-10, 0.0, 0.0, 0.0, 1.0]}, {"left_foot_pose": [1.0000000000000004, -6.526703455597278e-11, -4.482578197517728e-10, 9.748703233182354e-11, 2.10637549594037e-11, 0.9951950381295813, -0.09791238983020623, 1.3442861407364504e-10, 4.5249440995432775e-10, 0.09791238983020607, 0.9951950381295814, 9.713038567893406e-10, 0.0, 0.0, 0.0, 1.0], "right_foot_pose": [0.9999999999999997, -8.443528618793435e-11, -4.631798278253991e-10, 8.28254447806791e-11, 2.6877620476947492e-11, 0.992420933181509, -0.12288487044035487, -0.13999999996944434, 4.700449113208709e-10, 0.12288487044035475, 0.9924209331815089, 8.84265209666335e-10, 0.0, 0.0, 0.0, 1.0]}, {"left_foot_pose": [1.0000000000000004, -8.893631972843543e-11, -5.179786044529051e-10, 1.1799520880782025e-10, 2.8430124482623514e-11, 0.9932888030890754, -0.1156605103649168, 1.6786663031842508e-10, 5.247885358989828e-10, 0.1156605103649166, 0.9932888030890755, 1.1506039801489898e-09, 0.0, 0.0, 0.0, 1.0], "right_foot_pose": [0.9999999999999998, -1.121153344520281e-10, -5.379250378467753e-10, 1.0187783759230402e-10, 3.525075837077621e-11, 0.9900360223817376, -0.14081432592796575, -0.13999999994731469, 5.483523417714943e-10, 0.14081432592796558, 0.9900360223817377, 1.0359103089219168e-09, 0.0, 0.0, 0.0, 1.0]}, {"left_foot_pose": [1.0000000000000004, -1.056394442878475e-10, -5.316602158522679e-10, 1.2964840318755966e-10, 3.3358401040692927e-11, 0.9909599712393428, -0.13415787491355813, 1.8320252259673708e-10, 5.410261210379844e-10, 0.13415787491355793, 0.990959971239343, 1.2181908051744905e-09, 0.0, 0.0, 0.0, 1.0], "right_foot_pose": [0.9999999999999998, -1.306940779353571e-10, -5.55058110585093e-10, 1.1238868388438662e-10, 4.047350169111295e-11, 0.9871935198612672, -0.15952728401098673, -0.1399999999285625, 5.687989528464904e-10, 0.1595272840109866, 0.987193519861267, 1.08269416349005e-09, 0.0, 0.0, 0.0, 1.0]}, {"left_foot_pose": [0.9999999932051363, 0.00011515381474740077, -1.8147382191693316e-05, -1.0692662981853968e-05, -0.0001165740897707358, 0.9884133941429488, -0.15178586458988333, 5.826826175538147e-06, 4.583942943737461e-07, 0.15178586567403327, 0.988413400850765, 0.0001638611480593924, 0.0, 0.0, 0.0, 1.0], "right_foot_pose": [0.9999999999999998, -1.1409217704811313e-10, -4.36840730255738e-10, 3.6711595953387706e-11, 3.487607911249242e-11, 0.9841738910851243, -0.1772053952518551, -0.13999999998781235, 4.5014482251302767e-10, 0.17720539525185497, 0.9841738910851243, 8.245470903278651e-10, 0.0, 0.0, 0.0, 1.0]}, {"left_foot_pose": [0.9999945821570526, 0.0032426909055649667, -0.0005662263092974864, -0.00030197970255348735, -0.0032917548082642177, 0.9852254653842948, -0.17123068273117112, 0.00016457471498237952, 2.6124014442142463e-06, 0.17123161890840022, 0.9852308017308352, 0.004191209074037791, 0.0, 0.0, 0.0, 1.0], "right_foot_pose": [1.0, -7.850502383754813e-11, -2.5573893003283346e-10, -1.6475054638528516e-10, 2.7951187161776173e-11, 0.9814010873598835, -0.19196850191851408, -0.1400000001401614, 2.6605272990640326e-10, 0.19196850191851397, 0.9814010873598835, 4.6329275138479176e-10, 0.0, 0.0, 0.0, 1.0]}, {"left_foot_pose": [0.9999478855137002, 0.01001728970591748, -0.0019698130947149147, -0.0009365977013600147, -0.010209125000399225, 0.9812495087891867, -0.1924712323120188, 0.0005104413919605512, 4.838037470847137e-06, 0.19248131184073056, 0.9813006392378769, 0.011469801954684423, 0.0, 0.0, 0.0, 1.0], "right_foot_pose": [1.0, -3.1174884527493435e-11, -4.3086312295770125e-11, -2.406191653615804e-10, 2.1783260096181792e-11, 0.9791950686852946, -0.20292120998653906, -0.1400000001281004, 4.8515685360814575e-11, 0.20292120998653895, 0.979195068685295, 2.1997088178737911e-10, 0.0, 0.0, 0.0, 1.0]}, {"left_foot_pose": [0.9997986864388507, 0.019606459269549514, -0.004263021236241489, -0.0018408555658168233, -0.020064559481440262, 0.9770451910298341, -0.21208514360579658, 0.0010032651082603136, 6.925668343936879e-06, 0.21212798363343552, 0.9772418935512583, 0.019120926126352272, 0.0, 0.0, 0.0, 1.0], "right_foot_pose": [1.0, 9.510095207014128e-12, 1.3885642635713672e-10, -2.04960734151557e-10, 1.9788597049327654e-11, 0.9778129464090664, -0.2094799318188272, -0.1400000000058373, -1.3776790369771177e-10, 0.20947993181882713, 0.9778129464090664, 8.018664204856307e-11, 0.0, 0.0, 0.0, 1.0]}, {"left_foot_pose": [0.9994861784402325, 0.031230357207524827, -0.007214145523265085, -0.002941060923735857, -0.03205275393459883, 0.9739013379999981, -0.22469714018434284, 0.0016028795479077103, 8.494026168063627e-06, 0.22481291918060334, 0.9744019454503097, 0.02426587770646646, 0.0, 0.0, 0.0, 1.0], "right_foot_pose": [0.9999999999999998, 2.639579743506745e-11, 2.449747626975805e-10, -5.2694134192625727e-11, 2.5940061523292213e-11, 0.9774414011418706, -0.2112067880865022, -0.13999999987796943, -2.450237016328053e-10, 0.21120678808650212, 0.9774414011418706, 5.233141697758015e-11, 0.0, 0.0, 0.0, 1.0]}, {"left_foot_pose": [0.9989703693262216, 0.04419607155093734, -0.010242483473145722, -0.004163512174447579, -0.045367401563803554, 0.9732236504803953, -0.225338689578517, 0.0022691148226729463, 9.142307913245933e-06, 0.22557134881247445, 0.9742266504830077, 0.025000001178504795, 0.0, 0.0, 0.0, 1.0], "right_foot_pose": [1.0, 8.167230706813212e-12, 2.439912161200652e-10, 1.6229614657142654e-10, 4.2708927860927625e-11, 0.978174385120763, -0.2077856402488334, -0.1399999998387116, -2.403630198580089e-10, 0.20778564024883328, 0.9781743851207629, 1.7480022290738972e-10, 0.0, 0.0, 0.0, 1.0]}, {"left_foot_pose": [0.9982460109676877, 0.05775657990135195, -0.013003040613593803, -0.005434512027373524, -0.0592022086287356, 0.9739036280483444, -0.21910459093262472, 0.0029618098591247706, 8.976616285600216e-06, 0.21949009260641317, 0.9756147288592203, 0.025000001284420974, 0.0, 0.0, 0.0, 1.0], "right_foot_pose": [0.9999999999999998, -4.449561073451657e-11, 1.284395367839866e-10, 3.6339408191747673e-10, 6.921056051082517e-11, 0.9799223591272197, -0.1993794625395121, -0.13999999979678068, -1.1698962649148712e-10, 0.19937946253951191, 0.9799223591272196, 4.4109399466307764e-10, 0.0, 0.0, 0.0, 1.0]}, {"left_foot_pose": [0.997350043680199, 0.0711720349312666, -0.015080842643844107, -0.006680369809209868, -0.07275225292872317, 0.9757100072244456, -0.20663274545886645, 0.0036408013377224116, 8.056107233772194e-06, 0.20718234298756283, 0.9783023442112793, 0.024910270275930207, 0.0, 0.0, 0.0, 1.0], "right_foot_pose": [0.9999999999999998, -1.2951873080816429e-10, -1.1916578834814035e-10, 5.840665371305127e-10, 1.0512098374612751e-10, 0.9825855534861919, -0.18581073725765873, -0.13999999980466787, 1.411564078249321e-10, 0.18581073725765856, 0.9825855534861918, 8.763855682825117e-10, 0.0, 0.0, 0.0, 1.0]}, {"left_foot_pose": [0.9963625483791828, 0.08376942146445485, -0.015631897352907046, -0.007827388365931179, -0.08521544547407901, 0.9794688443156021, -0.18269950976320082, 0.0042659201074672914, 6.324200008956176e-06, 0.18336702823182296, 0.9830445223475054, 0.02116383311480039, 0.0, 0.0, 0.0, 1.0], "right_foot_pose": [0.9999999999999999, -2.376199299602088e-10, -5.215687881587867e-10, 8.599348140787615e-10, 1.4744667690104126e-10, 0.9860368483174677, -0.16652727632479813, -0.1400000001133011, 5.53856032150412e-10, 0.16652727632479794, 0.9860368483174676, 1.541379732183934e-09, 0.0, 0.0, 0.0, 1.0]}, {"left_foot_pose": [0.9954012263182889, 0.0947031771240231, -0.014412039642727517, -0.008801870747853227, -0.09579352079677345, 0.9840778933483894, -0.14971406479137092, 0.004797009870245533, 4.1720145738706815e-06, 0.15040614370966568, 0.9886242925990553, 0.013996811475061266, 0.0, 0.0, 0.0, 1.0], "right_foot_pose": [0.9999999999999999, -3.303886219303181e-10, -1.0365480140883655e-09, 1.0119969232252357e-09, 1.8053980445576584e-10, 0.989957628113846, -0.14136440336664718, -0.14000000039846383, 1.0728437420802024e-09, 0.14136440336664702, 0.989957628113846, 2.4100220361034097e-09, 0.0, 0.0, 0.0, 1.0]}, {"left_foot_pose": [0.9946094767524752, 0.10301973315245011, -0.011786574369416802, -0.0095301280285699, -0.10369179692568363, 0.9881653781331367, -0.11303626280675964, 0.0051939111975707174, 2.119087746469231e-06, 0.11364910928024936, 0.9935209509392926, 0.0062879097952078175, 0.0, 0.0, 0.0, 1.0], "right_foot_pose": [1.0, -3.666196255049107e-10, -1.606398791764716e-09, 9.6795185815934e-10, 1.867662805752679e-10, 0.9938692905817225, -0.1105614455340743, -0.14000000052130418, 1.6370842520442112e-09, 0.11056144553407417, 0.9938692905817222, 3.3551358358252514e-09, 0.0, 0.0, 0.0, 1.0]}, {"left_foot_pose": [0.9941381171679018, 0.107805225744456, -0.00821202143488137, -0.009938465584627996, -0.10811754711220117, 0.9912667154390502, -0.075504270535639, 0.005416460049506954, 5.485851046022571e-07, 0.07594953696280803, 0.997111662671155, 0.0009158368190077953, 0.0, 0.0, 0.0, 1.0], "right_foot_pose": [0.9999999999999998, -3.0366745546256827e-10, -2.089393213999811e-09, 6.670405718819931e-10, 1.4623205318114972e-10, 0.9971879569310732, -0.07494116726894458, -0.14000000036134283, 2.1062746898652593e-09, 0.07494116726894445, 0.9971879569310734, 4.105590450942387e-09, 0.0, 0.0, 0.0, 1.0]}, {"left_foot_pose": [0.9940653792632794, 0.10870646249256888, -0.004114214688766353, -0.009999999952563267, -0.10878428999700954, 0.9933541961800773, -0.037595467562991564, 0.0054500004464613, 2.140544786287926e-09, 0.03781991464539804, 0.9992845711088586, 4.572664386026659e-09, 0.0, 0.0, 0.0, 1.0], "right_foot_pose": [0.9999999999999998, -1.4435764128206487e-10, -2.2403105481849638e-09, 4.1513975628708923e-10, 6.198318842308085e-11, 0.9993253811878953, -0.036725774514203946, -0.14000000020097653, 2.2441004989127558e-09, 0.03672577451420379, 0.9993253811878948, 4.307195718145085e-09, 0.0, 0.0, 0.0, 1.0]}, {"left_foot_pose": [0.9940653792592814, 0.10878425654212695, -8.536204495810159e-05, -0.009999999906289019, -0.10878429003354269, 0.9940650732303258, -0.0007800163367899722, 0.005450000277206317, 1.930183687395348e-09, 0.000784673285115955, 0.999999692143871, 4.034123576857063e-09, 0.0, 0.0, 0.0, 1.0], "right_foot_pose": [0.9999999999999998, -1.613919301819699e-11, -1.999141074904287e-09, 4.1019323876194256e-10, 1.8306652068690515e-11, 0.9999994122893907, 0.0010841682863402644, -0.1400000003221855, 1.99912224567057e-09, -0.0010841682863404155, 0.9999994122893907, 3.940572167182577e-09, 0.0, 0.0, 0.0, 1.0]}, {"left_foot_pose": [0.9940653792568038, 0.10872565719846763, 0.0035711664465638243, -0.009999999831624255, -0.10878429005618268, 0.9935295947130945, 0.032633152869549445, 0.00545000018500732, 1.4398922660288435e-09, -0.03282797429017596, 0.9994610168005575, 2.978375414353085e-09, 0.0, 0.0, 0.0, 1.0], "right_foot_pose": [0.9999999986136016, 5.2620987085059293e-05, 1.956746723097091e-06, -4.624330166093425e-06, -5.2657262847001855e-05, 0.9993774523980562, 0.035280375077137806, -0.1400072570653163, -9.904039385401483e-08, -0.035280375131262226, 0.9993774537833979, 3.740222042682151e-05, 0.0, 0.0, 0.0, 1.0]}, {"left_foot_pose": [0.9940653792542683, 0.10858250095804449, 0.006622858428596305, -0.009999999426536966, -0.10878429007935335, 0.992221439932263, 0.06051935533924832, 0.005450000447275767, 8.326145351778784e-10, -0.06088065886998474, 0.9981450522722427, 1.8580180172200755e-09, 0.0, 0.0, 0.0, 1.0], "right_foot_pose": [0.9999853299634553, 0.005403455068399692, 0.00037753304820017133, -0.0004757082574379882, -0.0054166275623518815, 0.9975782258976426, 0.06934221917968106, -0.14074655556091914, -1.9311827607962507e-06, -0.06934324688270632, 0.997592859892268, 0.003492990731939878, 0.0, 0.0, 0.0, 1.0]}, {"left_foot_pose": [0.9940653792548995, 0.10841272616089642, 0.008983461091186614, -0.009999999323004785, -0.10878429007358693, 0.9906700467016462, 0.08209041845029522, 0.005450000382619802, 2.371370397552292e-10, -0.0825805023871946, 0.9965843971412957, 9.785637369863487e-10, 0.0, 0.0, 0.0, 1.0], "right_foot_pose": [0.9998297225668092, 0.018347220302259826, 0.0019762032177137808, -0.0016207188513147194, -0.01845334239501051, 0.9941096267206858, 0.10679664889738603, -0.14254350352577833, -5.1409982223222665e-06, -0.10681493139275712, 0.9942789198233718, 0.01053849800229123, 0.0, 0.0, 0.0, 1.0]}, {"left_foot_pose": [0.9940653792566965, 0.10826663142778056, 0.010599918986569454, -0.009999999487149074, -0.10878429005716152, 0.989335040914281, 0.09686152515781368, 0.005450000162140194, -2.4047211661730815e-10, -0.09743979340300166, 0.9952414212951454, 3.7238186145760466e-10, 0.0, 0.0, 0.0, 1.0], "right_foot_pose": [0.9992947304280998, 0.0371460251482139, 0.005496776720890933, -0.003298562476821, -0.037550521327713256, 0.9885665019522692, 0.14603502855777653, -0.14517667524784464, -9.3084916565133e-06, -0.14613844132719478, 0.9892641486882108, 0.018295208523289697, 0.0, 0.0, 0.0, 1.0]}, {"left_foot_pose": [0.9940653792577869, 0.10818110192007996, 0.0114398841091222, -0.00999999984980812, -0.10878429004719757, 0.9885534769591383, 0.10453708160708619, 0.0054499999522195485, -5.323185741652027e-10, -0.10516117334528359, 0.9944551913588885, 5.492919313843103e-11, 0.0, 0.0, 0.0, 1.0], "right_foot_pose": [0.9981324510012693, 0.060056934373533065, 0.011170268208549907, -0.0053681459067839886, -0.06108690590313109, 0.9813438893255317, 0.18229800001815846, -0.14842464223490281, -1.3615425070960478e-05, -0.1826399066937226, 0.9831798738265181, 0.023884417741820527, 0.0, 0.0, 0.0, 1.0]}, {"left_foot_pose": [0.9940653792569428, 0.10817698214133745, 0.011478775960173248, -0.01000000029012369, -0.1087842900549111, 0.9885158306178934, 0.10489247282367822, 0.005449999886530467, -5.933398768622495e-10, -0.10551868627219521, 0.9944173202671958, 6.714265948781772e-11, 0.0, 0.0, 0.0, 1.0], "right_foot_pose": [0.9961704237151243, 0.08549448736768854, 0.018307909355421134, -0.007688377057955251, -0.08743275490617472, 0.9741270309511705, 0.2084035530881709, -0.15206596809059883, -1.6874446441501587e-05, -0.2092061667350977, 0.9778715557348314, 0.025000001571631895, 0.0, 0.0, 0.0, 1.0]}, {"left_foot_pose": [0.9940653792539831, 0.10825483154558671, 0.010719758190947035, -0.010000000694640174, -0.10878429008195833, 0.9892272141114608, 0.09795660821324628, 0.005449999847824485, -4.102772975497523e-10, -0.09854141417858707, 0.9951329507616985, 3.8960006054633567e-10, 0.0, 0.0, 0.0, 1.0], "right_foot_pose": [0.9933704999873662, 0.11194110266543263, 0.02615796798104336, -0.010118163010047898, -0.11495672841107792, 0.9673485995266791, 0.2258796971549104, -0.15587922240583058, -1.8651323671483433e-05, -0.22738926212075083, 0.9738039449110423, 0.025000000762703797, 0.0, 0.0, 0.0, 1.0]}, {"left_foot_pose": [0.9940653792496607, 0.10839934738967122, 0.009143481980215225, -0.010000001034583221, -0.10878429012145577, 0.9905477918825077, 0.08355267930748816, 0.0054499998541905756, 2.3970152015010016e-11, -0.08405149303957966, 0.996461412458013, 1.0413348031090841e-09, 0.0, 0.0, 0.0, 1.0], "right_foot_pose": [0.9898613380576381, 0.13797475068641077, 0.0337268378560029, -0.012516410113250151, -0.14203707639431432, 0.9615820225036328, 0.2349159060752983, -0.15964298114195788, -1.865738521607264e-05, -0.23732463456380912, 0.971430397651348, 0.024992550213392493, 0.0, 0.0, 0.0, 1.0]}, {"left_foot_pose": [0.9940653792458479, 0.10857714091753629, 0.006710160578014017, -0.010000001261818933, -0.108784290156296, 0.9921724595060712, 0.06131711680163099, 0.005450000298830124, 7.072584682925076e-10, -0.06168318302298946, 0.9980957794381027, 2.1118848961276804e-09, 0.0, 0.0, 0.0, 1.0], "right_foot_pose": [0.9859444384782933, 0.1625031129487713, 0.03881111330123788, -0.014742025195752725, -0.16707352862295832, 0.9589959428928018, 0.22893933158943952, -0.16313581185877643, -1.6346135345141963e-05, -0.23220577037856907, 0.9726666849109714, 0.021837792593762978, 0.0, 0.0, 0.0, 1.0]}, {"left_foot_pose": [0.9940653792458504, 0.10873089417480278, 0.0034079960024474237, -0.010000001193829473, -0.10878429015627573, 0.9935774489946029, 0.0311421107918732, 0.005450000765219936, 1.5785953300625766e-09, -0.03132803060082153, 0.9995091567858072, 3.59309697273158e-09, 0.0, 0.0, 0.0, 1.0], "right_foot_pose": [0.9820740495613947, 0.1842619950931755, 0.03972503420219667, -0.016653916151944427, -0.18849551992497962, 0.960030626052782, 0.20690731260377157, -0.16613628762284915, -1.2095235364683588e-05, -0.21068629334863215, 0.9775537251981188, 0.014923779026009526, 0.0, 0.0, 0.0, 1.0]}, {"left_foot_pose": [0.9940653792577737, 0.10878173487792236, -0.0007455991205062331, -0.010000000349010739, -0.108784290047318, 0.9940420304116714, -0.006813223462017676, 0.005450001113806541, 2.5953115897315766e-09, 0.006853899035722562, 0.9999765117581556, 5.351060317071443e-09, 0.0, 0.0, 0.0, 1.0], "right_foot_pose": [0.9788118112762219, 0.20149815290912415, 0.03641335579664874, -0.018110989027613253, -0.20476190577428424, 0.9632164076442656, 0.17403078460019275, -0.16842298689703636, -7.060114456136155e-06, -0.17779945562089566, 0.9840667424169296, 0.007129214121840796, 0.0, 0.0, 0.0, 1.0]}, {"left_foot_pose": [0.994065379272844, 0.10863832036881385, -0.005633567127563491, -0.009999999810795229, -0.10878428990960833, 0.9927315185883955, -0.05147922173111577, 0.005450001181226774, 3.4668535998416704e-09, 0.051786555674442354, 0.9986581760799735, 7.190308536075829e-09, 0.0, 0.0, 0.0, 1.0], "right_foot_pose": [0.9767570424340871, 0.21233043305131177, 0.029350762437407894, -0.018972151462726978, -0.21434943445174906, 0.9675582826371553, 0.1337358951458192, -0.1697744831068489, -2.37276721292912e-06, -0.13691879673909177, 0.9905822747727163, 0.001332807105506699, 0.0, 0.0, 0.0, 1.0]}, {"left_foot_pose": [0.9940653793189901, 0.10822587448278607, -0.011008257438379312, -0.009999996798839101, -0.10878428948792801, 0.9889626140305228, -0.10059287455144475, 0.005450000936090105, 3.237113145027921e-09, 0.10119341946170358, 0.9948667709083711, 8.135476431414546e-09, 0.0, 0.0, 0.0, 1.0], "right_foot_pose": [0.9763319564522136, 0.21541210230946758, 0.019327105029174254, -0.019145546356141623, -0.21627739320186296, 0.9724258088083593, 0.08724755327924809, -0.17004661517420225, 3.1333210874788182e-09, -0.08936259028264562, 0.9959991603701158, 8.373418243501352e-09, 0.0, 0.0, 0.0, 1.0]}, {"left_foot_pose": [0.9940653793439856, 0.10754913088797932, -0.01634643798934576, -0.009999994387085058, -0.1087842892595211, 0.9827785663099058, -0.1493729159257063, 0.005450000709035868, 1.6054299027758125e-09, 0.15026467997200002, 0.9886458040941224, 8.363219755613827e-09, 0.0, 0.0, 0.0, 1.0], "right_foot_pose": [0.9763319564313719, 0.21610808430745937, 0.008556094193586073, -0.019145544078043534, -0.2162773932959463, 0.9755676516969966, 0.03862442376939724, -0.17004661461106677, 1.5081487613409783e-09, -0.039560748973793546, 0.9992171671566856, 8.126139837416613e-09, 0.0, 0.0, 0.0, 1.0]}, {"left_foot_pose": [0.9940653792942785, 0.10667093812571508, -0.02133852497017383, -0.009999999259210643, -0.10878428971373943, 0.9747536843731073, -0.19499034107496416, 0.005450001089317046, 3.225844830578854e-09, 0.196154443641824, 0.9805730132119522, 7.965203274729049e-09, 0.0, 0.0, 0.0, 1.0], "right_foot_pose": [0.9763319564862648, 0.21626958503137567, -0.0018377524476608437, -0.01914554910901097, -0.21627739304814605, 0.9762967092095285, -0.008296073947523363, -0.1700466143366644, 3.1969724948685954e-09, 0.00849718641678803, 0.9999638982598316, 6.398135077301248e-09, 0.0, 0.0, 0.0, 1.0]}, {"left_foot_pose": [0.9936664681645865, 0.1092566336104442, -0.026266671990021556, -0.009519309400778898, -0.11236970241776055, 0.9661482815569923, -0.23222951583081636, 0.004331863768792436, 4.884880721815358e-06, 0.23371026091420244, 0.9723062860639926, 0.002844456696965876, 0.0, 0.0, 0.0, 1.0], "right_foot_pose": [0.9763319565062223, 0.2159929071751135, -0.011089398305376709, -0.01914554998416224, -0.21627739295805384, 0.9750477148324193, -0.05006039447851433, -0.1700466145128633, 2.3387766350928527e-09, 0.05127394903964139, 0.9986846259705212, 4.559662501735229e-09, 0.0, 0.0, 0.0, 1.0]}, {"left_foot_pose": [0.9924786968989696, 0.11821071363393218, -0.031816086872539, -0.008171081528438554, -0.12241746649513918, 0.9583942455968301, -0.25786514674107314, 0.0011957533748441322, 9.931558469054454e-06, 0.25982050956196695, 0.9656569280610611, 0.00961703679753223, 0.0, 0.0, 0.0, 1.0], "right_foot_pose": [0.9763319565126929, 0.21546284776448785, -0.01875291778135774, -0.01914555042848008, -0.2162773929288431, 0.9726548900719686, -0.08465550263857342, -0.17004661440535607, 1.5057138743207379e-09, 0.0867077046882447, 0.9962337948231309, 2.9470708165502124e-09, 0.0, 0.0, 0.0, 1.0]}, {"left_foot_pose": [0.9904898852573905, 0.13235215429690697, -0.0375858278579882, -0.006132523625038244, -0.1375855624844253, 0.952842119899395, -0.2704849488261254, -0.0035461343511253227, 1.409421235299719e-05, 0.27308387319392385, 0.9619902276025256, 0.017439491731089378, 0.0, 0.0, 0.0, 1.0], "right_foot_pose": [0.976331956511304, 0.2148489689367358, -0.024815947324875576, -0.019145550602149987, -0.21627739293511342, 0.9698836824377568, -0.11202558567651845, -0.17004661410715194, 7.974977272842779e-10, 0.11474128763351903, 0.9933954081392778, 1.7056309697949246e-09, 0.0, 0.0, 0.0, 1.0]}, {"left_foot_pose": [0.9876739995281104, 0.1507201042969409, -0.04223175128818092, -0.0035809111513101315, -0.15652498326248446, 0.9510735197345009, -0.2663814739701456, -0.009481443139142294, 1.645680264897573e-05, 0.2697083799598147, 0.9629420488838498, 0.02343311548438809, 0.0, 0.0, 0.0, 1.0], "right_foot_pose": [0.9763319565063676, 0.2142802304699137, -0.029323941314366046, -0.01914555056641786, -0.21627739295739556, 0.9673162498738255, -0.13237583626021393, -0.17004661375533173, 2.412463927501865e-10, 0.13558486478880785, 0.9907657364080575, 8.488790781413513e-10, 0.0, 0.0, 0.0, 1.0]}, {"left_foot_pose": [0.9840509559661579, 0.17241500500251403, -0.0437810702481636, -0.0006935149978191777, -0.1778868061298019, 0.953804132940172, -0.24210320153022785, -0.016197819709590923, 1.63410442833459e-05, 0.24602996166367808, 0.9692622233929992, 0.025000003813664746, 0.0, 0.0, 0.0, 1.0], "right_foot_pose": [0.9763319565012593, 0.2138482680282203, -0.03232381437506652, -0.019145550385897776, -0.21627739298045756, 0.9653662595975807, -0.14591803903614273, -0.17004661357087103, -1.4276900892554002e-10, 0.14945535484520778, 0.988768474875738, 3.525760863820615e-10, 0.0, 0.0, 0.0, 1.0]}, {"left_foot_pose": [0.9797283967945266, 0.19585642582999785, -0.04210141298728982, 0.002352388440390901, -0.20033039787098875, 0.9578631077560791, -0.20583002329280858, -0.023282895257732462, 1.4257594292677953e-05, 0.21009171154751768, 0.9776816826225994, 0.0250000055948014, 0.0, 0.0, 0.0, 1.0], "right_foot_pose": [0.976331956498191, 0.21360233851132865, -0.03391093780634849, -0.019145550144483943, -0.21627739299430776, 0.9642560700914663, -0.15308272460126662, -0.1700466136349098, -3.3825067681676827e-10, 0.1567937252387774, 0.9876313723883761, 6.97812641003992e-11, 0.0, 0.0, 0.0, 1.0]}, {"left_foot_pose": [0.974925392489899, 0.2193894075495132, -0.037266163385714514, 0.005379522244151997, -0.22253197289062607, 0.9611658679473394, -0.16321671279144243, -0.03032430899444755, 1.0946354203796588e-05, 0.16741703063939525, 0.9858861687497529, 0.025000006767241116, 0.0, 0.0, 0.0, 1.0], "right_foot_pose": [0.9763319564978125, 0.21356058517238374, -0.03417290128131559, -0.019145549884242684, -0.21627739299601667, 0.9640675847188944, -0.15426529542681977, -0.1700466137087779, -3.620273119186984e-10, 0.15800496370401304, 0.9874383177925058, 1.4440351692179831e-11, 0.0, 0.0, 0.0, 1.0]}, {"left_foot_pose": [0.9699781631322154, 0.2416133982222353, -0.027664577462133074, 0.008210614174192065, -0.24319202906686183, 0.9636848871792052, -0.11031353144898379, -0.036909710699952414, 6.708007171589222e-06, 0.11372952132980645, 0.9935117492677665, 0.022459727103025476, 0.0, 0.0, 0.0, 1.0], "right_foot_pose": [0.9763319564970997, 0.21386432853552695, -0.03221738199471555, -0.01914554977165498, -0.2162773929992342, 0.9654387608914842, -0.1454375750821307, -0.17004661389572698, 1.3370587359274067e-11, 0.14896324361520794, 0.988842733730514, 2.8709119109793235e-10, 0.0, 0.0, 0.0, 1.0]}, {"left_foot_pose": [0.9653282050716379, 0.2605346336663077, -0.016222242555634904, 0.010668382516021644, -0.261039185725081, 0.9634630816156577, -0.05997861185162829, -0.042626721683178735, 3.0261367907726867e-06, 0.06213368670877829, 0.9980678358542665, 0.01583856447307845, 0.0, 0.0, 0.0, 1.0], "right_foot_pose": [0.976331956501099, 0.21423046073721339, -0.029685356778337463, -0.01914554971561935, -0.21627739298118023, 0.9670915763533495, -0.13400735887128717, -0.17004661408835747, 2.482008466337965e-10, 0.13725593844608366, 0.9905356164021993, 7.034526711136024e-10, 0.0, 0.0, 0.0, 1.0]}, {"left_foot_pose": [0.9614935874879017, 0.27478963096286346, -0.0045541118716540116, 0.012575548583711115, -0.2748273662125391, 0.9613616037048203, -0.01593065292996735, -0.04706297718152987, 5.700527609388211e-07, 0.016568815207782684, 0.9998627277593091, 0.00799817920101431, 0.0, 0.0, 0.0, 1.0], "right_foot_pose": [0.9763319565043279, 0.21471085974932494, -0.025983791373409955, -0.01914554970227552, -0.2162773929666047, 0.9692602216635563, -0.11729753617311425, -0.17004661416231012, 5.480440463214099e-10, 0.12014103964266289, 0.9927568335668006, 1.1938629945751345e-09, 0.0, 0.0, 0.0, 1.0]}, {"left_foot_pose": [0.9590238635486984, 0.2832665071475824, 0.005771921043929003, 0.013754839440437237, -0.2833253062188604, 0.9588248600447451, 0.019536084975371123, -0.049806120493475, -3.428328230007806e-07, -0.0203709029889386, 0.9997924916257868, 0.0018172768403028339, 0.0, 0.0, 0.0, 1.0], "right_foot_pose": [0.9763319565046595, 0.2152255429443192, -0.0213043744828717, -0.019145549723558027, -0.21627739296510717, 0.9715836344862836, -0.09617343963195041, -0.17004661401410642, 8.289160978812228e-10, 0.09850485705155258, 0.9951365700933984, 1.6532999275176152e-09, 0.0, 0.0, 0.0, 1.0]}, {"left_foot_pose": [0.9583824781764227, 0.28515323919546376, 0.01380781303301124, 0.014055363631890729, -0.28548734739812875, 0.9572608750801299, 0.04635290191999859, -0.05050516333611445, 9.416736998037089e-10, -0.048365764928920765, 0.9988296915805224, 1.8322717995622462e-09, 0.0, 0.0, 0.0, 1.0], "right_foot_pose": [0.9763319564936765, 0.21568147388942854, -0.016044081466802067, -0.01914555023841729, -0.21627739301468749, 0.9736418241138889, -0.07242711927827677, -0.17004661346342295, 9.100648843282126e-10, 0.07418288318111592, 0.9972446539555561, 1.9537099785194023e-09, 0.0, 0.0, 0.0, 1.0]}, {"left_foot_pose": [0.9583824781730048, 0.284706066680638, 0.021106423813901144, 0.014055362447122018, -0.2854873474096038, 0.9557597147020293, 0.07085437334226191, -0.050505163180305075, 3.3864220829642277e-10, -0.0739312068610859, 0.9972633436821311, 1.8117789213345503e-09, 0.0, 0.0, 0.0, 1.0], "right_foot_pose": [0.9763319564834352, 0.21601706411902896, -0.010608428659493704, -0.01914555131340174, -0.2162773930609211, 0.9751567645365902, -0.04788918280051559, -0.17004661284304395, 2.967822612504808e-10, 0.049050102832968186, 0.9987963192824026, 2.0681959547741435e-09, 0.0, 0.0, 0.0, 1.0]}, {"left_foot_pose": [0.9583824781751574, 0.2841238945600769, 0.0278682268337942, 0.014055363806685504, -0.28548734740237675, 0.9538053597959134, 0.09355378184629086, -0.050505163482970225, 7.269105000740263e-10, -0.09761633144409398, 0.9952241214095435, 1.3715262051072763e-09, 0.0, 0.0, 0.0, 1.0], "right_foot_pose": [0.9763319564921416, 0.21620691260007047, -0.005521021297916481, -0.01914555010578185, -0.21627739302161586, 0.9760137897664152, -0.024923311448791674, -0.17004661362488818, 7.002472293878175e-10, 0.025527497522191862, 0.9996741203363495, 1.4717187052371017e-09, 0.0, 0.0, 0.0, 1.0]}, {"left_foot_pose": [0.9583824781725673, 0.28351636766213006, 0.033488726453562274, 0.014055364404854269, -0.28548734741107085, 0.9517658889492909, 0.11242182662079997, -0.05050516349039437, 4.266162359673495e-10, -0.11730371648093152, 0.9930960870428208, 9.133723707921426e-10, 0.0, 0.0, 0.0, 1.0], "right_foot_pose": [0.9757183480034376, 0.2190288930217153, -0.0002222411407500808, -0.019259619032741728, -0.21902900577193496, 0.9757178458081942, -0.0009899504910576631, -0.17085031362720415, 1.6886899944204804e-08, 0.0010145901138399604, 0.9999994853033181, 0.0022503013501086813, 0.0, 0.0, 0.0, 1.0]}, {"left_foot_pose": [0.9583824781740493, 0.28297055862718723, 0.03782444288005379, 0.014055364517830817, -0.28548734740609555, 0.9499336053987617, 0.1269768475161576, -0.05050516355721166, 7.711704339877677e-11, -0.13249078565820363, 0.9911842370193714, 5.478207124043344e-10, 0.0, 0.0, 0.0, 1.0], "right_foot_pose": [0.9736117481069513, 0.22809163747580494, 0.007373524376613708, -0.019640787157543825, -0.22821078841007464, 0.9731035827428421, 0.03145239746500183, -0.17353588919105867, -1.1741479923266563e-06, -0.03230514148940313, 0.9994780527014946, 0.008710108663865936, 0.0, 0.0, 0.0, 1.0]}, {"left_foot_pose": [0.9583824781757208, 0.28257690211788117, 0.0406610368193733, 0.014055364367841137, -0.2854873474004843, 0.9486120986604664, 0.1364993067719443, -0.05050516369832134, -2.2208205479134933e-10, -0.14242675543748037, 0.989805344163969, 2.843576346611698e-10, 0.0, 0.0, 0.0, 1.0], "right_foot_pose": [0.9701380781777367, 0.24189268665017624, 0.017889589563965743, -0.020237899125189907, -0.2425533121933693, 0.9674969032784683, 0.07153763268797916, -0.17774291578035226, -3.692336571016543e-06, -0.07374056069582088, 0.9972774587318379, 0.016558461980125262, 0.0, 0.0, 0.0, 1.0]}, {"left_foot_pose": [0.9583824781751306, 0.2824034504895461, 0.041848735685744015, 0.01405536402164244, -0.28548734740246656, 0.9480298207492428, 0.1404864172910069, -0.05050516379147387, -4.0084404604795203e-10, -0.14658700529637073, 0.9891977809711479, 1.5500185163164204e-10, 0.0, 0.0, 0.0, 1.0], "right_foot_pose": [0.9654162939032677, 0.2588375661325247, 0.03121688364763441, -0.020997125470982106, -0.26071321296514155, 0.9584741019548735, 0.1155682329500262, -0.18309215064662626, -7.174380974850438e-06, -0.11971010918209772, 0.9928088888140246, 0.022916655978206163, 0.0, 0.0, 0.0, 1.0]}, {"left_foot_pose": [0.9583824781735564, 0.28256794630903137, 0.04072322738451053, 0.014055363702500096, -0.2854873474077511, 0.9485820339233196, 0.13670808091691178, -0.05050516365412549, -1.9178051791230987e-10, -0.14264459553938766, 0.9897739738765642, 2.2181314424107867e-10, 0.0, 0.0, 0.0, 1.0], "right_foot_pose": [0.9596050557426734, 0.27771850099679285, 0.04506185967306232, -0.021864634762251183, -0.28135055870169634, 0.9472231671194918, 0.1536558973497677, -0.18920434404579023, -1.0551954517888315e-05, -0.16012715533666805, 0.9870963955016973, 0.025000005036317365, 0.0, 0.0, 0.0, 1.0]}, {"left_foot_pose": [0.9583824781650891, 0.2829326765062262, 0.03810677251049134, 0.014055363482368277, -0.28548734743617454, 0.9498064348481908, 0.12792462927375192, -0.05050516363134556, 9.728383301686323e-12, -0.13347972462510269, 0.9910515441257371, 5.846029355049964e-10, 0.0, 0.0, 0.0, 1.0], "right_foot_pose": [0.9529455589350342, 0.29736433518900207, 0.058900032797934536, -0.02278660506167051, -0.30314148764510807, 0.9347931538340519, 0.18511347334350575, -0.19570023682596718, -1.320248479160752e-05, -0.19425810588644443, 0.980950451410827, 0.025000004135931272, 0.0, 0.0, 0.0, 1.0]}, {"left_foot_pose": [0.9583824781548779, 0.28350675266526787, 0.03357002768707473, 0.01405536329797108, -0.2854873474704548, 0.951733611152691, 0.11269475514212235, -0.05050516360610806, 3.9563490450814454e-10, -0.11758849686705719, 0.9930624076081761, 1.2280330571878828e-09, 0.0, 0.0, 0.0, 1.0], "right_foot_pose": [0.9457862421715368, 0.31683476152350104, 0.07144311030035837, -0.023709208360325456, -0.32478975339091276, 0.9226311862957947, 0.20799834174022733, -0.2022005911531909, -1.4536606532337987e-05, -0.21992596018833405, 0.9755165666578534, 0.025000002753183155, 0.0, 0.0, 0.0, 1.0]}, {"left_foot_pose": [0.9583824781460233, 0.28421164183610775, 0.026958639199933902, 0.014055363192045617, -0.28548734750017907, 0.9540999274129519, 0.09050029241893294, -0.050505163213280475, 9.912238253837423e-10, -0.09443024491880032, 0.9955314805894269, 2.2245000494414136e-09, 0.0, 0.0, 0.0, 1.0], "right_foot_pose": [0.9385896918121313, 0.33566770429742687, 0.07985350784845646, -0.02457861432709136, -0.34503534634814725, 0.913116516844187, 0.21718387701842337, -0.20832616113509864, -1.3943535183589755e-05, -0.23139883093489264, 0.97285897274