{"LoopMode": "Wrap", "FrameDuration": 0.0167, "EnableCycleOffsetPosition": true, "EnableCycleOffsetRotation": false, "Debug_info": [{"left_foot_pose": [1.0000000000000002, 1.1357122135683749e-13, -8.629763570411347e-12, 1.5315206733794877e-12, -2.9974580336826144e-14, 0.9999534534272204, 0.009648366648115038, 4.0169256809718945e-14, 8.630055741920738e-12, -0.00964836664811521, 0.9999534534272203, 1.8042373151061497e-11, 0.0, 0.0, 0.0, 1.0], "right_foot_pose": [0.9999999999999998, -1.963189226803802e-13, -8.692102593244043e-12, 1.432506683119256e-12, 6.774186122495219e-14, 0.9998905124312364, -0.014797403488430819, -0.14000000000220153, 8.693972925380976e-12, 0.014797403488430668, 0.9998905124312363, 1.506543501061941e-11, 0.0, 0.0, 0.0, 1.0]}, {"left_foot_pose": [1.0000000000000004, 1.7473445959619117e-13, -1.925870574126521e-11, 3.2286947922825794e-12, -4.630787715607531e-14, 0.9999778801721673, 0.006651252993194765, 1.0046598969415399e-12, 1.9259194393409578e-11, -0.006651252993194938, 0.9999778801721677, 3.9260608653002294e-11, 0.0, 0.0, 0.0, 1.0], "right_foot_pose": [1.0, -5.206995897785661e-13, -1.9373669335465135e-11, 3.2034095236021364e-12, 1.759142718923927e-13, 0.9998416450812232, -0.01779563882734953, -0.1400000000039812, 1.9379899823232888e-11, 0.017795638827349382, 0.9998416450812231, 3.46851575239171e-11, 0.0, 0.0, 0.0, 1.0]}, {"left_foot_pose": [1.0000000000000004, 1.0247540403290661e-13, -3.3828495560328526e-11, 5.492849234584304e-12, -1.834270856249217e-14, 0.9999969315834341, 0.0024772613340866743, 2.7255610962617638e-12, 3.382835978521292e-11, -0.002477261334086847, 0.9999969315834343, 6.824026760332558e-11, 0.0, 0.0, 0.0, 1.0], "right_foot_pose": [0.9999999999999999, -1.1235368551571424e-12, -3.4035607665572336e-11, 5.6298623326449055e-12, 3.754846171646413e-13, 0.9997585750814169, -0.021972518089084694, -0.14000000000600496, 3.405192786162483e-11, 0.021972518089084545, 0.9997585750814169, 6.188522611028091e-11, 0.0, 0.0, 0.0, 1.0]}, {"left_foot_pose": [1.0000000000000007, -2.511384160692358e-13, -5.212902332019099e-11, 8.279979810186022e-12, 1.0284362588041564e-13, 0.9999959355666553, -0.002851113847356518, 5.348863713061647e-12, 5.212916283084361e-11, 0.0028511138473563432, 0.9999959355666557, 1.0473533151866832e-10, 0.0, 0.0, 0.0, 1.0], "right_foot_pose": [0.9999999999999998, -2.1473230972449885e-12, -5.2496451630190664e-11, 8.675318954333245e-12, 7.130820316954446e-13, 0.999627099214765, -0.02730682177541458, -0.1400000000080601, 5.253525220937147e-11, 0.027306821775414433, 0.9996270992147653, 9.629126662691334e-11, 0.0, 0.0, 0.0, 1.0]}, {"left_foot_pose": [1.0000000000000007, -1.0713597971048041e-12, -7.435535520627921e-11, 1.1607115785776668e-11, 3.785083465858349e-13, 0.9999565495403162, -0.009321964998114043, 9.113950913408608e-12, 7.436183213381241e-11, 0.00932196499811387, 0.9999565495403164, 1.4934198322436032e-10, 0.0, 0.0, 0.0, 1.0], "right_foot_pose": [1.0, -3.788642587410331e-12, -7.498857090837416e-11, 1.2372260323544505e-11, 1.2528112044709244e-12, 0.9994290139675418, -0.03378825298631644, -0.14000000000993768, 7.507362222547839e-11, 0.03378825298631631, 0.9994290139675415, 1.3830249445678788e-10, 0.0, 0.0, 0.0, 1.0]}, {"left_foot_pose": [1.0000000000000007, -2.6038833444245897e-12, -1.0115303039626153e-10, 1.555761065401306e-11, 8.896247975901896e-13, 0.9998563921715694, -0.01694682960478349, 1.4389987465501797e-11, 1.0118223206119932e-10, 0.016946829604783307, 0.9998563921715697, 2.036166513175175e-10, 0.0, 0.0, 0.0, 1.0], "right_foot_pose": [1.0, -6.3242229205151426e-12, -1.0220813084771403e-10, 1.6831123603388517e-11, 2.08433966065752e-12, 0.9991413949044516, -0.04143033898469089, -0.14000000001140242, 1.0238224371653031e-10, 0.04143033898469074, 0.9991413949044519, 1.8919916328075104e-10, 0.0, 0.0, 0.0, 1.0]}, {"left_foot_pose": [1.0000000000000004, -5.1933401336625095e-12, -1.3362549955431283e-10, 2.0281817994611965e-11, 1.7491247511566176e-12, 0.9996680336540563, -0.025764752865754567, 2.1720023349325324e-11, 1.337145193267284e-10, 0.02576475286575438, 0.9996680336540567, 2.7015838177657514e-10, 0.0, 0.0, 0.0, 1.0], "right_foot_pose": [0.9999999999999999, -1.0152133386234878e-11, -1.3533346665539617e-10, 2.2244056271993078e-11, 3.335528269587607e-12, 0.9987354336950957, -0.05027458087213882, -0.14000000001214036, 1.3567264797423796e-10, 0.050274580872138666, 0.9987354336950955, 2.511910818236984e-10, 0.0, 0.0, 0.0, 1.0]}, {"left_foot_pose": [1.0000000000000002, -9.33677353049553e-12, -1.7332907331635268e-10, 2.599673115982912e-11, 3.118534970164624e-12, 0.9993574442122974, -0.03584269378082035, 3.1873002501181524e-11, 1.7355192015094284e-10, 0.03584269378082016, 0.9993574442122974, 3.526859984614994e-10, 0.0, 0.0, 0.0, 1.0], "right_foot_pose": [1.0, -1.584862923543048e-11, -1.7602413970863032e-10, 2.8887065032688454e-11, 5.189507838465887e-12, 0.9981747988234412, -0.060390984375010934, -0.14000000001168825, 1.766597972079761e-10, 0.06039098437501078, 0.9981747988234412, 3.2743870809204267e-10, 0.0, 0.0, 0.0, 1.0]}, {"left_foot_pose": [1.0000000000000004, -1.5752674202214663e-11, -2.2225338236481184e-10, 3.298668400957308e-11, 5.228678642767245e-12, 0.9988819752953024, -0.04727366529216578, 4.590232360879298e-11, 2.2274906970375116e-10, 0.0472736652921656, 0.9988819752953025, 4.561584512896566e-10, 0.0, 0.0, 0.0, 1.0], "right_foot_pose": [1.0000000000000002, -2.4242825426118555e-11, -2.264215481773134e-10, 3.712441882917606e-11, 7.905837501416404e-12, 0.9974135500985082, -0.07187635271694705, -0.14000000000934235, 2.2757812725001073e-10, 0.07187635271694688, 0.9974135500985081, 4.220922361630741e-10, 0.0, 0.0, 0.0, 1.0]}, {"left_foot_pose": [1.0000000000000004, -2.5457596603804304e-11, -2.8270497054450015e-10, 4.159441307210345e-11, 8.400927363495554e-12, 0.9981880314115785, -0.060171870061339026, 6.51783228083902e-11, 2.837242014073544e-10, 0.06017187006133886, 0.9981880314115784, 5.867667254855213e-10, 0.0, 0.0, 0.0, 1.0], "right_foot_pose": [1.0, -3.6498282801066004e-11, -2.8904506566007605e-10, 4.740029778412856e-11, 1.1841380341007144e-11, 0.9963937718754149, -0.08484958083505227, -0.14000000000405033, 2.910994465150227e-10, 0.0848495808350521, 0.9963937718754151, 5.401795330484127e-10, 0.0, 0.0, 0.0, 1.0]}, {"left_foot_pose": [1.0000000000000002, -3.9803544050152805e-11, -3.5682101717782127e-10, 5.2164422575078875e-11, 1.305188825932226e-11, 0.9972089133723521, -0.07466179137104606, 9.12861956164912e-11, 3.587966279151838e-10, 0.07466179137104591, 0.9972089133723522, 7.512593463987471e-10, 0.0, 0.0, 0.0, 1.0], "right_foot_pose": [0.9999999999999998, -5.414460516713758e-11, -3.6631236932649327e-10, 6.017347276527476e-11, 1.7449887010808615e-11, 0.9950434747745779, -0.0994408533176076, -0.13999999999432183, 3.6988074205281124e-10, 0.09944085331760748, 0.9950434747745779, 6.868415072802669e-10, 0.0, 0.0, 0.0, 1.0]}, {"left_foot_pose": [1.0000000000000002, -6.033150293066499e-11, -4.452107571495379e-10, 6.486454760635253e-11, 1.9633261142703548e-11, 0.9958642429148109, -0.09085378188997757, 1.2553613704113786e-10, 4.488505319466952e-10, 0.0908537818899774, 0.9958642429148109, 9.544849077780526e-10, 0.0, 0.0, 0.0, 1.0], "right_foot_pose": [0.9999999999999998, -7.888971528944609e-11, -4.59148552511834e-10, 7.570349252648653e-11, 2.5205053778861636e-11, 0.9932763807784334, -0.11576714295384812, -0.13999999997829812, 4.6519405306604143e-10, 0.11576714295384796, 0.9932763807784334, 8.649354635292816e-10, 0.0, 0.0, 0.0, 1.0]}, {"left_foot_pose": [1.0000000000000004, -8.8008621910318e-11, -5.434240835100452e-10, 7.917027940078755e-11, 2.8368580742597998e-11, 0.9940649662019408, -0.10878806446451315, 1.6742574514283515e-10, 5.497730371979207e-10, 0.10878806446451296, 0.994064966201941, 1.1919358694489901e-09, 0.0, 0.0, 0.0, 1.0], "right_foot_pose": [1.0, -1.1170524709051648e-10, -5.632904143126887e-10, 9.343332339258433e-11, 3.528894887209589e-11, 0.9909981518456359, -0.13387555056295405, -0.13999999995440718, 5.731743050933216e-10, 0.13387555056295392, 0.9909981518456358, 1.06826451157227e-09, 0.0, 0.0, 0.0, 1.0]}, {"left_foot_pose": [1.0000000000000002, -1.20664149399841e-10, -6.331422608418769e-10, 9.245532530382413e-11, 3.8430365981864706e-11, 0.9917344578249543, -0.12830730751849226, 2.1052970824997352e-10, 6.43390956917864e-10, 0.12830730751849204, 0.9917344578249544, 1.4289277747159268e-09, 0.0, 0.0, 0.0, 1.0], "right_foot_pose": [1.0, -1.497939611808237e-10, -6.599334412271664e-10, 1.1031929125795689e-10, 4.664127320842222e-11, 0.9881309714950121, -0.15361374669060038, -0.1399999999237495, 6.751110189753185e-10, 0.15361374669060024, 0.9881309714950122, 1.2635782073444624e-09, 0.0, 0.0, 0.0, 1.0]}, {"left_foot_pose": [1.0000000000000002, -1.4625222540976302e-10, -6.636362570588945e-10, 9.674892932165745e-11, 4.5898115427734405e-11, 0.9888723160797247, -0.1487667385241805, 2.3365941473341145e-10, 6.780089144571809e-10, 0.14876673852418026, 0.9888723160797248, 1.551378046860119e-09, 0.0, 0.0, 0.0, 1.0], "right_foot_pose": [0.9999999999999998, -1.7866925213031535e-10, -6.957578402300147e-10, 1.1703728386573248e-10, 5.4638759107746956e-11, 0.9846865124220241, -0.17433436911335382, -0.13999999989647932, 7.162513192675692e-10, 0.17433436911335368, 0.9846865124220241, 1.3499771162051033e-09, 0.0, 0.0, 0.0, 1.0]}, {"left_foot_pose": [0.9999999970747627, 7.533834804143805e-05, -1.321395538739368e-05, 7.015745650317027e-06, -7.648766987630316e-05, 0.9857096877691741, -0.16845297737836076, -1.722397768926312e-05, 3.341548005143267e-07, 0.16845297789630023, 0.9857096906481937, 0.0001638612380122778, 0.0, 0.0, 0.0, 1.0], "right_foot_pose": [0.9999999999999999, -1.6382859437033186e-10, -5.744049125233621e-10, 5.7772321401224434e-11, 4.913484547757219e-11, 0.980953669271908, -0.19424185630800642, -0.13999999996574522, 5.952867262418274e-10, 0.19424185630800625, 0.9809536692719081, 1.0832518007597436e-09, 0.0, 0.0, 0.0, 1.0]}, {"left_foot_pose": [0.9999976677542464, 0.0021213669335474294, -0.0004053250576286214, 0.00019813280188335042, -0.002159741320086933, 0.9823914782094301, -0.18682162363849145, -0.0004864168008830057, 1.870667660421209e-06, 0.1868220633218277, 0.9823937686348976, 0.004191209176874294, 0.0, 0.0, 0.0, 1.0], "right_foot_pose": [0.9999999999999999, -1.2155446033959424e-10, -3.8379427413914796e-10, -7.444951509972406e-11, 3.773240634924033e-11, 0.977430830730725, -0.21125570083916037, -0.14000000016647102, 4.0081140647569925e-10, 0.2112557008391602, 0.9774308307307251, 6.414519956865483e-10, 0.0, 0.0, 0.0, 1.0]}, {"left_foot_pose": [0.9999775661599984, 0.006558519283913105, -0.0013612499878127996, 0.000614509591319764, -0.0066982957196524305, 0.9792117673923675, -0.2027299865209119, -0.0015086196470121098, 3.3434804037331252e-06, 0.20273455656379724, 0.9792337308138966, 0.01146980238691725, 0.0, 0.0, 0.0, 1.0], "right_foot_pose": [0.9999999999999998, -6.730622592560125e-11, -1.796948700949482e-10, -1.2734281916408203e-10, 2.5259778671936537e-11, 0.9744894362128235, -0.22443337253985512, -0.1400000001915756, 1.9021627583341442e-10, 0.224433372539855, 0.9744894362128236, 3.1768835478951374e-10, 0.0, 0.0, 0.0, 1.0]}, {"left_foot_pose": [0.9999133394188505, 0.012861408361703033, -0.0028103073135749782, 0.001207793182746227, -0.013164863516714486, 0.9769388407810616, -0.21311308674490798, -0.0029651292357491116, 4.563933312960106e-06, 0.21313161555318316, 0.9770234973790863, 0.019120926487385483, 0.0, 0.0, 0.0, 1.0], "right_foot_pose": [0.9999999999999998, -1.867565328756403e-11, -1.0628387059341442e-11, -1.2278355406388451e-10, 1.568067111143507e-11, 0.9724035308043775, -0.23330532201212228, -0.14000000009982147, 1.4692103443606932e-11, 0.2333053220121222, 0.9724035308043775, 1.0248651927113883e-10, 0.0, 0.0, 0.0, 1.0]}, {"left_foot_pose": [0.9997788067689882, 0.02054581585028001, -0.004495218195521065, 0.0019296326256358573, -0.021031821309992003, 0.9767294943737195, -0.21344122683503183, -0.004737247136147069, 5.2880538001469614e-06, 0.21348855770627445, 0.9769455643486653, 0.0242658775596181, 0.0, 0.0, 0.0, 1.0], "right_foot_pose": [1.0, 1.0516847328085658e-11, 9.412187695900793e-11, -6.078685773692671e-11, 1.2144495317542804e-11, 0.9713713488123061, -0.23756620699619937, -0.13999999999228413, -9.392580159237768e-11, 0.23756620699619924, 0.9713713488123064, -4.613601167768877e-13, 0.0, 0.0, 0.0, 1.0]}, {"left_foot_pose": [0.999556737314205, 0.029165091680072957, -0.00597714957779604, 0.0027316798184252858, -0.029771275777177815, 0.9792402835761611, -0.20050470857383884, -0.006706275364066726, 5.327439695785136e-06, 0.20059377968664355, 0.979674504885498, 0.02500000084007053, 0.0, 0.0, 0.0, 1.0], "right_foot_pose": [1.0, 1.0663261118562609e-11, 1.1426198875952303e-10, 5.0704778014390844e-11, 1.672416536207141e-11, 0.9715023660223802, -0.2370298563745034, -0.1399999999716773, -1.1353345583450291e-10, 0.23702985637450322, 0.97150236602238, 2.5409327419900762e-11, 0.0, 0.0, 0.0, 1.0]}, {"left_foot_pose": [0.9992448449830355, 0.0382141737533782, -0.007029701215347123, 0.0035655827569481494, -0.03885536965945995, 0.9827777244142278, -0.18066046785010792, -0.008753507191685342, 4.843254939798286e-06, 0.1807971828307613, 0.9835204007324934, 0.025000001425702065, 0.0, 0.0, 0.0, 1.0], "right_foot_pose": [1.0, -1.6527728664468157e-11, 5.339562125783468e-11, 1.7582093157714973e-10, 2.8467653549272217e-11, 0.9727011536389085, -0.23206134040278345, -0.1399999999587506, -4.810267847564439e-11, 0.23206134040278337, 0.9727011536389085, 1.5951057141805336e-10, 0.0, 0.0, 0.0, 1.0]}, {"left_foot_pose": [0.9988590013051099, 0.04717330135137474, -0.007441448203930771, 0.0043829894503639825, -0.047756627770747205, 0.9866713054307344, -0.15556040480655117, -0.010760241644281892, 3.965559386089496e-06, 0.15573828905964046, 0.9877983525523067, 0.024910270712768787, 0.0, 0.0, 0.0, 1.0], "right_foot_pose": [0.9999999999999998, -6.999631100986121e-11, -9.393646971389516e-11, 3.050566294134309e-10, 4.732303021602553e-11, 0.9748954461966688, -0.2226631289302252, -0.1399999999683478, 1.0716363765707935e-10, 0.22266312893022505, 0.974895446196669, 4.213278476106197e-10, 0.0, 0.0, 0.0, 1.0]}, {"left_foot_pose": [0.998433663184385, 0.055524928870835634, -0.006870407127663835, 0.005135550279305071, -0.05594837095505381, 0.9908831572896162, -0.12255753092828858, -0.012607781545018622, 2.7725191459379573e-06, 0.12274995264215524, 0.9924376298380987, 0.02116383370154952, 0.0, 0.0, 0.0, 1.0], "right_foot_pose": [1.0, -1.4918092515179194e-10, -3.472878651322722e-10, 4.234124565389142e-10, 7.354154576481544e-11, 0.9780497668557991, -0.2083714317110608, -0.14000000017210296, 3.707497020333297e-10, 0.20837143171106065, 0.9780497668557993, 8.378909649442434e-10, 0.0, 0.0, 0.0, 1.0]}, {"left_foot_pose": [0.9980195195008634, 0.06267345575691456, -0.005392275841692963, 0.0057749118386348245, -0.06290499735984462, 0.9943481164856613, -0.08552651371695763, -0.014177414308301222, 1.5571532755678989e-06, 0.08569633122196704, 0.9963213030005288, 0.013996812461522033, 0.0, 0.0, 0.0, 1.0], "right_foot_pose": [0.9999999999999999, -2.290215634805422e-10, -6.674787944582747e-10, 4.884393309864954e-10, 9.862868747682919e-11, 0.9819468390208035, -0.18915709169114597, -0.1400000003336509, 6.987495798907099e-10, 0.18915709169114583, 0.9819468390208034, 1.3732361428542283e-09, 0.0, 0.0, 0.0, 1.0]}, {"left_foot_pose": [0.9976783705689579, 0.06801848868188311, -0.003369583995491336, 0.006252721311653621, -0.06810190084354922, 0.9964568392774911, -0.04935482305315788, -0.015350435793184007, 6.045445897165131e-07, 0.049469714518538564, 0.9987756241244024, 0.0062879107102126325, 0.0, 0.0, 0.0, 1.0], "right_foot_pose": [1.0, -2.849180012649254e-10, -1.0100021929915198e-09, 4.6530322930683206e-10, 1.1392809778714615e-10, 0.9862247716966587, -0.16541070005254713, -0.14000000034167928, 1.0432175166606414e-09, 0.165410700052547, 0.9862247716966585, 1.9440106607815366e-09, 0.0, 0.0, 0.0, 1.0]}, {"left_foot_pose": [0.9974752462632843, 0.07100582362504529, -0.0011428487782649027, 0.006520628437362922, -0.07101502018583873, 0.9973460889907897, -0.016051345201627466, -0.016008145440556967, 7.677297891287329e-08, 0.016091978936907995, 0.9998705157238557, 0.0009158364859650284, 0.0, 0.0, 0.0, 1.0], "right_foot_pose": [0.9999999999999998, -2.87510987823308e-10, -1.2784722724923353e-09, 3.437333479189526e-10, 1.0836042380461203e-10, 0.9904353315726795, -0.13797772998754781, -0.14000000011687547, 1.3059140487224631e-09, 0.13797772998754768, 0.9904353315726794, 2.401565321608068e-09, 0.0, 0.0, 0.0, 1.0]}, {"left_foot_pose": [0.9974438992224536, 0.0714463820339957, 0.0010403836605768096, 0.006561000210828007, -0.07145395653082348, 0.9973381646293833, 0.014522997961333682, -0.01610725482883215, 1.330073960923509e-09, -0.01456021524381082, 0.9998939944474392, 2.515538624625613e-09, 0.0, 0.0, 0.0, 1.0], "right_foot_pose": [0.9999999999999998, -2.2401572859878967e-10, -1.3361676209910899e-09, 2.3987936944005827e-10, 7.74975578626052e-11, 0.9940786624007055, -0.1086628407489155, -0.1399999999184956, 1.3525977429648307e-09, 0.10866284074891538, 0.9940786624007055, 2.507951749053383e-09, 0.0, 0.0, 0.0, 1.0]}, {"left_foot_pose": [0.9974438992214333, 0.07138612066782173, 0.003112825395569303, 0.006561000184861373, -0.07145395654506517, 0.996496960296505, 0.043452735401606706, -0.01610725491491108, 1.1681070088123075e-09, -0.043564089521363335, 0.9990506344045711, 2.187769840289455e-09, 0.0, 0.0, 0.0, 1.0], "right_foot_pose": [1.0, -1.45986457600142e-10, -1.1665981514141768e-09, 1.9472634392186764e-10, 5.232372207582694e-11, 0.9968039122512148, -0.07988717369310504, -0.13999999999111237, 1.1745319457619716e-09, 0.07988717369310488, 0.9968039122512148, 2.1933044616617714e-09, 0.0, 0.0, 0.0, 1.0]}, {"left_foot_pose": [0.9974438992214382, 0.071282464483594, 0.004947541114461405, 0.006561000111344538, -0.07145395654499534, 0.995049997243648, 0.06906399264075753, -0.0161072549347989, 8.302021590535887e-10, -0.06924097950319537, 0.9975999632906162, 1.5363680813673675e-09, 0.0, 0.0, 0.0, 1.0], "right_foot_pose": [0.9999999999545148, -9.522333585919992e-06, 5.4355569756309e-07, -1.6174437333580428e-06, 9.537796880771543e-06, 0.9985311999510149, -0.054179725298464, -0.14001477766928333, -2.6839905250665574e-08, 0.05417972530118382, 0.9985311999964186, 3.7401053681870855e-05, 0.0, 0.0, 0.0, 1.0]}, {"left_foot_pose": [0.9974438992222672, 0.07116263543344713, 0.006445713494021146, 0.006560999927534978, -0.07145395653342558, 0.9933772734449889, 0.08997735658886448, -0.016107254700055872, 5.280997729435087e-10, -0.09020793712953817, 0.9959229528828194, 9.551938892626843e-10, 0.0, 0.0, 0.0, 1.0], "right_foot_pose": [0.9999995187403887, -0.0009807775936283105, 2.437830871788197e-05, -0.0001664028987427685, 0.0009810805141811274, 0.9996938219121656, -0.024724480008122714, -0.14152019604662167, -1.216286079353398e-07, 0.0247244920263126, 0.9996943030216914, 0.0034929921408495754, 0.0, 0.0, 0.0, 1.0]}, {"left_foot_pose": [0.9974438992231071, 0.07105184661090652, 0.007569874225182432, 0.006560999839771514, -0.07145395652169884, 0.9918307446646969, 0.10566979717624538, -0.01610725470644475, 2.3059098689900653e-10, -0.10594059198935014, 0.9943724608862351, 4.824007096559946e-10, 0.0, 0.0, 0.0, 1.0], "right_foot_pose": [0.9999944138319545, -0.0033421479192237624, -4.849919158015445e-05, -0.0005669334693318069, 0.003342499793327352, 0.9998897088482729, 0.014470585145315431, -0.14517926789839555, 1.3100651504539148e-07, -0.01447066641873308, 0.9998952944250619, 0.010538500670160704, 0.0, 0.0, 0.0, 1.0]}, {"left_foot_pose": [0.9974438992235767, 0.07097330712126627, 0.008273909471258972, 0.006560999841665185, -0.07145395651514427, 0.9907343924430253, 0.11549760053300723, -0.016107254863437753, 1.2619437248225258e-12, -0.11579358059417946, 0.993273299094051, 1.557070028468388e-10, 0.0, 0.0, 0.0, 1.0], "right_foot_pose": [0.9999768607438511, -0.006789337673296591, -0.00042763399129986795, -0.0011538572123460972, 0.006802791804857193, 0.9980059002284433, 0.06275304879345894, -0.15054110963876316, 7.296081677474052e-07, -0.0627545058396004, 0.9980289935649646, 0.01829521197626084, 0.0, 0.0, 0.0, 1.0]}, {"left_foot_pose": [0.9974438992233031, 0.07094407109664615, 0.008520955254464198, 0.006560999947184244, -0.07145395651896763, 0.9903262794988903, 0.11894617367394253, -0.016107255036164374, -1.1313202958764936e-10, -0.11925099123328206, 0.992864140298098, 1.9775923953968544e-11, 0.0, 0.0, 0.0, 1.0], "right_foot_pose": [0.9999387157110436, -0.010996244508262825, -0.0012835220537617893, -0.0018778198463491895, 0.011070899678410257, 0.9932121594992784, 0.11578877926245887, -0.1571548365590252, 1.5679826983423347e-06, -0.11579589297334503, 0.9932730295180913, 0.023884421953215614, 0.0, 0.0, 0.0, 1.0]}, {"left_foot_pose": [0.9974438992220601, 0.07097261751605881, 0.00827982292157556, 0.006561000149008171, -0.07145395653631356, 0.9907247658979629, 0.1155801467888588, -0.016107255086357103, -7.515914877914204e-11, -0.11587633839290415, 0.993263647880387, 1.5662925817450102e-10, 0.0, 0.0, 0.0, 1.0], "right_foot_pose": [0.9998742905345022, -0.015639144114409247, -0.0026115703119628016, -0.0026894598738613305, 0.01585569684164587, 0.9862432600056318, 0.16453822951256447, -0.1645695520469499, 2.4065345272674123e-06, -0.16455895376682572, 0.9863672494205068, 0.02500000621966368, 0.0, 0.0, 0.0, 1.0]}, {"left_foot_pose": [0.9974438992199127, 0.07105491266484129, 0.0075410407218547155, 0.00656100037365604, -0.07145395656628717, 0.9918735440122385, 0.10526730156903392, -0.0161072551253689, 1.3312434506575558e-10, -0.10553706493357978, 0.9944153699160158, 5.726899787728001e-10, 0.0, 0.0, 0.0, 1.0], "right_foot_pose": [0.9997822806699982, -0.020418639373221505, -0.004297723169629431, -0.0035394205413779713, 0.02086603098180343, 0.9783759860741355, 0.20577910152522627, -0.172334361506583, 3.0598793705203917e-06, -0.20582397586192272, 0.9785890306717258, 0.025000004624809266, 0.0, 0.0, 0.0, 1.0]}, {"left_foot_pose": [0.9974438992171113, 0.07117763531255514, 0.006277909355683037, 0.0065610006260434905, -0.07145395660539189, 0.9935866595584883, 0.08763493614330016, -0.016107255126865058, 5.397223881868642e-10, -0.0878595138770896, 0.996132875585021, 1.3231280376890808e-09, 0.0, 0.0, 0.0, 1.0], "right_foot_pose": [0.9996668458163871, -0.025071693160145354, -0.006132501740647675, -0.004378348870551902, 0.025810799368914988, 0.9710719807784456, 0.23738789097795895, -0.17999838435332632, 3.3842498843707927e-06, -0.23746708898099816, 0.971395584527456, 0.024992552681641717, 0.0, 0.0, 0.0, 1.0]}, {"left_foot_pose": [0.9974438992144002, 0.07131521925724486, 0.0044505530291938065, 0.006561000955980578, -0.07145395664324354, 0.995507227840567, 0.06212641464961461, -0.016107254640866948, 1.173953311705438e-09, -0.06228562289550884, 0.9980583656182237, 2.5629576169694523e-09, 0.0, 0.0, 0.0, 1.0], "right_foot_pose": [0.9995378431445102, -0.02942449946421932, -0.007635375125034196, -0.005156887081919719, 0.030399014979882115, 0.9675216600331712, 0.25095365559184335, -0.18711073097696165, 3.205111442929966e-06, -0.2510697835223045, 0.9679689890651406, 0.021837794504144532, 0.0, 0.0, 0.0, 1.0]}, {"left_foot_pose": [0.997443899213389, 0.07142491481597822, 0.0020370236918758264, 0.006561001218515354, -0.07145395665735353, 0.9970384959793734, 0.028435358503084384, -0.016107254103713303, 2.0208221689643157e-09, -0.02850822826343656, 0.9995935578630347, 4.312827754648918e-09, 0.0, 0.0, 0.0, 1.0], "right_foot_pose": [0.9994102117132242, -0.033306879006150286, -0.008359457769354636, -0.0058256809437807954, 0.03433989977998699, 0.9693636917370652, 0.2432176071442785, -0.1932205101098149, 2.5354309017648975e-06, -0.24336122319046205, 0.9699357272731084, 0.01492377985017617, 0.0, 0.0, 0.0, 1.0]}, {"left_foot_pose": [0.9974438992140716, 0.07144752041802947, -0.0009590342772659947, 0.006561001621093168, -0.07145395664782778, 0.9973540548107076, -0.013387360905400974, -0.016107253693831976, 2.9835011914281116e-09, 0.01342166825534054, 0.9999099253539012, 6.496015510226716e-09, 0.0, 0.0, 0.0, 1.0], "right_foot_pose": [0.9993025109319436, -0.03643876086840299, -0.008167518073927451, -0.0063353787657639896, 0.03734289279934674, 0.9751170169838532, 0.21852302291952683, -0.197876843015696, 1.5776840045030124e-06, -0.2186756042517934, 0.9757976122652812, 0.007129213778814987, 0.0, 0.0, 0.0, 1.0]}, {"left_foot_pose": [0.99744389922335, 0.07131308198014163, -0.004484667280238256, 0.006561001296695855, -0.0714539565183117, 0.9954773994062083, -0.06260255082129217, -0.016107253491201075, 4.082448950967007e-09, 0.06276297961335861, 0.9980284607114441, 8.725469846648792e-09, 0.0, 0.0, 0.0, 1.0], "right_foot_pose": [0.9992346159694506, -0.038476523898080664, -0.0070526134946461375, -0.006636624362361385, 0.039117543993183, 0.9828627659736616, 0.18014050353694622, -0.20062884521358032, 5.708173393490803e-07, -0.1802785077909278, 0.9836156056246517, 0.0013328066988115214, 0.0, 0.0, 0.0, 1.0]}, {"left_foot_pose": [0.9974438992610387, 0.07096362209770443, -0.00835656422881712, 0.006560997743797948, -0.07145395599220578, 0.9905992115090763, -0.11665133660040587, -0.01610725346252168, 4.5682876398972096e-09, 0.11695027360537244, 0.99313777166294, 1.0132319851197114e-08, 0.0, 0.0, 0.0, 1.0], "right_foot_pose": [0.9992205647265276, -0.03914216162513198, -0.005114118781414197, -0.006697284498462647, 0.03947484043790865, 0.9907995320657252, 0.1294527876514877, -0.20118297164897292, 4.558475008817856e-09, -0.12955376660541987, 0.9915723985460408, 1.069010056864439e-08, 0.0, 0.0, 0.0, 1.0]}, {"left_foot_pose": [0.9974438992893149, 0.07039850273293308, -0.012235954539354079, 0.006560994483718166, -0.07145395559748847, 0.9827105731646741, -0.17080474706468435, -0.016107253479107908, 3.4455542765400784e-09, 0.1712424602816716, 0.9852289174586185, 1.0667410205167371e-08, 0.0, 0.0, 0.0, 1.0], "right_foot_pose": [0.999220564729974, -0.03936593525302057, -0.002930215413060958, -0.0066972875241974456, 0.03947484035068338, 0.9964638730808348, 0.07417200701093249, -0.2011829705201623, 3.3738807572540317e-09, -0.07422986451824339, 0.9972411580022172, 1.0202412019377771e-08, 0.0, 0.0, 0.0, 1.0]}, {"left_foot_pose": [0.9974438992467761, 0.06967885389605621, -0.015827987083657024, 0.0065610006533719486, -0.07145395619130047, 0.9726648080765591, -0.2209468335912584, -0.01610725355767384, 3.882361702808748e-09, 0.22151304351916506, 0.9751574086017487, 9.888727552087584e-09, 0.0, 0.0, 0.0, 1.0], "right_foot_pose": [0.9992205647136595, -0.03946627975138966, -0.0008220802276503601, -0.0066972814587993, 0.03947484076365136, 0.99900386319527, 0.020809090984723323, -0.20118297119200954, 3.917103597559226e-09, -0.020825323131014747, 0.9997831294418251, 7.843137812824086e-09, 0.0, 0.0, 0.0, 1.0]}, {"left_foot_pose": [0.9976728614409051, 0.06580559904484042, -0.017846139040913134, 0.006198628777203652, -0.06818256023026838, 0.9628731632204135, -0.2612018568662208, -0.01733917513575907, -4.9763131109089625e-06, 0.2618107994034347, 0.9651192181751286, 0.0028444566972533267, 0.0, 0.0, 0.0, 1.0], "right_foot_pose": [0.9992205647096429, -0.03946102643717894, 0.0010442479906914639, -0.006697280810387328, 0.03947484086531311, 0.9988708803640489, -0.026432958582190837, -0.20118297140575273, 2.7676440480434803e-09, 0.026453577324699655, 0.9996500428883728, 5.505252496929014e-09, 0.0, 0.0, 0.0, 1.0]}, {"left_foot_pose": [0.9982577527544079, 0.05648007854025736, -0.017072193585090913, 0.005182258987812026, -0.05900388939954013, 0.9555092206029173, -0.28899942972008286, -0.020794424880363246, -1.0072102207763746e-05, 0.28950324708177727, 0.9571770316026502, 0.00961703716241144, 0.0, 0.0, 0.0, 1.0], "right_foot_pose": [0.9992205647087352, -0.03938920874710882, 0.0025987107251636515, -0.00669728062128457, 0.039474840888297405, 0.9970529686055242, -0.06578080823276304, -0.20118297128125645, 1.743962251116575e-09, 0.06583212004172889, 0.9978307130825406, 3.5482521851259996e-09, 0.0, 0.0, 0.0, 1.0]}, {"left_foot_pose": [0.9989817286630628, 0.042998513991184345, -0.013661390555489638, 0.0036454766544371337, -0.04511657782375538, 0.951987387839354, -0.3027944976387083, -0.02601886073681084, -1.4241933998040502e-05, 0.30310252587095765, 0.9529579521719798, 0.017439492568288445, 0.0, 0.0, 0.0, 1.0], "right_foot_pose": [0.9992205647094311, -0.03928827046588027, 0.0038333882617378454, -0.006697280680053828, 0.039474840870678575, 0.9944979345395377, -0.09703398958523833, -0.20118297097743687, 9.186214935679826e-10, 0.09710968026099838, 0.9952736859776846, 2.0714162329849017e-09, 0.0, 0.0, 0.0, 1.0]}, {"left_foot_pose": [0.9996156557430147, 0.02646425845115331, -0.008257349338261274, 0.0017219221699168645, -0.027722563350365374, 0.9540654715665478, -0.2983128147528808, -0.032558163780023984, -1.657553861329948e-05, 0.29842707482588127, 0.9544324390631953, 0.02343311629242357, 0.0, 0.0, 0.0, 1.0], "right_foot_pose": [0.9992205647106728, -0.03918726960764854, 0.00475614970131244, -0.006697280894670258, 0.039474840839246385, 0.9919413174845069, -0.12039169243688379, -0.20118297062875468, 3.091714614217269e-10, 0.12048560315572349, 0.9927150746474044, 1.0500403324620322e-09, 0.0, 0.0, 0.0, 1.0]}, {"left_foot_pose": [0.9999677577927791, 0.00773336082947685, -0.0021629852434835502, -0.0004547637178938304, -0.008030137362645118, 0.9624571282198787, -0.27131493367059933, -0.03995801794052836, -1.6395714675385798e-05, 0.2713235549469041, 0.9624881964274452, 0.025000004522780082, 0.0, 0.0, 0.0, 1.0], "right_foot_pose": [0.9992205647117564, -0.03910660154982488, 0.005379291063119628, -0.006697281177033623, 0.03947484081182001, 0.9898993812744001, -0.13616516403045817, -0.20118297043036606, -8.037155481510491e-11, 0.13627137875498035, 0.9906715456356948, 4.3900644924876886e-10, 0.0, 0.0, 0.0, 1.0]}, {"left_foot_pose": [0.999918762224935, -0.012400415537030134, 0.0029493465486448785, -0.0027509408062861697, 0.012746322944135378, 0.973039918935253, -0.23028427521192354, -0.0477640910461547, -1.4211222334112067e-05, 0.2303031607533558, 0.9731189310382654, 0.025000006525678346, 0.0, 0.0, 0.0, 1.0], "right_foot_pose": [0.999220564712337, -0.0390570951258496, 0.005727685072378251, -0.006697281455476819, 0.039474840797120575, 0.9886462338312111, -0.14498400351557572, -0.2011829704379675, -2.583438248600881e-10, 0.14509709732345705, 0.9894174206816392, 9.929868732827529e-11, 0.0, 0.0, 0.0, 1.0]}, {"left_foot_pose": [0.9994424228817415, -0.032833503481631346, 0.006066662459451637, -0.005032968366751946, 0.03338926815840035, 0.9828652319769718, -0.18127628786661745, -0.055522059359653965, -1.077597672917996e-05, 0.18137777377610503, 0.9834134954656173, 0.02500000774796475, 0.0, 0.0, 0.0, 1.0], "right_foot_pose": [0.9992205647124167, -0.03904295364979833, 0.005823300275487328, -0.006697281695550158, 0.03947484079510387, 0.9882882729136543, -0.14740429629270427, -0.20118297044431133, -2.6398217908135885e-10, 0.14751927803390924, 0.9890591805389374, 1.0144655948618464e-11, 0.0, 0.0, 0.0, 1.0]}, {"left_foot_pose": [0.9986113063560456, -0.05229983961193077, 0.006339210868841002, -0.007167206415103255, 0.05268262309774493, 0.9913702406397841, -0.12003994000897458, -0.06277760946653804, -6.435395014457042e-06, 0.12020720756420344, 0.9927488238261496, 0.02245972766908632, 0.0, 0.0, 0.0, 1.0], "right_foot_pose": [0.9992205647126503, -0.03909042766538638, 0.005495590984561756, -0.006697281736426743, 0.039474840789196435, 0.9894899743297296, -0.1391090494742135, -0.20118297060785512, 5.383156798764216e-11, 0.1392175605514216, 0.9902618193357305, 2.0716185017422006e-10, 0.0, 0.0, 0.0, 1.0]}, {"left_foot_pose": [0.9975877777931216, -0.06928079046642352, 0.004335627997213785, -0.009020012469306614, 0.06941632077685798, 0.9956425371220906, -0.06226807113514982, -0.06907639928625255, -2.7544701012718674e-06, 0.062418830055001616, 0.9980500436586228, 0.01583856487113041, 0.0, 0.0, 0.0, 1.0], "right_foot_pose": [0.9992205647122036, -0.03914626821230925, 0.005082591983886214, -0.006697281736088371, 0.03947484080049879, 0.990903456554499, -0.1286548744980985, -0.20118297077517483, 2.5883436598510695e-10, 0.12875523085838536, 0.9916764041392757, 5.7347997184376e-10, 0.0, 0.0, 0.0, 1.0]}, {"left_foot_pose": [0.9966003160968163, -0.08238165580771052, 0.0010357326424507846, -0.010457745668199346, 0.08238816635644819, 0.9965216207643663, -0.012523952793887254, -0.07396410150742211, -3.860031158452456e-07, 0.012566707426416506, 0.9999210358144841, 0.007998179460625456, 0.0, 0.0, 0.0, 1.0], "right_foot_pose": [0.9992205647119036, -0.03922188717589706, 0.004461683895704997, -0.006697281682678961, 0.039474840808089356, 0.9928175869196351, -0.11293793006005023, -0.201182970854737, 5.117623856865583e-10, 0.11302602651351572, 0.9935920276102088, 1.0064670138976162e-09, 0.0, 0.0, 0.0, 1.0]}, {"left_foot_pose": [0.9959053128083212, -0.09037171851590156, -0.0023580527227903695, -0.0113467657363404, 0.09040247739967955, 0.9955665780441804, 0.025972692609776662, -0.07698639623153347, 4.016144452726294e-07, -0.026079516365993472, 0.9996598715693029, 0.0018172769163890892, 0.0, 0.0, 0.0, 1.0], "right_foot_pose": [0.9992205647119871, -0.03930396664084881, 0.00366895938278932, -0.00669728159024551, 0.0394748408059807, 0.9948952515562571, -0.09287182228293926, -0.2011829707438315, 7.36793287892062e-10, 0.09294426629494898, 0.9956713129155091, 1.3831656237028866e-09, 0.0, 0.0, 0.0, 1.0]}, {"left_foot_pose": [0.9957178965018775, -0.09231439402280675, -0.004891139139237225, -0.011573318934886025, 0.09244387803352616, 0.9943232177963603, 0.05268271030627667, -0.07775657654055271, 7.302126945513576e-10, -0.05290927335821638, 0.9985993234489531, 1.5189975874352335e-09, 0.0, 0.0, 0.0, 1.0], "right_foot_pose": [0.9992205647132684, -0.039377046049329546, 0.0027769224918494026, -0.0066972811348873975, 0.03947484077354542, 0.9967451006270958, -0.07029182969438277, -0.2011829704739571, 7.261950928448497e-10, 0.07034666033515614, 0.9975226049467204, 1.522804486675522e-09, 0.0, 0.0, 0.0, 1.0]}, {"left_foot_pose": [0.9957178965022305, -0.0921761870430408, -0.007030016172181747, -0.01157331828692513, 0.09244387802972595, 0.9928345829440902, 0.07572067303623593, -0.07775657661529739, 2.5358500364358487e-10, -0.07604631123494228, 0.9971042866960101, 1.4889732502521014e-09, 0.0, 0.0, 0.0, 1.0], "right_foot_pose": [0.9992205647141909, -0.03943070655469871, 0.0018661277689351829, -0.006697280489986096, 0.039474840750188665, 0.9981034023283096, -0.047237011001965985, -0.20118297037896976, 2.439856428896365e-10, 0.047273857905292996, 0.9988819661795632, 1.5040748230221723e-09, 0.0, 0.0, 0.0, 1.0]}, {"left_foot_pose": [0.995717896501756, -0.092004102482747, -0.009006426176004454, -0.011573319138867543, 0.09244387803483631, 0.9909810513785083, 0.09700868632564673, -0.07775657662056633, 5.626381840064072e-10, -0.09742587405351605, 0.995242783980326, 1.117900980118769e-09, 0.0, 0.0, 0.0, 1.0], "right_foot_pose": [0.9992205647133111, -0.03946168363285281, 0.0010191068991155469, -0.006697281328066562, 0.039474840772461536, 0.9988875197017459, -0.02579651003688645, -0.20118297053918258, 5.551388625435744e-10, 0.025816632409262835, 0.9996666951994773, 1.132612822973833e-09, 0.0, 0.0, 0.0, 1.0]}, {"left_foot_pose": [0.9957178965025025, -0.09182776916407842, -0.010655111213941871, -0.011573319598093284, 0.09244387802679421, 0.9890817558559849, 0.11476676194878921, -0.07775657645750801, 3.843840386620697e-10, -0.11526031859747549, 0.9933353205019995, 6.925306439420353e-10, 0.0, 0.0, 0.0, 1.0], "right_foot_pose": [0.999116121534974, -0.04203531016342895, 9.158807342092912e-05, -0.006505544159716492, 0.04203540994102255, 0.9991137516601439, -0.002176132965227738, -0.20214077519522516, -3.247949273996731e-08, 0.0021780594703745388, 0.9999976280256581, 0.0022503013273776837, 0.0, 0.0, 0.0, 1.0]}, {"left_foot_pose": [0.9957178965023716, -0.09167268643849004, -0.011915919857203656, -0.01157331973945998, 0.09244387802820193, 0.9874113512668767, 0.128347001540465, -0.07775657645043972, 1.0024974174056331e-10, -0.12889896023813177, 0.9916577323096559, 3.5639063922232594e-10, 0.0, 0.0, 0.0, 1.0], "right_foot_pose": [0.9987195328490421, -0.050562861565264246, -0.0016406511275722437, -0.005864856009981075, 0.050589472270757184, 0.9981948827066, 0.03236790746593815, -0.20534129266288198, 1.0755354920066978e-06, -0.03240946109840724, 0.9994746754321263, 0.008710108745544606, 0.0, 0.0, 0.0, 1.0]}, {"left_foot_pose": [0.9957178965020467, -0.09156514538350242, -0.01271592452158312, -0.01157331971762938, 0.09244387803170416, 0.9862530204469219, 0.13696389697209904, -0.0777565765913955, -1.713551389406375e-10, -0.13755291276531514, 0.9904944200699864, 1.318172515585303e-10, 0.0, 0.0, 0.0, 1.0], "right_foot_pose": [0.9979510536359073, -0.06379093916458822, -0.004940711232376735, -0.004861205890930533, 0.0639819860163343, 0.9949754689860709, 0.07700728265140669, -0.21035498943116485, 3.519592712383773e-06, -0.07716561537659028, 0.9970182885941282, 0.01655846215109765, 0.0, 0.0, 0.0, 1.0]}, {"left_foot_pose": [0.9957178965021927, -0.09152560384669134, -0.012997477668693825, -0.011573319531246289, 0.09244387803013103, 0.9858271161914036, 0.13999652280143196, -0.07775657675883324, -3.5794768858646195e-10, -0.14059858044176723, 0.9900666842075645, 4.734346942258938e-11, 0.0, 0.0, 0.0, 1.0], "right_foot_pose": [0.9967146124174954, -0.08032365400359207, -0.01039673030104693, -0.003585069919608527, 0.08099371175881191, 0.9884799156324362, 0.1278572447959916, -0.21672990505282203, 6.997997986126584e-06, -0.1282792539688429, 0.991738086871844, 0.022916656389756665, 0.0, 0.0, 0.0, 1.0]}, {"left_foot_pose": [0.9957178965030679, -0.09158615037854324, -0.012563743166190156, -0.011573319199437621, 0.0924438780207061, 0.9864792664019806, 0.13532474413611031, -0.07775657674567948, -2.245417997763749e-10, -0.13590671071676252, 0.9907216389996493, 1.9258560718382611e-10, 0.0, 0.0, 0.0, 1.0], "right_foot_pose": [0.9949468770230536, -0.098843763167847, -0.017624482542498588, -0.0021269205272930517, 0.1004027479275731, 0.9795164080299399, 0.17454768577301796, -0.22401407052146358, 1.0519719370274394e-05, -0.17543522132953412, 0.9844909765997821, 0.025000005736296703, 0.0, 0.0, 0.0, 1.0]}, {"left_foot_pose": [0.9957178965061232, -0.09171422288932664, -0.0115918892864559, -0.011573318896862863, 0.09244387798779644, 0.9878587428143496, 0.12485685270673366, -0.0777565767549148, -4.104386668781487e-11, -0.125393801940369, 0.9921070478708134, 6.022271223371511e-10, 0.0, 0.0, 0.0, 1.0], "right_foot_pose": [0.992653935982514, -0.11813227586007465, -0.026132906048531686, -0.0005772307850801159, 0.12098827711860742, 0.9692455672031253, 0.2143008802057583, -0.2317555084186997, 1.3352648151424627e-05, -0.2158883874996778, 0.9764180477461974, 0.025000004562647678, 0.0, 0.0, 0.0, 1.0]}, {"left_foot_pose": [0.9957178965103968, -0.09190435858234319, -0.00997293549964014, -0.01157331856729455, 0.09244387794176512, 0.9899067053738723, 0.10741901175739117, -0.07775657674051838, 3.482424671644465e-10, -0.10788096926434501, 0.9941638177235111, 1.3176895199973337e-09, 0.0, 0.0, 0.0, 1.0], "right_foot_pose": [0.9899331219819221, -0.13711826114993803, -0.03508555917100843, 0.0009735228860305522, 0.14153590986343254, 0.9590612205040245, 0.245294030796636, -0.23950226342928818, 1.490822731930129e-05, -0.24779055225037977, 0.96881362603609, 0.025000002802092032, 0.0, 0.0, 0.0, 1.0]}, {"left_foot_pose": [0.99571789651507, -0.09212671963160626, -0.007651018855335992, -0.011573318230521155, 0.0924438778914285, 0.9923017690053089, 0.08240951807485519, -0.07775657629588782, 9.78184539062958e-10, -0.08276392184312326, 0.996569181362311, 2.4574471554905664e-09, 0.0, 0.0, 0.0, 1.0], "right_foot_pose": [0.9869799803235411, -0.15510768480485074, -0.04256905630879181, 0.00243486650646141, 0.16084314791086948, 0.9518093982510313, 0.26112899335602696, -0.24680237068935615, 1.4514274510700526e-05, -0.26