{"LoopMode": "Wrap", "FrameDuration": 0.0167, "EnableCycleOffsetPosition": true, "EnableCycleOffsetRotation": false, "Debug_info": [{"left_foot_pose": [1.0000000000000007, 1.175211422745649e-13, -8.749001523256088e-12, 1.5275026811999134e-12, -3.292488109250921e-14, 0.9999536201732, 0.00963106964529867, 6.514580541683301e-14, 8.749349378748487e-12, -0.009631069645298841, 0.9999536201732004, 1.824369821878946e-11, 0.0, 0.0, 0.0, 1.0], "right_foot_pose": [0.9999999999999999, -2.0165846823492095e-13, -8.812117702206022e-12, 1.3118653434196212e-12, 7.115627919167865e-14, 0.9998902567196764, -0.01481467235748638, -0.14000000000220733, 8.813766164177533e-12, 0.01481467235748623, 0.9998902567196764, 1.5279437437509813e-11, 0.0, 0.0, 0.0, 1.0]}, {"left_foot_pose": [1.0000000000000004, 1.7998834678952078e-13, -1.952005224126197e-11, 3.284949150376705e-12, -5.054081246078496e-14, 0.9999781240143703, 0.006614491114306938, 1.0671585143340323e-12, 1.9520430238428837e-11, -0.006614491114307112, 0.9999781240143705, 3.970177658851881e-11, 0.0, 0.0, 0.0, 1.0], "right_foot_pose": [1.0, -5.323313238415129e-13, -1.9635681969276672e-11, 3.0012429237542494e-12, 1.821603009805666e-13, 0.9998409909933481, -0.017832350642573505, -0.14000000000398588, 1.964191282787236e-11, 0.017832350642573356, 0.9998409909933483, 3.516673757752997e-11, 0.0, 0.0, 0.0, 1.0]}, {"left_foot_pose": [1.0000000000000004, 1.059605739123978e-13, -3.4281744110131746e-11, 5.6568380297524855e-12, -2.2892762710618505e-14, 0.9999970876396561, 0.0024134440550208224, 2.844606494800672e-12, 3.428155346152763e-11, -0.002413444055020995, 0.999997087639656, 6.900994359293477e-11, 0.0, 0.0, 0.0, 1.0], "right_foot_pose": [1.0, -1.14635963975519e-12, -3.449085461681988e-11, 5.342061127806187e-12, 3.8610290271651384e-13, 0.9997571718754038, -0.022036272000827514, -0.14000000000600285, 3.450750852373163e-11, 0.022036272000827365, 0.9997571718754037, 6.273468550199723e-11, 0.0, 0.0, 0.0, 1.0]}, {"left_foot_pose": [1.0000000000000004, -2.553294120241115e-13, -5.2821302887196004e-11, 8.606096403353872e-12, 9.986980692159619e-14, 0.9999956505498374, -0.002949386615592306, 5.546315143267755e-12, 5.28215544020933e-11, 0.002949386615592132, 0.9999956505498375, 1.0592040439183492e-10, 0.0, 0.0, 0.0, 1.0], "right_foot_pose": [0.9999999999999997, -2.1890096116099177e-12, -5.319322760044541e-11, 8.308130118826797e-12, 7.304944523900342e-13, 0.9996244112687332, -0.02740504325189704, -0.14000000000804155, 5.323302837238444e-11, 0.027405043251896893, 0.9996244112687334, 9.760368208100445e-11, 0.0, 0.0, 0.0, 1.0]}, {"left_foot_pose": [1.0000000000000007, -1.092685015646136e-12, -7.533662582659416e-11, 1.2162288063297183e-11, 3.801375222434074e-13, 0.9999552346568278, -0.009461959755209085, 9.416750365587312e-12, 7.534327068640968e-11, 0.009461959755208908, 0.9999552346568283, 1.5103730766075074e-10, 0.0, 0.0, 0.0, 1.0], "right_foot_pose": [1.0, -3.860625519755286e-12, -7.597816820137379e-11, 1.194299814850908e-11, 1.2806643487115321e-12, 0.9994242710338638, -0.03392825472124914, -0.14000000000988885, 7.60653303561399e-11, 0.033928254721248996, 0.9994242710338641, 1.4017839666813359e-10, 0.0, 0.0, 0.0, 1.0]}, {"left_foot_pose": [1.0000000000000007, -2.6565092709869106e-12, -1.0247924731032751e-10, 1.6428581184113838e-11, 9.00390973830293e-13, 0.9998531711301023, -0.017135815740122694, 1.4833193701102587e-11, 1.025094500643383e-10, 0.017135815740122514, 0.9998531711301024, 2.0593692723336332e-10, 0.0, 0.0, 0.0, 1.0], "right_foot_pose": [0.9999999999999998, -6.443170137240888e-12, -1.0355094559599816e-10, 1.6370477261790455e-11, 2.1279246328742052e-12, 0.999133534822653, -0.04161946170712101, -0.140000000011303, 1.0372927922214782e-10, 0.04161946170712087, 0.9991335348226531, 1.9175716570174473e-10, 0.0, 0.0, 0.0, 1.0]}, {"left_foot_pose": [1.0000000000000007, -5.298046761684015e-12, -1.3536810561376448e-10, 2.1585428458098485e-11, 1.7756464190669654e-12, 0.9996616785408438, -0.0260101606474027, 2.2350427064665723e-11, 1.3545973686240426e-10, 0.02601016064740251, 0.9996616785408439, 2.732516296566345e-10, 0.0, 0.0, 0.0, 1.0], "right_foot_pose": [0.9999999999999996, -1.0342192451525039e-11, -1.3710332869010237e-10, 2.1801277891530355e-11, 3.402547441608429e-12, 0.9987230314641529, -0.05052035652143465, -0.14000000001196164, 1.3745061711872564e-10, 0.050520356521434516, 0.9987230314641526, 2.54580738434651e-10, 0.0, 0.0, 0.0, 1.0]}, {"left_foot_pose": [1.0000000000000004, -9.52378510368375e-12, -1.7557760800812603e-10, 2.7892782955311536e-11, 3.1703709834813443e-12, 0.9993462930128723, -0.03615227021130339, 3.275382048917308e-11, 1.758067862072465e-10, 0.03615227021130321, 0.9993462930128725, 3.5674888737569077e-10, 0.0, 0.0, 0.0, 1.0], "right_foot_pose": [0.9999999999999998, -1.6144756349645527e-11, -1.7831763843290097e-10, 2.8539391900947743e-11, 5.290949153344031e-12, 0.9981559759741703, -0.060701298396751875, -0.14000000001138865, 1.7896873116531099e-10, 0.060701298396751736, 0.9981559759741704, 3.318547589503673e-10, 0.0, 0.0, 0.0, 1.0]}, {"left_foot_pose": [1.0000000000000004, -1.6065845965612198e-11, -2.2512186559353585e-10, 3.5694831415295344e-11, 5.319620592992254e-12, 0.9988638256721605, -0.047655616285770024, 4.711869089346621e-11, 2.2563115698098393e-10, 0.04765561628576984, 0.9988638256721607, 4.614558596349738e-10, 0.0, 0.0, 0.0, 1.0], "right_foot_pose": [1.0, -2.469550214234109e-11, -2.293619183468819e-10, 3.6991195311638135e-11, 8.057414296238838e-12, 0.9973858586604286, -0.07225959413254233, -0.14000000000886276, 2.3054647890862475e-10, 0.07225959413254221, 0.9973858586604285, 4.277918366768496e-10, 0.0, 0.0, 0.0, 1.0]}, {"left_foot_pose": [1.0000000000000007, -2.5960070427976368e-11, -2.8633917459330813e-10, 4.5415416570006154e-11, 8.550477567307014e-12, 0.9981600067624806, -0.06063498082729001, 6.684330519646231e-11, 2.8738611014803293e-10, 0.06063498082728984, 0.9981600067624805, 5.936561867092571e-10, 0.0, 0.0, 0.0, 1.0], "right_foot_pose": [1.0, -3.718004682774201e-11, -2.927912912120687e-10, 4.766405829522974e-11, 1.2065151579653245e-11, 0.9963540483705141, -0.08531477184923596, -0.14000000000330773, 2.9489558128740063e-10, 0.0853147718492358, 0.9963540483705141, 5.475015163458608e-10, 0.0, 0.0, 0.0, 1.0]}, {"left_foot_pose": [1.0000000000000007, -4.058458279478138e-11, -3.613997989759803e-10, 5.750253978185752e-11, 1.3287108972904247e-11, 0.9971673008697876, -0.07521551752174144, 9.354509354631002e-11, 3.634282063509995e-10, 0.07521551752174123, 0.9971673008697877, 7.602176874121902e-10, 0.0, 0.0, 0.0, 1.0], "right_foot_pose": [0.9999999999999998, -5.515788177829323e-11, -3.710612372920249e-10, 6.110813533263109e-11, 1.7776196704101214e-11, 0.9949876632118191, -0.09999775025611111, -0.13999999999320198, 3.7471687916822836e-10, 0.099997750256111, 0.9949876632118192, 6.962255355569269e-10, 0.0, 0.0, 0.0, 1.0]}, {"left_foot_pose": [1.0000000000000004, -6.151222065054319e-11, -4.5094195044725785e-10, 7.224177398753969e-11, 1.9989558651689228e-11, 0.9958043130403706, -0.091508306345361, 1.2856297970653685e-10, 4.5467865425447807e-10, 0.09150830634536083, 0.9958043130403708, 9.661299260610434e-10, 0.0, 0.0, 0.0, 1.0], "right_foot_pose": [0.9999999999999998, -8.037367555336492e-11, -4.651328211480172e-10, 7.77056999267503e-11, 2.5673467732498316e-11, 0.9931993336077058, -0.11642630167281467, -0.13999999997665236, 4.713270982384705e-10, 0.11642630167281452, 0.9931993336077058, 8.769301326760903e-10, 0.0, 0.0, 0.0, 1.0]}, {"left_foot_pose": [1.0000000000000004, -8.973887954327288e-11, -5.505174649478291e-10, 8.92036861544927e-11, 2.8887498786244714e-11, 0.9939808094543638, -0.10955432641593074, 1.713984735390861e-10, 5.570349581473376e-10, 0.10955432641593056, 0.9939808094543642, 1.2070047808454554e-09, 0.0, 0.0, 0.0, 1.0], "right_foot_pose": [1.0, -1.13832782509845e-10, -5.707518346831358e-10, 9.703848735909797e-11, 3.594543055234741e-11, 0.9908934451398183, -0.13464835824822474, -0.13999999995206341, 5.808815366374948e-10, 0.13464835824822458, 0.990893445139818, 1.0834907485102185e-09, 0.0, 0.0, 0.0, 1.0]}, {"left_foot_pose": [1.0, -1.2308703714985163e-10, -6.417245623779854e-10, 1.0571586372376253e-10, 3.914686328938759e-11, 0.9916189394497414, -0.12919705462807946, 2.1555060861211395e-10, 6.522487136767416e-10, 0.12919705462807923, 0.9916189394497413, 1.4480912857717243e-09, 0.0, 0.0, 0.0, 1.0], "right_foot_pose": [1.0, -1.5273134009429913e-10, -6.690280551779883e-10, 1.161376787622714e-10, 4.752406308960602e-11, 0.9879908395144732, -0.1545124623953899, -0.13999999992056605, 6.84592388180962e-10, 0.1545124623953897, 0.9879908395144732, 1.282535758151404e-09, 0.0, 0.0, 0.0, 1.0]}, {"left_foot_pose": [1.0000000000000004, -1.4937212663349094e-10, -6.735053625916948e-10, 1.1328406446301328e-10, 4.6800965484165715e-11, 0.9887174099271494, -0.14979280125209685, 2.395597713256148e-10, 6.882810967114975e-10, 0.14979280125209668, 0.9887174099271494, 1.5745188208793337e-09, 0.0, 0.0, 0.0, 1.0], "right_foot_pose": [0.9999999999999999, -1.82424435499059e-10, -7.062857521056277e-10, 1.2542233098063694e-10, 5.573435433770547e-11, 0.9845021772235409, -0.1753723554101604, -0.13999999989250633, 7.273317440977279e-10, 0.17537235541016027, 0.9845021772235409, 1.3723809588750413e-09, 0.0, 0.0, 0.0, 1.0]}, {"left_foot_pose": [0.9999999983878213, -5.591778087343141e-05, 9.877254561198002e-06, 9.733836675921718e-11, 5.6782889051841254e-05, 0.985507792704965, -0.16963014853937955, -1.761969088271212e-05, -2.4876986534453214e-07, 0.16963014882676422, 0.9855077942913233, 0.00016386124967467108, 0.0, 0.0, 0.0, 1.0], "right_foot_pose": [1.0, -1.6585110336212137e-10, -5.78143755092241e-10, 1.251023861606698e-10, 4.966500750091719e-11, 0.9807171580557487, -0.19543248423702803, -0.1399999999623699, 5.994080526453809e-10, 0.19543248423702786, 0.9807171580557486, 1.1021657128629236e-09, 0.0, 0.0, 0.0, 1.0]}, {"left_foot_pose": [0.9999987146448956, -0.0015744426039393862, 0.0003030495738051445, 1.0341284923215909e-09, 0.001603342322611746, 0.9821380988711544, -0.18815468115131234, -0.0004975924013398032, -1.397786145781017e-06, 0.18815492519793978, 0.982139360845397, 0.004191209202418944, 0.0, 0.0, 0.0, 1.0], "right_foot_pose": [0.9999999999999998, -1.1651322435294007e-10, -3.6955583038178407e-10, 1.8740259340162988e-10, 3.530033760086459e-11, 0.9771493352663813, -0.21255393806859793, -0.14000000015456984, 3.858763108552598e-10, 0.21255393806859782, 0.9771493352663813, 6.528696680496715e-10, 0.0, 0.0, 0.0, 1.0]}, {"left_foot_pose": [0.9999876361762379, -0.004867392133792689, 0.0010178351915750383, 1.531920559833368e-09, 0.00497267417127808, 0.9789184196542762, -0.2041910873989408, -0.0015432808654692563, -2.4995246091921805e-06, 0.20419362417908984, 0.9789305204346028, 0.011469802464287165, 0.0, 0.0, 0.0, 1.0], "right_foot_pose": [0.9999999999999998, -6.029369061212136e-11, -1.6865092655748945e-10, 2.0006777979990974e-10, 2.066379094448079e-11, 0.9741845372419735, -0.225753155899629, -0.1400000001700314, 1.7790841219353084e-10, 0.22575315589962883, 0.9741845372419735, 3.2871379923582467e-10, 0.0, 0.0, 0.0, 1.0]}, {"left_foot_pose": [0.9999522390733435, -0.009544876905525518, 0.002101165644621164, 7.832760273447214e-10, 0.009773410897119878, 0.9766450602666067, -0.21463668534589625, -0.0030332545671445006, -3.4123065847581937e-06, 0.21464696965411714, 0.9766917007974738, 0.019120926601069232, 0.0, 0.0, 0.0, 1.0], "right_foot_pose": [1.0, -1.529003849579032e-11, -1.9238333148763244e-11, 1.4385099345283935e-10, 1.0350975137826032e-11, 0.9721011553677699, -0.2345620253422263, -0.14000000007941538, 2.2287817951822832e-11, 0.23456202534222617, 0.9721011553677698, 1.1238032032734324e-10, 0.0, 0.0, 0.0, 1.0]}, {"left_foot_pose": [0.9998780933896396, -0.015248240580249395, 0.003359987902803182, -7.118692408551036e-11, 0.0156140431624084, 0.9765075664117628, -0.21491666849432664, -0.004846087909115698, -3.952544232094806e-06, 0.21494293172789977, 0.9766266103709205, 0.024265877669473898, 0.0, 0.0, 0.0, 1.0], "right_foot_pose": [1.0, 6.425587866849106e-12, 5.592037943813462e-11, 3.751608828799762e-11, 7.108181783956938e-12, 0.9710945980465433, -0.23869495521443856, -0.13999999998479637, -5.5838090558477376e-11, 0.2386949552144384, 0.9710945980465433, 5.843540928918145e-12, 0.0, 0.0, 0.0, 1.0]}, {"left_foot_pose": [0.9997556998520192, -0.021647239997364134, 0.004465155528830103, 3.97501942060903e-10, 0.022102954498647114, 0.9791792611358048, -0.20179056956154195, -0.006860355639106169, -3.978803072883165e-06, 0.2018399652250197, 0.9794185154580921, 0.025000000955317146, 0.0, 0.0, 0.0, 1.0], "right_foot_pose": [0.9999999999999997, -1.0573354246626775e-12, 4.5680292881655766e-11, -5.854196165212972e-11, 1.1898742878917837e-11, 0.9712663283746042, -0.23799520870327506, -0.13999999997075396, -4.411641842612997e-11, 0.23799520870327498, 0.9712663283746042, 3.286925592815848e-11, 0.0, 0.0, 0.0, 1.0]}, {"left_foot_pose": [0.9995837936118505, -0.02836752040927227, 0.005246268614152364, 5.100753447005377e-10, 0.028848562104389495, 0.9829387719916305, -0.18165662933153842, -0.008954623757031828, -3.612689091508258e-06, 0.1817323699878923, 0.9833480287698416, 0.025000001550701652, 0.0, 0.0, 0.0, 1.0], "right_foot_pose": [1.0, -3.285136773929341e-11, -3.9065806145543815e-11, -1.2277170840869646e-10, 2.2852394740223955e-11, 0.9725145906912206, -0.2328419440150079, -0.1399999999495955, 4.564095336462249e-11, 0.2328419440150077, 0.9725145906912207, 1.7746801250773103e-10, 0.0, 0.0, 0.0, 1.0]}, {"left_foot_pose": [0.9993711163889129, -0.03502321379375452, 0.005544927694360303, 8.83688117798119e-10, 0.03545943765577984, 0.9870898120093018, -0.1561932498816065, -0.011007464040566694, -2.952051686648112e-06, 0.15629164252447722, 0.9877109508698821, 0.024910270829759357, 0.0, 0.0, 0.0, 1.0], "right_foot_pose": [1.0, -8.617794645762263e-11, -2.0101986741849438e-10, -1.735859775490313e-10, 3.912463514901692e-11, 0.9747605352713582, -0.2232529929866456, -0.13999999995263296, 2.1518551282883014e-10, 0.22325299298664547, 0.9747605352713584, 4.45325061548818e-10, 0.0, 0.0, 0.0, 1.0]}, {"left_foot_pose": [0.9991366555739856, -0.041229330089473167, 0.005107428786128951, 2.703861167949184e-09, 0.041544475976971446, 0.9915635420801799, -0.12278354341363104, -0.012897451933407026, -2.0569371408862758e-06, 0.12288972437832776, 0.9924203321365342, 0.021163833845187108, 0.0, 0.0, 0.0, 1.0], "right_foot_pose": [1.0, -1.582905191309968e-10, -4.54582871345365e-10, -2.0693472801289703e-10, 5.987789436548596e-11, 0.9779553772800296, -0.2088139843235478, -0.14000000015789799, 4.77614945374233e-10, 0.20881398432354767, 0.9779553772800298, 8.491042730041087e-10, 0.0, 0.0, 0.0, 1.0]}, {"left_foot_pose": [0.998908351152415, -0.04654192582255974, 0.003994388400194157, 3.0235302321719726e-09, 0.046713017421734095, 0.9952518420476413, -0.08539124606266404, -0.014503147717250772, -1.1493730027519063e-06, 0.0854846187422331, 0.9963394903130033, 0.013996812599443985, 0.0, 0.0, 0.0, 1.0], "right_foot_pose": [1.0, -2.2511600985146437e-10, -7.563621395867401e-10, -1.6442651532614067e-10, 7.767703677093972e-11, 0.9818736040748205, -0.18953687140269818, -0.14000000031336976, 7.853196681538612e-10, 0.18953687140269798, 0.9818736040748205, 1.3708289781089178e-09, 0.0, 0.0, 0.0, 1.0]}, {"left_foot_pose": [0.9987202757972374, -0.05051390631565724, 0.002481124790040498, 1.9431544308725138e-09, 0.05057480312661278, 0.997518151252712, -0.04898701062604899, -0.015703120153578394, -4.417481403546385e-07, 0.04904980316071852, 0.998796333998929, 0.006287910787293863, 0.0, 0.0, 0.0, 1.0], "right_foot_pose": [0.9999999999999998, -2.6642396501155187e-10, -1.0651902138114605e-09, -5.647587448909282e-11, 8.611132611979924e-11, 0.9861568691990483, -0.1658150455523598, -0.14000000031630438, 1.0946215129121766e-09, 0.1658150455523597, 0.9861568691990481, 1.9300771120223104e-09, 0.0, 0.0, 0.0, 1.0]}, {"left_foot_pose": [0.9986082888287013, -0.052733330786217135, 0.0008254131117971364, 5.80976028028389e-10, 0.05273979031633487, 0.9984859957055543, -0.015627888445895844, -0.016375941375562357, -5.28218940356073e-08, 0.015649671053402245, 0.9998775363992924, 0.000915836489802889, 0.0, 0.0, 0.0, 1.0], "right_foot_pose": [0.9999999999999996, -2.595754793070171e-10, -1.293420148762435e-09, 1.1275602944752897e-10, 7.799537871497046e-11, 0.9903687594242511, -0.1384547592409513, -0.14000000009787933, 1.3169020973426816e-09, 0.1384547592409512, 0.9903687594242511, 2.3776172766720727e-09, 0.0, 0.0, 0.0, 1.0]}, {"left_foot_pose": [0.9985910062025922, -0.05306077212383993, -0.0007461855784353464, 2.286004551887294e-10, 0.05306601861168376, 0.9984922786705064, 0.01404162042235591, -0.01647732800601178, 1.3170425566223536e-09, -0.014061432964068444, 0.9999011331641734, 2.49123456586009e-09, 0.0, 0.0, 0.0, 1.0], "right_foot_pose": [0.9999999999999998, -2.108213251334317e-10, -1.3295226586329521e-09, 2.2459388066447218e-10, 6.360081888685588e-11, 0.9939566157554912, -0.10977361247536183, -0.13999999991281126, 1.3446302386372178e-09, 0.10977361247536167, 0.9939566157554911, 2.4778462268115753e-09, 0.0, 0.0, 0.0, 1.0]}, {"left_foot_pose": [0.9985910062034402, -0.0530170589709986, -0.0022789882990836663, 1.9567626945854455e-10, 0.0530660185957241, 0.9976696898422279, 0.042885751019561366, -0.01647732809425077, 1.158680999461971e-09, -0.042946262097872764, 0.99907738367547, 2.169752426339766e-09, 0.0, 0.0, 0.0, 1.0], "right_foot_pose": [0.9999999999999998, -1.3501496495057976e-10, -1.1626923313023945e-09, 1.922265936911443e-10, 4.032609251872058e-11, 0.9967094458218221, -0.08105726746909662, -0.13999999998570825, 1.1698102900715474e-09, 0.08105726746909649, 0.996709445821822, 2.170741059126513e-09, 0.0, 0.0, 0.0, 1.0]}, {"left_foot_pose": [0.9985910062036446, -0.05294120498703086, -0.003637463912526212, 1.584413931434922e-10, 0.05306601859188028, 0.9962422773856848, 0.06844941504637943, -0.016477328121039067, 8.189101986367091e-10, -0.06854599597282443, 0.9976479571652993, 1.5232419631194816e-09, 0.0, 0.0, 0.0, 1.0], "right_foot_pose": [0.9999999999385107, 1.1070594675378441e-05, -6.480932376873936e-07, -4.122091028858591e-08, -1.1089496840010836e-05, 0.9984649477430914, -0.05538725490046712, -0.14001490192178878, 3.392853126656993e-08, 0.05538725490424829, 0.9984649478044638, 3.7401042493653835e-05, 0.0, 0.0, 0.0, 1.0]}, {"left_foot_pose": [0.9985910062032128, -0.052853747892861944, -0.004741694183943532, 2.814443875978796e-10, 0.05306601860000695, 0.994596518178735, 0.08922871565074829, -0.01647732790587761, 4.838098763931355e-10, -0.08935461577566185, 0.9959998758230771, 9.452206170545985e-10, 0.0, 0.0, 0.0, 1.0], "right_foot_pose": [0.9999993494068731, 0.0011403094092890744, -2.9669535608241214e-05, -4.2562222907143895e-06, -0.001140695317407034, 0.9996644880648126, -0.025876825854596556, -0.1415329778484247, 1.5199312024032992e-07, 0.025876842863211697, 0.9996651384355713, 0.0034929921277885717, 0.0, 0.0, 0.0, 1.0]}, {"left_foot_pose": [0.9985910062027492, -0.052773628099943605, -0.005562958578907583, 2.921034655475885e-10, 0.053066018608727665, 0.9930888313507847, 0.10468319213393966, -0.016477327932398755, 1.8398833181656026e-10, -0.10483089822901454, 0.9944900616780938, 4.793308458483914e-10, 0.0, 0.0, 0.0, 1.0], "right_foot_pose": [0.999992448315081, 0.003885940512778773, 5.271755844013748e-05, -1.4503352356245662e-05, -0.0038862980831628293, 0.9999009162000954, 0.013529762356336787, -0.14522281508585266, -1.3648331561936335e-07, -0.01352986505998091, 0.9999084671865922, 0.010538500667410002, 0.0, 0.0, 0.0, 1.0]}, {"left_foot_pose": [0.9985910062025466, -0.052717588919570145, -0.006071091326395262, 1.900486448986119e-10, 0.053066018612538214, 0.9920342911968524, 0.11424518702410894, -0.016477328088802035, -2.4804746764877308e-11, -0.11440638490952805, 0.9934340335885085, 1.536245436417616e-10, 0.0, 0.0, 0.0, 1.0], "right_foot_pose": [0.9999687191303899, 0.007894167428203504, 0.0004928299329692853, -2.9520966678591397e-05, -0.007909536018945654, 0.9980322777946139, 0.062201380371012346, -0.15062973904280183, -8.320696526412031e-07, -0.06220333271384959, 0.9980634976786785, 0.01829521196720183, 0.0, 0.0, 0.0, 1.0]}, {"left_foot_pose": [0.9985910062028274, -0.0526975998948199, -0.0062422188483681655, 9.954318836227771e-12, 0.053066018607254496, 0.9916581396571111, 0.11746544905193469, -0.01647732823411214, -1.050990502190663e-10, -0.1176311906643966, 0.9930573513059945, 1.307950275863945e-11, 0.0, 0.0, 0.0, 1.0], "right_foot_pose": [0.999917152836544, 0.012785158485391575, 0.001492375878343017, -4.8045005151848096e-05, -0.012871964106897168, 0.9931902539769285, 0.11579046569245327, -0.1572990739678906, -1.8137226653940946e-06, -0.11580008258955558, 0.9932725410827394, 0.023884421804528072, 0.0, 0.0, 0.0, 1.0]}, {"left_foot_pose": [0.99859100620366, -0.05271938534598613, -0.006055471732570307, -1.761279785211789e-10, 0.053066018591586175, 0.992068096551745, 0.11395125920776866, -0.01647732825188741, -2.938091659785569e-11, -0.1141120423660013, 0.9934678866410636, 1.4347198429298658e-10, 0.0, 0.0, 0.0, 1.0], "right_foot_pose": [0.9998300602880438, 0.018181278708260747, 0.0030482206186127955, -6.881038964460326e-05, -0.01843503557244856, 0.9860925823245038, 0.1651713308901821, -0.16477613215743375, -2.8017397738552152e-06, -0.1651994557773241, 0.9862601785548407, 0.02500000598631657, 0.0, 0.0, 0.0, 1.0]}, {"left_foot_pose": [0.9985910062048953, -0.052780069190038394, -0.005501510973371747, -3.23430517069033e-10, 0.05306601856833998, 0.9932100399516786, 0.10352687676391333, -0.01647732827552586, 2.1502890239881519e-10, -0.10367295132039342, 0.9946114412998274, 5.614524192787407e-10, 0.0, 0.0, 0.0, 1.0], "right_foot_pose": [0.9997056787708883, 0.023733433525770897, 0.005027918686194448, -9.055674581196456e-05, -0.024260169423509316, 0.9780306244926175, 0.20704478195338072, -0.17260622787842209, -3.574883208664427e-06, -0.20710582243784992, 0.9783185464354449, 0.025000004425474148, 0.0, 0.0, 0.0, 1.0]}, {"left_foot_pose": [0.9985910062062047, -0.052869773915838886, -0.004559531792632729, -4.285996382021734e-10, 0.053066018543696844, 0.9948980955681568, 0.0858007990101225, -0.01647732826067616, 6.517090497295968e-10, -0.08592186241547313, 0.9963018787290612, 1.312358277605341e-09, 0.0, 0.0, 0.0, 1.0], "right_foot_pose": [0.9995496325885894, 0.029135643168232167, 0.00718653527016384, -0.00011202071552441473, -0.030008864961935115, 0.9704955592346669, 0.23924430511401384, -0.18033468954581172, -3.963862143775434e-06, -0.2393522170420915, 0.9709328072432837, 0.02499255254579802, 0.0, 0.0, 0.0, 1.0]}, {"left_foot_pose": [0.9985910062068966, -0.05296939191663843, -0.0032009127885478774, -4.493767819880104e-10, 0.053066018530678966, 0.996772697769747, 0.06023443083588153, -0.016477327758760228, 1.301744775445107e-09, -0.060319420594054984, 0.9981791259584616, 2.529798939776562e-09, 0.0, 0.0, 0.0, 1.0], "right_foot_pose": [0.9993752477996797, 0.03418802157079724, 0.008960651003338186, -0.000131937371142049, -0.0353428079130073, 0.9667487666640989, 0.2532739782967603, -0.18750683663033593, -3.7620726535231294e-06, -0.25343243938872223, 0.9673530889242712, 0.021837794636972385, 0.0, 0.0, 0.0, 1.0]}, {"left_foot_pose": [0.9985910062057994, -0.05304729048280455, -0.0014097153339073059, -2.9992285228725574e-10, 0.05306601855132653, 0.9982385843688175, 0.026527841081588528, -0.0164773272196218, 2.1475457089443283e-09, -0.026565271498192416, 0.9996470808991684, 4.255934021868413e-09, 0.0, 0.0, 0.0, 1.0], "right_foot_pose": [0.9992027192893396, 0.038696188105969524, 0.00982500844054559, -0.000149047708145008, -0.039923999748426184, 0.9684918752464242, 0.2458242498732618, -0.19366798671911298, -2.979434791208058e-06, -0.2460205125751341, 0.9692646219600668, 0.01492378018358334, 0.0, 0.0, 0.0, 1.0]}, {"left_foot_pose": [0.998591006202677, -0.05305983700109757, 0.0008099558891138868, -1.9759452494355623e-10, 0.05306601861008022, 0.9984746803989399, -0.015241727956834268, -0.016477326784738004, 3.1534841264603297e-09, 0.015263233590967484, 0.9998835100652217, 6.4199284152688385e-09, 0.0, 0.0, 0.0, 1.0], "right_foot_pose": [0.9990571345245258, 0.04233578523086794, 0.009618900380447845, -0.0001620890610002826, -0.04341476652250443, 0.9742371661876813, 0.22130770900805083, -0.1983634698819465, -1.8546099889918796e-06, -0.22151664792399145, 0.9751565898301044, 0.007129214077764429, 0.0, 0.0, 0.0, 1.0]}, {"left_foot_pose": [0.9985910061939657, -0.05295533409887902, 0.0034256297230902595, 4.128263369172769e-10, 0.05306601877401054, 0.9965081480138297, -0.0644632344326936, -0.01647732659048138, 4.185339553805752e-09, 0.0645541906658591, 0.997914202959091, 8.677994815797785e-09, 0.0, 0.0, 0.0, 1.0], "right_foot_pose": [0.9989653583633459, 0.04470910519912338, 0.008325184819907041, -0.0001697972731484173, -0.045477607561826415, 0.9820870471522447, 0.18285737345329184, -0.20113861076713307, -6.666306205576238e-07, -0.1830467910892675, 0.9831042021431287, 0.0013328067940602886, 0.0, 0.0, 0.0, 1.0]}, {"left_foot_pose": [0.9985910061715307, -0.052691170351947314, 0.006296265581483012, 3.542858183365992e-09, 0.053066019196191035, 0.991537129112802, -0.11848256917121766, -0.016477326631836167, 4.137141316027062e-09, 0.11864974571268531, 0.9929361700745504, 1.0124051791349231e-08, 0.0, 0.0, 0.0, 1.0], "right_foot_pose": [0.9989463648973782, 0.045489949381679835, 0.006068324609495484, -0.00017134645492892798, -0.04589291947908717, 0.9901749451791195, 0.13208867431090954, -0.2016973967356334, 4.120760117406681e-09, -0.1322279941796735, 0.9912193286832235, 1.01355735609987e-08, 0.0, 0.0, 0.0, 1.0]}, {"left_foot_pose": [0.998591006159843, -0.05227391550979132, 0.0091345593188027, 6.072616823239382e-09, 0.05306601941613446, 0.9836852659733978, -0.17189326656438017, -0.01647732679129144, 2.6800219257408418e-09, 0.1721358047127956, 0.9850732281083877, 1.0671317628163646e-08, 0.0, 0.0, 0.0, 1.0], "right_foot_pose": [0.9989463648940061, 0.045755124767376115, 0.003553677330971571, -0.00017134418099161864, -0.04589291955248437, 0.9959469957178807, 0.07735258014750616, -0.20169739614667362, 2.694195638862444e-09, -0.07743416738138949, 0.9969974672595469, 9.384863143557798e-09, 0.0, 0.0, 0.0, 1.0]}, {"left_foot_pose": [0.998591006182102, -0.051745213913129064, 0.011765849280981622, 9.587916708405503e-10, 0.05306601899726688, 0.9737362128407292, -0.22140863901477975, -0.016477326701056498, 3.868316439935995e-09, 0.22172104239264193, 0.9751101370411044, 9.822814242554934e-09, 0.0, 0.0, 0.0, 1.0], "right_foot_pose": [0.9989463649073697, 0.045879468453566344, 0.0011110413000626276, -0.0001713491513134456, -0.0458929192616052, 0.9986535804917257, 0.024184005720805656, -0.20169739581282173, 3.955166727092194e-09, -0.02420951353237808, 0.9997069067754438, 7.654629770315058e-09, 0.0, 0.0, 0.0, 1.0]}, {"left_foot_pose": [0.9987419458241485, -0.04839362241160864, 0.013137083438759512, 1.4116811545455618e-05, 0.05014504593296746, 0.963835496165193, -0.26173767535526454, -0.017714151817341418, 4.446897674324607e-06, 0.2620671548322678, 0.9650496393131007, 0.0028444567308930566, 0.0, 0.0, 0.0, 1.0], "right_foot_pose": [0.9989463649128856, 0.04588037298989833, -0.0010730338481478824, -0.00017134990679249873, -0.04589291914153476, 0.9986732756186014, -0.02335655235434631, -0.20169739590816257, 2.8942038351925333e-09, 0.023381187726900784, 0.9997266226626553, 5.46237543391781e-09, 0.0, 0.0, 0.0, 1.0]}, {"left_foot_pose": [0.9991196796608555, -0.04014955485775592, 0.012160549293290742, 5.3708322653518454e-05, 0.04195075247635613, 0.9561592187771767, -0.28982698755307007, -0.0211831547085797, 9.003223845850105e-06, 0.2900819911544732, 0.9570017964072997, 0.009617037225597633, 0.0, 0.0, 0.0, 1.0], "right_foot_pose": [0.998946364915029, 0.045801741891306584, -0.0028914464843257087, -0.00017135030738493718, -0.04589291909488409, 0.9969617229087201, -0.06293777110628491, -0.20169739576415383, 1.9212873771258613e-09, 0.06300415458204968, 0.9980132646941128, 3.5702344067245484e-09, 0.0, 0.0, 0.0, 1.0]}, {"left_foot_pose": [0.9995631301766125, -0.02815958951452275, 0.008976987796945817, 0.00011356960305803536, 0.02955585608734493, 0.9522109793359236, -0.3040077337882484, -0.026428385935592835, 1.2746651100722667e-05, 0.3041402445427041, 0.9526272678687232, 0.017439492739579926, 0.0, 0.0, 0.0, 1.0], "right_foot_pose": [0.9989463649151255, 0.045687173786502305, -0.004340757336970924, -0.00017135048772628635, -0.0458929190927808, 0.9944679306915871, -0.09448478609351052, -0.20169739545468884, 1.1240969935656612e-09, 0.0945844436331624, 0.9955168421591899, 2.1249580844928673e-09, 0.0, 0.0, 0.0, 1.0]}, {"left_foot_pose": [0.9999014957467159, -0.013394137524377708, 0.004194744743018817, 0.0001884931265521008, 0.014035618359763547, 0.9538847862857568, -0.2998446529618896, -0.03299371818446748, 1.4857325002891463e-05, 0.2998739928245777, 0.9539788195797146, 0.02343311658804699, 0.0, 0.0, 0.0, 1.0], "right_foot_pose": [0.9989463649142382, 0.04557015788771192, -0.0054332986958462465, -0.0001713504765460999, -0.045892919112094734, 0.9919208564597386, -0.11826603272093357, -0.2016973950839908, 5.119389652782871e-10, 0.11839077341696518, 0.9929670814129404, 1.1189713045034466e-09, 0.0, 0.0, 0.0, 1.0]}, {"left_foot_pose": [0.9999937675847737, 0.0033924815564132823, -0.0009776811852044793, 0.0002732752387858842, -0.0035305205125193365, 0.9620327155098474, -0.2729113220693869, -0.04042302696146964, 1.4714658848176377e-05, 0.27291307289618666, 0.9620386969482259, 0.02500000490298713, 0.0, 0.0, 0.0, 1.0], "right_foot_pose": [0.9989463649131589, 0.04547433637776569, -0.006184234616161634, -0.0001713503214600924, -0.04589291913559117, 0.9898351181180984, -0.13461158536078485, -0.20169739485524937, 8.871772799220358e-11, 0.13475356645050837, 0.9908791431495915, 5.135849523441038e-10, 0.0, 0.0, 0.0, 1.0]}, {"left_foot_pose": [0.9997566600933695, 0.021456541542055767, -0.005122247944587726, 0.00036271527117530194, -0.022059474976450912, 0.9725650823330666, -0.2315826854284224, -0.0482601717064136, 1.2755983642403775e-05, 0.2316393262197295, 0.9728017384779675, 0.025000006882853545, 0.0, 0.0, 0.0, 1.0], "right_foot_pose": [0.9989463649123885, 0.04541303457117626, -0.006619389651766008, -0.00017135014425623577, -0.045892919152356715, 0.9885007670402832, -0.14408356440776693, -0.20169739487204164, -1.4347904919973922e-10, 0.14423553602288508, 0.9895433846720371, 1.5377484702261413e-10, 0.0, 0.0, 0.0, 1.0]}, {"left_foot_pose": [0.9991808872526758, 0.03978905165498239, -0.007374680830652652, 0.00045160432815455993, -0.040466707992862984, 0.982491998589202, -0.18185686198880974, -0.056049020376277105, 9.652832779358865e-06, 0.18200632977068057, 0.9832973588036483, 0.025000008040079402, 0.0, 0.0, 0.0, 1.0], "right_foot_pose": [0.9989463649120919, 0.045391949702966165, -0.006762464867254018, -0.00017134994753138896, -0.04589291915881408, 0.9880418145533156, -0.1471978690921655, -0.20169739489033267, -2.1192104757501783e-10, 0.1473531255058918, 0.9890839481073611, 3.9468768531225606e-11, 0.0, 0.0, 0.0, 1.0]}, {"left_foot_pose": [0.9983357262609441, 0.057251101477236145, -0.006934626931376002, 0.0005347364180003514, -0.057669555555837984, 0.9911037097218471, -0.11994856788468096, -0.06333345154107312, 5.746845208522246e-06, 0.1201488574861909, 0.99275588742235, 0.022459727896241878, 0.0, 0.0, 0.0, 1.0], "right_foot_pose": [0.9989463649119322, 0.045440826293330266, -0.006425833410216303, -0.00017134976694929043, -0.04589291916228976, 0.9891057068717669, -0.13987044221159134, -0.20169739506977724, 2.9343775385574966e-11, 0.1400179700591389, 0.9901489625609461, 2.2870259158702666e-10, 0.0, 0.0, 0.0, 1.0]}, {"left_foot_pose": [0.9973618382762188, 0.07245525995202935, -0.004427059471730267, 0.000606910183922561, -0.07259038190069853, 0.995507339608916, -0.06079287162398313, -0.06965731412303502, 2.4068802462735407e-06, 0.06095385213473577, 0.9981405852404485, 0.015838565001313754, 0.0, 0.0, 0.0, 1.0], "right_foot_pose": [0.9989463649125477, 0.04550327359928903, -0.005967589107381827, -0.00017134965580608132, -0.0458929191488871, 0.9904649916576516, -0.12989588243128597, -0.20169739525384944, 2.1776717368278572e-10, 0.13003288965625953, 0.9915096810458497, 6.104902416925739e-10, 0.0, 0.0, 0.0, 1.0]}, {"left_foot_pose": [0.9964524510892167, 0.0841534474573687, -0.0008426145818449275, 0.0006629145078309174, -0.08415766583155994, 0.9964025372731973, -0.00997351479264622, -0.0745644719476866, 2.7765422521151157e-07, 0.010009045737510396, 0.9999499082470825, 0.007998179599940952, 0.0, 0.0, 0.0, 1.0], "right_foot_pose": [0.9989463649131468, 0.04559041093668351, -0.005260651806995536, -0.0001713496201006553, -0.04589291913585482, 0.9923617017990445, -0.11450804677268021, -0.2016973953511712, 4.718386708714553e-10, 0.11462882374485367, 0.9934083917336672, 1.0503652600468705e-09, 0.0, 0.0, 0.0, 1.0]}, {"left_foot_pose": [0.9958229992317158, 0.09126580289890926, 0.002665974937518046, 0.0006975427199523494, -0.09130473263195059, 0.9953985358072835, 0.02907233584913813, -0.07759879659650962, -3.974758863298222e-07, -0.029194316808834202, 0.9995737550905931, 0.0018172770247851175, 0.0, 0.0, 0.0, 1.0], "right_foot_pose": [0.998946364913368, 0.045686494046403923, -0.004347906176072785, -0.00017134968239745539, -0.045892919131038344, 0.9944531331838947, -0.09464040297022643, -0.20169739525071448, 7.127362718753438e-10, 0.09474022462757171, 0.9955020290474136, 1.4152800459354964e-09, 0.0, 0.0, 0.0, 1.0]}, {"left_foot_pose": [0.9956543964551543, 0.0929792294177299, 0.005213992367504684, 0.0007063660723320048, -0.093125307084182, 0.9940925984836595, 0.05574569777555416, -0.07837204238379512, 8.014375231224133e-10, -0.05598900371404944, 0.9984313854557605, 1.6056580648404761e-09, 0.0, 0.0, 0.0, 1.0], "right_foot_pose": [0.9989463649123775, 0.045772971277332125, -0.0033158903467098225, -0.00017135012611781467, -0.04589291915259768, 0.9963354733464709, -0.07217662033593236, -0.20169739500634057, 8.086224548161058e-10, 0.07225274840384073, 0.9973863546029148, 1.5355990853893609e-09, 0.0, 0.0, 0.0, 1.0]}, {"left_foot_pose": [0.9956543964540572, 0.09283277712995482, 0.007375521137385093, 0.0007063653951392562, -0.09312530709591148, 0.9925267955974841, 0.07885580003577988, -0.07837204256952485, 5.49775211134146e-10, -0.07919997166243778, 0.9968587485138855, 1.6786820128400493e-09, 0.0, 0.0, 0.0, 1.0], "right_foot_pose": [0.9989463649113283, 0.04583792467016747, -0.00224603926397577, -0.00017135081473708185, -0.04589291917543775, 0.9977493058616025, -0.04888928944305938, -0.20169739497636016, 5.499005087305507e-10, 0.048940855270648315, 0.9988016783553066, 1.5111393386613159e-09, 0.0, 0.0, 0.0, 1.0]}, {"left_foot_pose": [0.9956543964547728, 0.09265258178476378, 0.009371334424758735, 0.0007063662343046941, -0.09312530708826122, 0.990600226953591, 0.1001941492264498, -0.07837204242669069, 5.975340714635879e-10, -0.1006314535724929, 0.9949237712266646, 1.203400497307161e-09, 0.0, 0.0, 0.0, 1.0], "right_foot_pose": [0.9989463649117031, 0.04587590185546785, -0.0012496634115568633, -0.0001713499900810909, -0.04589291916728217, 0.9985759512229831, -0.02720127955482531, -0.20169739506427306, 5.987034731931816e-10, 0.02722997003417251, 0.9996291956180243, 1.1627987947515628e-09, 0.0, 0.0, 0.0, 1.0]}, {"left_foot_pose": [0.9956543964547854, 0.09247219276892801, 0.011009831277747408, 0.0007063665436815674, -0.09312530708812829, 0.988671587980418, 0.11771222663776744, -0.07837204218442434, 3.401400116743625e-10, -0.11822598988710405, 0.9929867145713561, 6.88939932880217e-10, 0.0, 0.0, 0.0, 1.0], "right_foot_pose": [0.9988388604810594, 0.0481757072831288, -0.00017894320124143032, -0.000582128284483755, -0.048176039614065566, 0.9988319744217742, -0.0037089189536056006, -0.20263272007136385, 5.439715964760087e-08, 0.0037132331559875595, 0.999993105925999, 0.0022503013998615012, 0.0, 0.0, 0.0, 1.0]}, {"left_foot_pose": [0.9956543964553356, 0.09231627054366134, 0.012248633069516242, 0.000706366589806099, -0.09312530708224305, 0.9870045372534673, 0.13095694186223109, -0.07837204215989571, 5.975866051265029e-11, -0.13152851262741272, 0.9913123878808444, 3.3383730502212217e-10, 0.0, 0.0, 0.0, 1.0], "right_foot_pose": [0.998441786954747, 0.05577714526603577, 0.0017053236007881826, -0.0019547443699176165, -0.055803208346849514, 0.9979759538729308, 0.030495859220754477, -0.20575812162361024, -8.999773903095504e-07, -0.03054350270328423, 0.9995334383810304, 0.008710109078692747, 0.0, 0.0, 0.0, 1.0]}, {"left_foot_pose": [0.9956543964557144, 0.09221167198902509, 0.013012700234627594, 0.0007063664858614877, -0.09312530707819318, 0.985886216373311, 0.13912600600430658, -0.07837204227290334, -1.6830482296623785e-10, -0.13973323124477824, 0.9901891860073481, 1.092921239620459e-10, 0.0, 0.0, 0.0, 1.0], "right_foot_pose": [0.9977026892934445, 0.0675541100306129, 0.005077991197381009, -0.004104982321531052, -0.06774469549257738, 0.9948992251006239, 0.07474080630282423, -0.21065414724760115, -3.0408545847260165e-06, -0.07491311041566885, 0.9971900650721524, 0.016558462578535868, 0.0, 0.0, 0.0, 1.0]}, {"left_foot_pose": [0.995654396455309, 0.09217851671205406, 0.013245522865511184, 0.0007063662568904003, -0.09312530708252807, 0.9855317350194364, 0.14161524088305327, -0.07837204239861105, -2.824669721457065e-10, -0.14223333057460902, 0.9898331574935522, 2.399578452605411e-11, 0.0, 0.0, 0.0, 1.0], "right_foot_pose": [0.9965566940975495, 0.08225436401406055, 0.010439111552481381, -0.0068390087281188505, -0.08291414482449967, 0.9886359753306411, 0.1253959842660587, -0.21687944389576294, -6.114295550913968e-06, -0.1258297575403935, 0.9920518494917193, 0.022916656604812492, 0.0, 0.0, 0.0, 1.0]}, {"left_foot_pose": [0.9956543964541466, 0.09225186278420827, 0.01272464672882746, 0.0007063660244054865, -0.09312530709495564, 0.986315918210824, 0.13604626662430086, -0.07837204238156899, -1.0132348267127956e-10, -0.1366400501199552, 0.9906207633111762, 1.7769126448019534e-10, 0.0, 0.0, 0.0, 1.0], "right_foot_pose": [0.9949649418734623, 0.09871708466311728, 0.01731189297427779, -0.009962986894998818, -0.10022357186612425, 0.9800252526614572, 0.171772348730064, -0.22399265047626102, -9.226793796526853e-06, -0.1726425247193226, 0.9849845473779801, 0.02500000573085414, 0.0, 0.0, 0.0, 1.0]}, {"left_foot_pose": [0.9956543964514769, 0.09238773821020815, 0.011697378135620778, 0.0007063658157573309, -0.09312530712349681, 0.9877686372303687, 0.12506316994709302, -0.0783720424037522, 1.4461994881514752e-10, -0.12560901692340085, 0.9920798228305713, 6.056734905279804e-10, 0.0, 0.0, 0.0, 1.0], "right_foot_pose": [0.9929437433914569, 0.11583885400850094, 0.025378777782975783, -0.013283077233649434, -0.11858634963869326, 0.9699597708655503, 0.21240367365424379, -0.23155239759822938, -1.1795339919738952e-05, -0.21391447544391706, 0.9768523926655568, 0.025000004463137437, 0.0, 0.0, 0.0, 1.0]}, {"left_foot_pose": [0.995654396448394, 0.09258450398544127, 0.010021599411017103, 0.0007063656513308755, -0.09312530715646009, 0.98987236861982, 0.10714649322307761, -0.07837204241077039, 5.824951981567028e-10, -0.10761414156493541, 0.9941927361106814, 1.337320608418846e-09, 0.0, 0.0, 0.0, 1.0], "right_foot_pose": [0.9905819470069606, 0.13267503828899513, 0.033834013638825516, -0.0166054474121637, -0.13692116742226243, 0.9598864347251274, 0.24468474889622424, -0.2391173371442251, -1.3252295674005451e-05, -0.24701288761053994, 0.9690121945459094, 0.025000002639479497, 0.0, 0.0, 0.0, 1.0]}, {"left_foot_pose": [0.9956543964460481, 0.09281113187051958, 0.007643077820468022, 0.0007063656323721869, -0.09312530718154252, 0.992295372559231, 0.0817164044723036, -0.07837204199131137, 1.2381027440416226e-09, -0.08207306134445626, 0.996626315426976, 2.4641196028074575e-09, 0.0, 0.0, 0.0, 1.0], "right_foot_pose": [0.9880465242434817, 0.14863199233085425, 0.04089739339048381, -0.019736262132173207, -0.15415597867732292, 0.952663441994386, 0.26204637094