{"LoopMode": "Wrap", "FrameDuration": 0.0167, "EnableCycleOffsetPosition": true, "EnableCycleOffsetRotation": false, "Debug_info": [{"left_foot_pose": [1.0000000000000002, 4.678639421489545e-14, -4.540701148414429e-12, 1.1146993449466425e-12, 6.226404702943817e-16, 0.9999462454808307, 0.010368517193461482, -2.781507663085492e-13, 4.54043101266206e-12, -0.010368517193461652, 0.9999462454808309, 1.0278895790083453e-11, 0.0, 0.0, 0.0, 1.0], "right_foot_pose": [0.9999999999999997, -8.416933302171799e-14, -4.584721491340814e-12, 1.5410814176062059e-12, 1.9684847114997403e-14, 0.9999009098457466, -0.014077304061784023, -0.1400000000014674, 4.5852522818167726e-12, 0.014077304061783869, 0.9999009098457466, 7.979006344527306e-12, 0.0, 0.0, 0.0, 1.0]}, {"left_foot_pose": [1.0000000000000004, 8.86170347843073e-14, -1.01777475336462e-11, 1.953575028810339e-12, -5.006932900611051e-15, 0.9999665238777368, 0.008182366642756017, 1.438085761584773e-14, 1.0177832308833308e-11, -0.008182366642756188, 0.9999665238777371, 2.2214806383313856e-11, 0.0, 0.0, 0.0, 1.0], "right_foot_pose": [0.9999999999999998, -2.3092741404979727e-13, -1.0253076165867013e-11, 3.043361483319188e-12, 6.420123208130813e-14, 0.9998677278089318, -0.016264282529630737, -0.1400000000026403, 1.0255516426908917e-11, 0.016264282529630584, 0.9998677278089318, 1.8614672303574054e-11, 0.0, 0.0, 0.0, 1.0]}, {"left_foot_pose": [1.0000000000000004, 8.908789953095043e-14, -1.7927825890495803e-11, 2.932810335372725e-12, 3.326391999006438e-15, 0.9999868087264351, 0.005136377431744175, 6.400054097799313e-13, 1.792783007892664e-11, -0.00513637743174435, 0.9999868087264352, 3.847541729662396e-11, 0.0, 0.0, 0.0, 1.0], "right_foot_pose": [0.9999999999999998, -4.967513826388213e-13, -1.8049783889750867e-11, 4.971155125961761e-12, 1.4814531166188477e-13, 0.9998135034170027, -0.019312130514764974, -0.14000000000401888, 1.8055807650949634e-11, 0.019312130514764825, 0.9998135034170026, 3.3438495028459414e-11, 0.0, 0.0, 0.0, 1.0]}, {"left_foot_pose": [1.0000000000000007, -1.0211423902145382e-14, -2.7688185078034173e-11, 4.007190703254344e-12, 4.503533809755792e-14, 0.9999992240130495, 0.0012457822039035713, 1.6517412437799806e-12, 2.7687839563262008e-11, -0.001245782203903745, 0.9999992240130496, 5.891826609927264e-11, 0.0, 0.0, 0.0, 1.0], "right_foot_pose": [0.9999999999999998, -9.370172163112914e-13, -2.7883584330368188e-11, 7.2679452214054705e-12, 2.8975586535892194e-13, 0.9997306976872998, -0.023206294440624834, -0.14000000000551716, 2.7897585519852862e-11, 0.02320629444062469, 0.9997306976872997, 5.225991861479429e-11, 0.0, 0.0, 0.0, 1.0]}, {"left_foot_pose": [1.0000000000000004, -2.818113179262237e-13, -3.9574843402334636e-11, 5.147689307125891e-12, 1.443333067863923e-13, 0.9999939370711031, -0.003482214961126499, 3.140276233493111e-12, 3.957532228586153e-11, 0.003482214961126324, 0.9999939370711033, 8.386374927837892e-11, 0.0, 0.0, 0.0, 1.0], "right_foot_pose": [1.0, -1.6294369440236385e-12, -3.9884706648507505e-11, 9.920763018145737e-12, 5.14469003122833e-13, 0.9996095899154956, -0.0279404321543966, -0.14000000000706533, 3.991440979832683e-11, 0.02794043215439645, 0.9996095899154958, 7.530848167291992e-11, 0.0, 0.0, 0.0, 1.0]}, {"left_foot_pose": [1.0000000000000007, -8.214663634258897e-13, -5.39435163204871e-11, 6.3347780426559766e-12, 3.3315013646550576e-13, 0.999958976331261, -0.009057905637485743, 5.251216128598912e-12, 5.394843629730278e-11, 0.009057905637485562, 0.9999589763312611, 1.1415432488171007e-10, 0.0, 0.0, 0.0, 1.0], "right_foot_pose": [0.9999999999999998, -2.684661699174654e-12, -5.443057116139014e-11, 1.2957775673314585e-11, 8.583858658455693e-13, 0.9994378487807825, -0.03352590676539379, -0.14000000000859766, 5.448986265481231e-11, 0.033525906765393645, 0.9994378487807822, 1.0329281180387895e-10, 0.0, 0.0, 0.0, 1.0]}, {"left_foot_pose": [1.0000000000000007, -1.763540917852164e-12, -7.139883129170241e-11, 7.549686609506855e-12, 6.561148220340047e-13, 0.9998796795744596, -0.01551213634792678, 8.203332110823247e-12, 7.141747150244087e-11, 0.015512136347926602, 0.9998796795744596, 1.5118683388548604e-10, 0.0, 0.0, 0.0, 1.0], "right_foot_pose": [0.9999999999999999, -4.262552982372913e-12, -7.215461561571599e-11, 1.6440401818151202e-11, 1.3733900482855859e-12, 0.9991998840237725, -0.039994896760457754, -0.1400000000100314, 7.226720763314645e-11, 0.03999489676045761, 0.9991998840237724, 1.3742089410850866e-10, 0.0, 0.0, 0.0, 1.0]}, {"left_foot_pose": [1.0000000000000004, -3.302423397418832e-12, -9.278522394851048e-11, 8.761262394436925e-12, 1.1774155367150184e-12, 0.9997378372841664, -0.022896652645706266, 1.2310345451349569e-11, 9.283646748001066e-11, 0.022896652645706086, 0.9997378372841668, 1.9692935476767204e-10, 0.0, 0.0, 0.0, 1.0], "right_foot_pose": [1.0, -6.594494012374689e-12, -9.394252042937976e-11, 2.0449653197780152e-11, 2.1341957666380666e-12, 0.9988759497197854, -0.04740081298244497, -0.14000000001123789, 9.414916761207106e-11, 0.047400812982444834, 0.9988759497197854, 1.7939758012452955e-10, 0.0, 0.0, 0.0, 1.0]}, {"left_foot_pose": [1.0000000000000004, -5.719627407453108e-12, -1.1916351239094062e-10, 9.9085155770227e-12, 1.9894245152873107e-12, 0.9995105797462456, -0.031282598602492426, 1.800378943150882e-11, 1.192837290535514e-10, 0.031282598602492245, 0.9995105797462458, 2.5393191022127226e-10, 0.0, 0.0, 0.0, 1.0], "right_foot_pose": [0.9999999999999998, -1.0011583737771499e-11, -1.2091655454682374e-10, 2.5067779030378283e-11, 3.2468635985161525e-12, 0.9984410222675397, -0.05581688860327397, -0.14000000001200527, 1.21286767049465e-10, 0.05581688860327383, 0.9984410222675396, 2.3140641486341096e-10, 0.0, 0.0, 0.0, 1.0]}, {"left_foot_pose": [1.0000000000000002, -9.411618961554229e-12, -1.5171014444703685e-10, 1.0872040471214831e-11, 3.2209956189363768e-12, 0.9991691180571964, -0.04075626971160212, 2.5840598757986832e-11, 1.5196740178072536e-10, 0.04075626971160194, 0.9991691180571965, 3.251950514426838e-10, 0.0, 0.0, 0.0, 1.0], "right_foot_pose": [0.9999999999999998, -1.497122449089455e-11, -1.543359329225779e-10, 3.0342034125967335e-11, 4.856232017291713e-12, 0.9978635809624664, -0.06533202728190388, -0.14000000001199148, 1.5498413031590093e-10, 0.06533202728190371, 0.9978635809624665, 2.9594886957751143e-10, 0.0, 0.0, 0.0, 1.0]}, {"left_foot_pose": [1.0000000000000002, -1.48925928625187e-11, -1.9133422624051354e-10, 1.1417981865927192e-11, 5.036933487122438e-12, 0.9986776815381505, -0.05140903031166511, 3.643511360673646e-11, 1.9184671926772185e-10, 0.05140903031166493, 0.9986776815381504, 4.134947939604672e-10, 0.0, 0.0, 0.0, 1.0], "right_foot_pose": [0.9999999999999999, -2.2049203386837918e-11, -1.9521584349035935e-10, 3.619950551592336e-11, 7.141074022281702e-12, 0.9971047082428315, -0.07604078379381703, -0.14000000001067642, 1.9632716750273379e-10, 0.07604078379381687, 0.9971047082428316, 3.751719143685328e-10, 0.0, 0.0, 0.0, 1.0]}, {"left_foot_pose": [1.0000000000000007, -2.2695425935489414e-11, -2.376630559020039e-10, 1.1094622278958554e-11, 7.602871540597068e-12, 0.9979936674553439, -0.06331381933696299, 5.017645500482448e-11, 2.3862303224972303e-10, 0.06331381933696283, 0.9979936674553441, 5.193920918356021e-10, 0.0, 0.0, 0.0, 1.0], "right_foot_pose": [1.0, -3.180420042556535e-11, -2.432901102800143e-10, 4.2264511671703393e-11, 1.026648243536741e-11, 0.9961187252991501, -0.08801979952486057, -0.14000000000737364, 2.4514490503341e-10, 0.08801979952486043, 0.9961187252991501, 4.69001254499446e-10, 0.0, 0.0, 0.0, 1.0]}, {"left_foot_pose": [1.0000000000000007, -3.294155111413588e-11, -2.8643742933098736e-10, 9.024681837979933e-12, 1.0941639010030206e-11, 0.9970719035107573, -0.07646972753603987, 6.634751775758119e-11, 2.881176832975595e-10, 0.07646972753603967, 0.9970719035107575, 6.357347426266813e-10, 0.0, 0.0, 0.0, 1.0], "right_foot_pose": [1.0, -4.423935981566978e-11, -2.9430857750867264e-10, 4.745406187554704e-11, 1.4206810169026736e-11, 0.9948587849404011, -0.10127190146782465, -0.14000000000148477, 2.9727550539002875e-10, 0.10127190146782447, 0.9948587849404014, 5.701758995502182e-10, 0.0, 0.0, 0.0, 1.0]}, {"left_foot_pose": [1.0000000000000007, -4.399315919710638e-11, -3.2331670674068314e-10, 3.54799535421479e-12, 1.4496172585536953e-11, 0.9958807085259425, -0.09067311831997409, 8.079470079080942e-11, 3.259734882666453e-10, 0.09067311831997392, 0.9958807085259426, 7.337541130247871e-10, 0.0, 0.0, 0.0, 1.0], "right_foot_pose": [1.0000000000000002, -5.716533645506678e-11, -3.3355085360398076e-10, 4.9130292280885426e-11, 1.8225166588045702e-11, 0.9932963543026654, -0.11559564234448343, -0.1399999999935017, 3.3792258019580494e-10, 0.1155956423444833, 0.9932963543026655, 6.520772741214209e-10, 0.0, 0.0, 0.0, 1.0]}, {"left_foot_pose": [1.0000000000000004, -4.925260578389066e-11, -3.1229735464321974e-10, -7.849281591201861e-12, 1.6120053034020022e-11, 0.9944491079863765, -0.10521868477176796, 8.122270217514327e-11, 3.15745926036296e-10, 0.1052186847717678, 0.9944491079863766, 7.350151529084137e-10, 0.0, 0.0, 0.0, 1.0], "right_foot_pose": [0.9999999999999998, -6.238821882931321e-11, -3.2355607082479273e-10, 4.187569943936053e-11, 1.9703034733674046e-11, 0.9914769807531693, -0.13028198891857554, -0.13999999998764515, 3.2892620262381075e-10, 0.1302819889185754, 0.9914769807531691, 6.451347789315776e-10, 0.0, 0.0, 0.0, 1.0]}, {"left_foot_pose": [0.9999999962482786, -8.597794575884889e-05, 1.054688607366071e-05, 3.2078617684820745e-05, 8.662201481702247e-05, 0.9929285176243049, -0.11871373713697972, 5.77939596276833e-05, -2.6554070246162675e-07, 0.11871373760519113, 0.9929285213466964, 0.00016386103231617183, 0.0, 0.0, 0.0, 1.0], "right_foot_pose": [1.0, -4.51065873693565e-11, -2.1248325321465676e-10, 6.522920796936898e-11, 1.4157724470573831e-11, 0.9896564379208836, -0.14345778083376504, -0.14000000003020258, 2.167560624671265e-10, 0.14345778083376487, 0.9896564379208835, 4.3930693804927756e-10, 0.0, 0.0, 0.0, 1.0]}, {"left_foot_pose": [0.9999970082106069, -0.00242133772146687, 0.00034740966449746884, 0.000905947362367704, 0.0024461331269261524, 0.9899529709271669, -0.14137585290707189, 0.0016322094789294004, -1.6005439496842453e-06, 0.14137627975058345, 0.9899559321107806, 0.004191209475169384, 0.0, 0.0, 0.0, 1.0], "right_foot_pose": [0.9999999999999999, -1.9690331110748817e-11, -7.392664258532012e-11, 2.0653529138936492e-10, 8.109239305670892e-12, 0.9881485438999396, -0.15350066836476414, -0.14000000009343433, 7.60729209302996e-11, 0.15350066836476403, 0.9881485438999394, 2.4721481806100343e-10, 0.0, 0.0, 0.0, 1.0]}, {"left_foot_pose": [0.999971221194539, -0.007468066612915714, 0.001335950511325211, 0.0028098093258662896, 0.0075866179523438725, 0.984421210003813, -0.175662530218242, 0.00506233596108527, -3.2785418011760295e-06, 0.17566761020659039, 0.9844495369055528, 0.01146980290692342, 0.0, 0.0, 0.0, 1.0], "right_foot_pose": [1.0, 2.2749277094008283e-12, 4.733241576460044e-11, 2.2285838610670188e-10, 5.297082274507867e-12, 0.9872205552668892, -0.15935989225189418, -0.14000000000745194, -4.709027734742242e-11, 0.15935989225189404, 0.9872205552668888, 1.4448751917139901e-10, 0.0, 0.0, 0.0, 1.0]}, {"left_foot_pose": [0.9998888274198094, -0.014554049606773516, 0.0032422894816772603, 0.005522583108415148, 0.014910827384341808, 0.9760407619389398, -0.2170762498763267, 0.009949856908489069, -5.2681869707705795e-06, 0.21710046216832088, 0.9761492658904933, 0.019120928488442754, 0.0, 0.0, 0.0, 1.0], "right_foot_pose": [1.0, 4.721905975939938e-12, 9.107087306503556e-11, 9.800790086083938e-11, 9.925740803860785e-12, 0.987089833941197, -0.1601675988767404, -0.13999999986882591, -9.065147939620524e-11, 0.16016759887674023, 0.987089833941197, 1.4424833549853133e-10, 0.0, 0.0, 0.0, 1.0]}, {"left_foot_pose": [0.9997162396699161, -0.0230135842203358, 0.006149396846573822, 0.008823189649525729, 0.02382100097918564, 0.9659091947511773, -0.2577828299314803, 0.015896450600159963, -7.252089095110321e-06, 0.2578561661788724, 0.9661833146514909, 0.02426588217979002, 0.0, 0.0, 0.0, 1.0], "right_foot_pose": [0.9999999999999998, -2.2648966169004717e-11, 1.5092260774452038e-11, -1.3783462327034459e-10, 2.4717857491599943e-11, 0.9878704814029956, -0.15528010810343323, -0.1399999998140813, -1.1392429404253467e-11, 0.15528010810343307, 0.9878704814029955, 3.017881569644665e-10, 0.0, 0.0, 0.0, 1.0]}, {"left_foot_pose": [0.9994313558005955, -0.03228178441102077, 0.00973917028417718, 0.012490538183964279, 0.03371891111134423, 0.9569094359954012, -0.2884222015317633, 0.022503785067335025, -8.720614494975545e-06, 0.28858658613699306, 0.9574538016143377, 0.02500000672912011, 0.0, 0.0, 0.0, 1.0], "right_foot_pose": [0.9999999999999997, -7.945203204674835e-11, -2.0500717790028447e-10, -3.493331601626711e-10, 4.906631178201029e-11, 0.9895530233835416, -0.1441693931196639, -0.13999999984179728, 2.1431985175099892e-10, 0.1441693931196637, 0.9895530233835416, 7.160991105648051e-10, 0.0, 0.0, 0.0, 1.0]}, {"left_foot_pose": [0.9990312515598152, -0.04180915055520501, 0.013731472487735688, 0.016303537443268807, 0.044006344044247095, 0.9492180837583126, -0.311526036070915, 0.02937353914481816, -9.523058033415516e-06, 0.3118285176119236, 0.9501383980838067, 0.025000005568675952, 0.0, 0.0, 0.0, 1.0], "right_foot_pose": [0.9999999999999998, -1.5410842322568046e-10, -5.863151075757847e-10, -4.777239233111239e-10, 7.865612993018077e-11, 0.9919570280560334, -0.12657509427309108, -0.1399999997986205, 6.0110555536348e-10, 0.12657509427309097, 0.9919570280560335, 1.4227951594669719e-09, 0.0, 0.0, 0.0, 1.0]}, {"left_foot_pose": [0.9985363003920935, -0.051121297078585703, 0.01765983534108353, 0.020041108807122076, 0.054085642357674456, 0.9438654171825775, -0.3258723945619167, 0.036107395510424016, -9.488359477630544e-06, 0.32635055880412195, 0.9452488099321835, 0.024910273122331315, 0.0, 0.0, 0.0, 1.0], "right_foot_pose": [1.0, -2.2613441821570397e-10, -1.1692115053918416e-09, -5.989707279759293e-10, 1.0576741457855268e-10, 0.9947905809320914, -0.10193968848683156, -0.1399999998643431, 1.186172468170791e-09, 0.10193968848683141, 0.9947905809320915, 2.4858074140765574e-09, 0.0, 0.0, 0.0, 1.0]}, {"left_foot_pose": [0.9979907184882054, -0.059980973454096635, 0.020415891724234383, 0.023482167452523996, 0.06336028521361499, 0.9448052673477155, -0.32144747790216416, 0.042307027225253854, -8.309399721519056e-06, 0.32209515615033985, 0.9467072991772288, 0.021163836049876317, 0.0, 0.0, 0.0, 1.0], "right_foot_pose": [0.9999999999999998, -2.521499542331996e-10, -1.9833015230119587e-09, -7.450503179937333e-10, 1.1365954764811041e-10, 0.9975805135851038, -0.06952063661446563, -0.14000000041220034, 1.9960325974242516e-09, 0.0695206366144655, 0.997580513585104, 4.05472450754063e-09, 0.0, 0.0, 0.0, 1.0]}, {"left_foot_pose": [0.9974595302518202, -0.06798217739057298, 0.02128166034535353, 0.026405622353637075, 0.07123542287007784, 0.9519325823679545, -0.29790916930299316, 0.047574116819310674, -6.191895795939469e-06, 0.29866834814475207, 0.9543569655941879, 0.013996813083719521, 0.0, 0.0, 0.0, 1.0], "right_foot_pose": [1.0, -1.6158488553417033e-10, -2.987799230247389e-09, -7.139140624618902e-10, 7.491984146677168e-11, 0.9995798869409166, -0.028983609561002793, -0.14000000097186643, 2.991227503144995e-09, 0.02898360956100263, 0.9995798869409166, 6.170591981824458e-09, 0.0, 0.0, 0.0, 1.0]}, {"left_foot_pose": [0.9970219922220379, -0.07442944486910098, 0.020184270164576253, 0.02859039473121595, 0.07711774771317274, 0.9622784383744009, -0.2609081448084228, 0.05151035076877446, -3.639593777798668e-06, 0.2616877237781758, 0.965152596852203, 0.006287909513952243, 0.0, 0.0, 0.0, 1.0], "right_foot_pose": [0.9999999999999998, 1.1833551866781322e-10, -4.114739826643899e-09, -4.903399165324161e-10, -3.8021083912070456e-11, 0.999809598965933, 0.019513221558230223, -0.14000000144806615, 4.116265464494e-09, -0.01951322155823037, 0.9998095989659328, 8.76519787307295e-09, 0.0, 0.0, 0.0, 1.0]}, {"left_foot_pose": [0.9967614904472132, -0.07853977008433091, 0.017263709814277706, 0.0298154010752471, 0.0804147446686984, 0.9735237633041833, -0.21397418330707432, 0.0537174086562059, -1.1485860670545632e-06, 0.21466948268713393, 0.9766867528545271, 0.0009158391945227468, 0.0, 0.0, 0.0, 1.0], "right_foot_pose": [0.9999999999999998, 6.210544497284319e-10, -5.145440296061568e-09, -6.591078106375191e-11, -2.3363953125608044e-10, 0.9971870427960141, 0.07495333001101727, -0.14000000168633675, 5.177516379676784e-09, -0.07495333001101741, 0.9971870427960138, 1.1452372231102181e-08, 0.0, 0.0, 0.0, 1.0]}, {"left_foot_pose": [0.9967212931864535, -0.0798678519190524, 0.012953375566262873, 0.030000001758352424, 0.0809114559795111, 0.9838654713527594, -0.15956838838281678, 0.05405000209714805, 5.457209951531075e-09, 0.16009328689751487, 0.9871018891129483, 1.3572892504365441e-08, 0.0, 0.0, 0.0, 1.0], "right_foot_pose": [0.9999999999999997, 1.1358481169474244e-09, -5.548923487364026e-09, 2.6470264682764783e-10, -3.857659619836969e-10, 0.9910692688932055, 0.13334805681181383, -0.14000000177622368, 5.650830509784222e-09, -0.133348056811814, 0.9910692688932053, 1.3154596023579046e-08, 0.0, 0.0, 0.0, 1.0]}, {"left_foot_pose": [0.9967212931977796, -0.08048994790231997, 0.00824814966093825, 0.03000000164826133, 0.08091145583999496, 0.9915288706555475, -0.10160627426683948, 0.054050001761988944, 5.203978489759023e-09, 0.10194050688130492, 0.9947904970679925, 1.185065474224034e-08, 0.0, 0.0, 0.0, 1.0], "right_foot_pose": [1.0, 1.4833684538648107e-09, -5.138870662335653e-09, 4.928916563573961e-10, -4.71971681883429e-10, 0.9814980126431491, 0.19147232483455262, -0.1400000017753127, 5.327815084390114e-09, -0.1914723248345528, 0.9814980126431492, 1.3645814124496614e-08, 0.0, 0.0, 0.0, 1.0]}, {"left_foot_pose": [0.9967212932107508, -0.08082601865419359, 0.003717306659605425, 0.03000000128364508, 0.0809114556802041, 0.9956688204857029, -0.04579231652057365, 0.054050001212672394, 4.292157533266114e-09, 0.04594294963454039, 0.9989440651902783, 9.241163535789187e-09, 0.0, 0.0, 0.0, 1.0], "right_foot_pose": [0.9999999999949969, -3.055928600460718e-06, -8.167921967672147e-07, 2.5553949471874667e-06, 3.162866534650389e-06, 0.9697468992400681, 0.24411257936507372, -0.13998348937149743, 4.609108719749757e-08, -0.244112579366436, 0.9697468992448821, 3.7409501800228506e-05, 0.0, 0.0, 0.0, 1.0]}, {"left_foot_pose": [0.9967212932191045, -0.08091104338071747, -0.0002582686220010992, 0.030000001121146452, 0.08091145557730067, 0.9967162156252691, 0.0031814880175418687, 0.054050001257676304, 3.0085328353828457e-09, -0.0031919537413416265, 0.9999949057026813, 6.527267691625038e-09, 0.0, 0.0, 0.0, 1.0], "right_foot_pose": [0.9999999471480527, -0.00031150664327457653, -9.309942463908607e-05, 0.00026281645533072, 0.00032512099323815153, 0.9585468390078697, 0.2849348201332391, -0.1383015480270617, 4.810698293644085e-07, -0.28493483534245656, 0.9585468896241517, 0.0034929886952302022, 0.0, 0.0, 0.0, 1.0]}, {"left_foot_pose": [0.9967212932224615, -0.08083419972875446, -0.0035349386354752493, 0.030000000867195342, 0.08091145553594245, 0.9957696056965879, 0.04354570855914705, 0.05405000101193551, 1.9482083799531676e-09, -0.04368895197958814, 0.9990451818986599, 4.187195076776895e-09, 0.0, 0.0, 0.0, 1.0], "right_foot_pose": [0.9999993865926031, -0.0010520692162331558, -0.00034635932342163715, 0.00089540204235548, 0.0011076161759517344, 0.9501049627107366, 0.31192841008609107, -0.13421344776240468, 9.074341437780967e-07, -0.3119286023800868, 0.9501055451982069, 0.01053849860653372, 0.0, 0.0, 0.0, 1.0]}, {"left_foot_pose": [0.9967212932229521, -0.080679896842051, -0.006117015736711732, 0.030000000582831633, 0.08091145552990148, 0.9938687998794731, 0.07535346700828938, 0.05405000060472374, 1.1441695031288163e-09, -0.075601341732092, 0.9971381233953039, 2.3958840605908804e-09, 0.0, 0.0, 0.0, 1.0], "right_foot_pose": [0.9999974592549343, -0.0021327984735938907, -0.0007298317249612625, 0.0018223556110545458, 0.002254214304426241, 0.9463141507778547, 0.3232405397772031, -0.12822294449496813, 1.243159176992509e-06, -0.32324136370251105, 0.9463165542196729, 0.01829521129661997, 0.0, 0.0, 0.0, 1.0]}, {"left_foot_pose": [0.9967212932222919, -0.08051140208082944, -0.00803602963296894, 0.030000000320527877, 0.08091145553803239, 0.9917931685239685, 0.09899316760213853, 0.05405000017014396, 5.719638719656262e-10, -0.09931880488692502, 0.9950556642700115, 1.164746070425604e-09, 0.0, 0.0, 0.0, 1.0], "right_foot_pose": [0.9999932711097316, -0.003482169979926908, -0.001154221594638443, 0.002965728375266497, 0.00366847833051971, 0.9493284019520812, 0.31426442292096385, -0.120833784588733, 1.4132026823045018e-06, -0.31426654250705555, 0.9493347882905502, 0.023884421590953317, 0.0, 0.0, 0.0, 1.0]}, {"left_foot_pose": [0.9967212932215201, -0.08037211050283746, -0.009326708537347836, 0.030000000147084337, 0.08091145554753668, 0.9900772814031846, 0.11489261599623882, 0.05404999996398048, 2.0428699017417485e-10, -0.11527055436059923, 0.9933341327556405, 4.499472114338765e-10, 0.0, 0.0, 0.0, 1.0], "right_foot_pose": [0.9999861977592588, -0.005041377660925555, -0.0014794601244434169, 0.004247578905774783, 0.005253978407804703, 0.9595952695139361, 0.2813348795250365, -0.11254971386374599, 1.367559973581598e-06, -0.28133876952484965, 0.9596085122383883, 0.02500000656031994, 0.0, 0.0, 0.0, 1.0]}, {"left_foot_pose": [0.9967212932211522, -0.08028730566209712, -0.010030562749705027, 0.030000000053656523, 0.08091145555207144, 0.9890325984770201, 0.12356316405077926, 0.05404999998711155, 1.980680538847047e-11, -0.1239696240992752, 0.992286013355366, 8.238078968991758e-11, 0.0, 0.0, 0.0, 1.0], "right_foot_pose": [0.9999760958712104, -0.006721480007419953, -0.0016215402188809638, 0.0055899573769752076, 0.006914310148745852, 0.9721274186474931, 0.23435117714432008, -0.10387449438670264, 1.1569553230057132e-06, -0.23435678701559176, 0.9721506551859082, 0.025000009167369497, 0.0, 0.0, 0.0, 1.0]}, {"left_foot_pose": [0.9967212932213272, -0.08026761337493794, -0.01018694666216201, 0.029999999987121582, 0.0809114555499177, 0.9887900157220684, 0.12548960582114468, 0.05405000001721898, -1.238618443547106e-11, -0.12590240288193086, 0.9920426326265203, 2.19037427084956e-11, 0.0, 0.0, 0.0, 1.0], "right_foot_pose": [0.9999634218264923, -0.008415392451583395, -0.001528456390538008, 0.00691491196929419, 0.00855307011182336, 0.9838847875301178, 0.17859890777515203, -0.09531187770769885, 8.45090701332521e-07, -0.1786054479479865, 0.9839207762633051, 0.02499256053215035, 0.0, 0.0, 0.0, 1.0]}, {"left_foot_pose": [0.9967212932219887, -0.0803140304299001, -0.00981428316242687, 0.030000000023632335, 0.08091145554176656, 0.9893618122284943, 0.12089888695129941, 0.0540500001969763, 8.975421331797633e-11, -0.12129658288696923, 0.9926163100513441, 3.439365806046091e-10, 0.0, 0.0, 0.0, 1.0], "right_foot_pose": [0.9999492574459359, -0.01000701462029721, -0.0011585299781186559, 0.008144499579040515, 0.010073853933904009, 0.9933202478007629, 0.1149495662277576, -0.08736560570232613, 4.892951113757904e-07, -0.1149554042549564, 0.9933706533979852, 0.02183780029169475, 0.0, 0.0, 0.0, 1.0]}, {"left_foot_pose": [0.9967212932227901, -0.0804164304994638, -0.008936517331401701, 0.030000000116654938, 0.08091145553189351, 0.9906232449988078, 0.11008597926958431, 0.05405000042404931, 2.969228818006584e-10, -0.11044810624794717, 0.9938818922921594, 8.846356841507586e-10, 0.0, 0.0, 0.0, 1.0], "right_foot_pose": [0.9999352427410342, -0.011364858665598922, -0.0005918715572422622, 0.009200763737178727, 0.011380260295612718, 0.9985828019069337, 0.05198920475734795, -0.08053945333676954, 1.8279379590727932e-07, -0.0519925737313352, 0.998647471471669, 0.014923785285721684, 0.0, 0.0, 0.0, 1.0]}, {"left_foot_pose": [0.9967212932241711, -0.08055277576983402, -0.007610121504453985, 0.030000000056997975, 0.08091145551488843, 0.9923028374552073, 0.09374654737539743, 0.05405000055503309, 5.523219698329769e-10, -0.09405492594287775, 0.9955670097516698, 1.4665913275480058e-09, 0.0, 0.0, 0.0, 1.0], "right_foot_pose": [0.9999234158300778, -0.012375873102169933, 1.5481210305215184e-05, 0.010005748596063992, 0.012375882785033444, 0.9999226335208594, -0.0012507989447971084, -0.0753371749964479, -2.83561439459108e-10, 0.001250894747042138, 0.9999992176308599, 0.007129219190977726, 0.0, 0.0, 0.0, 1.0]}, {"left_foot_pose": [0.9967212932234448, -0.08069529010059459, -0.005910481415680327, 0.03000000017643195, 0.08091145552382722, 0.9940584240293532, 0.07280924379016059, 0.054050000385879524, 7.916738293381538e-10, -0.07304874928333928, 0.9973283713141529, 1.9562813799445244e-09, 0.0, 0.0, 0.0, 1.0], "right_foot_pose": [0.9999159597454363, -0.012953066378094218, 0.0005399238529336788, 0.01048150726806005, 0.01296431434209036, 0.9990485575363786, -0.04164019978483386, -0.07226251903509316, -4.1874642887772626e-08, 0.04164370007439396, 0.9991325248655014, 0.0013328076816094755, 0.0, 0.0, 0.0, 1.0]}, {"left_foot_pose": [0.9967212932182732, -0.08081194033525557, -0.00401172588112845, 0.03000000100400861, 0.08091145558753889, 0.9954953983289465, 0.04941910825377878, 0.05404999986542832, 6.263944405004457e-10, -0.04958167206886068, 0.9987700725366462, 2.2978075137070064e-09, 0.0, 0.0, 0.0, 1.0], "right_foot_pose": [0.9999144165766377, -0.013051571221057464, 0.0009033331965128257, 0.010577300833587917, 0.013082794892615974, 0.9975279963396757, -0.06904155992117816, -0.07164343443491386, 6.829796484956268e-10, 0.06904746923105534, 0.9976133755081606, 1.954516243296567e-09, 0.0, 0.0, 0.0, 1.0]}, {"left_foot_pose": [0.9967212932165335, -0.08088467784670571, -0.00208147505310145, 0.030000001759823397, 0.08091145560896865, 0.9963914268805469, 0.025640998229132853, 0.054049999493788956, 1.674445967648007e-11, -0.025725344090664484, 0.9996690485712851, 2.5526000480002864e-09, 0.0, 0.0, 0.0, 1.0], "right_foot_pose": [0.9999144165766258, -0.013025427846655894, 0.0012238266369210139, 0.01057730147905562, 0.013082794893511017, 0.9955298684297171, -0.09353673899642168, -0.07164343455683995, 7.397438308430318e-11, 0.093544744874963, 0.9956150765764237, 1.8320942749006086e-09, 0.0, 0.0, 0.0, 1.0]}, {"left_foot_pose": [0.9967212932209044, -0.0809109684590783, -0.0002807544536518743, 0.030000000329356503, 0.08091145555512683, 0.9967152928743658, 0.0034585127322172386, 0.05405000013180608, 6.429055274492715e-10, -0.0034698895345752507, 0.9999939799151887, 1.861665467617346e-09, 0.0, 0.0, 0.0, 1.0], "right_foot_pose": [0.9999144165766418, -0.012994040613271007, 0.001521325321705973, 0.010577300212469876, 0.013082794892292771, 0.9931309452301305, -0.11627452904275196, -0.07164343419446115, 6.97922006310106e-10, 0.11628448105765532, 0.9932159480521604, 1.7176049471601118e-09, 0.0, 0.0, 0.0, 1.0]}, {"left_foot_pose": [0.9969358487520926, -0.07820640152144005, 0.0016346969180805505, 0.028987046067031192, 0.07822348415174873, 0.9967180477775388, -0.02083794043791542, 0.054783170139193635, 3.2841587004130723e-07, 0.020901961525182935, 0.9997815301376063, 0.0028444587074165084, 0.0, 0.0, 0.0, 1.0], "right_foot_pose": [0.9999144165766007, -0.01296211679560807, 0.001772865040832589, 0.01057729979258917, 0.013082794895433951, 0.9906910177253586, -0.1354996231582108, -0.0716434343276971, 4.695453828303822e-10, 0.13551122066629795, 0.9907758117119784, 1.1468185429075461e-09, 0.0, 0.0, 0.0, 1.0]}, {"left_foot_pose": [0.9974989475919234, -0.07058381309090456, 0.0037114528900915583, 0.026145937909484922, 0.07068132391769827, 0.9961216994986152, -0.052399525162288074, 0.05683956240470952, 1.4995296195561032e-06, 0.05253080160762846, 0.9986193042797704, 0.009617040647696737, 0.0, 0.0, 0.0, 1.0], "right_foot_pose": [0.999914416576668, -0.012933984992446407, 0.0019676265795574763, 0.010577299606666516, 0.013082794890290551, 0.9885409146575919, -0.15038517388954975, -0.07164343431783009, 2.035132812103393e-10, 0.15039804546651078, 0.9886255246147823, 7.191517936711023e-10, 0.0, 0.0, 0.0, 1.0]}, {"left_foot_pose": [0.9982420022968724, -0.059029957358464696, 0.0053262542738, 0.021850093906157178, 0.05926976327233417, 0.9941978578473977, -0.08976477378842955, 0.05994889769631182, 3.4601796604741884e-06, 0.08992265335222391, 0.9959487518954596, 0.01743949716081883, 0.0, 0.0, 0.0, 1.0], "right_foot_pose": [0.9999144165767717, -0.012913483238175311, 0.0020979686822814795, 0.010577299590685785, 0.013082794882381616, 0.9869739745324845, -0.16034716733892224, -0.07164343418958785, -3.1076188300495796e-11, 0.1603608915733762, 0.9870584503735288, 4.5130675585536295e-10, 0.0, 0.0, 0.0, 1.0]}, {"left_foot_pose": [0.9989880954615011, -0.04460184240015063, 0.005784529429034466, 0.016473076621814523, 0.04497538317671613, 0.9906742826786867, -0.1286144647665186, 0.06384078486093664, 5.8575451531525125e-06, 0.12874448063347238, 0.9916777998282041, 0.023433122412582337, 0.0, 0.0, 0.0, 1.0], "right_foot_pose": [0.9999144165768372, -0.01290364396658925, 0.002157659423192482, 0.010577299743250255, 0.013082794877356585, 0.9862219640633182, -0.16490930257959457, -0.07164343401558333, -1.8685508758749534e-10, 0.16492341729261717, 0.9863063755388208, 3.436130477374455e-10, 0.0, 0.0, 0.0, 1.0]}, {"left_foot_pose": [0.9995855121055705, -0.028413527616373842, 0.004634159798580688, 0.010388456751203517, 0.02878895490806178, 0.9865054576368188, -0.16117747400947013, 0.06824482613922746, 7.99667604423204e-06, 0.1612440805151163, 0.986914558832166, 0.02500001157610307, 0.0, 0.0, 0.0, 1.0], "right_foot_pose": [0.9999144165767893, -0.01290651979453064, 0.002140389845853543, 0.010577300028099852, 0.013082794881020102, 0.9864417629176685, -0.16358939100682393, -0.07164343391222855, -2.196702959050908e-10, 0.16360339274805924, 0.9865261932058998, 4.42454843596618e-10, 0.0, 0.0, 0.0, 1.0]}, {"left_foot_pose": [0.9999314836169252, -0.011504358407444912, 0.002162824377811005, 0.003969829258082268, 0.011705895220044671, 0.9825666352168287, -0.1855418534341448, 0.0728906242083145, 9.420910017177144e-06, 0.18555445857298414, 0.9826339821189446, 0.02500001114388073, 0.0, 0.0, 0.0, 1.0], "right_foot_pose": [0.9999144165765932, -0.012921993441165996, 0.0020448979919781268, 0.010577300234559304, 0.013082794896012676, 0.9876244068910721, -0.15629098307569397, -0.07164343383574948, -1.0826276415290979e-10, 0.15630436013932691, 0.9877089384031287, 7.504775065281244e-10, 0.0, 0.0, 0.0, 1.0]}, {"left_foot_pose": [0.9999860859229162, 0.005165391024165214, -0.0010708389861492792, -0.002409242956918181, -0.005275212163825668, 0.9795439880653752, -0.20116099915641508, 0.07750779246694228, 9.858671613860977e-06, 0.20116384908961157, 0.9795576071483798, 0.025000009246437048, 0.0, 0.0, 0.0, 1.0], "right_foot_pose": [0.9999144165762475, -0.012948715357165177, 0.0018682327429787873, 0.010577300472580523, 0.013082794922447762, 0.9896667504715526, -0.14278852715850435, -0.071643433774768, 1.6657580699459254e-10, 0.14280074853332114, 0.9897514567902002, 1.3120904154839685e-09, 0.0, 0.0, 0.0, 1.0]}, {"left_foot_pose": [0.9997762052643664, 0.02073975088718239, -0.004171584869342449, -0.008375193703365013, -0.021155124941567002, 0.9802269575243573, -0.19674240120332367, 0.08182593643010064, 8.71155462686244e-06, 0.19678662168877348, 0.9804463399128124, 0.022459728526905885, 0.0, 0.0, 0.0, 1.0], "right_foot_pose": [0.9999144165758557, -0.012992796229726695, 0.0015319170664804007, 0.010577300813256408, 0.013082794952370639, 0.9930358313123876, -0.1170840646969064, -0.07164343424736025, 8.567408614415686e-10, 0.11709408599860162, 0.9931208259945775, 2.3675207766471473e-09, 0.0, 0.0, 0.0, 1.0]}, {"left_foot_pose": [0.9993895255942383, 0.03436456377476341, -0.006297054001216601, -0.013554430929182917, -0.03493674411127424, 0.9830558777422148, -0.17994600620015963, 0.08557466283620786, 6.589942276614144e-06, 0.1800561523332505, 0.9836563332605136, 0.015838564005321992, 0.0, 0.0, 0.0, 1.0], "right_foot_pose": [0.9999144165755254, -0.013031457320522183, 0.0011578620513943189, 0.010577301234195839, 0.013082794977628053, 0.9959906835127439, -0.08849519100714379, -0.07164343469723566, 1.488699002941416e-09, 0.08850276535747847, 0.9960759311036884, 3.762659114836531e-09, 0.0, 0.0, 0.0, 1.0]}, {"left_foot_pose": [0.9989585713307275, 0.04510043780602802, -0.006908203426167017, -0.017573393710473544, -0.04562644791541878, 0.9874550096058219, -0.15116491410042507, 0.0884835865524199, 3.93627370455441e-06, 0.15132268340890556, 0.9884844184257208, 0.007998176998179216, 0.0, 0.0, 0.0, 1.0], "right_foot_pose": [0.999914416575525, -0.013064547487196869, 0.0006907411831478023, 0.010577301502467041, 0.013082794977653477, 0.99851975681587, -0.052793330297951115, -0.07164343504272305, 2.252465136988121e-09, 0.052797848889236366, 0.9986052208719265, 5.474235641178549e-09, 0.0, 0.0, 0.0, 1.0]}, {"left_foot_pose": [0.998634880922162, 0.05189269545311753, -0.0059600976661490545, -0.02005851447474073, -0.05223384538339445, 0.9921157143258909, -0.11392117794375105, 0.09028231857825213, 1.429560807704947e-06, 0.11407698079033361, 0.993471913267667, 0.0018172760572504679, 0.0, 0.0, 0.0, 1.0], "right_foot_pose": [0.999914416576135, -0.013082080886638462, 0.0001366853419127793, 0.01057730152049235, 0.013082794931024405, 0.999859839932895, -0.010447055382191478, -0.07164343512377738, 3.0394507966834207e-09, 0.010447949513720732, 0.9999454186859194, 7.178116510908605e-09, 0.0, 0.0, 0.0, 1.0]}, {"left_foot_pose": [0.9985454064260466, 0.0537859351042876, -0.003760916164950239, -0.02069181155847302, -0.053917263519603555, 0.9961132142068687, -0.06965194309579176, 0.09074070262459377, 3.3981930911205007e-09, 0.06975340613489178, 0.9975642647632189, 9.093464023446352e-09, 0.0, 0.0, 0.0, 1.0], "right_foot_pose": [0.9999144165782994, -0.01307398170119523, -0.0004801263957385995, 0.010577300267810055, 0.013082794765609588, 0.9992408464166455, 0.036695658239994586, -0.07164343524911006, 3.5417214893902098e-09, -0.036698799095098, 0.9993263721852723, 8.022246034133929e-09, 0.0, 0.0, 0.0, 1.0]}, {"left_foot_pose": [0.9985454064245537, 0.05390395144035351, -0.0011980515595682295, -0.02069181347034272, -0.053917263547247345, 0.9982988679949599, -0.022187808624533182, 0.09074070155002997, 2.957051548048341e-09, 0.022220130042334946, 0.9997531024312466, 9.157387341474088e-09, 0.0, 0.0, 0.0, 1.0], "right_foot_pose": [0.999914416581021, -0.013035458123975321, -0.001111910488519629, 0.010577298242946245, 0.0130827945576007, 0.9962965259220857, 0.08498278015072358, -0.071643435889304, 3.084934670192984e-09, -0.08499005393033186, 0.9963817996796807, 8.049133554122179e-09, 0.0, 0.0, 0.0, 1.0]}, {"left_foot_pose": [0.9985454064179461, 0.05390230194565781, 0.001270104947982932, -0.020691810605461804, -0.053917263669623586, 0.9982683146708434, 0.023522342625995712, 0.09074070233655723, 2.8888173386648963e-09, -0.023556607760745724, 0.9997225046135589, 7.293651550777103e-09, 0.0, 0.0, 0.0, 1.0], "right_foot_pose": [0.9999144165794713, -0.012970693617554489, -0.0017089832108587392, 0.01057730081893551, 0.013082794676041462, 0.991346593042144, 0.1306168938047373, -0.07164343529557564, 2.9728330468744303e-09, -0.13062807344063923, 0.9914314431311865, 7.815067530614339e-09, 0.0, 0.0, 0.0, 1.0]}, {"left_foot_pose": [0.9985454064148249, 0.05380670334046811, 0.0034510872900595743, -0.02069180961235979, -0.053917263727425155, 0.9964978303661842, 0.06391402621988043, 0.0907407029514115, 2.0511589914738183e-09, -0.06400713047090294, 0.9979494412288036, 5.0135524620742444e-09, 0.0, 0.0, 0.0, 1.0], "right_foot_pose": [0.9999397692427321, -0.010818732429202164, -0.0018474077559846671, 0.009524279949412297, 0.01097533057953826, 0.9856365485979923, 0.16852339952216472, -0.07101175455046718, -2.336963028076828e-06, -0.1685335251410315, 0.9856959221271414, 0.0022502999373933755, 0.0, 0.0, 0.0, 1.0]}, {"left_foot_pose": [0.9985454064148326, 0.05365991337144604, 0.005261656089747959, -0.020691809410334612, -0.0539172637272872, 0.9937792865775795, 0.09744566815164042, 0.09074070306693029, 1.2763530473763158e-09, -0.09758761840687806, 0.995226937303083, 3.2137847730262514e-09, 0.0, 0.0, 0.0, 1.0], "right_foot_pose": [0.9999922651065742, -0.0038580394241939566, -0.0007650221069927235, 0.00600561796692211, 0.003933153796419893, 0.9806300935699017, 0.195829389740915, -0.06890101098016786, -5.313805672961799e-06, -0.19583088397106038, 0.9806376827630461, 0.008710108109245301, 0.0, 0.0, 0.0, 1.0]}, {"left_foot_pose": [0.9985454064159681, 0.05350093323891652, 0.006687411168368379, -0.020691809388607162, -0.0539172637062545, 0.9908349825884856, 0.12385057913997248, 0.09074070295557024, 6.375961799876605e-10, -0.12403099379365402, 0.9922783443059512, 1.901553386973731e-09, 0.0, 0.0, 0.0, 1.0], "right_foot_pose": [0.9999748037037189, 0.006935598070942317, 0.001513088598590896, 0.0004935520085203746, -0.007098724856613938, 0.9772329801840707, 0.2120502547651613, -0.06559448700021772, -7.944742591339237e-06, -0.21205565288376102, 0.9772575914347881, 0.016558463639477508, 0.0, 0.0, 0.0, 1.0]}, {"left_foot_pose": [0.9985454064173079, 0.05335999019357385, 0.00773193180490209, -0.02069180946542442, -0.05391726368143996, 0.9882247249333491, 0.14319504777579897, 0.09074070274490505, 1.6398189402713644e-10, -0.14340364178412296, 0.9896642842515091, 1.0120568064153623e-09, 0.0, 0.0, 0.0, 1.0], "right_foot_pose": [0.9997768598078266, 0.0206299599587262, 0.0045426143246004025, -0.006515033809475178, -0.021124168627931032, 0.9764844136093106, 0.2145505988755544, -0.06139024913817448, -9.62182108716367e-06, -0.21459868296469523, 0.9767023114425597, 0.02291665870679256, 0.0, 0.0, 0.0, 1.0]}, {"left_foot_pose": [0.9985454064190592, 0.05326925383613465, 0.008334141535769257, -0.02069180968610662, -0.05391726364900904, 0.9865442925318261, 0.15434794314626613, 0.0907407025287932, -2.722201525366429e-12, -0.15457278372540648, 0.987981403940064, 5.382149170785056e-10, 0.0, 0.0, 0.0, 1.0], "right_foot_pose": [0.9993099007727912, 0.036400622433068575, 0.007397087532170541, -0.014523256643029342, -0.03714461093644527, 0.9793466307106281, 0.19874721329900563, -0.05658636052851474, -9.790480781270816e-06, -0.1988848199391437, 0.9800228713157263, 0.02500000790821779, 0.0, 0.0, 0.0, 1.0]}, {"left_foot_pose": [0.9985454064191688, 0.0532213464247223, 0.008634790322698515, -0.02069180988487777, -0.05391726364697339, 0.9856570496766129, 0.15991594386932892, 0.09074070253033117, -1.0654165476526744e-10, -0.16014889543026942, 0.9870928686260809, 3.0942007983592035e-10, 0.0, 0.0, 0.0, 1.0], "right_foot_pose": [0.9985322634386273, 0.053343205228845614, 0.009371303433602908, -0.02303421009504739, -0.054160121818497976, 0.9834990026991735, 0.1726163169991087, -0.05148089603788611, -8.759957408982086e-06, -0.17287051265512185, 0.9849445597482216, 0.025000009737981506, 0.0, 0.0, 0.0, 1.0]}, {"left_foot_pose": [0.9985454064188007, 0.053225196986193386, 0.008611023498634109, -0.020691810062031437, -0.053917263653797246, 0.9857283616957029, 0.15947578383188182, 0.09074070251913331, -7.685239930315985e-11, -0.1597080942046682, 0.9871642845269041, 3.4758934619461e-10, 0.0, 0.0, 0.0, 1.0], "right_foot_pose": [0.9974640894574749, 0.0704601291098476, 0.010037950417998416, -0.03155101049118498, -0.07117155467401971, 0.9875072403805997, 0.14058470756513947, -0.04637192547226194, -6.932070444979982e-06, -0.14094261386009707, 0.9900177672901785, 0.025000010244941494, 0.0, 0.0, 0.0, 1.0]}, {"left_foot_pose": [0.9985454064180561, 0.05327963197452095, 0.008267535186483523, -0.020691809987014434, -0.05391726366758704, 0.9867364946367582, 0.15311439785520956, 0.09074070263012744, 7.852903878616416e-11, -0.15333744150931697, 0.9881738860298716, 6.793936871418715e-10, 0.0, 0.0, 0.0, 1.0], "right_foot_pose": [0.9961922830908279, 0.08671626424812297, 0.009012470534392048, -0.039576775330874, -0.0871833418085297, 0.9908607449491723, 0.10292739688667998, -0.04155751062423295, -4.6239207434525895e-06, -0.10332121579627687, 0.9946480414422978, 0.023024940301819195, 0.0, 0.