{"LoopMode": "Wrap", "FrameDuration": 0.0167, "EnableCycleOffsetPosition": true, "EnableCycleOffsetRotation": false, "Debug_info": [{"left_foot_pose": [1.0000000000000007, 1.228956982684733e-13, -8.770373316480123e-12, 1.4844496713219158e-12, -3.810368014034457e-14, 0.9999536314580911, 0.009629897911035525, 1.002635474645075e-13, 8.770832205982962e-12, -0.009629897911035693, 0.9999536314580912, 1.825065792937508e-11, 0.0, 0.0, 0.0, 1.0], "right_foot_pose": [0.9999999999999999, -2.0704901992101052e-13, -8.832712339312819e-12, 1.0327369987160614e-12, 7.622869295568184e-14, 0.9998902403204508, -0.014815779153018864, -0.1400000000021781, 8.834749390523116e-12, 0.01481577915301871, 0.9998902403204508, 1.5350706816796844e-11, 0.0, 0.0, 0.0, 1.0]}, {"left_foot_pose": [1.0000000000000004, 1.8801843690885038e-13, -1.9556967156830758e-11, 3.32310479892296e-12, -5.83740345579433e-14, 0.999978140500586, 0.006611998260049661, 1.1446416731120124e-12, 1.9557456201208705e-11, -0.006611998260049832, 0.9999781405005862, 3.9713045352218757e-11, 0.0, 0.0, 0.0, 1.0], "right_foot_pose": [1.0, -5.405525343643003e-13, -1.9672041773333146e-11, 2.5141178250588447e-12, 1.896892865180677e-13, 0.999840948980813, -0.017834706085249587, -0.14000000000391957, 1.967838367802374e-11, 0.01783470608524943, 0.9998409489808129, 3.532225206770434e-11, 0.0, 0.0, 0.0, 1.0]}, {"left_foot_pose": [1.0000000000000007, 1.1645871866603817e-13, -3.433836548438763e-11, 5.858235253887789e-12, -3.340324014735204e-14, 0.9999970980867889, 0.0024091114548452923, 2.9802410539403468e-12, 3.4338285901377343e-11, -0.002409111454845465, 0.9999970980867892, 6.902769328354097e-11, 0.0, 0.0, 0.0, 1.0], "right_foot_pose": [1.0, -1.157616208521238e-12, -3.454592167884129e-11, 4.6230317376874115e-12, 3.959978078540231e-13, 0.9997570815949341, -0.022040367528249782, -0.1400000000058856, 3.456296420517887e-11, 0.022040367528249633, 0.9997570815949339, 6.300590604801926e-11, 0.0, 0.0, 0.0, 1.0]}, {"left_foot_pose": [1.0000000000000002, -2.4272607127201953e-13, -5.290062832230547e-11, 9.067828360380066e-12, 8.667937638904525e-14, 0.9999956308237671, -0.002956067214522867, 5.755227891479642e-12, 5.290087990395536e-11, 0.0029560672145226927, 0.9999956308237673, 1.059480767007237e-10, 0.0, 0.0, 0.0, 1.0], "right_foot_pose": [0.9999999999999999, -2.2036723302881472e-12, -5.327044361180809e-11, 7.35554487976767e-12, 7.426967097274921e-13, 0.9996242380271482, -0.027411361670723867, -0.1400000000078609, 5.331063302562167e-11, 0.02741136167072372, 0.9996242380271483, 9.802211126119786e-11, 0.0, 0.0, 0.0, 1.0]}, {"left_foot_pose": [1.0000000000000007, -1.078522580671713e-12, -7.544181945817739e-11, 1.3005897771447975e-11, 3.642624668768924e-13, 0.9999551444287175, -0.0094714904077459, 9.715117599284895e-12, 7.544829787976956e-11, 0.009471490407745723, 0.9999551444287176, 1.51080759014377e-10, 0.0, 0.0, 0.0, 1.0], "right_foot_pose": [0.9999999999999998, -3.8793377448592924e-12, -7.608097485345408e-11, 1.0776719878492923e-11, 1.2951847757063136e-12, 0.9994239647941351, -0.03393727442166341, -0.1400000000096322, 7.61686922108248e-11, 0.03393727442166328, 0.999423964794135, 1.4077899262998628e-10, 0.0, 0.0, 0.0, 1.0]}, {"left_foot_pose": [1.0000000000000007, -2.641579112624292e-12, -1.0261452798587809e-10, 1.781348618118203e-11, 8.818220681287835e-13, 0.9998529501993662, -0.017148701922447634, 1.5239953396473105e-11, 1.0264445331289155e-10, 0.017148701922447454, 0.9998529501993663, 2.060047479823801e-10, 0.0, 0.0, 0.0, 1.0], "right_foot_pose": [0.9999999999999999, -6.466948846246057e-12, -1.0368295111362609e-10, 1.5034733183660663e-11, 2.1449110938418837e-12, 0.9991330263697035, -0.04163166604061924, -0.1400000000109565, 1.0386222855259097e-10, 0.0416316660406191, 0.9991330263697035, 1.9258244304820593e-10, 0.0, 0.0, 0.0, 1.0]}, {"left_foot_pose": [1.0000000000000004, -5.283488502800007e-12, -1.3553902444840552e-10, 2.3727214010909407e-11, 1.7543753307030385e-12, 0.9996612422765074, -0.02602692241104767, 2.2889069112297378e-11, 1.356303783087728e-10, 0.026026922411047496, 0.9996612422765077, 2.733563445045384e-10, 0.0, 0.0, 0.0, 1.0], "right_foot_pose": [0.9999999999999999, -1.0372604977620063e-11, -1.3727063929991338e-10, 2.0373106397758146e-11, 3.422281387142643e-12, 0.9987222276357379, -0.05053624467952815, -0.14000000001150886, 1.3761926015659547e-10, 0.05053624467952801, 0.9987222276357381, 2.556858613722568e-10, 0.0, 0.0, 0.0, 1.0]}, {"left_foot_pose": [1.0000000000000007, -9.511287423576993e-12, -1.7579043776194668e-10, 3.1086873174804425e-11, 3.1464614226854944e-12, 0.9993455264709427, -0.03617345328435115, 3.3454072845273686e-11, 1.7601922759466994e-10, 0.03617345328435097, 0.999345526470943, 3.569089468413722e-10, 0.0, 0.0, 0.0, 1.0], "right_foot_pose": [0.9999999999999998, -1.6184123787880394e-11, -1.785266934284379e-10, 2.7144428279761026e-11, 5.313951447052186e-12, 0.9981547535477421, -0.060721396311728695, -0.14000000001081012, 1.7917972925405512e-10, 0.06072139631172855, 0.9981547535477422, 3.3331335608233204e-10, 0.0, 0.0, 0.0, 1.0]}, {"left_foot_pose": [1.0000000000000002, -1.6057922646188586e-11, -2.2538571009533802e-10, 4.034810245817609e-11, 5.2932005299957965e-12, 0.9988625759959544, -0.047681802343526355, 4.8018235221380934e-11, 2.258947241886812e-10, 0.047681802343526175, 0.9988625759959544, 4.61698616838202e-10, 0.0, 0.0, 0.0, 1.0], "right_foot_pose": [1.0, -2.4747195562844713e-11, -2.2962193257924908e-10, 3.582966282491231e-11, 8.084441752871132e-12, 0.9973840565031921, -0.07228446467421554, -0.1400000000081353, 2.308100461057385e-10, 0.07228446467421537, 0.9973840565031918, 4.297032313305138e-10, 0.0, 0.0, 0.0, 1.0]}, {"left_foot_pose": [1.0000000000000004, -2.5960435710050535e-11, -2.8666580220715285e-10, 5.2084870410659595e-11, 8.521853744540306e-12, 0.9981580735622273, -0.060666796376142425, 6.798886280356964e-11, 2.877126825686276e-10, 0.06066679637614223, 0.9981580735622274, 5.940213529398441e-10, 0.0, 0.0, 0.0, 1.0], "right_foot_pose": [0.9999999999999998, -3.7248952623304467e-11, -2.9311386651187356e-10, 4.704939789435807e-11, 1.209729758492002e-11, 0.9963514575267275, -0.08534502378209162, -0.14000000000240542, 2.95223430451921e-10, 0.08534502378209148, 0.9963514575267275, 5.499990671231636e-10, 0.0, 0.0, 0.0, 1.0]}, {"left_foot_pose": [1.0000000000000004, -4.059854993254548e-11, -3.618020882889532e-10, 6.693625020523435e-11, 1.3256862330884032e-11, 0.9971644245239799, -0.0752536408671432, 9.4992371607594e-11, 3.6383121768986713e-10, 0.07525364086714303, 0.99716442452398, 7.607636187678679e-10, 0.0, 0.0, 0.0, 1.0], "right_foot_pose": [1.0000000000000002, -5.5250926424422225e-11, -3.7146102860319243e-10, 6.151928835268637e-11, 1.7815120201488463e-11, 0.994984014825393, -0.10003404541425989, -0.13999999999209878, 3.7512466445145915e-10, 0.10003404541425973, 0.9949840148253931, 6.994874054977451e-10, 0.0, 0.0, 0.0, 1.0]}, {"left_foot_pose": [1.0000000000000004, -6.154715944207876e-11, -4.5143705440508944e-10, 8.540393836733198e-11, 1.9958391684373424e-11, 0.9958001615362639, -0.09155347226813065, 1.303726536450167e-10, 4.551755905315985e-10, 0.09155347226813045, 0.9958001615362645, 9.669398268186136e-10, 0.0, 0.0, 0.0, 1.0], "right_foot_pose": [1.0, -8.050024628241297e-11, -4.6562731448318526e-10, 7.984782412150664e-11, 2.572115383132937e-11, 0.9931942852260459, -0.11646935989488312, -0.1399999999753288, 4.718339709948211e-10, 0.116469359894883, 0.9931942852260461, 8.811870816360923e-10, 0.0, 0.0, 0.0, 1.0]}, {"left_foot_pose": [1.0000000000000004, -8.980389973648217e-11, -5.511219813847375e-10, 1.0723089255179997e-10, 2.8856162689476368e-11, 0.9939749662088042, -0.10960732890736426, 1.736237299765353e-10, 5.576444156063068e-10, 0.10960732890736408, 0.9939749662088043, 1.2081930386709239e-09, 0.0, 0.0, 0.0, 1.0], "right_foot_pose": [0.9999999999999997, -1.1400461195257492e-10, -5.713591266776056e-10, 1.0187901272037755e-10, 3.6004232157236105e-11, 0.9908865677388851, -0.1346989601840048, -0.13999999995052095, 5.815082580453651e-10, 0.13469896018400465, 0.9908865677388851, 1.089021241240662e-09, 0.0, 0.0, 0.0, 1.0]}, {"left_foot_pose": [1.0000000000000007, -1.2319047135251575e-10, -6.424497045465193e-10, 1.2965861758624052e-10, 3.9115103259158704e-11, 0.9916108991295871, -0.12925875106704687, 2.182034622433271e-10, 6.529834043797585e-10, 0.12925875106704665, 0.991610899129587, 1.4497995651230333e-09, 0.0, 0.0, 0.0, 1.0], "right_foot_pose": [1.0, -1.529596838839348e-10, -6.697612464634508e-10, 1.2481051870991063e-10, 4.759544495541205e-11, 0.9879816121436966, -0.15457145294633948, -0.13999999991885517, 6.853548344380822e-10, 0.15457145294633934, 0.9879816121436967, 1.2896122641992136e-09, 0.0, 0.0, 0.0, 1.0]}, {"left_foot_pose": [1.0000000000000004, -1.4951256354348793e-10, -6.743386404828272e-10, 1.4325631518909158e-10, 4.676521704698922e-11, 0.9887066005967278, -0.14986413158745993, 2.425289240270967e-10, 6.891296408819518e-10, 0.14986413158745973, 0.9887066005967279, 1.5768794187076551e-09, 0.0, 0.0, 0.0, 1.0], "right_foot_pose": [1.0, -1.8270996924881423e-10, -7.071346286302561e-10, 1.386794165340959e-10, 5.581606894627462e-11, 0.9844900075141372, -0.17544065978220172, -0.1399999998907752, 7.282214775183923e-10, 0.1754406597822016, 0.9844900075141373, 1.3810632845667747e-09, 0.0, 0.0, 0.0, 1.0]}, {"left_foot_pose": [0.9999999987175617, 4.9871622639602695e-05, -8.814673654323607e-06, -5.1142041577381314e-06, -5.0644125379807365e-05, 0.985494115100761, -0.16970959471091013, -1.7926549036293565e-05, 2.2311614692170512e-07, 0.16970959493967924, 0.9854941163626303, 0.00016386124881478947, 0.0, 0.0, 0.0, 1.0], "right_foot_pose": [0.9999999999999999, -1.6771978636653462e-10, -5.845970374451772e-10, 8.732722528335244e-11, 5.0187239491273015e-11, 0.9807012609611441, -0.19551224194208902, -0.13999999995902104, 6.061061954904276e-10, 0.19551224194208888, 0.9807012609611442, 1.1112645942334964e-09, 0.0, 0.0, 0.0, 1.0]}, {"left_foot_pose": [0.9999989775372091, 0.0014042419451702553, -0.00027023896182667913, -0.00014443531831593475, -0.0014300080352890648, 0.9821449538459595, -0.18812029319543944, -0.0005062585834102809, 1.2474262475671122e-06, 0.188120487293326, 0.9821459577165539, 0.004191209220489905, 0.0, 0.0, 0.0, 1.0], "right_foot_pose": [0.9999999999999994, -1.220786186229101e-10, -3.8869291119070154e-10, -3.241010773094018e-11, 3.664256697486621e-11, 0.977134505251298, -0.21262210291336417, -0.14000000015673508, 4.057615716474972e-10, 0.21262210291336406, 0.9771345052512977, 6.419097753340708e-10, 0.0, 0.0, 0.0, 1.0]}, {"left_foot_pose": [0.9999901649342264, 0.0043416310144202, -0.0009056903191282661, -0.00044797061716424913, -0.004435090739820124, 0.979019770676243, -0.2037170061510997, -0.0015701591782030927, 2.2246564659694453e-06, 0.20371901939969222, 0.9790293974799125, 0.01146980255293574, 0.0, 0.0, 0.0, 1.0], "right_foot_pose": [0.9999999999999999, -6.55797719169931e-11, -1.8818985259017004e-10, -7.96011759225224e-11, 2.142529772453263e-11, 0.9742105751267849, -0.22564076606663847, -0.14000000018108325, 1.9813384350090139e-10, 0.2256407660666383, 0.9742105751267849, 2.999275758308606e-10, 0.0, 0.0, 0.0, 1.0]}, {"left_foot_pose": [0.9999620075238475, 0.008515632622974788, -0.0018621251054817775, -0.0008804745327983587, -0.008716851480528061, 0.9769529831762548, -0.2132765462100409, -0.0030860830206282594, 3.023962225978186e-06, 0.21328467517392746, 0.9769900958181763, 0.01912092675564943, 0.0, 0.0, 0.0, 1.0], "right_foot_pose": [0.9999999999999998, -1.8601991523916378e-11, -3.525352232358603e-11, -7.800412264087019e-11, 9.835100317561252e-12, 0.9722294557973024, -0.234029667521196, -0.14000000009069502, 3.862774199716592e-11, 0.23402966752119586, 0.9722294557973025, 8.527479417042017e-11, 0.0, 0.0, 0.0, 1.0]}, {"left_foot_pose": [0.9999030264978375, 0.013608264193082583, -0.002958504033625166, -0.001406700149517825, -0.013926147649514248, 0.977131890367839, -0.21217759362811656, -0.0049304897670050946, 3.479889092838678e-06, 0.21219821858777568, 0.9772266451627618, 0.024265877901885412, 0.0, 0.0, 0.0, 1.0], "right_foot_pose": [0.9999999999999998, 5.013567930440553e-12, 4.2876147077208745e-11, -2.8804894969049815e-11, 5.3121405273744804e-12, 0.9713927691898869, -0.23747860527972384, -0.1399999999878962, -4.284055533145263e-11, 0.23747860527972375, 0.9713927691898869, -2.7097213362026196e-12, 0.0, 0.0, 0.0, 1.0]}, {"left_foot_pose": [0.9998056648797482, 0.01932564208861095, -0.0038925611399617563, -0.001991395075853424, -0.01971376327170412, 0.9801563761766322, -0.19724311338538744, -0.006979839192071374, 3.4688072611261216e-06, 0.19728151915006237, 0.9803468785026106, 0.025000001271349014, 0.0, 0.0, 0.0, 1.0], "right_foot_pose": [1.0, -2.307509648054646e-12, 3.13874481960852e-11, 5.7419293914010485e-11, 9.644199631526646e-12, 0.9717972888607346, -0.23581778847857585, -0.13999999996729995, -2.99580991995851e-11, 0.2358177884785756, 0.9717972888607347, 5.634309685476069e-11, 0.0, 0.0, 0.0, 1.0]}, {"left_foot_pose": [0.9996689155103796, 0.0253333238914695, -0.004503561136767232, -0.0025993103564562192, -0.025730514038402676, 0.9842585712589073, -0.1748513813233829, -0.009110582199561644, 3.101974115376144e-06, 0.17490936968609008, 0.984584537958216, 0.025000001954056494, 0.0, 0.0, 0.0, 1.0], "right_foot_pose": [0.9999999999999999, -3.67374114632522e-11, -6.14693296263622e-11, 1.486138262187093e-10, 2.1655319525257038e-11, 0.9733275244735394, -0.22941998627454357, -0.13999999994071421, 6.825793825119003e-11, 0.22941998627454344, 0.9733275244735395, 2.475624774622709e-10, 0.0, 0.0, 0.0, 1.0]}, {"left_foot_pose": [0.9994997310344186, 0.031284556906603075, -0.004643722782788774, -0.003195200296709548, -0.031627324515454205, 0.9886789265216532, -0.14667546691927144, -0.01119917596466127, 2.4738643130359127e-06, 0.14674895826257034, 0.9891737679713973, 0.02491027130493477, 0.0, 0.0, 0.0, 1.0], "right_foot_pose": [1.0, -9.651319203632913e-11, -2.424458966920889e-10, 2.4822533501442105e-10, 4.126438644561262e-11, 0.9758858223122856, -0.2182816112499497, -0.1399999999410191, 2.576664814304903e-10, 0.21828161124994958, 0.9758858223122857, 5.802019073519737e-10, 0.0, 0.0, 0.0, 1.0]}, {"left_foot_pose": [0.9993132147508565, 0.03682815321225143, -0.004097066668211778, -0.003743814933897142, -0.03705534808332277, 0.9931911257732225, -0.11044586395037034, -0.013122081413006342, 1.6530573455016926e-06, 0.11052182959169125, 0.9938736967950071, 0.02116383424637157, 0.0, 0.0, 0.0, 1.0], "right_foot_pose": [0.9999999999999999, -1.8012515554159685e-10, -5.33843413919043e-10, 3.6680470446836475e-10, 6.861567956793998e-11, 0.9793999627936897, -0.20192997023651385, -0.14000000017271547, 5.592189328304246e-10, 0.20192997023651374, 0.9793999627936896, 1.0804172764777853e-09, 0.0, 0.0, 0.0, 1.0]}, {"left_foot_pose": [0.9991315929181523, 0.04156249178977223, -0.002935865981616233, -0.004209906034079074, -0.041666053714239155, 0.9966496621594025, -0.07038033024525826, -0.014755743102742452, 8.47940743047253e-07, 0.07044153741773812, 0.9975159095500717, 0.013996812980120392, 0.0, 0.0, 0.0, 1.0], "right_foot_pose": [1.0, -2.6121000011285274e-10, -8.950706287258454e-10, 4.4762178241004833e-10, 9.554057810298463e-11, 0.9836102206775108, -0.180307886069187, -0.14000000036109234, 9.274987324423392e-10, 0.18030788606918682, 0.9836102206775107, 1.7297096810420243e-09, 0.0, 0.0, 0.0, 1.0]}, {"left_foot_pose": [0.9989819720774724, 0.045088996209010676, -0.0014148798779352937, -0.004558229397808302, -0.04511119001024522, 0.9984906697705038, -0.0313267125168092, -0.015976614899695298, 2.5433505288744207e-07, 0.03135864796376111, 0.9995081966636499, 0.006287911340271984, 0.0, 0.0, 0.0, 1.0], "right_foot_pose": [1.0, -3.151446646108346e-10, -1.285973993958576e-09, 4.5337842375660103e-10, 1.1367671257342204e-10, 0.9881095009349056, -0.1537517940128567, -0.14000000038696783, 1.3191368530310616e-09, 0.15375179401285655, 0.9881095009349055, 2.4340447157822354e-09, 0.0, 0.0, 0.0, 1.0]}, {"left_foot_pose": [0.9988928813935689, 0.04704206366050528, 0.00023610975440422968, -0.004753536772122518, -0.04704265618834584, 0.998880301345238, 0.005013190919207551, -0.01666115411318074, -1.4536266407426374e-08, -0.005018747952262621, 0.9999874060051922, 0.0009158372245890584, 0.0, 0.0, 0.0, 1.0], "right_foot_pose": [1.0, -3.1316413377395067e-10, -1.6146401438099626e-09, 3.61885501369696e-10, 1.121607175588474e-10, 0.992404810725086, -0.12301500579078102, -0.14000000016295036, 1.6409003252582475e-09, 0.12301500579078087, 0.9924048107250864, 3.022493415272276e-09, 0.0, 0.0, 0.0, 1.0]}, {"left_foot_pose": [0.9988791322372074, 0.04729724029709564, 0.0018574825229348074, -0.004782968760157207, -0.04733370026782379, 0.9981097190797694, 0.039198335391445974, -0.01676430621077032, 1.729093142909381e-09, -0.039242320761944054, 0.9992297234676407, 3.279482227447339e-09, 0.0, 0.0, 0.0, 1.0], "right_foot_pose": [1.0, -2.3991784856510744e-10, -1.7425636489321036e-09, 2.839188153105876e-10, 8.26272076751113e-11, 0.9959680333114143, -0.08970884360972206, -0.13999999996885762, 1.7570603482700343e-09, 0.08970884360972192, 0.9959680333114145, 3.255586793204923e-09, 0.0, 0.0, 0.0, 1.0]}, {"left_foot_pose": [0.9988791322361043, 0.04720845355583169, 0.00344108937913105, -0.004782968748912914, -0.04733370029110607, 0.9962360583199547, 0.07261705667315661, -0.01676430632181713, 1.6279234579398527e-09, -0.07269854204856947, 0.9973539602287714, 3.0589572819206268e-09, 0.0, 0.0, 0.0, 1.0], "right_foot_pose": [1.0, -1.4308073053428044e-10, -1.6254768087087249e-09, 2.696307712570894e-10, 5.146853591728827e-11, 0.9984183480932664, -0.05622101200363458, -0.14000000007334126, 1.6309498878686535e-09, 0.05622101200363443, 0.9984183480932668, 3.0592557584419033e-09, 0.0, 0.0, 0.0, 1.0]}, {"left_foot_pose": [0.9988791322358728, 0.04707914935033043, 0.004902334154193816, -0.004782968765525715, -0.04733370029598429, 0.9935073620323195, 0.10345357608063803, -0.0167643063465279, 1.2857917706921295e-09, -0.10356966391773109, 0.9946222020023328, 2.39425343440125e-09, 0.0, 0.0, 0.0, 1.0], "right_foot_pose": [0.999999999782478, 2.085037635438145e-05, -5.526534619383494e-07, -2.510073894566755e-07, -2.085767874132988e-05, 0.9996851232465563, -0.025092905859518212, -0.14000218287210017, 2.928291318128768e-08, 0.025092905865586875, 0.9996851234639934, 3.740167584248555e-05, 0.0, 0.0, 0.0, 1.0]}, {"left_foot_pose": [0.9988791322362082, 0.0469324991112909, 0.006149773183557015, -0.004782968665256867, -0.04733370028891142, 0.9904126148146595, 0.1297781693234614, -0.016764306066284165, 8.771940736960528e-10, -0.12992379667773818, 0.9915239820886045, 1.5878146991665787e-09, 0.0, 0.0, 0.0, 1.0], "right_foot_pose": [0.9999976982900524, 0.002145548204945502, 6.123507578434697e-06, -2.5837363918882066e-05, -0.0021455569430972386, 0.9999936678240939, 0.002839171907331147, -0.14022460345429966, -3.188861422236059e-08, -0.002839178510715278, 0.9999959695245693, 0.003492990602234458, 0.0, 0.0, 0.0, 1.0]}, {"left_foot_pose": [0.9988791322369885, 0.046790317843925136, 0.007151596852896282, -0.004782968640235656, -0.04733370027244721, 0.9874121765470354, 0.1509195627649545, -0.01676430604057834, 4.963329083282666e-10, -0.15108891343414796, 0.9885201769500155, 9.322693797497728e-10, 0.0, 0.0, 0.0, 1.0], "right_foot_pose": [0.9999732831553805, 0.007306680070437016, 0.0002130769747635316, -8.80271305816468e-05, -0.00730978625824185, 0.9995505653129446, 0.02907291535831624, -0.14076522780678996, -5.547193424211426e-07, -0.02907369616889621, 0.9995772707453743, 0.01053849788990012, 0.0, 0.0, 0.0, 1.0]}, {"left_foot_pose": [0.9988791322378345, 0.04667108534464396, 0.007892336317249497, -0.00478296870352823, -0.04733370025459232, 0.9848960243305575, 0.1665513196527458, -0.01676430616651934, 1.9223728093387115e-10, -0.16673821112935008, 0.9860012012920599, 4.450633125929748e-10, 0.0, 0.0, 0.0, 1.0], "right_foot_pose": [0.9998893338639236, 0.014855413961661469, 0.0007979355780136653, -0.00017915709878065186, -0.014876828403165995, 0.9984549017597162, 0.05353960336665099, -0.14155743787377176, -1.3497178014547727e-06, -0.053545549096290376, 0.9985654080580577, 0.01829520817044039, 0.0, 0.0, 0.0, 1.0]}, {"left_foot_pose": [0.998879132238466, 0.04658900631231693, 0.008363233188214853, -0.004782968838481276, -0.04733370024126087, 0.9831639183442218, 0.17648861291173243, -0.01676430632685201, -1.0355427826233657e-11, -0.1766866552880207, 0.9842671516631718, 1.3602325515948976e-10, 0.0, 0.0, 0.0, 1.0], "right_foot_pose": [0.999706909474296, 0.02414253229707173, 0.0017981333755070288, -0.0002915631629588722, -0.024209401987096264, 0.9969522802080274, 0.07416236136641116, -0.1425346147556887, -2.1859643141445854e-06, -0.07418415681464507, 0.9972445592094857, 0.023884416785396323, 0.0, 0.0, 0.0, 1.0]}, {"left_foot_pose": [0.9988791322386916, 0.046553615425390237, 0.008558041183834403, -0.004782968985973119, -0.04733370023650499, 0.9824170678192368, 0.1805996281263473, -0.016764306385596443, -9.233683508974827e-11, -0.18080228358148354, 0.9835194630772298, 2.6184783508131915e-11, 0.0, 0.0, 0.0, 1.0], "right_foot_pose": [0.9993988255107132, 0.034536544521957965, 0.003035565892679733, -0.0004175819493143193, -0.03466969224037227, 0.9955677003303324, 0.08742406132713987, -0.1436301355771909, -2.786368661296581e-06, -0.08747674634699494, 0.9961665617961585, 0.02500000031979205, 0.0, 0.0, 0.0, 1.0]}, {"left_foot_pose": [0.99887913223849, 0.046565905466388606, 0.008490914354581486, -0.00478296909301051, -0.04733370024075288, 0.982676423305765, 0.1791830569571483, -0.016764306403036368, -5.711083212690046e-11, -0.17938412284002606, 0.9837791095936708, 8.300066189903532e-11, 0.0, 0.0, 0.0, 1.0], "right_foot_pose": [0.9989588757030128, 0.04541790868006479, 0.0042869832402389375, -0.0005495517031565353, -0.04561978348189342, 0.9945445801380554, 0.09380785400532485, -0.1447773812171807, -3.0394000358257947e-06, -0.093905759616482, 0.9955810907714217, 0.02500000009544181, 0.0, 0.0, 0.0, 1.0]}, {"left_foot_pose": [0.9988791322379211, 0.04662436312557557, 0.008163819127913967, -0.0047829691749999475, -0.047333700252767, 0.9839100496209268, 0.17228039666580658, -0.016764306424073505, 9.032263574465294e-11, -0.17247371689066424, 0.985014120194183, 3.2602680277715734e-10, 0.0, 0.0, 0.0, 1.0], "right_foot_pose": [0.9984069899154282, 0.05617413277941088, 0.005286709231171306, -0.0006798083739845935, -0.05642235797611306, 0.9940194050535894, 0.09349834168221025, -0.14590973567320023, -2.9033043490474345e-06, -0.09364768648177664, 0.995605399145757, 0.02499255009121746, 0.0, 0.0, 0.0, 1.0]}, {"left_foot_pose": [0.9988791322370428, 0.04672601829970422, 0.0075603171381284275, -0.004782969272063905, -0.0473337002713008, 0.9860552689973803, 0.1595447501522124, -0.01676430622354843, 3.658912200843309e-10, -0.1597237793703899, 0.9871617467789359, 7.829999704167534e-10, 0.0, 0.0, 0.0, 1.0], "right_foot_pose": [0.9977903263373546, 0.06620570035993786, 0.005591950236315853, -0.0008006882355920535, -0.06644143783923075, 0.9942530735803299, 0.08394260547494811, -0.14696057743248447, -2.3347242584414176e-06, -0.0841286569244827, 0.9964549006747027, 0.02183779277664677, 0.0, 0.0, 0.0, 1.0]}, {"left_foot_pose": [0.9988791322362014, 0.046860620331362436, 0.006675435956865694, -0.004782969265405168, -0.04733370028905712, 0.9888957631311965, 0.1408711839877646, -0.016764306026807237, 7.336817050969871e-10, -0.14102925910366582, 0.9900054283066697, 1.4289861308136587e-09, 0.0, 0.0, 0.0, 1.0], "right_foot_pose": [0.9971803061779841, 0.07488032376890486, 0.0049370115500500565, -0.0009045298155826839, -0.0750429008538872, 0.9950212640575343, 0.06558389363845565, -0.1478632907656191, -1.4882835246407194e-06, -0.06576945480700463, 0.997834845458994, 0.01492377977775796, 0.0, 0.0, 0.0, 1.0]}, {"left_foot_pose": [0.9988791322360651, 0.04701060124483861, 0.005521100789299223, -0.004782969039549919, -0.047333700291935656, 0.9920607971355369, 0.1165113539680887, -0.016764305940627035, 1.1517919953586993e-09, -0.11664209427733581, 0.9931740138780304, 2.1794512028439073e-09, 0.0, 0.0, 0.0, 1.0], "right_foot_pose": [0.9966656129996596, 0.08152398348677255, 0.0033905722910629876, -0.0009836689072970565, -0.08159445976039534, 0.995805085222007, 0.041407443562726694, -0.14855126071175723, -6.493840164247312e-07, -0.04154602703556184, 0.9991365910810885, 0.007129215044291627, 0.0, 0.0, 0.0, 1.0]}, {"left_foot_pose": [0.9988791322363675, 0.047153061611935373, 0.004131339170772557, -0.004782968882966695, -0.047333700285556606, 0.9950671265511837, 0.08718333828460845, -0.016764306091392338, 1.5241991718423006e-09, -0.08728116886128678, 0.9961837167722672, 2.909256384409087e-09, 0.0, 0.0, 0.0, 1.0], "right_foot_pose": [0.9963411783125202, 0.08545755340462026, 0.0011238171181798418, -0.001030441609977225, -0.08546494251335406, 0.996255050382511, 0.013100312535544414, -0.1489578698043746, -8.782156942739243e-08, -0.013148427793327507, 0.999913555686968, 0.001332806083892163, 0.0, 0.0, 0.0, 1.0]}, {"left_foot_pose": [0.998879132238605, 0.047262894495798125, 0.0025880460064689284, -0.004782968188609647, -0.047333700238334525, 0.9973849227466376, 0.054615352232061966, -0.01676430625640926, 1.5641678040692756e-09, -0.05467663743834118, 0.9985041138214893, 3.2112210252011053e-09, 0.0, 0.0, 0.0, 1.0], "right_foot_pose": [0.9962740345608765, 0.08622870947107854, -0.0016302523564120978, -0.0010398584700063598, -0.08624411898670681, 0.9960960273950468, -0.0188323165864681, -0.14903974507628207, 1.5402714348379663e-09, 0.018902747703932903, 0.9998213271026187, 3.2883800057947887e-09, 0.0, 0.0, 0.0, 1.0]}, {"left_foot_pose": [0.9988791322401291, 0.04732258103744826, 0.0010259138178469818, -0.004782967715354298, -0.047333700206168915, 0.9986444847807724, 0.02164980003923622, -0.016764306136578484, 1.2407478432820487e-09, -0.021674093773456082, 0.999765089238017, 3.041547860793692e-09, 0.0, 0.0, 0.0, 1.0], "right_foot_pose": [0.9962740345619105, 0.0861285735030175, -0.0044628336365790935, -0.001039858008767226, -0.0862441189747594, 0.9949392781653537, -0.051553707006114016, -0.1490397448837126, 1.2337207597293753e-09, 0.05174651283072142, 0.9986602517422326, 3.1493992760922573e-09, 0.0, 0.0, 0.0, 1.0]}, {"left_foot_pose": [0.9988791322396081, 0.047331754260837904, -0.00042920256271918624, -0.004782968857252952, -0.04733370021716195, 0.998838067122867, -0.009057399737670635, -0.01676430617384779, 1.239525017746679e-09, 0.009067563335747705, 0.9999588888025115, 2.5399858813446308e-09, 0.0, 0.0, 0.0, 1.0], "right_foot_pose": [0.996274034563457, 0.08595184461136422, -0.007094255602635677, -0.0010398591835565688, -0.08624411895689826, 0.9928977436042348, -0.08195134343601464, -0.14903974490552907, 1.243703527062259e-09, 0.08225783338699796, 0.9966110820407715, 2.4364946657473574e-09, 0.0, 0.0, 0.0, 1.0]}, {"left_foot_pose": [0.9988041424330252, 0.04885476140597405, -0.0018701194065747168, -0.004247220319757913, -0.04889054160581093, 0.9980734455311779, -0.03819832806568993, -0.016399710767801015, 3.4631591810296486e-07, 0.03824407945668159, 0.9992684275941035, 0.0028444581837869035, 0.0, 0.0, 0.0, 1.0], "right_foot_pose": [0.9962740345635264, 0.08573640761326809, -0.009344327909713694, -0.001039859362133176, -0.08624411895609284, 0.9904090603561961, -0.10794371269251277, -0.14903974522085597, 8.740247252311857e-10, 0.10834741147774585, 0.9941130913664059, 1.655850338788678e-09, 0.0, 0.0, 0.0, 1.0]}, {"left_foot_pose": [0.9985808654290009, 0.05313034123947513, -0.003663610083711322, -0.0027445687774342226, -0.053256503807361126, 0.9962167303600492, -0.06867292736552508, -0.015377087132767508, 1.1335940645828384e-06, 0.06877058230458058, 0.9976325009782937, 0.009617037023855544, 0.0, 0.0, 0.0, 1.0], "right_foot_pose": [0.9962740345626727, 0.08552160185947637, -0.011140182745518437, -0.0010398594594235053, -0.08624411896595809, 0.9879276687426007, -0.1286890565533686, -0.14903974526436392, 5.109175578303299e-10, 0.1291703408224954, 0.9916224195992146, 9.746593185311347e-10, 0.0, 0.0, 0.0, 1.0]}, {"left_foot_pose": [0.9982070204390865, 0.05955560886838997, -0.005989473970011902, -0.00047251646036006157, -0.05985603011542052, 0.9932006712703351, -0.09984829616462458, -0.013830842161953119, 2.223495016162869e-06, 0.10002777634473373, 0.99498464508483, 0.017439490505505015, 0.0, 0.0, 0.0, 1.0], "right_foot_pose": [0.9962740345614997, 0.08534141981098133, -0.012445486057104617, -0.0010398595077390296, -0.08624411897950911, 0.9858462428146388, -0.14376765098487382, -0.14903974512882673, 2.1145958554380805e-10, 0.1443053276663964, 0.9895332093502948, 4.5047388042007697e-10, 0.0, 0.0, 0.0, 1.0]}, {"left_foot_pose": [0.9976776269022318, 0.06754311487270419, -0.008790927825032161, 0.0023713584710658244, -0.06811279444592645, 0.9893397063381438, -0.12871516109426726, -0.01189543929016421, 3.391041208235119e-06, 0.1290150111268022, 0.991642640719152, 0.02343311356192186, 0.0, 0.0, 0.0, 1.0], "right_foot_pose": [0.9962740345605164, 0.08522207485350315, -0.013238051902543357, -0.0010398595078894006, -0.08624411899086519, 0.9844675943390606, -0.15292320829668624, -0.14903974494748917, 5.934303737948399e-12, 0.15349512583116795, 0.9881494048705763, 1.1655040127456218e-10, 0.0, 0.0, 0.0, 1.0]}, {"left_foot_pose": [0.9969962026160973, 0.07656988949460969, -0.01164577141567874, 0.0055894791839586995, -0.07745044835598487, 0.9856693909731122, -0.14985753150292996, -0.009705347603373791, 4.305791589612512e-06, 0.15030936005943873, 0.9886390121070396, 0.025000001497711796, 0.0, 0.0, 0.0, 1.0], "right_foot_pose": [0.9962740345601447, 0.08518120804054118, -0.01349851317757512, -0.001039859443009146, -0.08624411899515887, 0.9839955092535262, -0.15593200347472633, -0.14903974488258168, -7.982556498516408e-11, 0.1565151735955565, 0.9876755542354749, 1.895656548400737e-11, 0.0, 0.0, 0.0, 1.0]}, {"left_foot_pose": [0.9961826539480717, 0.08610729034501252, -0.014340659762283778, 0.008984258356078438, -0.08729329842429212, 0.9826571035824893, -0.1635998069347317, -0.0073950335298897905, 4.8151093507176555e-06, 0.16422713334986314, 0.9864225507603229, 0.02500000105829927, 0.0, 0.0, 0.0, 1.0], "right_foot_pose": [0.9962740345605683, 0.08522238828665395, -0.013236033965127687, -0.0010398593009725903, -0.08624411899026628, 0.9844712149848394, -0.15289989799168274, -0.14903974489204283, -3.640716016658292e-11, 0.15347172834432066, 0.9881530390577197, 1.2010360761482985e-10, 0.0, 0.0, 0.0, 1.0]}, {"left_foot_pose": [0.9952778471503162, 0.09563152953186753, -0.016631822847431543, 0.012358117056760905, -0.09706702297042948, 0.9805675515712212, -0.17048539485035014, -0.005098956600788799, 4.846735288767838e-06, 0.17129473828759956, 0.9852198295870281, 0.0250000006977183, 0.0, 0.0, 0.0, 1.0], "right_foot_pose": [0.9962740345617946, 0.08534136293495363, -0.01244587603861969, -0.00103985914128905, -0.08624411897610264, 0.9858455857166696, -0.14377215677937283, -0.14903974489346727, 1.414003493992375e-10, 0.14430985030607302, 0.989532549795427, 4.5212458082977136e-10, 0.0, 0.0, 0.0, 1.0]}, {"left_foot_pose": [0.9943448683843793, 0.10480480903837411, -0.01715327141050023, 0.015513478478867877, -0.10619925941653204, 0.9812948890762148, -0.1605679232358701, -0.0029515837826431454, 4.127033637561322e-06, 0.16148155521708998, 0.9868757304279189, 0.022459722050605868, 0.0, 0.0, 0.0, 1.0], "right_foot_pose": [0.9962740345638078, 0.08558373101350106, -0.010652372494511625, -0.0010398591452692718, -0.0862441189528487, 0.9886453719818808, -0.12305397354354329, -0.1490397451485, 5.954326734040589e-10, 0.12351418317188045, 0.9923428069751822, 1.2160534593186334e-09, 0.0, 0.0, 0.0, 1.0]}, {"left_foot_pose": [0.99346697145078, 0.11294869563413264, -0.016308549627866507, 0.018252754009466816, -0.1141200097585839, 0.9832739257729074, -0.14194720944011752, -0.001087377239513472, 3.019461087922981e-06, 0.1428809961110432, 0.9897398753921152, 0.01583856037271334, 0.0, 0.0, 0.0, 1.0], "right_foot_pose": [0.9962740345656571, 0.08581302212701504, -0.008612391287902643, -0.0010398591009379134, -0.08624411893148129, 0.9912940956541326, -0.09948853135406137, -0.14903974544330176, 1.0906904360027194e-09, 0.0998606086236408, 0.9950014366046492, 2.1823593765457616e-09, 0.0, 0.0, 0.0, 1.0]}, {"left_foot_pose": [0.9927422680608495, 0.11946263704283898, -0.013837180210317327, 0.020378363387266004, -0.12026133710554558, 0.9861507527657084, -0.11420991032836707, 0.0003592049793429905, 1.7286163059686622e-06, 0.1150450832082723, 0.9933602714154691, 0.007998176035666563, 0.0, 0.0, 0.0, 1.0], "right_foot_pose": [0.996274034566384, 0.08603583973145246, -0.005990186184379013, -0.0010398590823469654, -0.08624411892308766, 0.993868038246175, -0.06919735908168553, -0.14903974561334687, 1.696006315176601e-09, 0.06945615044330651, 0.9975850054835412, 3.3805288984778414e-09, 0.0, 0.0, 0.0, 1.0]}, {"left_foot_pose": [0.9922751527225759, 0.1236532909741408, -0.009994244376333434, 0.021692728893873553, -0.12405652457266543, 0.9890502385732226, -0.07993500040159898, 0.0012537007546377654, 5.839210943381539e-07, 0.0805573659544334, 0.9967499740607692, 0.0018172761155158257, 0.0, 0.0, 0.0, 1.0], "right_foot_pose": [0.9962740345647141, 0.08619765752556827, -0.002830528087106637, -0.0010398591179793142, -0.08624411894237796, 0.9957373228704304, -0.03269764197432729, -0.149039745532997, 2.3149682710859863e-09, 0.032819928091529595, 0.9994612810509803, 4.61940609375322e-09, 0.0, 0.0, 0.0, 1.0]}, {"left_foot_pose": [0.9921537961393128, 0.12492126691238277, -0.005051918383829855, 0.022027674951574556, -0.12502337703946237, 0.9913434769627355, -0.04009072058573235, 0.0014816541876772494, 2.7289575195931415e-09, 0.0404077685159688, 0.9991832725999574, 5.305736731908706e-09, 0.0, 0.0, 0.0, 1.0], "right_foot_pose": [0.9962740345584713, 0.08624115791422081, 0.0007146650960396522, -0.0010398597171303553, -0.08624411901448731, 0.9962398282869824, 0.008255693195522858, -0.14903974512353077, 2.70800523626135e-09, -0.008286568429578964, 0.9999656658024125, 5.4314112166165e-09, 0.0, 0.0, 0.0, 1.0]}, {"left_foot_pose": [0.9921537961334818, 0.12502305631485544, 0.00028320948908804413, 0.022027673843219006, -0.12502337708573596, 0.9921512505299519, 0.002247499484143021, 0.0014816540979409494, 2.6058127651357663e-09, -0.002265272951749194, 0.9999974342659362, 5.130887069382251e-09, 0.0, 0.0, 0.0, 1.0], "right_foot_pose": [0.9962740345504877, 0.08613339553961295, 0.00436878167350645, -0.001039860845536204, -0.08624411910672035, 0.9949949775482856, 0.050467282205328326, -0.14903974498658934, 2.556856825044243e-09, -0.050656024582501784, 0.998716159463487, 5.60590510123582e-09, 0.0, 0.0, 0.0, 1.0]}, {"left_foot_pose": [0.9921537961260831, 0.12490691198346252, 0.00539519891748113, 0.022027674956516977, -0.1250233771444507, 0.9912295573697846, 0.042814947902551366, 0.0014816537129571008, 2.2943435058688217e-09, -0.04315353908148656, 0.999068452141666, 4.2887283793757724e-09, 0.0, 0.0, 0.0, 1.0], "right_foot_pose": [0.9962740345513538, 0.08588790774083938, 0.007830413952576725, -0.0010398596816684777, -0.08624411909671072, 0.9921591530873483, 0.09045533077838874, -0.1490397453816465, 2.2290494154530884e-09, -0.09079362449476537, 0.9958697293075555, 4.812630384487537e-09, 0.0, 0.0, 0.0, 1.0]}, {"left_foot_pose": [0.9921537961235022, 0.12463242998191304, 0.009879384319313678, 0.022027675408590446, -0.12502337716493295, 0.9890513374550046, 0.07840030000416148, 0.0014816538850473482, 1.6265803024686687e-09, -0.0790203092582612, 0.9968730063176201, 3.0882458951220215e-09, 0.0, 0.0, 0.0, 1.0], "right_foot_pose": [0.9961682317875169, 0.0867654057233665, 0.010982638434878952, -0.0007822892054047492, -0.08745772679598998, 0.9882839416904143, 0.12508395828616603, -0.14875305616694634, -1.0048123991118038e-06, -0.1255651821426505, 0.992085371846835, 0.00225030026292429, 0.0, 0.0, 0.0, 1.0]}, {"left_foot_pose": [0.9921537961246086, 0.12428497849667827, 0.01356793851730915, 0.022027675453382984, -0.12502337715615103, 0.9862940508472425, 0.10767172529410285, 0.001481653902391679, 1.020994481505406e-09, -0.10852322048031132, 0.9940939143846436, 1.9983515606170066e-09, 0.0, 0.0, 0.0, 1.0], "right_foot_pose": [0.9958039743850909, 0.09041249884001099, 0.014143007189493002, 7.837685933329843e-05, -0.09151199152568816, 0.9838437369507564, 0.15387350866790883, -0.1477951008187096, -2.420621086415667e-06, -0.15452210623815518, 0.9879893312571066, 0.008710106453097714, 0.0, 0.0, 0.0, 1.0]}, {"left_foot_pose": [0.9921537961270575, 0.12393978244699379, 0.01642483356572629, 0.022027675345390244, -0.12502337713671746, 0.9835546630736578, 0.13034331557618994, 0.0014816537414395411, 5.32153896096808e-10, -0.13137410350999967, 0.9913328628301116, 1.1371380712055235e-09, 0.0, 0.0, 0.0, 1.0], "right_foot_pose": [0.9952001916746512, 0.09631927598936105, 0.017296692274033687, 0.0014266281355624338, -0.09785999425772403, 0.979538556330751, 0.17586255481297158, -0.14629444693800453, -3.8230261794721055e-06, -0.1767111024648779, 0.984262762808302, 0.016558459515617227, 0.0, 0.0, 0.0, 1.0]}, {"left_foot_pose": [0.9921537961295104, 0.12365452793001909, 0.018450001306412132, 0.022027675131825537, -0.1250233771172512, 0.9812909561126234, 0.14641453010467115, 0.0014816535270468466, 1.7994014261755192e-10, -0.1475724133230135, 0.9890512538923465, 5.337310454711641e-10, 0.0, 0.0, 0.0, 1.0], "right_foot_pose": [0.994374053340729, 0.10401845489276663, 0.02001007457383425, 0.003140927711359015, -0.10592564382055779, 0.9764790918255041, 0.1877986720103168, -0.1443863702375497, -4.8917537916697745e-06, -0.18886170673103578, 0.9820036943447369, 0.02291665296112068, 0.0, 0.0, 0.0, 1.0]}, {"left_foot_pose": [0.9921537961317327, 0.12349534763440506, 0.019487019629752324, 0.022027674857872503, -0.12502337709961622, 0.9800277420163999, 0.15464404306938104, 0.0014816534517702326, 1.2067399520680528e-11, -0.15586700738416384, 0.9877780499733256, 1.8058955719713055e-10, 0.0, 0.0, 0.0, 1.0], "right_foot_pose": [0.9933500790729841, 0.11314413549676454, 0.02130786259542407, 0.005099740799452804, -0.11513305510574097, 0.9761984505526672, 0.18379598679130565, -0.14220614304776608, -5.264416965173293e-06, -0.1850269973308254, 0.9827334380344572, 0.025000001243072764, 0.0, 0.0, 0.0, 1.0]}, {"left_foot_pose": [0.9921537961319277, 0.12344072638345154, 0.019830075414183992, 0.022027674781023795, -0.12502337709807035, 0.979594281703278, 0.15736644633857974, 0.0014816534729452354, -3.7062994338544806e-11, -0.1586109401150039, 0.9873411617449339, 8.11165579150952e-11, 0.0, 0.0, 0.0, 1.0], "right_foot_pose": [0.9921683812161097, 0.12306849980496772, 0.021355272668784703, 0.007181521240976567, -0.12490757899310656, 0.9775670243636773, 0.16959012231502757, -0.13988904459377732, -5.008422247328924e-06, -0.17092939253533876, 0.9852832804541115, 0.02500000189734397, 0.0, 0.0, 0.0, 1.0]}, {"left_foot_pose": [0.9921537961310704, 0.12350736342360688, 0.01941071876198177, 0.02202767472695024, -0.12502337710487418, 0.9801230961950279, 0.1540385389516703, 0.0014816534783848407, 3.9180606192309406e-11, -0.15525671478303946, 0.9878741582381728, 2.0407620732187937e-10, 0.0, 0.0, 0.0, 1.0], "right_foot_pose": [0.9908895987008116, 0.13316336166065967, 0.020132617757664267, 0.00926473161692043, -0.13467666155821298, 0.9797601451143636, 0.1480954249023768, -0.13757035461390302, -4.251869216999257e-06, -0.14945760989897242, 0.9887681340057478, 0.025000002535694642, 0.0, 0.0, 0.0, 1.0]}, {"left_foot_pose": [0.9921537961293208, 0.12368834920762488, 0.018221885096547947, 0.022027674644750438, -0.12502337711875758, 0.9815593531052761, 0.14460425825463877, 0.001481653639851371, 2.4418282759072394e-10, -0.145747825376045, 0.9893217734378209, 5.726118398885482e-10, 0.0, 0.0, 0.0, 1.0], "right_foot_pose": [0.9895965188816943, 0.1428347287168571, 0.01723282012945394, 0.011227836814440215, -0.14387053140799347, 0.9824744529447771, 0.11851252888721339, -0.13538534567962043, -3.100616227370041e-06, -0.119758881