{"LoopMode": "Wrap", "FrameDuration": 0.0167, "EnableCycleOffsetPosition": true, "EnableCycleOffsetRotation": false, "Debug_info": [{"left_foot_pose": [1.0000000000000007, 8.692494110746548e-14, -6.671163621518875e-12, 1.2468313072882779e-12, -2.0097417674012857e-14, 0.9999503219912556, 0.00996762507246611, -1.067253924125211e-13, 6.671341580693324e-12, -0.009967625072466282, 0.9999503219912558, 1.4162788997129638e-11, 0.0, 0.0, 0.0, 1.0], "right_foot_pose": [0.9999999999999999, -1.4630776071782224e-13, -6.724620860154572e-12, 1.26117834779582e-12, 4.899827669491829e-14, 0.9998951866741596, -0.014478109885193251, -0.140000000001841, 6.725877344314205e-12, 0.014478109885193097, 0.9998951866741597, 1.1520825959898673e-11, 0.0, 0.0, 0.0, 1.0]}, {"left_foot_pose": [1.0000000000000004, 1.441641704128156e-13, -1.4901413436518858e-11, 2.543368934453991e-12, -3.4604354319233894e-14, 0.9999731352601319, 0.007329990315320141, 5.47577608256411e-13, 1.4901728773261307e-11, -0.007329990315320315, 0.9999731352601322, 3.0722986654740936e-11, 0.0, 0.0, 0.0, 1.0], "right_foot_pose": [0.9999999999999998, -3.8441582649890424e-13, -1.499678159433415e-11, 2.74576703332379e-12, 1.2773072938121052e-13, 0.9998534992887124, -0.017116657387381266, -0.14000000000331245, 1.5001062333355356e-11, 0.01711665738738112, 0.9998534992887123, 2.6661228780255897e-11, 0.0, 0.0, 0.0, 1.0]}, {"left_foot_pose": [1.0000000000000004, 1.171506856328756e-13, -2.6192936708469015e-11, 4.242969324639918e-12, -2.1059982079616097e-14, 0.9999933169942133, 0.0036559495226047463, 1.7582567346519085e-12, 2.6192955689346213e-11, -0.0036559495226049198, 0.9999933169942135, 5.331605990033239e-11, 0.0, 0.0, 0.0, 1.0], "right_foot_pose": [1.0, -8.192603911563942e-13, -2.6356861138054904e-11, 4.754110673177563e-12, 2.7110880218628295e-13, 0.999783802280848, -0.020792996341329983, -0.140000000005005, 2.6368173416554324e-11, 0.020792996341329827, 0.9997838022808478, 4.7697776284216786e-11, 0.0, 0.0, 0.0, 1.0]}, {"left_foot_pose": [1.0000000000000004, -9.561591859084446e-14, -4.038863687938488e-11, 6.3066968236654684e-12, 5.413325613681915e-14, 0.9999994640884149, -0.0010352887925303743, 3.62352682581335e-12, 4.0388314157090586e-11, 0.0010352887925302002, 0.999999464088415, 8.174831644947034e-11, 0.0, 0.0, 0.0, 1.0], "right_foot_pose": [1.0, -1.547999483398536e-12, -4.066796899238055e-11, 7.24881680047615e-12, 5.109809736218951e-13, 0.9996751050333392, -0.025488906931875114, -0.14000000000677082, 4.0693983645660553e-11, 0.025488906931874968, 0.9996751050333396, 7.43497971522622e-11, 0.0, 0.0, 0.0, 1.0]}, {"left_foot_pose": [1.0000000000000007, -6.208299553501979e-13, -5.764760890869525e-11, 8.73896336339401e-12, 2.329492728025136e-13, 0.99997732634723, -0.006734002631905706, 6.308549169165012e-12, 5.7650229707854826e-11, 0.006734002631905531, 0.99997732634723, 1.16477119616043e-10, 0.0, 0.0, 0.0, 1.0], "right_foot_pose": [1.0, -2.7056156625101873e-12, -5.8114013601340256e-11, 1.0246873146409622e-11, 8.914506360576561e-13, 0.999513288901536, -0.03119591815021101, -0.14000000000847226, 5.8170117427574e-11, 0.03119591815021086, 0.999513288901536, 1.069340518911055e-10, 0.0, 0.0, 0.0, 1.0]}, {"left_foot_pose": [1.0000000000000004, -1.6262878365145685e-12, -7.847683614059517e-11, 1.1589005994847069e-11, 5.708576474668477e-13, 0.999909526805146, -0.013451327232284248, 1.007238736860927e-11, 7.849134793452295e-11, 0.013451327232284073, 0.999909526805146, 1.5869731917472762e-10, 0.0, 0.0, 0.0, 1.0], "right_foot_pose": [0.9999999999999996, -4.482950421893743e-12, -7.92382270908831e-11, 1.382440988041238e-11, 1.4745460385491834e-12, 0.9992805233553708, -0.03792671410254625, -0.14000000000996024, 7.935113128926327e-11, 0.03792671410254611, 0.9992805233553707, 1.464475693491174e-10, 0.0, 0.0, 0.0, 1.0]}, {"left_foot_pose": [1.0000000000000004, -3.3475120409576345e-12, -1.0374417991343417e-10, 1.4949430243960444e-11, 1.1453445276617867e-12, 0.9997747689880747, -0.021222895533898334, 1.529986380643944e-11, 1.0379146542900378e-10, 0.021222895533898153, 0.9997747689880749, 2.1039819192436582e-10, 0.0, 0.0, 0.0, 1.0], "right_foot_pose": [0.9999999999999998, -7.1550382865216004e-12, -1.0495787572395439e-10, 1.8117015615728543e-11, 2.3490760390467797e-12, 0.9989543469209845, -0.04571884477619069, -0.14000000001103813, 1.0517510855226026e-10, 0.045718844776190544, 0.9989543469209845, 1.946015917853039e-10, 0.0, 0.0, 0.0, 1.0]}, {"left_foot_pose": [1.0000000000000007, -6.1247307181829294e-12, -1.3466416870500087e-10, 1.895139391408013e-11, 2.0676556633402564e-12, 0.9995466137795499, -0.03010924910781227, 2.2539170183022428e-11, 1.3478720471220783e-10, 0.030109249107812087, 0.99954661377955, 2.7440617833551784e-10, 0.0, 0.0, 0.0, 1.0], "right_foot_pose": [0.9999999999999999, -1.1120142846069688e-11, -1.365610402537242e-10, 2.3317099967893647e-11, 3.642558044065733e-12, 0.9985063799298088, -0.05463523807460109, -0.14000000001141139, 1.3696438098265648e-10, 0.054635238074600946, 0.9985063799298088, 2.5382868029666383e-10, 0.0, 0.0, 0.0, 1.0]}, {"left_foot_pose": [1.0000000000000004, -1.0450407480428321e-11, -1.7278489750083263e-10, 2.3760058139349342e-11, 3.4973661613123107e-12, 0.9991918872697169, -0.040194183837739685, 3.254417915710128e-11, 1.7306485327900864e-10, 0.04019418383773949, 0.9991918872697171, 3.544438284541762e-10, 0.0, 0.0, 0.0, 1.0], "right_foot_pose": [0.9999999999999999, -1.6950300503580635e-11, -1.756996215185324e-10, 2.967035772060071e-11, 5.536020378271517e-12, 0.9979006947115002, -0.06476267053098832, -0.14000000001062388, 1.764282488218819e-10, 0.06476267053098816, 0.9979006947115003, 3.272892651340342e-10, 0.0, 0.0, 0.0, 1.0]}, {"left_foot_pose": [1.0000000000000004, -1.7020578249042218e-11, -2.198723980662007e-10, 2.9557392931752527e-11, 5.65719277080587e-12, 0.998668854235232, -0.05158022470375736, 4.6297085956603645e-11, 2.2045733485634142e-10, 0.051580224703757165, 0.9986688542352318, 4.5504538331853084e-10, 0.0, 0.0, 0.0, 1.0], "right_foot_pose": [0.9999999999999997, -2.5444234717741263e-11, -2.2428475743296856e-10, 3.745800597840481e-11, 8.278155861616935e-12, 0.9970919898345494, -0.07620737371002023, -0.14000000000797902, 2.2557144285373336e-10, 0.0762073737100201, 0.997091989834549, 4.187246729903116e-10, 0.0, 0.0, 0.0, 1.0]}, {"left_foot_pose": [1.0000000000000007, -2.6753355878780307e-11, -2.774698248941827e-10, 3.648292618693333e-11, 8.835207330519735e-12, 0.9979255737749663, -0.06437817336570886, 6.492695270310378e-11, 2.7861621832276954e-10, 0.06437817336570867, 0.9979255737749667, 5.808479808244726e-10, 0.0, 0.0, 0.0, 1.0], "right_foot_pose": [1.0, -3.76368063105154e-11, -2.8405083840610225e-10, 4.6925959832631817e-11, 1.2182650301331675e-11, 0.9960240564521018, -0.08908467302909352, -0.14000000000247015, 2.862741824404604e-10, 0.08908467302909337, 0.9960240564521018, 5.317115359115832e-10, 0.0, 0.0, 0.0, 1.0]}, {"left_foot_pose": [1.0000000000000007, -4.066260827252919e-11, -3.456914754451638e-10, 4.447342648284655e-11, 1.3336758958363661e-11, 0.9968996692725013, -0.07868322187340009, 8.932541165074248e-11, 3.478189493633065e-10, 0.07868322187339989, 0.9968996692725013, 7.34297650462068e-10, 0.0, 0.0, 0.0, 1.0], "right_foot_pose": [0.9999999999999998, -5.4632440085899103e-11, -3.553172200909668e-10, 5.808557484931123e-11, 1.7565569359442092e-11, 0.9946299710296918, -0.10349502755917757, -0.13999999999281942, 3.590632139036075e-10, 0.1034950275591774, 0.9946299710296916, 6.674700028796998e-10, 0.0, 0.0, 0.0, 1.0]}, {"left_foot_pose": [1.0000000000000002, -5.925064258667418e-11, -4.2009162815048636e-10, 5.2833543194921864e-11, 1.927895135918959e-11, 0.9955230248581125, -0.09451934710605385, 1.189266254919552e-10, 4.238108760314097e-10, 0.09451934710605368, 0.9955230248581127, 9.09010040850422e-10, 0.0, 0.0, 0.0, 1.0], "right_foot_pose": [0.9999999999999999, -7.686503454947715e-11, -4.3372822000620157e-10, 7.018011183842038e-11, 2.4498021705903528e-11, 0.992838069022376, -0.11946785634604788, -0.13999999997793608, 4.398046776113991e-10, 0.11946785634604774, 0.9928380690223758, 8.188466155134577e-10, 0.0, 0.0, 0.0, 1.0]}, {"left_foot_pose": [1.0000000000000002, -8.052201805914941e-11, -4.839967315817247e-10, 5.914781191958442e-11, 2.595043411407656e-11, 0.9937406974073936, -0.11171135267405964, 1.4841705468782163e-10, 4.899621324241089e-10, 0.11171135267405947, 0.9937406974073936, 1.0720537305108913e-09, 0.0, 0.0, 0.0, 1.0], "right_foot_pose": [0.9999999999999998, -1.0172658374874691e-10, -5.021570936847291e-10, 8.033098393515472e-11, 3.205884727021962e-11, 0.9905943089967448, -0.1368317031365967, -0.13999999995863743, 5.113531756117167e-10, 0.13683170313659657, 0.9905943089967446, 9.54866727354009e-10, 0.0, 0.0, 0.0, 1.0]}, {"left_foot_pose": [1.0000000000000004, -9.494009100852488e-11, -4.929792130070593e-10, 5.7046886736523735e-11, 3.02542425579767e-11, 0.9915675467789797, -0.12959089541598562, 1.6068267549851356e-10, 5.011252150111765e-10, 0.12959089541598545, 0.9915675467789798, 1.1245811296078934e-09, 0.0, 0.0, 0.0, 1.0], "right_foot_pose": [0.9999999999999998, -1.176143457225958e-10, -5.141082559667602e-10, 8.072351522209386e-11, 3.6551419285342794e-11, 0.9879277821198571, -0.15491512939587432, -0.1399999999422647, 5.261218777535334e-10, 0.15491512939587415, 0.987927782119857, 9.877651335754578e-10, 0.0, 0.0, 0.0, 1.0]}, {"left_foot_pose": [0.9999999991301494, 4.12357508583848e-05, -6.270140923970397e-06, 1.0692995493203689e-05, -4.1709431108865705e-05, 0.9892008533559309, -0.14656626480954754, 1.2777158409034428e-05, 1.586587724745585e-07, 0.14656626494358052, 0.9892008542153933, 0.00016386112272216008, 0.0, 0.0, 0.0, 1.0], "right_foot_pose": [0.9999999999999999, -9.997763955534689e-11, -3.950691995768801e-10, 4.5685734545990896e-11, 3.0580898815790285e-11, 0.98511601331129, -0.17189078019972692, -0.14000000000454196, 4.063742261780647e-10, 0.17189078019972673, 0.98511601331129, 7.345698424532365e-10, 0.0, 0.0, 0.0, 1.0]}, {"left_foot_pose": [0.9999993064134154, 0.0011612300009408894, -0.0001967678172366207, 0.00030198429863180607, -0.0011777826047345932, 0.9860735273649459, -0.16630577698381563, 0.0003608632367529674, 9.08278050989201e-07, 0.16630589338607174, 0.9860742111140707, 0.004191208936171864, 0.0, 0.0, 0.0, 1.0], "right_foot_pose": [1.0, -6.796385386002251e-11, -2.466594706262977e-10, 5.1028546878543735e-12, 2.0918642172603916e-11, 0.9825638646849252, -0.18592539314312148, -0.1400000001688203, 2.5499473663422213e-10, 0.18592539314312131, 0.9825638646849253, 4.0514513272027486e-10, 0.0, 0.0, 0.0, 1.0]}, {"left_foot_pose": [0.9999933282914011, 0.0035865147318048865, -0.0006930258039430503, 0.0009366068806000961, -0.003652857756198633, 0.9819197220873531, -0.1892625583841376, 0.0011192335854857335, 1.7027509829385666e-06, 0.18926382720418236, 0.9819262720332556, 0.01146980149583643, 0.0, 0.0, 0.0, 1.0], "right_foot_pose": [1.0, -3.172100678847127e-11, -1.0317907639389982e-10, 3.5269792203689033e-13, 1.086211138140082e-11, 0.980566247652851, -0.19618826153469957, -0.14000000017341774, 1.0739690622352773e-10, 0.1961882615346994, 0.9805662476528512, 1.7944835895011835e-10, 0.0, 0.0, 0.0, 1.0]}, {"left_foot_pose": [0.9999742271792523, 0.0070155868264244825, -0.0015252930009478582, 0.001840864874156689, -0.007179482649458443, 0.977219686360443, -0.21210879194056165, 0.002199825178050705, 2.4787014868510637e-06, 0.2121142761133234, 0.9772448689365312, 0.019120925427270223, 0.0, 0.0, 0.0, 1.0], "right_foot_pose": [0.9999999999999998, -4.511574340059805e-12, -2.1290191831724056e-12, 9.838541029287804e-12, 3.98826790252721e-12, 0.9793635849901013, -0.20210632942918152, -0.1400000000812502, 2.996644159432354e-12, 0.2021063294291814, 0.9793635849901013, 4.088950011915671e-11, 0.0, 0.0, 0.0, 1.0]}, {"left_foot_pose": [0.9999342157828596, 0.011163523828266556, -0.0026343580724786804, 0.002941064479441344, -0.011470139366765634, 0.9732663934111688, -0.22939259656607017, 0.003514570386719658, 3.1024623615313e-06, 0.22940772260792022, 0.9733304150175435, 0.024265876797302438, 0.0, 0.0, 0.0, 1.0], "right_foot_pose": [0.9999999999999998, 2.8756118009527654e-12, 2.988842506823628e-11, 3.491135614353387e-11, 3.2588815846131583e-12, 0.9791297619279988, -0.20323609252989625, -0.13999999999866927, -2.984912610257882e-11, 0.20323609252989613, 0.9791297619279987, 6.7833100247938205e-12, 0.0, 0.0, 0.0, 1.0]}, {"left_foot_pose": [0.9998681670603133, 0.015778976939942273, -0.0038304550877102015, 0.0041635124978774, -0.016237256164588397, 0.9716975986520954, -0.23566953194250162, 0.004975397066364231, 3.41990050481001e-06, 0.23570065901579682, 0.9718257041917673, 0.025000000071095846, 0.0, 0.0, 0.0, 1.0], "right_foot_pose": [0.9999999999999998, -1.5548556340897885e-11, -2.4417301514034674e-11, 1.0417950063980445e-10, 1.0372013811975229e-11, 0.9799505544908447, -0.19924083605798876, -0.13999999999739446, 2.7025338729850887e-11, 0.1992408360579886, 0.9799505544908447, 1.2929679549245066e-10, 0.0, 0.0, 0.0, 1.0]}, {"left_foot_pose": [0.9997753971027608, 0.020595292208384186, -0.004998928572056191, 0.005434512277387711, -0.021193285165374463, 0.9716039762196828, -0.23566195717171287, 0.006494241957209358, 3.452007096473237e-06, 0.23571497053211177, 0.971822233052491, 0.025000000062645092, 0.0, 0.0, 0.0, 1.0], "right_foot_pose": [1.0, -5.753677329855268e-11, -1.6649415179870141e-10, 2.1237313935801436e-10, 2.48150206646689e-11, 0.9817406155374964, -0.19022450894681772, -0.13999999997462917, 1.7439875012691727e-10, 0.19022450894681764, 0.9817406155374964, 4.1096694797237987e-10, 0.0, 0.0, 0.0, 1.0]}, {"left_foot_pose": [0.9996606218849575, 0.025353501285663344, -0.005986737436930042, 0.0066803692570947286, -0.026050739765834927, 0.9729332783656032, -0.22961314162393603, 0.00798304060708951, 3.1989998587525175e-06, 0.22969117488775823, 0.9732635635676745, 0.024910269096992226, 0.0, 0.0, 0.0, 1.0], "right_foot_pose": [0.9999999999999999, -1.21553168662647e-10, -4.151131105523113e-10, 3.2015894983732814e-10, 4.661496375930434e-11, 0.9843979554946076, -0.17595642988545965, -0.13999999999062757, 4.300243490665906e-10, 0.17595642988545954, 0.9843979554946076, 8.725787106755867e-10, 0.0, 0.0, 0.0, 1.0]}, {"left_foot_pose": [0.9995340873597152, 0.029833287066170847, -0.006448502834706444, 0.007827389585898467, -0.030522257438977688, 0.9769899411499741, -0.21109013878578017, 0.009353722424378635, 2.609697751122184e-06, 0.21118861208549708, 0.9774453284550454, 0.021163832334032733, 0.0, 0.0, 0.0, 1.0], "right_foot_pose": [1.0, -2.008264114735081e-10, -7.968391502188854e-10, 3.826067814624487e-10, 7.417866586528926e-11, 0.9877794931915062, -0.15585786098343274, -0.14000000028339446, 8.184016987261392e-10, 0.15585786098343263, 0.9877794931915063, 1.560496412644774e-09, 0.0, 0.0, 0.0, 1.0]}, {"left_foot_pose": [0.999410872030934, 0.03374916891075529, -0.006237183996173876, 0.008801875763765128, -0.03432067690338132, 0.9827782413923248, -0.18157372988046427, 0.010518228279753815, 1.8062395083341707e-06, 0.18168082409446337, 0.9833575535648745, 0.013996811087372225, 0.0, 0.0, 0.0, 1.0], "right_foot_pose": [1.0, -2.659286378627744e-10, -1.2775255853192374e-09, 4.3641988525908024e-10, 9.793901225919394e-11, 0.9915484564247199, -0.12973688204113565, -0.14000000052933864, 1.3012292130026551e-09, 0.12973688204113556, 0.9915484564247198, 2.4740574727788456e-09, 0.0, 0.0, 0.0, 1.0]}, {"left_foot_pose": [0.9993093656791574, 0.03675843460619231, -0.0054414291526596985, 0.009530132712122143, -0.03715900516647989, 0.9885407629835747, -0.14630915301132044, 0.011388497204115455, 9.790930369432049e-07, 0.1464103049827938, 0.9892239496665495, 0.006287909500784776, 0.0, 0.0, 0.0, 1.0], "right_foot_pose": [1.0, -2.852296949339843e-10, -1.8126234957449566e-09, 4.4541642475923243e-10, 1.0658641035703287e-10, 0.9952060139547494, -0.09780076578585227, -0.14000000060718445, 1.8318292877101627e-09, 0.09780076578585213, 0.9952060139547494, 3.5111136151289024e-09, 0.0, 0.0, 0.0, 1.0]}, {"left_foot_pose": [0.9992489240621065, 0.03852183050724362, -0.0042019442041218635, 0.009938466810784814, -0.03875032594242157, 0.9933575346375416, -0.10834768395393873, 0.01187646366755708, 2.818181647222387e-07, 0.10842913332309578, 0.9941041811836041, 0.0009158367690873664, 0.0, 0.0, 0.0, 1.0], "right_foot_pose": [1.0, -2.2570092485400618e-10, -2.271608678938718e-09, 3.8287671592263113e-10, 8.704260642128223e-11, 0.9981465815410691, -0.060855581156358134, -0.14000000040518742, 2.281133452797731e-09, 0.06085558115635796, 0.9981465815410693, 4.415695024906352e-09, 0.0, 0.0, 0.0, 1.0]}, {"left_foot_pose": [0.9992395963912926, 0.038897263273571736, -0.002689221745049068, 0.01000000058781631, -0.03899011417997597, 0.9968600153128542, -0.06891937947115571, 0.011950000679522078, 2.3820081138064376e-09, 0.0689718259891905, 0.9976186080961594, 4.7774780034814945e-09, 0.0, 0.0, 0.0, 1.0], "right_foot_pose": [0.9999999999999998, -8.333073052801568e-11, -2.3930561976470695e-09, 2.845533583718141e-10, 3.294705920089053e-11, 0.9997784994099518, -0.021046427668009345, -0.1400000002242457, 2.394279820517144e-09, 0.0210464276680092, 0.9997784994099518, 4.705132866655859e-09, 0.0, 0.0, 0.0, 1.0]}, {"left_foot_pose": [0.9992395963894496, 0.03897239529928107, -0.0011753348832083392, 0.010000000495919719, -0.03899011422721253, 0.9987854969163609, -0.03012145650675188, 0.011950000467084193, 2.125396715623625e-09, 0.03014437848382043, 0.9995455549627668, 4.147455719138993e-09, 0.0, 0.0, 0.0, 1.0], "right_foot_pose": [1.0, 4.9403810301098765e-11, -2.1087721568946453e-09, 1.831280001772627e-10, -1.1600712432993824e-11, 0.9998393737345894, 0.017922799168217225, -0.14000000034091728, 2.1093188161530216e-09, -0.017922799168217377, 0.9998393737345894, 4.278694690218465e-09, 0.0, 0.0, 0.0, 1.0]}, {"left_foot_pose": [0.999239596388138, 0.038989620354014654, 0.00019625168017853357, 0.010000000373220838, -0.03899011426082434, 0.999226938329516, 0.00502958313880081, 0.01195000030717451, 1.5715936382269045e-09, -0.005033410501050116, 0.9999873323091293, 3.0295582154060696e-09, 0.0, 0.0, 0.0, 1.0], "right_foot_pose": [0.9999999999578718, 9.16491596894279e-06, 5.099678300201729e-07, 5.452995982777154e-06, -9.179060287880341e-06, 0.998600675842292, 0.052883741575858796, -0.14000935572472908, -2.457917212137726e-08, -0.05288374157831211, 0.9986006758843484, 3.7402439948722166e-05, 0.0, 0.0, 0.0, 1.0]}, {"left_foot_pose": [0.9992395963876755, 0.03896724501287669, 0.0013352254876516658, 0.010000000412145542, -0.03899011427267701, 0.9986535015556567, 0.03421921711012792, 0.011950000504162348, 1.0086693611385085e-09, -0.03424525728816994, 0.9994134591615567, 2.000417193004367e-09, 0.0, 0.0, 0.0, 1.0], "right_foot_pose": [0.999999554250106, 0.0009403829172130618, 8.473227296756427e-05, 0.0005609120013416175, -0.0009441924607674114, 0.9960056387225396, 0.08928536348978329, -0.14096244091587767, -4.31391074598882e-07, -0.08928540369441547, 0.9960060826555925, 0.0034929909839119394, 0.0, 0.0, 0.0, 1.0]}, {"left_foot_pose": [0.9992395963878172, 0.03892748727653881, 0.002209014496921654, 0.010000000367236361, -0.038990114269038444, 0.9976345895317202, 0.056612690796005324, 0.011950000427356245, 5.297456807640841e-10, -0.056655772029085776, 0.9983937717633204, 1.1091820240061168e-09, 0.0, 0.0, 0.0, 1.0], "right_foot_pose": [0.9999948259836273, 0.003188722498946519, 0.00042432864560136086, 0.0019110033875276641, -0.0032168314785504903, 0.9913018290218274, 0.1315687492272321, -0.1432790187723728, -1.1015316718744908e-06, -0.131569433482114, 0.9913069575928448, 0.01053849862399784, 0.0, 0.0, 0.0, 1.0]}, {"left_foot_pose": [0.9992395963881748, 0.03888945615053346, 0.0027998589810668026, 0.010000000251060862, -0.03899011425987489, 0.996659927565092, 0.07175485890132123, 0.011950000210927299, 1.8956786553262764e-10, -0.07180946306903013, 0.9974183680952234, 4.560883129500759e-10, 0.0, 0.0, 0.0, 1.0], "right_foot_pose": [0.9999785679391633, 0.006442864212206847, 0.001163255381530018, 0.003889363104136361, -0.006547034326038957, 0.9841211919341964, 0.17737704453381126, -0.14667363317159127, -1.9680603013558247e-06, -0.1773808588511149, 0.984142281842096, 0.01829520977583929, 0.0, 0.0, 0.0, 1.0]}, {"left_foot_pose": [0.9992395963884436, 0.03886684133503296, 0.0030980080854915754, 0.0100000000905212, -0.03899011425297925, 0.9960803550223875, 0.07939582689924796, 0.011950000015472721, 1.3097783850600308e-11, -0.07945624571494138, 0.9968383545073333, 1.0520639220912287e-10, 0.0, 0.0, 0.0, 1.0], "right_foot_pose": [0.9999432373184804, 0.010391154349396524, 0.0023550058012170422, 0.0063296311684391615, -0.010654676569402232, 0.9752711031527177, 0.22075496194306027, -0.15086082440263496, -2.8702227386062115e-06, -0.2207675231245929, 0.9753264585384702, 0.023884419745504377, 0.0, 0.0, 0.0, 1.0]}, {"left_foot_pose": [0.9992395963884564, 0.03886700856708368, 0.003095909314174892, 0.009999999971853897, -0.03899011425265803, 0.9960846408497057, 0.07934203963775031, 0.011949999984236521, 1.7016927176530033e-11, -0.07940241752213822, 0.9968426435960897, 1.2463534371232043e-10, 0.0, 0.0, 0.0, 1.0], "right_foot_pose": [0.9998835660924493, 0.014761879961755542, 0.0038653794432651, 0.009065444285095706, -0.015259562429750033, 0.96733199899728, 0.25305325421811653, -0.15555512347262185, -3.563461037144121e-06, -0.2530827742378391, 0.9674446285815952, 0.025000003928930488, 0.0, 0.0, 0.0, 1.0]}, {"left_foot_pose": [0.9992395963882059, 0.03889015341327312, 0.002790157240685295, 0.009999999945776467, -0.03899011425907398, 0.996677797015129, 0.0715062229958622, 0.011949999986455795, 2.103404183653828e-10, -0.07156063795524567, 0.9974362511436203, 4.941576661754432e-10, 0.0, 0.0, 0.0, 1.0], "right_foot_pose": [0.9997983463604012, 0.0192999058731332, 0.005547994979741593, 0.011930430887797983, -0.02008149893215221, 0.9609395225448115, 0.27602892495531633, -0.16047106844695375, -3.9553770142711294e-06, -0.276084674773226, 0.9611333166318379, 0.025000002796733874, 0.0, 0.0, 0.0, 1.0]}, {"left_foot_pose": [0.9992395963878417, 0.03892963626176483, 0.002170813485948693, 0.009999999937412808, -0.0389901142684151, 0.9976896636909783, 0.05563367643360841, 0.011950000021736797, 6.107329074865733e-10, -0.05567601265096336, 0.9984488878331683, 1.2630811049851864e-09, 0.0, 0.0, 0.0, 1.0], "right_foot_pose": [0.9996914309629356, 0.023772190125643983, 0.007205958361542466, 0.014758230313782093, -0.02484034708723121, 0.9567503017694066, 0.2898479208494261, -0.16532320493562913, -3.982954988482586e-06, -0.28993748126239166, 0.957045587703823, 0.02499255171080899, 0.0, 0.0, 0.0, 1.0]}, {"left_foot_pose": [0.9992395963877307, 0.03897093227991186, 0.00122288516231231, 0.00999999987631393, -0.03899011427125666, 0.9987479988499945, 0.03134016244766983, 0.01195000050652484, 1.239706745841279e-09, -0.03136401170715486, 0.9995080283667731, 2.5896447625184393e-09, 0.0, 0.0, 0.0, 1.0], "right_foot_pose": [0.9995719495188103, 0.028027275466154192, 0.008389848932440897, 0.017382482147106717, -0.029256071553282297, 0.9576230745202882, 0.28653469148356153, -0.16982606908919817, -3.5262006254508145e-06, -0.2866574941916834, 0.9580331314789227, 0.021837793858895678, 0.0, 0.0, 0.0, 1.0]}, {"left_foot_pose": [0.9992395963885287, 0.03899006694219085, -6.073824705468694e-05, 0.009999999903169165, -0.03899011425080912, 0.9992383840454409, -0.0015565477716461512, 0.011950001029774417, 2.0860214267277485e-09, 0.001557732358291045, 0.9999987867342144, 4.477562633165011e-09, 0.0, 0.0, 0.0, 1.0], "right_foot_pose": [0.9994537380145895, 0.03187149153067532, 0.008742630969811814, 0.019636813127893397, -0.03304883601028762, 0.9638700284287928, 0.26431485530526555, -0.17369420278216785, -2.651289121480428e-06, -0.2644594039248529, 0.9643968185703862, 0.014923779752344608, 0.0, 0.0, 0.0, 1.0]}, {"left_foot_pose": [0.999239596391011, 0.03895419685900197, -0.0016731860029531576, 0.010000000152053443, -0.038990114187192636, 0.998319109636363, -0.04288037232265869, 0.011950001477681391, 3.0958797039482383e-09, 0.0429130036461011, 0.9990788127660755, 6.843043416637773e-09, 0.0, 0.0, 0.0, 1.0], "right_foot_pose": [0.9993539857215274, 0.034982972568416704, 0.008234248768046397, 0.02135486213781105, -0.0359389930295815, 0.9727800782079082, 0.22892642534629995, -0.1766421541925711, -1.5863024882403616e-06, -0.22907446621588548, 0.973408901194863, 0.00712921423440388, 0.0, 0.0, 0.0, 1.0]}, {"left_foot_pose": [0.99923959639557, 0.03882572497837576, -0.0035766010572276475, 0.010000000159213374, -0.03899011407035106, 0.9950266384961405, -0.09166111328067564, 0.011950001627061684, 4.151767513757891e-09, 0.09173086592295619, 0.995783836099495, 9.398689410078376e-09, 0.0, 0.0, 0.0, 1.0], "right_foot_pose": [0.9992911011957567, 0.03700134894272564, 0.006942279696942493, 0.02237026741129844, -0.037646979568941, 0.9821563756195301, 0.1842594875691449, -0.1783844656514096, -5.546701324129108e-07, -0.18439022210064948, 0.9828531151669437, 0.00133280755884186, 0.0, 0.0, 0.0, 1.0]}, {"left_foot_pose": [0.9992395964008176, 0.03857596675924079, -0.0056677838104630274, 0.01000000009806615, -0.03899011393587028, 0.9886258402228386, -0.1452539812155075, 0.011950001544831071, 4.780803429006059e-09, 0.14536451710192919, 0.9893781669148172, 1.1224519300134794e-08, 0.0, 0.0, 0.0, 1.0], "right_foot_pose": [0.9992780868653478, 0.03765734579842583, 0.005022889422241484, 0.02257472210908722, -0.03799085561987592, 0.9905057208915317, 0.13211779505583843, -0.1787352893821706, 4.78640743260165e-09, -0.13221324135110146, 0.9912212965889278, 1.0557010259037991e-08, 0.0, 0.0, 0.0, 1.0]}, {"left_foot_pose": [0.9992395964039018, 0.0382095816857437, -0.007762528323219725, 0.010000000151024379, -0.03899011385682599, 0.9792361226531399, -0.19893814896263026, 0.01195000155977411, 4.684016276852264e-09, 0.19908953754189682, 0.9799813039243939, 1.2078935837656068e-08, 0.0, 0.0, 0.0, 1.0], "right_foot_pose": [0.9992780868697935, 0.03787912925956491, 0.0029114718584212066, 0.022574721951923022, -0.037990855502938826, 0.9963393283543003, 0.07658092238055406, -0.17873528901377378, 4.741727679742419e-09, -0.07663624691383854, 0.9970591184372978, 9.831322290987377e-09, 0.0, 0.0, 0.0, 1.0]}, {"left_foot_pose": [0.9992395964034193, 0.03776493457948205, -0.009697355089934457, 0.010000000338006066, -0.03899011386919495, 0.9678406967530244, -0.24852395604667224, 0.011950001098780342, 3.965366855338223e-09, 0.2487130785158441, 0.9685772063058128, 1.1573770782036252e-08, 0.0, 0.0, 0.0, 1.0], "right_foot_pose": [0.9992780868747559, 0.03798125905018385, 0.0008538459405258826, 0.022574721702596882, -0.0379908553724091, 0.9990256712395643, 0.02245892055310508, -0.17873528843212694, 4.065645648422174e-09, -0.022475145501215977, 0.9997474020144785, 8.10318896704576e-09, 0.0, 0.0, 0.0, 1.0]}, {"left_foot_pose": [0.9992406771604345, 0.03730777918834235, -0.01123382036490759, 0.010497589969926783, -0.03896240634194887, 0.9568053229678979, -0.2881067594353566, 0.010542850676527146, -4.424127459386895e-08, 0.28832569006651376, 0.957532399685602, 0.002844456612363433, 0.0, 0.0, 0.0, 1.0], "right_foot_pose": [0.9992780868778448, 0.037978322913413916, -0.0009757430187610934, 0.02257472152280861, -0.037990855291164326, 0.998948448211498, -0.025665009839974332, -0.1787352885855199, 2.943166026100706e-09, 0.025683551244417586, 0.9996701231883823, 5.8672171565632425e-09, 0.0, 0.0, 0.0, 1.0]}, {"left_foot_pose": [0.999243704078923, 0.036906633524874756, -0.0122441929295337, 0.011893217281771106, -0.03888469954399245, 0.9484113975575023, -0.3146486947762539, 0.00659612132115368, -9.193892487992902e-08, 0.3148868390150456, 0.9491292212418209, 0.009617038664595186, 0.0, 0.0, 0.0, 1.0], "right_foot_pose": [0.9992780868788163, 0.03790863209694762, -0.0024981385771342276, 0.022574721312498176, -0.037990855265606804, 0.9971153642851533, -0.06570879106081169, -0.1787352884515325, 1.9715143386340178e-09, 0.06575626144348497, 0.9978357149756546, 3.8916222674934e-09, 0.0, 0.0, 0.0, 1.0]}, {"left_foot_pose": [0.9992482692614749, 0.0366401801716772, -0.012664658500524657, 0.014003443901176261, -0.03876720750751803, 0.9444217556312294, -0.3264424162275738, 0.00062855422324095, -1.2993072063794751e-07, 0.32668799287303846, 0.9451322422352174, 0.01743949488377483, 0.0, 0.0, 0.0, 1.0], "right_foot_pose": [0.9992780868785754, 0.03780917516214128, -0.003710978018371072, 0.022574721090376008, -0.037990855271950744, 0.9944993359668612, -0.09761027444474157, -0.17873528813005976, 1.21095154838822e-09, 0.09768079153564724, 0.9952177967485155, 2.3553975644907688e-09, 0.0, 0.0, 0.0, 1.0]}, {"left_foot_pose": [0.9992539637847782, 0.03659928389818434, -0.012329163740935107, 0.016644763451655477, -0.03862014837346366, 0.9469650782973995, -0.3190072485458799, -0.006840908633936167, -1.493478335743329e-07, 0.31924541171854165, 0.947672077828949, 0.023433119156464198, 0.0, 0.0, 0.0, 1.0], "right_foot_pose": [0.9992780868778555, 0.03770808958762276, -0.004626560859286322, 0.0225747208727488, -0.03799085529088359, 0.9918404682835396, -0.12169297592448121, -0.17873528774903905, 6.508718646956019e-10, 0.12178089117238798, 0.9925570082092307, 1.2764241469342963e-09, 0.0, 0.0, 0.0, 1.0]}, {"left_foot_pose": [0.9992603814324906, 0.03682334251724061, -0.011078427020652577, 0.019633673309376556, -0.03845373973195796, 0.956891736420323, -0.2878880245358027, -0.015293328291059831, -1.4406549598510187e-07, 0.28810110415678386, 0.9575999967541886, 0.025000007751596984, 0.0, 0.0, 0.0, 1.0], "right_foot_pose": [0.9992780868771232, 0.03762507880082914, -0.005259137992819971, 0.022574720714035754, -0.03799085531014167, 0.989657023872556, -0.1383317389918844, -0.17873528752788423, 2.738837032339324e-10, 0.138431674644737, 0.9903719864046306, 6.221600387656956e-10, 0.0, 0.0, 0.0, 1.0]}, {"left_foot_pose": [0.9992671212607891, 0.0371395193197048, -0.009266955912136205, 0.022786661316156292, -0.03827819702077626, 0.9695407303249514, -0.24192054868034574, -0.024209747999027365, -1.2168860577101788e-07, 0.24209797261782703, 0.9702518083746736, 0.025000010296032597, 0.0, 0.0, 0.0, 1.0], "right_foot_pose": [0.9992780868766409, 0.03757129855992051, -0.005630507320095795, 0.02257472068798978, -0.03799085532283173, 0.9882424345937192, -0.14809991688086369, -0.1787352875594327, 6.817890427614272e-11, 0.14820690939629075, 0.9889563751790065, 2.3678173310948125e-10, 0.0, 0.0, 0.0, 1.0]}, {"left_foot_pose": [0.9992737889842327, 0.0374276480691842, -0.00714603450210736, 0.025920219542334484, -0.03810373536922766, 0.9815429042093147, -0.1874076640568811, -0.033071220530106596, -8.863701057804685e-08, 0.1875438571544112, 0.9822562301373505, 0.025000011466720637, 0.0, 0.0, 0.0, 1.0], "right_foot_pose": [0.9992780868764684, 0.03755144442483302, -0.005761432991329421, 0.022574720688144673, -0.03799085532736654, 0.9877202084776454, -0.15154367250522854, -0.1787352875862959, -6.894164272035172e-13, 0.1516531529065107, 0.9884337717892455, 1.0197097333186633e-10, 0.0, 0.0, 0.0, 1.0]}, {"left_foot_pose": [0.9992799973327179, 0.037662924136469614, -0.004581601926656776, 0.028850845510187163, -0.037940571038421134, 0.9919671714065712, -0.12067163677072411, -0.04135881003842869, -4.799742277314143e-08, 0.12075858146375179, 0.9926819052460164, 0.022459730494166788, 0.0, 0.0, 0.0, 1.0], "right_foot_pose": [0.9992780868766467, 0.037590772071852845, -0.005498994743667163, 0.022574720621992752, -0.03799085532268079, 0.9887546487422745, -0.14464072560103095, -0.17873528770021885, 6.783436715495032e-11, 0.14474521907677496, 0.9894689593688206, 2.749734814844196e-10, 0.0, 0.0, 0.0, 1.0]}, {"left_foot_pose": [0.9992853654596653, 0.037735746793850396, -0.0021844431910539703, 0.03139501945655462, -0.037798920330404155, 0.9976152296568399, -0.05775028293079767, -0.048553548266713306, -1.6258234625116957e-08, 0.05779158217804595, 0.9983286698424318, 0.015838566805597788, 0.0, 0.0, 0.0, 1.0], "right_foot_pose": [0.999278086877027, 0.03764106299123634, -0.005143487559780387, 0.02257472061764696, -0.0379908553126648, 0.9900774577346966, -0.13528977270367587, -0.17873528785634357, 2.3066813026952913e-10, 0.13538751073304311, 0.9907927240031135, 6.008777433952339e-10, 0.0, 0.0, 0.0, 1.0]}, {"left_foot_pose": [0.9992895171994585, 0.037688620143997376, -0.00016949016207467283, 0.033369232706896755, -0.037689001250677034, 0.9992794127627314, -0.004493819455447053, -0.054136484099477494, 2.1751746409316784e-09, 0.004497014588945462, 0.9999898883787715, 0.00799818047727039, 0.0, 0.0, 0.0, 1.0], "right_foot_pose": [0.999278086877436, 0.037712328395449066, -0.004591881266432667, 0.022574720655578143, -0.037990855301917106, 0.9919519612001181, -0.12078079973517461, -0.17873528791742102, 4.4435804942973574e-10, 0.1208680559876485, 0.9926685816735449, 9.892510421938283e-10, 0.0, 0.0, 0.0, 1.0]}, {"left_foot_pose": [0.9992920783824347, 0.037597362085450135, 0.0013343336651527907, 0.034589981664196995, -0.03762103244349285, 0.9986633390657069, 0.03544281484334274, -0.05758867471956647, 6.229523153754239e-09, -0.0354679231186351, 0.9993708152781186, 0.001817277080817109, 0.0, 0.0, 0.0, 1.0], "right_foot_pose": [0.9992780868776583, 0.03779205709353244, -0.0038814310204326906, 0.022574720733989327, -0.037990855296073385, 0.9940490752987468, -0.10209373541789536, -0.17873528779865927, 6.388917497278586e-10, 0.10216749149482707, 0.9947672107994187, 1.345338049296707e-09, 0.0, 0.0, 0.0, 1.0]}, {"left_foot_pose": [0.9992927303179397, 0.03753274787090901, 0.002309106099113448, 0.03490107086294375, -0.03760371170134889, 0.99740691425607, 0.061362922522214106, -0.05846840728191277, 7.10641653681532e-10, -0.06140635334755056, 0.9981128492152362, 1.4744964207946687e-09, 0.0, 0.0, 0.0, 1.0], "right_foot_pose": [0.9992780868775333, 0.03786556439276424, -0.0030828752154354183, 0.02257472084521277, -0.03799085529935478, 0.9959825464453509, -0.08108922301920238, -0.1787352875681913, 7.116495594097558e-10, 0.08114780471122966, 0.9967020787529984, 1.5156602431454225e-09, 0.0, 0.0, 0.0, 1.0]}, {"left_foot_pose": [0.9992927303176979, 0.03747371334451835, 0.0031240906476073848, 0.03490107083696934, -0.03760371170777663, 0.9958381118504229, 0.08302057487143913, -0.058468407308779634, 6.926662602224532e-10, -0.08307933433988697, 0.9965429364586567, 1.4365253916959198e-09, 0.0, 0.0, 0.0, 1.0], "right_foot_pose": [0.9992780868772311, 0.03792356025705444, -0.002260235476828836, 0.022574720816663722, -0.03799085530731242, 0.9975080180638131, -0.059451230529085825, -0.17873528759322047, 6.875231952862048e-10, 0.05949418018456263, 0.9982286524259697, 1.482977504685401e-09, 0.0, 0.0, 0.0, 1.0]}, {"left_foot_pose": [0.9992927303177982, 0.03740370723710905, 0.003873218160879882, 0.03490107077936897, -0.03760371170511113, 0.9939777479786289, 0.10292811758374205, -0.05846840732596061, 5.115872980702117e-10, -0.10300096702582179, 0.994681255876347, 1.0947870665578563e-09, 0.0, 0.0, 0.0, 1.0], "right_foot_pose": [0.9992780868768425, 0.03796123534268553, -0.0014998996681346642, 0.022574720762780682, -0.03799085531752636, 0.9984989896002169, -0.03945203010731883, -0.17873528760157914, 5.034834873406079e-10, 0.03948053164033193, 0.999220339875744, 1.1419421658276363e-09, 0.0, 0.0, 0.0, 1.0]}, {"left_foot_pose": [0.9992927303180624, 0.03733531395648915, 0.004484803813316069, 0.03490107087269981, -0.03760371169809602, 0.9921602442239008, 0.11918057999563798, -0.05846840714216198, 3.249374398612925e-10, -0.11926493245434984, 0.9928624657457147, 7.170413290902289e-10, 0.0, 0.0, 0.0, 1.0], "right_foot_pose": [0.999278909832934, 0.03796382943255349, -0.0006387628032783322, 0.02296774813115359, -0.03796920282416869, 0.9991374916535948, -0.016811079949255067, -0.1798347704990522, -1.1067415838483054e-09, 0.016823210959239967, 0.9998584797725231, 0.0022503015428795153, 0.0, 0.0, 0.0, 1.0]}, {"left_foot_pose": [0.9992927303183977, 0.03727765472354164, 0.004941213526577455, 0.03490107092032646, -0.03760371168917766, 0.9906279905701765, 0.13130934911914066, -0.058468407120637986, 1.5162434350227275e-10, -0.1314022859664459, 0.9913291276073722, 4.1001257250483647e-10, 0.0, 0.0, 0.0, 1.0], "right_foot_pose": [0.9992816563372247, 0.03789040518122202, 0.0006989299929460128, 0.024281043433251742, -0.037896850897299494, 0.9991116889317408, 0.018429914053847574, -0.1835087051824858, 7.785257974013652e-09, -0.018443162287611975, 0.9998299104171835, 0.008710109713784053, 0.0, 0.0, 0.0, 1.0]}, {"left_foot_pose": [0.9992927303186643, 0.037240855244260095, 0.005211317774395492, 0.03490107089159703, -0.03760371168208854, 0.9896500703613036, 0.13848718027888982, -0.058468407230534765, 3.1846139873196766e-11, -0.13858519738609715, 0.9903505152548046, 1.9200070006109016e-10, 0.0, 0.0, 0.0, 1.0], "right_foot_pose": [0.9992859482891564, 0.03770203133792661, 0.0024799969425989003, 0.02633835011077326, -0.0377835089932159, 0.9971310025734416, 0.06559093043281838, -0.1892640214962286, 2.9476908805481803e-08, -0.06563779810351099, 0.9978435145152379, 0.016558463883552067, 0.0, 0.0, 0.0, 1.0]}, {"left_foot_pose": [0.9992927303187312, 0.03723234907542352, 0.00527174681311799, 0.03490107080897691, -0.03760371168030875, 0.9894240249410937, 0.14009303957453095, -0.05846840734916591, 2.170195434759314e-12, -0.1401921932622953, 0.9901243098461469, 1.10294974542402e-10, 0.0, 0.0, 0.0, 1.0], "right_foot_pose": [0.9992913869723633, 0.037363141320495556, 0.00455187802063668, 0.028954214149832527, -0.03763939323164457, 0.991956956506681, 0.12084979319451125, -0.19658190568219017, 6.083393882944444e-08, -0.12093548738342783, 0.9926603688529773, 0.02291665869572889, 0.0, 0.0, 0.0, 1.0]}, {"left_foot_pose": [0.9992927303184697, 0.03726468626036263, 0.005038084018351992, 0.03490107073537951, -0.03760371168726849, 0.9902833627730884, 0.13388361468889806, -0.058468407344671944, 1.1315786551628713e-10, -0.1339783735262574, 0.9909842558927259, 2.974521393084295e-10, 0.0, 0.0, 0.0, 1.0], "right_foot_pose": [0.9992975759657626, 0.03690925644384797, 0.006485480530629314, 0.031943181554690676, -0.03747472039845625, 0.9842185403129801, 0.1729436620268115, -0.2049435350090651, 9.179100149258879e-08, -0.17306522381157, 0.9849103656206706, 0.025000008383643274, 0.0, 0.0, 0.0, 1.0]}, {"left_foot_pose": [0.9992927303179558, 0.03732192268115632, 0.004594912520160593, 0.034901070785847935, -0.03760371170092279, 0.9918043800895163, 0.12210664396978872, -0.05846840736698916, 3.61472241319653e-10, -0.12219306740823192, 0.9925063497415866, 7.613229768832497e-10, 0.0, 0.0, 0.0, 1.0], "right_foot_pose": [0.9993041237592301, 0.03639200571381876, 0.008178640346834194, 0.03511978452761165, -0.03729970828014062, 0.9749849856515818, 0.21911871101346214, -0.21383007627950926, 1.1784199888364724e-07, -0.21927129240762502, 0.9756639279618142, 0.025000007103311885, 0.0, 0.0, 0.0, 1.0]}, {"left_foot_pose": [0.9992927303172844, 0.037402066815977145, 0.0038890272461177306, 0.034901070853548474, -0.037603711718763096, 0.9939341538044001, 0.1033482402661214, -0.058468407383461596, 7.827547157196655e-10, -0.10342138704844868, 0.9946376308490325, 1.5569872544030083e-09, 0.0, 0.0, 0.0, 1.0], "right_foot_pose": [0.9993106453512908, 0.035881194837172344, 0.009527536126607792, 0.038298568781737374, -0.03712457525102984, 0.9658407057755312, 0.2564634417991276, -0.22272272108019434, 1.3250698151081984e-07, -0.25664035326518886, 0.9665069731129217, 0.0250000048035156, 0.0, 0.0, 0.0, 1.0]}, {"left_foot_pose": [0.9992927303167323, 0.03749212819420993, 0.0028947296246873435, 0.03490107084203125, -0.03760371173343248, 0.9963274717326466, 0.0769254829994746, -0.05846840698480475, 1.421703263094369e-09, -0.07697992851583142, 0.9970326426981709, 2.8005063823499654e-09, 0.0, 0.0, 0.0, 1.0], "right_foot_pose": [0.9993167627784812, 0.03550129878109191, 0.010279368404307444, 0.04129408000901123, -0.03695954044518298, 0.9598876661002249, 0.27793823205659246, -0.23110265126465285, 1.2927233446489969e-07, -0.27812825504345845, 0.9605439468064246, 0.023024935690947622, 0.0, 0.0, 0.0, 1.0]}, {"left_foot_po