{"LoopMode": "Wrap", "FrameDuration": 0.0167, "EnableCycleOffsetPosition": true, "EnableCycleOffsetRotation": false, "Debug_info": [{"left_foot_pose": [1.0000000000000007, 1.1481161462928363e-13, -8.953726648996967e-12, 1.6075699495223553e-12, -2.853984418696553e-14, 0.9999539384956666, 0.00959796264868493, 4.672998099586323e-14, 8.95424136874841e-12, -0.0095979626486851, 0.9999539384956668, 1.874379124133796e-11, 0.0, 0.0, 0.0, 1.0], "right_foot_pose": [0.9999999999999999, -2.018149428321154e-13, -9.017564472912907e-12, 1.6292853272641605e-12, 6.796693494898312e-14, 0.9998897645632947, -0.014847852422456665, -0.14000000000227958, 9.019379803502647e-12, 0.014847852422456514, 0.9998897645632946, 1.5675273579152105e-11, 0.0, 0.0, 0.0, 1.0]}, {"left_foot_pose": [1.0000000000000007, 1.7455626981116838e-13, -1.9985235688579912e-11, 3.326735150625918e-12, -4.343819000410821e-14, 0.999978587097708, 0.006544107736899171, 1.041007557933682e-12, 1.9985614389017993e-11, -0.006544107736899345, 0.9999785870977083, 4.08092171166885e-11, 0.0, 0.0, 0.0, 1.0], "right_foot_pose": [0.9999999999999998, -5.39834360632676e-13, -2.010425159681972e-11, 3.574214212447404e-12, 1.7989105121096147e-13, 0.9998397300936849, -0.017902908316460346, -0.14000000000413387, 2.0110427656970453e-11, 0.017902908316460193, 0.9998397300936849, 3.606533127697986e-11, 0.0, 0.0, 0.0, 1.0]}, {"left_foot_pose": [1.0000000000000007, 9.173310879807154e-14, -3.5105862661311e-11, 5.5928282633150386e-12, -1.0967269743783592e-14, 0.9999973751493103, 0.0022912211788773, 2.817258579201898e-12, 3.510567323395874e-11, -0.0022912211788774727, 0.9999973751493106, 7.095020404523922e-11, 0.0, 0.0, 0.0, 1.0], "right_foot_pose": [0.9999999999999998, -1.1710336336897046e-12, -3.532180103960058e-11, 6.211801568455272e-12, 3.881204291753467e-13, 0.9997544626851333, -0.0221588434075503, -0.14000000000624402, 3.533890027376394e-11, 0.022158843407550147, 0.9997544626851333, 6.432408078405061e-11, 0.0, 0.0, 0.0, 1.0]}, {"left_foot_pose": [1.0000000000000007, -2.900060806934544e-13, -5.409739323170016e-11, 8.352049130564405e-12, 1.205974021266138e-13, 0.9999950775116083, -0.003137666737135135, 5.530196092728978e-12, 5.409770213904502e-11, 0.003137666737134961, 0.9999950775116085, 1.0891042234728587e-10, 0.0, 0.0, 0.0, 1.0], "right_foot_pose": [0.9999999999999998, -2.2461619872412348e-12, -5.44818079539766e-11, 9.492496473526922e-12, 7.420042451336579e-13, 0.9996192144501396, -0.02759395046175273, -0.14000000000838514, 5.4522776368049635e-11, 0.02759395046175258, 0.9996192144501396, 1.0005958561709605e-10, 0.0, 0.0, 0.0, 1.0]}, {"left_foot_pose": [1.0000000000000004, -1.166559865122895e-12, -7.716011163338975e-11, 1.1609155977260243e-11, 4.1604817272380417e-13, 0.9999526597030904, -0.009730280197214862, 9.43145908594012e-12, 7.71673697969286e-11, 0.009730280197214688, 0.9999526597030906, 1.5531017444336825e-10, 0.0, 0.0, 0.0, 1.0], "right_foot_pose": [1.0, -3.972930635905553e-12, -7.782469113593035e-11, 1.3438954798461615e-11, 1.3092554043339357e-12, 0.9994150901669852, -0.03419762486660515, -0.14000000001033597, 7.791502014675189e-11, 0.034197624866605, 0.9994150901669854, 1.436835372903289e-10, 0.0, 0.0, 0.0, 1.0]}, {"left_foot_pose": [1.0000000000000004, -2.7977654785546418e-12, -1.0496098434842335e-10, 1.5431101256315242e-11, 9.610475162931851e-13, 0.9998468949853777, -0.017498188137631338, 1.4907637624350656e-11, 1.049935777027647e-10, 0.017498188137631165, 0.9998468949853776, 2.1177030268271224e-10, 0.0, 0.0, 0.0, 1.0], "right_foot_pose": [0.9999999999999997, -6.643574288708123e-12, -1.0607270617413176e-10, 1.8153316868688737e-11, 2.1844871139663417e-12, 0.9991183041791323, -0.0419834997852092, -0.14000000001184645, 1.0625787134807937e-10, 0.04198349978520906, 0.999118304179132, 1.9652380417456428e-10, 0.0, 0.0, 0.0, 1.0]}, {"left_foot_pose": [1.0000000000000007, -5.54804754539133e-12, -1.386459280716678e-10, 1.9945636458242176e-11, 1.8749685973150727e-12, 0.999649318689823, -0.02648092979813138, 2.252623781950902e-11, 1.3874394780662793e-10, 0.0264809297981312, 0.9996493186898233, 2.810000496178411e-10, 0.0, 0.0, 0.0, 1.0], "right_foot_pose": [0.9999999999999998, -1.0678303792462776e-11, -1.4044604368379502e-10, 2.3818400848981457e-11, 3.5026205461869294e-12, 0.9986989769158795, -0.050993661441160035, -0.14000000001258367, 1.4080782530203263e-10, 0.05099366144115989, 0.9986989769158794, 2.6087339927149955e-10, 0.0, 0.0, 0.0, 1.0]}, {"left_foot_pose": [1.0000000000000002, -9.942770202382236e-12, -1.7982515476688816e-10, 2.533756098839698e-11, 3.328471399313437e-12, 0.9993246224349339, -0.03674641472684981, 3.308998214324177e-11, 1.8006871629087384e-10, 0.03674641472684964, 0.9993246224349339, 3.668798043143795e-10, 0.0, 0.0, 0.0, 1.0], "right_foot_pose": [0.9999999999999998, -1.6685445070956277e-11, -1.8266871348870942e-10, 3.0696697507651664e-11, 5.456691749669437e-12, 0.9981194371571608, -0.061299177556249335, -0.14000000001205642, 1.8334778987767417e-10, 0.061299177556249196, 0.9981194371571608, 3.4001603615996245e-10, 0.0, 0.0, 0.0, 1.0]}, {"left_foot_pose": [1.0000000000000004, -1.6741210143178575e-11, -2.3056290210377003e-10, 3.1847109290296067e-11, 5.565235015644559e-12, 0.9988285650972466, -0.048389022988444795, 4.769786648983754e-11, 2.3110250990799546e-10, 0.048389022988444615, 0.9988285650972467, 4.745939960471013e-10, 0.0, 0.0, 0.0, 1.0], "right_foot_pose": [1.0000000000000002, -2.554032261042107e-11, -2.349632155507207e-10, 3.9129901594561746e-11, 8.320335366747087e-12, 0.9973320611691644, -0.07299835452985544, -0.1400000000095201, 2.3620046365272743e-10, 0.0729983545298553, 0.9973320611691644, 4.3827015627773136e-10, 0.0, 0.0, 0.0, 1.0]}, {"left_foot_pose": [1.0000000000000004, -2.7017610735851508e-11, -2.932571407932011e-10, 3.9757985188068295e-11, 8.924220970620716e-12, 0.9981055626129508, -0.06152467700919647, 6.777837319171809e-11, 2.943634821695941e-10, 0.06152467700919628, 0.9981055626129508, 6.106387132054358e-10, 0.0, 0.0, 0.0, 1.0], "right_foot_pose": [1.0, -3.8472166033354127e-11, -2.9995234074320344e-10, 4.95253897936973e-11, 1.2469517207810565e-11, 0.9962768169352961, -0.08621197154267154, -0.1400000000038631, 3.0215223007681617e-10, 0.08621197154267139, 0.9962768169352963, 5.608841308069046e-10, 0.0, 0.0, 0.0, 1.0]}, {"left_foot_pose": [1.0000000000000007, -4.2202076647255895e-11, -3.701433604064157e-10, 4.934010577223334e-11, 1.3845000454416511e-11, 0.9970864481359466, -0.07627984624816274, 9.49834030872232e-11, 3.722837999193999e-10, 0.07627984624816254, 0.9970864481359466, 7.821584699363449e-10, 0.0, 0.0, 0.0, 1.0], "right_foot_pose": [1.0, -5.709971265383538e-11, -3.801683967630251e-10, 6.228367247108776e-11, 1.8382853396428555e-11, 0.9948790736571106, -0.1010723938529687, -0.13999999999351326, 3.839925813394667e-10, 0.10107239385296857, 0.9948790736571106, 7.132726700942449e-10, 0.0, 0.0, 0.0, 1.0]}, {"left_foot_pose": [1.0000000000000002, -6.393104192179563e-11, -4.6191667157913116e-10, 6.067951677929274e-11, 2.0805064898334354e-11, 0.995687841269469, -0.09276703481380422, 1.3067906826091935e-10, 4.658551154871498e-10, 0.09276703481380406, 0.9956878412694691, 9.944734341571504e-10, 0.0, 0.0, 0.0, 1.0], "right_foot_pose": [1.0, -8.324068536265524e-11, -4.766437244896334e-10, 7.757880860939651e-11, 2.6561712444619896e-11, 0.9930493207326627, -0.11769896597845403, -0.13999999997651283, 4.831277271194729e-10, 0.11769896597845388, 0.9930493207326626, 8.985943378281291e-10, 0.0, 0.0, 0.0, 1.0]}, {"left_foot_pose": [1.0000000000000007, -9.325875444779102e-11, -5.64135904657091e-10, 7.318982802959652e-11, 3.004723539280936e-11, 0.993817200493317, -0.11102869900898112, 1.7435551440125874e-10, 5.710023556851808e-10, 0.11102869900898095, 0.9938172004933171, 1.2435042440195332e-09, 0.0, 0.0, 0.0, 1.0], "right_foot_pose": [0.9999999999999998, -1.1796825484433067e-10, -5.851410467272437e-10, 9.474161688547141e-11, 3.7208125705958725e-11, 0.9906894365753007, -0.13614125112585646, -0.13999999995120557, 5.957532666681963e-10, 0.13614125112585634, 0.9906894365753004, 1.110876710064268e-09, 0.0, 0.0, 0.0, 1.0]}, {"left_foot_pose": [1.0000000000000007, -1.279969770443776e-10, -6.582385747577722e-10, 8.42778292894306e-11, 4.07259130793922e-11, 0.9913942711283242, -0.13090988951923968, 2.1938771632701304e-10, 6.693296785587119e-10, 0.1309098895192395, 0.9913942711283247, 1.4944617904300017e-09, 0.0, 0.0, 0.0, 1.0], "right_foot_pose": [1.0, -1.5846832532472917e-10, -6.866089363732889e-10, 1.1061582948505251e-10, 4.923976303884086e-11, 0.9877176189595582, -0.15624949662914467, -0.13999999991873163, 7.029361766466082e-10, 0.15624949662914445, 0.9877176189595582, 1.316639637594097e-09, 0.0, 0.0, 0.0, 1.0]}, {"left_foot_pose": [1.0000000000000004, -1.5569404019735285e-10, -6.925336415441989e-10, 8.627988388200808e-11, 4.8785683283802046e-11, 0.9884159880961065, -0.15176901685126187, 2.439447810420603e-10, 7.081406193888993e-10, 0.15176901685126162, 0.9884159880961066, 1.630993513856982e-09, 0.0, 0.0, 0.0, 1.0], "right_foot_pose": [1.0000000000000002, -1.89789827766945e-10, -7.266800494676307e-10, 1.1586538167747017e-10, 5.788211657233974e-11, 0.9841425099815585, -0.1773795930968346, -0.13999999988969403, 7.488214632462278e-10, 0.17737959309683443, 0.9841425099815587, 1.41314177720675e-09, 0.0, 0.0, 0.0, 1.0]}, {"left_foot_pose": [0.9999999999999146, -4.080308327279376e-07, 7.244308253274388e-08, 8.28539013596525e-06, 4.1440999398748487e-07, 0.9851176299789933, -0.17188151472569846, -2.0693159287640817e-05, -1.2320003939984754e-09, 0.17188151472571347, 0.9851176299790779, 0.00016386126405569523, 0.0, 0.0, 0.0, 1.0], "right_foot_pose": [1.0, -1.74483444296336e-10, -6.016241393957946e-10, 9.183785550616802e-11, 5.2073509841244354e-11, 0.9802546213497944, -0.19773941772537793, -0.13999999996025608, 6.242469846086823e-10, 0.19773941772537773, 0.9802546213497946, 1.1459327722840307e-09, 0.0, 0.0, 0.0, 1.0]}, {"left_foot_pose": [0.9999999999315539, -1.1484655129868e-05, 2.235100159731162e-06, 0.00023398989868287542, 1.170012306926914e-05, 0.9817437050253734, -0.1902085631777938, -0.0005843919840993056, -9.815761412704718e-09, 0.1902085631909255, 0.9817437050925484, 0.004191209255035272, 0.0, 0.0, 0.0, 1.0], "right_foot_pose": [1.0, -1.2610872481049473e-10, -4.014872323487843e-10, 8.459459268096802e-11, 3.6782948378312885e-11, 0.9765848458693648, -0.21513260751989557, -0.14000000016277708, 4.1921622325215347e-10, 0.21513260751989535, 0.9765848458693647, 6.768522409217326e-10, 0.0, 0.0, 0.0, 1.0]}, {"left_foot_pose": [0.9999999993416174, -3.5510836804621646e-05, 7.46635277554321e-06, 0.000725721247648021, 3.628726537114816e-05, 0.9787054510312506, -0.20526967336884283, -0.0018124911905166886, -1.8062288889645275e-08, 0.2052696735046302, 0.9787054516754787, 0.011469802675242821, 0.0, 0.0, 0.0, 1.0], "right_foot_pose": [1.0, -6.920982178091323e-11, -2.0836343761487758e-10, 7.698979571715462e-11, 1.9781457290585473e-11, 0.9735581375416209, -0.22843938545375772, -0.1400000001864071, 2.18663893829764e-10, 0.22843938545375758, 0.9735581375416207, 3.2633988567010164e-10, 0.0, 0.0, 0.0, 1.0]}, {"left_foot_pose": [0.9999999974566856, -6.966462464434813e-05, 1.5279718390383213e-05, 0.0014263768455267268, 7.132060787001893e-05, 0.9768554546367616, -0.21390048073760298, -0.0035623781328313828, -2.477955327028844e-08, 0.2139004812833453, 0.9768554571208343, 0.01912092693156335, 0.0, 0.0, 0.0, 1.0], "right_foot_pose": [1.0000000000000002, -2.340632110997499e-11, -6.830425114401338e-11, 4.896659856067991e-11, 6.540596000884853e-12, 0.97147384339511, -0.2371467301042398, -0.14000000009877486, 7.190637550128308e-11, 0.23714673010423962, 0.9714738433951104, 9.771925629786793e-11, 0.0, 0.0, 0.0, 1.0]}, {"left_foot_pose": [0.9999999935082808, -0.0001113593566963928, 2.4135713675545878e-05, 0.0022788564484993723, 0.00011394489107298103, 0.9773613164390851, -0.2115770406849986, -0.005691445194409062, -2.8229748922699725e-08, 0.21157704206164085, 0.9773613227831595, 0.02426587806015877, 0.0, 0.0, 0.0, 1.0], "right_foot_pose": [0.9999999999999997, -8.767913879962857e-13, -2.8060886947400783e-12, 1.2675355947195373e-11, 1.7486080093782236e-13, 0.9705332485651511, -0.24096724555336305, -0.14000000000597346, 2.9344192134621495e-12, 0.24096724555336294, 0.9705332485651509, -4.538529274622505e-12, 0.0, 0.0, 0.0, 1.0]}, {"left_foot_pose": [0.9999999869903651, -0.0001581930445603896, 3.153143138679165e-05, 0.003226059702536099, 0.00016130489690037442, 0.9807413758091186, -0.19531084905034868, -0.008057084499363449, -2.736155262606215e-08, 0.19531085159559985, 0.9807413885673439, 0.025000001429902316, 0.0, 0.0, 0.0, 1.0], "right_foot_pose": [1.0, -7.569353710653932e-12, -2.1755541812495904e-11, 5.9237577181245726e-12, 2.132777773226105e-12, 0.9708342534397806, -0.2397516472269254, -0.13999999999590199, 2.2935518843486667e-11, 0.2397516472269253, 0.9708342534397807, 3.8018220516189416e-11, 0.0, 0.0, 0.0, 1.0]}, {"left_foot_pose": [0.9999999778352635, -0.00020741690128808695, 3.6162166514701e-05, 0.004210882497638244, 0.00021054565458398608, 0.9851591075584327, -0.17164349234736737, -0.01051667930632471, -2.3726382142551006e-08, 0.1716434961567213, 0.9851591293933676, 0.025000002170574617, 0.0, 0.0, 0.0, 1.0], "right_foot_pose": [1.0, -3.8612903265844583e-11, -1.1307921266023846e-10, 2.7006976636728647e-11, 1.109285087987691e-11, 0.972261046698657, -0.23389839048704839, -0.13999999997682025, 1.1897369278808034e-10, 0.23389839048704825, 0.972261046698657, 2.0696037938972012e-10, 0.0, 0.0, 0.0, 1.0]}, {"left_foot_pose": [0.9999999665081145, -0.000256173008182435, 3.686679131298857e-05, 0.005176223984187397, 0.00025881222943072965, 0.9898123749610743, -0.14237765059920168, -0.012927619531119497, -1.7895215163711403e-08, 0.1423776553722819, 0.9898124081110987, 0.024910271528473, 0.0, 0.0, 0.0, 1.0], "right_foot_pose": [1.0, -9.180176833193222e-11, -2.8072744129303777e-10, 5.5099306364007565e-11, 2.6757680477976948e-11, 0.9747195919311424, -0.22343168330742114, -0.13999999997968768, 2.94141634049924e-10, 0.22343168330742103, 0.9747195919311422, 5.116126827742207e-10, 0.0, 0.0, 0.0, 1.0]}, {"left_foot_pose": [0.9999999540198334, -0.0003015560061569581, 3.200480000709605e-05, 0.006064983594641976, 0.0003032496198907469, 0.9944187059895976, -0.1055051904772608, -0.015147298513252258, -1.0447939514050258e-08, 0.10550519533155775, 0.9944187517128037, 0.021163834558868666, 0.0, 0.0, 0.0, 1.0], "right_foot_pose": [0.9999999999999999, -1.6592479219029265e-10, -5.437577610400969e-10, 7.98303984304234e-11, 4.9241698163690856e-11, 0.9781462256343635, -0.20791816004680588, -0.14000000018640002, 5.663731038273211e-10, 0.20791816004680574, 0.9781462256343632, 9.676107276535006e-10, 0.0, 0.0, 0.0, 1.0]}, {"left_foot_pose": [0.9999999418585303, -0.00034027283007829226, 2.2301074505688117e-05, 0.006820055353307566, 0.0003410028398676401, 0.9978599364281973, -0.06538677992207742, -0.017033093178717575, -4.004134980827242e-09, 0.06538678372512348, 0.997859994445155, 0.013996813327286237, 0.0, 0.0, 0.0, 1.0], "right_foot_pose": [0.9999999999999998, -2.376659656069303e-10, -8.614821078722898e-10, 1.2880909094850717e-10, 7.205877175012644e-11, 0.9822931601281815, -0.1873503337744317, -0.1400000003393859, 8.907546401785741e-10, 0.18735033377443158, 0.9822931601281815, 1.5526201990745392e-09, 0.0, 0.0, 0.0, 1.0]}, {"left_foot_pose": [0.9999999318394501, -0.00036908397832857763, 9.905181386445153e-06, 0.0073843381532837996, 0.00036921686808339093, 0.9996399869450053, -0.026828346566549623, -0.018442390378875954, 2.9749091129975323e-10, 0.026828348395074638, 0.9996400550810245, 0.006287911499223531, 0.0, 0.0, 0.0, 1.0], "right_foot_pose": [1.0, -2.8703776242175056e-10, -1.1982115855069236e-09, 1.8427800932011408e-10, 8.901876478154028e-11, 0.9867752957976476, -0.16209415659876747, -0.14000000033765092, 1.2288926251428685e-09, 0.16209415659876733, 0.9867752957976476, 2.188756606513742e-09, 0.0, 0.0, 0.0, 1.0]}, {"left_foot_pose": [0.9999999258734261, -0.0003850225677970049, -3.2811142394099825e-06, 0.0077007316448410084, 0.00038503654816160953, 0.9999636592198802, 0.008516571284548436, -0.019232580175122173, 1.9228562890281665e-09, -0.008516571916593255, 0.9999637333437603, 0.0009158370787880274, 0.0, 0.0, 0.0, 1.0], "right_foot_pose": [1.0, -2.901775901635614e-10, -1.4725072827737035e-09, 2.4250107378733546e-10, 9.191241697294257e-11, 0.9911298956019341, -0.13289668936470683, -0.14000000011048064, 1.4980093926118685e-09, 0.13289668936470672, 0.9911298956019341, 2.728938852669671e-09, 0.0, 0.0, 0.0, 1.0]}, {"left_foot_pose": [0.9999999249526956, -0.00038709541231937104, -1.5866488701935883e-05, 0.007748410046344414, 0.0003874204482216167, 0.9991611158832253, 0.040950145450110956, -0.019351653283925487, 1.5651189027561947e-09, -0.04095014852391524, 0.999161190867555, 2.9348340563339903e-09, 0.0, 0.0, 0.0, 1.0], "right_foot_pose": [0.9999999999999998, -2.3663335324890785e-10, -1.5678945364250284e-09, 2.7251193136687676e-10, 7.630633995104174e-11, 0.9948378650234073, -0.10147720096489192, -0.13999999992245454, 1.5838136612503942e-09, 0.1014772009648918, 0.9948378650234072, 2.9324438641231687e-09, 0.0, 0.0, 0.0, 1.0]}, {"left_foot_pose": [0.9999999249527033, -0.00038639500909724297, -2.8168871768867e-05, 0.007748410019635246, 0.0003874204284625583, 0.9973534115098426, 0.07270503734330365, -0.01935165338409546, 1.4567912383685213e-09, -0.07270504280018365, 0.9973534863584848, 2.7107974059914497e-09, 0.0, 0.0, 0.0, 1.0], "right_foot_pose": [1.0, -1.5078719923575358e-10, -1.4484322630181615e-09, 2.3702871533658834e-10, 4.9247097482908445e-11, 0.9975575598448291, -0.06984922903246989, -0.1400000000152945, 1.4554269849129e-09, 0.06984922903246975, 0.9975575598448293, 2.714789892888092e-09, 0.0, 0.0, 0.0, 1.0]}, {"left_foot_pose": [0.9999999249527047, -0.00038540795730189774, -3.943719397175123e-05, 0.007748409971094011, 0.00038742042514424026, 0.9948056899966399, 0.10179139971394542, -0.01935165340459807, 1.1295257328095931e-09, -0.10179140735355074, 0.9948057646540779, 2.086055071737203e-09, 0.0, 0.0, 0.0, 1.0], "right_foot_pose": [0.9999999999898936, 4.4916618484067565e-06, -1.9356350611235115e-07, -2.945855682196785e-06, -4.49581730354653e-06, 0.9991745878443583, -0.040621952019127036, -0.14000490494871243, 1.0943664163295644e-08, 0.040621952019586585, 0.9991745878544543, 3.740143405688706e-05, 0.0, 0.0, 0.0, 1.0]}, {"left_foot_pose": [0.9999999249527014, -0.0003843115053851347, -4.898223823345636e-05, 0.00774840996898641, 0.0003874204341969736, 0.9919754888344497, 0.12642974118878172, -0.019351653123172947, 7.755540788825722e-10, -0.12642975067729126, 0.991975563279499, 1.3756603078896035e-09, 0.0, 0.0, 0.0, 1.0], "right_foot_pose": [0.999999893063637, 0.0004624234200984918, -6.106944916431275e-06, -0.0003030533160883235, -0.0004624637425920499, 0.9999136094191748, -0.01313620286097813, -0.14050461835281094, 3.192947980405017e-08, 0.013136204280480825, 0.9999137163461158, 0.0034929908850951444, 0.0, 0.0, 0.0, 1.0]}, {"left_foot_pose": [0.9999999249526954, -0.00038326866781678064, -5.656618174076189e-05, 0.007748409932526557, 0.00038742044944326063, 0.9892836208396534, 0.14600605276419484, -0.019351653085937885, 4.517533413410952e-10, -0.14600606372172978, 0.9892836950827034, 7.896289039299731e-10, 0.0, 0.0, 0.0, 1.0], "right_foot_pose": [0.9999987587450976, 0.001575418667606892, 2.3754707674007573e-05, -0.0010324964673470848, -0.00157559774709455, 0.9998856837658805, 0.015037848641905124, -0.14171922870643341, -6.108465426463806e-08, -0.01503786740396582, 0.9998869248789772, 0.010538498248609487, 0.0, 0.0, 0.0, 1.0]}, {"left_foot_pose": [0.9999999249526893, -0.00038242039191623136, -6.20424071749375e-05, 0.007748409865651736, 0.00038742046466547973, 0.9870939457451919, 0.1601417877337847, -0.01935165320254336, 1.9927421793109166e-10, -0.1601417997520725, 0.9870940198239315, 3.505577217399747e-10, 0.0, 0.0, 0.0, 1.0], "right_foot_pose": [0.999994858422748, 0.003203629491123078, 0.00014101826628335558, -0.0021013933543665743, -0.0032067316712361695, 0.9990307216331314, 0.04390141347580245, -0.14349906702004914, -2.3771741558498298e-07, -0.04390163996103446, 0.9990358582196516, 0.018295208570384226, 0.0, 0.0, 0.0, 1.0]}, {"left_foot_pose": [0.9999999249526853, -0.00038187593094472924, -6.53100149967039e-05, 0.0077484098022778695, 0.00038742047531590466, 0.9856885047340429, 0.16857645606828556, -0.01935165335836494, 3.992959608709771e-11, -0.1685764687195123, 0.9856885787073218, 7.913612126708713e-11, 0.0, 0.0, 0.0, 1.0], "right_foot_pose": [0.9999863825339634, 0.005205405896068802, 0.0003721506344706779, -0.00341985945162418, -0.005218692023240937, 0.9974467103969191, 0.07122376830757537, -0.14569446367644193, -4.518026366899787e-07, -0.07122474055987717, 0.9974602931104445, 0.023884417437657693, 0.0, 0.0, 0.0, 1.0]}, {"left_foot_pose": [0.9999999249526843, -0.00038170775818382465, -6.628585298189931e-05, 0.007748409767522609, 0.000387420478244856, 0.9852543933688513, 0.17109538349339204, -0.019351653408386363, -7.400568889445185e-12, -0.17109539633363968, 0.9852544673095557, 1.847422909095897e-11, 0.0, 0.0, 0.0, 1.0], "right_foot_pose": [0.9999720670548397, 0.007442112471831932, 0.0006928723029560094, -0.0048980031829992604, -0.0074742966001757, 0.9956740910998657, 0.09261338565665923, -0.14815574362018638, -6.357680400950585e-07, -0.09261597742513505, 0.9957019035460274, 0.02500000106145108, 0.0, 0.0, 0.0, 1.0]}, {"left_foot_pose": [0.9999999249526861, -0.0003819207019237019, -6.504767832437413e-05, 0.007748409723578785, 0.00038742047314707873, 0.9858040789547601, 0.16789927879992392, -0.019351653419857492, 5.620669363979026e-11, -0.16789929140033644, 0.9858041529367108, 1.4003532361472892e-10, 0.0, 0.0, 0.0, 1.0], "right_foot_pose": [0.9999516218278103, 0.009779335740893801, 0.0010576371773557312, -0.0064459378155167025, -0.009836361287067172, 0.994162670803255, 0.10744221692597843, -0.1507332346008439, -7.498889159389127e-07, -0.1074474223692948, 0.9942107681098774, 0.02500000052358145, 0.0, 0.0, 0.0, 1.0]}, {"left_foot_pose": [0.9999999249526912, -0.00038249603701455474, -6.157430497843278e-05, 0.007748409701186702, 0.0003874204606956222, 0.9872892222403435, 0.15893345007720958, -0.01935165343082161, 2.32868524018095e-10, -0.15893346200482752, 0.9872892963337349, 4.723960320140996e-10, 0.0, 0.0, 0.0, 1.0], "right_foot_pose": [0.9999259706963435, 0.012086614215100355, 0.001402456341742495, -0.007973780381700067, -0.012167708345519968, 0.9932690574893742, 0.11518908936087799, -0.1532772699983925, -7.70403839055427e-07, -0.11519762667253755, 0.993342592869359, 0.02499255017289055, 0.0, 0.0, 0.0, 1.0]}, {"left_foot_pose": [0.9999999249526986, -0.0003833949923271727, -5.570348830374153e-05, 0.007748409819425353, 0.0003874204418338275, 0.9896097382789176, 0.14377905205187042, -0.01935165315820714, 5.45922980142371e-10, -0.14377906284231065, 0.9896098125464341, 1.0939842226553864e-09, 0.0, 0.0, 0.0, 1.0], "right_foot_pose": [0.9998973034597138, 0.014240982686213707, 0.0016052869288076452, -0.009391642514146899, -0.014331173488010728, 0.9936098572958526, 0.11195565618123939, -0.15563817727361198, -6.703549509040951e-07, -0.11196716436815905, 0.99371190699463, 0.021837792570438955, 0.0, 0.0, 0.0, 1.0]}, {"left_foot_pose": [0.9999999249527052, -0.0003845142599751444, -4.7364211757043204e-05, 0.00774840996944296, 0.00038742042367289573, 0.9924989128246826, 0.12225284433189838, -0.019351652888300017, 9.66707213972205e-10, -0.12225285350701624, 0.9924989873090012, 1.9752005725459654e-09, 0.0, 0.0, 0.0, 1.0], "right_foot_pose": [0.999868939580976, 0.016113134085894043, 0.00157180505931949, -0.010609640189656034, -0.016189615838253225, 0.9951482739223056, 0.09704539787370296, -0.1576662870757711, -4.7358336628244966e-07, -0.09705812598327643, 0.9952787148233353, 0.014923779290328086, 0.0, 0.0, 0.0, 1.0]}, {"left_foot_pose": [0.9999999249527085, -0.00038568511886407394, -3.662740787834617e-05, 0.007748410119137037, 0.0003874204149488974, 0.9955211783194241, 0.09453799988855444, -0.01935165276678873, 1.4605251998455609e-09, -0.0945380069839393, 0.9955212530305445, 3.0152571758867985e-09, 0.0, 0.0, 0.0, 1.0], "right_foot_pose": [0.9998450038446122, 0.017558292967860507, 0.0012940768997532087, -0.01153789269433466, -0.01760591624728814, 0.9971414965646064, 0.07347698647869635, -0.15921193384934731, -2.4732150107788474e-07, -0.07348838123779741, 0.9972960733016988, 0.007129214638541964, 0.0, 0.0, 0.0, 1.0]}, {"left_foot_pose": [0.9999999249527046, -0.0003866929423069763, -2.3730886220311584e-05, 0.007748410233756781, 0.00038742042613593006, 0.9981224674492287, 0.06124859082850635, -0.01935165291587201, 1.9329092757065974e-09, -0.061248595425795443, 0.9981225423555811, 3.985783765536599e-09, 0.0, 0.0, 0.0, 1.0], "right_foot_pose": [0.9998299140572215, 0.018425761687757097, 0.0007964060238725598, -0.012086513984132824, -0.01844296495482838, 0.9988974358637466, 0.04317139873234907, -0.16012544926778904, -6.203038359966478e-08, -0.043178743972682856, 0.9990673631287021, 0.0013328062464406723, 0.0, 0.0, 0.0, 1.0]}, {"left_foot_pose": [0.9999999249526886, -0.00038730666301887176, -9.389705047872367e-06, 0.007748410631644872, 0.00038742046638694764, 0.9997063107556451, 0.024231016089313585, -0.019351653217836585, 2.1134090387962424e-09, -0.024231017908605056, 0.9997063857809021, 4.494543272282048e-09, 0.0, 0.0, 0.0, 1.0], "right_foot_pose": [0.9998267909422984, 0.018611054088362722, 0.0001295366571124769, -0.012196981410315992, -0.01861150488341799, 0.9998025730330743, 0.00695893974819561, -0.1603093916640467, 2.120968164054666e-09, -0.0069601452689258035, 0.9999757778955626, 4.461834124391828e-09, 0.0, 0.0, 0.0, 1.0]}, {"left_foot_pose": [0.9999999249526736, -0.00038738587883423126, 5.179669245799074e-06, 0.007748411027818948, 0.00038742050551072315, 0.9999104806918383, -0.013374621787910039, -0.019351653181167716, 1.934049831810564e-09, 0.013374622790890328, 0.9999105557324628, 4.4752272304604546e-09, 0.0, 0.0, 0.0, 1.0], "right_foot_pose": [0.9998267909429178, 0.01860266269917962, -0.0005736316652426449, -0.012196981030583484, -0.01861150485014072, 0.9993517858938947, -0.030815903652116488, -0.16030939159227828, 1.967694707645013e-09, 0.030821242207021475, 0.9995249126604179, 4.2119585805244775e-09, 0.0, 0.0, 0.0, 1.0]}, {"left_foot_pose": [0.9999999249526679, -0.0003869641752307429, 1.8798579036701367e-05, 0.0077484103725254695, 0.00038742052021461496, 0.9988218127421135, -0.04852665551941312, -0.019351653025725217, 1.6464393034931e-09, 0.04852665916057215, 0.9988218877010631, 3.731107658944133e-09, 0.0, 0.0, 0.0, 1.0], "right_foot_pose": [0.9998267909433921, 0.018570562815046956, -0.0012338186946569858, -0.01219698158188742, -0.01861150482467457, 0.9976273553721862, -0.0662817599438868, -0.16030939130534425, 1.6948295023505872e-09, 0.06629324256536481, 0.9978001833985447, 3.518662437806963e-09, 0.0, 0.0, 0.0, 1.0]}, {"left_foot_pose": [0.9999999308349723, 0.00037070065573294045, -3.0184024943875955e-05, 0.00700268647417919, -0.0003719273137823668, 0.9967779996764944, -0.0802089834806616, -0.019344863756926692, 3.5324923355548705e-07, 0.08020898915926813, 0.9967780686080151, 0.0028444579558766295, 0.0, 0.0, 0.0, 1.0], "right_foot_pose": [0.999826790943449, 0.018523903614047595, -0.0018036370539832234, -0.012196981839924077, -0.018611504821615655, 0.995120781501466, -0.09689294149826921, -0.16030939158550572, 1.2055090608063365e-09, 0.0969097271630123, 0.9952931752911756, 2.4126813324976126e-09, 0.0, 0.0, 0.0, 1.0]}, {"left_foot_pose": [0.999996870679293, 0.0024865151108179944, -0.0002754527646019373, 0.0049110997902196965, -0.0025017255736046323, 0.9939555537484244, -0.10975471990679125, -0.01932580639701128, 8.810356393194005e-07, 0.10975506555629884, 0.99395866392117, 0.009617037603469603, 0.0, 0.0, 0.0, 1.0], "right_foot_pose": [0.9998267909432396, 0.018473201009890198, -0.00226471998085092, -0.012196981971241305, -0.018611504832857305, 0.9923969900166028, -0.12166275557393656, -0.16030939163114044, 7.530924845730762e-10, 0.12168383232966928, 0.992568911939904, 1.4988727550790948e-09, 0.0, 0.0, 0.0, 1.0]}, {"left_foot_pose": [0.9999836290944523, 0.005668540456958374, -0.0007805076409292878, 0.0017485554478312536, -0.005722022449822428, 0.9906721664631959, -0.13614667478202422, -0.01929698504909306, 1.4742614981303921e-06, 0.13614891201991416, 0.9906883837784822, 0.017439492091781167, 0.0, 0.0, 0.0, 1.0], "right_foot_pose": [0.9998267909429307, 0.018427368866576435, -0.002611549236794793, -0.012196982013083642, -0.018611504849449182, 0.9899348431512149, -0.14029475472168804, -0.16030939151521678, 3.888055165757999e-10, 0.14031905926079594, 0.9901063385354955, 8.250671951204325e-10, 0.0, 0.0, 0.0, 1.0]}, {"left_foot_pose": [0.9999524413019665, 0.009632921506857193, -0.0015237970604682982, -0.0022099332182944588, -0.009752698613569715, 0.9877035593258401, -0.15603385454708446, -0.019260907194823963, 1.997907050248906e-06, 0.15604129491359173, 0.9877505324107393, 0.023433115615735925, 0.0, 0.0, 0.0, 1.0], "right_foot_pose": [0.9998267909426494, 0.01839325176648358, -0.002841901261192712, -0.012196981966369674, -0.01861150486456207, 0.9881020391768783, -0.15266948634606503, -0.16030939133369734, 1.3190075516292496e-10, 0.15269593466739595, 0.9882732170488334, 3.860804453914568e-10, 0.0, 0.0, 0.0, 1.0]}, {"left_foot_pose": [0.9998975554703021, 0.01411795909728736, -0.002358345912354379, -0.0066893475774791955, -0.014313579539749311, 0.9862585929124503, -0.1645876950051671, -0.01922008450506759, 2.296575119555213e-06, 0.1646045902679567, 0.9863596346452165, 0.025000003797490504, 0.0, 0.0, 0.0, 1.0], "right_foot_pose": [0.9998267909424886, 0.01837557862752582, -0.0029540182376893705, -0.012196981859026708, -0.01861150487319554, 0.9871526206999132, -0.1586925181968215, -0.1603093912305314, -7.956490083961655e-13, 0.15872000994013666, 0.9873236340960357, 1.9590799121838032e-10, 0.0, 0.0, 0.0, 1.0]}, {"left_foot_pose": [0.9998171102694783, 0.018864532573286727, -0.0031425186048372926, -0.011414655081320729, -0.019124487101500585, 0.9862469640688586, -0.16416814507712804, -0.019177023532337262, 2.34411324681914e-06, 0.16419821946583882, 0.9864273641372455, 0.025000003943238536, 0.0, 0.0, 0.0, 1.0], "right_foot_pose": [0.9998267909424884, 0.018375798303569783, -0.002952651410463359, -0.012196981824056067, -0.018611504873201082, 0.9871644218451483, -0.15861909131466095, -0.16030939120938836, -6.5732503691975375e-12, 0.15864657033746563, 0.9873354372857076, 2.0445217741027477e-10, 0.0, 0.0, 0.0, 1.0]}, {"left_foot_pose": [0.9997142276981378, 0.023609789517547896, -0.003747102461087838, -0.016110842861825913, -0.023905290905181297, 0.9873705616691032, -0.15661389151661897, -0.01913422783066437, 2.1576474041994685e-06, 0.15665871117872018, 0.9876527973975308, 0.02500000373547561, 0.0, 0.0, 0.0, 1.0], "right_foot_pose": [0.9998267909426451, 0.018393572745429507, -0.002839823056218663, -0.01219698177000311, -0.018611504864788207, 0.9881192822412458, -0.15255784460234562, -0.1603093911790818, 1.074236670128136e-10, 0.15258427358251578, 0.988290463100447, 4.381569482236891e-10, 0.0, 0.0, 0.0, 1.0]}, {"left_foot_pose": [0.999597321408008, 0.02812068803515547, -0.0037976227255544313, -0.020502896386277895, -0.02837595868276982, 0.9906127715808228, -0.13372038644049603, -0.019094208460746373, 1.6643025459494798e-06, 0.13377430128911644, 0.9910118245065694, 0.022459724494754515, 0.0, 0.0, 0.0, 1.0], "right_foot_pose": [0.9998267909429986, 0.018439971916244358, -0.0025210212916608236, -0.012196981561310823, -0.018611504845790532, 0.9906118906738535, -0.13543151015531335, -0.16030939141757175, 4.243224457562947e-10, 0.13545497219113703, 0.990783503349091, 1.0591030552564717e-09, 0.0, 0.0, 0.0, 1.0]}, {"left_foot_pose": [0.999479619165783, 0.03207624572219914, -0.0034066600346744974, -0.024315782144239455, -0.03225664072779849, 0.993893593509684, -0.10552267012052916, -0.019059467176956772, 1.086487679547109e-06, 0.105577645554243, 0.9944110622665275, 0.015838562003305884, 0.0, 0.0, 0.0, 1.0], "right_foot_pose": [0.9998267909433541, 0.01848657957399137, -0.0021527860016187844, -0.012196981348754474, -0.018611504826699973, 0.9931156989718491, -0.11564955833785844, -0.16030939170605216, 8.118243321165445e-10, 0.11566959337401707, 0.9932877454034604, 1.8985413935412865e-09, 0.0, 0.0, 0.0, 1.0]}, {"left_foot_pose": [0.9993779037236438, 0.03517426287228823, -0.0025645234114310515, -0.02727448886129174, -0.035267627488293166, 0.9967333306070681, -0.0726557782167996, -0.019032505567473778, 5.325191068154092e-07, 0.0727010239840743, 0.9973537793137323, 0.007998177027762177, 0.0, 0.0, 0.0, 1.0], "right_foot_pose": [0.9998267909435898, 0.018536559069714586, -0.001668559048428505, -0.01219698120732207, -0.018611504814041953, 0.9958006442921291, -0.08963642516264118, -0.16030939188382118, 1.2856390568028947e-09, 0.08965195371678096, 0.9959731558605206, 2.911977187158854e-09, 0.0, 0.0, 0.0, 1.0]}, {"left_foot_pose": [0.9993104694222497, 0.037102664576040015, -0.0014064083482970167, -0.029104001488749365, -0.0371293105654565, 0.9985934479356708, -0.03784891064328762, -0.01901582930648545, 1.3472556480528843e-07, 0.03787503163441009, 0.9992824835744272, 0.0018172762740274878, 0.0, 0.0, 0.0, 1.0], "right_foot_pose": [0.9998267909435042, 0.01858019199346906, -0.0010791557348760006, -0.012196981184283303, -0.018611504818640594, 0.9981446432724472, -0.057973123039082836, -0.16030939181113346, 1.7594959128326084e-09, 0.05798316628129868, 0.9983175609133577, 3.877466805968233e-09, 0.0, 0.0, 0.0, 1.0]}, {"left_foot_pose": [0.9992927303187836, 0.037603633398404765, -7.672854809692532e-05, -0.029570226281027883, -0.03760371167892455, 0.9992906501770789, -0.00203895479103293, -0.019011574774741052, 2.0122366754677738e-09, 0.0020403979783278643, 0.9999979183858793, 4.556781306452873e-09, 0.0, 0.0, 0.0, 1.0], "right_foot_pose": [0.9998267909429153, 0.018606847810287517, -0.00041632602239278707, -0.012196981475760347, -0.018611504850283223, 0.9995766130160798, -0.02236529898101212, -0.16030939159711163, 2.0410023155275708e-09, 0.022369173562449114, 0.999749778731725, 4.349722644569898e-09, 0.0, 0.0, 0.0, 1.0]}, {"left_foot_pose": [0.9992927303174458, 0.03758120287045126, 0.00130089412168627, -0.02957022657807914, -0.03760371171448137, 0.9986945714646769, 0.03457041787830297, -0.01901157503542559, 1.9902223076751257e-09, -0.03459488571734752, 0.999401417790772, 4.535904790659018e-09, 0.0, 0.0, 0.0, 1.0], "right_foot_pose": [0.9998267909420967, 0.018609563280678212, 0.00026882881465621877, -0.012196981815406838, -0.018611504894262318, 0.9997224841645395, 0.014441833036460822, -0.16030939180218523, 1.9953776614857422e-09, -0.01444433488896602, 0.9998956751529708, 4.35352841277048e-09, 0.0, 0.0, 0.0, 1.0]}, {"left_foot_pose": [0.9992927303165676, 0.03751296820917706, 0.002610814546814112, -0.029570225963053875, -0.0376037117378133, 0.9968812804973319, 0.06938064180691918, -0.019011574982661587, 1.661865784022026e-09, -0.06942974729997149, 0.9975868434326224, 3.7389430024292736e-09, 0.0, 0.0, 0.0, 1.0], "right_foot_pose": [0.9998267909417423, 0.01858882853491683, 0.0009184600355050969, -0.012196981281494983, -0.01861150491328825, 0.998608591118476, 0.04934058805116317, -0.16030939170833297, 1.6490404606284413e-09, -0.049349135737836565, 0.9987815891384506, 3.848737654965628e-09, 0.0, 0.0, 0.0, 1.0]}, {"left_foot_pose": [0.9992927303165394, 0.037416382303430806, 0.003748796052175988, -0.02957022590268432, -0.037603711738567476, 0.9943145765377378, 0.0996217031979606, -0.019011574631538943, 1.1734275804032726e-09, -0.09969221243358677, 0.9950183228363676, 2.5586627608320534e-09, 0.0, 0.0, 0.0, 1.0], "right_foot_pose": [0.9998155693959986, 0.019142405684355143, 0.001547739632679715, -0.01286321715156158, -0.019204874205703527, 0.9965647403267972, 0.08055986062628459, -0.16029065143430546, -3.132111518295346e-07, -0.08057472706747998, 0.9967485707829745, 0.002250300475965035, 0.0, 0.0, 0.0, 1.0]}, {"left_foot_pose": [0.9992927303170486, 0.03731198196077147, 0.004674947877569063, -0.02957022595229618, -0.037603711725026565, 0.9915402104286468, 0.12423353801456626, -0.019011574527383036, 7.270543956958687e-10, -0.12432146679184052, 0.9922419931119254, 1.5858639262900098e-09, 0.0, 0.0, 0.0, 1.0], "right_foot_pose": [0.9997755183926057, 0.02106021210777839, 0.0023195449492686843, -0.015089439181607545, -0.021187562910840337, 0.9937705356518528, 0.10941302321080847, -0.1602280464685978, -8.339505304061166e-07, -0.10943760750402554, 0.9939936670135777, 0.008710107406987064, 0.0, 0.0, 0.0, 1.0]}, {"left_foot_pose": [0.9992927303177238, 0.03721760837986584, 0.005374826567714937, -0.0295702259945527, -0.03760371170709154, 0.9890322990146672, 0.1428323225730535, -0.019011574608854984, 3.684381284499603e-10, -0.14293341503037657, 0.9897323066707256, 8.730353731611906e-10, 0.0, 0.0, 0.0, 1.0], "right_foot_pose": [0.9997048736955494, 0.024069882837486473, 0.00328728604704213, -0.018576869785314296, -0.024293322278720667, 0.9905179499975338, 0.13521843522739432, -0.16012998065788786, -1.4239429800630647e-06, -0.1352583878096754, 0.9908103595164413, 0.016558461011303323, 0.0, 0.0, 0.0, 1.0]}, {"left_foot_pose": [0.9992927303183033, 0.0371470376872643, 0.005842664122835248, -0.029570226018072156, -0.03760371169168382, 0.9871569327936024, 0.15526477676709668, -0.019011574772404213, 1.1923051615790107e-10, -0.1553746685550405, 0.9878556131193527, 4.026403099821607e-10, 0.0, 0.0, 0.0, 1.0], "right_foot_pose": [0.9996011168116506, 0.02789952626132049, 0.004384484381910029, -0.023011136614679004, -0.028241941595310575, 0.987492348653212, 0.15511690457938385, -0.16000529332886573, -1.9566270385166665e-06, -0.15517885740575793, 0.98788639134792, 0.022916654753371637, 0.0, 0.0, 0.0, 1.0]}, {"left_foot_pose": [0.9992927303186611, 0.0371178373243553, 0.006025386679628774, -0.02957022602616494, -0.03760371168217746, 0.9863809540037243, 0.16012049976947795, -0.019011574897780343, 1.4440203427949133e-12, -0.16023382829810462, 0.987079085113718, 1.9237864079535427e-10, 0.0, 0.0, 0.0, 1.0], "right_foot_pose": [0.999463470526386, 0.032314559237028924, 0.0053423164141057355, -0.02807786508590401, -0.032753184245910553, 0.9860900750710421, 0.16295273169891786, -0.1598628197833217, -2.2594925184027446e-06, -0.1630402806293668, 0.9866194133946443, 0.02500000321917383, 0.0, 0.0, 0.0, 1.0]}, {"left_foot_pose": [0.9992927303186049, 0.03712114915767728, 0.006004949425440287, -0.02957022609131711, -0.03760371168367025, 0.9864689635937419, 0.15957739418194852, -0.019011574919086893, 1.5474413735899927e-11, -0.15969033831607699, 0.9871671569944463, 2.0392556393522554e-10, 0.0, 0.0, 0.0, 1.0], "right_foot_pose": [0.9992948673441097, 0.03704603689551305, 0.006112221368231588, -0.033462663415931966, -0.037546878622839765, 0.9859752399834247, 0.16261321608439247, -0.15971139926335381, -2.3237276135869654e-06, -0.16272804702928118, 0.9866709596945864, 0.025000003469527188, 0.0, 0.0, 0.0, 1.0]}, {"left_foot_pose": [0.9992927303182484, 0.03716046400075606, 0.0057566525298727396, -0.029570226133768893, -0.03760371169314481, 0.9875137276665602, 0.15297907875586936, -0.019011574953078165, 1.5032044743826232e-10, -0.15308735279357408, 0.9882126605213359, 4.513061452326994e-10, 0.0, 0.0, 0.0, 1.0], "right_foot_pose": [0.9991031336866585, 0.04182601388053261, 0.006596424816873038, -0.03885116034926893, -0.04234298351358813, 0.9869129313624254, 0.1555954294212794, -0.15955987500438054, -2.160361810297673e-06, -0.15573519342939116, 0.9877988406162678, 0.02500000341496239, 0.0, 0.0, 0.0, 1.0]}, {"left_foot_pose": [0.9992927303176311, 0.03723224154271146, 0.005272506428643639, -0.029570225989529648, -0.037603711709549015, 0.989421165002933, 0.14011323674052012, -0.019011574774703048, 4.205399229832515e-10, -0.14021240470780458, 0.9901214478871042, 9.80155658025783e-10, 0.0, 0.0, 0.0, 1.0], "right_