{"LoopMode": "Wrap", "FrameDuration": 0.0167, "EnableCycleOffsetPosition": true, "EnableCycleOffsetRotation": false, "Debug_info": [{"left_foot_pose": [1.0000000000000007, 1.1464969585526667e-13, -7.380429600800658e-12, 1.1497634599159295e-12, -4.158060708260199e-14, 0.999951437933776, 0.009855038009800872, 5.298365912675962e-14, 7.380886240702004e-12, -0.00985503800980104, 0.9999514379337762, 1.554059658737117e-11, 0.0, 0.0, 0.0, 1.0], "right_foot_pose": [1.0, -1.8138977092651802e-13, -7.436107285485603e-12, 3.6846159810095577e-13, 7.293932466657719e-14, 0.999893553288652, -0.014590479491567146, -0.14000000000186874, 7.437864505098427e-12, 0.01459047949156699, 0.9998935532886521, 1.2990879205698747e-11, 0.0, 0.0, 0.0, 1.0]}, {"left_foot_pose": [1.0000000000000009, 1.831244000008118e-13, -1.644567815262122e-11, 2.8098729043835957e-12, -6.618147763389579e-14, 0.9999748612393333, 0.0070906198161271835, 9.434258929630346e-13, 1.6445995881155427e-11, -0.007090619816127359, 0.9999748612393338, 3.3741683058696736e-11, 0.0, 0.0, 0.0, 1.0], "right_foot_pose": [1.0, -4.568588755247425e-13, -1.6544876579871467e-11, 1.2494038496023316e-12, 1.6971174609799467e-13, 0.9998493798375877, -0.017355622673682625, -0.140000000003325, 1.655004791112837e-11, 0.017355622673682475, 0.9998493798375878, 2.9968028059101925e-11, 0.0, 0.0, 0.0, 1.0]}, {"left_foot_pose": [1.0000000000000007, 1.5171856826468814e-13, -2.8868574197815643e-11, 5.18426005197829e-12, -5.784692168995542e-14, 0.9999947504285831, 0.0032402338305802018, 2.5040507861673333e-12, 2.88687083548295e-11, -0.0032402338305803744, 0.9999947504285831, 5.85845053024947e-11, 0.0, 0.0, 0.0, 1.0], "right_foot_pose": [1.0, -9.553287484656151e-13, -2.904215756771577e-11, 2.6134666955141885e-12, 3.3925160409176407e-13, 0.9997750819673856, -0.02120814647977294, -0.14000000000496848, 2.905586101902409e-11, 0.021208146479772788, 0.9997750819673854, 5.353122806139865e-11, 0.0, 0.0, 0.0, 1.0]}, {"left_foot_pose": [1.0000000000000007, -9.606614392837787e-14, -4.447631152260102e-11, 8.27697044729622e-12, 2.1865538793072363e-14, 0.9999985958954095, -0.0016757706318321745, 4.845186751811781e-12, 4.447605071115712e-11, 0.0016757706318320006, 0.9999985958954096, 8.986075772376978e-11, 0.0, 0.0, 0.0, 1.0], "right_foot_pose": [1.0, -1.7885574612021455e-12, -4.477690440651826e-11, 4.489588658192066e-12, 6.180511881712269e-13, 0.999658584904724, -0.02612878922346523, -0.1400000000066352, 4.480814357092957e-11, 0.026128789223465083, 0.9996585849047244, 8.336662610242129e-11, 0.0, 0.0, 0.0, 1.0]}, {"left_foot_pose": [1.0000000000000007, -7.056993422583006e-13, -6.34393093612573e-11, 1.2169486894416488e-11, 2.2089799064332828e-13, 0.9999707618334048, -0.00764692607006161, 8.157396633179381e-12, 6.344232786041308e-11, 0.007646926070061438, 0.9999707618334048, 1.2808122618057638e-10, 0.0, 0.0, 0.0, 1.0], "right_foot_pose": [0.9999999999999997, -3.111546036543988e-12, -6.3949567863375e-11, 6.961552808270904e-12, 1.0566878447874204e-12, 0.9994843905573219, -0.03210845733227807, -0.14000000000816656, 6.401633904684709e-11, 0.03210845733227794, 0.9994843905573219, 1.1983063846754405e-10, 0.0, 0.0, 0.0, 1.0]}, {"left_foot_pose": [1.0000000000000004, -1.8699483603162646e-12, -8.631306780415568e-11, 1.70372011912566e-11, 6.026142296069839e-13, 0.9998921762524409, -0.014684545248617311, 1.274206087864549e-11, 8.63308115671782e-11, 0.014684545248617134, 0.9998921762524412, 1.745734182212466e-10, 0.0, 0.0, 0.0, 1.0], "right_foot_pose": [0.9999999999999998, -5.1431506683821536e-12, -8.715594912445109e-11, 1.0185201042306535e-11, 1.7262346630111337e-12, 0.9992329467082549, -0.03916016104075463, -0.14000000000938362, 8.729029308347529e-11, 0.03916016104075449, 0.999232946708255, 1.6404361202759787e-10, 0.0, 0.0, 0.0, 1.0]}, {"left_foot_pose": [1.0000000000000007, -3.859405733533824e-12, -1.1404582833662852e-10, 2.3162797910215658e-11, 1.2555822484217023e-12, 0.9997394639905854, -0.022825515105198785, 1.9046830085356348e-11, 1.141038435177721e-10, 0.0228255151051986, 0.9997394639905858, 2.3154828748817025e-10, 0.0, 0.0, 0.0, 1.0], "right_foot_pose": [0.9999999999999998, -8.198499712131015e-12, -1.154020212723594e-10, 1.4406179433258094e-11, 2.7282264532052917e-12, 0.9988796447242476, -0.04732288405793375, -0.1400000000100473, 1.1566045957224146e-10, 0.047322884057933605, 0.9988796447242478, 2.1793009757908877e-10, 0.0, 0.0, 0.0, 1.0]}, {"left_foot_pose": [1.0000000000000007, -7.0648554058480805e-12, -1.4796996961052845e-10, 3.0951452556467506e-11, 2.306871143926873e-12, 0.9994836110676025, -0.0321327124168864, 2.770744050861751e-11, 1.481201707891475e-10, 0.03213271241688622, 0.9994836110676029, 3.021559460969492e-10, 0.0, 0.0, 0.0, 1.0], "right_foot_pose": [1.0, -1.2733808731467344e-11, -1.5010248599622847e-10, 1.9981871567008444e-11, 4.208301591478121e-12, 0.998393412165885, -0.056662108536144146, -0.14000000000980306, 1.5058284115690868e-10, 0.05666210853614399, 0.998393412165885, 2.842337892827729e-10, 0.0, 0.0, 0.0, 1.0]}, {"left_foot_pose": [1.0000000000000004, -1.2051834556960132e-11, -1.8978407734238072e-10, 4.095061902670193e-11, 3.938676938437389e-12, 0.9990882259944647, -0.042693286114263006, 3.959473721115714e-11, 1.9012550893601774e-10, 0.042693286114262825, 0.9990882259944649, 3.905677725679624e-10, 0.0, 0.0, 0.0, 1.0], "right_foot_pose": [1.0, -1.9404778203982284e-11, -1.9307583309924315e-10, 2.741012914388819e-11, 6.373034010616488e-12, 0.9977349271833013, -0.0672682323131265, -0.14000000000810986, 1.9394370766524145e-10, 0.06726823231312633, 0.9977349271833013, 3.6653872992342684e-10, 0.0, 0.0, 0.0, 1.0]}, {"left_foot_pose": [1.0000000000000004, -1.9620197565682322e-11, -2.4143920196451027e-10, 5.3859824435009267e-11, 6.4052919739994265e-12, 0.9985075404041864, -0.05461402526808235, 5.583860630820059e-11, 2.421503459151569e-10, 0.05461402526808215, 0.9985075404041864, 5.019201582134869e-10, 0.0, 0.0, 0.0, 1.0], "right_foot_pose": [0.9999999999999999, -2.912876077281048e-11, -2.4643992402317834e-10, 3.735302151351897e-11, 9.506324562784572e-12, 0.9968546072807971, -0.0792520784777777, -0.14000000000415636, 2.479731652009486e-10, 0.07925207847777754, 0.996854607280797, 4.691390123601202e-10, 0.0, 0.0, 0.0, 1.0]}, {"left_foot_pose": [1.0000000000000004, -3.082857308774682e-11, -3.0468055856047675e-10, 7.047901367379982e-11, 1.0035986203311889e-11, 0.9976845874890424, -0.06801076302189553, 7.773493133911291e-11, 3.060714593959482e-10, 0.06801076302189533, 0.9976845874890427, 6.416197295688875e-10, 0.0, 0.0, 0.0, 1.0], "right_foot_pose": [1.0, -4.310117559384104e-11, -3.1215896534320083e-10, 5.0610762753890776e-11, 1.3967641965718503e-11, 0.9956908815330764, -0.09273439724226075, -0.13999999999679122, 3.1481078127904356e-10, 0.09273439724226061, 0.9956908815330766, 5.962890320398984e-10, 0.0, 0.0, 0.0, 1.0]}, {"left_foot_pose": [1.0000000000000004, -4.686075737816699e-11, -3.7978714617636833e-10, 9.148847496654068e-11, 1.518310255388996e-11, 0.9965508523635709, -0.08298432775796434, 1.063142195806277e-10, 3.8236574668609737e-10, 0.08298432775796415, 0.996550852363571, 8.129940470835706e-10, 0.0, 0.0, 0.0, 1.0], "right_foot_pose": [0.9999999999999998, -6.262107144344609e-11, -3.907537071690111e-10, 6.794303236781228e-11, 2.0124358143326253e-11, 0.9941702432106583, -0.10782173952622238, -0.13999999998458698, 3.9522727379154744e-10, 0.10782173952622226, 0.9941702432106582, 7.499319498727175e-10, 0.0, 0.0, 0.0, 1.0]}, {"left_foot_pose": [1.0000000000000004, -6.836505398585228e-11, -4.623001426118366e-10, 1.167618347525836e-10, 2.1996885009899494e-11, 0.9950310777373492, -0.09956482479696419, 1.409873676139206e-10, 4.66809475611533e-10, 0.09956482479696399, 0.9950310777373494, 1.0103671302386097e-09, 0.0, 0.0, 0.0, 1.0], "right_foot_pose": [1.0, -8.829092652651367e-11, -4.778849538311642e-10, 8.943327123457418e-11, 2.8082852225736985e-11, 0.9922133149609191, -0.12455014096444861, -0.13999999996638815, 4.851603925577645e-10, 0.12455014096444847, 0.992213314960919, 9.233792272467234e-10, 0.0, 0.0, 0.0, 1.0]}, {"left_foot_pose": [1.0000000000000004, -9.327085592429363e-11, -5.349459208936464e-10, 1.4343109183446575e-10, 2.97231633765282e-11, 0.9930629533820595, -0.1175838875871289, 1.7590896794761335e-10, 5.422020701917201e-10, 0.11758388758712872, 0.9930629533820594, 1.2002600094374039e-09, 0.0, 0.0, 0.0, 1.0], "right_foot_pose": [1.0, -1.1741972244294074e-10, -5.558136728645017e-10, 1.1261125734919335e-10, 3.6871775176669366e-11, 0.9897579973539176, -0.142755408562908, -0.139999999943299, 5.668829828331586e-10, 0.1427554085629078, 0.9897579973539176, 1.0848293999221603e-09, 0.0, 0.0, 0.0, 1.0]}, {"left_foot_pose": [1.0000000000000004, -1.1116955502499568e-10, -5.510324418978009e-10, 1.6122148421974e-10, 3.498023587599393e-11, 0.9906563043627267, -0.13638213455722623, 1.9213951610308477e-10, 5.610448521755752e-10, 0.13638213455722603, 0.9906563043627269, 1.278613437349918e-09, 0.0, 0.0, 0.0, 1.0], "right_foot_pose": [0.9999999999999998, -1.3740172981448036e-10, -5.756037868565037e-10, 1.2785805718831154e-10, 4.247348630765487e-11, 0.9868276309372508, -0.16177523549287, -0.13999999992396506, 5.902498166203763e-10, 0.16177523549286985, 0.9868276309372506, 1.1413137587790168e-09, 0.0, 0.0, 0.0, 1.0]}, {"left_foot_pose": [0.9999999997935387, 2.0064339236937738e-05, -3.2164983715391985e-06, -2.138556570693991e-05, -2.0320356811511783e-05, 0.988021148456054, -0.15431853352939856, 1.0150578272395683e-06, 8.166900732227902e-08, 0.15431853356289787, 0.9880211486597802, 0.00016386115668127338, 0.0, 0.0, 0.0, 1.0], "right_foot_pose": [1.0, -1.1992529046872838e-10, -4.5361120415421324e-10, 8.689814973604479e-11, 3.641489847219988e-11, 0.9837044373472662, -0.17979315877779897, -0.13999999998855706, 4.677809078847835e-10, 0.17979315877779886, 0.9837044373472661, 8.772260556844103e-10, 0.0, 0.0, 0.0, 1.0]}, {"left_foot_pose": [0.999999835380246, 0.0005650222165456403, -9.99468676580848e-05, -0.0006039629646831094, -0.0005737937507524249, 0.9848524385718765, -0.17339361291512706, 2.8682534060131548e-05, 4.6167283625002983e-07, 0.17339364172000096, 0.9848526006519268, 0.0041912091242068406, 0.0, 0.0, 0.0, 1.0], "right_foot_pose": [1.0, -8.369507016083266e-11, -2.9259794587233e-10, -2.568713781184334e-12, 2.5072848272774588e-11, 0.9808295813506849, -0.19486747380576527, -0.14000000016038627, 3.0329796604996435e-10, 0.19486747380576508, 0.9808295813506849, 4.866308189743762e-10, 0.0, 0.0, 0.0, 1.0]}, {"left_foot_pose": [0.9999984165054822, 0.001745832295877559, -0.00034504510376734973, -0.0018732030051452756, -0.0017796027112650513, 0.9811142295956737, -0.19342104719776107, 8.896947448973e-05, 8.479502579992108e-07, 0.1934213549597951, 0.9811157828945567, 0.01146980213260193, 0.0, 0.0, 0.0, 1.0], "right_foot_pose": [1.0000000000000002, -4.282171767676411e-11, -1.405559002520815e-10, -4.277812170163014e-11, 1.2929836222520403e-11, 0.9785252139973319, -0.20612715874303372, -0.14000000017366096, 1.46364058217403e-10, 0.20612715874303347, 0.9785252139973322, 2.2645194053261264e-10, 0.0, 0.0, 0.0, 1.0]}, {"left_foot_pose": [0.9999938829622506, 0.0034185912181361193, -0.0007397784564413629, -0.0036817195267866694, -0.0034977187760931606, 0.9774439681307061, -0.21116594215986478, 0.00017487667725315723, 1.2019545641567322e-06, 0.2111672379868222, 0.9774499463397466, 0.019120926317791304, 0.0, 0.0, 0.0, 1.0], "right_foot_pose": [1.0000000000000002, -1.1191593807345194e-11, -3.3058333848145984e-11, -5.5703232791524724e-11, 3.891937505154302e-12, 0.9770431045408484, -0.21304171391814541, -0.14000000008369362, 3.468351870584375e-11, 0.21304171391814516, 0.9770431045408485, 6.951621223105775e-11, 0.0, 0.0, 0.0, 1.0]}, {"left_foot_pose": [0.9999843864347889, 0.005448905241233187, -0.0012394830823097478, -0.005882125432296272, -0.00558810204907757, 0.9751331199861398, -0.2215494784954062, 0.0002794002962925035, 1.4588906564405335e-06, 0.22155294567612807, 0.9751483437201252, 0.02426587779513264, 0.0, 0.0, 0.0, 1.0], "right_foot_pose": [1.0, 7.150621611063982e-13, 7.04331037937322e-12, -3.1163882416272094e-11, 8.176723508845978e-13, 0.9765651303343632, -0.21522208579750424, -0.1399999999875033, -7.032367824184826e-12, 0.21522208579750404, 0.9765651303343632, 1.789334652668728e-11, 0.0, 0.0, 0.0, 1.0]}, {"left_foot_pose": [0.9999687098750744, 0.007716496001295626, -0.0017421137282837918, -0.008327024465306886, -0.007910705933422867, 0.9754624382568571, -0.22002375390312576, 0.0003955336435526556, 1.5540879290457402e-06, 0.2200306506817863, 0.975492958846006, 0.025000001247745318, 0.0, 0.0, 0.0, 1.0], "right_foot_pose": [0.9999999999999998, -1.270341414993465e-11, -3.389105662776607e-11, 1.6984503058680064e-11, 5.215254042184596e-12, 0.9771831922466635, -0.21239823160897697, -0.1399999999678, 3.581577317193981e-11, 0.2123982316089768, 0.9771831922466634, 1.1273252470411776e-10, 0.0, 0.0, 0.0, 1.0]}, {"left_foot_pose": [0.9999466906303586, 0.010090677152071839, -0.0021895506405296954, -0.010869024070531356, -0.010325497330085863, 0.9772371209727613, -0.21189854529410046, 0.0005162787374079145, 1.5103546186581043e-06, 0.21190985731551545, 0.9772892163378444, 0.02500000144340097, 0.0, 0.0, 0.0, 1.0], "right_foot_pose": [1.0, -4.8582389539296955e-11, -1.5225531946327888e-10, 5.23099136360091e-11, 1.6375131397189492e-11, 0.9788093981211534, -0.20477344102618789, -0.1399999999322691, 1.5897728835507014e-10, 0.20477344102618775, 0.9788093981211532, 3.5052628855059e-10, 0.0, 0.0, 0.0, 1.0]}, {"left_foot_pose": [0.9999194476156612, 0.012441020466518089, -0.002513819751631135, -0.013360738640779165, -0.012692449652918476, 0.9801326177447257, -0.19793674079028473, 0.0006346345978569985, 1.3416904566038995e-06, 0.19795270304449958, 0.9802115727513001, 0.024910270476855408, 0.0, 0.0, 0.0, 1.0], "right_foot_pose": [1.0, -1.0578760805472861e-10, -3.610833854139621e-10, 1.1121339975602281e-10, 3.4413506487145716e-11, 0.9813549324399804, -0.19220430946188985, -0.13999999993425694, 3.7468355883997145e-10, 0.1922043094618897, 0.9813549324399803, 7.465023460495601e-10, 0.0, 0.0, 0.0, 1.0]}, {"left_foot_pose": [0.9998894123944865, 0.01464651015928707, -0.0025773477769009995, -0.01565477601804506, -0.014871549358514051, 0.9847710320057806, -0.17321908538595845, 0.0007435950382702478, 1.0423362086333039e-06, 0.17323825865675438, 0.9848799448341354, 0.021163833357989534, 0.0, 0.0, 0.0, 1.0], "right_foot_pose": [1.0, -1.8061811469402612e-10, -6.836835542145525e-10, 2.598358610092914e-10, 5.877932401293244e-11, 0.9847153353918839, -0.17417149090493994, -0.14000000021541684, 7.04692008559716e-10, 0.17417149090493975, 0.984715335391884, 1.3516315913730814e-09, 0.0, 0.0, 0.0, 1.0]}, {"left_foot_pose": [0.9998601639922234, 0.016557478038709866, -0.0023457157633609417, -0.01760374401929407, -0.016722812591880937, 0.9899804770215714, -0.14021056541915575, 0.0008361668377148829, 6.794526459930859e-07, 0.14023018589854372, 0.9901189297061233, 0.013996811755408449, 0.0, 0.0, 0.0, 1.0], "right_foot_pose": [0.9999999999999998, -2.4824168984221824e-10, -1.0859492749482042e-09, 3.9050780844624725e-10, 8.193498572344045e-11, 0.9886040541613466, -0.15053911151507884, -0.14000000045900074, 1.1109438022475439e-09, 0.15053911151507868, 0.9886040541613466, 2.154462983017247e-09, 0.0, 0.0, 0.0, 1.0]}, {"left_foot_pose": [0.9998360680082948, 0.01800786804132787, -0.0018851520677807946, -0.019060259067865314, -0.018106272658859026, 0.9944040777652196, -0.10408022393474692, 0.000905352447180081, 3.399650796286077e-07, 0.10409729493368265, 0.9945671184929527, 0.006287909995131222, 0.0, 0.0, 0.0, 1.0], "right_foot_pose": [1.0, -2.830196868585953e-10, -1.5270574804659968e-09, 4.606328133312286e-10, 9.529558611349714e-11, 0.9925843806661497, -0.12155758823535405, -0.1400000005307744, 1.550136303132822e-09, 0.12155758823535392, 0.99258438066615, 3.033592009538122e-09, 0.0, 0.0, 0.0, 1.0]}, {"left_foot_pose": [0.9998217197794591, 0.018838848482884595, -0.0012753215612527893, -0.019876931860575403, -0.01888196645580521, 0.9975388838226644, -0.06752515534669389, 0.000944150269027097, 8.667636709240289e-08, 0.06753719752604637, 0.997716756875578, 0.0009158366543025667, 0.0, 0.0, 0.0, 1.0], "right_foot_pose": [0.9999999999999998, -2.558315938641638e-10, -1.8947997615370565e-09, 4.25480177647352e-10, 8.806068944438938e-11, 0.9961188112725835, -0.08801882655940761, -0.14000000032232984, 1.90996346581063e-09, 0.08801882655940747, 0.9961188112725835, 3.7299539637492e-09, 0.0, 0.0, 0.0, 1.0]}, {"left_foot_pose": [0.9998195054304787, 0.01898947528000484, -0.0005969835374031474, -0.019999999933216855, -0.01899885682755225, 0.9993258024133971, -0.03141630261611577, 0.0009500003858434764, 1.950624753719063e-09, 0.03142197414885446, 0.9995062078549536, 4.053051984309608e-09, 0.0, 0.0, 0.0, 1.0], "right_foot_pose": [0.9999999999999996, -1.575109523129283e-10, -1.9858388822235883e-09, 3.786970775042988e-10, 5.411515971789033e-11, 0.9986491957190539, -0.05195944466299502, -0.14000000013129316, 1.9913403955749874e-09, 0.051959444662994875, 0.9986491957190538, 3.889384696253995e-09, 0.0, 0.0, 0.0, 1.0]}, {"left_foot_pose": [0.9998195054298559, 0.018998718133371763, 7.260363683589093e-05, -0.01999999989044715, -0.01899885686033177, 0.9998122045398539, 0.0038208757057813488, 0.0009500002395051686, 1.7383539225933735e-09, -0.003821565444567219, 0.9999926977921161, 3.5261311370771153e-09, 0.0, 0.0, 0.0, 1.0], "right_foot_pose": [1.0, -4.650237282145485e-11, -1.7526294304737174e-09, 3.845982310741366e-10, 1.756254022523277e-11, 0.999863722870668, -0.016508654918189293, -0.14000000022949194, 1.7531581744280402e-09, 0.016508654918189144, 0.999863722870668, 3.496465207641908e-09, 0.0, 0.0, 0.0, 1.0]}, {"left_foot_pose": [0.9998195054295087, 0.01898684815841309, 0.0006753959599160832, -0.019999999867917086, -0.01899885687859383, 0.9991875411983706, 0.03554294516865391, 0.0009500001611744135, 1.274495820053618e-09, -0.03554936161121069, 0.9993679216830189, 2.5447779924969716e-09, 0.0, 0.0, 0.0, 1.0], "right_foot_pose": [0.9999999998225204, 1.883791459541749e-05, 3.0383988841574597e-07, -8.403024583755519e-07, -1.8840359282094865e-05, 0.9998819769697133, 0.015363325687456662, -0.1400102280664893, -1.4391011038192919e-08, -0.01536332569045459, 0.9998819771471675, 3.740190713042574e-05, 0.0, 0.0, 0.0, 1.0]}, {"left_foot_pose": [0.9998195054294576, 0.01896257687130154, 0.0011735591999738864, -0.019999999749447377, -0.018998856881292922, 0.9979102584265381, 0.061758882472764995, 0.0009500004035852896, 7.918501899403415e-10, -0.061770031613078064, 0.9980904083270816, 1.5817946119600634e-09, 0.0, 0.0, 0.0, 1.0], "right_foot_pose": [0.9999981219605044, 0.0019357267129687095, 9.506606447022625e-05, -8.645564017717517e-05, -0.0019380596555265074, 0.998806593315027, 0.04880197818943043, -0.1410521801367636, -4.853191665146394e-07, -0.04880207078109225, 0.998808469070643, 0.003492991049019005, 0.0, 0.0, 0.0, 1.0]}, {"left_foot_pose": [0.9998195054296144, 0.018935209909325096, 0.0015538301621267601, -0.019999999718610002, -0.01899885687305755, 0.9964700667527138, 0.08177071299285817, 0.0009500003710689268, 3.6957782826388586e-10, -0.08178547482000177, 0.9966499566590409, 8.142427704305177e-10, 0.0, 0.0, 0.0, 1.0], "right_foot_pose": [0.9999782007610074, 0.006576929690372778, 0.0005848064858026762, -0.0002945477537501312, -0.00660287819577537, 0.99606874129695, 0.08833722098097253, -0.1435847557088339, -1.519768781048955e-06, -0.08833915670277445, 0.9960904544220534, 0.0105384985549134, 0.0, 0.0, 0.0, 1.0]}, {"left_foot_pose": [0.9998195054298018, 0.01891269291410018, 0.00180737623226637, -0.019999999786011195, -0.01899885686319061, 0.9952851061334957, 0.09511362124705969, 0.0009500001933543823, 6.543886968177035e-11, -0.09513079183720759, 0.9954647821216113, 2.842169971595254e-10, 0.0, 0.0, 0.0, 1.0], "right_foot_pose": [0.9999097028607388, 0.013319638847687196, 0.001781388760579767, -0.0005994733246336603, -0.013438233361022959, 0.9911150242767826, 0.1323269531764675, -0.14729588232064147, -3.013938563118006e-06, -0.1323389431490201, 0.9912045218405315, 0.018295209339630247, 0.0, 0.0, 0.0, 1.0]}, {"left_foot_pose": [0.999819505429882, 0.018900763015208145, 0.001928138841025854, -0.01999999993614958, -0.01899885685896184, 0.9946572932972418, 0.10146877514121237, 0.0009500000128842461, -8.832891460901175e-11, -0.10148709301210784, 0.9948368559477242, 2.006819710409502e-11, 0.0, 0.0, 0.0, 1.0], "right_foot_pose": [0.9997608528221064, 0.02152749760609672, 0.0038475981123485743, -0.0009755908797973369, -0.02186863375842155, 0.984202900063705, 0.1756884013352399, -0.15187348489555294, -4.6855812899656615e-06, -0.17573052766384065, 0.984438307678563, 0.023884418921904925, 0.0, 0.0, 0.0, 1.0]}, {"left_foot_pose": [0.9998195054297807, 0.01890254236869801, 0.001910616170165217, -0.020000000115585764, -0.018998856864298676, 0.9947509318167131, 0.10054664135430598, 0.0009499999536932459, -6.738621336836426e-11, -0.10056479275462743, 0.9949305113716332, 7.632082466013657e-11, 0.0, 0.0, 0.0, 1.0], "right_foot_pose": [0.9995094661728463, 0.030616283841385785, 0.006593193051561891, -0.0013972616997171487, -0.031318157577040866, 0.9771501492594448, 0.2102302518864112, -0.1570054789718383, -6.0705106298589414e-06, -0.21033361349529475, 0.9776296696587932, 0.025000002874206888, 0.0, 0.0, 0.0, 1.0]}, {"left_foot_pose": [0.9998195054295125, 0.01891776438120284, 0.0017534975058998957, -0.0200000002612945, -0.018998856878399084, 0.9955519922002475, 0.09227824371667114, 0.0009499999069393795, 1.3682629401254647e-10, -0.09229490244285748, 0.9957317163689549, 4.5090305100803363e-10, 0.0, 0.0, 0.0, 1.0], "right_foot_pose": [0.9991504736784937, 0.04004016078402298, 0.009752767424229878, -0.0018388432525233156, -0.04121081047283888, 0.9708080781498355, 0.23629080494000315, -0.1623797854619763, -6.943578175050328e-06, -0.2364919891315825, 0.9716334386116887, 0.025000001657994687, 0.0, 0.0, 0.0, 1.0]}, {"left_foot_pose": [0.9998195054291719, 0.018943310557062807, 0.0014517398202002734, -0.020000000376370994, -0.018998856896320627, 0.996896363523958, 0.07639819257903063, 0.0009499998936207702, 5.404818951195039e-10, -0.07641198451714386, 0.9970763303890795, 1.1859159279592468e-09, 0.0, 0.0, 0.0, 1.0], "right_foot_pose": [0.9987001318122014, 0.049300726191658685, 0.012941604045333056, -0.0022746929137480677, -0.050971037533641086, 0.9660084825455963, 0.25343552431081606, -0.16768433393533935, -7.1438942511187675e-06, -0.2537657385206468, 0.9672657080151426, 0.024992550608651375, 0.0, 0.0, 0.0, 1.0]}, {"left_foot_pose": [0.9998195054289677, 0.018972694073432425, 0.0009967162943953192, -0.020000000497715407, -0.018998856907076207, 0.9984426766754344, 0.05245250069748076, 0.0009500003184412693, 1.164257443611341e-09, -0.0524619697761221, 0.99862292269265, 2.405772796254535e-09, 0.0, 0.0, 0.0, 1.0], "right_foot_pose": [0.9981969190070126, 0.05804583734038264, 0.015283705452584935, -0.002679170409982321, -0.06002425212962918, 0.9653233047238814, 0.2540629971350476, -0.1726070450835392, -6.417650004663596e-06, -0.2545222939634532, 0.9670669065966404, 0.02183779281969389, 0.0, 0.0, 0.0, 1.0]}, {"left_foot_pose": [0.9998195054292658, 0.018994963952209277, 0.00038458761566153806, -0.020000000473150405, -0.018998856891398328, 0.9996146364389334, 0.02023912186533356, 0.0009500007978842876, 1.9806477766948446e-09, -0.020242775538792765, 0.9997950940260145, 4.1185523047548855e-09, 0.0, 0.0, 0.0, 1.0], "right_foot_pose": [0.9976991163606828, 0.0658693631110972, 0.016053043837568066, -0.0030266323481830362, -0.06779729485328226, 0.969344833423527, 0.23616545201551323, -0.17683584338392994, -4.867191561849123e-06, -0.23671041573714727, 0.9715802483880874, 0.014923778950318878, 0.0, 0.0, 0.0, 1.0]}, {"left_foot_pose": [0.9998195054305616, 0.018995024077433906, -0.0003816030475022075, -0.020000000208966723, -0.018998856823191624, 0.999617809357465, -0.02008179909260293, 0.00095000121147212, 2.9451057490179855e-09, 0.020085424458584758, 0.9997982675141619, 6.245245778857544e-09, 0.0, 0.0, 0.0, 1.0], "right_foot_pose": [0.9972790957663366, 0.07214628205518717, 0.015143286733453224, -0.0032914352863049586, -0.07371841790864446, 0.9760190278850382, 0.2048229773911882, -0.18005866073843152, -2.9196983214697746e-06, -0.2053820128247803, 0.978681883351029, 0.007129213820851098, 0.0, 0.0, 0.0, 1.0]}, {"left_foot_pose": [0.9998195054328987, 0.018955316039328887, -0.0012855153690672647, -0.019999999908180965, -0.018998856700204864, 0.997528181383476, -0.06765035690860008, 0.0009500013754080404, 3.912870093451124e-09, 0.06766256970899824, 0.9977082622993436, 8.500992208781977e-09, 0.0, 0.0, 0.0, 1.0], "right_foot_pose": [0.9970143343489586, 0.07617158011938914, 0.012661259211385233, -0.003447938035579317, -0.07721668926903859, 0.9835221434504896, 0.16346796701764948, -0.18196342366740645, -1.015451725531599e-06, -0.16395756684175983, 0.9864673924029614, 0.0013328072079362777, 0.0, 0.0, 0.0, 1.0]}, {"left_foot_pose": [0.9998195054370979, 0.018861624787532512, -0.0022793985813465397, -0.019999998128759633, -0.01899885647922722, 0.9925976802552591, -0.11995369358365447, 0.0009500015375272387, 4.183967982938228e-09, 0.11997534856066829, 0.9927768710731265, 9.871365419522604e-09, 0.0, 0.0, 0.0, 1.0], "right_foot_pose": [0.9969595419627733, 0.07741286667173576, 0.008883679589083211, -0.0034794478148217267, -0.07792093229278896, 0.9904590892637227, 0.11366231040014854, -0.18234695707822843, 4.085494011836812e-09, -0.11400894951073459, 0.9934797227077456, 9.809642674551977e-09, 0.0, 0.0, 0.0, 1.0]}, {"left_foot_pose": [0.9998195054393436, 0.018715068612604305, -0.003271505747066826, -0.019999996592126333, -0.018998856361043176, 0.9848851372580495, -0.17216361365040656, 0.0009500017573140056, 3.5446787724516218e-09, 0.17219469392237222, 0.9850629357482609, 1.0317396645365129e-08, 0.0, 0.0, 0.0, 1.0], "right_foot_pose": [0.9969595419657766, 0.07777622028530096, 0.004746708493368449, -0.003479446535727889, -0.07792093225436061, 0.9951080216235076, 0.06073181717320635, -0.18234695649111318, 3.4927303776624974e-09, -0.06091703258269222, 0.9981428330360936, 9.306362992733686e-09, 0.0, 0.0, 0.0, 1.0]}, {"left_foot_pose": [0.9998195054366378, 0.018530535138896735, -0.0041923520729572755, -0.01999999946189512, -0.018998856503418503, 0.9751740208147663, -0.22062337269547136, 0.0009500011517499275, 3.667461208022096e-09, 0.22066320127159486, 0.9753500661837128, 1.00179847750681e-08, 0.0, 0.0, 0.0, 1.0], "right_foot_pose": [0.9969595419782182, 0.07791747029594577, 0.0007344938812285413, -0.0034794497281857525, -0.07792093209517666, 0.9969152495363477, 0.009397530702265072, -0.18234695638692378, 3.668461106240112e-09, -0.009426190352500101, 0.9999555724808171, 7.481891099725413e-09, 0.0, 0.0, 0.0, 1.0]}, {"left_foot_pose": [0.9997848695989353, 0.020029154063965243, -0.005389574057643162, -0.01928890666807874, -0.02074161310363051, 0.9654758925409908, -0.2596653353993134, -0.0002916258655541702, 2.6268159345893456e-06, 0.259721261951463, 0.9656836262893975, 0.0028444567095783843, 0.0, 0.0, 0.0, 1.0], "right_foot_pose": [0.9969595419844574, 0.07786943799021438, -0.0028323617757582895, -0.0034794502700945095, -0.07792093201534873, 0.9963007028099304, -0.036238624895247616, -0.18234695663138542, 2.6736687094420983e-09, 0.036349143147084234, 0.9993391515358903, 5.393046183244099e-09, 0.0, 0.0, 0.0, 1.0]}, {"left_foot_pose": [0.9996715244598131, 0.024555001737367792, -0.0073413264382123046, -0.017294451025832425, -0.025628951523053528, 0.9578406404548131, -0.28615461613775056, -0.0037740980171843616, 5.293720946571145e-06, 0.2862487718450372, 0.9581553321822016, 0.009617037983074402, 0.0, 0.0, 0.0, 1.0], "right_foot_pose": [0.9969595419864775, 0.0777052906000604, -0.0057930522933107185, -0.00347945061841234, -0.07792093198950363, 0.9942005194424745, -0.07411919790581345, -0.18234695654953678, 1.7868519733454439e-09, 0.07434524163034338, 0.9972325631701594, 3.546853595548516e-09, 0.0, 0.0, 0.0, 1.0]}, {"left_foot_pose": [0.9994547778789872, 0.03150705185500597, -0.009871811296378425, -0.014278778437060597, -0.033017372990787754, 0.953803998461605, -0.29860975469572815, -0.009039694906364984, 7.460060934926191e-06, 0.29877288732758467, 0.9543242435054693, 0.017439493738746384, 0.0, 0.0, 0.0, 1.0], "right_foot_pose": [0.9969595419860557, 0.07749404066544742, -0.008145262690375172, -0.0034794508528360685, -0.07792093199489611, 0.9914976813439407, -0.10421456830326636, -0.18234695625240266, 1.0774188216011064e-09, 0.10453239474407613, 0.9945214821455937, 2.1137741973431545e-09, 0.0, 0.0, 0.0, 1.0]}, {"left_foot_pose": [0.9991065415047313, 0.04040201959145947, -0.012401432795692615, -0.010504133823716412, -0.042262496939205384, 0.9551839848723109, -0.2929802662226886, -0.015630518343518605, 8.655540075496387e-06, 0.2932426160304553, 0.9560380578558038, 0.023433117978363074, 0.0, 0.0, 0.0, 1.0], "right_foot_pose": [0.9969595419845898, 0.07728796809467448, -0.009911691766442446, -0.003479450991924616, -0.07792093201365322, 0.9888610845697419, -0.126815155946272, -0.182346955880355, 5.433883417949567e-10, 0.1272019080491728, 0.9918768444664133, 1.1136026059621607e-09, 0.0, 0.0, 0.0, 1.0]}, {"left_foot_pose": [0.9986093537576488, 0.05082220320849613, -0.014016499162290509, -0.0062327574854425475, -0.052719621725410996, 0.9627116800460856, -0.2653429150890861, -0.023088672774058648, 8.53590630088987e-06, 0.26571286149503304, 0.9640522159941652, 0.025000006589329528, 0.0, 0.0, 0.0, 1.0], "right_foot_pose": [0.9969595419830384, 0.07712391208578191, -0.01111637681777131, -0.003479451020349025, -0.07792093203350488, 0.9867620687768989, -0.1422285061939579, -0.182346955663334, 1.7821249720801094e-10, 0.14266226483453623, 0.989771427245847, 5.174829176279871e-10, 0.0, 0.0, 0.0, 1.0]}, {"left_foot_pose": [0.9979662574615296, 0.06211224581947779, -0.014332406898010316, -0.0017269007776367813, -0.06374440300014385, 0.9724396162173518, -0.22427180807494723, -0.030956246215969953, 7.374589842149077e-06, 0.224729307679954, 0.9744212324325169, 0.02500000888551957, 0.0, 0.0, 0.0, 1.0], "right_foot_pose": [0.9969595419819981, 0.07702258168919364, -0.011798032080627156, -0.0034794509152558427, -0.07792093204681272, 0.9854655962533263, -0.15094994849297624, -0.18234695569878667, -1.9828831153837368e-11, 0.15141030516780432, 0.988471000833607, 1.7023265436177937e-10, 0.0, 0.0, 0.0, 1.0]}, {"left_foot_pose": [0.9972065370534589, 0.07352319545818434, -0.013170504449981468, 0.002751189413239567, -0.0746935233256997, 0.9815950551558719, -0.17576127351249732, -0.03877533570340234, 5.571575571168593e-06, 0.17625404228884894, 0.9843447122557215, 0.02500001004692813, 0.0, 0.0, 0.0, 1.0], "right_foot_pose": [0.9969595419816488, 0.07699240816895878, -0.011993362167663245, -0.003479450787825304, -0.07792093205128048, 0.9850795409100757, -0.15344910044915344, -0.18234695573228565, -7.685097063859287e-11, 0.1539170788598168, 0.9880837681266003, 6.755634940347477e-11, 0.0, 0.0, 0.0, 1.0]}, {"left_foot_pose": [0.9963873088672839, 0.0843487276087813, -0.009880429089505227, 0.006939272968048351, -0.08492544210782528, 0.9896255517735989, -0.11588328852596215, -0.046088048983124574, 3.317151175293558e-06, 0.11630373780571543, 0.9932136933014051, 0.022459729593693786, 0.0, 0.0, 0.0, 1.0], "right_foot_pose": [0.9969595419818822, 0.07708449735983204, -0.01138647961652402, -0.0034794507874720973, -0.07792093204829789, 0.9862577765915406, -0.1456843384219309, -0.18234695583085755, 6.934345175530049e-11, 0.14612863641153015, 0.9892655971075245, 3.0386553689920603e-10, 0.0, 0.0, 0.0, 1.0]}, {"left_foot_pose": [0.9955909682618256, 0.09363529853769796, -0.005572681871166585, 0.010575089321519151, -0.093800980344144, 0.9938333300302092, -0.05913280145184512, -0.05243646371836293, 1.3994639064091635e-06, 0.059394806076138076, 0.9982345701333031, 0.015838566190438733, 0.0, 0.0, 0.0, 1.0], "right_foot_pose": [0.9969595419828576, 0.07719976251317716, -0.010576781988846328, -0.0034794507688484027, -0.07792093203581771, 0.9877325373321137, -0.13532465793835874, -0.18234695599304745, 2.5563338588660786e-10, 0.13573736170772335, 0.9907448554681607, 6.745517269757251e-10, 0.0, 0.0, 0.0, 1.0]}, {"left_foot_pose": [0.9949185420904278, 0.1006778212956166, -0.001034844831966438, 0.013396390142264809, -0.10068313962441273, 0.9948660055399993, -0.010224305172378647, -0.0573626732741232, 1.7117531541376175e-07, 0.010276542222696874, 0.9999471949457717, 0.007998180070283738, 0.0, 0.0, 0.0, 1.0], "right_foot_pose": [0.9969595419838535, 0.07735738053104976, -0.009354534981467323, -0.0034794507358304715, -0.07792093202307786, 0.9897491819064999, -0.11968661273538071, -0.1823469560508905, 4.991796884141196e-10, 0.12005162469866226, 0.9927676502622412, 1.1216825246407325e-09, 0.0, 0.0, 0.0, 1.0]}, {"left_foot_pose": [0.9944789414630458, 0.10489522265940528, 0.0029372180331400065, 0.01514093371907788, -0.10493633777909848, 0.9940893549483214, 0.027833781488366287, -0.0604087788010295, -2.2647323150370438e-07, -0.02798833045512081, 0.9996082499450896, 0.0018172769425793198, 0.0, 0.0, 0.0, 1.0], "right_foot_pose": [0.9969595419843407, 0.07753031870323056, -0.00779238911687457, -0.0034794506861901757, -0.07792093201684175, 0.9919618399869518, -0.09969973100930449, -0.18234695591502834, 7.264913221374013e-10, 0.10000378838562277, 0.9949870563522542, 1.5519782473050192e-09, 0.0, 0.0, 0.0, 1.0]}, {"left_foot_pose": [0.9943640091276796, 0.10586006997917514, 0.005819186844686158, 0.015585503846697702, -0.10601989130125138, 0.9928650393135012, 0.05457835062981624, -0.0611850269428903, 8.416980512690201e-10, -0.05488769710057575, 0.9984925341268189, 1.700327094400489e-09, 0.0, 0.0, 0.0, 1.0], "right_foot_pose": [0.9969595419835929, 0.07768697824150865, -0.006033660544618167, -0.0034794508011085283, -0.07792093202640935, 0.9939662205727555, -0.07719767297301171, -0.1823469555703131, 8.272034772061196e-10, 0.07743310514254043, 0.9969975497602712, 1.8217296907097058e-09, 0.0, 0.0, 0.0, 1.0]}, {"left_foot_pose": [0.9943640091265323, 0.10569301041658852, 0.008318948424495185, 0.015585503410914544, -0.10601989131201009, 0.9912981820161828, 0.07802369497531673, -0.061185026876379195, 7.562782553612278e-10, -0.07846592815031694, 0.9969167959862603, 1.6205473352126631e-09, 0.0, 0.0, 0.0, 1.0], "right_foot_pose": [0.9969595419824998, 0.07780682413360826, -0.0042154202976026674, -0.003479451229535593, -0.07792093204039378, 0.9954995886193221, -0.05393419517075235, -0.18234695540863455, 7.336824394150147e-10, 0.05409867999315908, 0.9985355941692804, 1.8593567935321076e-09, 0.0, 0.0, 0.0, 1.0]}, {"left_foot_pose": [0.9943640091269521, 0.10548577638791246, 0.010628656209243227, 0.015585503842867394, -0.10601989130806959, 0.9893545273294442, 0.0996865181444205, -0.06118502702387172, 6.218286416184013e-10, -0.10025153481404764, 0.9949621247904006, 1.2816568709106413e-09, 0.0, 0.0, 0.0, 1.0], "right_foot_pose": [0.9969595419819829, 0.07788000282878209, -0.002525234734365081, -0.003479450814748568, -0.07792093204700995, 0.996435873256143, -0.03230911384103071, -0.1823469556418989, 6.003787965192742e-10, 0.032407647980936774, 0.9994747342241042, 1.3887073296858787e-09, 0.0, 0.0, 0.0, 1.0]}, {"left_foot_pose": [0.9943640091275314, 0.10527667620842572, 0.012531512212428136, 0.01558550417028452, -0.10601989130264135, 0.9873933701608887, 0.11753346421551339, -0.061185026923629475, 3.7922924378905193e-10, -0.1181996362466046, 0.9929898519074462, 8.889383881771629e-10, 0.0, 0.0, 0.0, 1.0], "right_foot_pose": [0.9968524766707672, 0.0792757844142855, -0.0006998291626964397, -0.003174033671089073, -0.07927887332291648, 0.9968136454906961, -0.008798659454579073, -0.18332894134020272, 7.8628832034596e-08, 0.008826447136216766, 0.9999610461567718, 0.002250301452171713, 0.0, 0.0, 0.0, 1.0]}, {"left_foot_pose": [0.9943640091284868, 0.10509480186376693, 0.013974976606035347, 0.0155855042664686, -0.10601989129367943, 0.9856875650924731, 0.1310717615359941, -0.06118502694826084, 1.455327121790861e-10, -0.1318146677850677, 0.991274378442575, 5.548125292520467e-10, 0.0, 0.0, 0.0, 1.0], "right_foot_pose": [0.9964813021555963, 0.08378774903602987, 0.0021511777616421393, -0.002153488788019419, -0.08381535929699493, 0.9961531813853901, 0.025569997295294248, -0.18661025911406176, -4.500547553338196e-07, -0.025660325937933794, 0.9996707196234951, 0.00871010937015261, 0.0, 0.0, 0.0, 1.0]}, {"left_foot_pose": [0.9943640091292397, 0.10497101703807492, 0.014876253910777891, 0.015585504181478634, -0.1060198912866151, 0.9845265834718759, 0.13952486906917388, -0.06118502708561565, -2.934282021936134e-11, -0.14031568700322888, 0.9901068164500297, 3.0795686833950953e-10, 0.0, 0.0, 0.0, 1.0], "right_foot_pose": [0.9958583474649776, 0.09069348974927588, 0.006390829478352241, -0.0005547826608595804, -0.09091837977789588, 0.993396367414368, 0.06998217934946382, -0.19175053103860035, -1.698723097342797e-06, -0.07027338134056349, 0.9975277699753918, 0.01655846339454741, 0.0, 0.0, 0.0, 1.0]}, {"left_foot_pose": [0.9943640091292949, 0.10492809067571279, 0.015176071147234836, 0.015585503953993185, -0.10601989128610009, 0.9841239758263934, 0.14233686400696288, -0.06118502721152685, -1.0182209330420623e-10, -0.1431436201540349, 0.9897019268492906, 1.96561662779704e-10, 0.0, 0.0, 0.0, 1.0], "right_foot_pose": [0.994993144870966, 0.0992063293702971, 0.012113871084695426, 0.0014779723300863295, -0.09994319210173354, 0.9876614960278963, 0.12056586422554859, -0.1982863865649433, -3.5072010251029466e-06, -0.12117290735477804, 0.9926314152347233, 0.022916658093660988, 0.0, 0.0, 0.0, 1.0]}, {"left_foot_pose": [0.9943640091284843, 0.10500454461036035, 0.014637723904303443, 0.01558550370836459, -0.10601989129369878, 0.9848410395343055, 0.1372876888109844, -0.06118502716967689, 1.787559812123205e-11, -0.1380658265471958, 0.9904230548305307, 3.2569173052943157e-10, 0.0, 0.0, 0.0, 1.0], "right_foot_pose": [0.9939044260581222, 0.10868616360852043, 0.018474569064960998, 0.003800663787722196, -0.11024514426323952, 0.9798576924865807, 0.166507989721967, -0.20575444699495568, -5.334000629160156e-06, -0.1675297594904714, 0.9858670192559504, 0.025000007672533436, 0.0, 0.0, 0.0, 1.0]}, {"left_foot_pose": [0.9943640091265985, 0.10515357517046982, 0.013525641668574378, 0.015585503610540528, -0.10601989131138673, 0.9862388015658924, 0.1268574354627849, -0.061185027188223134, 2.462443047378565e-10, -0.12757645517391267, 0.9918287392918494, 7.427740783549908e-10, 0.0, 0.0, 0.0, 1.0], "right_foot_pose": [0.992630446403611, 0.11853895691673057, 0.025165702169057263, 0.006269163368663782, -0.12118084347806264, 0.9710016063631647, 0.20608513681024776, -0.21369132379216252, -6.820077883208913e-06, -0.20761598236466974, 0.9782104087670708, 0.02500000664848276, 0.0, 0.0, 0.0, 1.0]}, {"left_foot_pose": [0.9943640091242628, 0.10537362937699837, 0.011688267204446632, 0.015585503535111945, -0.10601989133329409, 0.9883026965449717, 0.1096246443260574, -0.06118502720332443, 6.457064414112571e-10, -0.11024598964976985, 0.993904332300722, 1.4710725970701333e-09, 0.0, 0.0, 0.0, 1.0], "right_foot_pose": [0.9912351534998152, 0.12828224620351433, 0.031567954877982696, 0.008739358177767536, -0.13210931234361337, 0.9625339331686316, 0.23680278100356283, -0.22163365178684763, -7.635116418688153e-06, -0.2388976617882744, 0.9710447503250303, 0.02500000470817479, 0.0, 0.0, 0.0, 1.0]}, {"left_foot_pose": [0.9943640091223636, 0.10563211306099034, 0.009059473073600137, 0.015585503409015686, -0.10601989135110951, 0.9907270229169682, 0.08496910438495059, -0.061185026826369254, 1.253677585015453e-09, -0.0854507036387176, 0.9963423996034942, 2.60792058087711e-09, 0.0, 0.0, 0.0, 1.0], "right_foot_pose": [0.9898102105075306, 0.13768268060248604, 0.036321159633905344, 0.011067135475206172, -0.14239293212722273, 0.9570813428610392, 0.2524273282105611, -0.22911805663634385, -7.4330313348514614e-06, -0.25502702329248184, 0.9669339260442393, 0.0230249356