{"LoopMode": "Wrap", "FrameDuration": 0.0167, "EnableCycleOffsetPosition": true, "EnableCycleOffsetRotation": false, "Debug_info": [{"left_foot_pose": [1.0000000000000004, 1.1233012121554754e-13, -8.7905793755283e-12, 1.5868864068643368e-12, -2.740988906532894e-14, 0.9999537032736958, 0.009622437800390031, 3.145574078988744e-14, 8.790871806118925e-12, -0.009622437800390203, 0.999953703273696, 1.8430694470605857e-11, 0.0, 0.0, 0.0, 1.0], "right_foot_pose": [0.9999999999999999, -1.9727721101941458e-13, -8.854306177141778e-12, 1.6333808046578135e-12, 6.60698923266457e-14, 0.9998901276883585, -0.014823378540600533, -0.14000000000225282, 8.856287793965176e-12, 0.014823378540600386, 0.9998901276883585, 1.5383479212704998e-11, 0.0, 0.0, 0.0, 1.0]}, {"left_foot_pose": [1.0000000000000004, 1.7184006933941028e-13, -1.962369156061073e-11, 3.267821154541327e-12, -4.2066478224493665e-14, 0.9999782452597632, 0.006596135778285283, 9.966992509102823e-13, 1.9624069741184246e-11, -0.0065961357782854555, 0.9999782452597635, 4.011996290742559e-11, 0.0, 0.0, 0.0, 1.0], "right_foot_pose": [1.0, -5.277439329862256e-13, -1.9740986623162368e-11, 3.568426049192621e-12, 1.7533020484206503e-13, 0.9998406605438058, -0.017850868979580468, -0.1400000000040849, 1.9747273179963908e-11, 0.017850868979580315, 0.9998406605438059, 3.540612941721477e-11, 0.0, 0.0, 0.0, 1.0]}, {"left_foot_pose": [1.0000000000000004, 9.326105969463983e-14, -3.447298002612343e-11, 5.476769935857619e-12, -1.0830997991059547e-14, 0.9999971640813053, 0.00238156027587866, 2.7257970186544966e-12, 3.447278969610226e-11, -0.0023815602758788337, 0.9999971640813057, 6.974516797431107e-11, 0.0, 0.0, 0.0, 1.0], "right_foot_pose": [0.9999999999999998, -1.1442184596642115e-12, -3.46855322241879e-11, 6.1870216781575986e-12, 3.7855298565470904e-13, 0.9997564620832375, -0.022068450847489186, -0.14000000000617277, 3.4702075433822216e-11, 0.022068450847489034, 0.9997564620832373, 6.315970663139936e-11, 0.0, 0.0, 0.0, 1.0]}, {"left_foot_pose": [1.0000000000000004, -2.7563346069550765e-13, -5.312511541788468e-11, 8.159372145763945e-12, 1.1666731724786224e-13, 0.999995504434042, -0.002998518251842869, 5.369203345817475e-12, 5.312558946831056e-11, 0.002998518251842695, 0.9999955044340422, 1.070539212832955e-10, 0.0, 0.0, 0.0, 1.0], "right_foot_pose": [0.9999999999999998, -2.1934187399269296e-12, -5.350214715704736e-11, 9.437998488822549e-12, 7.237768323741101e-13, 0.9996230499666894, -0.02745465307181084, -0.14000000000829693, 5.354211496349842e-11, 0.0274546530718107, 0.9996230499666894, 9.826001123869332e-11, 0.0, 0.0, 0.0, 1.0]}, {"left_foot_pose": [1.0000000000000007, -1.125547747959588e-12, -7.577732885621912e-11, 1.131768059449463e-11, 4.035210199787901e-13, 0.9999545694316, -0.009532002563180209, 9.171895881676662e-12, 7.578430748281026e-11, 0.009532002563180032, 0.9999545694316, 1.5265482627979665e-10, 0.0, 0.0, 0.0, 1.0], "right_foot_pose": [0.9999999999999999, -3.877608310627459e-12, -7.642791954864944e-11, 1.3341341076082893e-11, 1.2769539113959465e-12, 0.9994218662021104, -0.03399901994309422, -0.14000000001024268, 7.651552650730153e-11, 0.03399901994309407, 0.9994218662021104, 1.4111221913193361e-10, 0.0, 0.0, 0.0, 1.0]}, {"left_foot_pose": [1.0000000000000004, -2.709418955595184e-12, -1.0308648379364624e-10, 1.5013282829731876e-11, 9.331303078120351e-13, 0.9998515448416286, -0.017230446245225527, 1.4510616666574272e-11, 1.0311735362702049e-10, 0.017230446245225354, 0.9998515448416289, 2.0813924195284272e-10, 0.0, 0.0, 0.0, 1.0], "right_foot_pose": [0.9999999999999998, -6.4813871502310816e-12, -1.0417217088942718e-10, 1.7994677772000556e-11, 2.1302549448806323e-12, 0.999129544992301, -0.04171513302720836, -0.14000000001176793, 1.0435178223818235e-10, 0.041715133027208216, 0.9991295449923009, 1.9302064807602548e-10, 0.0, 0.0, 0.0, 1.0]}, {"left_foot_pose": [1.0000000000000007, -5.382001904004214e-12, -1.361772361541113e-10, 1.9365167393320758e-11, 1.8217621284023143e-12, 0.9996584709449177, -0.02613314883572511, 2.1938742489346907e-11, 1.3627103356654795e-10, 0.02613314883572492, 0.9996584709449177, 2.7616580550171577e-10, 0.0, 0.0, 0.0, 1.0], "right_foot_pose": [1.0, -1.0414141868925708e-11, -1.379343306240343e-10, 2.3573983182811608e-11, 3.415185440366387e-12, 0.9987167289912743, -0.05064479472729176, -0.1400000000125508, 1.382846179113272e-10, 0.050644794727291616, 0.9987167289912744, 2.5623740629310277e-10, 0.0, 0.0, 0.0, 1.0]}, {"left_foot_pose": [1.0000000000000002, -9.654830254786003e-12, -1.7663387419375438e-10, 2.454558693245399e-11, 3.235653814445931e-12, 0.999340663219673, -0.03630755893288655, 3.2239488856333764e-11, 1.7686782790352677e-10, 0.03630755893288639, 0.9993406632196732, 3.60541069222009e-10, 0.0, 0.0, 0.0, 1.0], "right_foot_pose": [0.9999999999999997, -1.626843713109277e-11, -1.794075443761755e-10, 3.033143911150717e-11, 5.319872185719129e-12, 0.9981464000416695, -0.06085855801656423, -0.14000000001211568, 1.8006491145641008e-10, 0.060858558016564104, 0.9981464000416697, 3.3398570714604503e-10, 0.0, 0.0, 0.0, 1.0]}, {"left_foot_pose": [1.0000000000000004, -1.6267239024705392e-11, -2.264841092447509e-10, 3.0777120914784255e-11, 5.412288060145877e-12, 0.9988546575382227, -0.04784739401682124, 4.6485528967799006e-11, 2.2700261739954785e-10, 0.04784739401682106, 0.9988546575382227, 4.663459618470256e-10, 0.0, 0.0, 0.0, 1.0], "right_foot_pose": [1.0, -2.489699528231677e-11, -2.3077412203420507e-10, 3.859367082815456e-11, 8.111125429130758e-12, 0.997371755021574, -0.07245400116753789, -0.14000000000974056, 2.319713411009629e-10, 0.07245400116753772, 0.9973717550215739, 4.30501356785129e-10, 0.0, 0.0, 0.0, 1.0]}, {"left_foot_pose": [1.0000000000000007, -2.6265250303358613e-11, -2.8808083696318885e-10, 3.8319278433644014e-11, 8.68206383704012e-12, 0.9981458399358817, -0.060867743663569424, 6.607160478455665e-11, 2.8914509432286576e-10, 0.06086774366356925, 0.998145839935882, 5.999367530540312e-10, 0.0, 0.0, 0.0, 1.0], "right_foot_pose": [1.0, -3.749686596397152e-11, -2.9460650585733085e-10, 4.874649054900266e-11, 1.215558511782807e-11, 0.9963337934028641, -0.08555099136455949, -0.14000000000434615, 2.967342240227663e-10, 0.08555099136455933, 0.9963337934028643, 5.509246253643241e-10, 0.0, 0.0, 0.0, 1.0]}, {"left_foot_pose": [1.0000000000000007, -4.104078064791448e-11, -3.6361164079678975e-10, 4.741105957515197e-11, 1.3473460568183298e-11, 0.9971462472309511, -0.07549411654713065, 9.261072464461506e-11, 3.656720808898328e-10, 0.07549411654713047, 0.9971462472309515, 7.682762620531136e-10, 0.0, 0.0, 0.0, 1.0], "right_foot_pose": [0.9999999999999996, -5.564308447808652e-11, -3.73380770746223e-10, 6.1160790168672e-11, 1.7919727793938775e-11, 0.994959171633469, -0.10028083955791894, -0.13999999999440343, 3.770783263985024e-10, 0.1002808395579188, 0.994959171633469, 7.005360319611853e-10, 0.0, 0.0, 0.0, 1.0]}, {"left_foot_pose": [1.0000000000000002, -6.21835593975272e-11, -4.537298869955453e-10, 5.810253749575525e-11, 2.025149709363737e-11, 0.9957739632247831, -0.0918379777848426, 1.2743452820762613e-10, 4.5752293791534465e-10, 0.09183797778484243, 0.9957739632247834, 9.764693706393324e-10, 0.0, 0.0, 0.0, 1.0], "right_foot_pose": [0.9999999999999998, -8.10996476070999e-11, -4.68076855053567e-10, 7.597308121582177e-11, 2.5891522982890775e-11, 0.9931599542893906, -0.11676174543015223, -0.13999999997800605, 4.743444102482718e-10, 0.1167617454301521, 0.9931599542893904, 8.823484026754258e-10, 0.0, 0.0, 0.0, 1.0]}, {"left_foot_pose": [1.0000000000000002, -9.070511009342052e-11, -5.539891323458318e-10, 6.977725792648961e-11, 2.9249661779318334e-11, 0.9939381473732928, -0.10994070763892481, 1.700307880603269e-10, 5.606028302311482e-10, 0.10994070763892463, 0.9939381473732928, 1.2202464177990535e-09, 0.0, 0.0, 0.0, 1.0], "right_foot_pose": [1.0, -1.1488978943435929e-10, -5.744450470857026e-10, 9.24767648063106e-11, 3.6263197402976826e-11, 0.9908398634090475, -0.13504208632696782, -0.1399999999535393, 5.846979322565414e-10, 0.13504208632696768, 0.9908398634090475, 1.0902874644780347e-09, 0.0, 0.0, 0.0, 1.0]}, {"left_foot_pose": [1.0000000000000004, -1.2442557185653812e-10, -6.459454637841566e-10, 7.98577197187045e-11, 3.9631431939028545e-11, 0.9915603157326291, -0.12964621191616038, 2.1387251691873388e-10, 6.566249952831919e-10, 0.1296462119161602, 0.9915603157326291, 1.4648895568791787e-09, 0.0, 0.0, 0.0, 1.0], "right_foot_pose": [1.0, -1.5420710596802143e-10, -6.735514923583698e-10, 1.0751176125991336e-10, 4.796334969417914e-11, 0.9879190396394297, -0.15497087183695882, -0.1399999999221193, 6.893118953708452e-10, 0.15497087183695865, 0.9879190396394296, 1.2910138028066065e-09, 0.0, 0.0, 0.0, 1.0]}, {"left_foot_pose": [1.0000000000000002, -1.5109057586586782e-10, -6.783728023762564e-10, 8.086288186125047e-11, 4.740717369296984e-11, 0.9886387064307921, -0.15031137065056338, 2.374657796788693e-10, 6.933763039311102e-10, 0.1503113706505632, 0.9886387064307923, 1.5951602885810878e-09, 0.0, 0.0, 0.0, 1.0], "right_foot_pose": [0.9999999999999999, -1.8432633540401094e-10, -7.115377176347682e-10, 1.1188146973156695e-10, 5.6291093665471945e-11, 0.9844076061685276, -0.17590243010700343, -0.1399999998941143, 7.328663777537988e-10, 0.17590243010700327, 0.9844076061685278, 1.3827715847347655e-09, 0.0, 0.0, 0.0, 1.0]}, {"left_foot_pose": [0.9999999995445187, 2.9718676057849025e-05, -5.269146802212038e-06, 1.0228859720204059e-05, -3.0181878051232743e-05, 0.9854065063024369, -0.17021755616234374, -1.8949423076973504e-05, 1.336111305838084e-07, 0.17021755624384521, 0.9854065067505676, 0.00016386125239784693, 0.0, 0.0, 0.0, 1.0], "right_foot_pose": [1.0000000000000002, -1.6921130555484344e-10, -5.882950793179011e-10, 7.444421443401241e-11, 5.059670114180398e-11, 0.9805952827247454, -0.1960430858203794, -0.13999999996460494, 6.10051988982462e-10, 0.19604308582037924, 0.9805952827247455, 1.1168815317041947e-09, 0.0, 0.0, 0.0, 1.0]}, {"left_foot_pose": [0.9999996368538647, 0.0008367921516841047, -0.00016146527284900905, 0.00028887630287012175, -0.000852227424824403, 0.9820529535824931, -0.18860347310778489, -0.0005351460987821494, 7.455420254458911e-07, 0.18860354222229583, 0.982053310090979, 0.004191209212644778, 0.0, 0.0, 0.0, 1.0], "right_foot_pose": [1.0, -1.2532001460658202e-10, -4.0076253426946023e-10, 2.420573660463033e-11, 3.696223278795464e-11, 0.9769912214378402, -0.21327951901998737, -0.14000000016917669, 4.1826951740236453e-10, 0.21327951901998712, 0.9769912214378402, 6.687854992026843e-10, 0.0, 0.0, 0.0, 1.0]}, {"left_foot_pose": [0.9999965068960128, 0.002587152888597721, -0.000541142961222146, 0.0008959521896191214, -0.0026431409357485823, 0.9789169130025059, -0.20424174706371623, -0.0016597543230291237, 1.329371204270771e-06, 0.2042424639431678, 0.9789203317536406, 0.011469802512825644, 0.0, 0.0, 0.0, 1.0], "right_foot_pose": [1.0, -7.242473337797767e-11, -2.1556906260045098e-10, 5.048844935328444e-12, 2.1680922650948254e-11, 0.9739758653056255, -0.22665174564110072, -0.14000000019869094, 2.2637409716582887e-10, 0.22665174564110055, 0.9739758653056256, 3.3700653379042933e-10, 0.0, 0.0, 0.0, 1.0]}, {"left_foot_pose": [0.9999865062341018, 0.005074108545713708, -0.0011138995382489044, 0.0017609594655662428, -0.005194934690885873, 0.9768029140710381, -0.21407727510384358, -0.0032621791328366657, 1.808983896430496e-06, 0.21408017303056245, 0.9768160929836963, 0.01912092667593332, 0.0, 0.0, 0.0, 1.0], "right_foot_pose": [1.0, -2.707168921322417e-11, -7.253636580273322e-11, -6.8538122673704644e-12, 9.212180429882056e-12, 0.9718257623321901, -0.23570041931964755, -0.1400000001149472, 7.687322118465016e-11, 0.2357004193196474, 0.9718257623321902, 1.1291030610482977e-10, 0.0, 0.0, 0.0, 1.0]}, {"left_foot_pose": [0.999965557754907, 0.008107567949614614, -0.0017750058762947963, 0.0028134033500948723, -0.00829959634915505, 0.9768830190940503, -0.21361339776834126, -0.005211830482592113, 2.0879619891640413e-06, 0.21362077227563053, 0.9769166625910343, 0.024265877762933492, 0.0, 0.0, 0.0, 1.0], "right_foot_pose": [0.9999999999999998, -7.639140801803516e-13, 7.179812300250891e-12, -8.426458276945807e-12, 2.4658183454432667e-12, 0.9707386814185958, -0.2401383193030343, -0.14000000001856028, -6.78659091971201e-12, 0.2401383193030342, 0.9707386814185959, 1.4977463713705674e-12, 0.0, 0.0, 0.0, 1.0]}, {"left_foot_pose": [0.9999309769324574, 0.011511904324975267, -0.00234892096816041, 0.003982789603278962, -0.011749100668519691, 0.9797794955340474, -0.19973507144347372, -0.007378118519883001, 2.093568433833837e-06, 0.1997488828250639, 0.9798471226705505, 0.025000001064102023, 0.0, 0.0, 0.0, 1.0], "right_foot_pose": [1.0, -8.105197600950359e-13, 1.026589924180144e-11, 2.7128666950800367e-11, 3.2486865238630467e-12, 0.9708224381206482, -0.23979948632447115, -0.14000000000579144, -9.772150580323475e-12, 0.23979948632447098, 0.9708224381206485, 2.034330343070323e-11, 0.0, 0.0, 0.0, 1.0]}, {"left_foot_pose": [0.9998824051745732, 0.01508763794789786, -0.0027457245791049378, 0.005198620171337315, -0.015335443219304546, 0.9837473868263942, -0.17890193708707874, -0.009630444620804826, 1.8917246916830915e-06, 0.17892300604839695, 0.9838630788392394, 0.025000001683109216, 0.0, 0.0, 0.0, 1.0], "right_foot_pose": [1.0, -2.4284075520167816e-11, -5.491007648572563e-11, 9.253242919792906e-11, 1.0696006687468973e-11, 0.9719786350649444, -0.23506920890939276, -0.1399999999942803, 5.907972591996888e-11, 0.2350692089093926, 0.9719786350649444, 1.4945126386445295e-10, 0.0, 0.0, 0.0, 1.0]}, {"left_foot_pose": [0.9998223108811494, 0.018628848121079674, -0.002883172204556483, 0.006390399511203776, -0.01885064088878887, 0.9880710683117825, -0.15284049628058555, -0.011838216197079702, 1.5366483212273624e-06, 0.1528676878313251, 0.9882466645603942, 0.02491027095884836, 0.0, 0.0, 0.0, 1.0], "right_foot_pose": [1.0, -6.992059705593411e-11, -1.919002179384673e-10, 1.5930487765260523e-10, 2.474885487806511e-11, 0.9741347207852854, -0.22596801933144087, -0.14000000000066207, 2.027363873696153e-10, 0.22596801933144073, 0.9741347207852853, 4.044888660126311e-10, 0.0, 0.0, 0.0, 1.0]}, {"left_foot_pose": [0.9997560578298518, 0.021929408337855515, -0.0026317071392498903, 0.00748763274920127, -0.022086756923229353, 0.9926394119772747, -0.11907633248477673, -0.013870844253824, 1.0627087681757672e-06, 0.11910541062169458, 0.9928816148763707, 0.02116383394630819, 0.0, 0.0, 0.0, 1.0], "right_foot_pose": [0.9999999999999999, -1.3813474129629926e-10, -4.196835101666344e-10, 1.9830005776808107e-10, 4.599711536242182e-11, 0.9772576201148571, -0.2120555208605658, -0.1400000001901983, 4.3943085551556775e-10, 0.2120555208605657, 0.9772576201148571, 8.041710838901928e-10, 0.0, 0.0, 0.0, 1.0]}, {"left_foot_pose": [0.9996915408399957, 0.024752963537283575, -0.0020282921579549353, 0.008419820235969929, -0.02483592504039197, 0.9963541165856327, -0.08161893891893067, -0.015597724279733337, 5.866222044068584e-07, 0.08164413732158605, 0.9966615447787034, 0.013996812663216701, 0.0, 0.0, 0.0, 1.0], "right_foot_pose": [0.9999999999999999, -2.079417000048789e-10, -7.013958303048173e-10, 2.3861739477654277e-10, 6.842036663274663e-11, 0.9811344573930271, -0.19332660581536784, -0.1400000003317479, 7.283641549733029e-10, 0.19332660581536773, 0.9811344573930267, 1.3182787916843353e-09, 0.0, 0.0, 0.0, 1.0]}, {"left_foot_pose": [0.9996383896065618, 0.026862614653215287, -0.0012206386825292083, 0.009116466101911429, -0.02689033329566661, 0.9986083303181621, -0.045368630069921936, -0.01688826065929365, 2.1992976940550855e-07, 0.045385047682759194, 0.9989695678281629, 0.0062879107970505305, 0.0, 0.0, 0.0, 1.0], "right_foot_pose": [1.0, -2.597077628907114e-10, -9.99420990410725e-10, 2.601170928211971e-10, 8.583802015429583e-11, 0.9854129874795016, -0.17018003439511964, -0.1400000003233795, 1.0290392950858116e-09, 0.17018003439511947, 0.9854129874795012, 1.8712356386618723e-09, 0.0, 0.0, 0.0, 1.0]}, {"left_foot_pose": [0.9996067402753894, 0.028040067887588675, -0.0003455269460631396, 0.009507075716058007, -0.028042196704438773, 0.999530865961485, -0.012315973135498304, -0.01761186118663767, 2.4124790344179224e-08, 0.012320819093882744, 0.9999240958277065, 0.0009158364449512318, 0.0, 0.0, 0.0, 1.0], "right_foot_pose": [1.0, -2.6871474908428853e-10, -1.2293363549353827e-09, 2.637455764433949e-10, 8.95956438026107e-11, 0.9896585092656575, -0.14344349074836643, -0.14000000009548477, 1.2551681963808478e-09, 0.14344349074836624, 0.9896585092656576, 2.3255843153990874e-09, 0.0, 0.0, 0.0, 1.0]}, {"left_foot_pose": [0.9996018558495313, 0.028211445942602054, 0.000494064774374706, 0.009565938259161064, -0.02821577186918012, 0.9994486001975629, 0.01750330771481591, -0.017720899967690145, 1.2722572910822534e-09, -0.017510279294197913, 0.9998466833065159, 2.4222064146095512e-09, 0.0, 0.0, 0.0, 1.0], "right_foot_pose": [1.0, -2.200645805721545e-10, -1.2716108166443961e-09, 2.5315279162831746e-10, 7.252869929920728e-11, 0.9933797025349463, -0.11487718046497129, -0.13999999990129364, 1.2884726560361688e-09, 0.11487718046497113, 0.9933797025349463, 2.4383857155640953e-09, 0.0, 0.0, 0.0, 1.0]}, {"left_foot_pose": [0.9996018558491467, 0.02818608829049687, 0.001293912602414974, 0.009565938210828186, -0.0282157718828026, 0.9985502516190427, 0.04583955942856428, -0.017720900048690487, 1.114536337975695e-09, -0.04585781741892629, 0.9989479769145008, 2.101293319900499e-09, 0.0, 0.0, 0.0, 1.0], "right_foot_pose": [1.0, -1.4579990501600995e-10, -1.1072115446708602e-09, 1.935493755255033e-10, 4.9075778997694686e-11, 0.9962204682818855, -0.08686068487078065, -0.13999999996933904, 1.1156909174906182e-09, 0.08686068487078048, 0.9962204682818856, 2.1289248766653834e-09, 0.0, 0.0, 0.0, 1.0]}, {"left_foot_pose": [0.999601855849101, 0.02814476916238687, 0.0020004379095667924, 0.009565938191641693, -0.02821577188442763, 0.9970864361656916, 0.07086966227778241, -0.017720900073195565, 7.794036659613997e-10, -0.07089788983599572, 0.9974835784196169, 1.4704119935537996e-09, 0.0, 0.0, 0.0, 1.0], "right_foot_pose": [0.9999999991841921, 4.030725969195736e-05, -2.6344601835594983e-06, 1.0366847509804291e-06, -4.039303494920663e-05, 0.9980836713036254, -0.061878780252033305, -0.1400156021592667, 1.352476267789729e-07, 0.0618787803079658, 0.9980836721175136, 3.7401004960829765e-05, 0.0, 0.0, 0.0, 1.0]}, {"left_foot_pose": [0.9996018558491523, 0.02809819770362574, 0.0025731437463286265, 0.009565938512678564, -0.028215771882606575, 0.9954365470392003, 0.09115893283569937, -0.017720899922203576, 3.9138784351558375e-10, -0.09119524167676103, 0.9958330321371741, 9.460320304910397e-10, 0.0, 0.0, 0.0, 1.0], "right_foot_pose": [0.9999913684876002, 0.00415264745537812, -0.00013590220045797238, 0.00010661901692162113, -0.004154870614014049, 0.9994617128392321, -0.03254261235133646, -0.14160501059956815, 6.910496761448475e-07, 0.032542896115433345, 0.9994703396859472, 0.0034929923283862907, 0.0, 0.0, 0.0, 1.0]}, {"left_foot_pose": [0.9996018558493328, 0.02805625635905438, 0.0029960410019963697, 0.00956593856513043, -0.028215771876214997, 0.9939506900035048, 0.1061409254669819, -0.017720900014786795, -6.124329542184439e-12, -0.10618320168780508, 0.9943465832793553, 5.214337572834182e-10, 0.0, 0.0, 0.0, 1.0], "right_foot_pose": [0.9998998122831774, 0.01415464526016743, 0.00010683456871493211, 0.00036324297308165145, -0.014155048427527772, 0.9998714838740804, 0.007526641977588428, -0.1454682282078055, -2.838915571162805e-07, -0.0075274001490074, 0.9999716687221276, 0.010538501219041714, 0.0, 0.0, 0.0, 1.0]}, {"left_foot_pose": [0.9996018558493783, 0.02802786629649126, 0.0032509219224720236, 0.009565938362751976, -0.028215771874609098, 0.9929449148615123, 0.11517059636984124, -0.01772090021695249, -3.151893601096826e-10, -0.1152164691419197, 0.9933404075333238, 2.2403551930283427e-10, 0.0, 0.0, 0.0, 1.0], "right_foot_pose": [0.999585019020587, 0.028757977173084003, 0.0016638805621648491, 0.0007392858726861528, -0.02880607126384416, 0.9979217761281713, 0.05763973445061798, -0.15112921585674777, -2.820478267245748e-06, -0.057663744919210946, 0.9983360619119881, 0.018295212946239564, 0.0, 0.0, 0.0, 1.0]}, {"left_foot_pose": [0.9996018558490333, 0.028019278437857235, 0.003324126801314127, 0.009565937967712906, -0.02821577188682544, 0.9926406725052574, 0.11776402466433444, -0.017720900371422696, -4.665168921151584e-10, -0.11781093041026888, 0.9930360439963232, 1.0794943411385205e-10, 0.0, 0.0, 0.0, 1.0], "right_foot_pose": [0.9989010414992245, 0.04656654522891367, 0.005316592631299133, 0.0012031298267260247, -0.0468690649558467, 0.9924692160786296, 0.11317307933618675, -0.15811193335327314, -6.475203391067168e-06, -0.11329789054397169, 0.9935610640299657, 0.023884423262614217, 0.0, 0.0, 0.0, 1.0]}, {"left_foot_pose": [0.9996018558481762, 0.028033172635896123, 0.0032048427183298434, 0.009565937532944028, -0.028215771917195036, 0.9931329017534888, 0.11353814191633006, -0.017720900372929706, -4.1541944578757976e-10, -0.11358336448028808, 0.993528469301881, 2.67982622204066e-10, 0.0, 0.0, 0.0, 1.0], "right_foot_pose": [0.9977461689340463, 0.06618201350299485, 0.011069031851207514, 0.0017231549979006317, -0.06710128369556533, 0.9841023337711482, 0.16443848209159223, -0.16594032807250045, -1.0190235162800426e-05, -0.16481061177869918, 0.9863252314228256, 0.02500000783457109, 0.0, 0.0, 0.0, 1.0]}, {"left_foot_pose": [0.9996018558468946, 0.028067501047741653, 0.002888801201286445, 0.00956593718058134, -0.028215771962601287, 0.9943490537205036, 0.10234172940543243, -0.017720900382028934, -1.435715118374499e-10, -0.10238249240019186, 0.9947451056677412, 7.220517031503171e-10, 0.0, 0.0, 0.0, 1.0], "right_foot_pose": [0.9960975463011233, 0.08631883972144601, 0.018404786389010854, 0.0022677315401169124, -0.08825915295899725, 0.9742300177611312, 0.20757214266877516, -0.1741383487575476, -1.3108856992958842e-05, -0.20838649284991909, 0.9780465579029807, 0.025000006434499643, 0.0, 0.0, 0.0, 1.0]}, {"left_foot_pose": [0.9996018558454628, 0.028116491768616258, 0.0023648849724404886, 0.009565936884926688, -0.02821577201331774, 0.9960846475310774, 0.08378093555566458, -0.017720900338233238, 3.70692582930819e-10, -0.08381430572113165, 0.996481390772796, 1.5102336117789328e-09, 0.0, 0.0, 0.0, 1.0], "right_foot_pose": [0.9940304086337052, 0.10586565345100446, 0.02638200392124865, 0.0028052399481986023, -0.1091033752862202, 0.9645641381406176, 0.2402342126221849, -0.1822299596316469, -1.4582974186607965e-05, -0.2416784782152496, 0.970356384507722, 0.02499255440100632, 0.0, 0.0, 0.0, 1.0]}, {"left_foot_pose": [0.9996018558444876, 0.028169368543678852, 0.0016175500325548294, 0.009565936675775452, -0.028215772047870732, 0.9979579137977874, 0.057305082637681824, -0.01772089978956555, 1.1362944852253797e-09, -0.05732790737694321, 0.9983554031685219, 2.7585340955926796e-09, 0.0, 0.0, 0.0, 1.0], "right_foot_pose": [0.9917219027394593, 0.12411663633045154, 0.03290483570602794, 0.0033040619083379392, -0.12840431236897562, 0.9586339643678891, 0.25403396411770374, -0.18973911593630655, -1.3851959763760256e-05, -0.2561561690577035, 0.9666354105151562, 0.021837796323843493, 0.0, 0.0, 0.0, 1.0]}, {"left_foot_pose": [0.9996018558449823, 0.028208547536361993, 0.0006384646872617103, 0.009565936773432485, -0.02821577203033882, 0.9993459115690975, 0.02261900172117066, -0.017720899224052032, 2.1103800333354154e-09, -0.022628010871908414, 0.9997439537821577, 4.513652909765575e-09, 0.0, 0.0, 0.0, 1.0], "right_foot_pose": [0.9894395931713333, 0.14039083646885314, 0.036051414681290354, 0.003732565407562497, -0.14494582210117465, 0.9583648430650111, 0.2460234465094555, -0.1961897695825897, -1.0970926894078151e-05, -0.248650840763815, 0.968593185639403, 0.01492378131554959, 0.0, 0.0, 0.0, 1.0]}, {"left_foot_pose": [0.9996018558484945, 0.028209997504677176, -0.0005708108553418174, 0.009565937351787332, -0.02821577190591174, 0.9993972881089446, -0.020222035907438807, -0.017720898758080538, 3.2383632243235985e-09, 0.020230090491006283, 0.9997953507787115, 6.697260968024921e-09, 0.0, 0.0, 0.0, 1.0], "right_foot_pose": [0.9875149666742198, 0.15352730411523502, 0.03526411044563446, 0.004059131011294248, -0.15752520607112863, 0.9624620929426233, 0.22102608239923488, -0.20110588647758504, -6.83097535879508e-06, -0.22382155065947762, 0.9746301418557322, 0.0071292144350729655, 0.0, 0.0, 0.0, 1.0]}, {"left_foot_pose": [0.9996018558546341, 0.02814578087272378, -0.0019861498022042817, 0.009565938110925909, -0.02821577168840405, 0.997122297750124, -0.07036329694906174, -0.01772089855590141, 4.31703893024816e-09, 0.07039132296369059, 0.9975194542721574, 9.01652761481353e-09, 0.0, 0.0, 0.0, 1.0], "right_foot_pose": [0.9863022786717704, 0.162095821015629, 0.030541118122006647, 0.004252138322812218, -0.16494791626691077, 0.9692510076222557, 0.18260522758794726, -0.20401142682465764, -2.465226051280875e-06, -0.18514164586205634, 0.9827118453348429, 0.00133280679753673, 0.0, 0.0, 0.0, 1.0]}, {"left_foot_pose": [0.9996018558748564, 0.027993617767450647, -0.003533708510118122, 0.00956594243433011, -0.02821577097200387, 0.9917316376330363, -0.12518877420181215, -0.017720898671871033, 3.8338761911257814e-09, 0.12523863733683274, 0.9921266470153972, 1.0320531609875339e-08, 0.0, 0.0, 0.0, 1.0], "right_foot_pose": [0.9860513650588011, 0.1649343754843001, 0.022346302810054477, 0.004291004418016314, -0.1664412973563794, 0.9771238759909551, 0.13238665152778067, -0.20459646894194242, 3.6763640768702297e-09, -0.13425938608535612, 0.9909462231866991, 1.0930664665065315e-08, 0.0, 0.0, 0.0, 1.0]}, {"left_foot_pose": [0.9996018558855769, 0.027760268951743577, -0.005049473025800756, 0.009565945852244306, -0.02821577059219555, 0.9834647789905508, -0.17888795033471763, -0.017720899104670187, 1.2598199823719208e-09, 0.17895920192265785, 0.983856495657373, 1.0774757183695804e-08, 0.0, 0.0, 0.0, 1.0], "right_foot_pose": [0.9860513650180119, 0.16591286261220323, 0.013252455091020087, 0.00429100762502737, -0.166441297598028, 0.982920746991216, 0.0785117799321516, -0.20459646807305265, 1.0997895651050772e-09, -0.07962240359380095, 0.9968250964165909, 1.032245856846803e-08, 0.0, 0.0, 0.0, 1.0]}, {"left_foot_pose": [0.9996018558618008, 0.027466928371918387, -0.006457368152475745, 0.009565938903976553, -0.028215771434512767, 0.9730725793985475, -0.22876543765397214, -0.017720898713212904, 3.994243002690691e-09, 0.22885655565980603, 0.9734601568279677, 1.0270031221282228e-08, 0.0, 0.0, 0.0, 1.0], "right_foot_pose": [0.9860513650958387, 0.1663826788732442, 0.0044169631643651945, 0.00429100049278873, -0.16644129713695582, 0.9857040911619065, 0.0261675232692654, -0.20459646809185017, 3.959392101373447e-09, -0.026537687119319524, 0.9996478135635357, 7.986613433097478e-09, 0.0, 0.0, 0.0, 1.0]}, {"left_foot_pose": [0.9994775543218445, 0.03112362024917627, -0.00871427962658998, 0.00987358794482874, -0.032320556393827686, 0.962517143979934, -0.2692881898247771, -0.01900809766469592, 6.420180333338426e-06, 0.2694291517399273, 0.9630202137813542, 0.0028444566334089247, 0.0, 0.0, 0.0, 1.0], "right_foot_pose": [0.9860513651216402, 0.16640406400251453, -0.0035203444712560337, 0.0042909993940732, -0.1664412969840995, 0.9858307854239012, -0.020855626788594026, -0.20459646815797597, 2.9001191919603647e-09, 0.021150649964987105, 0.9997762999821803, 5.696473431848759e-09, 0.0, 0.0, 0.0, 1.0]}, {"left_foot_pose": [0.9990390238698299, 0.041846152898734446, -0.013035653907420484, 0.010736474447144033, -0.04382954046592845, 0.9539180174862861, -0.2968490985291684, -0.022618388101890808, 1.2952367100720586e-05, 0.2971351803516543, 0.9548354226931608, 0.009617037109531407, 0.0, 0.0, 0.0, 1.0], "right_foot_pose": [0.9860513651319942, 0.16613242684514826, -0.010135189779762622, 0.004290998833133745, -0.1664412969227599, 0.9842215209036795, -0.06004408770826233, -0.20459646796498693, 1.8910087983769956e-09, 0.06089346878433912, 0.9981442708643932, 3.713343597888663e-09, 0.0, 0.0, 0.0, 1.0]}, {"left_foot_pose": [0.9981243284358479, 0.05818846723416887, -0.019024386072271925, 0.012041181871465415, -0.06121947933863581, 0.9487992953048405, -0.3098904202755312, -0.028077250072513566, 1.827553259325295e-05, 0.3104738306362985, 0.9505819271141382, 0.01743949254874965, 0.0, 0.0, 0.0, 1.0], "right_foot_pose": [0.9860513651330092, 0.1657256206058239, -0.015418300624367266, 0.0042909985970799765, -0.1664412969167472, 0.981811470828226, -0.09134292764514829, -0.20459646759722222, 1.0417366331217513e-09, 0.09263506045191604, 0.9957001283393861, 2.1948941622551565e-09, 0.0, 0.0, 0.0, 1.0]}, {"left_foot_pose": [0.9965529801513535, 0.0789933493273482, -0.025341833270394982, 0.013674250041615125, -0.08295876867681112, 0.9489960095362274, -0.3041782644830907, -0.034909978620274895, 2.1238743837744924e-05, 0.30523208325201523, 0.9522779924489231, 0.023433116409368543, 0.0, 0.0, 0.0, 1.0], "right_foot_pose": [0.9860513651292881, 0.16530504530492815, -0.019415131300161353, 0.004290998619621161, -0.16644129693879103, 0.97931984806224, -0.1150214321971559, -0.20459646717792845, 3.7459381243427266e-10, 0.11664851987096707, 0.9931732592110566, 1.1410008285417383e-09, 0.0, 0.0, 0.0, 1.0]}, {"left_foot_pose": [0.9942039773036896, 0.1032899889771242, -0.02982666073550769, 0.015522223484967455, -0.10751023706092123, 0.955231244512017, -0.27563529968987727, -0.04264187194221493, 2.0991187342883858e-05, 0.2772443826033802, 0.9607994337395508, 0.02500000476328955, 0.0, 0.0, 0.0, 1.0], "right_foot_pose": [0.986051365124434, 0.16495719523279614, -0.022177219779971925, 0.00429099882557836, -0.1664412969675494, 0.9772590727014312, -0.13138492868856452, -0.20459646693224243, -9.505556161734741e-11, 0.13324349351344825, 0.9910833322361604, 5.104741698791493e-10, 0.0, 0.0, 0.0, 1.0]}, {"left_foot_pose": [0.9910706194927785, 0.12959189571097535, -0.03138419577171927, 0.01747164606909671, -0.1333380172619107, 0.9632586562507465, -0.2331388734438545, -0.05079821187906245, 1.8189673066290244e-05, 0.23524179416940968, 0.9719368796095217, 0.02500000683075173, 0.0, 0.0, 0.0, 1.0], "right_foot_pose": [0.9860513651208596, 0.1647327518535146, -0.023787093350338497, 0.004290999095727005, -0.16644129698872615, 0.9759293981339144, -0.14092233504553786, -0.20459646697072487, -3.529234132633108e-10, 0.14291581551649385, 0.9897348481665457, 1.354345871562579e-10, 0.0, 0.0, 0.0, 1.0]}, {"left_foot_pose": [0.9872919157410125, 0.15615932378507125, -0.029477766323651858, 0.01940905599764125, -0.1589171888809821, 0.9701744586397818, -0.18304875547562025, -0.05890428856665761, 1.3806110186996474e-05, 0.18540708022617822, 0.9826618006269483, 0.025000008099954854, 0.0, 0.0, 0.0, 1.0], "right_foot_pose": [0.9860513651194656, 0.1646541574903206, -0.02432516736203092, 0.004290999387582494, -0.16644129699698354, 0.9754637799280038, -0.14411005760367115, -0.20459646702500273, -4.1826633392493223e-10, 0.1461486314329497, 0.9892626433512365, 1.1163424351590123e-11, 0.0, 0.0, 0.0, 1.0]}, {"left_foot_pose": [0.9831605331019255, 0.18133250338817675, -0.022669128031661254, 0.021220995743211353, -0.18274399054800144, 0.9755723987814131, -0.12191443169072279, -0.0664854033625508, 8.32651450484838e-06, 0.12400410457261837, 0.9922817049506724, 0.022459728032956663, 0.0, 0.0, 0.0, 1.0], "right_foot_pose": [0.9860513651175133, 0.16482885080652418, -0.02311179983663973, 0.00429099957124374, -0.16644129700854982, 0.9764987191740939, -0.13692167871256203, -0.2045964672289955, -1.4405185217809268e-11, 0.1388585661497155, 0.9903122227897853, 2.0837518516225728e-10, 0.0, 0.0, 0.0, 1.0]}, {"left_foot_pose": [0.9791075908982252, 0.20290838359685603, -0.013285831234296684, 0.022794005567181194, -0.20334287652230887, 0.9770166455995773, -0.06395427107694475, -0.07306682718569815, 3.620498196674624e-06, 0.06531969142197104, 0.9978643885315436, 0.015838565096609143, 0.0, 0.0, 0.0, 1.0], "right_foot_pose": [0.9860513651201368, 0.16505456867742588, -0.021440492145086452, 0.004290999656042781, -0.16644129699300764, 0.9778359441332194, -0.12702031733695796, -0.20459646742112372, 1.880499882509669e-10, 0.12881714062889682, 0.9916683640613906, 5.830376945126226e-10, 0.0, 0.0, 0.0, 1.0]}, {"left_foot_pose": [0.9756651272156159, 0.2192416532818852, -0.00326450632750405, 0.024014621405563222, -0.219265956169667, 0.9755570264256506, -0.014523383095709361, -0.07817384574975023, 5.815644577955269e-07, 0.014885753516998336, 0.9998892010327416, 0.007998179647199483, 0.0, 0.0, 0.0, 1.0], "right_foot_pose": [0.9860513651224094, 0.1653696193666515, -0.018857208986529563, 0.004290999680072238, -0.16644129697954418, 0.9797024052171984, -0.11171612180613846, -0.20459646751156524, 4.595865136834328e-10, 0.11329645273425636, 0.9935612280065252, 1.0195633295961848e-09, 0.0, 0.0, 0.0, 1.0]}, {"left_foot_pose": [0.9734068562936543, 0.22901665884240802, 0.0055192475180965645, 0.024769385043893137, -0.22908315547043795, 0.9731243512025668, 0.02345005279932922, -0.08133175348251868, -4.614183940119447e-07, -0.024090808812583398, 0.999709774349808, 0.001817277001225845, 0.0, 0.0, 0.0, 1.0], "right_foot_pose": [0.9860513651228102, 0.16571602197560778, -0.015521127537061332, 0.004290999637604277, -0.1664412969771679, 0.9817546049341412, -0.09195210900880202, -0.2045964673895211, 7.160739203429685e-10, 0.09325285921186709, 0.9956424580384324, 1.3990480995929033e-09, 0.0, 0.0, 0.0, 1.0]}, {"left_foot_pose": [0.9728155701208274, 0.23127860958697724, 0.01183517122837591, 0.024961724508929545, -0.23158123095469166, 0.9715443323001253, 0.049716635495718364, -0.08213649241472404, 8.020618503209615e-10, -0.05110592062588362, 0.9986932386258465, 1.5687272592046497e-09, 0.0, 0.0, 0.0, 1.0], "right_foot_pose": [0.9860513651160481, 0.1660259695206073, -0.011750863692525003, 0.0042909991228709185, -0.16644129701723034, 0.9835908328049917, -0.06961586219537177, -0.2045964669788255, 7.905089829577772e-10, 0.07060064494553342, 0.9975046611085457, 1.5845120979185445e-09, 0.0, 0.0, 0.0, 1.0]}, {"left_foot_pose": [0.9728155701181783, 0.23093390546916298, 0.017303116493990092, 0.024961723479941657, -0.23158123096582067, 0.9700963154512828, 0.07268612118005162, -0.08213649244765472, 2.808697469542855e-10, -0.07471726743267423, 0.9972047582855765, 1.6183189510687868e-09, 0.0, 0.0, 0.0, 1.0], "right_foot_pose": [0.9860513651097877, 0.16625618926710473, -0.007847604443691548, 0.0042909981594931226, -0.16644129705431873, 0.9849547275736552, -0.04649171179020328, -0.20459646660977016, 2.6219812870670893e-10, 0.04714938133939785, 0.9988878494802669, 1.6256185564333947e-09, 0.0, 0.0, 0.0, 1.0]}, {"left_foot_pose": [0.972815570120419, 0.2305008760990128, 0.022343067132173457, 0.024961724698496102, -0.23158123095640784, 0.9682772658697633, 0.09385771075671466, -0.08213649251165943, 6.04184459879979e-10, -0.09648047738980131, 0.9953348770552738, 1.1487065326720725e-09, 0.0, 0.0, 0.0, 1.0], "right_foot_pose": [0.9860513651150291, 0.16638796705010356, -0.0042130482694932615, 0.0042909992786883955, -0.16644129702326702, 0.9857354214237126, -0.024959439012693117, -0.20459646709617785, 5.953741725315678e-10, 0.025312514129367282, 0.9996795869819746, 1.1647759354249665e-09, 0.0, 0.0, 0.0, 1.0]}, {"left_foot_pose": [0.9728155701184545, 0.23006303895864547, 0.026473848232171394, 0.024961725233885835, -0.23158123096465985, 0.9664380202119062, 0.11121010095213878, -0.08213649242097229, 3.150562268185141e-10, -0.11431776412266373, 0.9934442353781091, 6.916618666696905e-10, 0.0, 0.0, 0.0, 1.0], "right_foot_pose": [0.985512154189827, 0.1696046153893297, -0.0002615009832278564, 0.003937678243172553, -0.1696048169838515, 0.9855109830709499, -0.0015193098447392596, -0.20552426793517947, 3.01291805549263e-08, 0.0015416501443721192, 0.9999988116567098, 0.00225030144297083, 0.0, 0.0, 0.0, 1.0]}, {"left_foot_pose": [0.9728155701188849, 0.22968298095370304, 0.02959045106941004, 0.024961725325510237, -0.23158123096285274, 0.9648414905661604, 0.1243021783710974, -0.08213649247516816, -4.902211967604368e-11, -0.12777568760249858, 0.9918030921799496, 3.7159784971319e-10, 0.0, 0.0, 0.0, 1.0], "right_foot_pose": [0.9836367895291086, 0.18006252946549056, 0.006012633978312267, 0.0027570521625717246, -0.1801628881955466, 0.983089115884806, 0.03281956650946953, -0.208624527217142, -1.3808602220041038e-06, -0.03336578653830724, 0.9994432071342391, 0.008710109010000792, 0.0, 0.0, 0.0, 1.0]}, {"left_foot_pose": [0.9728155701189939, 0.2294288741931852, 0.031500130483944226, 0.02496172515399565, -0.2315812309623942, 0.9637740510003258, 0.13232426869007952, -0.08213649261979653, -3.6954841875217584e-10, -0.13602194787926658, 0.990705823993748, 1.6574448064021752e-10, 0.0, 0.0, 0.0, 1.0], "right_foot_pose": [0.9804716784077546, 0.19605093311706367, 0.015469953594284963, 0.0009075707566822827, -0.19666033616411124, 0.9774352254377691, 0.07710442434281269, -0.21348116693323077, -4.483239079384686e-06, -0.07864103062235671, 0.9969029984319209, 0.016558462460301793, 0.0, 0.0, 0.0, 1.0]}, {"left_foot_pose": [0.9728155701165179, 0.22935118146351113, 0.03206091234145652, 0.024961724777614814, -0.2315812309727946, 0.9634476830975259, 0.13467997399441048, -0.0821364927216527, -5.58276476149512e-10, -0.13844348123079572, 0.9903703360383426, 9.514464910376219e-11, 0.0, 0.0, 0.0, 1.0], "right_foot_pose": [0.9760477949226741, 0.21569659573939656, 0.028384513612546156, -0.0014440423682590931, -0.21755620411139995, 0.9677101530488053, 0.12730419372077664, -0.21965638473214932, -8.90080329273043e-06, -0.13043020460266702, 0.9914574936163841, 0.022916656620617835, 0.0, 0.0, 0.0, 1.0]}, {"left_foot_pose": [0.9728155701120146, 0.22953875638404322, 0.030689181567843216, 0.02496172441581947, -0.23158123099171285, 0.9642356387780605, 0.1289176728095461, -0.08213649259733681, -3.000173916871911e-10, -0.13252015781734214, 0.9911803104239248, 2.436118043402935e-10, 0.0, 0.0, 0.0, 1.0], "right_foot_pose": [0.9704479664439156, 0.23747044310924334, 0.042878118829634056, -0.00413106124055855, -0.24131047272573022, 0.955014816872548, 0.17238316422080904, -0.22671237013432566, -1.3332409833331033e-05, -0.1776358302916209, 0.9840962918428529, 0.025000005965927677, 0.0, 0.0, 0.0, 1.0]}, {"left_foot_pose": [0.9728155701016842, 0.22987418075756996, 0.02806648515173175, 0.024961724109046412, -0.2315812310351083, 0.9656446734107917, 0.11790037381463078, -0.08213649257311681, -4.648341795356332e-11, -0.12119499054994846, 0.9926287192427988, 6.963656318248468e-10, 0.0, 0.0, 0.0, 1.0], "right_foot_pose": [0.9638630802752538, 0.25993769152462876, 0.058312597328075366, -0.0069867631502407625, -0.26639812723655737, 0.9405023034198834, 0.21092049465793689, -0.23421130343587424, -1.694562883430151e-05, -0.21883284439667813, 0.9757623614006153, 0.02500000481263668, 0.0, 0.0, 0.0, 1.0]}, {"left_foot_pose": [0.9728155700900503, 0.23035411606920472, 0.023808565692771816, 0.024961723853172336, -0.23158123108397946, 0.9676607627206617, 0.10001390753538375, -0.08213649253062127, 4.2738776375913414e-10, -0.10280870342944393, 0.9947011463244414, 1.4564130804139985e-09, 0.0, 0.0, 0.0, 1.0], "right_foot_pose": [0.9566245917123022, 0.2819634115717411, 0.07325315737970589, -0.009844425972688949, -0.2913235146234163, 0.9259049863680164, 0.24047986619736603, -0.24171538730275838, -1.8940197745610348e-05, -0.25138932108120265, 0.967886051602977, 0.025000003038220815, 0.0, 0.0, 0.0, 1.0]}, {"left_foot_pose": [0.9728155700811401, 0.23089767001449737, 0.017780117816918975, 0.024961723745347084, -0.23158123112140827, 0.9699440982766435, 0.07468988961434093, -0.0821364920642483, 1.1424070678408983e-09, -0.07677702911799848, 0.9970482875968522, 2.6143918280263634e-09, 0.0, 0.0, 0.0, 1.0], "right_foot_pose": [0.9492136528733878, 0.30306079571127986, 0.0845434521509809, -0.012537324941728475, -0.31463223111756555, 0.9143195629325397, 0.25500254112622556, -0.2487868156409336, -1.8459197380636294e-05, -0.2686519885310654, 0.9632373065437003, 0.023024934311768226, 0.0, 0.0, 0.0, 1.0]}, {"left_foot_pose": [0.9728155700824118, 0.2313