{"LoopMode": "Wrap", "FrameDuration": 0.0167, "EnableCycleOffsetPosition": true, "EnableCycleOffsetRotation": false, "Debug_info": [{"left_foot_pose": [1.0000000000000004, 1.1919157907426217e-13, -8.726519507007429e-12, 1.505896828371583e-12, -3.4775612190539847e-14, 0.9999535788800002, 0.009635355991338952, 7.60971147206746e-14, 8.726867319670628e-12, -0.00963535599133912, 0.9999535788800004, 1.8178028526882883e-11, 0.0, 0.0, 0.0, 1.0], "right_foot_pose": [0.9999999999999998, -2.0294448332717972e-13, -8.788969552142588e-12, 1.2011883803771574e-12, 7.282283728064397e-14, 0.9998903205993406, -0.01481036028420159, -0.14000000000219037, 8.79072899285865e-12, 0.014810360284201442, 0.9998903205993406, 1.5243459272618054e-11, 0.0, 0.0, 0.0, 1.0]}, {"left_foot_pose": [1.0000000000000007, 1.826674632991068e-13, -1.946476313463564e-11, 3.2877083332995815e-12, -5.3406000762865904e-14, 0.9999780636784691, 0.006623606408929573, 1.0893091983987802e-12, 1.9465307574176107e-11, -0.0066236064089297475, 0.9999780636784693, 3.95552410270561e-11, 0.0, 0.0, 0.0, 1.0], "right_foot_pose": [1.0, -5.332929272370731e-13, -1.9580170818045414e-11, 2.8056036294823437e-12, 1.8429303416274383e-13, 0.9998411545430445, -0.017823178224773598, -0.1400000000039498, 1.9586457095141287e-11, 0.01782317822477345, 0.9998411545430446, 3.5083380645062334e-11, 0.0, 0.0, 0.0, 1.0]}, {"left_foot_pose": [1.0000000000000007, 1.1042658925539276e-13, -3.418204608252041e-11, 5.71283213936101e-12, -2.7057941720867755e-14, 0.9999970492982633, 0.0024292786517085495, 2.88083099042602e-12, 3.418207732030181e-11, -0.0024292786517087226, 0.9999970492982634, 6.875256614025105e-11, 0.0, 0.0, 0.0, 1.0], "right_foot_pose": [0.9999999999999998, -1.1457046261481631e-12, -3.439004636618392e-11, 5.05012996502236e-12, 3.8821191008790535e-13, 0.9997575230847386, -0.022020332319663036, -0.1400000000059418, 3.440670011209558e-11, 0.02202033231966289, 0.9997575230847384, 6.258606827236335e-11, 0.0, 0.0, 0.0, 1.0]}, {"left_foot_pose": [1.0000000000000007, -2.475763592007548e-13, -5.266498348532878e-11, 8.74985674952052e-12, 9.386278835952705e-14, 0.9999957222242541, -0.0029249843064995543, 5.598417562868718e-12, 5.26651792452468e-11, 0.002924984306499379, 0.9999957222242546, 1.0552360374393999e-10, 0.0, 0.0, 0.0, 1.0], "right_foot_pose": [1.0, -2.1847364882486964e-12, -5.303463224137771e-11, 7.917081688750139e-12, 7.318686535361444e-13, 0.9996250847200491, -0.027380467461939232, -0.14000000000795135, 5.307459929855527e-11, 0.02738046746193909, 0.9996250847200494, 9.737347733684842e-11, 0.0, 0.0, 0.0, 1.0]}, {"left_foot_pose": [1.0000000000000004, -1.07921882271789e-12, -7.511102850799033e-11, 1.2437346635422072e-11, 3.714206815468385e-13, 0.9999555632590965, -0.009427168566649593, 9.485832258571136e-12, 7.511756199786958e-11, 0.009427168566649416, 0.9999555632590966, 1.5047099677367726e-10, 0.0, 0.0, 0.0, 1.0], "right_foot_pose": [1.0, -3.849783032013275e-12, -7.574918470254485e-11, 1.145795884480387e-11, 1.2802543913783357e-12, 0.9994254605780301, -0.033893196196178164, -0.14000000000976642, 7.58357913917334e-11, 0.03389319619617802, 0.99942546057803, 1.3985012453643364e-10, 0.0, 0.0, 0.0, 1.0]}, {"left_foot_pose": [1.0000000000000004, -2.6336686618450944e-12, -1.0217049428717926e-10, 1.6892378617245342e-11, 8.876509418019627e-13, 0.999853975672159, -0.017088807231014223, 1.491963497191051e-11, 1.022001969711196e-10, 0.017088807231014046, 0.9998539756721591, 2.0516532223124884e-10, 0.0, 0.0, 0.0, 1.0], "right_foot_pose": [1.0, -6.4214858242874965e-12, -1.0323547572355092e-10, 1.580513808317133e-11, 2.1242891196671403e-12, 0.9991355082350006, -0.04157206013642738, -0.1400000000111462, 1.034130872260542e-10, 0.04157206013642724, 0.9991355082350009, 1.9131204953559688e-10, 0.0, 0.0, 0.0, 1.0]}, {"left_foot_pose": [1.0000000000000007, -5.26043959531849e-12, -1.349577116727118e-10, 2.2315555717335964e-11, 1.7569806856510391e-12, 0.9996632664705093, -0.025949059125765856, 2.2453908524178168e-11, 1.3504850964355626e-10, 0.025949059125765665, 0.9996632664705096, 2.722293640511353e-10, 0.0, 0.0, 0.0, 1.0], "right_foot_pose": [0.9999999999999998, -1.0303533368038796e-11, -1.366833868310379e-10, 2.118097249179386e-11, 3.3936187459085396e-12, 0.9987261486364335, -0.05045869627563275, -0.14000000001176904, 1.3702884276906133e-10, 0.05045869627563262, 0.9987261486364334, 2.5399567171735526e-10, 0.0, 0.0, 0.0, 1.0]}, {"left_foot_pose": [1.0000000000000007, -9.463552261172599e-12, -1.7504314664407148e-10, 2.8995771665229746e-11, 3.1430374582622762e-12, 0.9993490812582632, -0.03607511314280284, 3.2872987318355307e-11, 1.7527015913733993e-10, 0.03607511314280265, 0.9993490812582635, 3.5541693893526016e-10, 0.0, 0.0, 0.0, 1.0], "right_foot_pose": [0.9999999999999998, -1.6080185380192137e-11, -1.7776818905801398e-10, 2.7906215161159644e-11, 5.273781887971204e-12, 0.9981607122002508, -0.06062336694615237, -0.14000000001116025, 1.7841600584568343e-10, 0.06062336694615224, 0.998160712200251, 3.311005358774821e-10, 0.0, 0.0, 0.0, 1.0]}, {"left_foot_pose": [1.0000000000000002, -1.5971601873814478e-11, -2.2443408242978057e-10, 3.7317257171937975e-11, 5.27971148803419e-12, 0.9988683677821744, -0.04756031795705071, 4.725072243194628e-11, 2.249393760621184e-10, 0.047560317957050534, 0.9988683677821742, 4.597356592639379e-10, 0.0, 0.0, 0.0, 1.0], "right_foot_pose": [1.0, -2.4592166047427637e-11, -2.2865165316687795e-10, 3.64134405333041e-11, 8.027876535962636e-12, 0.9973928344982028, -0.07216324335588732, -0.14000000000860124, 2.2983005101817386e-10, 0.07216324335588717, 0.9973928344982027, 4.2683082068784017e-10, 0.0, 0.0, 0.0, 1.0]}, {"left_foot_pose": [1.0000000000000004, -2.5815397108656794e-11, -2.854618208480981e-10, 4.7758037602304754e-11, 8.492470113929142e-12, 0.9981670271900949, -0.060519301305363836, 6.69830406418992e-11, 2.8650048408541885e-10, 0.060519301305363656, 0.998167027190095, 5.914431444598023e-10, 0.0, 0.0, 0.0, 1.0], "right_foot_pose": [0.9999999999999999, -3.7019385145307644e-11, -2.9187963157539777e-10, 4.724999623676083e-11, 1.2017387099692085e-11, 0.9963640672903527, -0.08519768431492572, -0.14000000000301982, 2.939722076159934e-10, 0.08519768431492558, 0.9963640672903528, 5.462851351833997e-10, 0.0, 0.0, 0.0, 1.0]}, {"left_foot_pose": [1.0000000000000007, -4.036628560589679e-11, -3.6028680039379357e-10, 6.083456047812321e-11, 1.3203447362467108e-11, 0.9971777365357741, -0.07507703881607913, 9.368446123037e-11, 3.6230027388545133e-10, 0.07507703881607895, 0.9971777365357745, 7.573743507349739e-10, 0.0, 0.0, 0.0, 1.0], "right_foot_pose": [1.0, -5.49136587828669e-11, -3.6989750151761283e-10, 6.102462266913511e-11, 1.770223987348055e-11, 0.9950017573616206, -0.09985741258057401, -0.1399999999929017, 3.7353204774007746e-10, 0.09985741258057389, 0.9950017573616207, 6.946922481709805e-10, 0.0, 0.0, 0.0, 1.0]}, {"left_foot_pose": [1.0000000000000007, -6.118871933569905e-11, -4.4954062694557597e-10, 7.690949815796847e-11, 1.9870258526520146e-11, 0.9958193598606029, -0.09134441705337028, 1.2869078545862944e-10, 4.532501286511099e-10, 0.09134441705337006, 0.9958193598606034, 9.624799152119223e-10, 0.0, 0.0, 0.0, 1.0], "right_foot_pose": [0.9999999999999999, -8.001016660480091e-11, -4.636580563932564e-10, 7.820052183482077e-11, 2.5562792486755846e-11, 0.9932188155093619, -0.11625998674600048, -0.13999999997636453, 4.698157499569267e-10, 0.11625998674600037, 0.9932188155093618, 8.750048463568305e-10, 0.0, 0.0, 0.0, 1.0]}, {"left_foot_pose": [1.0000000000000007, -8.927101835280989e-11, -5.487745813326213e-10, 9.561403963787082e-11, 2.872071623558756e-11, 0.9940019649350553, -0.10936221333371836, 1.7150250490594043e-10, 5.552457208012563e-10, 0.10936221333371816, 0.9940019649350554, 1.2023382636727753e-09, 0.0, 0.0, 0.0, 1.0], "right_foot_pose": [0.9999999999999999, -1.1330536212562568e-10, -5.689036464140423e-10, 9.845386147430298e-11, 3.578576918237497e-11, 0.990919956210092, -0.1344531159348474, -0.13999999995182658, 5.789720065766952e-10, 0.13445311593484727, 0.990919956210092, 1.0810891695745006e-09, 0.0, 0.0, 0.0, 1.0]}, {"left_foot_pose": [1.0000000000000004, -1.2243682958724777e-10, -6.39606589913908e-10, 1.1424246263006724e-10, 3.892218389210671e-11, 0.9916480160210973, -0.12897368848498705, 2.1562497967697603e-10, 6.500556323931722e-10, 0.12897368848498686, 0.9916480160210973, 1.4422130364954988e-09, 0.0, 0.0, 0.0, 1.0], "right_foot_pose": [0.9999999999999998, -1.5199667518484516e-10, -6.667654206538022e-10, 1.1887889281158763e-10, 4.7304785481382117e-11, 0.9880263687875038, -0.15428510809724857, -0.13999999992043, 6.822325513379474e-10, 0.1542851080972484, 0.9880263687875036, 1.2795893997163965e-09, 0.0, 0.0, 0.0, 1.0]}, {"left_foot_pose": [1.0000000000000007, -1.4853639522024925e-10, -6.710629274486707e-10, 1.2396354522303284e-10, 4.651936857486992e-11, 0.9887564532059532, -0.14953486631412932, 2.396198552079287e-10, 6.857291354898065e-10, 0.14953486631412913, 0.9887564532059531, 1.5674407674581836e-09, 0.0, 0.0, 0.0, 1.0], "right_foot_pose": [1.0, -1.8147921133636485e-10, -7.036594640297256e-10, 1.2976965378319268e-10, 5.545787551501962e-11, 0.984548980225668, -0.17510941018859502, -0.13999999989250891, 7.245656762916783e-10, 0.1751094101885949, 0.984548980225668, 1.3689203173794517e-09, 0.0, 0.0, 0.0, 1.0]}, {"left_foot_pose": [0.9999999974718963, 7.002654649111457e-05, -1.234876653882912e-05, 1.6510563035573754e-10, -7.110634076361793e-05, 0.9855581805079316, -0.1693371423456304, -1.6903682498882466e-05, 3.1233261024614024e-07, 0.16933714279560383, 0.9855581829956691, 0.00016386124966742688, 0.0, 0.0, 0.0, 1.0], "right_foot_pose": [0.9999999999999997, -1.6680618586959614e-10, -5.823282966943557e-10, 7.066156429763994e-11, 4.9968831964460735e-11, 0.9807769870972548, -0.19513201065030705, -0.1399999999607649, 6.036831854172537e-10, 0.19513201065030694, 0.9807769870972546, 1.1010399605937415e-09, 0.0, 0.0, 0.0, 1.0]}, {"left_foot_pose": [0.9999979843897993, 0.001971695938444665, -0.00037898742212242795, 2.1235633395301685e-09, -0.0020077881561553087, 0.9821856174478887, -0.1879025855735644, -0.00047737116487231446, 1.7492304032930306e-06, 0.18790296776165336, 0.9821875964922916, 0.004191209180343464, 0.0, 0.0, 0.0, 1.0], "right_foot_pose": [0.9999999999999998, -1.237345064435015e-10, -3.903675160898949e-10, -6.942485485749724e-11, 3.8056640780603625e-11, 0.9772137277219157, -0.21225769798016128, -0.14000000015972208, 4.07735933090541e-10, 0.21225769798016114, 0.9772137277219157, 6.498073676364235e-10, 0.0, 0.0, 0.0, 1.0]}, {"left_foot_pose": [0.9999806118713955, 0.006095365255638181, -0.0012737361227725455, 4.235032327539086e-09, -0.0062270275028459615, 0.978939873771062, -0.20405378621720602, -0.0014805643774432019, 3.128720454644319e-06, 0.2040577615860242, 0.9789588499659797, 0.011469802410605627, 0.0, 0.0, 0.0, 1.0], "right_foot_pose": [1.0, -6.855015602328536e-11, -1.8608509178008564e-10, -1.2440781828306744e-10, 2.4823447000882454e-11, 0.9742443359033095, -0.22549495329235134, -0.14000000018620357, 1.9674972698669862e-10, 0.22549495329235117, 0.9742443359033095, 3.1978204112492747e-10, 0.0, 0.0, 0.0, 1.0]}, {"left_foot_pose": [0.9999251047236452, 0.011952421134043665, -0.002631458234940825, 4.209384927238548e-09, -0.012238665169983112, 0.9766133180577409, -0.2146547042743478, -0.002909987502550143, 4.2737342651833356e-06, 0.21467083318719635, 0.9766864560136232, 0.01912092653663857, 0.0, 0.0, 0.0, 1.0], "right_foot_pose": [0.9999999999999998, -1.96588533641623e-11, -1.926175885458281e-11, -1.1849982084667796e-10, 1.4597334611953612e-11, 0.9721511134511601, -0.23435488605034396, -0.14000000009642105, 2.333231368620226e-11, 0.23435488605034385, 0.9721511134511601, 1.0277988182760822e-10, 0.0, 0.0, 0.0, 1.0]}, {"left_foot_pose": [0.9998088360859287, 0.01909336694675445, -0.004211249593378568, 1.3316422254163254e-09, -0.019552269943828925, 0.9763972615018657, -0.21509555195703597, -0.004649149612795774, 4.9542683448880265e-06, 0.21513677293827485, 0.9765839282443479, 0.024265877648105116, 0.0, 0.0, 0.0, 1.0], "right_foot_pose": [1.0000000000000002, 8.990867935284303e-12, 8.115508265404964e-11, -5.540697608067006e-11, 1.062677509098253e-11, 0.9711348171130753, -0.23853127046731995, -0.1399999999892906, -8.095755427368294e-11, 0.2385312704673198, 0.9711348171130756, 2.0069362838270877e-13, 0.0, 0.0, 0.0, 1.0]}, {"left_foot_pose": [0.999616913049424, 0.027104653405571, -0.005600438313628286, -3.212061998759258e-10, -0.027677194955810176, 0.9789749007875611, -0.20209432576736008, -0.006581560275602253, 4.991887293769923e-06, 0.20217191049141722, 0.9793500490546435, 0.025000000959528215, 0.0, 0.0, 0.0, 1.0], "right_foot_pose": [0.9999999999999999, 8.12482670684425e-12, 9.60092561008707e-11, 5.22335939080245e-11, 1.494365979053658e-11, 0.9713032746155016, -0.2378443792087662, -0.13999999996685283, -9.518662356746891e-11, 0.2378443792087661, 0.9713032746155017, 2.9992695826930316e-11, 0.0, 0.0, 0.0, 1.0]}, {"left_foot_pose": [0.9993473575871348, 0.03551778941462858, -0.006583731366815341, -3.446648355175802e-10, -0.03612283021907626, 0.9826316201841472, -0.18201714246532452, -0.008590720243511717, 4.536083895045036e-06, 0.1821361733686543, 0.983273316189374, 0.0250000015476729, 0.0, 0.0, 0.0, 1.0], "right_foot_pose": [1.0, -2.0122215482381528e-11, 3.002120774198159e-11, 1.6989533523261865e-10, 2.6554966961214845e-11, 0.9725568468720648, -0.23266538118565727, -0.13999999994920495, -2.4515762186257418e-11, 0.2326653811856571, 0.9725568468720649, 1.7400630242248027e-10, 0.0, 0.0, 0.0, 1.0]}, {"left_foot_pose": [0.9990138838551972, 0.04385000902741363, -0.006959638844882037, -6.860140311717999e-10, -0.04439887217937284, 0.9866770647996681, -0.1565155262186867, -0.010560136007912835, 3.708789913858848e-06, 0.15667018384685832, 0.9876509775622345, 0.02491027083207864, 0.0, 0.0, 0.0, 1.0], "right_foot_pose": [1.0, -7.457824976062427e-11, -1.2234058210935884e-10, 2.926748542242941e-10, 4.541860683495285e-11, 0.9748188471567388, -0.22299824041459781, -0.13999999995423318, 1.3589060628524107e-10, 0.22299824041459773, 0.9748188471567387, 4.4771727991665955e-10, 0.0, 0.0, 0.0, 1.0]}, {"left_foot_pose": [0.9986462694668286, 0.05161963294561181, -0.006406401060475221, 4.1987889077069185e-10, -0.05201565604030938, 0.9910491585959552, -0.12294688598312013, -0.0123733179427753, 2.585254357321291e-06, 0.12311368218362417, 0.9923925741623156, 0.02116383375783916, 0.0, 0.0, 0.0, 1.0], "right_foot_pose": [0.9999999999999999, -1.5471965994278655e-10, -3.813938609376057e-10, 4.1322091599846024e-10, 7.184993054406454e-11, 0.9780487078669443, -0.20837640231034013, -0.14000000016362496, 4.0526159542656683e-10, 0.20837640231034005, 0.9780487078669444, 8.767064088588405e-10, 0.0, 0.0, 0.0, 1.0]}, {"left_foot_pose": [0.9982883234637587, 0.058270514570287535, -0.0049970358846580555, 2.5358738229945554e-09, -0.058484384529857665, 0.9946398175539551, -0.08527139087876788, -0.013913760870791624, 1.4430359966052903e-06, 0.08541768240797565, 0.9963452310971176, 0.013996812458864312, 0.0, 0.0, 0.0, 1.0], "right_foot_pose": [1.0, -2.3537721681769716e-10, -7.079663522091536e-10, 4.828645148151322e-10, 9.750889903092562e-11, 0.982022906577654, -0.18876178362363666, -0.14000000033305146, 7.396691769462578e-10, 0.18876178362363652, 0.982022906577654, 1.4316545102199818e-09, 0.0, 0.0, 0.0, 1.0]}, {"left_foot_pose": [0.9979934620300913, 0.06324234623393488, -0.003074961466498654, 2.4578320571280385e-09, -0.06331705729808404, 0.9968163011621365, -0.04845835317619812, -0.015064968015135717, 5.51765755681946e-07, 0.048555817161954326, 0.9988204706649896, 0.006287910739035764, 0.0, 0.0, 0.0, 1.0], "right_foot_pose": [0.9999999999999998, -2.9191675667971005e-10, -1.0582682508086786e-09, 4.6473166560797344e-10, 1.1381788424601725e-10, 0.9863714997855066, -0.1645334750465408, -0.1400000003466661, 1.0918756408926066e-09, 0.1645334750465407, 0.9863714997855065, 2.0243538512154657e-09, 0.0, 0.0, 0.0, 1.0]}, {"left_foot_pose": [0.997817895689453, 0.0660191016176555, -0.0009619061650767903, 6.71402579474796e-10, -0.06602610878939098, 0.99771201428436, -0.014535801002266485, -0.01571044624835681, 6.481404838510713e-08, 0.014567593289342538, 0.9998938869828906, 0.000915836572284584, 0.0, 0.0, 0.0, 1.0], "right_foot_pose": [0.9999999999999999, -2.9490258702592623e-10, -1.3365198392456516e-09, 3.4434647080713084e-10, 1.096774942351894e-10, 0.990637075359659, -0.1365217379132773, -0.140000000121732, 1.3642666345642624e-09, 0.13652173791327712, 0.9906370753596586, 2.500813403583102e-09, 0.0, 0.0, 0.0, 1.0]}, {"left_foot_pose": [0.9977908013695723, 0.06642502541675582, 0.0011102705304976148, 2.0961797824858158e-10, -0.0664343036560744, 0.9976514491878098, 0.016675407976902156, -0.015807712372626723, 1.3949587591588948e-09, -0.01671232873800141, 0.9998603392815191, 2.6390593321767852e-09, 0.0, 0.0, 0.0, 1.0], "right_foot_pose": [1.0, -2.3052524643347352e-10, -1.4053838093275303e-09, 2.4380009440384037e-10, 7.95493804267418e-11, 0.9943133390468774, -0.10649405520238948, -0.13999999992191803, 1.4219412519969457e-09, 0.10649405520238936, 0.9943133390468776, 2.6276024966964684e-09, 0.0, 0.0, 0.0, 1.0]}, {"left_foot_pose": [0.9977908013685237, 0.0663624305096496, 0.0030894208537887735, 1.9404342119656165e-10, -0.06643430367182193, 0.9967113223354868, 0.046400681286878846, -0.015807712461571782, 1.2430701262436414e-09, -0.04650341648845111, 0.9989181309070844, 2.323992408237441e-09, 0.0, 0.0, 0.0, 1.0], "right_foot_pose": [1.0, -1.4942550987256887e-10, -1.2425341866517661e-09, 2.056267909519553e-10, 5.345240676579773e-11, 0.9970400525502591, -0.0768838969523295, -0.13999999999862012, 1.2503445493943971e-09, 0.07688389695232933, 0.9970400525502595, 2.3329730300392093e-09, 0.0, 0.0, 0.0, 1.0]}, {"left_foot_pose": [0.9977908013684914, 0.06625649686227689, 0.004857296363600165, 1.1373329155631856e-10, -0.06643430367231005, 0.99512028243806, 0.07295277085876645, -0.015807712482869232, 9.042668191698267e-10, -0.07311429479886646, 0.9973235683047231, 1.6654603460231066e-09, 0.0, 0.0, 0.0, 1.0], "right_foot_pose": [0.9999999998380045, -1.7974580028541345e-05, 9.516217135964114e-07, 1.979344396896701e-06, 1.7999690209746682e-05, 0.9987377278985597, -0.050228981156631054, -0.1400129932162686, -4.757566662077217e-08, 0.05022898116562294, 0.9987377280603058, 3.7401161774919256e-05, 0.0, 0.0, 0.0, 1.0]}, {"left_foot_pose": [0.9977908013693695, 0.06613342355033557, 0.00631561494902256, -1.4331283935183764e-10, -0.06643430365912142, 0.993271818805181, 0.09485556000981658, -0.015807712242362004, 5.789443307089211e-10, -0.09506557871785279, 0.9954710120053927, 1.053151239827077e-09, 0.0, 0.0, 0.0, 1.0], "right_foot_pose": [0.999998285963152, -0.0018511001025152242, 3.8719098187378814e-05, 0.00020358762454894452, 0.001851504987960312, 0.9997817879753197, -0.02080741123140065, -0.1413366349765187, -1.9404815122600492e-07, 0.020807447255334354, 0.9997835016335679, 0.003492991898868418, 0.0, 0.0, 0.0, 1.0]}, {"left_foot_pose": [0.9977908013701954, 0.0660177548148597, 0.007427836174131074, -2.5109599658844003e-10, -0.06643430364672022, 0.9915345663193951, 0.11156023974869031, -0.015807712241192824, 2.352071245934648e-10, -0.11180724414372721, 0.993729913083523, 5.454754981037979e-10, 0.0, 0.0, 0.0, 1.0], "right_foot_pose": [0.9999801045338245, -0.006307083921314028, -0.00010596664586222366, 0.0006936130635892173, 0.006307974036190741, 0.9998397457113695, 0.01675387595104556, -0.14455388160882762, 2.8156262204817333e-07, -0.01675421105972423, 0.9998596383551477, 0.010538500147846505, 0.0, 0.0, 0.0, 1.0]}, {"left_foot_pose": [0.9977908013706006, 0.06593195141633686, 0.00815441491765796, -2.294399149838089e-10, -0.0664343036406305, 0.990245867583701, 0.12247287468328892, -0.01580771238790261, -5.13362182723197e-11, -0.12274404065305144, 0.9924383610502788, 1.8280746361121203e-10, 0.0, 0.0, 0.0, 1.0], "right_foot_pose": [0.9999175888143285, -0.012813326516281556, -0.0007963939519371667, 0.001411671291333918, 0.012838051951346, 0.997998331205339, 0.0619234635130566, -0.14926829270865288, 1.3542780034472934e-06, -0.06192858447393648, 0.9980805831310519, 0.018295211152618132, 0.0, 0.0, 0.0, 1.0]}, {"left_foot_pose": [0.9977908013701773, 0.06589286556381772, 0.008464453251625216, -8.774542491251161e-11, -0.06643430364698848, 0.9896588291741011, 0.12712940311622525, -0.015807712550400192, -2.25856718547481e-10, -0.127410879070575, 0.9918500228837343, 6.409171804389047e-12, 0.0, 0.0, 0.0, 1.0], "right_foot_pose": [0.9997817378171733, -0.020763156300987476, -0.0023169090818502412, 0.002297379194867976, 0.020892025255782737, 0.9936297329856912, 0.11074058428369903, -0.15508342683690324, 2.8256920058715995e-06, -0.1107648187250993, 0.9938466455770786, 0.023884420660275206, 0.0, 0.0, 0.0, 1.0]}, {"left_foot_pose": [0.9977908013686451, 0.06590987121107542, 0.008331001203786338, 1.5916086959673337e-10, -0.0664343036700017, 0.9899142402556581, 0.1251250583813896, -0.01580771259050167, -2.4401983613627654e-10, -0.12540209653751283, 0.9921059994698134, 8.639729903725524e-11, 0.0, 0.0, 0.0, 1.0], "right_foot_pose": [0.9995523022031473, -0.029557364707600734, -0.004642989546610472, 0.003290356205203005, 0.029919811866366, 0.987465922391961, 0.15497050355624048, -0.16160283175782095, 4.274262767431843e-06, -0.15504004097695348, 0.9879081868653561, 0.025000004631922396, 0.0, 0.0, 0.0, 1.0]}, {"left_foot_pose": [0.9977908013660413, 0.06598084123980247, 0.007748890152896105, 4.580774280401635e-10, -0.06643430370910525, 0.9909801531702294, 0.11638221218638115, -0.01580771260477548, -8.521000545051556e-11, -0.11663989288402801, 0.9931742724154725, 4.278781148836508e-10, 0.0, 0.0, 0.0, 1.0], "right_foot_pose": [0.9992246521736734, -0.038637175193612885, -0.007567243980403538, 0.004330219236591413, 0.039371238987589686, 0.9806207006018623, 0.19191911601425898, -0.16843005737944503, 5.383585242269359e-06, -0.1920682437160569, 0.9813815719315531, 0.025000003271693216, 0.0, 0.0, 0.0, 1.0]}, {"left_foot_pose": [0.9977908013625796, 0.06609587620253235, 0.006697153517829023, 7.706686915151181e-10, -0.0664343037610978, 0.9927078861598688, 0.10058596343319406, -0.015807712591260518, 2.748203805879833e-10, -0.10080866979097215, 0.9949058307674025, 1.0857422114152193e-09, 0.0, 0.0, 0.0, 1.0], "right_foot_pose": [0.9988136214474307, -0.0475022074567291, -0.010718670524190118, 0.005356584682786387, 0.048696504762916745, 0.9743441040650698, 0.21973214898487547, -0.1751686662047298, 5.911302668133012e-06, -0.21999342526624338, 0.9755013545888505, 0.024992551757635588, 0.0, 0.0, 0.0, 1.0]}, {"left_foot_pose": [0.9977908013589358, 0.06623529334726837, 0.005138349802712888, 1.0296446294319125e-09, -0.06643430381582767, 0.9948018202079015, 0.07717397091994668, -0.01580771215816635, 8.660523452790684e-10, -0.07734484098017033, 0.9970044009801328, 2.1870777758281612e-09, 0.0, 0.0, 0.0, 1.0], "right_foot_pose": [0.9983543268312196, -0.05579487654423648, -0.013250277310146063, 0.006309070564934329, 0.057346648258429625, 0.9713617465052745, 0.23058126411256166, -0.18142221224922048, 5.559345088385676e-06, -0.23096166170521987, 0.9729628517016757, 0.021837793874295207, 0.0, 0.0, 0.0, 1.0]}, {"left_foot_pose": [0.9977908013568197, 0.06636415717436901, 0.00305210914814408, 1.1742832243697918e-09, -0.06643430384760943, 0.9967372525494748, 0.04584029507331722, -0.01580771168895688, 1.6603626102050737e-09, -0.04594178950216226, 0.9989441185458474, 3.7522223453323456e-09, 0.0, 0.0, 0.0, 1.0], "right_foot_pose": [0.9978999628486892, -0.06315700405201087, -0.014382523622750878, 0.00712729346964773, 0.06477394636406032, 0.9730044775047555, 0.22150987027246388, -0.18679424849768866, 4.360108395914964e-06, -0.22197630412922964, 0.9750520603465831, 0.014923779656578935, 0.0, 0.0, 0.0, 1.0]}, {"left_foot_pose": [0.9977908013562258, 0.06643281336569681, 0.00044501373088356994, 1.3590043977315669e-09, -0.06643430385653279, 0.9977684151038398, 0.006683793254599859, -0.015807711330351956, 2.5448941728541686e-09, -0.006698591605024557, 0.9999775641835722, 5.696914405495246e-09, 0.0, 0.0, 0.0, 1.0], "right_foot_pose": [0.9975165886974898, -0.0690486508332594, -0.013890251669059935, 0.007750869143083739, 0.07043191936994538, 0.9779330723758115, 0.19668820678289597, -0.19088833922042892, 2.6811776245902104e-06, -0.19717806615268443, 0.9803676913388665, 0.007129213927749907, 0.0, 0.0, 0.0, 1.0]}, {"left_foot_pose": [0.9977908013645207, 0.06638199528207725, -0.0026357948931829403, 8.317199104998854e-10, -0.06643430373194704, 0.9970051718586104, -0.03958750528683555, -0.01580771127025308, 3.551281665488574e-09, 0.03967515582268246, 0.9992126310302764, 7.735930396268742e-09, 0.0, 0.0, 0.0, 1.0], "right_foot_pose": [0.9972749253870796, -0.0728279186996122, -0.01178208182272123, 0.008119415326405307, 0.07377481408509373, 0.984477019174091, 0.15925537832301442, -0.19330804352410652, 9.510475132374154e-07, -0.1596906164305821, 0.9871671120044044, 0.0013328066009039227, 0.0, 0.0, 0.0, 1.0]}, {"left_foot_pose": [0.9977908014108234, 0.06616049734218496, -0.006025380600630564, -3.4961860294856206e-09, -0.06643430303651614, 0.9936784610525035, -0.09049640556608607, -0.015807712022194043, 3.7225575025511913e-09, 0.09069677299531635, 0.9958785545277281, 9.308462833867992e-09, 0.0, 0.0, 0.0, 1.0], "right_foot_pose": [0.9972249128986366, -0.07398889667337963, -0.00825325774240709, 0.008193619621502933, 0.07444778770592611, 0.9910780930653899, 0.11055198031497968, -0.19379526138152017, 3.896359335798809e-09, -0.11085962572066657, 0.993836074705016, 8.97500621738212e-09, 0.0, 0.0, 0.0, 1.0]}, {"left_foot_pose": [0.9977908014447084, 0.06576186251128845, -0.009428361012040126, -7.515341373092593e-09, -0.06643430252758668, 0.9876912869684412, -0.14160651501360547, -0.015807712886925254, 1.850957362137698e-09, 0.14192004469303052, 0.9898781242730486, 1.0102875605544348e-08, 0.0, 0.0, 0.0, 1.0], "right_foot_pose": [0.9972249129137671, -0.07432307185352856, -0.004307441744740935, 0.008193615814988564, 0.07444778750325028, 0.9955543536491017, 0.05769797107516574, -0.1937952604944026, 1.932044161678606e-09, -0.05785853368842848, 0.9983247918785872, 8.533887790873607e-09, 0.0, 0.0, 0.0, 1.0]}, {"left_foot_pose": [0.9977908013873016, 0.06522857032872463, -0.012599614270192816, 1.6010542717992404e-11, -0.06643430338979227, 0.9796816520889141, -0.18923621189785522, -0.015807711409091943, 3.3673847675794552e-09, 0.18965519811807827, 0.9818507553731337, 8.582741760354562e-09, 0.0, 0.0, 0.0, 1.0], "right_foot_pose": [0.9972249128753367, -0.07444595208505514, -0.0005228373806690147, 0.00819362301469099, 0.07444778801802604, 0.9972003209649345, 0.0070033368228897335, -0.19379526056343632, 3.5262630993957623e-09, -0.007022826039526952, 0.999975339653143, 6.722846022932938e-09, 0.0, 0.0, 0.0, 1.0]}, {"left_foot_pose": [0.9980899587321873, 0.060138290764680614, -0.014135779493332761, 0.00023934217681925848, -0.06177729550358345, 0.9715868588817622, -0.22847875482971025, -0.016855104278858266, -6.184195728997378e-06, 0.22891562120609982, 0.9734462688456834, 0.002844457023041161, 0.0, 0.0, 0.0, 1.0], "right_foot_pose": [0.997224912867192, -0.07439454162905787, 0.0028151967646256443, 0.008193623859959243, 0.0744477881271243, 0.9965116770889207, -0.037709471865906764, -0.1937952606850985, 2.4252854658342133e-09, 0.03781440996801557, 0.999284779429153, 4.823061901249037e-09, 0.0, 0.0, 0.0, 1.0]}, {"left_foot_pose": [0.9988129998508416, 0.04706618309752985, -0.012544550115202521, 0.0009106435312586818, -0.0487092513444243, 0.9650534290770139, -0.25748648092698695, -0.01979279167846095, -1.27447515438138e-05, 0.25779188008028425, 0.9662004690550736, 0.00961703766281869, 0.0, 0.0, 0.0, 1.0], "right_foot_pose": [0.9972249128657356, -0.07423795639238241, 0.005585605661730593, 0.008193624086770684, 0.0744477881466309, 0.9944142241549254, -0.07481896576692482, -0.19379526049482815, 1.3973826345663684e-09, 0.07502717260460105, 0.9971814896852825, 3.1767459773845985e-09, 0.0, 0.0, 0.0, 1.0]}, {"left_foot_pose": [0.9995812890686228, 0.027829152719468096, -0.007923686189393079, 0.0019256698230357755, -0.028935207068226623, 0.9611982655420127, -0.27433674218184173, -0.024234657864906795, -1.8325672796226593e-05, 0.2744511478896452, 0.9616010436174801, 0.01743949334277419, 0.0, 0.0, 0.0, 1.0], "right_foot_pose": [0.9972249128675681, -0.07404094532296847, 0.007772488144209094, 0.008193623937375528, 0.07444778812208377, 0.991775270350128, -0.10411215090305176, -0.19379526013875267, 5.419532595036616e-10, 0.10440187516329226, 0.9945351921688786, 1.9097666295597726e-09, 0.0, 0.0, 0.0, 1.0]}, {"left_foot_pose": [0.9999913057755847, 0.004015813849070844, -0.00112321519367533, 0.0031961565994846697, -0.004169880578475788, 0.9616189097317662, -0.27435685619690897, -0.029794436975382227, -2.1661092766890068e-05, 0.2743591545500525, 0.9616272946653388, 0.023433117533493024, 0.0, 0.0, 0.0, 1.0], "right_foot_pose": [0.9972249128703521, -0.07385355002886089, 0.00938756085748641, 0.008193623525788247, 0.0744477880847945, 0.9892651198847432, -0.1257459718190051, -0.19379525977009182, -9.644407864052747e-11, 0.12609589893235632, 0.9920180564246001, 1.0370391767544618e-09, 0.0, 0.0, 0.0, 1.0]}, {"left_foot_pose": [0.9997153994077758, -0.023075314605713774, 0.0060539278819379165, 0.004633839341723152, 0.023856230102561885, 0.9672208384258146, -0.2528136270064551, -0.03608586567404768, -2.1731221952008306e-05, 0.2528860999950622, 0.9674960568173094, 0.02500000596565794, 0.0, 0.0, 0.0, 1.0], "right_foot_pose": [0.997224912872497, -0.07371089807578546, 0.01044876314696516, 0.008193623021444496, 0.07444778805606127, 0.9873543042710978, -0.13996072553004374, -0.19379525958741148, -4.933073103373653e-10, 0.1403502096264825, 0.9901019233683986, 5.410994291521476e-10, 0.0, 0.0, 0.0, 1.0]}, {"left_foot_pose": [0.998573212084906, -0.052118223364685926, 0.01162888213642984, 0.006150440251391316, 0.05339981031945013, 0.9746853246384162, -0.217110520685556, -0.04272266621704388, -1.9086148415329526e-05, 0.2174217301187144, 0.9760777586380631, 0.025000007533428237, 0.0, 0.0, 0.0, 1.0], "right_foot_pose": [0.9972249128732693, -0.07363122116612787, 0.01099620000203851, 0.008193622633294834, 0.07444778804571747, 0.9862870359853926, -0.14729361663782034, -0.1937952596058047, -6.440951738572394e-10, 0.14770350678549915, 0.9890316850754913, 2.9690917086044877e-10, 0.0, 0.0, 0.0, 1.0]}, {"left_foot_pose": [0.9965732392468218, -0.0814610022008265, 0.014348656297170729, 0.007657694919228608, 0.08271504459549615, 0.9814948933617099, -0.17270204313340295, -0.049318567851520605, -1.465136649824209e-05, 0.1732970842955054, 0.984869595611528, 0.025000008196236795, 0.0, 0.0, 0.0, 1.0], "right_foot_pose": [0.9972249128727686, -0.07362079294268219, 0.011065802835280535, 0.008193622300996599, 0.07444778805242366, 0.9861473501754632, -0.1482259444092497, -0.19379525963822603, -5.814895215351775e-10, 0.1486384290431087, 0.9888916105476863, 2.897790757350194e-10, 0.0, 0.0, 0.0, 1.0]}, {"left_foot_pose": [0.9939241032525861, -0.10932598857834169, 0.012755594651426639, 0.009067340577089423, 0.11006760148044492, 0.9872365323504266, -0.11510496208699027, -0.055487309447186356, -8.82526130975027e-06, 0.11580957393097385, 0.9932714344568873, 0.022459727816335096, 0.0, 0.0, 0.0, 1.0], "right_foot_pose": [0.9972249128737352, -0.07372937445037904, 0.010317581457199352, 0.008193622192687445, 0.07444778803947202, 0.9876017937944108, -0.13820355910790483, -0.1937952600123587, 5.091549612152036e-12, 0.13858815330762597, 0.9903501016119409, 4.855202767606315e-10, 0.0, 0.0, 0.0, 1.0]}, {"left_foot_pose": [0.9910155348127188, -0.13350100607752954, 0.008105006856849443, 0.010291095608915661, 0.13374681209426215, 0.9891959246675577, -0.060026767993277684, -0.060842604509219744, -3.805833513342691e-06, 0.0605714784150426, 0.9981638622932274, 0.015838564777368024, 0.0, 0.0, 0.0, 1.0], "right_foot_pose": [0.9972249128726368, -0.07384933142773212, 0.009420689668942871, 0.008193622123570183, 0.07444778805418972, 0.9892086116824987, -0.12618973582277643, -0.19379526020370788, 2.7504731905193454e-10, 0.12654089781908692, 0.9919613909720174, 9.117915797385301e-10, 0.0, 0.0, 0.0, 1.0]}, {"left_foot_pose": [0.9883697754389081, -0.15205873081286345, 0.0018246595366272014, 0.011240696610086046, 0.15206967810371597, 0.9882986654578287, -0.011855836356322742, -0.06499817849998601, -5.251558963715223e-07, 0.011995425705522735, 0.9999280522926981, 0.007998179173969687, 0.0, 0.0, 0.0, 1.0], "right_foot_pose": [0.9972249128724117, -0.07400267014952056, 0.008128834932037012, 0.008193622198993824, 0.07444778805720864, 0.9912625768211002, -0.10888540144290014, -0.1937952602962117, 5.857925178449927e-10, 0.10918840874714583, 0.994021071907063, 1.40465200582085e-09, 0.0, 0.0, 0.0, 1.0]}, {"left_foot_pose": [0.9865642158022132, -0.16331689765117605, -0.0043172954682774815, 0.011827880058050709, 0.16337395171272184, 0.9862197776939443, 0.026067258909933035, -0.06756776338550882, 5.783215230727987e-07, -0.026422358465955413, 0.9996508685399934, 0.0018172768400723932, 0.0, 0.0, 0.0, 1.0], "right_foot_pose": [0.9972249128736076, -0.07416279173618455, 0.006507954065683079, 0.008193622420632195, 0.0744477880411885, 0.9934073986476324, -0.08717377568924366, -0.1937952602067995, 8.523896534230419e-10, 0.08741636365143303, 0.9961718623641005, 1.8509329069438252e-09, 0.0, 0.0, 0.0, 1.0]}, {"left_foot_pose": [0.9860834177544643, -0.1660089226264663, -0.008973897596685097, 0.011977515715418831, 0.16625129542254996, 0.9846458364214768, 0.0532267187432743, -0.06822257747062518, 6.715355096429826e-10, -0.05397790683466188, 0.9985421300945443, 2.177225115473913e-09, 0.0, 0.0, 0.0, 1.0], "right_foot_pose": [0.997224912880537, -0.07429977473427381, 0.004692185507970031, 0.008193623372018382, 0.07444778794836715, 0.9952422816529616, -0.06285163227635505, -0.1937952601248929, 7.089232793496446e-10, 0.06302653635289934, 0.9980118514904303, 1.928131869444183e-09, 0.0, 0.0, 0.0, 1.0]}, {"left_foot_pose": [0.9860834177547724, -0.16574424656549805, -0.012974511917748064, 0.011977516910093439, 0.16625129542072298, 0.9830759673935971, 0.07695550080452791, -0.06822257810845489, -6.449176219438014e-10, -0.07804157266213631, 0.9969501055401027, 2.4533256745562504e-09, 0.0, 0.0, 0.0, 1.0], "right_foot_pose": [0.9972249128849959, -0.0743929131576319, 0.0028579001790075666, 0.008193624472375703, 0.0744477878886414, 0.9964898685427678, -0.038281441588647165, -0.19379526022093976, -6.140346017681957e-10, 0.03838797159968427, 0.9992629101675202, 1.7602461849230977e-09, 0.0, 0.0, 0.0, 1.0]}, {"left_foot_pose": [0.9860834177521594, -0.1654120462624153, -0.016683770122522753, 0.011977515248045686, 0.1662512954362182, 0.9811055940660941, 0.09895615219882539, -0.06822257749042616, 5.718570026686271e-10, -0.10035271916345023, 0.9949519243443384, 1.711298151796381e-09, 0.0, 0.0, 0.0, 1.0], "right_foot_pose": [0.9972249128782208, -0.07443911407572075, 0.0011364113016693082, 0.008193622978773237, 0.0744477879793936, 0.9971087261867668, -0.015222188646124695, -0.19379526015211437, 6.11679083934719e-10, 0.015264549054091461, 0.9998834899837956, 1.6127867236148674e-09, 0.0, 0.0, 0.0, 1.0]}, {"left_foot_pose": [0.9860834177572053, -0.16506370115037908, -0.01983602245432531, 0.011977514589546346, 0.16625129540629227, 0.9790394609001357, 0.11765305255751987, -0.06822257708912681, 4.233008678895563e-10, -0.11931348860422725, 0.9928566318643848, 1.0634187419533703e-09, 0.0, 0.0, 0.0, 1.0], "right_foot_pose": [0.996946781737508, -0.07808089121232861, -0.0006991499940106878, 0.009020424676296506, 0.07808402130511434, 0.9969068430516042, 0.0089236704167613, -0.19450879498216908, 2.1927432266426654e-07, -0.008951016946304341, 0.9999599388453414, 0.002250301001337579, 0.0, 0.0, 0.0, 1.0]}, {"left_foot_pose": [0.9860834177583583, -0.16475036678713612, -0.02228923205272321, 0.011977514424158528, 0.16625129539945285, 0.977180986014957, 0.13220373424696277, -0.06822257702865568, 4.6979690553656506e-11, -0.1340695238088871, 0.9909719283540069, 5.662890573132628e-10, 0.0, 0.0, 0.0, 1.0], "right_foot_pose": [0.9959212513005066, -0.09015136541622099, -0.0036868037137929607, 0.011783176789189756, 0.09022672112150273, 0.9950903462649723, 0.04067359789741211, -0.19689308535450628, 1.922397327079072e-06, -0.040840348723398597, 0.9991656849153976, 0.008710108372280957, 0.0, 0.0, 0.0, 1.0]}, {"left_foot_pose": [0.9860834177582515, -0.16452166905147117, -0.02391889702148621, 0.011977514427385948, 0.16625129540008513, 0.9758245147709974, 0.14186974007779798, -0.06822257716865988, -3.456487261383058e-10, -0.1438719457867533, 0.9895963132588637, 2.063107185090729e-10, 0.0, 0.0, 0.0, 1.0], "right_foot_pose": [0.9940174899837002, -0.10886941925824829, -0.008756663569888497, 0.01611109085908484, 0.10922101253657944, 0.9908214602482097, 0.0796467471532241, -0.2006281420963894, 5.1950768390157954e-06, -0.08012667135215983, 0.9967846891435653, 0.01655846181196486, 0.0, 0.0, 0.0, 1.0]}, {"left_foot_pose": [0.9860834177585523, -0.1644168365038916, -0.02462919194098158, 0.011977514600759792, 0.16625129539830136, 0.9752027230312792, 0.1460827018190926, -0.06822257734440845, -6.541315636924112e-10, -0.148144364949976, 0.9889657461881932, 2.128720116845173e-11, 0.0, 0.0, 0.0, 1.0], "right_foot_pose": [0.9910738562413987, -0.1322829031491325, -0.016548263027901237, 0.021614026820191846, 0.13331395794203266, 0.9834178129852215, 0.12295037096810188, -0.20537726797901978, 9.62462067934965e-06, -0.1240590127229827, 0.9922748415986193, 0.02291665592271718, 0.0, 0.0, 0.0, 1.0]}, {"left_foot_pose": [0.986083417758366, -0.16449456901888346, -0.024104563577728125, 0.01197751494501823, 0.16625129539940753, 0.9756637767493338, 0.14297098138169886, -0.06822257733079817, -4.274489150397187e-10, -0.1449887288809681, 0.9894333067455746, 1.1706788316523387e-10, 0.0, 0.0, 0.0, 1.0], "right_foot_pose": [0.9869957478534874, -0.1585514402861281, -0.026473279024878466, 0.027901846123375672, 0.16074636394669453, 0.973533112513924, 0.16246195036644118, -0.21080375837093834, 1.4037505246700924e-05, -0.16460473754465743, 0.9863596099703206, 0.02500000486280727, 0.0, 0.0, 0.0, 1.0]}, {"left_foot_pose": [0.9860834177651983, -0.16470573646559517, -0.02261666606359581, 0.011977515310004645, 0.16625129535888256, 0.9769162709292597, 0.13414583998456228, -0.06822257728918453, -2.967530935997172e-10, -0.13603903840073278, 0.9907034773488003, 4.4783339536724753e-10, 0.0, 0.0, 0.0, 1.0], "right_foot_pose": [0.9818295584436482, -0.18595389726529216, -0.03784000869714109, 0.03458439459566523, 0.1897649015467615, 0.9621301165115339, 0.19569088134721502, -0.2165709034384285, 1.752993078322687e-05, -0.19931579714952624, 0.97993531046664, 0.025000003868900132, 0.0, 0.0, 0.0, 1.0]}, {"left_foot_pose": [0.9860834177748461, -0.16504262998263008, -0.020010584146796573, 0.011977515691512815, 0.16625129530165908, 0.978914482213523, 0.11868842960942759, -0.06822257722879793, 4.7603051199440005e-11, -0.12036347785374142, 0.9927298893450086, 1.0773392247753755e-09, 0.0, 0.0, 0.0, 1.0], "right_foot_pose": [0.975805982209176, -0.2129106060966305, -0.049716786866717266, 0.04127153202012804, 0.2186382507859069, 0.9502631040666124, 0.22180475275107528, -0.22234201027047376, 1.944386884026192e-05, -0.22730839593216146, 0.9738228241115956, 0.025000002399515407, 0.0, 0.0, 0.0, 1.0]}, {"left_foot_pose": [0.9860834177859465, -0.16546122997934204, -0.016188716481257682, 0.01197751590980517, 0.16625129523581877, 0.9813973178371903, 0.09601984885627796, -0.0682225768300908, 6.397424519302339e-10, -0.09737497581870318, 0.9952477651742343, 2.100638940571997e-09, 0.0, 0.0, 0.0, 1.0], "right_foot_pose": [0.9693527591215311, -0.2383509456412472, -0.059531967004277035, 0.04757311895522574, 0.2456730103746477, 0.9404806950055521, 0.23482085575036088, -0.22778037708429036, 1.889267884452045e-05, -0.2422496419683564, 0.9702139509454963, 0.0230249335228803, 0.0, 0.0, 0