{"LoopMode": "Wrap", "FrameDuration": 0.0167, "EnableCycleOffsetPosition": true, "EnableCycleOffsetRotation": false, "Debug_info": [{"left_foot_pose": [1.0000000000000004, 1.0546384131849567e-13, -8.53683790325022e-12, 1.584383689004886e-12, -2.266567193760833e-14, 0.9999533426716402, 0.009659838498354155, -1.0673753547685294e-14, 8.537129960132802e-12, -0.009659838498354329, 0.9999533426716402, 1.8029973347655215e-11, 0.0, 0.0, 0.0, 1.0], "right_foot_pose": [0.9999999999999998, -1.8738547972140647e-13, -8.599398970687842e-12, 1.8043467808273063e-12, 6.02812447122873e-14, 0.999890680859485, -0.0147860180696337, -0.1400000000022306, 8.601047143211327e-12, 0.01478601806963355, 0.999890680859485, 1.4977338813615404e-11, 0.0, 0.0, 0.0, 1.0]}, {"left_foot_pose": [1.0000000000000004, 1.6299442698143018e-13, -1.9065582446131663e-11, 3.163995455799824e-12, -3.5387233949821006e-14, 0.9999777176528375, 0.006675642128120782, 8.874099372002675e-13, 1.9065682276521002e-11, -0.006675642128120955, 0.9999777176528377, 3.924194996729469e-11, 0.0, 0.0, 0.0, 1.0], "right_foot_pose": [0.9999999999999999, -5.050369321988521e-13, -1.918104564069267e-11, 3.847921454293321e-12, 1.6414833551659344e-13, 0.9998420757211354, -0.01777142700099164, -0.14000000000405305, 1.9186776283534357e-11, 0.01777142700099149, 0.9998420757211353, 3.4489217037858566e-11, 0.0, 0.0, 0.0, 1.0]}, {"left_foot_pose": [1.0000000000000007, 8.909613567775938e-14, -3.350109079036657e-11, 5.1968667336353815e-12, -4.3556232280616936e-15, 0.9999968257641821, 0.0025196153597007586, 2.5128718550426754e-12, 3.350084356974677e-11, -0.0025196153597009316, 0.9999968257641823, 6.821234549425625e-11, 0.0, 0.0, 0.0, 1.0], "right_foot_pose": [1.0, -1.098050289298796e-12, -3.370914658518131e-11, 6.575889891117141e-12, 3.5859919927463455e-13, 0.9997594986204345, -0.021930456406962402, -0.1400000000061399, 3.3725077778327304e-11, 0.02193045640696225, 0.9997594986204343, 6.153966225497243e-11, 0.0, 0.0, 0.0, 1.0]}, {"left_foot_pose": [1.0000000000000004, -2.6231810457364857e-13, -5.163669491992096e-11, 7.619173481269771e-12, 1.1879614246052633e-13, 0.999996119467805, -0.002785865993207324, 5.0093887371538415e-12, 5.163688928976778e-11, 0.0027858659932071504, 0.9999961194678053, 1.0469254629885683e-10, 0.0, 0.0, 0.0, 1.0], "right_foot_pose": [0.9999999999999999, -2.107144403326735e-12, -5.2003901185315713e-11, 9.922159704010321e-12, 6.897373615731759e-13, 0.999628868020088, -0.027241993702325794, -0.14000000000828033, 5.2041923953615726e-11, 0.027241993702325648, 0.999628868020088, 9.575464726685468e-11, 0.0, 0.0, 0.0, 1.0]}, {"left_foot_pose": [1.0000000000000007, -1.0742256375758983e-12, -7.366529608532345e-11, 1.041493020199449e-11, 3.9465809715114874e-13, 0.9999574121096371, -0.009228974319960639, 8.610681612175597e-12, 7.367193861714681e-11, 0.009228974319960462, 0.9999574121096373, 1.4927478697579488e-10, 0.0, 0.0, 0.0, 1.0], "right_foot_pose": [0.9999999999999998, -3.726384517069071e-12, -7.429634685252037e-11, 1.3890449938092806e-11, 1.2208539337961143e-12, 0.9994321350355762, -0.033695807724847725, -0.1400000000102698, 7.437973190145697e-11, 0.033695807724847586, 0.9994321350355759, 1.375284192084436e-10, 0.0, 0.0, 0.0, 1.0]}, {"left_foot_pose": [1.0000000000000007, -2.589299400900681e-12, -1.0022643825990937e-10, 1.3616243936138386e-11, 9.033360080622966e-13, 0.9998585130118489, -0.01682123532132099, 1.3676077631474826e-11, 1.0025558315875695e-10, 0.016821235321320818, 0.9998585130118491, 2.035102919517584e-10, 0.0, 0.0, 0.0, 1.0], "right_foot_pose": [1.0, -6.229012510888045e-12, -1.0127648719659983e-10, 1.8558074786556233e-11, 2.0404992766493202e-12, 0.9991465678982868, -0.04130539743271249, -0.14000000001188032, 1.0144699057887221e-10, 0.041305397432712346, 0.9991465678982867, 1.8813148261465074e-10, 0.0, 0.0, 0.0, 1.0]}, {"left_foot_pose": [1.0000000000000007, -5.147916510517889e-12, -1.3241563401322757e-10, 1.7297523111808154e-11, 1.7565195525139192e-12, 0.999672225931845, -0.02560157613254996, 2.073369947952486e-11, 1.3250376397676034e-10, 0.025601576132549778, 0.9996722259318453, 2.6999107116676413e-10, 0.0, 0.0, 0.0, 1.0], "right_foot_pose": [0.9999999999999998, -1.0008116398490101e-11, -1.3411172172794742e-10, 2.4072537963783682e-11, 3.274992076110795e-12, 0.9987435981133383, -0.05011212655258708, -0.1400000000128092, 1.3444451762402326e-10, 0.050112126552586934, 0.9987435981133382, 2.4975688184269984e-10, 0.0, 0.0, 0.0, 1.0]}, {"left_foot_pose": [1.0000000000000004, -9.240963448253719e-12, -1.7177531619338977e-10, 2.1567085540161787e-11, 3.113925242212208e-12, 0.9993648099158008, -0.035636732481478486, 3.0531585940019035e-11, 1.719950523455442e-10, 0.03563673248147829, 0.9993648099158007, 3.524256650400126e-10, 0.0, 0.0, 0.0, 1.0], "right_foot_pose": [0.9999999999999998, -1.5632846840341593e-11, -1.7444823363632614e-10, 3.064368711302009e-11, 5.105280831929135e-12, 0.9981871943394762, -0.060185754599281514, -0.14000000001260865, 1.7507273132220812e-10, 0.06018575459928136, 0.9981871943394763, 3.255410455094143e-10, 0.0, 0.0, 0.0, 1.0]}, {"left_foot_pose": [1.0000000000000004, -1.557804168829365e-11, -2.2027757395903768e-10, 2.6558232646486327e-11, 5.203840000970273e-12, 0.9988939764849875, -0.047019397507946474, 4.409477297184772e-11, 2.2076615332997387e-10, 0.0470193975079463, 0.9988939764849873, 4.557584865061415e-10, 0.0, 0.0, 0.0, 1.0], "right_foot_pose": [0.9999999999999998, -2.3921956381533918e-11, -2.244082142333069e-10, 3.853434020452889e-11, 7.787868060591348e-12, 0.9974317939014284, -0.07162273741332821, -0.14000000001059637, 2.2554491775360602e-10, 0.07162273741332809, 0.9974317939014284, 4.196017006075081e-10, 0.0, 0.0, 0.0, 1.0]}, {"left_foot_pose": [1.0000000000000002, -2.5163075987427574e-11, -2.802095222520502e-10, 3.2410300686793406e-11, 8.343999317470223e-12, 0.9982065801949088, -0.059863371568817034, 6.275656209975278e-11, 2.812130958877381e-10, 0.05986337156881685, 0.9982065801949086, 5.861611543367395e-10, 0.0, 0.0, 0.0, 1.0], "right_foot_pose": [0.9999999999999999, -3.602444107426422e-11, -2.864881665232131e-10, 4.8035470320779904e-11, 1.1675394485863748e-11, 0.9964199561208641, -0.08454153443187434, -0.1400000000057485, 2.8850790531049656e-10, 0.0845415344318742, 0.9964199561208639, 5.369244771014081e-10, 0.0, 0.0, 0.0, 1.0]}, {"left_foot_pose": [1.0000000000000007, -3.933088674432705e-11, -3.5368369344368427e-10, 3.920890568391529e-11, 1.294644784965039e-11, 0.9972364809159329, -0.07429267211783099, 8.805692286451006e-11, 3.5562799220351013e-10, 0.0742926721178308, 0.9972364809159329, 7.50358532253248e-10, 0.0, 0.0, 0.0, 1.0], "right_foot_pose": [1.0, -5.345006289868233e-11, -3.6307801210000403e-10, 5.938168655944462e-11, 1.7216357973446692e-11, 0.9950802849411319, -0.09907182506382006, -0.13999999999660978, 3.6658698417028794e-10, 0.09907182506381991, 0.9950802849411319, 6.826013504435124e-10, 0.0, 0.0, 0.0, 1.0]}, {"left_foot_pose": [1.0000000000000007, -5.960155255034155e-11, -4.4129105924994757e-10, 4.6830955381055196e-11, 1.9457500667752478e-11, 0.9959039812848076, -0.09041714472969427, 1.2125789608519177e-10, 4.448721543973718e-10, 0.09041714472969406, 0.9959039812848077, 9.531818945252013e-10, 0.0, 0.0, 0.0, 1.0], "right_foot_pose": [0.9999999999999998, -7.788246536682361e-11, -4.5508041779385125e-10, 7.252837152799254e-11, 2.4878397093251148e-11, 0.9933272291344533, -0.11533003017457993, -0.13999999998135998, 4.610257718207195e-10, 0.11533003017457981, 0.9933272291344531, 8.594482486801169e-10, 0.0, 0.0, 0.0, 1.0]}, {"left_foot_pose": [1.0000000000000002, -8.692322247517827e-11, -5.385781820521614e-10, 5.452298172056364e-11, 2.8097212474877977e-11, 0.994120819333106, -0.10827648206547373, 1.618239865025517e-10, 5.448232137531968e-10, 0.10827648206547356, 0.9941208193331059, 1.1901446564377416e-09, 0.0, 0.0, 0.0, 1.0], "right_foot_pose": [1.0, -1.1027086277204752e-10, -5.582251327851389e-10, 8.65681888241709e-11, 3.483954159859976e-11, 0.9910673021013234, -0.13336267358449294, -0.13999999995845624, 5.679444833395884e-10, 0.13336267358449277, 0.9910673021013237, 1.06128176385889e-09, 0.0, 0.0, 0.0, 1.0]}, {"left_foot_pose": [1.0, -1.1913016431453227e-10, -6.272831143405689e-10, 5.979051424860197e-11, 3.80429314741194e-11, 0.9918111941835179, -0.12771278358983837, 2.0336294453970893e-10, 6.373605525745201e-10, 0.1277127835898382, 0.991811194183518, 1.4267296302716836e-09, 0.0, 0.0, 0.0, 1.0], "right_foot_pose": [1.0, -1.4782226573607134e-10, -6.53763598812417e-10, 9.824680199613135e-11, 4.604468266978213e-11, 0.9882235848048766, -0.15301681749206172, -0.13999999992898232, 6.686837653317985e-10, 0.15301681749206159, 0.9882235848048766, 1.2550690209334192e-09, 0.0, 0.0, 0.0, 1.0]}, {"left_foot_pose": [1.0000000000000002, -1.4426894405533235e-10, -6.568973143217222e-10, 5.5977297009002666e-11, 4.5405075675410427e-11, 0.9889753077074682, -0.14808052115291645, 2.2491565901394672e-10, 6.710182773036371e-10, 0.1480805211529163, 0.9889753077074684, 1.5494704200258447e-09, 0.0, 0.0, 0.0, 1.0], "right_foot_pose": [0.9999999999999998, -1.7615548269726808e-10, -6.886142212003667e-10, 9.879865611930559e-11, 5.390551767045174e-11, 0.9848084309060908, -0.17364433309579627, -0.1399999999029395, 7.087413196818762e-10, 0.17364433309579605, 0.9848084309060906, 1.3407563392853206e-09, 0.0, 0.0, 0.0, 1.0]}, {"left_foot_pose": [0.9999999951050846, -9.746996992940018e-05, 1.7012828243791675e-05, 1.4031230778120951e-05, 9.894264707520288e-05, 0.9858426751909843, -0.16767292561006095, -1.610149063198396e-05, -4.2889709133236283e-07, 0.16767292647261012, 0.9858426800093042, 0.00016386123355266458, 0.0, 0.0, 0.0, 1.0], "right_foot_pose": [0.9999999999999998, -1.5835717126424588e-10, -5.569737449029324e-10, 1.2138628497340002e-10, 4.7621980023728973e-11, 0.9811110131883871, -0.1934455473782138, -0.1399999999695458, 5.770862215488198e-10, 0.1934455473782136, 0.9811110131883871, 1.0780779186037037e-09, 0.0, 0.0, 0.0, 1.0]}, {"left_foot_pose": [0.9999960973547368, -0.0027445482403251585, 0.00052223582131061, 0.0003962619903192085, 0.002793791240101764, 0.9825307475407475, -0.18607935099716913, -0.0004547157899575556, -2.4089965649790375e-06, 0.18608008381333396, 0.9825345807666112, 0.00419120933751338, 0.0, 0.0, 0.0, 1.0], "right_foot_pose": [1.0, -1.0266835271330373e-10, -3.1707186876062053e-10, 2.737812153458371e-10, 3.372534838498562e-11, 0.9776578660054991, -0.21020251434646017, -0.1400000001327673, 3.315687287049531e-10, 0.21020251434646003, 0.9776578660054991, 6.44949815775675e-10, 0.0, 0.0, 0.0, 1.0]}, {"left_foot_pose": [0.9999624605821471, -0.008485292972517634, 0.0017542034288406357, 0.0012290113717534023, 0.008664722034907334, 0.9793556485872364, -0.20195899626491595, -0.001410298357496665, -4.307785063142668e-06, 0.20196661452686923, 0.9793924068513087, 0.011469802879332948, 0.0, 0.0, 0.0, 1.0], "right_foot_pose": [0.9999999999999999, -3.9736674843970326e-11, -7.705192039963982e-11, 3.1159782436930944e-10, 2.15757631587297e-11, 0.9748773722117294, -0.2227422482367309, -0.14000000010989283, 8.396702715595803e-11, 0.22274224823673078, 0.9748773722117292, 3.3171525942732316e-10, 0.0, 0.0, 0.0, 1.0]}, {"left_foot_pose": [0.9998549885245075, -0.016641092266392158, 0.003616071188401164, 0.0024155777375211122, 0.01702944180460513, 0.9771268035729287, -0.21197454529064483, -0.0027718822191228516, -5.872115506446677e-06, 0.21200538622292925, 0.9772684974857145, 0.019120927344048667, 0.0, 0.0, 0.0, 1.0], "right_foot_pose": [1.0, 6.3468530196470165e-12, 9.858192040468335e-11, 2.1773179114039572e-10, 1.65480696125817e-11, 0.9730703744432138, -0.23050823495255865, -0.1399999999876258, -9.739021263668821e-11, 0.23050823495255848, 0.9730703744432136, 1.3870889159495192e-10, 0.0, 0.0, 0.0, 1.0]}, {"left_foot_pose": [0.9996298770833182, -0.026588444300272136, 0.00575877348768488, 0.003859262228845377, 0.027204940663529152, 0.9770297198801643, -0.21135945134860412, -0.004428505325776322, -6.773848008009354e-06, 0.2114378894630296, 0.9773914358400813, 0.024265878708261433, 0.0, 0.0, 0.0, 1.0], "right_foot_pose": [1.0, 1.9771285410620326e-11, 1.7582396649729038e-10, 1.6922817128018733e-11, 2.1773487834018404e-11, 0.9724321950378267, -0.23318581872385483, -0.13999999988353168, -1.7558741212767583e-10, 0.2331858187238546, 0.9724321950378267, 7.518517752824749e-11, 0.0, 0.0, 0.0, 1.0]}, {"left_foot_pose": [0.9992583066026124, -0.03775230959574046, 0.007589453594787934, 0.005463361072865447, 0.03850761794693967, 0.9796929190019463, -0.19677130842045876, -0.006269205817431438, -6.762590859774312e-06, 0.19691761621966195, 0.9804200387469826, 0.025000002195831685, 0.0, 0.0, 0.0, 1.0], "right_foot_pose": [1.0, -5.015335259117633e-12, 1.408931860069629e-10, -1.7242595826532847e-10, 3.737109543849517e-11, 0.9730470866103934, -0.2306065203740465, -0.1399999998654732, -1.359392644850254e-10, 0.2306065203740464, 0.9730470866103935, 1.7221064158023935e-10, 0.0, 0.0, 0.0, 1.0]}, {"left_foot_pose": [0.998736474266719, -0.04948017602592854, 0.008784483463875952, 0.007131167263119943, 0.050253904651182, 0.9833805672503567, -0.1744626178345305, -0.008183013096412166, -6.049291311180759e-06, 0.17468363442180426, 0.9846246126461579, 0.025000002823489603, 0.0, 0.0, 0.0, 1.0], "right_foot_pose": [1.0, -6.026178424055807e-11, 4.921729690466103e-12, -2.863148781048803e-10, 5.984083317568609e-11, 0.97479111317611, -0.22311944261511713, -0.13999999982747707, 8.6477801209285e-12, 0.223119442615117, 0.9747911131761098, 4.178753315597916e-10, 0.0, 0.0, 0.0, 1.0]}, {"left_foot_pose": [0.9980909631454853, -0.0610953739539488, 0.009043482113974466, 0.00876598190255976, 0.061761065924528596, 0.987344444315034, -0.14607025370041546, -0.01005896256363649, -4.8150491202357275e-06, 0.14634993529778126, 0.9892328828011893, 0.02491027204658363, 0.0, 0.0, 0.0, 1.0], "right_foot_pose": [0.9999999999999998, -1.3993844538674187e-10, -2.371002838508211e-10, -3.8482753999101103e-10, 8.683702317296189e-11, 0.977548356864884, -0.21071120043976269, -0.13999999982741496, 2.612633611973166e-10, 0.21071120043976255, 0.9775483568648837, 8.125591588470371e-10, 0.0, 0.0, 0.0, 1.0]}, {"left_foot_pose": [0.9973794426760224, -0.0719114540672976, 0.007936630342577475, 0.010271102725843218, 0.07234809822688767, 0.9913647808850321, -0.10936920912087449, -0.011786093424963598, -3.1969424627721225e-06, 0.10965680095051017, 0.9939695095902493, 0.02116383497826288, 0.0, 0.0, 0.0, 1.0], "right_foot_pose": [1.0, -2.336322968399558e-10, -5.954148840636707e-10, -5.06941709675263e-10, 1.143446392733108e-10, 0.981204861897556, -0.19296895861406996, -0.14000000006589927, 6.293076661312397e-10, 0.19296895861406976, 0.981204861897556, 1.3628056946823897e-09, 0.0, 0.0, 0.0, 1.0]}, {"left_foot_pose": [0.9966867132882884, -0.0811427989580047, 0.005607292738120646, 0.011549821051337074, 0.08133631139895191, 0.9943167990049618, -0.06869139439944491, -0.013253428925565159, -1.6133605527987276e-06, 0.06891987662342493, 0.9976221983314176, 0.013996813468603937, 0.0, 0.0, 0.0, 1.0], "right_foot_pose": [0.9999999999999999, -3.0662247063153023e-10, -1.0143295647857525e-09, -4.778316037881608e-10, 1.2983414814014574e-10, 0.9854619687391597, -0.16989616878770444, -0.14000000025120587, 1.0516769617400587e-09, 0.16989616878770428, 0.9854619687391595, 2.0590753477267576e-09, 0.0, 0.0, 0.0, 1.0]}, {"left_foot_pose": [0.9961161286121438, -0.08801191321901809, 0.0025615327996083392, 0.012505438736903745, 0.08804918124860106, 0.9956946588502946, -0.028973919625191507, -0.014350001120387144, -4.544273728848333e-07, 0.029086929513511946, 0.999576885752802, 0.006287911508587311, 0.0, 0.0, 0.0, 1.0], "right_foot_pose": [0.9999999999999997, -3.3163729519342667e-10, -1.4457204322582112e-09, -2.905891293855833e-10, 1.232378883353685e-10, 0.9898909885429523, -0.14183028873078127, -0.14000000029263904, 1.4781416531270146e-09, 0.14183028873078113, 0.9898909885429522, 2.8259090970039757e-09, 0.0, 0.0, 0.0, 1.0]}, {"left_foot_pose": [0.9957764160405334, -0.09180835025464991, -0.0007457083817754346, 0.01304125562288709, 0.09181137869277636, 0.9957435746059411, 0.008087297046302469, -0.014964845383129068, 5.292984198369052e-08, -0.00812160418285599, 0.9999670192288819, 0.0009158374435957253, 0.0, 0.0, 0.0, 1.0], "right_foot_pose": [1.0, -2.8335284346899443e-10, -1.7894302706267225e-09, 6.617815863692012e-11, 8.575665307504566e-11, 0.9939898323927748, -0.10947243077498417, -0.14000000012101635, 1.8096946670077588e-09, 0.10947243077498402, 0.9939898323927748, 3.502991716142212e-09, 0.0, 0.0, 0.0, 1.0]}, {"left_foot_pose": [0.9957239915554064, -0.09229539404821964, -0.003910611007769811, 0.013122000449267571, 0.09237820436104117, 0.9948313985701219, 0.042151580967334915, -0.015057494740032686, 1.8429875614585526e-09, -0.04233259567401804, 0.9991035738818579, 3.847801452461219e-09, 0.0, 0.0, 0.0, 1.0], "right_foot_pose": [0.9999999999999998, -2.0091525897661842e-10, -1.920713310621379e-09, 3.064259340740421e-10, 5.519208652476566e-11, 0.9971404824758422, -0.07557022037710884, -0.1399999999739593, 1.9304039893287037e-09, 0.07557022037710871, 0.9971404824758422, 3.81014872430363e-09, 0.0, 0.0, 0.0, 1.0]}, {"left_foot_pose": [0.9957239915579763, -0.09210403187484636, -0.007111958116415759, 0.013122000339242561, 0.0923782043333406, 0.9927687494449998, 0.07665818605706566, -0.015057494864264031, 1.7532710917684114e-09, -0.07698738492642392, 0.9970320669678544, 3.6344447174041505e-09, 0.0, 0.0, 0.0, 1.0], "right_foot_pose": [0.9999999999999999, -9.406988735578317e-11, -1.8125053125039863e-09, 2.1770304996158576e-10, 2.1130871729612725e-11, 0.9991916459697837, -0.04020018189255133, -0.1400000000886254, 1.8148216992983855e-09, 0.040200181892551194, 0.9991916459697838, 3.65430983390036e-09, 0.0, 0.0, 0.0, 1.0]}, {"left_foot_pose": [0.9957239915589482, -0.0918259644497439, -0.01008587560857218, 0.013122000222747891, 0.09237820432286659, 0.9897715232175257, 0.10871338093235335, -0.015057494908152771, 1.4113729822383351e-09, -0.10918023667557505, 0.9940219695356168, 2.93798114309185e-09, 0.0, 0.0, 0.0, 1.0], "right_foot_pose": [0.9999999999349029, -1.1409943631114735e-05, 8.397671602549987e-08, 7.483054781724814e-06, 1.1410252309047474e-05, 0.9999747101101614, -0.007111892146616209, -0.13999915585604536, -2.828303908058228e-09, 0.007111892147111293, 0.9999747101752562, 3.740206450856404e-05, 0.0, 0.0, 0.0, 1.0]}, {"left_foot_pose": [0.9957239915583884, -0.09150900353953165, -0.012642583052263482, 0.013122000260045086, 0.09237820432889705, 0.986355072257837, 0.1362715626835128, -0.015057494600563982, 1.0080979032535454e-09, -0.13685676345157363, 0.9905908470693443, 2.075082487784652e-09, 0.0, 0.0, 0.0, 1.0], "right_foot_pose": [0.9999993111609922, -0.0011734787011506071, -2.5005575589814654e-05, 0.0007697263448037207, 0.001173745084798489, 0.9997746981825332, 0.02119375371425319, -0.13991322411810891, 1.295232067789634e-07, -0.02119376846534051, 0.9997753868635798, 0.0034929902736171234, 0.0, 0.0, 0.0, 1.0]}, {"left_foot_pose": [0.9957239915570345, -0.09119768333702695, -0.014721249664587297, 0.013122000233771811, 0.09237820434349114, 0.9829994209182167, 0.15867704886568693, -0.015057494572688693, 6.40174486503438e-10, -0.15935846707473927, 0.9872207853219007, 1.3191931991229922e-09, 0.0, 0.0, 0.0, 1.0], "right_foot_pose": [0.9999920043496924, -0.003994791049046299, -0.00018133162577641538, 0.002622423777197575, 0.003998904407548124, 0.9989687361455535, 0.04522690534730769, -0.13970436939678532, 4.725883675375292e-07, -0.04522726885662577, 0.9989767235284048, 0.010538497873407437, 0.0, 0.0, 0.0, 1.0]}, {"left_foot_pose": [0.9957239915554895, -0.09092843556559868, -0.01630190928687634, 0.013122000153387174, 0.09237820436014563, 0.9800972588167571, 0.17571462835824078, -0.015057494722228018, 3.429410219991546e-10, -0.17646921223112053, 0.9843061602644418, 7.252120293177455e-10, 0.0, 0.0, 0.0, 1.0], "right_foot_pose": [0.9999668802238634, -0.008121437788528613, -0.0005298146849215309, 0.005337276744717062, 0.008138701035784318, 0.997852977292695, 0.06498613124009188, -0.13939832719072717, 8.963387787645994e-07, -0.06498829091729832, 0.9978860265796113, 0.018295208778606457, 0.0, 0.0, 0.0, 1.0]}, {"left_foot_pose": [0.9957239915541757, -0.09072965402159254, -0.017374191334940097, 0.013122000040103252, 0.09237820437430598, 0.9779546364984869, 0.1872725188266886, -0.015057494920772681, 1.3051871506838513e-10, -0.18807673655249235, 0.9821543367352024, 3.230746573046339e-10, 0.0, 0.0, 0.0, 1.0], "right_foot_pose": [0.9999122831031374, -0.013203641874535502, -0.0010440022604080946, 0.008685992428681615, 0.013244851749306714, 0.9968087090932714, 0.0787208446216412, -0.13902083191031225, 1.268705042560011e-06, -0.07872776712859783, 0.9968961524057235, 0.02388441805645551, 0.0, 0.0, 0.0, 1.0]}, {"left_foot_pose": [0.9957239915534201, -0.09062136645855962, -0.017930437421021447, 0.013121999972104469, 0.09237820438245037, 0.9767874287765597, 0.1932681720800221, -0.015057494993217402, 1.8478777526768956e-11, -0.19409813735649872, 0.980982116592723, 1.3015259009430125e-10, 0.0, 0.0, 0.0, 1.0], "right_foot_pose": [0.9998200726242324, -0.018901890046257044, -0.0015940295962739495, 0.01244027741123305, 0.01896898456788833, 0.9962901159088527, 0.08394154255663684, -0.13859761548052354, 1.4621235149677073e-06, -0.0839566762979794, 0.9964694057033857, 0.02500000190861415, 0.0, 0.0, 0.0, 1.0]}, {"left_foot_pose": [0.9957239915533173, -0.09060677304259063, -0.018004036323527355, 0.013121999992534706, 0.09237820438355829, 0.9766301295701305, 0.19406147832761775, -0.015057494982314956, 4.291673623531902e-12, -0.19489485035433707, 0.9808241418854663, 8.316975580457964e-11, 0.0, 0.0, 0.0, 1.0], "right_foot_pose": [0.9996883828511635, -0.02487769714485371, -0.002058489056177378, 0.01637182588851526, 0.02496271600406324, 0.9962884236881999, 0.08237863578976115, -0.13815441472448517, 1.458064574410867e-06, -0.08240435067185828, 0.9965989780188536, 0.0250000020499836, 0.0, 0.0, 0.0, 1.0]}, {"left_foot_pose": [0.9957239915538273, -0.0906848928729428, -0.017606329791785984, 0.013122000021435338, 0.09237820437805831, 0.9774721659511412, 0.18977468784501067, -0.015057494979858485, 7.880616680682488e-11, -0.19058965080876886, 0.9816697942814541, 2.0665640032557775e-10, 0.0, 0.0, 0.0, 1.0], "right_foot_pose": [0.9995231681959599, -0.030790781194176803, -0.0023160382041852346, 0.020252343603740924, 0.030877762838274717, 0.9967106288052924, 0.07492987514110531, -0.13771696670494127, 1.2705044534406031e-06, -0.07496566027195863, 0.9971861159173722, 0.024992552066463107, 0.0, 0.0, 0.0, 1.0]}, {"left_foot_pose": [0.9957239915549856, -0.0908541701309116, -0.016710847124903373, 0.013121999975839856, 0.09237820436557843, 0.9792967681061909, 0.18012247870535741, -0.015057494824110194, 2.5703619447989425e-10, -0.18089599151610264, 0.9835022319514112, 5.337804503957599e-10, 0.0, 0.0, 0.0, 1.0], "right_foot_pose": [0.9993385359984492, -0.036299950195460146, -0.0021918221376586197, 0.023853538398092882, 0.03636606203096638, 0.9975232989624198, 0.06020612559773691, -0.1373110033568134, 9.142888363639963e-07, -0.060246009352800264, 0.9981835594499772, 0.02183779441998341, 0.0, 0.0, 0.0, 1.0]}, {"left_foot_pose": [0.9957239915564453, -0.0911002052940337, -0.015312910705864297, 0.013121999986302419, 0.09237820434984063, 0.9819487266581166, 0.1650544321598287, -0.015057494675604861, 5.146019811728854e-10, -0.1657632372086444, 0.986165578992753, 1.009884530167593e-09, 0.0, 0.0, 0.0, 1.0], "right_foot_pose": [0.9991558664258395, -0.04104768834204419, -0.001625382602286928, 0.026947099836198023, 0.04107985621432318, 0.9983739420022645, 0.03952109998809948, -0.13696226554225163, 4.898406607445068e-07, -0.03955450938430715, 0.9992174141732756, 0.014923781029656406, 0.0, 0.0, 0.0, 1.0]}, {"left_foot_pose": [0.9957239915587668, -0.09139416619683938, -0.013447639921662334, 0.013121999854242299, 0.09237820432482025, 0.9851172660980859, 0.1449490924468167, -0.015057494697688165, 8.299338326089651e-10, -0.145571557732335, 0.9893477253116737, 1.5985769236115388e-09, 0.0, 0.0, 0.0, 1.0], "right_foot_pose": [0.999001721952795, -0.04466615829263774, -0.0007027365986891616, 0.02930473416882009, 0.04467168605875457, 0.9988781509064174, 0.01571241886038291, -0.1366964911321012, 1.348462945825598e-07, -0.015728125926284902, 0.9998763053772346, 0.007129215775022769, 0.0, 0.0, 0.0, 1.0]}, {"left_foot_pose": [0.9957239915587373, -0.09170071417667208, -0.011167437209388134, 0.013122000045841811, 0.09237820432514043, 0.9884214783055469, 0.12037129470908332, -0.015057494839101501, 1.1041940828416537e-09, -0.12088821383313864, 0.9926661270317602, 2.1384406051483396e-09, 0.0, 0.0, 0.0, 1.0], "right_foot_pose": [0.9989045480832798, -0.04679190050257414, 0.0004710264278012476, 0.030698148087122092, 0.046794271214937115, 0.9988539491734747, -0.010054073901481273, -0.13653941570814326, -3.7381930893434935e-08, 0.010065101485366839, 0.9999493455831089, 0.0013328058516155553, 0.0, 0.0, 0.0, 1.0]}, {"left_foot_pose": [0.9957239915551008, -0.09197311852286476, -0.00864164977063104, 0.013122000749549613, 0.09237820436433714, 0.9913576629968375, 0.09314639754639206, -0.015057494878801207, 1.0595375222548215e-09, -0.0935464028524282, 0.9956149207968773, 2.3157853759614433e-09, 0.0, 0.0, 0.0, 1.0], "right_foot_pose": [0.9988844364660971, -0.04718866972097468, 0.0017640963047858746, 0.030978716601157707, 0.04722163260421854, 0.9981871681201728, -0.03731614683246097, -0.13650779112502673, 1.0333707110969635e-09, 0.03735782180741181, 0.9993019529400539, 2.4345931590175063e-09, 0.0, 0.0, 0.0, 1.0]}, {"left_foot_pose": [0.9957239915533221, -0.09217624265048671, -0.006105156505759828, 0.013122001153436536, 0.0923782043835086, 0.9935470917183882, 0.0658061083244723, -0.015057494727337313, 6.819822542266228e-10, -0.06608870424491635, 0.9978137517448982, 2.095019685510735e-09, 0.0, 0.0, 0.0, 1.0], "right_foot_pose": [0.9988844364659711, -0.04712271185721542, 0.003054932614762154, 0.03097871699800451, 0.047221632606877256, 0.996791953953465, -0.0646213428177905, -0.13650779087624265, 6.671639224425728e-10, 0.06469351250979591, 0.9979051805853826, 2.3081846503569814e-09, 0.0, 0.0, 0.0, 1.0]}, {"left_foot_pose": [0.9957239915544508, -0.09230093336851057, -0.003777610643670328, 0.01312200011584823, 0.0923782043713422, 0.9948911050682143, 0.04071801091992037, -0.015057494947244978, 8.149804519732318e-10, -0.04089286924941729, 0.9991635367869223, 1.6899906959966238e-09, 0.0, 0.0, 0.0, 1.0], "right_foot_pose": [0.9988844364656256, -0.04703173412423006, 0.004230670398099445, 0.03097871591604902, 0.04722163261419103, 0.9948674910986484, -0.08949185755324943, -0.13650779117600553, 8.061051991284517e-10, 0.08959180286359023, 0.9959785684740673, 1.6595400123553539e-09, 0.0, 0.0, 0.0, 1.0]}, {"left_foot_pose": [0.9959323346204483, -0.09009539415372873, -0.0012668108574245707, 0.013514760759339132, 0.09010429988314352, 0.9958338703785792, 0.014004204703889224, -0.014012842073852073, -1.811834199078627e-07, -0.014061385390639818, 0.9999011338331727, 0.002844459019725888, 0.0, 0.0, 0.0, 1.0], "right_foot_pose": [0.9988844364655712, -0.046932820681078964, 0.005214684053319159, 0.030978715779744877, 0.04722163261534125, 0.9927751642945383, -0.11030680202550627, -0.1365077914856009, 5.415881124696631e-10, 0.1104299936741379, 0.9938839049391686, 1.0837633360183396e-09, 0.0, 0.0, 0.0, 1.0]}, {"left_foot_pose": [0.9964889799959898, -0.08370653137538744, 0.001711534882319228, 0.014616360755712087, 0.08372402729385914, 0.9962806204543749, -0.020376765217864336, -0.011082809393564846, 4.993025515643143e-07, 0.02044851858076888, 0.9997909071838988, 0.009617038594677996, 0.0, 0.0, 0.0, 1.0], "right_foot_pose": [0.9988844364658747, -0.04684183947372701, 0.005977011039742635, 0.030978715700831716, 0.04722163260891794, 0.9908506294412198, -0.12643238331094922, -0.13650779153285522, 2.524260256546041e-10, 0.1265735841740131, 0.9919572207456048, 5.908567593526648e-10, 0.0, 0.0, 0.0, 1.0]}, {"left_foot_pose": [0.9972530160942423, -0.07392671553532752, 0.0046111409755420114, 0.016282010241091417, 0.07407038468106947, 0.9953170041375433, -0.06210989766426218, -0.006652502361954762, 2.0337151215971436e-06, 0.062280831760867066, 0.9980586646039598, 0.017439492497248743, 0.0, 0.0, 0.0, 1.0], "right_foot_pose": [0.9988844364662819, -0.046773703412531155, 0.006488702067059154, 0.03097871567188877, 0.04722163260030824, 0.989409340616357, -0.13725623525242023, -0.13650779140731717, 5.592081773312849e-12, 0.13740952430666062, 0.9905143222739475, 2.2374197633512338e-10, 0.0, 0.0, 0.0, 1.0]}, {"left_foot_pose": [0.998077552682848, -0.06161415285472436, 0.006700373020373623, 0.018366863675761656, 0.06197740566706413, 0.9922204877570413, -0.10796899954135046, -0.001107183690109901, 4.171054882899473e-06, 0.10817670656465074, 0.9941316814886391, 0.023433115973710325, 0.0, 0.0, 0.0, 1.0], "right_foot_pose": [0.9988844364665133, -0.046739950303246416, 0.00672752782427683, 0.030978715714779337, 0.04722163259541515, 0.9886953579256154, -0.14230813972279616, -0.13650779124171286, -1.5178736553178754e-10, 0.14246707079879636, 0.9897995421993339, 2.391714604144113e-11, 0.0, 0.0, 0.0, 1.0]}, {"left_foot_pose": [0.9988337388073716, -0.04773258605275791, 0.007263776483621705, 0.020726077573575336, 0.048282110352236396, 0.9874457529357976, -0.15039854663191074, 0.005167875349444786, 6.326330290079747e-06, 0.15057385310130214, 0.9885987632615194, 0.02500000433768266, 0.0, 0.0, 0.0, 1.0], "right_foot_pose": [0.9988844364663106, -0.04674772909745346, 0.00667326079303499, 0.030978715861866294, 0.047221632599696965, 0.9888599036107596, -0.14116022260374372, -0.13650779118328094, -1.7895420146956174e-10, 0.14131787167641008, 0.9899642716506744, 6.17594725360604e-11, 0.0, 0.0, 0.0, 1.0]}, {"left_foot_pose": [0.9994277640360539, -0.03323395197546827, 0.006296738043408369, 0.02321480089586293, 0.03382520376299327, 0.9819139627879652, -0.1862815752360597, 0.011787400206320138, 8.01792046864757e-06, 0.18638796666664922, 0.9824762215023762, 0.025000003195756362, 0.0, 0.0, 0.0, 1.0], "right_foot_pose": [0.9988844364655708, -0.04679674284267129, 0.006320399210164922, 0.030978716098949536, 0.04722163261534874, 0.989896696095872, -0.1336961049231352, -0.1365077911509755, -5.499471201372736e-11, 0.1338454179932723, 0.9910022220369672, 3.3590269454819577e-10, 0.0, 0.0, 0.0, 1.0]}, {"left_foot_pose": [0.9998108228923844, -0.019000734467658504, 0.004158186737435756, 0.025688186959262144, 0.01945040740118059, 0.9765982405884046, -0.21419047161711413, 0.018366132204776307, 8.89842488136292e-06, 0.21423083010930774, 0.9767830625842651, 0.025000001750432342, 0.0, 0.0, 0.0, 1.0], "right_foot_pose": [0.9988844364643065, -0.0468817782694943, 0.00565521490969007, 0.030978716353651348, 0.04722163264209335, 0.9916954585826895, -0.11962539378027033, -0.13650779112134243, 2.433585434137646e-10, 0.11975899253400338, 0.9928029934016319, 8.868388454152942e-10, 0.0, 0.0, 0.0, 1.0]}, {"left_foot_pose": [0.9999819816617441, -0.00585612806241216, 0.001319892407730338, 0.028001391269641348, 0.006003022814867227, 0.9752063238155383, -0.22121616059245938, 0.024518804790388704, 8.302743129618964e-06, 0.22122009798908673, 0.9752239066884918, 0.022459722731518014, 0.0, 0.0, 0.0, 1.0], "right_foot_pose": [0.9988844364628381, -0.0470184563413481, 0.00437576914324223, 0.030978716444473434, 0.04722163267315326, 0.9945866231331806, -0.0925611500156446, -0.13650779149004935, 9.351277450352348e-10, 0.09266452313487393, 0.995697386836074, 2.0114235763091237e-09, 0.0, 0.0, 0.0, 1.0]}, {"left_foot_pose": [0.9999839142669705, 0.005539509907481025, -0.0012186210622783188, 0.03000956281295611, -0.005671962915740304, 0.9768819566339182, -0.21370416851285512, 0.02986014785772641, 6.632568966572905e-06, 0.21370764289812647, 0.976897662666329, 0.01583856040324145, 0.0, 0.0, 0.0, 1.0], "right_foot_pose": [0.9988844364618956, -0.047129465064236015, 0.0029489179303783825, 0.030978716576525532, 0.0472216326930905, 0.9969348022013365, -0.06237882305383088, -0.1365077919126567, 1.6482339027912982e-09, 0.062448488232632375, 0.9980481883744187, 3.422650829421059e-09, 0.0, 0.0, 0.0, 1.0]}, {"left_foot_pose": [0.9998914940614391, 0.014459912898068278, -0.002812654007144977, 0.0315678536796746, -0.014730922778174874, 0.98155057551445, -0.1906343820546455, 0.03400490351875593, 4.205599548574464e-06, 0.19065513008107943, 0.981657079308289, 0.007998175315755265, 0.0, 0.0, 0.0, 1.0], "right_foot_pose": [0.9988844364624927, -0.0472074070642104, 0.0011590130636935344, 0.0309787165972136, 0.04722163268045561, 0.9985835191108927, -0.02451678541525128, -0.1365077922383088, 2.5251648808863706e-09, 0.024544165872550594, 0.9996987465840002, 5.211237698310445e-09, 0.0, 0.0, 0.0, 1.0]}, {"left_foot_pose": [0.9997932856042099, 0.020085811520038684, -0.003153765419442843, 0.032531418612285805, -0.0203318975510327, 0.9877049023688208, -0.1550020637881097, 0.0365678097016003, 1.6473272396681035e-06, 0.1550341446655554, 0.9879091122087634, 0.0018172758753851673, 0.0, 0.0, 0.0, 1.0], "right_foot_pose": [0.9988844364657555, -0.04721167106272529, -0.0009698979093382226, 0.03097871641578748, 0.04722163261143672, 0.9986737202196831, 0.020516285143477198, -0.13650779232069765, 3.447729061214713e-09, -0.020539198086658494, 0.9997890484206942, 7.1277472465935965e-09, 0.0, 0.0, 0.0, 1.0]}, {"left_foot_pose": [0.999763243139355, 0.021631712343369358, -0.0023508910168432984, 0.032776967528960005, -0.021759082413542182, 0.9939109986923772, -0.1080160590414351, 0.03722093206990382, 4.120718680028223e-09, 0.10804163872977773, 0.9941463696561915, 8.460115677455526e-09, 0.0, 0.0, 0.0, 1.0], "right_foot_pose": [0.9988844364753681, -0.047103147555724055, -0.0033430611166886588, 0.030978714894602737, 0.04722163240810525, 0.9963781193279881, 0.07071605727934058, -0.13650779204665084, 4.06765677309271e-09, -0.07079503382840423, 0.9974908837604658, 8.492276902527518e-09, 0.0, 0.0, 0.0, 1.0]}, {"left_foot_pose": [0.9997632431387564, 0.021724835408460638, -0.0012203258383585449, 0.032776965130740014, -0.021759082441050747, 0.9981897062853236, -0.0560700686404424, 0.03722093156685699, 3.6776086118074615e-09, 0.05608334683750296, 0.9984260905082087, 8.084119790252586e-09, 0.0, 0.0, 0.0, 1.0], "right_foot_pose": [0.9988844364871369, -0.046868255013897395, -0.005766213291818622, 0.030978712401307458, 0.04722163215915411, 0.9914094197724134, 0.12197327511693763, -0.13650779194218204, 3.6108649271229793e-09, -0.12210949618469043, 0.9925166350956144, 9.014747601177042e-09, 0.0, 0.0, 0.0, 1.0]}, {"left_foot_pose": [0.999763243134854, 0.021758739234220163, -0.00012224327040219625, 0.032776967884509706, -0.02175908262036623, 0.9997474665047875, -0.005616541709962606, 0.03722093125990899, 3.533416282409493e-09, 0.00561787185657468, 0.9999842196333921, 6.693159249060443e-09, 0.0, 0.0, 0.0, 1.0], "right_foot_pose": [0.9988844364796338, -0.04653130097492595, -0.008044910710821689, 0.030978715274940956, 0.04722163231787132, 0.98428179326678, 0.17017481859772132, -0.13650779230710258, 3.438594573765578e-09, -0.1703648715936255, 0.9853810483903611, 8.097893591796357e-09, 0.0, 0.0, 0.0, 1.0]}, {"left_foot_pose": [0.9997632431329481, 0.021742280256024427, 0.0008549441847092989, 0.032776968779536064, -0.02175908270792816, 0.9989912173246569, 0.03928218461224295, 0.03722093139383022, 2.5350805858710596e-09, -0.039291487086509105, 0.9992277913681804, 4.855449542429113e-09, 0.0, 0.0, 0.0, 1.0], "right_foot_pose": [0.9989671268751793, -0.044421436118901855, -0.009561141975891089, 0.031067587445554413, 0.04543874356347383, 0.9765902439575184, 0.21025416997141258, -0.1357107520924782, -2.474205369992799e-06, -0.2104714503682843, 0.9776000043851005, 0.0022502998452663195, 0.0, 0.0, 0.0, 1.0]}, {"left_foot_pose": [0.9997632431326657, 0.021694908755750687, 0.001669914648984167, 0.032776968856324175, -0.02175908272090585, 0.996814640093372, 0.0767275414350472, 0.037220931323957374, 1.6406723305368821e-09, -0.076745711473683, 0.997050698696109, 3.2126398208376372e-09, 0.0, 0.0, 0.0, 1.0], "right_foot_pose": [0.999220340761525, -0.0383321600319491, -0.009452836384213082, 0.03136455097904589, 0.039480508836965036, 0.9701230898300732, 0.23937936419108077, -0.13304746118476918, -5.51325580775748e-06, -0.2395659326486904, 0.9708800975835105, 0.008710106692061188, 0.0, 0.0, 0.0, 1.0]}, {"left_foot_pose": [0.9997632431330172, 0.02163528179804338, 0.002317813985616786, 0.032776968750285934, -0.02175908270476155, 0.9940749659378929, 0.10649649954540767, 0.0372209310645258, 9.19367627921249e-10, -0.10652171927403808, 0.9943103757493955, 1.925438627981002e-09, 0.0, 0.0, 0.0, 1.0], "right_foot_pose": [0.999545560072585, -0.02913757749629162, -0.0077249541635801425, 0.031829749656168756, 0.03014420794630334, 0.9660975266215436, 0.25641157497863887, -0.1288753594060156, -8.153026186883128e-06, -0.2565279139458002, 0.9665368225267695, 0.016558460840833997, 0.0, 0.0, 0.0, 1.0]}, {"left_foot_pose": [0.9997632431335686, 0.021577865149324107, 0.002802394448860354, 0.032776968518727016, -0.021759082679410114, 0.9914368500682824, 0.12876146414061015, 0.0372209307435321, 3.8462837456386845e-10, -0.12879195651235628, 0.9916716351382245, 1.0114542883798983e-09, 0.0, 0.0, 0.0, 1.0], "right_foot_pose": [0.9998330966899575, -0.017655502193723034, -0.004697020934336707, 0.03242124899587988, 0.018269610487701572, 0.9660869011022459, 0.25757003096495396, -0.12357054051213517, -9.797847873524614e-06, -0.25761285441714127, 0.966248217148707, 0.022916654857997168, 0.0, 0.0, 0.0, 1.0]}, {"left_foot_pose": [0.9997632431343246, 0.0215370295190449, 0.0031006510661245913, 0.03277696811316688, -0.021759082644680995, 0.989560580855264, 0.14246543138549514, 0.03722093058868984, 1.3116876197147705e-10, -0.1424991690392935, 0.9897949215989702, 4.1390910837657557e-10, 0.0, 0.0, 0.0, 1.0], "right_foot_pose": [0.9999889618253519, -0.004567040685163964, -0.0011037965552550774, 0.0330971163155952, 0.004698524195903183, 0.9715064076117667, 0.23696671462393298, -0.11750909441083465, -9.89120058704137e-06, -0.23696928515877344, 0.9715171423055304, 0.025000003310638015, 0.0, 0.0, 0.0, 1.0]}, {"left_foot_pose": [0.9997632431344896, 0.02151207276304538, 0.0032693122587948748, 0.0327769679938028, -0.021759082637097832, 0.9884138956849109, 0.15021488987370898, 0.03722093061419593, -2.4870108477253275e-11, -0.1502504627028352, 0.988647964878088, 1.2061074361469082e-10, 0.0, 0.0, 0.0, 1.0], "right_foot_pose": [0.9999527082665021, 0.009521162139831105, 0.001982095354399956, 0.03381541148799525, -0.009725284291477313, 0.9791467230496727, 0.20292144683728633, -0.11106712548089184, -8.71417404585268e-06, -0.20293112677111616, 0.9791930135123863, 0.025000004995110417, 0.0, 0.0, 0.0, 1.0]}, {"left_foot_pose": [0.9997632431344627, 0.021507381625947064, 0.0033000322511117825, 0.0327769679025969, -0.021759082638348793, 0.9881983523494614, 0.15162637876223348, 0.03722093062958888, -4.064927834398786e-11, -0.15166228585052613, 0.9884323704991629, 6.88153423133997e-11, 0.0, 0.0, 0.0, 1.0], "right_foot_pose": [0.9997081786337079, 0.02384216296261017, 0.0038870088935580166, 0.03453419990762761, -0.02415693540398421, 0.9867261562215032, 0.16058622325786656, -0.1046207316487376, -6.690440275140054e-06, -0.16063325898954428, 0.9870141620370178, 0.025000006165647348, 0.0, 0.0, 0.0, 1.0]}, {"left_foot_pose": [0.9997632431342688, 0.021522959837355648, 0.00319685431165315, 0.03277696778996785, -0.021759082647261275, 0.9889141223152265, 0.14688567325595853, 0.03722093074108667, 7.039261142414252e-11, -0.14692045768151618, 0.9891483099690636, 2.725431616501517e-10, 0.0, 0.0, 0.0, 1.0], "right_foot_pose": [0.9992871399753297, 0.037518012854690315, 0.00419649751114475, 0.03521154833851637, -0.037751978256032305, 0.993106492786362, 0.11096973516832186, -0.09854600225643016, -4.204974753131602e-06, -0.11104905536296447, 0.9938149260729139, 0.023024936860771686, 0.0, 0.0, 0.0, 1.0]}, {"left_fo