{"LoopMode": "Wrap", "FrameDuration": 0.0167, "EnableCycleOffsetPosition": true, "EnableCycleOffsetRotation": false, "Debug_info": [{"left_foot_pose": [1.0000000000000007, 7.27773536422873e-14, -5.5245252816860134e-12, 1.0576059556114497e-12, -1.621930077432578e-14, 0.9999482062380132, 0.010177663846915786, -1.6983289774508137e-13, 5.5245346086978166e-12, -0.010177663846915954, 0.9999482062380134, 1.1836892577221647e-11, 0.0, 0.0, 0.0, 1.0], "right_foot_pose": [1.0, -1.196252215340617e-13, -5.572708960954741e-12, 1.0487921393856988e-12, 4.016497885680975e-14, 0.9998982065624349, -0.014268024152840723, -0.14000000000160656, 5.573741278342367e-12, 0.014268024152840572, 0.9998982065624351, 9.441274151367196e-12, 0.0, 0.0, 0.0, 1.0]}, {"left_foot_pose": [1.0000000000000007, 1.2625175319230513e-13, -1.2345624522680516e-11, 2.146415723244082e-12, -2.991362816891042e-14, 0.9999697620527155, 0.0077765660954061, 3.255919839295629e-13, 1.2345824374932084e-11, -0.007776566095406272, 0.9999697620527159, 2.561040962634209e-11, 0.0, 0.0, 0.0, 1.0], "right_foot_pose": [1.0, -3.1050533404576656e-13, -1.2429057782981088e-11, 2.281192083161207e-12, 1.0333688217036703e-13, 0.9998610478608586, -0.01666988214073227, -0.14000000000287316, 1.2432445830637149e-11, 0.016669882140732117, 0.9998610478608587, 2.19415735580597e-11, 0.0, 0.0, 0.0, 1.0]}, {"left_foot_pose": [1.0000000000000004, 1.2034481988936104e-13, -2.1708801423159236e-11, 3.5724056764028317e-12, -2.3810981614155587e-14, 0.9999901806205556, 0.004431553053917549, 1.2705253515932213e-12, 2.1708868165351577e-11, -0.0044315530539177205, 0.9999901806205556, 4.438510670112805e-11, 0.0, 0.0, 0.0, 1.0], "right_foot_pose": [0.9999999999999997, -6.540777326259999e-13, -2.184791236814476e-11, 3.949240345109963e-12, 2.166902800100522e-13, 0.9997996436814901, -0.020016805298685176, -0.14000000000433604, 2.1856385737809108e-11, 0.020016805298685023, 0.9997996436814899, 3.9340315727276476e-11, 0.0, 0.0, 0.0, 1.0]}, {"left_foot_pose": [1.0000000000000004, -2.1886882375205993e-14, -3.348804566982722e-11, 5.3050688274966684e-12, 2.7566933637154812e-14, 0.9999999872426092, 0.00015973347231469352, 2.7382818235111017e-12, 3.3487655495710596e-11, -0.0001597334723148671, 0.9999999872426093, 6.800072310797489e-11, 0.0, 0.0, 0.0, 1.0], "right_foot_pose": [1.0, -1.2236256880166466e-12, -3.3717750813622154e-11, 6.023383106312237e-12, 4.042414040616665e-13, 0.9997048935542246, -0.024292505093886186, -0.14000000000588225, 3.3737647156290804e-11, 0.024292505093886037, 0.9997048935542245, 6.141168823470267e-11, 0.0, 0.0, 0.0, 1.0]}, {"left_foot_pose": [1.0000000000000007, -3.96189389409729e-13, -4.781813833787397e-11, 7.350072294227668e-12, 1.559674324321545e-13, 0.9999873468739279, -0.005030516081235599, 4.854849161572972e-12, 4.7819187803549147e-11, 0.005030516081235423, 0.9999873468739282, 9.683449181396853e-11, 0.0, 0.0, 0.0, 1.0], "right_foot_pose": [1.0, -2.1215567184607954e-12, -4.819322718674356e-11, 8.5192125990952e-12, 6.995031967366419e-13, 0.9995650858804729, -0.02948964375442385, -0.14000000000741095, 4.823454781395981e-11, 0.029489643754423703, 0.9995650858804729, 8.842342830162053e-11, 0.0, 0.0, 0.0, 1.0]}, {"left_foot_pose": [1.0000000000000007, -1.1291850813638853e-12, -6.512584915796536e-11, 9.750975299536313e-12, 4.033030270723059e-13, 0.9999378376076424, -0.011149929172562476, 7.820782216283462e-12, 6.51339541739155e-11, 0.011149929172562299, 0.9999378376076424, 1.318714096254503e-10, 0.0, 0.0, 0.0, 1.0], "right_foot_pose": [1.0, -3.493146588704809e-12, -6.572720145925357e-11, 1.1501500836851736e-11, 1.149774414684842e-12, 0.9993653977971904, -0.035620242639033566, -0.14000000000881613, 6.580977327613513e-11, 0.03562024263903342, 0.9993653977971904, 1.2120612846722167e-10, 0.0, 0.0, 0.0, 1.0]}, {"left_foot_pose": [1.0000000000000007, -2.3986289948395894e-12, -8.613421087488856e-11, 1.2587137294335374e-11, 8.281986011443535e-13, 0.9998337888898561, -0.018231692026677907, 1.1936202026774367e-11, 8.616309231127356e-11, 0.018231692026677727, 0.9998337888898563, 1.7474590524590994e-10, 0.0, 0.0, 0.0, 1.0], "right_foot_pose": [0.9999999999999998, -5.548049006854113e-12, -8.708206378216228e-11, 1.5084647529695793e-11, 1.822983103712585e-12, 0.999087123239205, -0.04271908446595827, -0.14000000000995938, 8.723936978636378e-11, 0.04271908446595814, 0.9990871232392047, 1.6117901457946004e-10, 0.0, 0.0, 0.0, 1.0]}, {"left_foot_pose": [1.0000000000000004, -4.461550318222199e-12, -1.1185685711012632e-10, 1.5970219092463155e-11, 1.514944287935773e-12, 0.99965325727945, -0.026331828850018075, 1.7629954787712343e-11, 1.1193533543003528e-10, 0.026331828850017898, 0.9996532572794502, 2.277692270902243e-10, 0.0, 0.0, 0.0, 1.0], "right_foot_pose": [1.0, -8.589731917192834e-12, -1.1332629279436897e-10, 1.942988103531661e-11, 2.8167054102470074e-12, 0.9987065980001021, -0.050844184633666245, -0.1400000000106311, 1.1361635249589326e-10, 0.0508441846336661, 0.9987065980001022, 2.103510837736522e-10, 0.0, 0.0, 0.0, 1.0]}, {"left_foot_pose": [1.0000000000000004, -7.690232098436375e-12, -1.4357698363554037e-10, 2.0038567015296052e-11, 2.584768586989599e-12, 0.9993686940658152, -0.03552764164967927, 2.5492510880020802e-11, 1.4375935969287975e-10, 0.03552764164967908, 0.9993686940658152, 2.9395703926571315e-10, 0.0, 0.0, 0.0, 1.0], "right_foot_pose": [1.0, -1.3053296621938036e-11, -1.4582168805787882e-10, 2.4741569097837625e-11, 4.269510651086085e-12, 0.9981938457992244, -0.06007533777312059, -0.14000000001050086, 1.463423232650011e-10, 0.06007533777312045, 0.9981938457992244, 2.713115426766777e-10, 0.0, 0.0, 0.0, 1.0]}, {"left_foot_pose": [1.0000000000000004, -1.2610018573929941e-11, -1.8273899060616807e-10, 2.4939947126365925e-11, 4.206903664618307e-12, 0.9989454260812565, -0.04591335003392395, 3.629158432105761e-11, 1.8312497431799452e-10, 0.04591335003392378, 0.9989454260812567, 3.7691183507604364e-10, 0.0, 0.0, 0.0, 1.0], "right_foot_pose": [1.0, -1.954337018984882e-11, -1.8612317242983057e-10, 3.1249328297502185e-11, 6.371288095393081e-12, 0.9975110817429536, -0.07050987023107379, -0.14000000000905571, 1.8703776459952612e-10, 0.07050987023107361, 0.9975110817429538, 3.4706976875797935e-10, 0.0, 0.0, 0.0, 1.0]}, {"left_foot_pose": [1.0000000000000007, -1.990860389887595e-11, -2.3053708941844744e-10, 3.077346880969035e-11, 6.5993026218262395e-12, 0.9983403267915838, -0.05758985936495195, 5.08993732578622e-11, 2.3130044358580719e-10, 0.05758985936495178, 0.9983403267915836, 4.801187364344983e-10, 0.0, 0.0, 0.0, 1.0], "right_foot_pose": [1.0, -2.8832969184869865e-11, -2.355673434095705e-10, 3.914079507252895e-11, 9.359350746965524e-12, 0.996611523427161, -0.08225248550769432, -0.14000000000554266, 2.371404163689866e-10, 0.08225248550769418, 0.996611523427161, 4.403377593109603e-10, 0.0, 0.0, 0.0, 1.0]}, {"left_foot_pose": [1.0000000000000007, -3.032363687218909e-11, -2.868105752895639e-10, 3.7437844867564e-11, 9.987601209412361e-12, 0.9975017959093284, -0.07064111520683568, 6.99636962947503e-11, 2.8823591932129676e-10, 0.07064111520683551, 0.9975017959093283, 6.047956371824093e-10, 0.0, 0.0, 0.0, 1.0], "right_foot_pose": [0.9999999999999999, -4.171255354517835e-11, -2.941413224100129e-10, 4.837760671580586e-11, 1.3463801943260417e-11, 0.995439828663162, -0.09539154842571197, -0.13999999999899318, 2.967789543085448e-10, 0.09539154842571183, 0.9954398286631618, 5.514918521853929e-10, 0.0, 0.0, 0.0, 1.0]}, {"left_foot_pose": [1.0000000000000007, -4.413086916438181e-11, -3.4718533603594815e-10, 4.423466098718462e-11, 1.4433149891851406e-11, 0.996374239888205, -0.08507863472813157, 9.286695717980464e-11, 3.496809127897656e-10, 0.08507863472813142, 0.9963742398882051, 7.438372764956291e-10, 0.0, 0.0, 0.0, 1.0], "right_foot_pose": [0.9999999999999997, -5.835839208084971e-11, -3.5751313021137285e-10, 5.820913773053036e-11, 1.8698574058229242e-11, 0.9939378829333124, -0.10994309832838493, -0.13999999998857332, 3.6176195358892725e-10, 0.10994309832838481, 0.9939378829333124, 6.73073728696405e-10, 0.0, 0.0, 0.0, 1.0]}, {"left_foot_pose": [1.0000000000000002, -5.950514610000142e-11, -3.961694861054344e-10, 4.8897846322702703e-11, 1.9303501249754002e-11, 0.9949155099183342, -0.10071309807538512, 1.149260200894453e-10, 4.0014781090600723e-10, 0.10071309807538494, 0.994915509918334, 8.661261569065104e-10, 0.0, 0.0, 0.0, 1.0], "right_foot_pose": [1.0, -7.635980033317369e-11, -4.097743810937966e-10, 6.596833602924404e-11, 2.4236862294767268e-11, 0.9920656733896426, -0.1257207209729365, -0.13999999997492543, 4.161229064271501e-10, 0.1257207209729363, 0.9920656733896428, 7.760056139338722e-10, 0.0, 0.0, 0.0, 1.0]}, {"left_foot_pose": [1.0, -6.848515785649857e-11, -3.936776460378143e-10, 4.5734532996441966e-11, 2.2012046921735585e-11, 0.9931486636507392, -0.11685774210017887, 1.214959001460958e-10, 3.9898323724827265e-10, 0.11685774210017873, 0.9931486636507391, 8.833131656671434e-10, 0.0, 0.0, 0.0, 1.0], "right_foot_pose": [1.0, -8.593654908044242e-11, -4.0909986509518557e-10, 6.468530622261703e-11, 2.6959210262874492e-11, 0.9898617504848016, -0.1420342033707534, -0.13999999996374712, 4.1715796539046416e-10, 0.1420342033707532, 0.9898617504848017, 7.8145419302178e-10, 0.0, 0.0, 0.0, 1.0]}, {"left_foot_pose": [0.9999999972774027, 7.311192705312558e-05, -9.992076495381217e-06, 1.0693012621243027e-05, -7.379113603199379e-05, 0.9912471124982843, -0.13201953082284038, 3.57667379003411e-05, 2.524146665996161e-07, 0.13201953120073076, 0.9912471151945295, 0.00016386106948528684, 0.0, 0.0, 0.0, 1.0], "right_foot_pose": [1.0000000000000002, -6.87269962254203e-11, -2.965505618846005e-10, 2.354264344861823e-11, 2.1305776369135096e-11, 0.98759314160876, -0.15703434862264917, -0.1400000000196165, 3.0366356959175736e-10, 0.15703434862264898, 0.9875931416087601, 5.431866970107002e-10, 0.0, 0.0, 0.0, 1.0]}, {"left_foot_pose": [0.9999978289798839, 0.0020589522523293356, -0.0003205481894509151, 0.00030198462911084896, -0.0020837546235541434, 0.9882038246343604, -0.15313020258816432, 0.0010101255346686676, 1.4791712765507005e-06, 0.15313053808318572, 0.9882059695752535, 0.004191208923850283, 0.0, 0.0, 0.0, 1.0], "right_foot_pose": [0.9999999999999999, -4.1869827067672315e-11, -1.597948440235084e-10, -4.181358081153578e-11, 1.4257216943706474e-11, 0.9856108130073437, -0.16903054541414472, -0.14000000015530373, 1.6457284062081864e-10, 0.16903054541414458, 0.9856108130073438, 2.6999202873412287e-10, 0.0, 0.0, 0.0, 1.0]}, {"left_foot_pose": [0.9999791165146293, 0.006354624677688786, -0.0011769791109254133, 0.0009366076450590651, -0.006462702705410117, 0.9833374154454942, -0.18167487679565805, 0.003132931762885009, 2.891941568700217e-06, 0.1816786892571104, 0.9833579479830605, 0.011469801347556423, 0.0, 0.0, 0.0, 1.0], "right_foot_pose": [1.0, -1.1626101690348876e-11, -2.014277633577415e-11, -5.146025127421627e-11, 7.875581496219025e-12, 0.9841966840698366, -0.17707875949965948, -0.1400000001305148, 2.188306184744954e-11, 0.1770787594996593, 0.9841966840698368, 9.759143493326405e-11, 0.0, 0.0, 0.0, 1.0]}, {"left_foot_pose": [0.9999193271636441, 0.012407024017926522, -0.0027211981965366144, 0.0018408659578969954, -0.01270193469643531, 0.9767779257195289, -0.2138774057305327, 0.006157679447019568, 4.424220094029267e-06, 0.21389471611536814, 0.9768567194826239, 0.01912092549195226, 0.0, 0.0, 0.0, 1.0], "right_foot_pose": [1.0, 6.633315588872964e-12, 7.023404080541693e-11, -1.2577565435184063e-11, 6.148114607156069e-12, 0.9835874815010349, -0.18043188807539431, -0.14000000001503615, -7.02783494855534e-11, 0.18043188807539418, 0.9835874815010348, 2.482195698982892e-11, 0.0, 0.0, 0.0, 1.0]}, {"left_foot_pose": [0.9997940874281143, 0.019681029561945684, -0.0049436645483826695, 0.0029410655641437704, -0.02029242986480817, 0.9697407038328849, -0.24329238504294323, 0.009837857833442397, 5.828116435502389e-06, 0.24334260704834165, 0.9699403979425492, 0.024265877417343602, 0.0, 0.0, 0.0, 1.0], "right_foot_pose": [0.9999999999999998, 6.757547274476374e-14, 7.200134932716651e-11, 8.916025646085454e-11, 1.2786693748297499e-11, 0.9839377854819703, -0.1785117203458538, -0.13999999993164722, -7.085696157545651e-11, 0.17851172034585364, 0.9839377854819705, 8.071072976623128e-11, 0.0, 0.0, 0.0, 1.0]}, {"left_foot_pose": [0.9995873553774443, 0.02771395110398948, -0.007553534519237982, 0.004163513477413687, -0.028724883357439945, 0.9644700554594018, -0.26262595682498796, 0.013926948645449551, 6.754930597501888e-06, 0.2627345600341618, 0.9648681520902361, 0.02500000088666765, 0.0, 0.0, 0.0, 1.0], "right_foot_pose": [1.0, -3.705106298971415e-11, -4.0366709974648316e-11, 2.545914686969651e-10, 2.960918575520738e-11, 0.9852949386057704, -0.17086217825443734, -0.1399999999355326, 4.610340262369392e-11, 0.17086217825443722, 0.9852949386057706, 3.3561405043958104e-10, 0.0, 0.0, 0.0, 1.0]}, {"left_foot_pose": [0.9992970022592284, 0.03603558857056937, -0.010341065326797197, 0.005434513173752168, -0.037490014997275355, 0.9605818645583846, -0.2754577649242112, 0.018178443195333426, 7.1571277573743905e-06, 0.27565180543198065, 0.96125755243372, 0.025000000358021704, 0.0, 0.0, 0.0, 1.0], "right_foot_pose": [1.0, -1.0092552234136123e-10, -2.7909724531482937e-10, 4.4324169180099087e-10, 5.573884788426532e-11, 0.9875355687891931, -0.1573959986029028, -0.1399999999028813, 2.9150341147270907e-10, 0.15739599860290268, 0.987535568789193, 8.043935240120703e-10, 0.0, 0.0, 0.0, 1.0]}, {"left_foot_pose": [0.9989378038612504, 0.04421425803438573, -0.012975492411920033, 0.006680369910626318, -0.04607888853394096, 0.9585572057789931, -0.281149105068194, 0.02234583440479386, 6.95267235487966e-06, 0.28144836584289906, 0.959576373883821, 0.024910268983876285, 0.0, 0.0, 0.0, 1.0], "right_foot_pose": [0.9999999999999997, -1.8444730643740096e-10, -6.762819193539816e-10, 6.442076661304004e-10, 8.956003998509865e-11, 0.9904727381576759, -0.13770895020453824, -0.13999999994536805, 6.952386468736201e-10, 0.13770895020453816, 0.990472738157676, 1.5253403054527048e-09, 0.0, 0.0, 0.0, 1.0]}, {"left_foot_pose": [0.9985418401396146, 0.051954709873517094, -0.014659522930572199, 0.007827390090574529, -0.05398327014173224, 0.9610489786067411, -0.27105473112223183, 0.026182607275011302, 5.949623988746943e-06, 0.2714508589798515, 0.9624523007005095, 0.021163832249804365, 0.0, 0.0, 0.0, 1.0], "right_foot_pose": [1.0, -2.661849761137639e-10, -1.262548399161288e-09, 8.462750813207519e-10, 1.2421373752499484e-10, 0.993804531117346, -0.11114204393762186, -0.14000000038303706, 1.2843102256943662e-09, 0.11114204393762171, 0.993804531117346, 2.595452311404678e-09, 0.0, 0.0, 0.0, 1.0]}, {"left_foot_pose": [0.9981563005745984, 0.058832779289692216, -0.014923260511123821, 0.008801876397493738, -0.060695960363620106, 0.9675334881923062, -0.24534659080975119, 0.02944225676321403, 4.33247094140632e-06, 0.24580002706972984, 0.9693205592959178, 0.013996810758138571, 0.0, 0.0, 0.0, 1.0], "right_foot_pose": [1.0, -2.9809456387336203e-10, -2.0067263961642806e-09, 9.83337915689235e-10, 1.4187494797891086e-10, 0.9969999361828108, -0.07740237238916983, -0.14000000079942035, 2.0237792042871824e-09, 0.07740237238916967, 0.9969999361828107, 4.027254252303436e-09, 0.0, 0.0, 0.0, 1.0]}, {"left_foot_pose": [0.997838716098574, 0.06424787898496727, -0.01378791864944891, 0.009530133396836579, -0.06571070421610015, 0.9756331660430417, -0.20933711727320506, 0.03187827956132623, 2.484947474499362e-06, 0.20979069417580082, 0.9777463191600684, 0.006287909078568986, 0.0, 0.0, 0.0, 1.0], "right_foot_pose": [1.0, -2.2554392007599124e-10, -2.8566379817185338e-09, 9.862480098775851e-10, 1.2083381088440892e-10, 0.9993299176427248, -0.03660212704454617, -0.1400000010647543, 2.862979279219355e-09, 0.03660212704454602, 0.9993299176427247, 5.7019237317823546e-09, 0.0, 0.0, 0.0, 1.0]}, {"left_foot_pose": [0.9976496242109371, 0.06756296098189093, -0.01142250476629133, 0.009938467187422572, -0.06852172875220844, 0.9836922006103643, -0.16629620304489354, 0.033244166844690205, 7.649722764682037e-07, 0.16668803424871015, 0.9860096851642567, 0.0009158378701889236, 0.0, 0.0, 0.0, 1.0], "right_foot_pose": [0.9999999999999999, -3.416874485362372e-12, -3.637559031766102e-09, 7.815948372117893e-10, 4.1310851495834837e-11, 0.9999457368544005, 0.010417453945681346, -0.14000000103364219, 3.6373258906993642e-09, -0.010417453945681499, 0.9999457368544005, 7.248540441484597e-09, 0.0, 0.0, 0.0, 1.0]}, {"left_foot_pose": [0.9976204443267918, 0.06846542988941905, -0.008119973600495475, 0.010000000378956111, -0.06894526133981677, 0.990677411636915, -0.11749390201694537, 0.033450001334609125, 3.918123003784771e-09, 0.11777415243779193, 0.9930404065382038, 8.277346287555165e-09, 0.0, 0.0, 0.0, 1.0], "right_foot_pose": [0.9999999999999999, 3.355569941116053e-10, -3.941039217192357e-09, 5.893479289059001e-10, -9.357680862864347e-11, 0.9981230533299611, 0.06124026789029814, -0.14000000099879703, 3.954191632489076e-09, -0.06124026789029831, 0.9981230533299611, 7.97991928785935e-09, 0.0, 0.0, 0.0, 1.0]}, {"left_foot_pose": [0.9976204443202858, 0.06878572662301678, -0.004687524628256656, 0.010000000356164135, -0.06894526143395825, 0.9953120196760773, -0.06782723947008103, 0.03345000096879166, 3.6532484392073476e-09, 0.0679890233881337, 0.9976860692115178, 7.37725749933027e-09, 0.0, 0.0, 0.0, 1.0], "right_foot_pose": [0.9999999999999998, 5.73844473458584e-10, -3.6070478270922057e-09, 6.046416640479267e-10, -1.6904536733255532e-10, 0.9937938903531719, 0.11123714980485457, -0.14000000119244976, 3.648494603238157e-09, -0.11123714980485472, 0.993793890353172, 7.768402296437493e-09, 0.0, 0.0, 0.0, 1.0]}, {"left_foot_pose": [0.9976204443143483, 0.0689297862210937, -0.0014607044730236998, 0.010000000313903835, -0.06894526151986906, 0.9973965215606884, -0.021135980994433992, 0.033450000610780184, 2.908902386386591e-09, 0.021186395402582547, 0.999775543134481, 5.729738711268695e-09, 0.0, 0.0, 0.0, 1.0], "right_foot_pose": [0.9999999999015703, 1.3838600733789638e-05, 2.3135110261972955e-06, -7.279017519563975e-06, -1.4030172820149028e-05, 0.9876414485067221, 0.15673024275709457, -0.1399938712628851, -1.1599212882127515e-07, -0.15673024277412678, 0.9876414486036672, 3.7404935651463855e-05, 0.0, 0.0, 0.0, 1.0]}, {"left_foot_pose": [0.9976204443111513, 0.06893267457553431, 0.0013173717340528987, 0.010000000323257107, -0.06894526156613047, 0.9974383131981704, 0.019062063685940565, 0.0334500007954917, 1.9925322259164676e-09, -0.019107530982639752, 0.9998174344647868, 3.90827135238192e-09, 0.0, 0.0, 0.0, 1.0], "right_foot_pose": [0.9999989592555694, 0.001414626900533083, 0.000283405205163504, -0.0007488140600402748, -0.0014427354831765466, 0.9807126269072016, 0.19544989623712022, -0.13936953414467923, -1.4503823117856525e-06, -0.195450101702475, 0.9807136471684222, 0.0034929894182491317, 0.0, 0.0, 0.0, 1.0]}, {"left_foot_pose": [0.9976204443105875, 0.06885348353390477, 0.0035562478530899617, 0.01000000025406497, -0.06894526157428267, 0.9962924384423683, 0.051458021814043374, 0.03345000070072363, 1.2123999424109033e-09, -0.051580761023924296, 0.9986688265346996, 2.372969494512933e-09, 0.0, 0.0, 0.0, 1.0], "right_foot_pose": [0.9999879201643681, 0.004785743411979371, 0.0011207967415691464, -0.0025511859129476165, -0.004915233138506099, 0.9737788539855421, 0.22744358424408895, -0.13785204028498008, -2.9215316629498197e-06, -0.22744634574026168, 0.9737906139416553, 0.010538496936317525, 0.0, 0.0, 0.0, 1.0]}, {"left_foot_pose": [0.9976204443113678, 0.06874580238179097, 0.005240586500869248, 0.010000000150994467, -0.06894526156299145, 0.9947343198755746, 0.07582996617228403, 0.03345000044842092, 6.204060220032578e-10, -0.07601083815195606, 0.9971069914926068, 1.2294755075137331e-09, 0.0, 0.0, 0.0, 1.0], "right_foot_pose": [0.9999499637315032, 0.0096827304565012, 0.0025129194717284317, -0.005192302644949135, -0.010003500145934026, 0.9679927616381043, 0.250778674135314, -0.13562838279537678, -4.265553321764367e-06, -0.2507912640965443, 0.9680411880879153, 0.018295208045813312, 0.0, 0.0, 0.0, 1.0]}, {"left_foot_pose": [0.997620444312461, 0.06864987579293363, 0.006375236734710436, 0.010000000075097437, -0.06894526154717798, 0.9933462870827064, 0.09224806149287537, 0.03345000016596818, 2.2392661923292803e-10, -0.09246809445758548, 0.9957156479173076, 4.931945199460053e-10, 0.0, 0.0, 0.0, 1.0], "right_foot_pose": [0.9998674829670674, 0.01571367693967594, 0.004254040683462978, -0.008450070482787037, -0.01627932670995637, 0.9652088449714832, 0.26097292792679805, -0.13288554951817955, -5.19341510399744e-06, -0.2610075974868372, 0.965336746439903, 0.02388441751863611, 0.0, 0.0, 0.0, 1.0]}, {"left_foot_pose": [0.9976204443132284, 0.06859187932327901, 0.006971598036157795, 0.010000000039528736, -0.0689452615360692, 0.9925070933096418, 0.10087725532432856, 0.03345000005003129, 2.107940482072485e-11, -0.10111787092768308, 0.9948744524707894, 1.6319030154976488e-10, 0.0, 0.0, 0.0, 1.0], "right_foot_pose": [0.9997281836793078, 0.02255093064051339, 0.005917286922101831, -0.01210238680037092, -0.02331434596008114, 0.9670519388482811, 0.25350934665655606, -0.1298105255014016, -5.4520975662617846e-06, -0.25357839635313395, 0.9673148385470198, 0.025000001701893204, 0.0, 0.0, 0.0, 1.0]}, {"left_foot_pose": [0.9976204443134109, 0.06858359550373805, 0.007052624737890509, 0.009999999967618823, -0.06894526153343548, 0.9923872286131432, 0.10204969082565668, 0.033450000055566885, -1.2155505912121949e-12, -0.10229310296058897, 0.9947543018689066, 1.4359168715172288e-10, 0.0, 0.0, 0.0, 1.0], "right_foot_pose": [0.999529251006516, 0.02981632420716933, 0.007229328677394827, -0.01592715043234582, -0.03068022744260585, 0.9714236525134986, 0.23536102264691816, -0.1265903072338403, -5.1403120441779834e-06, -0.23547202413048182, 0.9718811274150101, 0.025000002463025257, 0.0, 0.0, 0.0, 1.0]}, {"left_foot_pose": [0.9976204443130108, 0.06862563548713795, 0.0066310815632229835, 0.009999999938424414, -0.0689452615392211, 0.992995536223858, 0.0959500700926355, 0.03345000006568155, 1.4252530754444008e-10, -0.09617893321034401, 0.9953640604354376, 4.4959261313870513e-10, 0.0, 0.0, 0.0, 1.0], "right_foot_pose": [0.9992796838099802, 0.0371042474353021, 0.00796167990347524, -0.019702269480410015, -0.03794882745804023, 0.9770641567831346, 0.2095364408026001, -0.12341188700515797, -4.380115214209091e-06, -0.2096876447288242, 0.9777684243361988, 0.02499255317042038, 0.0, 0.0, 0.0, 1.0]}, {"left_foot_pose": [0.9976204443122108, 0.06870883589208425, 0.005704819073646981, 0.010000000174795146, -0.06894526155080108, 0.9941994244667512, 0.082547291292162, 0.033450000349229826, 4.5102200341410234e-10, -0.08274418565878884, 0.996570820232895, 1.206170996415068e-09, 0.0, 0.0, 0.0, 1.0], "right_foot_pose": [0.9990007955084622, 0.0440180794709799, 0.007734290733275336, -0.023205646194647097, -0.0446923993876511, 0.983940352466583, 0.17281195625566834, -0.12046224871699697, -3.230326180576249e-06, -0.17298494578321805, 0.9849244684349872, 0.021837794730995723, 0.0, 0.0, 0.0, 1.0]}, {"left_foot_pose": [0.9976204443115203, 0.06881236179875824, 0.004278779658066364, 0.01000000044847252, -0.06894526156078781, 0.9956974176607863, 0.06191286919499676, 0.03345000066603522, 8.987688831564192e-10, -0.062060545657600226, 0.9980723864894177, 2.314934029190585e-09, 0.0, 0.0, 0.0, 1.0], "right_foot_pose": [0.9987248810797099, 0.05006454808622512, 0.006492529340781002, -0.026215179220959287, -0.05048377866696056, 0.9904361871285241, 0.1284038446379882, -0.1179283961262233, -1.9555507684518833e-06, -0.12856788188048127, 0.991700710771623, 0.014923780828640217, 0.0, 0.0, 0.0, 1.0]}, {"left_foot_pose": [0.9976204443115269, 0.06890431206322829, 0.002375893677365766, 0.010000000911103105, -0.06894526156069646, 0.9970279147607295, 0.034378599392637196, 0.03345000075487708, 1.4220093323464838e-09, -0.03446060021191723, 0.999406057132453, 3.670825851620485e-09, 0.0, 0.0, 0.0, 1.0], "right_foot_pose": [0.99849205883915, 0.054705412783489546, 0.004574521542647835, -0.028508780313887393, -0.05489634263218756, 0.995020624672449, 0.08318862928344715, -0.11599732440774696, -8.749790994061567e-07, -0.08331431022721958, 0.9965233192006082, 0.007129216032831037, 0.0, 0.0, 0.0, 1.0]}, {"left_foot_pose": [0.9976204443130665, 0.06894523541092648, 6.002276737041202e-05, 0.010000000995274804, -0.06894526153841628, 0.9976200662303026, 0.0008685424841351399, 0.033450000662855424, 1.9488734428080012e-09, -0.0008706140243224461, 0.9999996210155393, 4.860024611919034e-09, 0.0, 0.0, 0.0, 1.0], "right_foot_pose": [0.9983452885827322, 0.057456024986387744, 0.0023430658172173, -0.029864354507965735, -0.057503780437690034, 0.9975163187326597, 0.040675657307740316, -0.11485602366722447, -1.848059277507698e-07, -0.040743085975492824, 0.999169655736782, 0.0013328074706145249, 0.0, 0.0, 0.0, 1.0]}, {"left_foot_pose": [0.997620444316061, 0.06889899565037427, -0.002525367497078236, 0.010000000790890829, -0.06894526149508416, 0.9969509904763183, -0.036541394413231815, 0.033450000520810416, 2.2527926520432437e-09, 0.03662855425291381, 0.9993289493521849, 5.464251787157259e-09, 0.0, 0.0, 0.0, 1.0], "right_foot_pose": [0.9983149124401011, 0.05802865392637509, 0.00010451414333425027, -0.03013730553473797, -0.05802874804537104, 0.9983132931659607, 0.0017980790921861551, -0.11462622463512871, 2.2507581727390098e-09, -0.0018011139963670648, 0.9999983779928707, 5.488564443212329e-09, 0.0, 0.0, 0.0, 1.0]}, {"left_foot_pose": [0.9976204443190186, 0.06875033930774595, -0.005180725991077182, 0.010000000714219777, -0.068945261452291, 0.9947999727544068, -0.0749637587845455, 0.0334500006759567, 2.2225497845286093e-09, 0.0751425648544293, 0.997172800946305, 5.644736220111746e-09, 0.0, 0.0, 0.0, 1.0], "right_foot_pose": [0.9983149124425807, 0.05798909099208544, -0.0021449756813862186, -0.03013730552767167, -0.058028748002710615, 0.9976326626357005, -0.03690169166367595, -0.11462622443362543, 2.2446632178584024e-09, 0.03696397933549272, 0.9993165985971039, 5.4339408320225324e-09, 0.0, 0.0, 0.0, 1.0]}, {"left_foot_pose": [0.9976204443198193, 0.06851598302211676, -0.007681741055267659, 0.010000001041344977, -0.06894526144070469, 0.9914088974359999, -0.11115281827110239, 0.03345000045006105, 1.8204682791916812e-09, 0.11141794359639226, 0.9937736371250511, 5.147982554132291e-09, 0.0, 0.0, 0.0, 1.0], "right_foot_pose": [0.9983149124441159, 0.057870333585738, -0.004284866669269708, -0.030137305002213777, -0.058028747976309164, 0.995589585486166, -0.07371595268180671, -0.11462622450855596, 1.8588349433850881e-09, 0.0738403802953354, 0.9972700728678469, 4.551631779814436e-09, 0.0, 0.0, 0.0, 1.0]}, {"left_foot_pose": [0.9976505069029632, 0.06780820195471429, -0.00977311741104913, 0.008753603824917766, -0.06850887589307252, 0.9874462970055922, -0.14232478510018076, 0.033130856850655685, -3.591734932429487e-07, 0.14265993928785237, 0.9897717624393304, 0.002844457335397038, 0.0, 0.0, 0.0, 1.0], "right_foot_pose": [0.9983149124440925, 0.05770266074487462, -0.006143169760428695, -0.03013730513620232, -0.05802874797670143, 0.9927049756827354, -0.10568583473198463, -0.11462622484528653, 1.320562395881752e-09, 0.10586422529684794, 0.9943805940394744, 3.115489831395646e-09, 0.0, 0.0, 0.0, 1.0]}, {"left_foot_pose": [0.9977338058799712, 0.06632403375586716, -0.011330275840384537, 0.0052577435913181494, -0.06728486162328372, 0.9834842211374676, -0.1680224216286784, 0.032235743464109755, -7.77253690114459e-07, 0.16840400624682408, 0.985718058411946, 0.009617038639793234, 0.0, 0.0, 0.0, 1.0], "right_foot_pose": [0.9983149124431796, 0.05752175611104047, -0.007653964166926856, -0.030137305214041347, -0.05802874799240987, 0.9895927279452474, -0.1316772463424007, -0.11462622491985107, 8.30063295222769e-10, 0.1318995086108581, 0.9912630930425151, 1.9699200395906225e-09, 0.0, 0.0, 0.0, 1.0]}, {"left_foot_pose": [0.9978569037678664, 0.06427672700883713, -0.012251610826312808, -2.810320691424336e-05, -0.06543393310388723, 0.9802063556860469, -0.1868526175124018, 0.030882310416529918, -1.1678873876482982e-06, 0.18725384545507018, 0.9823115581936953, 0.017439494758507784, 0.0, 0.0, 0.0, 1.0], "right_foot_pose": [0.9983149124419927, 0.05735732727817833, -0.00880185227327678, -0.030137305245098313, -0.058028748012830964, 0.9867639262818694, -0.15142528914568182, -0.11462622482790963, 4.4000956116341564e-10, 0.15168088474258673, 0.988429516558316, 1.1496447405168198e-09, 0.0, 0.0, 0.0, 1.0]}, {"left_foot_pose": [0.9980061427452795, 0.06189612299766346, -0.012353501550075075, -0.00664428001589555, -0.06311686811465832, 0.9786991982853528, -0.19535644405804944, 0.029188252177312836, -1.4444267281569006e-06, 0.19574664552289794, 0.9806545012207144, 0.02343311931183415, 0.0, 0.0, 0.0, 1.0], "right_foot_pose": [0.9983149124409612, 0.05723178169096078, -0.009584297703740806, -0.030137305219973893, -0.05802874803057288, 0.9846040642669736, -0.16488632760469235, -0.11462622466548154, 1.6695162099996203e-10, 0.16516464450189025, 0.986266008846784, 6.214148987049306e-10, 0.0, 0.0, 0.0, 1.0]}, {"left_foot_pose": [0.9981685306061067, 0.05939431845555585, -0.011484748270943998, -0.01413112635212655, -0.06049449979392922, 0.9800105795367581, -0.18952487828966075, 0.02727125986154738, -1.5261675452195562e-06, 0.1898725333776015, 0.981808749740215, 0.025000007930620675, 0.0, 0.0, 0.0, 1.0], "right_foot_pose": [0.9983149124403611, 0.057160255381654965, -0.010002039986818761, -0.030137305170324525, -0.058028748040897186, 0.9833735394389429, -0.1720730842756404, -0.11462622456934589, 2.1942799812137064e-11, 0.17236353192026882, 0.9850334069786522, 3.717097532551783e-10, 0.0, 0.0, 0.0, 1.0]}, {"left_foot_pose": [0.9983323636005372, 0.05684303111416172, -0.010067849895561417, -0.022028959761709675, -0.05772773844271105, 0.9830280743941516, -0.17413590430240622, 0.025249031945046678, -1.4335302316094813e-06, 0.17442670313538944, 0.9846701606280475, 0.025000008920257492, 0.0, 0.0, 0.0, 1.0], "right_foot_pose": [0.9983149124402738, 0.057146780848217206, -0.010078741888473864, -0.030137305247512607, -0.05802874804240251, 0.9831417261833929, -0.17339264874200955, -0.11462622454653654, -3.606792458409352e-13, 0.17368532372029694, 0.984801202438429, 3.3032153401446607e-10, 0.0, 0.0, 0.0, 1.0]}, {"left_foot_pose": [0.9984875882420615, 0.0543337368769186, -0.008389348219128259, -0.02987812314589379, -0.05497759657433582, 0.9867906341573219, -0.15238670616002287, 0.023239266375034998, -1.2089467191516635e-06, 0.15261746091578543, 0.9882853386659939, 0.025000008756469898, 0.0, 0.0, 0.0, 1.0], "right_foot_pose": [0.9983149124406382, 0.05719035908615111, -0.00982844983900035, -0.030137305303267862, -0.05802874803612984, 0.98389143777573, -0.16908667325654744, -0.11462622451400528, 8.297572611353928e-11, 0.16937208004628193, 0.9855521794916777, 5.153649937361671e-10, 0.0, 0.0, 0.0, 1.0]}, {"left_foot_pose": [0.9986259038348075, 0.052040527434725974, -0.006171522861505459, -0.03721895969675748, -0.05240519238975736, 0.9916750104155018, -0.11761959670058404, 0.021359653193240305, -8.408509954871053e-07, 0.11778139590670104, 0.9930395474388535, 0.0224597286401634, 0.0, 0.0, 0.0, 1.0], "right_foot_pose": [0.9983149124415497, 0.05732896301365345, -0.008984742433692988, -0.030137305068086227, -0.05802874802044795, 0.9862759527648398, -0.15457169663617848, -0.11462622470044358, 3.247240340739761e-10, 0.1548326031480016, 0.9879407193766303, 1.0932035485189395e-09, 0.0, 0.0, 0.0, 1.0]}, {"left_foot_pose": [0.9987406066224053, 0.05000661804322684, -0.004066796698831218, -0.04359178221209983, -0.05017171198278134, 0.9954534017393991, -0.08096495712452483, 0.019727896421363272, -4.770777784717204e-07, 0.08106702854637104, 0.9967086519552418, 0.015838564840458015, 0.0, 0.0, 0.0, 1.0], "right_foot_pose": [0.9983149124425402, 0.057474594059077275, -0.008000414525954715, -0.03013730484364029, -0.05802874800340616, 0.9887813609175264, -0.13763751199161386, -0.11462622496843586, 6.338583587567692e-10, 0.1378698347711664, 0.9904503564844483, 1.8614733088284652e-09, 0.0, 0.0, 0.0, 1.0]}, {"left_foot_pose": [0.9988261714777079, 0.048391695271449583, -0.0021267345720456915, -0.04853693662221886, -0.048438405951801614, 0.9978628067560855, -0.04385817736428064, 0.018461696530183647, -1.8222488696297017e-07, 0.043909711017307, 0.999035503512435, 0.007998178484495057, 0.0, 0.0, 0.0, 1.0], "right_foot_pose": [0.9983149124433189, 0.05764180403018822, -0.006690143603351725, -0.030137304683804975, -0.058028747990009906, 0.991658008355689, -0.1150958681740589, -0.11462622511661746, 1.003339465370212e-09, 0.11529014221594912, 0.993331859505083, 2.78591840568998e-09, 0.0, 0.0, 0.0, 1.0]}, {"left_foot_pose": [0.9988775753835012, 0.04736471516348458, -0.0004161171234690751, -0.05159476536917585, -0.04736654300218869, 0.9988390265442475, -0.008775514581075288, 0.017678749198996625, -1.5726011627283522e-08, 0.008785374757109611, 0.9999614078505118, 0.0018172763911695061, 0.0, 0.0, 0.0, 1.0], "right_foot_pose": [0.9983149124434095, 0.05780491178882703, -0.005091931479664351, -0.030137304634086225, -0.05802874798845535, 0.994464081520341, -0.08760054208049661, -0.11462622499823125, 1.3544721434719082e-09, 0.08774840590569395, 0.9961426691297839, 3.6497411967650883e-09, 0.0, 0.0, 0.0, 1.0]}, {"left_foot_pose": [0.998890490971705, 0.04708017407942027, 0.00111546176933979, -0.05237400777146495, -0.047093386439152396, 0.9986102449020583, 0.023659918223535116, 0.01747923201959999, 1.5180092036983967e-09, -0.02368619820281916, 0.9997194426511361, 4.182544213748862e-09, 0.0, 0.0, 0.0, 1.0], "right_foot_pose": [0.9983149124424174, 0.05793465927370636, -0.003303157569351291, -0.030137304559293917, -0.05802874800552226, 0.9966962303035166, -0.05682683260283721, -0.11462622464048203, 1.5130214501667477e-09, 0.056922752512495615, 0.9983785856309225, 4.098402110741528e-09, 0.0, 0.0, 0.0, 1.0]}, {"left_foot_pose": [0.9988904909707256, 0.04702063150618838, 0.0026167271586512893, -0.05237400742149479, -0.04709338645992182, 0.9973472952526307, 0.05550302337710863, 0.017479232052899217, 1.455599141129077e-09, -0.05556467281486238, 0.9984550901943355, 4.011427044703364e-09, 0.0, 0.0, 0.0, 1.0], "right_foot_pose": [0.9983149124410056, 0.058010340524416906, -0.0014615027023135538, -0.03013730419529346, -0.05802874802981421, 0.9979982340415922, -0.025143373917518294, -0.11462622460799102, 1.4330679189535778e-09, 0.025185814302996032, 0.9996827870669251, 4.182341827030367e-09, 0.0, 0.0, 0.0, 1.0]}, {"left_foot_pose": [0.9988904909702764, 0.04692050205249811, 0.004031567474609465, -0.05237400756113158, -0.047093386469447905, 0.9952234642906505, 0.08551297606887745, 0.01747923188923403, 1.2205523031476272e-09, -0.08560795881493007, 0.9963289002069257, 3.4474241378257275e-09, 0.0, 0.0, 0.0, 1.0], "right_foot_pose": [0.9983149124399908, 0.058028082442922374, 0.0002779351198969725, -0.030137304437975625, -0.05802874804726931, 0.998303461418601, 0.004781560384057633, -0.11462622470516363, 1.1879288735063925e-09, -0.004789631263183164, 0.999988529650397, 3.6059576435931717e-09, 0.0, 0.0, 0.0, 1.0]}, {"left_foot_pose": [0.9988904909704561, 0.0467999232088098, 0.00524921293636076, -0.052374007843649324, -0.04709338646563572, 0.9926658854509997, 0.11134025692884905, 0.01747923211700205, 8.669256388589908e-10, -0.11146392712188728, 0.9937684805580057, 2.4126975278759843e-09, 0.0, 0.0, 0.0, 1.0], "right_foot_pose": [0.9983346916008317, 0.05765611625405083, 0.0019015269577979676, -0.03106066904833746, -0.05768746437716025, 0.9977921402678905, 0.0329089846904534, -0.11488880974999985, 7.559411718813178e-08, -0.03296387535048061, 0.9994565437886089, 0.0022503007889992654, 0.0, 0.0, 0.0, 1.0]}, {"left_foot_pose": [0.9988904909710492, 0.04667965508461557, 0.006228711648410649, -0.05237400798205115, -0.04709338645306467, 0.9901148978217807, 0.13211624451121837, 0.01747923219669633, 5.275306964958891e-10, -0.1322629914698255, 0.9912146594393437, 1.5565089078739547e-09, 0.0, 0.0, 0.0, 1.0], "right_foot_pose": [0.9983999375527424, 0.05643496228194121, 0.003558050999556597, -0.03414608378070032, -0.056547013135992745, 0.996421246379037, 0.06282622915506267, -0.11576625231804266, 2.782610241415984e-07, -0.06292690042169946, 0.9980181387145427, 0.008710109054759725, 0.0, 0.0, 0.0, 1.0]}, {"left_foot_pose": [0.9988904909717413, 0.04657799939452549, 0.006948166566657638, -0.052374008024497605, -0.04709338643837803, 0.9879586957963374, 0.14737648507874807, 0.017479232116769695, 2.5339410807219127e-10, -0.14754018223116208, 0.9890560624288174, 9.545977203151423e-10, 0.0, 0.0, 0.0, 1.0], "right_foot_pose": [0.9984995281772018, 0.05451726156310866, 0.005153680390261438, -0.03897946017933455, -0.054760316193182924, 0.9940666860180585, 0.09398261285736509, -0.11714079371603425, 5.727011858558722e-07, -0.09412381176266912, 0.9955604994468882, 0.016558464166962314, 0.0, 0.0, 0.0, 1.0]}, {"left_foot_pose": [0.9988904909722935, 0.04650928664818357, 0.007394139612454494, -0.05237400797106435, -0.04709338642666664, 0.9865012412370413, 0.15683594611136448, 0.017479231961005724, 6.886600946015279e-11, -0.1570101502873471, 0.9875969890125962, 5.82081091660136e-10, 0.0, 0.0, 0.0, 1.0], "right_foot_pose": [0.9986215402688973, 0.05208563371362074, 0.006488919141604401, -0.04512509756712197, -0.052488277835789014, 0.9909588715115829, 0.12347265147522822, -0.11888852485851668, 8.993084939779917e-07, -0.12364304158803573, 0.9923267598256386, 0.022916659236769332, 0.0, 0.0, 0.0, 1.0]}, {"left_foot_pose": [0.9988904909725329, 0.04649356462677953, 0.00749236230759581, -0.0523740078224841, -0.047093386421585566, 0.986167764226638, 0.15891933096883518, 0.017479231867803507, -8.14050896295325e-13, -0.1590958492498485, 0.9872631415947172, 4.5851107632888244e-10, 0.0, 0.0, 0.0, 1.0], "right_foot_pose": [0.9987546260465409, 0.049369029483432234, 0.00720387940615003, -0.0521472923052501, -0.04989185253429754, 0.9882852112025018, 0.14423295174516299, -0.12088553209251282, 1.1533668050454035e-06, -0.14441274267283563, 0.98951753888063, 0.02500000833098496, 0.0, 0.0, 0.0, 1.0]}, {"left_foot_pose": [0.998890490972309, 0.04651870638452805, 0.007334643918492199, -0.05237400782532386, -0.04709338642634416, 0.9867010418266442, 0.1555739920845205, 0.017479231823798944, 6.304495623204898e-11, -0.155746794556182, 0.9877970115289253, 5.830649713045588e-10, 0.0, 0.0, 0.0, 1.0], "right_foot_pose": [0.9988886665720301, 0.046541953037702644, 0.0074349446122522955, -0.05961031232966264, -0.04713206755771588, 0.9863777882536461, 0.15759894367533017, -0.12300790212896828, 1.298412906928228e-06, -0.1577742230127638, 0.9874752121197943, 0.025000008394519824, 0.0, 0.0, 0.0, 1.0]}, {"left_foot_pose": [0.9988904909717006, 0.04658729925549627, 0.006885535156745835, -0.052374007797502495, -0.047093386439243476, 0.9881559536869188, 0.14604802000294542, 0.017479231774413226, 2.540906197754665e-10, -0.14621024157416465, 0.9892535394219347, 9.694487573819188e-10, 0.0, 0.0, 0.0, 1.0], "right_foot_pose": [0.9990151649826949, 0.04377092483519859, 0.007266792529731149, -0.06707845807661507, -0.044370036430939334, 0.9855210101504337, 0.16364485454540137, -0.12513173017799747, 1.3099135193850459e-06, -0.16380611921152363, 0.9864925520789013, 0.025000007353244272, 0.0, 0.0, 0.0, 1.0]}, {"left_foot_pose": [0.9988904909707678, 0.046692860537789954, 0.0061289332658973055, -0.052374007469004086, -0.0470933864590273, 0.990394996344154, 0.12999986218563597, 0.017479231994568308, 5.95493686252529e-10, -0.1301442583876146, 0.9914950690793872, 1.6930157623051834e-09, 0.0, 0.0, 0.0, 1.0], "right_foot_pose": [0.9991273799763652, 0.04123543246865903, 0.006642114925701516, -0.07411602649279196, -0.041766955601529716, 0.9864081462851875, 0.15891661449326014, -0.12713310412342324, 1.1590538102083362e-06, -0.1590553615925673, 0.9872696652623912, 0.023024937692017557, 0.0, 0.0, 0.0, 1.0]}, {"left_foot_pose": [0.998890490969845, 0.04682178773354258, 0.005050469627499107, -0.05237400709710554, -0.0