{"LoopMode": "Wrap", "FrameDuration": 0.0167, "EnableCycleOffsetPosition": true, "EnableCycleOffsetRotation": false, "Debug_info": [{"left_foot_pose": [1.0000000000000004, 1.2899903936969067e-13, -8.067768675346092e-12, 1.2208342586128113e-12, -5.003883038169193e-14, 0.9999525109713696, 0.00974555293730885, 1.4267753645214043e-13, 8.068392942676767e-12, -0.009745552937309021, 0.9999525109713698, 1.7050326428513785e-11, 0.0, 0.0, 0.0, 1.0], "right_foot_pose": [0.9999999999999999, -2.0369912521527078e-13, -8.12577782838275e-12, 1.450238447801431e-13, 8.429515039695584e-14, 0.9998919504458301, -0.014699912708374615, -0.140000000001962, 8.127647175727105e-12, 0.014699912708374464, 0.9998919504458299, 1.4456588703914974e-11, 0.0, 0.0, 0.0, 1.0]}, {"left_foot_pose": [1.0000000000000007, 2.0141097719224262e-13, -1.7964241205703508e-11, 3.119674441553144e-12, -7.788041558712202e-14, 0.9999764846718591, 0.006857849758627327, 1.1854787984599824e-12, 1.7965116371590122e-11, -0.0068578497586274986, 0.9999764846718593, 3.706610712805869e-11, 0.0, 0.0, 0.0, 1.0], "right_foot_pose": [0.9999999999999999, -5.113027755209597e-13, -1.8069101770379344e-11, 9.120706936228371e-13, 1.9348519113027722e-13, 0.9998453131721654, -0.017588340673706473, -0.14000000000348703, 1.807510811961005e-11, 0.017588340673706324, 0.9998453131721654, 3.327350200921231e-11, 0.0, 0.0, 0.0, 1.0]}, {"left_foot_pose": [1.0000000000000002, 1.5702147782294687e-13, -3.152200722666977e-11, 5.881985184112657e-12, -6.729433082769722e-14, 0.9999959785607273, 0.002835994071665963, 2.9816722008080276e-12, 3.152192337824529e-11, -0.0028359940716661367, 0.9999959785607271, 6.439806327085407e-11, 0.0, 0.0, 0.0, 1.0], "right_foot_pose": [1.0, -1.069927633854259e-12, -3.1708413672504314e-11, 2.1856656539845377e-12, 3.8445072862455707e-13, 0.999766424013084, -0.021612436606973484, -0.14000000000519588, 3.172411960885083e-11, 0.021612436606973328, 0.9997664240130841, 5.936667130113094e-11, 0.0, 0.0, 0.0, 1.0]}, {"left_foot_pose": [1.0000000000000004, -1.3665963538487917e-13, -4.8548165487716246e-11, 9.528194040124922e-12, 2.5400349573618224e-14, 0.9999973583433054, -0.002298544411538067, 5.655181184449631e-12, 4.8548243965939834e-11, 0.002298544411537893, 0.9999973583433055, 9.881877954809326e-11, 0.0, 0.0, 0.0, 1.0], "right_foot_pose": [0.9999999999999999, -2.0069292985651646e-12, -4.8876347413795416e-11, 4.02110081917123e-12, 6.98743347693444e-13, 0.9996421034105547, -0.02675191748121332, -0.14000000000690607, 4.891231131971476e-11, 0.026751917481213167, 0.9996421034105547, 9.238600162664312e-11, 0.0, 0.0, 0.0, 1.0]}, {"left_foot_pose": [1.0000000000000007, -8.452210127894676e-13, -6.922667994402332e-11, 1.4173637679290019e-11, 2.547047116822807e-13, 0.9999635800164882, -0.008534555677320414, 9.420320426500872e-12, 6.923092855770764e-11, 0.00853455567732024, 0.9999635800164883, 1.4089425459662408e-10, 0.0, 0.0, 0.0, 1.0], "right_foot_pose": [0.9999999999999998, -3.4985662898224784e-12, -6.97907287516841e-11, 6.534096694635154e-12, 1.1938393643503323e-12, 0.9994554483753038, -0.032997071277925435, -0.14000000000843715, 6.986788949491614e-11, 0.0329970712779253, 0.9994554483753038, 1.3272406784725632e-10, 0.0, 0.0, 0.0, 1.0]}, {"left_foot_pose": [1.0000000000000007, -2.1882110023728704e-12, -9.416067925371861e-11, 2.005035019568688e-11, 6.926668079646765e-13, 0.9998738492903325, -0.015883497893535558, 1.4615350596436372e-11, 9.41833754891442e-11, 0.01588349789353538, 0.9998738492903327, 1.9209441676215633e-10, 0.0, 0.0, 0.0, 1.0], "right_foot_pose": [1.0, -5.7933093358775245e-12, -9.510003895485393e-11, 9.923361020458459e-12, 1.9503007840983933e-12, 0.9991851545740931, -0.040361205120088096, -0.14000000000958332, 9.525637745864351e-11, 0.040361205120087944, 0.9991851545740932, 1.81620760097978e-10, 0.0, 0.0, 0.0, 1.0]}, {"left_foot_pose": [1.0000000000000004, -4.473746867284856e-12, -1.2438061691710795e-10, 2.7527142471571362e-11, 1.4399330944291156e-12, 0.9997026798234725, -0.02438343605336096, 2.1741561676003052e-11, 1.2445235891936301e-10, 0.024383436053360786, 0.9997026798234729, 2.5487027766057935e-10, 0.0, 0.0, 0.0, 1.0], "right_foot_pose": [1.0, -9.248760188352911e-12, -1.2590045672666856e-10, 1.4496095545385675e-11, 3.0831706927981303e-12, 0.9988044300537506, -0.04888466533589259, -0.1400000000100689, 1.262019319391267e-10, 0.04888466533589246, 0.9988044300537506, 2.4120980213204746e-10, 0.0, 0.0, 0.0, 1.0]}, {"left_foot_pose": [1.0000000000000004, -8.14659358748478e-12, -1.613352784701759e-10, 3.713258877483698e-11, 2.6407502381040504e-12, 0.9994184444519971, -0.03409945584831663, 3.150891526859656e-11, 1.61518972524702e-10, 0.03409945584831644, 0.9994184444519972, 3.327238623507256e-10, 0.0, 0.0, 0.0, 1.0], "right_foot_pose": [0.9999999999999998, -1.4382511528162553e-11, -1.6373508104905447e-10, 2.0700792768698538e-11, 4.7571746152488305e-12, 0.9982794666485026, -0.05863536874601536, -0.1400000000094864, 1.6429661343609044e-10, 0.058635368746015215, 0.9982794666485025, 3.1454003984743295e-10, 0.0, 0.0, 0.0, 1.0]}, {"left_foot_pose": [1.0000000000000004, -1.385012491564919e-11, -2.0687701551835834e-10, 4.9586172056563574e-11, 4.501672269313552e-12, 0.998981489507426, -0.04512187519956626, 4.4886986488856806e-11, 2.0729119098658803e-10, 0.04512187519956608, 0.998981489507426, 4.30314985033764e-10, 0.0, 0.0, 0.0, 1.0], "right_foot_pose": [0.9999999999999998, -2.1938918178356835e-11, -2.105903784688222e-10, 2.9170681315445204e-11, 7.20596203315949e-12, 0.9975674974794527, -0.0697071586896391, -0.1400000000072195, 2.1160732509783322e-10, 0.06970715868963896, 0.9975674974794525, 4.0561288355833724e-10, 0.0, 0.0, 0.0, 1.0]}, {"left_foot_pose": [1.0000000000000004, -2.2494597038222697e-11, -2.631424522725463e-10, 6.581903921226114e-11, 7.310766452206569e-12, 0.9983419625776719, -0.05756149543369921, 6.312964907773111e-11, 2.640008412474015e-10, 0.05756149543369902, 0.9983419625776717, 5.534387115257999e-10, 0.0, 0.0, 0.0, 1.0], "right_foot_pose": [0.9999999999999998, -3.296116875513952e-11, -2.68794542179762e-10, 4.076605495086768e-11, 1.0750650534356086e-11, 0.996614599394009, -0.08221520707703309, -0.14000000000235158, 2.705944333268255e-10, 0.08221520707703292, 0.9966145993940089, 5.192700089362567e-10, 0.0, 0.0, 0.0, 1.0]}, {"left_foot_pose": [1.0000000000000007, -3.528819085006197e-11, -3.3208219507585506e-10, 8.692760037132268e-11, 1.1441355846439925e-11, 0.9974378142384642, -0.07153884767869806, 8.76701107543898e-11, 3.3375557190143863e-10, 0.07153884767869788, 0.9974378142384642, 7.083519534822891e-10, 0.0, 0.0, 0.0, 1.0], "right_foot_pose": [1.0, -4.8815352308442e-11, -3.405473125717148e-10, 5.656725120916061e-11, 1.5798899419556072e-11, 0.9953537705892901, -0.09628536427558936, -0.1399999999935953, 3.436651804602419e-10, 0.09628536427558922, 0.99535377058929, 6.604458577252892e-10, 0.0, 0.0, 0.0, 1.0]}, {"left_foot_pose": [1.0000000000000004, -5.35965248942805e-11, -4.1414693896513106e-10, 1.1393023831954568e-10, 1.729587498670901e-11, 0.9961943288911007, -0.08715996262740346, 1.1964455988444644e-10, 4.172420014377384e-10, 0.08715996262740325, 0.9961943288911009, 8.993803340962003e-10, 0.0, 0.0, 0.0, 1.0], "right_foot_pose": [1.0, -7.100881191250942e-11, -4.265791608837328e-10, 7.770020653959148e-11, 2.2772266379318477e-11, 0.9937048423119447, -0.1120298458706131, -0.1399999999793758, 4.31848744366727e-10, 0.11202984587061293, 0.9937048423119447, 8.318329428047555e-10, 0.0, 0.0, 0.0, 1.0]}, {"left_foot_pose": [1.0000000000000004, -7.822838643295359e-11, -5.04877861740026e-10, 1.4698057098727553e-10, 2.506092730893441e-11, 0.9945290346230705, -0.1044605154673502, 1.584149061928386e-10, 5.102875235081675e-10, 0.10446051546735, 0.9945290346230705, 1.1217280021513787e-09, 0.0, 0.0, 0.0, 1.0], "right_foot_pose": [0.9999999999999999, -1.0033003058961426e-10, -5.225854193824369e-10, 1.0464669131326362e-10, 3.181539152355619e-11, 0.9915806301612595, -0.1294907482756947, -0.13999999995845944, 5.311773549053459e-10, 0.12949074827569457, 0.9915806301612596, 1.0273064759980244e-09, 0.0, 0.0, 0.0, 1.0]}, {"left_foot_pose": [1.0000000000000004, -1.0705354164148294e-10, -5.864386198872731e-10, 1.8310189052940287e-10, 3.394218682864298e-11, 0.9923721433841538, -0.12327825856630908, 1.976275948445405e-10, 5.951623743886438e-10, 0.12327825856630892, 0.9923721433841538, 1.341609191796156e-09, 0.0, 0.0, 0.0, 1.0], "right_foot_pose": [0.9999999999999999, -1.340241537968213e-10, -6.102524041651228e-10, 1.3511007520243424e-10, 4.190917224996542e-11, 0.9889108415028675, -0.14851042912230453, -0.13999999993218737, 6.233892294993261e-10, 0.14851042912230442, 0.9889108415028672, 1.2145315517186894e-09, 0.0, 0.0, 0.0, 1.0]}, {"left_foot_pose": [1.0000000000000002, -1.288005351915385e-10, -6.099771798773167e-10, 2.1058368564152878e-10, 4.027437967614547e-11, 0.9897281952037792, -0.14296188169813218, 2.1673702416125096e-10, 6.221250033543851e-10, 0.14296188169813198, 0.9897281952037793, 1.4500024861363592e-09, 0.0, 0.0, 0.0, 1.0], "right_foot_pose": [1.0, -1.584943941993859e-10, -6.38306685285527e-10, 1.5858546466168861e-10, 4.871697991613694e-11, 0.985712792609417, -0.1684348256333723, -0.13999999991036519, 6.558827717919519e-10, 0.16843482563337214, 0.9857127926094171, 1.2961304321490452e-09, 0.0, 0.0, 0.0, 1.0]}, {"left_foot_pose": [0.9999999999314159, -1.1549613648939724e-05, 1.94311260137714e-06, -3.193422812757578e-05, 1.1711827749311485e-05, 0.9868197554701289, -0.16182326803247155, -1.0060056271063433e-05, -4.850567707891451e-08, 0.16182326804413022, 0.9868197555377155, 0.00016386119645960678, 0.0, 0.0, 0.0, 1.0], "right_foot_pose": [1.0, -1.4126284127224808e-10, -5.130540992048784e-10, 1.2768880635798122e-10, 4.2583055431504436e-11, 0.9822727796402458, -0.18745715877988062, -0.13999999998093376, 5.304395301746455e-10, 0.18745715877988045, 0.9822727796402458, 1.0263781838326658e-09, 0.0, 0.0, 0.0, 1.0]}, {"left_foot_pose": [0.9999999453172452, -0.0003252381046580656, 5.9880567095999686e-05, -0.0009018732767898443, 0.0003307044466520633, 0.9836208199961931, -0.18024975202364835, -0.0002840965080781084, -2.7568479563394833e-07, 0.18024976196986484, 0.9836208737667843, 0.004191209318341264, 0.0, 0.0, 0.0, 1.0], "right_foot_pose": [0.9999999999999998, -9.829135148039055e-11, -3.2989772025260265e-10, 5.2947552268245746e-11, 2.910481591007024e-11, 0.979077514974617, -0.2034876400942544, -0.14000000016995476, 3.4299640865906463e-10, 0.20348764009425424, 0.9790775149746166, 5.722347179437648e-10, 0.0, 0.0, 0.0, 1.0]}, {"left_foot_pose": [0.9999994740036221, -0.0010053922805058288, 0.00020292570592369256, -0.002797176358927537, 0.001025666725564288, 0.9803282064227543, -0.19737161827303001, -0.0008811199669556055, -4.978919226613138e-07, 0.1973717225904178, 0.9803287219710767, 0.011469802792106132, 0.0, 0.0, 0.0, 1.0], "right_foot_pose": [1.0, -5.017282166053125e-11, -1.589851583716492e-10, 3.784843129920345e-12, 1.4730981914898507e-11, 0.9765015794345578, -0.2155102442154765, -0.14000000019321748, 1.6606178520437475e-10, 0.2155102442154763, 0.9765015794345577, 2.6816266568419067e-10, 0.0, 0.0, 0.0, 1.0]}, {"left_foot_pose": [0.9999979680820097, -0.00197078450139016, 0.00042407582026280776, -0.005497756723438643, 0.0020158946843070727, 0.9776924954594617, -0.2100317130598923, -0.0017318004842011361, -6.885020782495652e-07, 0.21003214118486763, 0.9776944817624915, 0.019120927230923353, 0.0, 0.0, 0.0, 1.0], "right_foot_pose": [0.9999999999999998, -1.3727938919883465e-11, -4.109806939212027e-11, -3.848380029572672e-11, 4.217658697360755e-12, 0.9748196237650745, -0.22299484550661505, -0.14000000011040706, 4.3124367116238996e-11, 0.2229948455066149, 0.9748196237650741, 9.099664771694549e-11, 0.0, 0.0, 0.0, 1.0]}, {"left_foot_pose": [0.9999948135934993, -0.0031462322468880323, 0.0006884829353811556, -0.008783527179926592, 0.0032206808981518347, 0.9769328174331445, -0.21352259233320398, -0.0027668129366368935, -8.099083790605719e-07, 0.2135237023020814, 0.9769378836725278, 0.024265878743599173, 0.0, 0.0, 0.0, 1.0], "right_foot_pose": [0.9999999999999999, -5.960519510441468e-14, 1.9269585926906534e-12, -5.2002195958452413e-11, 4.928119549698108e-13, 0.9742195704209949, -0.22560192509979174, -0.14000000002017118, -1.864008503687564e-12, 0.2256019250997916, 0.974219570420995, 3.593726705108935e-11, 0.0, 0.0, 0.0, 1.0]}, {"left_foot_pose": [0.9999896062569573, -0.004463093021482082, 0.0009317610948884351, -0.012434389595350042, 0.004559317642714401, 0.9789219555585575, -0.20418378375386098, -0.003916833322880987, -8.301727504459755e-07, 0.20418590971487763, 0.9789321295540463, 0.025000002308940214, 0.0, 0.0, 0.0, 1.0], "right_foot_pose": [0.9999999999999997, -1.3980106418417606e-11, -3.996414310591936e-11, -5.3653152343921744e-11, 4.710674764886691e-12, 0.974789532874641, -0.22312634671423118, -0.14000000000645096, 4.2075762794700365e-11, 0.22312634671423115, 0.9747895328746408, 1.3491101291673857e-10, 0.0, 0.0, 0.0, 1.0]}, {"left_foot_pose": [0.9999822920162621, -0.005844969808799754, 0.0011189199427038006, -0.016230249120336947, 0.005951105217578995, 0.9821723552499236, -0.1878883948771394, -0.005112528963170167, -7.702399809727807e-07, 0.18789172656280717, 0.9821897469881546, 0.02500000271109512, 0.0, 0.0, 0.0, 1.0], "right_foot_pose": [0.9999999999999998, -5.088176792324969e-11, -1.5789980434277562e-10, -8.673203942974171e-11, 1.5597787497055908e-11, 0.9764240804249875, -0.21586110155889138, -0.13999999997734255, 1.6516062071140448e-10, 0.21586110155889127, 0.9764240804249873, 3.804360229620052e-10, 0.0, 0.0, 0.0, 1.0]}, {"left_foot_pose": [0.9999732425074478, -0.0072139020585626915, 0.0012140371623034767, -0.019951020005166836, 0.007315344744103935, 0.9861211446131448, -0.16586613240241946, -0.006284572216496309, -6.456821101754217e-07, 0.16587057534099117, 0.9861475306644706, 0.02491027175261705, 0.0, 0.0, 0.0, 1.0], "right_foot_pose": [0.9999999999999998, -1.0877074834399503e-10, -3.610299836864776e-10, -8.188506546144308e-11, 3.29345387509309e-11, 0.9790258027997305, -0.20373629390057912, -0.13999999998691467, 3.7561798327573866e-10, 0.20373629390057893, 0.9790258027997307, 7.878190183552292e-10, 0.0, 0.0, 0.0, 1.0]}, {"left_foot_pose": [0.9999632653965628, -0.008493180681039048, 0.001154876341434571, -0.023376608393564834, 0.008571339290318686, 0.9908522873236222, -0.13467842012853298, -0.0073636396455537614, -4.6370849819715705e-07, 0.1346833716071385, 0.990888686691053, 0.02116383440899091, 0.0, 0.0, 0.0, 1.0], "right_foot_pose": [0.9999999999999999, -1.8447508902488652e-10, -6.711003419646022e-10, 8.418571409099089e-11, 5.624300866800386e-11, 0.982499204794485, -0.1862667779777295, -0.1400000002757602, 6.937169097804841e-10, 0.18626677797772934, 0.9824992047944852, 1.4173908435832772e-09, 0.0, 0.0, 0.0, 1.0]}, {"left_foot_pose": [0.9999535495546906, -0.009592286428662685, 0.0009416868089892796, -0.0262869199510839, 0.009638398876537004, 0.9951722569744532, -0.09766923883941363, -0.008280393012668856, -2.692728480978968e-07, 0.09767377841285813, 0.9952184850626944, 0.013996812589455149, 0.0, 0.0, 0.0, 1.0], "right_foot_pose": [0.9999999999999998, -2.5305548637627463e-10, -1.0496951086125234e-09, 2.4957747768175114e-10, 7.81811375728195e-11, 0.9865670068608241, -0.16335709649009794, -0.14000000052147032, 1.0769327487628364e-09, 0.16335709649009775, 0.9865670068608238, 2.2539650770814212e-09, 0.0, 0.0, 0.0, 1.0]}, {"left_foot_pose": [0.9999455451941505, -0.010417214427406356, 0.0006231291581855534, -0.028461871591213533, 0.010435834722838745, 0.998162002503171, -0.05969681827784713, -0.008965501462144133, -1.0929171852269647e-07, 0.059700070372103564, 0.9982163601131544, 0.006287910704465001, 0.0, 0.0, 0.0, 1.0], "right_foot_pose": [0.9999999999999998, -2.9106183329959173e-10, -1.4576324036674728e-09, 3.7204032063074493e-10, 9.117796778978159e-11, 0.9908056034484566, -0.135293222946089, -0.14000000058233353, 1.4836089359803063e-09, 0.1352932229460888, 0.9908056034484564, 3.1744205736261577e-09, 0.0, 0.0, 0.0, 1.0]}, {"left_foot_pose": [0.9999407788753552, -0.010880126486047267, 0.000248172916538488, -0.029681373502158093, 0.010882956498520531, 0.9996807836787431, -0.022801140350999234, -0.009349637532635702, -1.4404648246177471e-08, 0.022802490896879073, 0.9997399894016937, 0.0009158371082284705, 0.0, 0.0, 0.0, 1.0], "right_foot_pose": [1.0, -2.7216542398044803e-10, -1.796771620377056e-09, 4.0022598405343885e-10, 8.596500674108237e-11, 0.9946991885987282, -0.10282764317552168, -0.14000000034857943, 1.8152331695569755e-09, 0.10282764317552151, 0.9946991885987281, 3.9201970142288545e-09, 0.0, 0.0, 0.0, 1.0]}, {"left_foot_pose": [0.999940043287875, -0.010949447206264982, -0.0001394106183947994, -0.029865146023357398, 0.010950334672662237, 0.9998590056842473, 0.012730236551840527, -0.009407520781474124, 1.909242137078106e-09, -0.012730999881640817, 0.999918957537067, 4.283843307861801e-09, 0.0, 0.0, 0.0, 1.0], "right_foot_pose": [0.9999999999999999, -1.918737967310499e-10, -1.9086431324311076e-09, 4.180803249346249e-10, 6.176545324548582e-11, 0.9976896978838009, -0.06793575447825685, -0.14000000013212124, 1.917268641609499e-09, 0.06793575447825667, 0.9976896978838011, 4.175325619970582e-09, 0.0, 0.0, 0.0, 1.0]}, {"left_foot_pose": [0.9999400432881947, -0.010937787790231059, -0.0005240487192637716, -0.029865145918226695, 0.010950334643484355, 0.9987943233789994, 0.04785383743320457, -0.009407520892844393, 1.7671818112070963e-09, -0.04785670678331038, 0.9988542113921617, 3.919325114454253e-09, 0.0, 0.0, 0.0, 1.0], "right_foot_pose": [0.9999999999999998, -8.498045964109774e-11, -1.749727529531952e-09, 4.964874062056724e-10, 2.7303768358978446e-11, 0.999457432034021, -0.032936932947078, -0.14000000022246228, 1.7515768831708834e-09, 0.032936932947077835, 0.9994574320340208, 3.9357100356518515e-09, 0.0, 0.0, 0.0, 1.0]}, {"left_foot_pose": [0.9999400432883276, -0.010915180662110053, -0.0008767323716401117, -0.02986514592679187, 0.010950334631324651, 0.9967299357937457, 0.0800595107657942, -0.009407520944818948, 1.3767640687736279e-09, -0.08006431117364231, 0.9967897000251815, 3.0562191041805242e-09, 0.0, 0.0, 0.0, 1.0], "right_foot_pose": [0.9999999995661665, -2.94561728373456e-05, 2.1263055982806377e-08, -6.82854662438455e-06, 2.945618050766892e-05, 0.9999997267683272, -0.0007386444369582436, -0.14000361022645416, 4.945879336322591e-10, 0.0007386444372639718, 0.9999997272021603, 3.7402201502112487e-05, 0.0, 0.0, 0.0, 1.0]}, {"left_foot_pose": [0.9999400432883306, -0.010887016949896874, -0.0011758785929089765, -0.029865146393706538, 0.010950334631079051, 0.994158139317417, 0.10737636704787284, -0.009407520794199195, 9.459208789083815e-10, -0.10738280537807157, 0.9942177493432393, 2.0916196899478656e-09, 0.0, 0.0, 0.0, 1.0], "right_foot_pose": [0.9999954092822565, -0.003028738696546578, -9.031234924059568e-05, -0.0007024541061018878, 0.0030300848496504296, 0.9995557000311772, 0.029651663039144013, -0.14037142393884555, 4.6508420268334645e-07, -0.029651800570809704, 0.9995602886883275, 0.0034929907143153235, 0.0, 0.0, 0.0, 1.0]}, {"left_foot_pose": [0.9999400432882193, -0.010858599037926403, -0.001414445364190511, -0.02986514659977442, 0.01095033464122184, 0.9915631268307701, 0.12916135521444586, -0.009407520827020689, 5.005790642865794e-10, -0.12916909977436777, 0.9916225812593621, 1.3063676945757052e-09, 0.0, 0.0, 0.0, 1.0], "right_foot_pose": [0.9999467138631377, -0.01030418398027076, -0.0006270779959410036, -0.00239323191482791, 0.010323247146265108, 0.9981097760884484, 0.06058304585463045, -0.14126544130053262, 1.63382754708561e-06, -0.06058629109928973, 0.998162963312185, 0.010538499182841166, 0.0, 0.0, 0.0, 1.0]}, {"left_foot_pose": [0.9999400432880754, -0.010834449288137246, -0.0015888793743438908, -0.029865146593160426, 0.010950334654403919, 0.9893578642488348, 0.1450899948995168, -0.009407520977853794, 1.1239469811713437e-10, -0.14509869454136404, 0.9894171864498783, 7.271390156660118e-10, 0.0, 0.0, 0.0, 1.0], "right_foot_pose": [0.999779281711037, -0.02092137793968283, -0.0019193244821480411, -0.004870818204240857, 0.021009232513444342, 0.9956125980203464, 0.09118205312654375, -0.14257549822387294, 3.2494393386813177e-06, -0.09120225111410787, 0.9958323902048779, 0.018295210902087494, 0.0, 0.0, 0.0, 1.0]}, {"left_foot_pose": [0.9999400432879832, -0.01081808139821937, -0.0016967451454125292, -0.02986514640450085, 0.01095033466278487, 0.9878632103876385, 0.15493988425645, -0.009407521159650378, -1.731602578464947e-10, -0.15494917449760953, 0.9879224429693411, 3.5379163487725407e-10, 0.0, 0.0, 0.0, 1.0], "right_foot_pose": [0.9994154623008504, -0.03394717618205574, -0.004040166239310916, -0.007926874522138848, 0.03418674728322471, 0.9924288144973953, 0.11796742968076938, -0.14419142924643782, 4.91627213419795e-06, -0.11803659341305495, 0.9930092459747145, 0.023884420612057984, 0.0, 0.0, 0.0, 1.0]}, {"left_foot_pose": [0.9999400432880177, -0.010811891946878755, -0.001735748163510812, -0.0298651461256564, 0.010950334659640275, 0.9872980130262454, 0.15850149414207498, -0.009407521236898767, -3.1513489218035927e-10, -0.1585109979369173, 0.9873572117187596, 2.0609145640060333e-10, 0.0, 0.0, 0.0, 1.0], "right_foot_pose": [0.998801083298203, -0.04849876704110074, -0.006653239649117239, -0.011353056305985036, 0.048952997507353026, 0.9895502568726542, 0.13562408767733236, -0.14600306347230455, 6.113970394254109e-06, -0.13578718171740933, 0.9907380285644953, 0.025000004589084156, 0.0, 0.0, 0.0, 1.0]}, {"left_foot_pose": [0.9999400432882025, -0.010816335593287488, -0.0017078387282755826, -0.029865145882089328, 0.01095033464275967, 0.9877037906019644, 0.15595291661819913, -0.009407521245941854, -2.972400144467629e-10, -0.15596226759971404, 0.9877630136248047, 2.6079844533954954e-10, 0.0, 0.0, 0.0, 1.0], "right_foot_pose": [0.9979238485910299, -0.06372077656353678, -0.009362427431308896, -0.01494100667747981, 0.06440490951069784, 0.9873385225412734, 0.1449643043543279, -0.1479002342115514, 6.647219977925518e-06, -0.14526632280110643, 0.9893925891250949, 0.02500000449683916, 0.0, 0.0, 0.0, 1.0]}, {"left_foot_pose": [0.9999400432885314, -0.010830936048267247, -0.0016126538527620059, -0.02986514561153913, 0.010950334612717995, 0.9890370502081607, 0.14726100463941838, -0.009407521243877151, -1.141107491037353e-10, -0.14726983445315497, 0.9890963531730068, 5.454980078756222e-10, 0.0, 0.0, 0.0, 1.0], "right_foot_pose": [0.9968236034389731, -0.07877855959870435, -0.011689404368664924, -0.018482386266313475, 0.07964109231789951, 0.9860396023343048, 0.14622995261853117, -0.14977277974197134, 6.4305977284395475e-06, -0.14669642523238086, 0.9891815600700854, 0.024992554022204926, 0.0, 0.0, 0.0, 1.0]}, {"left_foot_pose": [0.9999400432889729, -0.01085444744652719, -0.0014459591549881993, -0.029865145252136602, 0.010950334572391902, 0.9911840237722223, 0.13203908963432354, -0.00940752096544704, 2.541283423439948e-10, -0.13204700674130723, 0.9912434554692716, 1.1243392744608727e-09, 0.0, 0.0, 0.0, 1.0], "right_foot_pose": [0.995594458922658, -0.09289012997498998, -0.012770948113963431, -0.02176885492770959, 0.09376392341377766, 0.9863241943783917, 0.13554670873861854, -0.151510531511168, 5.343717540806794e-06, -0.13614700634625118, 0.9906886456573522, 0.021837795704626392, 0.0, 0.0, 0.0, 1.0]}, {"left_foot_pose": [0.9999400432893606, -0.010883719341793646, -0.0012060181433300589, -0.02986514503140652, 0.01095033453703495, 0.9938570221688059, 0.11012860509096362, -0.009407520639589356, 7.712982572440066e-10, -0.11013520844418236, 0.99391661413871, 1.967437261718441e-09, 0.0, 0.0, 0.0, 1.0], "right_foot_pose": [0.9943788072786699, -0.10519024056621129, -0.012074805367870832, -0.024592051957431638, 0.10588100689793227, 0.9878954238343698, 0.1133659734902446, -0.1530033262254894, 3.650943148538624e-06, -0.11400721405566162, 0.993479921855463, 0.014923781423789272, 0.0, 0.0, 0.0, 1.0]}, {"left_foot_pose": [0.9999400432894491, -0.010913671086467396, -0.0008953265953120087, -0.029865145051011826, 0.010950334528948063, 0.9965920971263976, 0.08175745910260349, -0.009407520426939677, 1.3917235854185565e-09, -0.08176236132002412, 0.996651853091828, 2.966181252006539e-09, 0.0, 0.0, 0.0, 1.0], "right_foot_pose": [0.9933533169256723, -0.11469109052210726, -0.009754050831052175, -0.0267436398566584, 0.11510511608628202, 0.9897816727372547, 0.08416087311931524, -0.1541410040945984, 1.878430175992929e-06, -0.08472422362165238, 0.9964044389344017, 0.0071292156469970475, 0.0, 0.0, 0.0, 1.0]}, {"left_foot_pose": [0.9999400432890809, -0.010937897345719516, -0.0005217553893884908, -0.029865145295547072, 0.010950334562553649, 0.9988043357501146, 0.047644402186840414, -0.009407520488619515, 1.9649040407795022e-09, -0.04764725898126536, 0.9988642243626373, 3.894733154041763e-09, 0.0, 0.0, 0.0, 1.0], "right_foot_pose": [0.9927069939200955, -0.12039526983460744, -0.006148432611560361, -0.02801527730495205, 0.12055216390377073, 0.9914152329135306, 0.050626196036519265, -0.15481340163506654, 4.952171265124444e-07, -0.05099818573696275, 0.9986987458945231, 0.0013328063804320459, 0.0, 0.0, 0.0, 1.0]}, {"left_foot_pose": [0.9999400432859676, -0.010949809811073822, -0.00010723040433864368, -0.029865147614147845, 0.010950334846857705, 0.9998921009007318, 0.009791666000422364, -0.009407520770737024, 1.9538362726275984e-09, -0.009792253133137516, 0.9999520547399148, 4.298835863669748e-09, 0.0, 0.0, 0.0, 1.0], "right_foot_pose": [0.9925732422870132, -0.12163672921476179, -0.001692572533504644, -0.028271326737349077, 0.12164850470041325, 0.99247716215018, 0.013810282925390339, -0.15494879435921205, 1.9402109623105764e-09, -0.013913616217953645, 0.9999032009568426, 4.771511533108175e-09, 0.0, 0.0, 0.0, 1.0]}, {"left_foot_pose": [0.9999400432839644, -0.01094581707091463, 0.0003145249032002078, -0.029865149742456208, 0.010950335029790913, 0.9995274798096304, -0.028721198932941793, -0.00940752100217693, 7.057440837357928e-10, 0.02872292105723822, 0.9995874117884541, 4.2718532530794384e-09, 0.0, 0.0, 0.0, 1.0], "right_foot_pose": [0.9925732422927478, -0.12161198075406819, 0.002980741775888323, -0.028271328765993056, 0.12164850465362234, 0.9922752307214315, -0.02432093362244881, -0.15494879365766615, 6.782235028551391e-10, 0.024502910721015975, 0.9996997586106531, 4.826439900518231e-09, 0.0, 0.0, 0.0, 1.0]}, {"left_foot_pose": [0.9999400432872939, -0.01092729981082827, 0.0007098939709384457, -0.029865145723115247, 0.010950334725738154, 0.9978365782361936, -0.06482478926521582, -0.009407520519325396, 1.7366027876365272e-09, 0.06482867616055092, 0.9978964088257215, 3.547603134868016e-09, 0.0, 0.0, 0.0, 1.0], "right_foot_pose": [0.992573242276407, -0.12142622103645338, 0.007350616416799607, -0.028271324665162384, 0.12164850478694986, 0.9907595495596891, -0.05997629731303555, -0.15494879432741793, 1.7243861335339993e-09, 0.06042505938009937, 0.9981727366537878, 3.4275398769212373e-09, 0.0, 0.0, 0.0, 1.0]}, {"left_foot_pose": [0.9998816259928762, -0.01531291996710794, 0.0014994945560998952, -0.03018710837331483, 0.015386162472679878, 0.995137660060926, -0.09728465209286852, -0.00942895334830867, -2.491412305654455e-06, 0.09729620758563544, 0.9952554687030094, 0.002844457745927946, 0.0, 0.0, 0.0, 1.0], "right_foot_pose": [0.9925732422727014, -0.12114059279032523, 0.011104751355396283, -0.02827132413248967, 0.12164850481718459, 0.9884290072994154, -0.09060760897869483, -0.15494879466765757, 1.1044716033760267e-09, 0.09128556461731072, 0.9958247565171788, 2.266938546602315e-09, 0.0, 0.0, 0.0, 1.0]}, {"left_foot_pose": [0.9996127891404757, -0.02759755813477353, 0.0035562018780926617, -0.031090141006471735, 0.027825739003714434, 0.9914430077940006, -0.12754015267860996, -0.009489052132633034, -5.974708273128397e-06, 0.12758972169177152, 0.991827032744581, 0.009617036267467467, 0.0, 0.0, 0.0, 1.0], "right_foot_pose": [0.992573242273344, -0.12082455385797848, 0.014134564301818751, -0.028271323975484906, 0.12164850481194497, 0.9858503341242679, -0.11532892084853508, -0.15494879466569378, 4.68797175155477e-10, 0.11619184950800075, 0.9932267888593772, 1.3307061563772038e-09, 0.0, 0.0, 0.0, 1.0]}, {"left_foot_pose": [0.9989124189931919, -0.04606394587120906, 0.007217483768243415, -0.03245555479737921, 0.04662594862955015, 0.9869045063617167, -0.15441993471482876, -0.009579916852125187, -9.775741332661242e-06, 0.15458851255417286, 0.9879789429389293, 0.017439489584581233, 0.0, 0.0, 0.0, 1.0], "right_foot_pose": [0.9925732422756792, -0.12053929105693938, 0.016390180896990514, -0.028271324086346136, 0.12164850479288937, 0.983522774570706, -0.13373329122696045, -0.15494879448441035, -7.631509294845198e-11, 0.13473392747274554, 0.9908818137334893, 6.43975553438203e-10, 0.0, 0.0, 0.0, 1.0]}, {"left_foot_pose": [0.9975376048521853, -0.0690512065526289, 0.012274273069811993, -0.034164610855568586, 0.07013363483134887, 0.9821744200766634, -0.17439805564401703, -0.009693647097820359, -1.3080871553635174e-05, 0.1748294581033091, 0.9845987306553851, 0.023433112334621038, 0.0, 0.0, 0.0, 1.0], "right_foot_pose": [0.9925732422776681, -0.1203316006880633, 0.017851178959553297, -0.02827132439326159, 0.12164850477666182, 0.9818281558882812, -0.14565408882218056, -0.15494879427581842, -4.635557112751794e-10, 0.14674392042216133, 0.9891745153506201, 2.0569704273221134e-10, 0.0, 0.0, 0.0, 1.0]}, {"left_foot_pose": [0.9953148271423642, -0.0950452480487404, 0.01774248274396403, -0.03609856969669431, 0.09668709658983095, 0.9784416914160795, -0.18249236107813072, -0.009822346746085238, -1.4953100253733784e-05, 0.18335282196409033, 0.9830471720391706, 0.025000000147831485, 0.0, 0.0, 0.0, 1.0], "right_foot_pose": [0.9925732422778768, -0.12023258237899508, 0.0185063461672213, -0.02827132478541549, 0.12164850477495756, 0.9810202306944126, -0.15099982865652198, -0.1549487941956736, -6.48118910522355e-10, 0.15212965885309798, 0.9883605449921805, 3.3124836207321096e-11, 0.0, 0.0, 0.0, 1.0]}, {"left_foot_pose": [0.992204127934499, -0.12251543519680358, 0.022824036634186605, -0.03813869515514937, 0.12462330551088849, 0.9754444842581561, -0.18159595219574803, -0.009958114150938415, -1.5273530083740084e-05, 0.1830246602752708, 0.9831083223622114, 0.025000000136499896, 0.0, 0.0, 0.0, 1.0], "right_foot_pose": [0.9925732422759395, -0.12025078558093609, 0.01838769384660543, -0.028271325149141154, 0.12164850479076497, 0.9811687568976122, -0.15003170255038006, -0.15494879418893215, -6.199594456079457e-10, 0.15115428890759985, 0.9885101825195518, 8.067177481585475e-11, 0.0, 0.0, 0.0, 1.0]}, {"left_foot_pose": [0.9883358939319169, -0.14991211949635389, 0.02680517102931059, -0.04016624831063997, 0.1522897257375589, 0.9729219712803575, -0.17386971339115884, -0.010093044749456784, -1.4162587652262957e-05, 0.175923830756539, 0.98440378177421, 0.025000000370046842, 0.0, 0.0, 0.0, 1.0], "right_foot_pose": [0.9925732422723155, -0.12038195668946332, 0.017508375956647223, -0.028271325459594744, 0.12164850482033525, 0.982239027883723, -0.14285703824808813, -0.15494879418832538, -3.8831376038560257e-10, 0.14392594139228332, 0.9895884616315739, 3.5267688075490966e-10, 0.0, 0.0, 0.0, 1.0]}, {"left_foot_pose": [0.9840201589103144, -0.1759548949063226, 0.02728006262135546, -0.042062489210667915, 0.17805708841329343, 0.9724121061450964, -0.15069959883237793, -0.010219241324739402, -1.1131074426597622e-05, 0.1531488517128478, 0.9882031314942977, 0.022459721805872836, 0.0, 0.0, 0.0, 1.0], "right_foot_pose": [0.9925732422720281, -0.1206941312350458, 0.015208070588041737, -0.028271325352506524, 0.1216485048226789, 0.9847861697440647, -0.12408803792155443, -0.15494879451448845, 3.500079524717129e-10, 0.1250165051752446, 0.9921546620531336, 9.436370226878488e-10, 0.0, 0.0, 0.0, 1.0]}, {"left_foot_pose": [0.9797287500129174, -0.1987596643105003, 0.02502343384319365, -0.04370868264977023, 0.20032867079345004, 0.9720600317565088, -0.12234262674826614, -0.010328797863602315, -7.500472921946469e-06, 0.12487550001787028, 0.9921724192089958, 0.01583856037658398, 0.0, 0.0, 0.0, 1.0], "right_foot_pose": [0.9925732422700366, -0.12099115197654539, 0.012629325909781487, -0.02827132530947569, 0.12164850483892925, 0.9872096666968666, -0.10304715061909565, -0.15494879478802845, 8.393032315868683e-10, 0.10381818301073291, 0.9945962924103176, 1.74178153844462e-09, 0.0, 0.0, 0.0, 1.0]}, {"left_foot_pose": [0.9760513029142637, -0.21662755990786314, 0.01990865057543218, -0.044986090334071846, 0.21754046534870436, 0.9719569595582227, -0.08930741683760574, -0.010413807832162699, -3.90369099931454e-06, 0.09149955767489636, 0.9958051169431, 0.00799817636046439, 0.0, 0.0, 0.0, 1.0], "right_foot_pose": [0.9925732422715544, -0.12129345787974208, 0.009287400180308754, -0.028271325108150953, 0.12164850482654514, 0.989676287589482, -0.0757791993661019, -0.15494879492716873, 1.394666764807476e-09, 0.07634620395721452, 0.9970813693682793, 2.7016117537526085e-09, 0.0, 0.0, 0.0, 1.0]}, {"left_foot_pose": [0.973625998701462, -0.22779436925307728, 0.012733420167954292, -0.04577597375562895, 0.22814998279919613, 0.9721087039202323, -0.05433464006739681, -0.010466368887345825, -1.143513196353018e-06, 0.05580674779199722, 0.9984415891275633, 0.0018172762810383797, 0.0, 0.0, 0.0, 1.0], "right_foot_pose": [0.9925732422782827, -0.12153483690599536, 0.005257578474077407, -0.028271324756230936, 0.12164850477164929, 0.9916457852190229, -0.04289846086014736, -0.15494879481325782, 1.9098790251564613e-09, 0.043219440944795434, 0.9990656034137196, 3.6410427381450283e-09, 0.0, 0.0, 0.0, 1.0]}, {"left_foot_pose": [0.9729894978347612, -0.23080864303845192, 0.0043367501667441076, -0.045977263014159934, 0.23084938185592002, 0.9728177907466823, -0.018278646106454455, -0.01047975819769801, 1.7881783488100672e-09, 0.018786066791474678, 0.999823526275766, 4.203712912487223e-09, 0.0, 0.0, 0.0, 1.0], "right_foot_pose": [0.9925732423058428, -0.12164615538979902, 0.0007560008910174911, -0.028271323149805946, 0.1216485045467734, 0.9925540746104604, -0.00616849379561981, -0.15494879433375922, 1.7899943267078644e-09, 0.006214648264689986, 0.9999806888870134, 4.093933102244929e-09, 0.0, 0.0, 0.0, 1.0]}, {"left_foot_pose": [0.9729894978204279, -0.23080900284056396, -0.004317561684224158, -0.0459772607368724, 0.23084938191633234, 0.972819307112111, 0.018197763015301873, -0.010479758469911787, -1.6943021244491954e-10, -0.01870293874390265, 0.9998250847434981, 4.228261352157148e-09, 0.0, 0.0, 0.0, 1.0], "right_foot_pose": [0.9925732423310989, -0.12158961340467597, -0.0037847748190298048, -0.028271320958068696, 0.12164850434070004, 0.9920927302773558, 0.030881319960335888, -0.15494879378994267, -1.7170712981585215e-10, -0.03111238407649615, 0.9995158925985503, 4.129498562543965e-09, 0.0, 0.0, 0.0, 1.0]}, {"left_foot_pose": [0.9729894978374641, -0.23050838220257489, -0.01254283988385126, -0.045977263665301554, 0.23084938184452738, 0.9715522447629138, 0.05286585474712486, -0.010479758602608526, 1.5933410268943968e-09, -0.05433342829691542, 0.9985228482961744, 3.3468640775469183e-09, 0.0, 0.0, 0.0, 1.0], "right_foot_pose": [0.9925732422980442, -0.12137916876965589, -0.008090492119440714, -0.028271323699817583, 0.12164850461040339, 0.9903756366320479, 0.06601317816707616, -0.15494879459822777, 1.5896945366343664e-09, -0.06650711055558566, 0.9977859511165442, 3.5276088578006792e-09, 0.0, 0.0, 0.0, 1.0]}, {"left_foot_pose": [0.9729894978562086, -0.22999782632365307, -0.019810021401269057, -0.045977264962458436, 0.23084938176552297, 0.9694003420749022, 0.08349574673921757, -0.010479758525498869, 1.2656108690805659e-09, -0.08581361588616528, 0.9963112080713249, 2.334675258675034e-09, 0.0, 0.0, 0.0, 1.0], "right_foot_pose": [0.9921455010494675, -0.12447683621291138, -0.012362119305562521, -0.028023094858781326, 0.1250891871514681, 0.9872904179716221, 0.09803226937699924, -0.15490427196562395, 2.255197383116805e-06, -0.09880864247546174, 0.9951064526808525, 0.002250300399404395, 0.0, 0.0, 0.0, 1.0]}, {"left_foot_pose": [0.972989497859473, -0.22940804971562306, -0.025756237707511384, -0.04597726532945826, 0.23084938175176414, 0.9669145374402371, 0.10855800399584532, -0.010479758557389496, 6.914512805161932e-10, -0.11157160934757485, 0.9937563967027295, 1.4407946571926011e-09, 0.0, 0.0, 0.0, 1.0], "right_foot_pose": [0.9906297306728815, -0.13543608504131782, -0.017601237901210695, -0.027193636776958643, 0.13657502214516928, 0.9823740144439848, 0.12762663934796475, -0.15475551588364037, 5.746355927290527e-06, -0.12883463282009977, 0.9916660916624555, 0.008710106233454973, 0.0, 0.0, 0.0, 1.0]}, {"left_foot_pose": [0.9729894978575848, -0.22885326711444984, -0.03029222985995972, -0.04597726541198037, 0.23084938175972333, 0.9645762261710548, 0.1276764146064601, -0.010479758762592311, 1.4447845032930215e-10, -0.13122075307149159, 0.9913531731746018, 7.527672582496869e-10, 0.0, 0.0, 0.0, 1.0], "right_foot_pose": [0.9879880324108186, -0.15264517137996222, -0.024064485603921965, -0.025894273650804083, 0.1545304103441544, 0.9759444384208088, 0.15379468584563896, -0.15452249316246974, 9.58471037008326e-06, -0.155666003898968, 0.9878097464280559, 0.016558458677993437, 0.0, 0.0, 0.0, 1.0]}, {"left_foot_pose": [0.9729894978538061, -0.22842350506633688, -0.03337872674935911, -0.04597726525285377, 0.230849381775649, 0.9627648544656652, 0.1406854574556608, -0.010479759009286672, -3.027875742560353e-10, -0.1445909310396643, 0.9894915172254303, 2.933322057474541e-10, 0.0, 0.0, 0.0, 1.0], "right_foot_pose": [0.9841593149965858, -0.17451392405115745, -0.031230322087953174, -0.024242138805635458, 0.17728632924439633, 0.9687819157110649, 0.17329500066143422, -0.15422620907777546, 1.2980676765912468e-05, -0.1760865983073836, 0.9843746795443471, 0.02291665180443793, 0.0, 0.0, 0.0, 1.0]}, {"left_foot_pose": [0.9729894978438615, -0.22821997589673937, -0.034743052359322416, -0.04597726479615193, 0.2308493818175631, 0.9619070146894823, 0.14643584945503604, -0.010479758989279275, -2.5689090244873886e-10, -0.15050095578719974, 0.9886098635493885, 4.877320075591385e-11, 0.0, 0.0, 0.0, 1.0], "right_foot_pose": [0.9791431683109246, -0.19967748512951597, -0.037517434379170767, -0.022354361894046014, 0.2031714933902897, 0.9623181007318943, 0.1807352131636748, -0.15388766393078943, 1.4953357227252584e-05, -0.1845881224134194, 0.98281596692376, 0.025000000053321723, 0.0, 0.0, 0.0, 1.0]}, {"left_foot_pose": [0.9729894978466823, -0.22822537158290754, -0.034707590609341886, -0.045977264562357255, 0.23084938180567433, 0.961929756585489, 0.14628638458626683, -0.010479758949009151, -2.9320818342845666e-10, -0.15034734171652953, 0.9886332367661804, 5.334185870786712e-11, 0.0, 0.0, 0.0, 1.0], "right_foot_pose": [0.9730661002232611, -0.22662901305701852, -0.04220965573296914, -0.02034807280018313, 0.23052627694661487, 0.9566276320550527, 0.17810448962863146, -0.15352786227892581, 1.527830812828886e-05, -0.1830378759425065, 0.9831058619177433, 0.025000000088097503, 0.0, 0.0, 0.0, 1.0]}, {"left_foot_pose": [0.9729894978526722, -0.22844784260804027, -0.03321174906772491, -0.04597726430796829, 0.23084938178042752, 0.9628674329854114, 0.13998167532816488, -0.010479758902864636, -1.635826971752081e-10, -0.14386761172625803, 0.9895969433543049, 2.903547194343936e-10, 0.0, 0.0, 0.0, 1.0], "right_foot_pose": [0.9662200370845793, -0.25375531632817666, -0.045023098199266795, -0.01834040561935938, 0.2577185281187766, 0.9513710415142158, 0.1687433010002103, -0.15316781362803983, 1.4162102463920669e-05, -0.17464644514945998, 0.9846312096394727, 0.025000000383446977, 0.0, 0.0, 0.0, 1.0]}, {"left_foot_pose": [0.9729894978613308, -0.22886480145125326, -0.03020496164927634, -0.04597726407183099, 0.2308493817439326, 0.9646248414406167, 0.1273085944628646, -0.010479758639380797, 1.4687120676926227e-10, -0.13084272212218925, 0.991403138015841, 8.206655285891706e-10, 0.0, 0.0, 0.0, 1.0], "right_foot_pose": [0.9590733368598728, -0.27964537562510333, -0.04446120124292485, -0.016448492041619637, 0.283157790622