{"LoopMode": "Wrap", "FrameDuration": 0.0167, "EnableCycleOffsetPosition": true, "EnableCycleOffsetRotation": false, "Debug_info": [{"left_foot_pose": [1.0000000000000004, 9.715886334585725e-14, -7.127909373849665e-12, 1.2661725090654036e-12, -2.632370869248351e-14, 0.9999510814013849, 0.009891147769691157, -5.170516792496471e-14, 7.128143608337106e-12, -0.009891147769691327, 0.999951081401385, 1.50023743428207e-11, 0.0, 0.0, 0.0, 1.0], "right_foot_pose": [1.0, -1.6158728059780155e-13, -7.1832539916272245e-12, 1.0937100646303389e-12, 5.708386038485997e-14, 0.9998940769973189, -0.014554545189722554, -0.14000000000190366, 7.184733292496721e-12, 0.0145545451897224, 0.9998940769973189, 1.232488416880173e-11, 0.0, 0.0, 0.0, 1.0]}, {"left_foot_pose": [1.0000000000000007, 1.5778530657267987e-13, -1.5910162076693275e-11, 2.6990650477122516e-12, -4.34185259664741e-14, 0.9999743138409926, 0.007167402474889603, 6.998568391480831e-13, 1.5910534549165833e-11, -0.007167402474889777, 0.9999743138409927, 3.256482583591236e-11, 0.0, 0.0, 0.0, 1.0], "right_foot_pose": [0.9999999999999998, -4.208147113779321e-13, -1.6009082948187367e-11, 2.4913072136529515e-12, 1.4419343954915698e-13, 0.9998507035742965, -0.01727919448308677, -0.14000000000341956, 1.6013920440527578e-11, 0.017279194483086624, 0.9998507035742963, 2.8480280633846888e-11, 0.0, 0.0, 0.0, 1.0]}, {"left_foot_pose": [1.0000000000000004, 1.2370473675449108e-13, -2.795358389207082e-11, 4.62578090006892e-12, -2.906927662481414e-14, 0.9999943093873573, 0.003373602362968048, 2.0630615271688413e-12, 2.7953494671860413e-11, -0.0033736023629682213, 0.9999943093873573, 5.6531036796148015e-11, 0.0, 0.0, 0.0, 1.0], "right_foot_pose": [0.9999999999999998, -8.945690713148457e-13, -2.812639010585371e-11, 4.4234327510985155e-12, 3.016640730227071e-13, 0.9997778901736442, -0.02107534863143719, -0.14000000000515245, 2.81388154593349e-11, 0.02107534863143704, 0.9997778901736442, 5.091412014213148e-11, 0.0, 0.0, 0.0, 1.0]}, {"left_foot_pose": [1.0000000000000004, -1.1664673603275443e-13, -4.3090586654415126e-11, 7.0156460084925034e-12, 5.362380216326831e-14, 0.999998919167329, -0.0014702599003673317, 4.146436666241371e-12, 4.3090490322960206e-11, 0.0014702599003671578, 0.9999989191673291, 8.669744089306874e-11, 0.0, 0.0, 0.0, 1.0], "right_foot_pose": [1.0, -1.6898063083818342e-12, -4.338734926889741e-11, 6.86655577244757e-12, 5.645283064447451e-13, 0.999663914836749, -0.025924069380883152, -0.14000000000694082, 4.34165324530143e-11, 0.025924069380883007, 0.9996639148367493, 7.932570572632969e-11, 0.0, 0.0, 0.0, 1.0]}, {"left_foot_pose": [1.0000000000000007, -7.026121801838813e-13, -6.148748177281504e-11, 9.890947151628832e-12, 2.507517137011294e-13, 0.9999729593728512, -0.0073539460905719025, 7.132331183989926e-12, 6.149066387796645e-11, 0.007353946090571729, 0.9999729593728512, 1.2355156481236307e-10, 0.0, 0.0, 0.0, 1.0], "right_foot_pose": [0.9999999999999999, -2.9548747952278075e-12, -6.198774826771111e-11, 9.853526656945502e-12, 9.812159154140664e-13, 0.9994937285423617, -0.03181645178971997, -0.1400000000086314, 6.205029765458574e-11, 0.03181645178971983, 0.9994937285423617, 1.1405166394640176e-10, 0.0, 0.0, 0.0, 1.0]}, {"left_foot_pose": [1.0000000000000007, -1.8188108794892828e-12, -8.368283843651622e-11, 1.333250596988406e-11, 6.232403428847959e-13, 0.9998979112899214, -0.014288701762346659, 1.1306455771631363e-11, 8.370013415505792e-11, 0.014288701762346487, 0.9998979112899216, 1.6836709110235049e-10, 0.0, 0.0, 0.0, 1.0], "right_foot_pose": [0.9999999999999998, -4.8992855445415095e-12, -8.450551369776345e-11, 1.3481899815194246e-11, 1.6197867698850021e-12, 0.9992483397425669, -0.03876539077223177, -0.14000000001005464, 8.463169353088996e-11, 0.03876539077223163, 0.9992483397425669, 1.5615448517580788e-10, 0.0, 0.0, 0.0, 1.0]}, {"left_foot_pose": [1.0000000000000004, -3.7243623777878174e-12, -1.1059936300128465e-10, 1.7481710439511173e-11, 1.256190580722481e-12, 0.9997510786335417, -0.02231100112210866, 1.709239000335927e-11, 1.1065465299499047e-10, 0.02231100112210848, 0.999751078633542, 2.2326488574586634e-10, 0.0, 0.0, 0.0, 1.0], "right_foot_pose": [0.9999999999999999, -7.824855041387481e-12, -1.119169756869098e-10, 1.7918182278243236e-11, 2.577575885960412e-12, 0.9989038392461012, -0.04680940011791718, -0.14000000001098634, 1.121604763020534e-10, 0.04680940011791703, 0.9989038392461012, 2.0745994505633192e-10, 0.0, 0.0, 0.0, 1.0]}, {"left_foot_pose": [1.0000000000000007, -6.793449228948138e-12, -1.4353057631311107e-10, 2.2540277384484033e-11, 2.2716602374668116e-12, 0.9995042887025601, -0.03148296150602842, 2.5092629363232533e-11, 1.436729439270907e-10, 0.03148296150602824, 0.9995042887025605, 2.912636243301847e-10, 0.0, 0.0, 0.0, 1.0], "right_foot_pose": [1.0, -1.2168542054680699e-11, -1.4559603522812373e-10, 2.3401077668624687e-11, 3.9942159748775656e-12, 0.9984300320298315, -0.05601313364658196, -0.14000000001109209, 1.460490723498513e-10, 0.05601313364658182, 0.9984300320298316, 2.70567103444197e-10, 0.0, 0.0, 0.0, 1.0]}, {"left_foot_pose": [1.0000000000000002, -1.1567571868272446e-11, -1.8412454894090029e-10, 2.8771629824128224e-11, 3.844675562591118e-12, 0.9991222015973664, -0.04189064663182094, 3.6134964812029047e-11, 1.8444704321198793e-10, 0.04189064663182076, 0.9991222015973665, 3.7635118632639575e-10, 0.0, 0.0, 0.0, 1.0], "right_foot_pose": [0.9999999999999998, -1.8558303541137942e-11, -1.8730533790645144e-10, 3.02455852036627e-11, 6.067926468428207e-12, 0.9977887024563439, -0.06646582016710256, -0.14000000000985743, 1.8812457660314781e-10, 0.06646582016710242, 0.997788702456344, 3.4886223077013057e-10, 0.0, 0.0, 0.0, 1.0]}, {"left_foot_pose": [1.0000000000000004, -1.8812341043295362e-11, -2.3427182416213523e-10, 3.649071884050499e-11, 6.2193701514864125e-12, 0.9985603673642376, -0.05363946988365598, 5.1297839240294074e-11, 2.349433789241895e-10, 0.053639469883655796, 0.9985603673642378, 4.83414371033053e-10, 0.0, 0.0, 0.0, 1.0], "right_foot_pose": [1.0, -2.7872145903155143e-11, -2.3909513258146815e-10, 3.883561347116017e-11, 9.071099974695473e-12, 0.9969316635483954, -0.07827680508700549, -0.14000000000650348, 2.405430987862863e-10, 0.07827680508700531, 0.9969316635483954, 4.4637786522638834e-10, 0.0, 0.0, 0.0, 1.0]}, {"left_foot_pose": [1.0000000000000002, -2.9540018907058316e-11, -2.95650781634293e-10, 4.600607439192149e-11, 9.711916557815896e-12, 0.9977634624473044, -0.06684364595956331, 7.182450814657848e-11, 2.9696378866274483e-10, 0.06684364595956314, 0.9977634624473045, 6.175334410496447e-10, 0.0, 0.0, 0.0, 1.0], "right_foot_pose": [1.0, -4.125222521972507e-11, -3.028539086180613e-10, 4.9562690090896735e-11, 1.3348140775090169e-11, 0.9957990926210408, -0.09156509779993606, -0.13999999999991236, 3.053587747351419e-10, 0.09156509779993592, 0.9957990926210408, 5.670397346113631e-10, 0.0, 0.0, 0.0, 1.0]}, {"left_foot_pose": [1.0000000000000002, -4.4878116977837295e-11, -3.6848468720762567e-10, 5.744324845936369e-11, 1.46596347519962e-11, 0.9966649795815725, -0.08160219651249917, 9.871474124234503e-11, 3.709176681574097e-10, 0.08160219651249902, 0.9966649795815724, 7.816405370175694e-10, 0.0, 0.0, 0.0, 1.0], "right_foot_pose": [0.9999999999999998, -5.993276871704683e-11, -3.790345814991266e-10, 6.262846060187787e-11, 1.9249746533144856e-11, 0.9943196300591524, -0.10643530090637386, -0.13999999998867554, 3.8326027684077027e-10, 0.10643530090637375, 0.9943196300591524, 7.124182216378117e-10, 0.0, 0.0, 0.0, 1.0]}, {"left_foot_pose": [1.0000000000000002, -6.542617676166145e-11, -4.4831799383970747e-10, 7.024533350244026e-11, 2.120222481266499e-11, 0.9951919994071055, -0.09794327090764822, 1.3142968137425104e-10, 4.525702384954736e-10, 0.09794327090764803, 0.9951919994071056, 9.696770608691452e-10, 0.0, 0.0, 0.0, 1.0], "right_foot_pose": [0.9999999999999996, -8.445949690773603e-11, -4.6329051706095423e-10, 7.74758287178861e-11, 2.687075690761344e-11, 0.9924164163709747, -0.12292134280665937, -0.13999999997159834, 4.701588205711773e-10, 0.12292134280665921, 0.9924164163709748, 8.755164024321083e-10, 0.0, 0.0, 0.0, 1.0]}, {"left_foot_pose": [1.0000000000000002, -8.913651500066417e-11, -5.180648687819185e-10, 8.184888267722432e-11, 2.8600074064797986e-11, 0.9932846312195623, -0.11569633262562362, 1.643993621791573e-10, 5.248983928252057e-10, 0.11569633262562347, 0.9932846312195623, 1.148139569528972e-09, 0.0, 0.0, 0.0, 1.0], "right_foot_pose": [1.0, -1.1216594452144313e-10, -5.380745848881923e-10, 9.127321154475788e-11, 3.525628877258039e-11, 0.9900299905799052, -0.14085672774969898, -0.13999999994957935, 5.485092167125911e-10, 0.14085672774969882, 0.9900299905799052, 1.0246803960889395e-09, 0.0, 0.0, 0.0, 1.0]}, {"left_foot_pose": [1.0000000000000004, -1.0588331051921201e-10, -5.317608020582989e-10, 8.476237381142748e-11, 3.356402432929032e-11, 0.9909543818106895, -0.1341991548788408, 1.7950264885602252e-10, 5.411598478137702e-10, 0.1341991548788406, 0.9909543818106895, 1.2144414987536045e-09, 0.0, 0.0, 0.0, 1.0], "right_foot_pose": [1.0, -1.3077057406004963e-10, -5.55231416399237e-10, 9.556735359102386e-11, 4.049317330309405e-11, 0.9871856047782138, -0.15957625675103593, -0.13999999993064832, 5.689841385408921e-10, 0.15957625675103573, 0.987185604778214, 1.0687486520777334e-09, 0.0, 0.0, 0.0, 1.0]}, {"left_foot_pose": [0.9999999929534861, -0.00011726604624172608, 1.848521329567369e-05, 5.532781813351106e-11, 0.00011871314849334521, 0.9884060042013282, -0.15183397763989875, 5.933750421155404e-06, -4.6592556744273126e-07, 0.1518339787644361, 0.9884060111575327, 0.00016386114872776747, 0.0, 0.0, 0.0, 1.0], "right_foot_pose": [1.0, -1.1124049640413192e-10, -4.2548981005197044e-10, 1.1923083850818587e-10, 3.405771050379103e-11, 0.9841644846303964, -0.17725762943294274, -0.13999999999416424, 4.3846999526850486e-10, 0.17725762943294254, 0.9841644846303964, 8.063361853216655e-10, 0.0, 0.0, 0.0, 1.0]}, {"left_foot_pose": [0.9999943815128545, -0.0033021822289238346, 0.0005766586961625322, 3.826903586232923e-10, 0.0033521538828240023, 0.9852229778625555, -0.17124382311775574, 0.00016759449780585564, -2.6590883314234726e-06, 0.17124479403522394, 0.9852285118228991, 0.004191209023335592, 0.0, 0.0, 0.0, 1.0], "right_foot_pose": [0.9999999999999998, -6.37049444393392e-11, -2.015143052425113e-10, 2.568454640547706e-10, 2.3860629208771714e-11, 0.9814237941829254, -0.1918523813028945, -0.14000000013591285, 2.0999268324112172e-10, 0.1918523813028943, 0.9814237941829254, 4.4054972864193687e-10, 0.0, 0.0, 0.0, 1.0]}, {"left_foot_pose": [0.9999459555344908, -0.010201573027683267, 0.0020034764725931084, -9.542959651664962e-11, 0.010396441026510012, 0.9812942074705194, -0.19223317195215978, 0.000519807415327693, -4.919115345969125e-06, 0.19224361183812347, 0.9813472340019287, 0.011469801792814698, 0.0, 0.0, 0.0, 1.0], "right_foot_pose": [1.0, -1.2408780024281106e-11, 2.5303703576895558e-11, 2.728560763240434e-10, 1.7269676108456393e-11, 0.9793375023304396, -0.20223267918211588, -0.14000000009519747, -2.22715310070556e-11, 0.2022326791821157, 0.9793375023304395, 2.0074161083405428e-10, 0.0, 0.0, 0.0, 1.0]}, {"left_foot_pose": [0.999791231342024, -0.0199695661508275, 0.004325524170291628, -1.3721349687977752e-09, 0.0204326621426765, 0.9772041445391328, -0.21131627058346897, 0.0010216737392328354, -7.02590235085205e-06, 0.21136053634321203, 0.9774081663396043, 0.01912092580828624, 0.0, 0.0, 0.0, 1.0], "right_foot_pose": [0.9999999999999998, 1.9436483724933714e-11, 1.84222637145126e-10, 1.5039023497425472e-10, 1.925915570386364e-11, 0.97818281025582, -0.20774597401640985, -0.13999999996377005, -1.8424135738532345e-10, 0.20774597401640973, 0.9781828102558201, 7.393883422190939e-11, 0.0, 0.0, 0.0, 1.0]}, {"left_foot_pose": [0.9994671516031368, -0.03181484221851266, 0.007295798854460449, -1.4400331521842447e-09, 0.03264066164367102, 0.9742390567150017, -0.22314311008527288, 0.0016322900086995669, -8.58935444119151e-06, 0.22326234833862124, 0.9747583924955705, 0.024265877089218527, 0.0, 0.0, 0.0, 1.0], "right_foot_pose": [1.0, 1.5472651601366853e-11, 2.3244883795570096e-10, -8.272033862507377e-11, 3.320778452390612e-11, 0.978135529811194, -0.207968471939799, -0.13999999986574396, -2.3058434014772406e-10, 0.2079684719397989, 0.9781355298111939, 7.118581418774639e-11, 0.0, 0.0, 0.0, 1.0]}, {"left_foot_pose": [0.9989322455912093, -0.0450331970517565, 0.010314062313307726, -1.4952443840379748e-10, 0.046199227627431935, 0.9737644596498162, -0.22281922827604267, 0.002310749578506646, -9.20510143758433e-06, 0.22305781377526326, 0.9748052172762861, 0.025000000379052763, 0.0, 0.0, 0.0, 1.0], "right_foot_pose": [1.0, -2.8918154560152697e-11, 1.5087309179762103e-10, -3.1600247235937847e-10, 5.888831970633933e-11, 0.9792574373239513, -0.20262001738655475, -0.13999999985252445, -1.4188440226281301e-10, 0.20262001738655466, 0.9792574373239511, 2.4956584021573747e-10, 0.0, 0.0, 0.0, 1.0]}, {"left_foot_pose": [0.9981810749499922, -0.058864458982433546, 0.013019872517975178, -4.6846985709073086e-11, 0.0602871589222914, 0.9746574470119549, -0.21542590246583093, 0.003016154587841241, -8.98650933729165e-06, 0.2158189900190542, 0.9764333891599567, 0.02500000060911408, 0.0, 0.0, 0.0, 1.0], "right_foot_pose": [0.9999999999999998, -1.0519960691438607e-10, -5.754990928252763e-11, -4.853071026212747e-10, 9.220395869020108e-11, 0.9814226633012254, -0.19185816625499696, -0.13999999980412384, 7.666416840421604e-11, 0.19185816625499674, 0.9814226633012254, 6.146053110889227e-10, 0.0, 0.0, 0.0, 1.0]}, {"left_foot_pose": [0.9972519524674, -0.07255463967811218, 0.014978903869734432, 6.692765239582621e-10, 0.07408470311728745, 0.9766776333634566, -0.20152483035988897, 0.0037076046039131883, -7.998928916598563e-06, 0.20208073819327213, 0.9793688657432809, 0.02491026980533627, 0.0, 0.0, 0.0, 1.0], "right_foot_pose": [1.0, -2.0375302346553424e-10, -4.07310629668699e-10, -6.2550531890661e-10, 1.291089813254205e-10, 0.9844799299235745, -0.17549720105367536, -0.1399999998175634, 4.367470779171018e-10, 0.1754972010536751, 0.9844799299235742, 1.1643842071085153e-09, 0.0, 0.0, 0.0, 1.0]}, {"left_foot_pose": [0.9962279265516819, -0.08541060310094911, 0.015327988663525765, 2.8771139620048514e-09, 0.08677510195983335, 0.9805753060934567, -0.17590381110023007, 0.004344193633388694, -6.196581707929991e-06, 0.17657037678403728, 0.9842880178098005, 0.021163833016192034, 0.0, 0.0, 0.0, 1.0], "right_foot_pose": [0.9999999999999999, -3.037807950736347e-10, -9.096216002646412e-10, -7.334583230318204e-10, 1.610022501109096e-10, 0.9882213532013246, -0.15303122909047984, -0.14000000015923514, 9.45395141512062e-10, 0.15303122909047967, 0.9882213532013246, 1.9277162366382328e-09, 0.0, 0.0, 0.0, 1.0]}, {"left_foot_pose": [0.9952310535663262, -0.09656232329524812, 0.013815489028069537, 2.6542605121183255e-09, 0.0975456303547778, 0.985204440966839, -0.14091507902956335, 0.0048850285701550495, -3.993726154644866e-06, 0.14159070315187675, 0.9899252864560073, 0.013996811848900302, 0.0, 0.0, 0.0, 1.0], "right_foot_pose": [1.0, -3.5936622764072826e-10, -1.5069053782568157e-09, -6.549826367234681e-10, 1.6920710627053909e-10, 0.9922395272327009, -0.12434114603391071, -0.1400000004523226, 1.5398950234150962e-09, 0.12434114603391057, 0.9922395272327008, 2.923813975652667e-09, 0.0, 0.0, 0.0, 1.0]}, {"left_foot_pose": [0.994410032376645, -0.10503362335302416, 0.010799327479778796, 1.4337860707730465e-09, 0.10558734538254268, 0.9891970140828736, -0.10168864157119926, 0.0052892125111237386, -1.9360190304569882e-06, 0.10226047767765961, 0.9947576562667862, 0.00628791046651489, 0.0, 0.0, 0.0, 1.0], "right_foot_pose": [1.0000000000000002, -3.29708897166397e-10, -2.1405194283730095e-09, -3.7767314451231814e-10, 1.364795454858018e-10, 0.9959731563327926, -0.08965194847015397, -0.14000000058395637, 2.1614587513485957e-09, 0.08965194847015381, 0.9959731563327926, 4.0550313731846366e-09, 0.0, 0.0, 0.0, 1.0]}, {"left_foot_pose": [0.9939212494118936, -0.10988800341428866, 0.006721359469815997, 6.002595516994835e-10, 0.1100933693157954, 0.9920674554175859, -0.06067630455106408, 0.005515844581459374, -4.4402449389588157e-07, 0.06104744553950462, 0.9981348653327891, 0.0009158378342945875, 0.0, 0.0, 0.0, 1.0], "right_foot_pose": [0.9999999999999998, -1.8292795024107977e-10, -2.673269272612798e-09, 9.76946567448233e-11, 4.990389260570303e-11, 0.9987653676452797, -0.04967635647256204, -0.14000000045357075, 2.679055757161409e-09, 0.04967635647256188, 0.9987653676452795, 5.075006054289233e-09, 0.0, 0.0, 0.0, 1.0]}, {"left_foot_pose": [0.9938458226900507, -0.11075120131173538, 0.002156879585158937, 6.469387367393636e-10, 0.11077220193504088, 0.9936574050530353, -0.01935150282875818, 0.005550000657428301, 2.8138714971892506e-09, 0.01947133255009262, 0.9998104156332464, 5.588815979451489e-09, 0.0, 0.0, 0.0, 1.0], "right_foot_pose": [0.9999999999999998, -6.360044126319275e-12, -2.8873455293343397e-09, 4.162633687483797e-10, -1.634474137485168e-11, 0.9999690821695706, -0.007863504622397637, -0.1400000003450097, 2.8873061403476014e-09, 0.007863504622397485, 0.9999690821695706, 5.553884969977663e-09, 0.0, 0.0, 0.0, 1.0]}, {"left_foot_pose": [0.9938458226966278, -0.11074140762933996, -0.002611770421793488, 5.523689556967415e-10, 0.11077220187602961, 0.9935695379459768, 0.02343272407030521, 0.005550000409159181, 2.6830664221483966e-09, -0.023577826492092457, 0.9997220044081804, 5.233734806653345e-09, 0.0, 0.0, 0.0, 1.0], "right_foot_pose": [0.9999999999999998, 1.7051277295154022e-10, -2.7196466745316185e-09, 3.565884751241322e-10, -7.356367094539645e-11, 0.9993658378433178, 0.03560789451404292, -0.14000000053459263, 2.723993503988824e-09, -0.03560789451404309, 0.9993658378433179, 5.407534690859972e-09, 0.0, 0.0, 0.0, 1.0]}, {"left_foot_pose": [0.9938458227016078, -0.11054526938105898, -0.0070868974900392566, 3.555516215648924e-10, 0.11077220183134973, 0.9918097908867635, 0.06358347271571552, 0.005550000239266556, 2.1980895705877583e-09, -0.06397719999050039, 0.9979513604787441, 4.245627689691833e-09, 0.0, 0.0, 0.0, 1.0], "right_foot_pose": [0.9999999992727452, -3.801505086902506e-05, -3.0602940960242873e-06, 6.080774100778249e-06, 3.8137700683474205e-05, 0.9971012265573186, 0.07608641497275526, -0.13999405253227554, 1.5899406103617038e-07, -0.07608641503413378, 0.9971012272819787, 3.7403314947226374e-05, 0.0, 0.0, 0.0, 1.0]}, {"left_foot_pose": [0.993845822705531, -0.11022792485221973, -0.010967464316822599, -8.226967306186606e-11, 0.11077220179615212, 0.9889625830430945, 0.09839984070090742, 0.005550000535518628, 1.5939475949328687e-09, -0.09900916080598181, 0.9950865219047519, 2.992860223538507e-09, 0.0, 0.0, 0.0, 1.0], "right_foot_pose": [0.9999923056490028, -0.003898998832931496, -0.00043179959669562663, 0.0006254732801460334, 0.003922835441930905, 0.9939776910254073, 0.10951237877927529, -0.13938822975369425, 2.2105290571925764e-06, -0.10951323003135632, 0.9939853381429794, 0.0034929896117585207, 0.0, 0.0, 0.0, 1.0]}, {"left_foot_pose": [0.9938458227059891, -0.10986362759894568, -0.01415853172673809, -3.3816688056569066e-10, 0.11077220179204235, 0.9856941156669079, 0.12703003443979863, 0.005550000536760815, 1.0119536871247368e-09, -0.12781664081970512, 0.991797815247426, 1.9101250164910155e-09, 0.0, 0.0, 0.0, 1.0], "right_foot_pose": [0.9999106904801182, -0.013241011714459242, -0.0018129181864788605, 0.0021309612100725954, 0.013364544187171878, 0.9907159637598646, 0.1352895713276946, -0.13791573398070814, 4.716189540807475e-06, -0.13530171750624537, 0.9908044434789428, 0.01053849694963395, 0.0, 0.0, 0.0, 1.0]}, {"left_foot_pose": [0.9938458227043784, -0.10951361092063444, -0.016650817282716678, -4.4348307491615113e-10, 0.11077220180649379, 0.982553772920676, 0.1493907715566351, 0.005550000348853742, 5.119591941020991e-10, -0.1503158419544301, 0.988638026609098, 1.0756476473416932e-09, 0.0, 0.0, 0.0, 1.0], "right_foot_pose": [0.9996300781811868, -0.026877458015107072, -0.004160414176498251, 0.004337030537976747, 0.02719755036596091, 0.9879048017452544, 0.15265777393490404, -0.13575801208481364, 7.0402325962438955e-06, -0.15271445556762286, 0.9882703552222537, 0.018295207765360803, 0.0, 0.0, 0.0, 1.0]}, {"left_foot_pose": [0.9938458227019742, -0.10922497506130248, -0.018449539850487324, -4.2794637289140375e-10, 0.11077220182806213, 0.9799641374641238, 0.1655288753854138, 0.005550000102182749, 1.202951638469314e-10, -0.16655387749030226, 0.986032355398618, 5.055625917904649e-10, 0.0, 0.0, 0.0, 1.0], "right_foot_pose": [0.9990203679911028, -0.04368813835306617, -0.007046339912645832, 0.007058170263020946, 0.04425273172853417, 0.9863052893625931, 0.15888225800867048, -0.1330965080207356, 8.572256758822535e-06, -0.15903843165290193, 0.9872723925968464, 0.023884416837586103, 0.0, 0.0, 0.0, 1.0]}, {"left_foot_pose": [0.9938458226998724, -0.10903151119047094, -0.019560426108253336, -3.0611586225928744e-10, 0.11077220184691776, 0.9782283831922504, 0.1754957253469795, 0.005550000006114683, -1.3562100247500052e-10, -0.17658244500685497, 0.9842858528473334, 1.8690751030225883e-10, 0.0, 0.0, 0.0, 1.0], "right_foot_pose": [0.9979908768189372, -0.06262302019581373, -0.009621181202064894, 0.010108870662243476, 0.06335779121831844, 0.986438170539891, 0.15141177627202154, -0.13011266424145979, 8.837660030700762e-06, -0.1517171481523018, 0.9884239509838014, 0.025000000707740375, 0.0, 0.0, 0.0, 1.0]}, {"left_foot_pose": [0.9938458226987382, -0.1089460878155587, -0.02003074272095825, -1.140588211986232e-10, 0.11077220185709369, 0.9774619662271941, 0.17971539687795277, 0.005550000052135235, -2.4505478474680483e-10, -0.1808282459378329, 0.9835146900128374, 3.196173187225426e-11, 0.0, 0.0, 0.0, 1.0], "right_foot_pose": [0.9965211808487402, -0.08256484526730358, -0.01133941999479172, 0.013303615967999883, 0.08333988273996347, 0.9872669392519493, 0.1354933747641466, -0.12698793196710925, 8.044949003651348e-06, -0.1359670437498536, 0.9907133606392943, 0.02500000128402504, 0.0, 0.0, 0.0, 1.0]}, {"left_foot_pose": [0.9938458226987048, -0.10897206690508415, -0.01988892502799041, 9.263509848523449e-11, 0.11077220185739396, 0.9776950501016155, 0.1784430113578722, 0.005550000094911232, -2.2072667686038666e-10, -0.17954798144572603, 0.9837492172087184, 7.143442087853558e-11, 0.0, 0.0, 0.0, 1.0], "right_foot_pose": [0.9946782699009638, -0.10235262934399723, -0.01179316128930215, 0.016456894153690303, 0.10302979833435477, 0.9881478891805973, 0.11379195825326119, -0.12390375840326782, 6.481309366433197e-06, -0.11440143519335806, 0.9934346035767488, 0.024992551815338833, 0.0, 0.0, 0.0, 1.0]}, {"left_foot_pose": [0.9938458226998492, -0.10910972024967235, -0.019119352737436385, 2.219165709483814e-10, 0.11077220184712562, 0.9789300733205031, 0.171538423820014, 0.0055500002498735075, -5.797263048029492e-11, -0.17260063874665507, 0.9849918880398191, 3.5029835976363444e-10, 0.0, 0.0, 0.0, 1.0], "right_foot_pose": [0.9926199866797302, -0.1208162153350733, -0.010440505545290297, 0.01938319492045432, 0.1212664917645778, 0.98893737147525, 0.08542431313586774, -0.12104158454748777, 4.3639001582512586e-06, -0.08605996404677627, 0.9962899590828084, 0.021837794094037202, 0.0, 0.0, 0.0, 1.0]}, {"left_foot_pose": [0.993845822701638, -0.10934424602817537, -0.01772897512647299, 3.0408524494002914e-10, 0.11077220183107903, 0.9810342341296455, 0.1590639832493681, 0.005550000416188827, 2.1646230314800607e-10, -0.16004895290563573, 0.9871090784071489, 7.767773646527587e-10, 0.0, 0.0, 0.0, 1.0], "right_foot_pose": [0.990584850289023, -0.13670008985369833, -0.007398635811079333, 0.02189699974501479, 0.13690016206302638, 0.9891380456126653, 0.05351889711750019, -0.11858286770107185, 2.234121537612266e-06, -0.05402788313035474, 0.9985394272834005, 0.014923780877069338, 0.0, 0.0, 0.0, 1.0]}, {"left_foot_pose": [0.9938458227021184, -0.1096435991829523, -0.015772186143913073, 1.2506795317272779e-10, 0.11077220182676793, 0.9837200247406341, 0.14150771083844432, 0.005550000396130805, 6.152363824444244e-10, -0.14238396708371018, 0.989811500194611, 1.3109182836479327e-09, 0.0, 0.0, 0.0, 1.0], "right_foot_pose": [0.9888684938363227, -0.1487536487319745, -0.0033843591426411445, 0.023812796582616827, 0.14879214326522813, 0.9886127594991216, 0.022487993642639773, -0.11670905663185792, 6.495241382442939e-07, -0.02274123445321099, 0.999741384686621, 0.007129215864138921, 0.0, 0.0, 0.0, 1.0]}, {"left_foot_pose": [0.9938458227027616, -0.10996581989314502, -0.013341632265240818, 1.5475416434429512e-10, 0.11077220182100113, 0.9866109822523259, 0.1197008312537093, 0.005550000222538781, 8.6335296247855e-10, -0.120442053097454, 0.9927203593387571, 1.8026245704461097e-09, 0.0, 0.0, 0.0, 1.0], "right_foot_pose": [0.9877869501891268, -0.15580766205238153, 0.0009557624359163954, 0.024945074831205383, 0.155810593465454, 0.9877683690832463, -0.006058712946369167, -0.11560159667146448, -7.800333611716704e-08, 0.006133635495717346, 0.9999811890808745, 0.0013328059182067045, 0.0, 0.0, 0.0, 1.0]}, {"left_foot_pose": [0.9938458226997293, -0.1102591909098723, -0.01064854554386495, -2.976387953376042e-10, 0.11077220184820515, 0.9892431003431147, 0.09553851433450043, 0.005549999736014231, 9.167040291623899e-10, -0.09613011621465634, 0.9953687762616213, 2.1410861000825676e-09, 0.0, 0.0, 0.0, 1.0], "right_foot_pose": [0.9875631526670775, -0.15714205823855187, 0.0050391494137269005, 0.02517306229803298, 0.1572228338831936, 0.9870557767441256, -0.0316523948823555, -0.11537861031847738, 9.412967534458953e-10, 0.032051008230669094, 0.9994862344581829, 1.928013589058697e-09, 0.0, 0.0, 0.0, 1.0]}, {"left_foot_pose": [0.9938458226978525, -0.11048822214401444, -0.007926756807464505, -8.41615385997925e-10, 0.11077220186504294, 0.9912979631333722, 0.07111868658516113, 0.005549999470363639, 6.354807857359814e-10, -0.07155907388363185, 0.9974363633560378, 2.1102720126897623e-09, 0.0, 0.0, 0.0, 1.0], "right_foot_pose": [0.9875631526660439, -0.15696568125567092, 0.00898857075663355, 0.025173061736158197, 0.15722283388968636, 0.9859479006199857, -0.05645987749489758, -0.1153786104026012, 6.675211717728887e-10, 0.057170903184975426, 0.9983644063311824, 1.7353117415241925e-09, 0.0, 0.0, 0.0, 1.0]}, {"left_foot_pose": [0.9938458226979411, -0.11063694492919006, -0.00547239642104162, 3.33392799044957e-11, 0.11077220186424815, 0.9926323006428824, 0.04909821803859614, 0.005550000014457934, 6.041908144680146e-10, -0.04940224830060444, 0.9987789634663152, 1.430127898049971e-09, 0.0, 0.0, 0.0, 1.0], "right_foot_pose": [0.9875631526655527, -0.15672297027070364, 0.012527173935151048, 0.025173062675252437, 0.15722283389276942, 0.9844233609921602, -0.07868689112949906, -0.11537861008465711, 6.302076357992832e-10, 0.0796778320640512, 0.9968206674610897, 1.3352003183642047e-09, 0.0, 0.0, 0.0, 1.0]}, {"left_foot_pose": [0.9934686305494669, -0.11407613848806211, -0.0025912818874308232, 0.00047911251328452303, 0.11410556565732037, 0.9932125075929455, 0.02255736347530147, 0.0070966432419824945, 4.366615610159038e-07, -0.02270571268615733, 0.9997421920731485, 0.0028444598228855103, 0.0, 0.0, 0.0, 1.0], "right_foot_pose": [0.9875631526654932, -0.15646802362884613, 0.015387562479943794, 0.02517306308090054, 0.15722283389314454, 0.982821965793665, -0.09665383622021698, -0.11537861012320277, 3.242120351592053e-10, 0.09787104339465626, 0.9951991051366762, 9.603895734233703e-10, 0.0, 0.0, 0.0, 1.0]}, {"left_foot_pose": [0.9923510498313088, -0.12342857851809673, 0.002186299087946248, 0.001822910570772705, 0.12344794003263392, 0.9921955005988462, -0.017569709533885394, 0.011434648603272072, -6.318452805860776e-07, 0.017705213819884325, 0.9998432504163809, 0.009617041430344642, 0.0, 0.0, 0.0, 1.0], "right_foot_pose": [0.9875631526662814, -0.15624598785762378, 0.01749887922782385, 0.025173063168191633, 0.15722283388819422, 0.9814272936390721, -0.10991563948980022, -0.11537860998738195, -9.194020869737861e-12, 0.11129985884394315, 0.9937868692135746, 6.418090850446312e-10, 0.0, 0.0, 0.0, 1.0]}, {"left_foot_pose": [0.9904944145366881, -0.13720947433975703, 0.00971467565244005, 0.0038547738572500077, 0.1375529525681172, 0.9880228230704596, -0.06992915223048005, 0.017993855865063225, -3.379044768786026e-06, 0.07060071701681075, 0.997504656001813, 0.017439497689569594, 0.0, 0.0, 0.0, 1.0], "right_foot_pose": [0.9875631526666399, -0.15610242447328737, 0.0187363968971635, 0.025173062958713965, 0.1572228338859418, 0.9805255297470268, -0.1176888525697569, -0.11537860978587926, -2.7352372173534203e-10, 0.11917096369449223, 0.9928737489792575, 4.2141989203825503e-10, 0.0, 0.0, 0.0, 1.0]}, {"left_foot_pose": [0.9878880270090934, -0.153834420530974, 0.020303131580636714, 0.006398016574012328, 0.15516844407700864, 0.9794011364131339, -0.12921365235679716, 0.02620387220747803, -7.402807822712643e-06, 0.13079902542665314, 0.9914089039809141, 0.023433123698505462, 0.0, 0.0, 0.0, 1.0], "right_foot_pose": [0.9875631526652828, -0.15606914401267563, 0.019011622365215572, 0.0251730625210934, 0.15722283389446606, 0.9803164853689378, -0.1194176243947539, -0.11537860966504408, -3.9891318065263927e-10, 0.12092150677627223, 0.9926620720058542, 3.692536554300574e-10, 0.0, 0.0, 0.0, 1.0]}, {"left_foot_pose": [0.9845608703628989, -0.17194126499109108, 0.03280387086176271, 0.009275947414249025, 0.1750425445896777, 0.9671295004508784, -0.1844468404207725, 0.03549429230793447, -1.1568173834313114e-05, 0.18734121476839638, 0.9822948992615609, 0.02500001432913359, 0.0, 0.0, 0.0, 1.0], "right_foot_pose": [0.9875631526614672, -0.15615957629428576, 0.018253937573368042, 0.025173062033887174, 0.15722283391843336, 0.9808845170847938, -0.1146583823276231, -0.11537860971496966, -3.386794668548159e-10, 0.11610232932598634, 0.9932372572175693, 5.875146896761052e-10, 0.0, 0.0, 0.0, 1.0]}, {"left_foot_pose": [0.980617789064774, -0.19043580176838126, 0.04607555940571305, 0.0123118564582635, 0.1959304763133241, 0.9531351938556801, -0.23053101892224928, 0.04529470405304448, -1.4877825233110752e-05, 0.2350904243871495, 0.9719735038261699, 0.02500001323048428, 0.0, 0.0, 0.0, 1.0], "right_foot_pose": [0.9875631526554977, -0.15636224675969063, 0.016427638460703782, 0.025173061703213675, 0.15722283395593017, 0.9821575498191701, -0.10318685873729465, -0.11537860971668583, -7.164180329164356e-11, 0.10448633940121531, 0.9945263218630939, 1.1068617064569075e-09, 0.0, 0.0, 0.0, 1.0]}, {"left_foot_pose": [0.9762600157364325, -0.20842847469619644, 0.058940246098217935, 0.015329056132153575, 0.2166018961077333, 0.9394419715236477, -0.26557936806592775, 0.05503472016172608, -1.66383998379556e-05, 0.27204108710924463, 0.9622856367251799, 0.025000010180508535, 0.0, 0.0, 0.0, 1.0], "right_foot_pose": [0.9875631526485908, -0.15664541328404522, 0.013462318813882584, 0.025173061411031938, 0.1572228339993143, 0.9839362020052657, -0.08456081156586398, -0.1153786097396034, 4.3145323849951304e-10, 0.08562572557662879, 0.9963273734669121, 1.985796020675945e-09, 0.0, 0.0, 0.0, 1.0]}, {"left_foot_pose": [0.9717902178882956, -0.22615816723575288, 0.06690482650142014, 0.01815085778545373, 0.2358469252941131, 0.931887248882839, -0.2756127413580284, 0.06414394309504094, -1.5682253038937165e-05, 0.2836170635948047, 0.9589376210118823, 0.022459729942380824, 0.0, 0.0, 0.0, 1.0], "right_foot_pose": [0.9875631526466258, -0.15701039907128522, 0.008170319340952088, 0.025173061305580013, 0.15722283401165807, 0.986228785439822, -0.051320202992936624, -0.11537861035571097, 1.4320573868520958e-09, 0.05196650222373386, 0.9986488284910922, 3.6120883020740457e-09, 0.0, 0.0, 0.0, 1.0]}, {"left_foot_pose": [0.967602236280588, -0.2425866021256312, 0.06998323237709496, 0.02060055539428069, 0.25247952824787756, 0.9297025059137058, -0.26815543685240845, 0.07205196764170027, -1.267024538643221e-05, 0.2771371338650187, 0.960830374661703, 0.015838565117197875, 0.0, 0.0, 0.0, 1.0], "right_foot_pose": [0.9875631526509682, -0.15720439836468675, 0.002407625568315167, 0.025173061279112195, 0.15722283398438136, 0.9874473528306393, -0.015123024224097533, -0.11537861094058915, 2.430563405365514e-09, 0.015313475195390357, 0.999882741863985, 5.70376877673251e-09, 0.0, 0.0, 0.0, 1.0]}, {"left_foot_pose": [0.9641563200040217, -0.25674839436623115, 0.06695410806414703, 0.022501461365286527, 0.265334864895646, 0.9329631601719606, -0.24326354275303733, 0.07818840712189463, -8.192236338332679e-06, 0.2523093413893181, 0.9676466277420577, 0.007998176751992665, 0.0, 0.0, 0.0, 1.0], "right_foot_pose": [0.9875631526687998, -0.15715309529839117, -0.004682320898403669, 0.025173061529950354, 0.15722283387237626, 0.9871251047306392, 0.029411020377804874, -0.11537861144980303, 3.618962828238851e-09, -0.02978140776825832, 0.9995564355009383, 8.424128672412934e-09, 0.0, 0.0, 0.0, 1.0]}, {"left_foot_pose": [0.9619400953994692, -0.26697696334258175, 0.05826280037240465, 0.023676884336583427, 0.2732604121562426, 0.9398234916078766, -0.20508669330354232, 0.08198286833402878, -3.325876695027466e-06, 0.21320203016471104, 0.9770081342151585, 0.0018172759738725522, 0.0, 0.0, 0.0, 1.0], "right_foot_pose": [0.9875631527037788, -0.15668513907191137, -0.012991790322688462, 0.025173062083030055, 0.1572228336526629, 0.9841857364440336, 0.08160524957588246, -0.11537861173966374, 4.847666265848336e-09, -0.08263294363709162, 0.9965800502849077, 1.156480005509719e-08, 0.0, 0.0, 0.0, 1.0]}, {"left_foot_pose": [0.9613649375108068, -0.271661914466848, 0.04446640476866106, 0.023976425243017047, 0.2752770548462832, 0.9487395846006347, -0.15529244568546377, 0.08294983313644225, 4.7082487950596445e-09, 0.1615332932866257, 0.9868672631919543, 1.515044921462927e-08, 0.0, 0.0, 0.0, 1.0], "right_foot_pose": [0.9875631527864797, -0.15565672104435344, -0.022136044184729912, 0.0251730652182442, 0.1572228331331933, 0.9777259437912894, 0.13904301341313058, -0.1153786118474818, 5.140306700044452e-09, -0.14079404828028902, 0.9900389062904789, 1.3659308253921587e-08, 0.0, 0.0, 0.0, 1.0]}, {"left_foot_pose": [0.9613649374597196, -0.27376668311741803, 0.02879687896208916, 0.023976429948258875, 0.27527705502469724, 0.9560901831482309, -0.10056890505774166, 0.08294983224623256, 2.2814471328734295e-09, 0.10461053915581459, 0.9945132654205929, 1.463817421443192e-08, 0.0, 0.0, 0.0, 1.0], "right_foot_pose": [0.9875631528664393, -0.15409811257344358, -0.031189594447498928, 0.025173069952969602, 0.15722283263094178, 0.967935864601663, 0.195911058690758, -0.11537861172793035, 2.691603931704195e-09, -0.19837825918969337, 0.9801255359804, 1.4261560571382503e-08, 0.0, 0.0, 0.0, 1.0]}, {"left_foot_pose": [0.9613649375523614, -0.27495200096088157, 0.013373631240323789, 0.023976423694937292, 0.27527705470115915, 0.9602297340492935, -0.04670547080031237, 0.08294983255895215, 4.283196172452212e-09, 0.0485824558377915, 0.9988191753189213, 1.1135204716627989e-08, 0.0, 0.0, 0.0, 1.0], "right_foot_pose": [0.9875631527613036, -0.15215554497867137, -0.03959431070744174, 0.025173064789834623, 0.15722283329133174, 0.9557340222841297, 0.24870355715277692, -0.11537861095133906, 4.555275884358173e-09, -0.25183559871638894, 0.9677700301306906, 1.52133149897149e-08, 0.0, 0.0, 0.0, 1.0]}, {"left_foot_pose": [0.9613649376163458, -0.2752762224502665, -0.0006768127010238871, 0.023976421251687755, 0.27527705447770445, 0.961362031911846, 0.0023636574215844426, 0.08294983266446473, 3.3472995795948593e-09, -0.002458648376419042, 0.9999969775195134, 7.989034808697504e-09, 0.0, 0.0, 0.0, 1.0], "right_foot_pose": [0.9871474640738563, -0.15267513002340166, -0.04722487527661257, 0.025857559152983177, 0.15981202753940135, 0.9430728402098345, 0.29167401994744335, -0.11407756648674754, 5.128335745903919e-06, -0.29547237219559713, 0.9553512847339489, 0.00225029939322699, 0.0, 0.0, 0.0, 1.0]}, {"left_foot_pose": [0.9613649376374551, -0.2749942041537444, -0.012475751006716615, 0.023976420522301582, 0.2752770544039822, 0.9603771247899566, 0.043569731452513215, 0.08294983246177837, 2.255449596104352e-09, -0.045320700149332635, 0.9989724891797447, 5.35834308867944e-09, 0.0, 0.0, 0.0, 1.0], "right_foot_pose": [0.9857093850775706, -0.15936117862008425, -0.054598744663360656, 0.02814480290162588, 0.16845476558681702, 0.9325196275968982, 0.31942156486003354, -0.10973014177894735, 1.1003987968600482e-05, -0.32405425301230023, 0.9460384986793888, 0.0087101095769863, 0.0, 0.0, 0.0, 1.0]}, {"left_foot_pose": [0.9613649376422139, -0.27439688306946486, -0.021995618516996895, 0.02397642010375757, 0.27527705438736255, 0.9582910681651824, 0.07681648262353583, 0.08294983201323212, 1.3633485794394732e-09, -0.0799035621020569, 0.9968025986941466, 3.3036128554986277e-09, 0.0, 0.0, 0.0, 1.0], "right_foot_pose": [0.9833046211230361, -0.17133326654446, -0.06129383209823749, 0.031727818240900485, 0.18196708996072933, 0.9258713211477334, 0.331134828804483, -0.1029198078717778, 1.5789417289668478e-05, -0.3367598676376916, 0.9415905645764185, 0.016558465924854902, 0.0, 0.0, 0.0, 1.0]}, {"left_foot_pose": [0.9613649376382246, -0.27370979942004237, -0.02933261633904107, 0.023976419914105877, 0.2752770544012948, 0.9558915286064735, 0.10243987923912964, 0.08294983147949771, 6.711974764757722e-10, -0.10655670434008772, 0.9943066271327876, 1.851309203160234e-09, 0.0, 0.0, 0.0, 1.0], "right_foot_pose": [0.9799796516113354, -0.18794442813598725, -0.06570216404626174, 0.03628361187203976, 0.19909766971354972, 0.9251128848011797, 0.32330522465539174, -0.09426048314610799, 1.850295728294225e-05, -0.3299136891786636, 0.9440111002261385, 0.022916661131227575, 0.0, 0.0, 0.0, 1.0]}, {"left_foot_pose": [0.9613649376223211, -0.27311747183032875, -0.0344137079002024, 0.023976420277606474, 0.2752770544568345, 0.9538229106225811, 0.1201848512127781, 0.08294983108734537, 3.191480134243028e-10, -0.12501480613302615, 0.9921548761395685, 9.927198160730732e-10, 0.0, 0.0, 0.0, 1.0], "right_foot_pose": [0.9758153264298854, -0.2085793174335721, -0.06541496039501062, 0.041489197532631715, 0.2185965424379649, 0.9311236050231161, 0.29193215616461876, -0.08436607972892966, 1.8403875719356046e-05, -0.29917135642922377, 0.9541994021972534, 0.02500001080702105, 0.0, 0.0, 0.0, 1.0]}, {"left_foot_pose": [0.9613649376186365, -0.2727068490168099, -0.03752907162238608, 0.023976420341543136, 0.27527705446970235, 0.9523888702097494, 0.1310648052799917, 0.08294983111365786, 5.7556707191424255e-11, -0.13633200064519105, 0.9906632049289408, 4.683338716837682e-10, 0.0, 0.0, 0.0, 1.0], "right_foot_pose": [0.970964457170026, -0.23151305092533403, -0.06024724195977884, 0.04702157974304885, 0.239223792000288, 0.9396847649996006, 0.2444678297213126, -0.07385053017838429, 1.592229097236504e-05, -0.2517821472600659, 0.967783937698695, 0.025000014300867957, 0.0, 0.0, 0.0, 1.0]}, {"left_foot_pose": [0.9613649376173833, -0.2725286510445157, -0.03880194685556433, 0.023976420439668196, 0.27527705447408, 0.9517665397297572, 0.13551013663530853, 0.08294983115826661, -4.658064889786177e-11, -0.140955979691186, 0.9900158644129393, 2.506763338572249e-10, 0.0, 0.0, 0.0, 1.0], "right_foot_pose": [0.9656738413413805, -0.25469220061504083, -0.051048164461123036, 0.052557763676234805, 0.2597576408960359, 0.9468516948101082, 0.18973095696630876, -0.0633277580552837, 1.2046082412631274e-05, -0.19647837280752597, 0.9805081584942569, 0.025000015845437443, 0.0, 0.0, 0.0, 1.0]}, {"left_foot_pose": [0.9613649376187554, -0.27259888275735267, -0.03830542829325818, 0.023976420401364495, 0.2752770544692873, 0.9520118137735215, 0.13377611789240892, 0.08294983123047177, -1.02506363069658e-11, -0.1391522747032677, 0.9902709954577623, 3.4790786918037497e-10, 0.0, 0.0, 0.0, 1.0], "right_foot_pose": [0.9602908310298108, -0.27644513183247166, -0.03767769799499515, 0.0577747624819015, 0.2790009315098999, 0.9514976902712299, 0.1296557967278074, -0.053411673880541105, 7.528797711898081e-06, -0.13501938562533097, 0.990842957006142, 0.023024944300873776, 0.0, 0.0, 0.0, 1.0]}, {"left_foot_pose": [0.9613649376220386, -0.2729006640191784, -0.03609271794789181, 0.02397642039338012, 0