{"LoopMode": "Wrap", "FrameDuration": 0.0167, "EnableCycleOffsetPosition": true, "EnableCycleOffsetRotation": false, "Debug_info": [{"left_foot_pose": [1.0000000000000004, 1.0475340036560664e-13, -6.099121208080764e-12, 8.284163347939758e-13, -4.292772501340335e-14, 0.999949175581282, 0.010081976706731189, 8.083811398051921e-16, 6.099575580409012e-12, -0.01008197670673136, 0.9999491755812824, 1.3124626385696558e-11, 0.0, 0.0, 0.0, 1.0], "right_foot_pose": [0.9999999999999998, -1.5672428027406997e-13, -6.14813755461796e-12, -1.2346241227263745e-13, 6.846903721934596e-14, 0.9998968408275337, -0.01436341544054811, -0.1400000000015936, 6.149559413653573e-12, 0.014363415440547962, 0.9998968408275335, 1.088186485365128e-11, 0.0, 0.0, 0.0, 1.0]}, {"left_foot_pose": [1.0000000000000004, 1.72994237990317e-13, -1.3578027591165671e-11, 2.2605866700578146e-12, -6.983442392285286e-14, 0.9999713235869098, 0.007573110579181951, 7.349815200896614e-13, 1.3578507032102383e-11, -0.007573110579182124, 0.9999713235869099, 2.842871077435305e-11, 0.0, 0.0, 0.0, 1.0], "right_foot_pose": [1.0, -3.8047935848457616e-13, -1.366312618600318e-11, 3.0257571743594147e-13, 1.4995531214105866e-13, 0.9998576449757772, -0.016872752694592225, -0.14000000000280327, 1.3667515483610801e-11, 0.01687275269459208, 0.9998576449757773, 2.5171253970057705e-11, 0.0, 0.0, 0.0, 1.0]}, {"left_foot_pose": [1.0000000000000004, 1.712719609571551e-13, -2.3829105355588363e-11, 4.375868547685723e-12, -7.376167096477859e-14, 0.9999916842067533, 0.004078175737038625, 2.0239868808724637e-12, 2.3829397673334332e-11, -0.004078175737038797, 0.9999916842067534, 4.9300216686809506e-11, 0.0, 0.0, 0.0, 1.0], "right_foot_pose": [1.0, -7.755218299342219e-13, -2.3972934748428536e-11, 1.0901039986983185e-12, 2.871215978990337e-13, 0.9997925248298885, -0.020369273287900325, -0.1400000000041694, 2.3983410079741366e-11, 0.020369273287900173, 0.9997925248298885, 4.502963973918028e-11, 0.0, 0.0, 0.0, 1.0]}, {"left_foot_pose": [1.0000000000000007, 1.2093013398301192e-14, -3.671285497830468e-11, 7.190811887251496e-12, -2.5888086642312317e-14, 0.9999999259743425, -0.00038477436297522675, 3.946213147920652e-12, 3.671247024491428e-11, 0.0003847743629750532, 0.9999999259743426, 7.556425624111185e-11, 0.0, 0.0, 0.0, 1.0], "right_foot_pose": [0.9999999999999999, -1.4253533082802523e-12, -3.6954550530765567e-11, 2.2832455444299017e-12, 5.071751018752655e-13, 0.9996915434089524, -0.024835821641859903, -0.1400000000055715, 3.697861569743752e-11, 0.02483582164185976, 0.9996915434089526, 7.019992920298535e-11, 0.0, 0.0, 0.0, 1.0]}, {"left_foot_pose": [1.0000000000000007, -4.133863094968509e-13, -5.23757148762627e-11, 1.0795684833406007e-11, 1.095783497224438e-13, 0.9999831405935824, -0.005806765760431892, 6.644372552155886e-12, 5.237671658707905e-11, 0.005806765760431715, 0.9999831405935825, 1.0764633628923548e-10, 0.0, 0.0, 0.0, 1.0], "right_foot_pose": [0.9999999999999998, -2.4465554922995954e-12, -5.2776616410454816e-11, 3.967787192509776e-12, 8.482396286481373e-13, 0.9995419233342193, -0.03026455843605528, -0.14000000000689639, 5.282649358137504e-11, 0.030264558436055133, 0.9995419233342193, 1.0098951536141598e-10, 0.0, 0.0, 0.0, 1.0]}, {"left_foot_pose": [1.0000000000000004, -1.2492040248524277e-12, -7.127987089461384e-11, 1.5371891460146426e-11, 3.799221773454239e-13, 0.9999255926556225, -0.012198735684612013, 1.0349946594212511e-11, 7.128942968017823e-11, 0.012198735684611838, 0.9999255926556224, 1.4665207936914726e-10, 0.0, 0.0, 0.0, 1.0], "right_foot_pose": [0.9999999999999998, -4.004283222390111e-12, -7.193262652194219e-11, 6.28849012382635e-12, 1.3640497626401499e-12, 0.9993275092373067, -0.03666782351818601, -0.1400000000080193, 7.203086306300503e-11, 0.036667823518185864, 0.9993275092373065, 1.3834952627966857e-10, 0.0, 0.0, 0.0, 1.0]}, {"left_foot_pose": [1.0000000000000007, -2.697648727618986e-12, -9.421474711501785e-11, 2.120853413536919e-11, 8.513282285661461e-13, 0.9998079993021213, -0.019595012923952795, 1.541015579031857e-11, 9.424930431114069e-11, 0.019595012923952618, 0.9998079993021216, 1.9441826620836267e-10, 0.0, 0.0, 0.0, 1.0], "right_foot_pose": [0.9999999999999998, -6.336695675191675e-12, -9.525458199988175e-11, 9.468701324582931e-12, 2.1316218116316974e-12, 0.9990279302739, -0.04408168023847874, -0.14000000000877388, 9.544110062940448e-11, 0.0440816802384786, 0.9990279302738999, 1.8390731298945084e-10, 0.0, 0.0, 0.0, 1.0]}, {"left_foot_pose": [1.0000000000000007, -5.051246740624419e-12, -1.2228440482431316e-10, 2.8719593437438017e-11, 1.61906932847328e-12, 0.999606417005232, -0.028053717792176542, 2.231962011045585e-11, 1.2237761080442516e-10, 0.02805371779217636, 0.9996064170052323, 2.535506735124038e-10, 0.0, 0.0, 0.0, 1.0], "right_foot_pose": [0.9999999999999998, -9.788424153980759e-12, -1.2390938275430577e-10, 1.3834709332922567e-11, 3.2614886583384827e-12, 0.9986174306200124, -0.0525664081128309, -0.14000000000891116, 1.2425258401733352e-10, 0.052566408112830754, 0.9986174306200124, 2.3997406839448843e-10, 0.0, 0.0, 0.0, 1.0]}, {"left_foot_pose": [1.0000000000000004, -8.733750058296993e-12, -1.568912777472063e-10, 3.8466945643585185e-11, 2.820135925065369e-12, 0.9992907928530586, -0.037655163246312975, 3.175509681596633e-11, 1.571085360657301e-10, 0.0376551632463128, 0.9992907928530588, 3.2747166089919233e-10, 0.0, 0.0, 0.0, 1.0], "right_foot_pose": [1.0, -1.485394188906361e-11, -1.5938800279613466e-10, 1.9846855617402787e-11, 4.910510667032717e-12, 0.9980633925804957, -0.06220501901544056, -0.14000000000804688, 1.6000308397325057e-10, 0.06220501901544042, 0.9980633925804957, 3.095498093963478e-10, 0.0, 0.0, 0.0, 1.0]}, {"left_foot_pose": [1.0000000000000004, -1.4343767121252122e-11, -1.9962348440927235e-10, 5.1172031795911265e-11, 4.646001399664742e-12, 0.9988233075655335, -0.04849742533216059, 4.459030193693092e-11, 2.000841564396039e-10, 0.04849742533216039, 0.9988233075655335, 4.203269399205567e-10, 0.0, 0.0, 0.0, 1.0], "right_foot_pose": [1.0, -2.222196122082161e-11, -2.0340490403114573e-10, 2.8127136244152848e-11, 7.29389728323585e-12, 0.9973246931853054, -0.07309894912265703, -0.14000000000559895, 2.044850010795089e-10, 0.07309894912265688, 0.9973246931853056, 3.9617962382942906e-10, 0.0, 0.0, 0.0, 1.0]}, {"left_foot_pose": [1.0000000000000004, -2.2667924061877686e-11, -2.518316666311189e-10, 6.766503229877002e-11, 7.343837176831712e-12, 0.9981569050637411, -0.060686018765237555, 6.180988013082533e-11, 2.527427669087522e-10, 0.06068601876523737, 0.9981569050637413, 5.362940438957686e-10, 0.0, 0.0, 0.0, 1.0], "right_foot_pose": [0.9999999999999998, -3.277858122098745e-11, -2.5747276533039083e-10, 3.94424478021464e-11, 1.0681692445343283e-11, 0.9963503614710943, -0.08535781860157898, -0.1400000000007356, 2.593306973510517e-10, 0.08535781860157883, 0.9963503614710942, 5.032332883736501e-10, 0.0, 0.0, 0.0, 1.0]}, {"left_foot_pose": [1.0000000000000007, -3.4561993674629684e-11, -3.1347602291731334e-10, 8.865874923786433e-11, 1.1172329361698025e-11, 0.997235178539695, -0.07431015195048238, 8.413617025304632e-11, 3.1517751607631215e-10, 0.07431015195048218, 0.9972351785396951, 6.773843083673903e-10, 0.0, 0.0, 0.0, 1.0], "right_foot_pose": [1.0, -4.744917064988701e-11, -3.2172459141221995e-10, 5.454536304224556e-11, 1.5340741113896227e-11, 0.9950799075450234, -0.09907561556804856, -0.1399999999924276, 3.2484254297148456e-10, 0.09907561556804842, 0.9950799075450233, 6.317947137679525e-10, 0.0, 0.0, 0.0, 1.0]}, {"left_foot_pose": [1.0000000000000004, -5.039631911149649e-11, -3.801439163453315e-10, 1.1403659477076171e-10, 1.621492574473072e-11, 0.9959969513483777, -0.08938720772424963, 1.1086575928132003e-10, 3.8312681303594957e-10, 0.08938720772424945, 0.9959969513483778, 8.371467893897311e-10, 0.0, 0.0, 0.0, 1.0], "right_foot_pose": [1.0, -6.651803889115347e-11, -3.9181052846615175e-10, 7.358005002420878e-11, 2.130835991342606e-11, 0.9934491971380695, -0.11427463719358505, -0.1399999999798831, 3.9684504487449223e-10, 0.11427463719358487, 0.9934491971380696, 7.748910887950267e-10, 0.0, 0.0, 0.0, 1.0]}, {"left_foot_pose": [1.0000000000000004, -6.82617785286214e-11, -4.357957883449602e-10, 1.408445994306238e-10, 2.1800779550941116e-11, 0.9943943911502318, -0.1057345489845241, 1.3675413405855874e-10, 4.4057058180662187e-10, 0.10573454898452392, 0.994394391150232, 9.840727954735229e-10, 0.0, 0.0, 0.0, 1.0], "right_foot_pose": [0.9999999999999998, -8.747793751890403e-11, -4.512582529869741e-10, 9.430380012264322e-11, 2.7713231228508927e-11, 0.9914120068305109, -0.13077550501641705, -0.1399999999641243, 4.5882257903950433e-10, 0.1307755050164169, 0.9914120068305109, 9.027773320569032e-10, 0.0, 0.0, 0.0, 1.0]}, {"left_foot_pose": [1.0000000000000004, -7.948681827163766e-11, -4.3834424978683583e-10, 1.5842074250486329e-10, 2.5113335218003722e-11, 0.9924470082303177, -0.12267410425469863, 1.4538426712507047e-10, 4.447840474452329e-10, 0.12267410425469846, 0.9924470082303177, 1.0255533158809449e-09, 0.0, 0.0, 0.0, 1.0], "right_foot_pose": [1.0, -9.972772836574956e-11, -4.561011568426914e-10, 1.0772053117875339e-10, 3.117517001076337e-11, 0.9890027947668077, -0.1478968287132748, -0.13999999995213358, 4.658346983281944e-10, 0.14789682871327464, 0.9890027947668075, 9.32040597478867e-10, 0.0, 0.0, 0.0, 1.0]}, {"left_foot_pose": [0.9999999974308287, 7.095357305388556e-05, -1.0194778255535863e-05, -3.1160948018849126e-05, -7.168177369828634e-05, 0.9903394900249733, -0.1386639439753529, 2.4356782618889516e-05, 2.575892195077762e-07, 0.13866394434988097, 0.9903394925666994, 0.00016386109147827066, 0.0, 0.0, 0.0, 1.0], "right_foot_pose": [0.9999999999999999, -8.232240583563964e-11, -3.407370496866231e-10, 4.510293791748192e-11, 2.5398028406324407e-11, 0.9864936278729104, -0.16379964031139996, -0.14000000000664753, 3.496190439667864e-10, 0.1637996403113999, 0.9864936278729103, 6.869812982368551e-10, 0.0, 0.0, 0.0, 1.0]}, {"left_foot_pose": [0.9999979513752076, 0.001998161667117494, -0.0003234120291131621, -0.0008800345003459578, -0.0020241648059058145, 0.9872688820270101, -0.15904734307110346, 0.0006878900271743912, 1.4923282348549332e-06, 0.15904767188202018, 0.9872709040920246, 0.004191209253170375, 0.0, 0.0, 0.0, 1.0], "right_foot_pose": [1.0000000000000002, -5.348814895728033e-11, -1.9741502876868788e-10, -1.1753389854560424e-10, 1.7754334485493958e-11, 0.9842569468156024, -0.17674349392616706, -0.14000000013395875, 2.0376062702830367e-10, 0.17674349392616684, 0.9842569468156022, 3.69182122372802e-10, 0.0, 0.0, 0.0, 1.0]}, {"left_foot_pose": [0.9999802939332988, 0.006169249345500015, -0.0011628016112336728, -0.002729443885356172, -0.006277876783886789, 0.9827615005861958, -0.18477126732437602, 0.0021335126649981925, 2.8566363318305027e-06, 0.1847749261346968, 0.9827808640097536, 0.01146980243064371, 0.0, 0.0, 0.0, 1.0], "right_foot_pose": [1.0, -1.9984159100996338e-11, -4.9851567318626044e-11, -1.7899304264805998e-10, 1.0369710287280193e-11, 0.9825731227388554, -0.1858764602396287, -0.14000000011357452, 5.26971130433434e-11, 0.18587646023962856, 0.9825731227388554, 1.778112587724756e-10, 0.0, 0.0, 0.0, 1.0]}, {"left_foot_pose": [0.9999238756919808, 0.01205685345885209, -0.002622042295697853, -0.00536463282193633, -0.01233867103734398, 0.9771587046117894, -0.21215235845599847, 0.004193355533315646, 4.261556247452966e-06, 0.21216856102184872, 0.9772330846301501, 0.019120927201576224, 0.0, 0.0, 0.0, 1.0], "right_foot_pose": [1.0, 3.806704845012186e-12, 5.566302974102653e-11, -1.5444495279852475e-10, 6.869080367485161e-12, 0.9816797247922905, -0.19053849461915304, -0.13999999999579002, -5.5368840547716493e-11, 0.19053849461915284, 0.9816797247922905, 9.110150134272743e-11, 0.0, 0.0, 0.0, 1.0]}, {"left_foot_pose": [0.99980569750437, 0.01915812364469238, -0.004640424141809405, -0.008570843973113692, -0.019712108154861074, 0.9717726092267588, -0.23509451024791964, 0.006699544867458078, 5.467380686703675e-06, 0.23514030334043698, 0.9719614383889292, 0.024265879695883043, 0.0, 0.0, 0.0, 1.0], "right_foot_pose": [1.0, 5.192513756197143e-12, 8.343031820956522e-11, -2.875551869285466e-11, 1.0770838855400475e-11, 0.9817452833551826, -0.19020041695499137, -0.1399999998849021, -8.289499198363679e-11, 0.19020041695499124, 0.9817452833551826, 1.2157898993114813e-10, 0.0, 0.0, 0.0, 1.0]}, {"left_foot_pose": [0.9996106216374132, 0.027035645159251224, -0.006904998225060041, -0.012133306083573814, -0.027903495687889603, 0.9685755402614181, -0.24714938344187512, 0.009484200908363624, 6.169354279134358e-06, 0.24724582240783383, 0.9689527869116297, 0.02500000366310611, 0.0, 0.0, 0.0, 1.0], "right_foot_pose": [1.0, -2.248484469529287e-11, 1.0022871421711132e-11, 1.424119846118707e-10, 2.394790517278693e-11, 0.9828397045640098, -0.18446169014874114, -0.13999999985619102, -5.703518895671323e-12, 0.184461690148741, 0.9828397045640096, 3.2861235954584345e-10, 0.0, 0.0, 0.0, 1.0]}, {"left_foot_pose": [0.9993366384036153, 0.035235591000378486, -0.009205230633556117, -0.01583725317197819, -0.0364181699660492, 0.9669300885830044, -0.2524280505197236, 0.012379453072848356, 6.3629267953706095e-06, 0.25259583709894773, 0.9675718800377553, 0.02500000328440328, 0.0, 0.0, 0.0, 1.0], "right_foot_pose": [1.0, -7.684497662176827e-11, -1.724115850088021e-10, 2.824741875079089e-10, 4.579790635357949e-11, 0.9848638685826443, -0.1733296292052469, -0.1399999998017925, 1.8312126902177166e-10, 0.1733296292052467, 0.9848638685826442, 7.203609375672215e-10, 0.0, 0.0, 0.0, 1.0]}, {"left_foot_pose": [0.9989976889742082, 0.04332675727074184, -0.01124319921525674, -0.019467929703963445, -0.04476178490647058, 0.9670043430390586, -0.2507966968594023, 0.0152174309717163, 6.014861675351301e-06, 0.25104858622984166, 0.9679744869136893, 0.02491027168903761, 0.0, 0.0, 0.0, 1.0], "right_foot_pose": [0.9999999999999998, -1.5408104236417717e-10, -4.885187254721746e-10, 4.6532569757575454e-10, 7.573513258969148e-11, 0.9876797504420709, -0.1564886914977828, -0.13999999981543532, 5.066118333897004e-10, 0.15648869149778263, 0.9876797504420711, 1.331508757418387e-09, 0.0, 0.0, 0.0, 1.0]}, {"left_foot_pose": [0.99862404278934, 0.05096679411326926, -0.012345325467187179, -0.022810571147030174, -0.05244064395158967, 0.9705800535642081, -0.23499859251757763, 0.01783025701823731, 5.001771458421516e-06, 0.23532264132699907, 0.9719173084444317, 0.021163834258887508, 0.0, 0.0, 0.0, 1.0], "right_foot_pose": [1.0, -2.401063514442669e-10, -9.62834090234564e-10, 7.923486266845426e-10, 1.0955788773518588e-10, 0.9910676249231993, -0.1333602745538917, -0.140000000214709, 9.862543700448045e-10, 0.13336027455389146, 0.991067624923199, 2.2622389100890317e-09, 0.0, 0.0, 0.0, 1.0]}, {"left_foot_pose": [0.9982602286398317, 0.05768977203123979, -0.012182205011227899, -0.02565041263579215, -0.058961986936370114, 0.9767332705027776, -0.2061931191612948, 0.020050064603568278, 3.5309037265218444e-06, 0.20655267729064214, 0.9784354815171009, 0.013996811876085098, 0.0, 0.0, 0.0, 1.0], "right_foot_pose": [0.9999999999999998, -2.9765712113238557e-10, -1.5660115981752633e-09, 1.0381444110357622e-09, 1.3364102192908356e-10, 0.9946075769751541, -0.10371001795204289, -0.14000000059491044, 1.5884369300133384e-09, 0.10371001795204277, 0.994607576975154, 3.502536566335479e-09, 0.0, 0.0, 0.0, 1.0]}, {"left_foot_pose": [0.9979605366453902, 0.06290156118908585, -0.010870183918482951, -0.027772700596195615, -0.06383390395877749, 0.9833897812896477, -0.1699110672101185, 0.02170898726405093, 1.956395354809988e-06, 0.17025842609126726, 0.9853994460832105, 0.006287909487867616, 0.0, 0.0, 0.0, 1.0], "right_foot_pose": [0.9999999999999999, -2.8404174179732324e-10, -2.2498851115493307e-09, 1.131195124725341e-09, 1.3115526300523748e-10, 0.9977081849979937, -0.06766370953479683, -0.14000000080553668, 2.2639481572890035e-09, 0.06766370953479667, 0.9977081849979937, 4.897542871251659e-09, 0.0, 0.0, 0.0, 1.0]}, {"left_foot_pose": [0.9977820959761611, 0.06600187350690209, -0.0086395395131137, -0.028962673829820415, -0.0665649228128868, 0.989343334656934, -0.12949469958578794, 0.022639153359567957, 5.780499285546396e-07, 0.1297825830513398, 0.9915424757095327, 0.0009158371040259294, 0.0, 0.0, 0.0, 1.0], "right_foot_pose": [0.9999999999999998, -1.5872173729495416e-10, -2.85953360990021e-09, 9.800259588889132e-10, 8.426881354623495e-11, 0.9996614754069117, -0.026017966624557066, -0.14000000070097954, 2.8626951772743812e-09, 0.02601796662455691, 0.9996614754069117, 6.048729545016229e-09, 0.0, 0.0, 0.0, 1.0]}, {"left_foot_pose": [0.9977545589931588, 0.06672614497397962, -0.0057845989730687985, -0.02914199560229353, -0.0669764138213425, 0.9940262818974961, -0.08617372504814082, 0.022779327212168875, 2.9389572745552088e-09, 0.08636765872681601, 0.9962633324207258, 7.040868256480426e-09, 0.0, 0.0, 0.0, 1.0], "right_foot_pose": [0.9999999999999996, 6.771014620728081e-11, -3.059231701296739e-09, 8.239760806264373e-10, -9.712254229394327e-12, 0.9998203506455302, 0.018954324969484477, -0.14000000058231254, 3.0599653116888147e-09, -0.018954324969484633, 0.9998203506455303, 6.418947012809539e-09, 0.0, 0.0, 0.0, 1.0]}, {"left_foot_pose": [0.9977545589889265, 0.0669139344414744, -0.002892299150443023, -0.02914199553200399, -0.06697641388439315, 0.9968237979963211, -0.04308683942199984, 0.022779326998739947, 2.6757120282264257e-09, 0.04318380629070151, 0.9990671443272708, 6.104885472146826e-09, 0.0, 0.0, 0.0, 1.0], "right_foot_pose": [0.9999999999999998, 2.405444951033187e-10, -2.7412503933454973e-09, 8.188780962932639e-10, -6.715702331033508e-11, 0.9980086962636877, 0.06307647883366618, -0.140000000716139, 2.750964373859812e-09, -0.06307647883366634, 0.9980086962636877, 6.0239531418648795e-09, 0.0, 0.0, 0.0, 1.0]}, {"left_foot_pose": [0.9977545589856838, 0.06697602058389533, -0.000229543090188796, -0.02914199547261403, -0.06697641393270154, 0.9977486993328893, -0.0034194964897800704, 0.022779326804196788, 2.0523904030120056e-09, 0.0034271921851373025, 0.9999941271596184, 4.534893092988934e-09, 0.0, 0.0, 0.0, 1.0], "right_foot_pose": [0.9999999999995394, -9.53949003998904e-07, -1.0627146057595097e-07, -2.6161758305673056e-06, 9.598207390112304e-07, 0.9946883791582595, 0.10293215419193852, -0.14000299254843848, 7.514960778982876e-09, -0.10293215419199327, 0.994688379158717, 3.740363846125444e-05, 0.0, 0.0, 0.0, 1.0]}, {"left_foot_pose": [0.9977545589846414, 0.0669458974278104, 0.0020215941605521426, -0.02914199560720858, -0.06697641394823141, 0.9972999506037754, 0.030115917723738887, 0.02277932697802688, 1.3824179338448153e-09, -0.030183693334199457, 0.9995443685283352, 2.9800667003532233e-09, 0.0, 0.0, 0.0, 1.0], "right_foot_pose": [0.9999999951262033, -9.773558254897173e-05, -1.3976737643694322e-05, -0.0002691705484148014, 9.872987302641009e-05, 0.9900346087405965, 0.14082422997576205, -0.14030785093720197, 7.391583086436056e-08, -0.1408242306693351, 0.9900346135647908, 0.0034929900136401737, 0.0, 0.0, 0.0, 1.0]}, {"left_foot_pose": [0.9977545589848665, 0.06686878343041056, 0.0037955009488592198, -0.02914199565743675, -0.06697641394487987, 0.9961511754171007, 0.056541981661537566, 0.02277932690735325, 7.949485958135705e-10, -0.05666922901951693, 0.998393008029571, 1.6967832416892037e-09, 0.0, 0.0, 0.0, 1.0], "right_foot_pose": [0.999999943428376, -0.00033089036231468403, -6.0455050493233045e-05, -0.0009170510707246481, 0.0003363676848753737, 0.9838014351683843, 0.17926132605056747, -0.14104885312386678, 1.5992031262246576e-07, -0.17926133624458865, 0.9838014908139644, 0.010538497079728669, 0.0, 0.0, 0.0, 1.0]}, {"left_foot_pose": [0.9977545589855866, 0.06678446870851179, 0.005067027017998436, -0.029141995638622246, -0.06697641393415504, 0.9948951307324665, 0.07548403024050677, 0.02277932670309116, 3.480928535580137e-10, -0.0756539066020446, 0.9971341366214731, 7.611976049481939e-10, 0.0, 0.0, 0.0, 1.0], "right_foot_pose": [0.9999997656675403, -0.0006683916083128899, -0.0001480456755739659, -0.0018664221767259526, 0.0006845909727898267, 0.9764167736323558, 0.2158930649756504, -0.142134691394668, 2.5316797129028495e-07, -0.21589311573563072, 0.9764170024010732, 0.018295207780582336, 0.0, 0.0, 0.0, 1.0]}, {"left_foot_pose": [0.9977545589861531, 0.06672267645547897, 0.005824471561070687, -0.029141995562622695, -0.06697641392571124, 0.9939746055876637, 0.08676775567283593, 0.02277932649099515, 6.58547853280188e-11, -0.08696302601374162, 0.9962115398380679, 1.882541414421901e-10, 0.0, 0.0, 0.0, 1.0], "right_foot_pose": [0.9999993793729695, -0.0010799816706863901, -0.0002736663422830322, -0.003037451913004929, 0.0011141155970873348, 0.9694354880559667, 0.24534382658654, -0.14347405388569698, 3.3502836612110777e-07, -0.2453439792154699, 0.9694360896225221, 0.023884417056846276, 0.0, 0.0, 0.0, 1.0]}, {"left_foot_pose": [0.9977545589861464, 0.06670173553723843, 0.00605957908454463, -0.02914199545116891, -0.06697641392581055, 0.9936626466934613, 0.09027017527281536, 0.022779326423749958, -3.304963442912775e-11, -0.09047332779591276, 0.9958988788815529, 6.573873390092189e-12, 0.0, 0.0, 0.0, 1.0], "right_foot_pose": [0.9999987269409634, -0.0015403149100156651, -0.0004165890425208305, -0.004350308358725092, 0.0015956554467232693, 0.9653795886675535, 0.26084421340670083, -0.1449756224148934, 3.8432741036637264e-07, -0.2608445460691928, 0.9653808174942202, 0.02500000074551139, 0.0, 0.0, 0.0, 1.0]}, {"left_foot_pose": [0.9977545589854565, 0.0667264433033851, 0.00578115799976303, -0.02914199532500204, -0.06697641393608687, 0.9940307205713135, 0.08612250888552941, 0.022779326424802664, 5.405423126109819e-11, -0.08631632710302466, 0.9962677811087962, 1.7916614719615254e-10, 0.0, 0.0, 0.0, 1.0], "right_foot_pose": [0.9999977951499419, -0.002023763758500176, -0.0005604243964896621, -0.0057251526570786734, 0.0020999274023166792, 0.9637789247506369, 0.26669415912503813, -0.14654808741313993, 3.9924841174149946e-07, -0.26669474795495324, 0.9637810495195911, 0.025000000569701884, 0.0, 0.0, 0.0, 1.0]}, {"left_foot_pose": [0.9977545589842222, 0.06679061827017847, 0.004985312155551755, -0.029141995184013364, -0.06697641395447318, 0.9949867411091833, 0.07426671522779799, 0.022779326442314826, 3.3189515590873663e-10, -0.07443385202994104, 0.9972259531680799, 7.3030023001186e-10, 0.0, 0.0, 0.0, 1.0], "right_foot_pose": [0.9999966261037314, -0.002505189971231166, -0.000686880165079098, -0.007082151695316379, 0.002597649131315253, 0.9644419168771228, 0.2642821242335007, -0.14810014199097973, 3.7909586835412795e-07, -0.2642830168466924, 0.964445170554691, 0.0249925507776506, 0.0, 0.0, 0.0, 1.0]}, {"left_foot_pose": [0.9977545589828707, 0.06687672935988791, 0.003652820693991861, -0.02914199508859896, -0.06697641397460831, 0.9962695463119849, 0.0544164594806937, 0.022779326811011184, 8.178511858299875e-10, -0.054538923361544756, 0.9985116453194549, 1.772218635731626e-09, 0.0, 0.0, 0.0, 1.0], "right_foot_pose": [0.9999953196038864, -0.002964494466462583, -0.0007566656320852955, -0.00834147477463598, 0.0030595375825519322, 0.9689566608246515, 0.24721170820436844, -0.1495404704954127, 3.184632094668894e-07, -0.24721286620258923, 0.9689611957058957, 0.021837792710849298, 0.0, 0.0, 0.0, 1.0]}, {"left_foot_pose": [0.9977545589823446, 0.06695278681200678, 0.0017788670704996195, -0.029141995020846866, -0.06697641398244976, 0.9974025819933422, 0.02649998873711183, 0.02277932722768712, 1.4872968534122677e-09, -0.026559626712767796, 0.9996472308914179, 3.2749208692117726e-09, 0.0, 0.0, 0.0, 1.0], "right_foot_pose": [0.999994026930464, -0.003375135028796655, -0.000744692507955367, -0.009423280227395461, 0.0034563135480099537, 0.9765213348460337, 0.21539298151791775, -0.15077776783068902, 2.2772504008901614e-07, -0.21539426885146618, 0.976527167541124, 0.01492377926037175, 0.0, 0.0, 0.0, 1.0]}, {"left_foot_pose": [0.9977545589828409, 0.06697355778781823, -0.000618535527695531, -0.029141994779749478, -0.06697641397504947, 0.9977120103775228, -0.009214353991755589, 0.02277932756185876, 2.255282553060644e-09, 0.009235090994916918, 0.9999573556378876, 5.122859247919109e-09, 0.0, 0.0, 0.0, 1.0], "right_foot_pose": [0.9999929360643598, -0.0037006383098797595, -0.0006581014213923632, -0.010247733674441949, 0.0037586994246109296, 0.9845519560275138, 0.17505232949330268, -0.15172073013821058, 1.296849395709603e-07, -0.17505356654034754, 0.9845589108029479, 0.0071292147965055785, 0.0, 0.0, 0.0, 1.0]}, {"left_foot_pose": [0.9977545589877956, 0.06688596184077848, -0.0034796735054695117, -0.029141995029227416, -0.06697641390124352, 0.9964070877007836, -0.05183700956433919, 0.022779327576605665, 3.100073883802755e-09, 0.05195366867005668, 0.9986494962256393, 7.067738040655858e-09, 0.0, 0.0, 0.0, 1.0], "right_foot_pose": [0.9999922483489596, -0.003903916201997533, -0.0005125234431462608, -0.010735002531702138, 0.003937415648621388, 0.9914858088680752, 0.13015524411727775, -0.15227804825779692, 4.4554307204433485e-08, -0.1301562532170698, 0.9914934945568186, 0.0013328076796250213, 0.0, 0.0, 0.0, 1.0]}, {"left_foot_pose": [0.9977545590033394, 0.06664606411938645, -0.006643954052126073, -0.029141997057614832, -0.0669764136696798, 0.9928333128836657, -0.09897561740344903, 0.022779327065138202, 3.568492715528011e-09, 0.09919836170945891, 0.9950676786199822, 8.600490403187777e-09, 0.0, 0.0, 0.0, 1.0], "right_foot_pose": [0.9999921060156283, -0.003959904484745551, -0.0003272046754291586, -0.010833115998630983, 0.003973399857542341, 0.9965957797705258, 0.0823472151147178, -0.152390270945085, 3.6922147564841707e-09, -0.08234786518209954, 0.9966036469429311, 7.579641039812124e-09, 0.0, 0.0, 0.0, 1.0]}, {"left_foot_pose": [0.9977545590157402, 0.06624734438910278, -0.009855421081731396, -0.029141998847849734, -0.06697641348494673, 0.9868935481804985, -0.14681718086246093, 0.022779326679407567, 3.137329645328903e-09, 0.14714759230479701, 0.9891145464903961, 9.453401346448675e-09, 0.0, 0.0, 0.0, 1.0], "right_foot_pose": [0.9999921060155141, -0.003971298033756017, -0.0001292229980132434, -0.010833117773275452, 0.003973399886258588, 0.9994631560491921, 0.032520943921297014, -0.15239027063530716, 3.2647777303875564e-09, -0.032521200656116, 0.9994710458576999, 7.206516793034634e-09, 0.0, 0.0, 0.0, 1.0]}, {"left_foot_pose": [0.997754559001787, 0.06573141901950098, -0.012853814407915883, -0.02914199531061543, -0.06697641369280903, 0.9792077531705771, -0.19148455848835683, 0.022779327264361753, 2.976284082788986e-09, 0.19191549360151725, 0.9814114546487054, 8.336735690672725e-09, 0.0, 0.0, 0.0, 1.0], "right_foot_pose": [0.9999921060148166, -0.00397292494143655, 6.14447805695437e-05, -0.01083311468670447, 0.003973400061828472, 0.9998725194587255, -0.01546469926022666, -0.15239027011876458, 3.1418470499898933e-09, 0.015464821326814605, 0.9998804125000799, 6.1009390664445995e-09, 0.0, 0.0, 0.0, 1.0]}, {"left_foot_pose": [0.9979091889029088, 0.06291757791693087, -0.014786111463356512, -0.028392558376835027, -0.06463165395885087, 0.9714329319729083, -0.228343618227143, 0.02173130857324379, -3.1117803136921962e-06, 0.22882184569570002, 0.9734683163425153, 0.002844457218782785, 0.0, 0.0, 0.0, 1.0], "right_foot_pose": [0.9999921060146268, -0.0039667873735078785, 0.00022914267172243944, -0.010833114336498636, 0.003973400109556211, 0.998327835710454, -0.05766926856871226, -0.15239027033733585, 2.2188680610968992e-09, 0.05766972380386648, 0.9983357165585061, 4.4562221898636345e-09, 0.0, 0.0, 0.0, 1.0]}, {"left_foot_pose": [0.9983134668999777, 0.05612153261891335, -0.014852453758634206, -0.026290555858707414, -0.058053611132855634, 0.965060574152353, -0.25551490455777087, 0.018791864584681874, -6.370498878967552e-06, 0.2559462087885574, 0.9666910251813564, 0.00961703931101017, 0.0, 0.0, 0.0, 1.0], "right_foot_pose": [0.9999921060146241, -0.003956358221718291, 0.00036761128621195675, -0.010833114299728585, 0.003973400110271674, 0.9957031135284462, -0.09251768372220535, -0.1523902702449659, 1.3963989314732143e-09, 0.09251841405568809, 0.9957109736568238, 2.976694057910123e-09, 0.0, 0.0, 0.0, 1.0]}, {"left_foot_pose": [0.9988423857594763, 0.04630119112612332, -0.013041783260741293, -0.023112268432394067, -0.04810289312646912, 0.9613791353732768, -0.2709912724458017, 0.014347342685656897, -9.120384087522311e-06, 0.27130491659613065, 0.9624934504439944, 0.017439495699576354, 0.0, 0.0, 0.0, 1.0], "right_foot_pose": [0.9999921060147082, -0.003944743243744292, 0.0004763496711058481, -0.010833114468439185, 0.003973400089121283, 0.9927799684594124, -0.11988388681328252, -0.15239026995927285, 7.410841276542374e-10, 0.11988483317946884, 0.9927878055120999, 1.8176011459813957e-09, 0.0, 0.0, 0.0, 1.0]}, {"left_foot_pose": [0.9993646429920976, 0.03431705054407856, -0.009625506700083436, -0.01913407944447843, -0.03564141161355146, 0.9621488105242818, -0.27018393028621007, 0.00878423949602319, -1.0745769651062446e-05, 0.27035533367896647, 0.9627606106586746, 0.02343312049968166, 0.0, 0.0, 0.0, 1.0], "right_foot_pose": [0.9999921060148108, -0.003934283155148626, 0.0005561691456903116, -0.010833114786728496, 0.00397340006335943, 0.9901474802956136, -0.13997206634248263, -0.15239026962866736, 2.6457893961427763e-10, 0.1399731712875826, 0.9901552965670067, 1.0166202532579938e-09, 0.0, 0.0, 0.0, 1.0]}, {"left_foot_pose": [0.9997681226101774, 0.0208608553702114, -0.005340948019365587, -0.014632370010497667, -0.02153371535419811, 0.9684044916007443, -0.2484532949078142, 0.0024890492091061457, -1.075019996473015e-05, 0.24851069466066836, 0.9686291522165262, 0.025000009243516995, 0.0, 0.0, 0.0, 1.0], "right_foot_pose": [0.9999921060148886, -0.0039266027859743875, 0.0006080283452901907, -0.010833115128197537, 0.003973400043728142, 0.9882145646592365, -0.15302348279740666, -0.15239026946088235, -3.2669765396373016e-11, 0.15302469077216535, 0.988222365671858, 5.677211062371512e-10, 0.0, 0.0, 0.0, 1.0]}, {"left_foot_pose": [0.9999779076349344, 0.006496536942681044, -0.0014068581349851563, -0.009883540192645734, -0.006647116174986902, 0.9770233948793531, -0.2130284058640565, -0.0041517190459131464, -9.413597379584697e-06, 0.21303305111220946, 0.9770449933576284, 0.025000011095865658, 0.0, 0.0, 0.0, 1.0], "right_foot_pose": [0.9999921060149222, -0.003922508437348163, 0.0006339048814822056, -0.010833115312216162, 0.003973400035213555, 0.9871841403536814, -0.1595358427636985, -0.1523902694887394, -1.5619211423476236e-10, 0.15953710214781472, 0.9871919332319715, 3.440439044766208e-10, 0.0, 0.0, 0.0, 1.0]}, {"left_foot_pose": [0.9999667949400443, -0.00803062853712766, 0.0013849269419939727, -0.005163974538133505, 0.008149169624480696, 0.9855701563033887, -0.16907116264622457, -0.010751563794464007, -7.194959138010837e-06, 0.16907683463269976, 0.9856028733413981, 0.025000011515136644, 0.0, 0.0, 0.0, 1.0], "right_foot_pose": [0.9999921060149148, -0.0039222437588743225, 0.0006355405187756452, -0.010833115460435349, 0.003973400037126214, 0.9871175270144894, -0.15994749123679333, -0.15239026951574833, -1.359602938608793e-10, 0.15994875387040386, 0.9871253193669509, 3.4998776793360165e-10, 0.0, 0.0, 0.0, 1.0]}, {"left_foot_pose": [0.9997582862849739, -0.021846741790523743, 0.0024675651301093796, -0.0007500523719030977, 0.021985654097086024, 0.9934633910103376, -0.112013935455217, -0.016923993354365383, -4.296096867075361e-06, 0.11204111118415584, 0.9937035721915086, 0.022459730499860074, 0.0, 0.0, 0.0, 1.0], "right_foot_pose": [0.9999921060149037, -0.003928480595018323, 0.0005957752022505913, -0.010833115601016605, 0.003973400039896929, 0.9886871512602091, -0.14993975131730475, -0.15239026977683198, 1.1596719510454227e-10, 0.14994093494835478, 0.9886949560035255, 6.174217734300491e-10, 0.0, 0.0, 0.0, 1.0]}, {"left_foot_pose": [0.9994220249305846, -0.0339388816918409, 0.0019412349569853467, 0.00308181650799113, 0.03399435365473365, 0.9977941933342134, -0.057018695777123096, -0.022282489628926365, -1.8021977749433203e-06, 0.057051731420127795, 0.9983712235129371, 0.015838566609517303, 0.0, 0.0, 0.0, 1.0], "right_foot_pose": [0.9999921060148536, -0.003935534816305688, 0.000547241891516968, -0.010833115660622849, 0.0039734000526231725, 0.9904624879863526, -0.1377253498231402, -0.15239026994707994, 3.4391456611172234e-10, 0.13772643703223475, 0.9904703067444304, 1.0716674839206242e-09, 0.0, 0.0, 0.0, 1.0]}, {"left_foot_pose": [0.9990616995452144, -0.04330798977510233, 0.00037218741029007585, 0.006055248809782576, 0.04330958902823056, 0.9990248449804466, -0.008581294191518107, -0.026440547642838846, -1.858687655705802e-07, 0.008589361643056523, 0.9999631107528575, 0.007998179971216178, 0.0, 0.0, 0.0, 1.0], "right_foot_pose": [0.9999921060148186, -0.003944528326975809, 0.00047812584684172357, -0.01083311560891174, 0.003973400061374765, 0.9927258907191635, -0.1203308688067865, -0.1523902700141763, 6.134359623521078e-10, 0.1203318187019603, 0.9927337273447894, 1.6101124530876199e-09, 0.0, 0.0, 0.0, 1.0]}, {"left_foot_pose": [0.9987954482581488, -0.04904596845219584, -0.001464758475117362, 0.007893863843373709, 0.049067836091433156, 0.9983505240573982, 0.029809035134055847, -0.02901166874536224, 3.2939447545276563e-07, -0.02984500113763297, 0.9995545387356246, 0.001817276867315927, 0.0, 0.0, 0.0, 1.0], "right_foot_pose": [0.9999921060148231, -0.003954029227761877, 0.00039186847858604067, -0.010833115435803455, 0.0039734000602134455, 0.9951169957094508, -0.09862239574335202, -0.15239026990838692, 8.521573413393335e-10, 0.09862317426985821, 0.9951248512106092, 2.135410050174702e-09, 0.0, 0.0, 0.0, 1.0]}, {"left_foot_pose": [0.9987222918078762, -0.05045134685509359, -0.0029061050447114893, 0.008362407762263364, 0.050534976462089015, 0.9970695215698527, 0.05743331185333236, -0.0296668744222631, 8.292126790087074e-10, -0.05750678879030757, 0.9983451152998287, 2.4645404259060477e-09, 0.0, 0.0, 0.0, 1.0], "right_foot_pose": [0.9999921060149396, -0.003962401949747008, 0.00029542950761714715, -0.010833114862903068, 0.003973400030871502, 0.997224184707022, -0.07435144603576921, -0.15239026984900236, 8.648665409690733e-10, 0.07435203296617957, 0.9972320568422357, 2.3380994640387343e-09, 0.0, 0.0, 0.0, 1.0]}, {"left_foot_pose": [0.9987222918081509, -0.05036549556441722, -0.004135299508625719, 0.008362408332696629, 0.05053497645666218, 0.9953728431584526, 0.08172587874831432, -0.029666874816525947, 4.4561600357050637e-10, -0.0818304341868613, 0.9966462662553804, 2.6014032525334407e-09, 0.0, 0.0, 0.0, 1.0], "right_foot_pose": [0.9999921060150337, -0.00396852170690008, 0.00019683261667054585, -0.010833114306368803, 0.0039734000071881565, 0.9987643702871754, -0.04953730651988268, -0.15239027013365924, 4.717843900773048e-10, 0.04953769756785011, 0.9987722545804302, 2.179039483574119e-09, 0.0, 0.0, 0.0, 1.0]}, {"left_foot_pose": [0.9987222918079517, -0.05025874343080928, -0.005276604460238627, 0.00836240740367548, 0.05053497646060356, 0.9932631022238596, 0.10428147445621222, -0.029666874419443177, 6.461032378735342e-10, -0.1044148862442108, 0.9945338262375039, 1.9830498840245347e-09, 0.0, 0.0, 0.0, 1.0], "right_foot_pose": [0.9999921060149723, -0.003972024044334019, 0.00010455970118779557, -0.010833115160739506, 0.003973400022635549, 0.9996458068679923, -0.02631487988763912, -0.15239026983246587, 6.687775771315375e-10, 0.026315087615890208, 0.9996536981193879, 1.997998128056011e-09, 0.0, 0.0, 0.0, 1.0]}, {"left_foot_pose": [0.9987222918081043, -0.050148580715822226, -0.006237282882571956, 0.008362407192288467, 0.050534976457584244, 0.9910859573030738, 0.12326735736228721, -0.02966687401853145, 4.563349577929285e-10, -0.12342505859362222, 0.99235389600241, 1.3495767697824235e-09, 0.0, 0.0, 0.0, 1.0], "right_foot_pose": [0.9999831233298483, -0.005809722780869699, 1.3292499102171903e-05, -0.009928425270609281, 0.005809737987249903, 0.9999805155674194, -0.00228373160368225, -0.15315691175515805, -2.439258220878532e-08, 0.002283770287834087, 0.9999973921932357, 0.0022503011219018945, 0.0, 0.0, 0.0, 1.0]}, {"left_foot_pose": [0.9987222918078087, -0.050050270484344336, -0.006982425839388115, 0.008362407164046565, 0.05053497646342197, 0.9891430523978467, 0.13799361596433735, -0.029666873929873275, 2.0378582873246786e-10, -0.13817015711620084, 0.9904085054574628, 8.234846762822379e-10, 0.0, 0.0, 0.0, 1.0], "right_foot_pose": [0.9999286476323355, -0.01194051546324433, -0.00035175935008485335, -0.0069054129447132006, 0.01194569561304953, 0.9994967568811473, 0.029385937800058697, -0.1557186588324222, 6.990849086646885e-07, -0.02938804305394594, 0.999568078184258, 0.008710109266082094, 0.0, 0.0, 0.0, 1.0]}, {"left_foot_pose": [0.9987222918074343, -0.04997895404916588, -0.0074758276503997115, 0.008362407134603397, 0.050534976470828046, 0.9877336255625783, 0.1477447159329173, -0.029666874033644562, -1.9408398669971864e-11, -0.14793373207337449, 0.988997275484035, 4.2093881158500324e-10, 0.0, 0.0, 0.0, 1.0], "right_foot_pose": [0.9997676237744741, -0.02150610888561316, -0.0014784224502755066, -0.0021697952488610537, 0.021556865433835313, 0.997420738281489, 0.0684629271845475, -0.15973170515095997, 2.2380451868160373e-06, -0.06847888818175499, 0.9976525657103186, 0.016558463669863376, 0.0, 0.0, 0.0, 1.0]}, {"left_foot_pose": [0.9987222918072515, -0.04994626367581428, -0.00769120225312163, 0.008362407125104816, 0.05053497647444213, 0.9870875655005962, 0.15200116508380757, -0.02966687417979598, -1.62500534984389e-10, -0.1521956266747944, 0.9883503888910391, 1.9430025643973892e-10, 0.0, 0.0, 0.0, 1.0], "right_foot_pose": [0.9994294782696207, -0.03356040435811003, -0.0037970021113702484, 0.0038515375029433284, 0.033774516228300674, 0.9931082350912065, 0.11222885300836359, -0.1648342939960398, 4.388377852856952e-06, -0.11229306591837634, 0.9936751316840897, 0.022916658543663704, 0.0, 0.0, 0.0, 1.0]}, {"left_foot_pose": [0.9987222918073307, -0.049970049068398234, -0.0075351206503474905, 0.008362407183248583, 0.050534976472869225, 0.9875576362853274, 0.14891652415841647, -0.029666874230530084, -8.070992980985789e-11, -0.14910703944026107, 0.9888210610567324, 2.7577969075043285e-10, 0.0, 0.0, 0.0, 1.0], "right_foot_pose": [0.9988603450308161, -0.04716958780813857, -0.007282932852154713, 0.010731696020020203, 0.04772851435001845, 0.9871840653030696, 0.15228135187751782, -0.1706646616890612, 6.546661390673377e-06, -0.15245540724328105, 0.9883103504261335, 0.025000007801653276, 0.0, 0.0, 0.0, 1.0]}, {"left_foot_pose": [0.9987222918082664, -0.05003376511716689, -0.007099731927700232, 0.008362407392701762, 0.0505349764543832, 0.9888168567926543, 0.14031193775816467, -0.029666874222615748, 7.189219839109531e-11, -0.14049144483169185, 0.990081892536726, 5.908310993230081e-10, 0.0, 0.0, 0.0, 1.0], "right_foot_pose": [0.9980419410818961, -0.061440005050194986, -0.011722184988860414, 0.018043766617002258, 0.06254825155605852, 0.980383197708964, 0.18691308642582022, -0.1768610379998087, 8.29222956493678e-06, -0.18728030176550384, 0.9823065145370161, 0.025000006954822976, 0.0, 0.0, 0.0, 1.0]}, {"left_foot_pose": [0.9987222918097016, -0.05013644229881945, -0.006334113670832346, 0.008362407614879453, 0.05053497642601515, 0.9908460663433909, 0.12518102479789556, -0.029666874216961247, 3.8782884895719655e-10, -0.12534117426227667, 0.9921136981387538, 1.2113261158019917e-09, 0.0, 0.0, 0.0, 1.0], "right_foot_pose": [0.9970028883609955, -0.0755500314731149, -0.01665633045552317, 0.025360858556799076, 0.07736433618917543, 0.9736475093931526, 0.21453504827537895, -0.1830616707570343, 9.265014358150208e-06, -0.21518066873425756, 0.9765742571444516, 0.02500000515186486, 0.0, 0.0, 0.0, 1.0]}, {"left_foot_pose": [0.9987222918114308, -0.05026589845587079, -0.005208002625533814, 0.008362407649549467, 0.050534976391836864, 0.9934045087927822, 0.10292569198819346, -0.029666873901116383, 9.080308976768555e-10, -0.10305736927845609, 0.9946754137091179, 2.227864649706479e-09, 0.0, 0.0, 0.0, 1.0], "right_foot_pose": [0.9958224693466167, -0.08885926448853992, -0.02101524824887502, 0.032256081680952675, 0.09131051123974608, 0.9691121909894372, 0.2290937