{"LoopMode": "Wrap", "FrameDuration": 0.0167, "EnableCycleOffsetPosition": true, "EnableCycleOffsetRotation": false, "Debug_info": [{"left_foot_pose": [1.0000000000000007, 4.516759999811062e-14, -4.451772284141954e-12, 1.1100483232429011e-12, 1.4022222450237689e-15, 0.9999460531817974, 0.01038704607417979, -2.834156520581388e-13, 4.4515574744001065e-12, -0.010387046074179956, 0.9999460531817976, 1.0118565707539773e-11, 0.0, 0.0, 0.0, 1.0], "right_foot_pose": [0.9999999999999997, -8.17031051696771e-14, -4.495459560160952e-12, 1.5464499519749514e-12, 1.8557180180117475e-14, 0.999901170501735, -0.014058777658818147, -0.14000000000145013, 4.4961566969467465e-12, 0.014058777658817996, 0.9999011705017349, 7.837036575253364e-12, 0.0, 0.0, 0.0, 1.0]}, {"left_foot_pose": [1.0000000000000007, 8.625190261545591e-14, -9.981404591741242e-12, 1.9335076103065227e-12, -3.854580174438857e-15, 0.9999662007286535, 0.008221763819463065, -4.093947403305265e-15, 9.981599995573938e-12, -0.008221763819463235, 0.9999662007286538, 2.1864357546697022e-11, 0.0, 0.0, 0.0, 1.0], "right_foot_pose": [1.0, -2.2484937854989277e-13, -1.0055289934030041e-11, 3.0442578029913926e-12, 6.173945520053056e-14, 0.999868367921892, -0.016224883026141317, -0.14000000000260887, 1.0057563263634971e-11, 0.016224883026141165, 0.9998683679218923, 1.829070228609453e-11, 0.0, 0.0, 0.0, 1.0]}, {"left_foot_pose": [1.0000000000000007, 8.750808392004239e-14, -1.758349021940831e-11, 2.888828029607434e-12, 4.340136958949335e-15, 0.9999864549043973, 0.005204806215076507, 5.998222751824045e-13, 1.7583382701795787e-11, -0.005204806215076678, 0.9999864549043975, 3.7864759938610604e-11, 0.0, 0.0, 0.0, 1.0], "right_foot_pose": [0.9999999999999997, -4.840771220518085e-13, -1.7703671861823974e-11, 4.962727876540235e-12, 1.4337100094728681e-13, 0.9998148232581209, -0.01924367930860842, -0.1400000000039718, 1.7709417375848565e-11, 0.019243679308608274, 0.9998148232581208, 3.286341337949139e-11, 0.0, 0.0, 0.0, 1.0]}, {"left_foot_pose": [1.0000000000000007, -7.839869142643636e-15, -2.7159163806800286e-11, 3.93123014899239e-12, 4.486838812710237e-14, 0.9999990870953533, 0.0013512248002305084, 1.57953164436897e-12, 2.7158817238444937e-11, -0.0013512248002306823, 0.9999990870953533, 5.797951702080084e-11, 0.0, 0.0, 0.0, 1.0], "right_foot_pose": [1.0, -9.131863196197479e-13, -2.7350677278548112e-11, 7.245307049046722e-12, 2.811875301867227e-13, 0.9997331413491839, -0.02310078111434597, -0.1400000000054555, 2.736434433539245e-11, 0.023100781114345815, 0.9997331413491837, 5.136795155902263e-11, 0.0, 0.0, 0.0, 1.0]}, {"left_foot_pose": [1.0000000000000004, -2.702880880034726e-13, -3.8820946457462924e-11, 5.030989585941746e-12, 1.4127192106756137e-13, 0.9999944492446535, -0.003331888335896794, 3.023092193243926e-12, 3.882131281662263e-11, 0.0033318883358966203, 0.9999944492446537, 8.252358518756608e-11, 0.0, 0.0, 0.0, 1.0], "right_foot_pose": [1.0, -1.5877429331761009e-12, -3.912492552160528e-11, 9.87857454676597e-12, 4.999087153263947e-13, 0.9996137849801795, -0.02778994202223764, -0.14000000000699273, 3.915379448421563e-11, 0.027789942022237484, 0.9996137849801796, 7.403023333241165e-11, 0.0, 0.0, 0.0, 1.0]}, {"left_foot_pose": [1.0000000000000009, -7.928799832484638e-13, -5.291977966948025e-11, 6.167181390217121e-12, 3.2458665954231507e-13, 0.9999607956776577, -0.008854778806191286, 5.071641023812745e-12, 5.2924531083197466e-11, 0.00885477880619111, 0.9999607956776582, 1.1232510754854985e-10, 0.0, 0.0, 0.0, 1.0], "right_foot_pose": [0.9999999999999998, -2.6153389136284983e-12, -5.339628739164935e-11, 1.2889505910986435e-11, 8.346538468111957e-13, 0.9994446526515413, -0.033322459186563104, -0.14000000000852061, 5.3453689451248134e-11, 0.033322459186562965, 0.999444652651541, 1.0154733304235108e-10, 0.0, 0.0, 0.0, 1.0]}, {"left_foot_pose": [1.0000000000000004, -1.7061822660081503e-12, -7.004907764951438e-11, 7.31832003019726e-12, 6.382085460551768e-13, 0.9998837415576801, -0.015248061142823722, 7.937704313287774e-12, 7.006671602088931e-11, 0.015248061142823545, 0.9998837415576802, 1.487571593683512e-10, 0.0, 0.0, 0.0, 1.0], "right_foot_pose": [0.9999999999999998, -4.151506327403132e-12, -7.078698738283149e-11, 1.6337691896750008e-11, 1.3359118045550774e-12, 0.9992104417366479, -0.03973025452288183, -0.1400000000099605, 7.089574645831079e-11, 0.03973025452288168, 0.9992104417366476, 1.3510704360841785e-10, 0.0, 0.0, 0.0, 1.0]}, {"left_foot_pose": [1.0000000000000002, -3.1990773599570944e-12, -9.103595655091108e-11, 8.44910013961875e-12, 1.1445468070076974e-12, 0.9997454218010156, -0.022563058035431346, 1.1925854401240166e-11, 9.10848652807798e-11, 0.02256305803543117, 0.9997454218010157, 1.9375336057780856e-10, 0.0, 0.0, 0.0, 1.0], "right_foot_pose": [0.9999999999999998, -6.42131313409559e-12, -9.216516438925733e-11, 2.030126923253123e-11, 2.076389732507378e-12, 0.998891768291052, -0.04706628560206558, -0.14000000001118978, 9.23651468558171e-11, 0.047066285602065445, 0.9988917682910519, 1.7638510790840556e-10, 0.0, 0.0, 0.0, 1.0]}, {"left_foot_pose": [1.0000000000000004, -5.54512800749409e-12, -1.1692241619343228e-10, 9.493192260723195e-12, 1.933393290486754e-12, 0.9995233985788655, -0.030870304393623104, 1.745524211282934e-11, 1.170375772216343e-10, 0.03087030439362291, 0.9995233985788659, 2.4981731266970897e-10, 0.0, 0.0, 0.0, 1.0], "right_foot_pose": [0.9999999999999999, -9.746688535630645e-12, -1.1863099391717916e-10, 2.48584403544815e-11, 3.1592512231898592e-12, 0.9984640665679237, -0.05540313865337447, -0.14000000001200572, 1.189886567220726e-10, 0.05540313865337433, 0.9984640665679239, 2.2752605355336186e-10, 0.0, 0.0, 0.0, 1.0]}, {"left_foot_pose": [1.0000000000000004, -9.129491158876577e-12, -1.4886009092052162e-10, 1.0324096679246316e-11, 3.1300162023581674e-12, 0.9991894265145368, -0.040255309482746256, 2.5066186973288218e-11, 1.4910685164102919e-10, 0.04025530948274607, 0.9991894265145371, 3.19889670308271e-10, 0.0, 0.0, 0.0, 1.0], "right_foot_pose": [1.0, -1.4572197478861464e-11, -1.514179337469556e-10, 3.0051048260759763e-11, 4.725362237014819e-12, 0.9978963953052788, -0.0648288842780051, -0.14000000001207913, 1.5204397711131187e-10, 0.06482888427800493, 0.9978963953052788, 2.9098323750531563e-10, 0.0, 0.0, 0.0, 1.0]}, {"left_foot_pose": [1.0000000000000004, -1.4451213620102657e-11, -1.8773133048099998e-10, 1.0699718283317294e-11, 4.894546860107136e-12, 0.9987084147588542, -0.0508084863960503, 3.5352937591270894e-11, 1.8822283429240374e-10, 0.050808486396050116, 0.9987084147588541, 4.066763523158379e-10, 0.0, 0.0, 0.0, 1.0], "right_foot_pose": [1.0, -2.1456374389128553e-11, -1.9151052965682412e-10, 3.579908838673878e-11, 6.948322832791783e-12, 0.9971505646897528, -0.07543706873220285, -0.14000000001090837, 1.9258310079137913e-10, 0.0754370687322027, 0.9971505646897526, 3.6884991588825855e-10, 0.0, 0.0, 0.0, 1.0]}, {"left_foot_pose": [1.0000000000000004, -2.202546811605749e-11, -2.3314572494825783e-10, 1.0161432903304527e-11, 7.387300051273093e-12, 0.9980385919423708, -0.06260166925642599, 4.8684969250478716e-11, 2.3406700290776e-10, 0.0626016692564258, 0.998038591942371, 5.106736561399927e-10, 0.0, 0.0, 0.0, 1.0], "right_foot_pose": [0.9999999999999999, -3.093797076659653e-11, -2.3862112286110444e-10, 4.171971082683233e-11, 9.987549823457847e-12, 0.996181789694434, -0.08730316077436444, -0.1400000000078293, 2.4041079580088503e-10, 0.08730316077436429, 0.9961817896944339, 4.61008863028578e-10, 0.0, 0.0, 0.0, 1.0]}, {"left_foot_pose": [1.0000000000000002, -3.1961064062964296e-11, -2.8085778147612876e-10, 7.834583716342748e-12, 1.0627836821372807e-11, 0.9971357460424419, -0.07563269110896167, 6.434031085689185e-11, 2.824705810302808e-10, 0.0756326911089615, 0.997135746042442, 6.247253686586518e-10, 0.0, 0.0, 0.0, 1.0], "right_foot_pose": [0.9999999999999997, -4.3006220943890166e-11, -2.8851077082947515e-10, 4.6727285677052805e-11, 1.3814148726459404e-11, 0.9949442623822272, -0.10042865503772169, -0.14000000000226154, 2.9137099776831107e-10, 0.10042865503772153, 0.9949442623822272, 5.602169422802561e-10, 0.0, 0.0, 0.0, 1.0]}, {"left_foot_pose": [1.0000000000000007, -4.263972791633518e-11, -3.166417128497293e-10, 2.097012097343844e-12, 1.4066574019685061e-11, 0.9959691489876845, -0.08969645625524238, 7.821672823316028e-11, 3.191896272493126e-10, 0.08969645625524214, 0.9959691489876848, 7.202918816950898e-10, 0.0, 0.0, 0.0, 1.0], "right_foot_pose": [1.0, -5.549506588277165e-11, -3.26578708520486e-10, 4.8203446740382384e-11, 1.7700103758024086e-11, 0.99341049704787, -0.11461057697744939, -0.13999999999468188, 3.3078694483246205e-10, 0.11461057697744925, 0.9934104970478701, 6.400836735642734e-10, 0.0, 0.0, 0.0, 1.0]}, {"left_foot_pose": [1.0000000000000007, -4.759219352395734e-11, -3.0489860636251277e-10, -9.414934461129158e-12, 1.559844475481775e-11, 0.994568324303415, -0.10408577372675865, 7.82316815495232e-11, 3.0819589854842853e-10, 0.10408577372675848, 0.9945683243034152, 7.199006599178936e-10, 0.0, 0.0, 0.0, 1.0], "right_foot_pose": [0.9999999999999998, -6.036055310318485e-11, -3.157949457488481e-10, 4.0823179565437274e-11, 1.9074103251910342e-11, 0.991626633893687, -0.12913798415909866, -0.1399999999891803, 3.2094551940344744e-10, 0.12913798415909858, 0.991626633893687, 6.318982420649988e-10, 0.0, 0.0, 0.0, 1.0]}, {"left_foot_pose": [0.999999991628005, -0.00012845677181197928, 1.5583592246850824e-05, 3.207859246658061e-05, 0.00012939797717408937, 0.9930824524174571, -0.1174190187179817, 5.993252603131091e-05, -3.9252391236613716e-07, 0.11741901975143537, 0.993082460725422, 0.00016386102894848376, 0.0, 0.0, 0.0, 1.0], "right_foot_pose": [1.0, -4.292829498407233e-11, -2.0332407979495292e-10, 7.671495808213169e-11, 1.3592991172365946e-11, 0.9898472386753228, -0.14213530204294317, -0.140000000027558, 2.073613418928893e-10, 0.14213530204294306, 0.9898472386753229, 4.307804807313076e-10, 0.0, 0.0, 0.0, 1.0]}, {"left_foot_pose": [0.9999933237737706, -0.0036176061927855377, 0.0005151051562779648, 0.000905946861288351, 0.003654093903201925, 0.9900991133176991, -0.14032246222630856, 0.0016926060140753877, -2.373750159697751e-06, 0.14032340764441645, 0.9901057222647616, 0.004191209589648928, 0.0, 0.0, 0.0, 1.0], "right_foot_pose": [0.9999999999999997, -1.5959169821825995e-11, -4.098849037958976e-11, 2.551197226287696e-10, 9.541696915881303e-12, 0.9883739469106811, -0.15204256334395994, -0.14000000006504448, 4.2938355565259736e-11, 0.15204256334395977, 0.988373946910681, 2.662619985605019e-10, 0.0, 0.0, 0.0, 1.0]}, {"left_foot_pose": [0.9999357799176151, -0.011156177129188606, 0.0019939288888700586, 0.0028098081254496806, 0.011332961510331408, 0.9844134514798567, -0.17550418949108373, 0.00524965684328824, -4.894594620963712e-06, 0.17551551571692733, 0.9844766648929091, 0.011469803236127153, 0.0, 0.0, 0.0, 1.0], "right_foot_pose": [0.9999999999999998, 8.836647121397772e-12, 1.2252476810914454e-10, 2.7015780326337537e-10, 1.0629218270096388e-11, 0.9874444117763138, -0.15796687517239066, -0.13999999995192516, -1.2238239727956875e-10, 0.15796687517239055, 0.9874444117763138, 1.8881352037425359e-10, 0.0, 0.0, 0.0, 1.0]}, {"left_foot_pose": [0.9997519217095142, -0.021733514217148704, 0.0048733353985966005, 0.005522581593555755, 0.02227318960982694, 0.9756057974689627, -0.21839696190550684, 0.010318029669542648, -7.92079132642558e-06, 0.21845132708391493, 0.9758478455335846, 0.019120929141366608, 0.0, 0.0, 0.0, 1.0], "right_foot_pose": [0.9999999999999999, 1.3983764798274083e-11, 2.1727070143029431e-10, 9.925649727494946e-11, 2.0762724801498874e-11, 0.9872621010982465, -0.15910230587604898, -0.13999999978862193, -2.1672819477159425e-10, 0.15910230587604884, 0.9872621010982464, 1.975353838834515e-10, 0.0, 0.0, 0.0, 1.0]}, {"left_foot_pose": [0.9993668192837388, -0.03434346532353163, 0.009299833561672433, 0.008823188715184262, 0.03558033718677448, 0.9647065457190394, -0.26091247623008573, 0.016484663912820087, -1.0971731158216144e-05, 0.2610781626954099, 0.9653176642138126, 0.024265883283314964, 0.0, 0.0, 0.0, 1.0], "right_foot_pose": [0.9999999999999998, -1.3726702535712316e-11, 1.9149781760319234e-10, -2.271826863326104e-10, 4.3208577635184035e-11, 0.9879430194433931, -0.15481792639442987, -0.13999999970955385, -1.8706385591934255e-10, 0.1548179263944297, 0.9879430194433932, 3.473178203372562e-10, 0.0, 0.0, 0.0, 1.0]}, {"left_foot_pose": [0.9987312050791084, -0.048133490323730294, 0.01480361815531449, 0.012490537755881345, 0.05035851293800893, 0.9546809762376943, -0.2933398264547727, 0.023336488218949184, -1.3262934140397347e-05, 0.293713126569275, 0.9558936128591909, 0.025000008168657294, 0.0, 0.0, 0.0, 1.0], "right_foot_pose": [1.0, -7.65213606575708e-11, 1.3565537582139034e-11, -5.422329238669334e-10, 7.767874950492186e-11, 0.9894930091871753, -0.14458072060170715, -0.13999999971322602, -2.3597072808430107e-12, 0.144580720601707, 0.9894930091871753, 7.374634097834232e-10, 0.0, 0.0, 0.0, 1.0]}, {"left_foot_pose": [0.9978386441405018, -0.06227843779708372, 0.020962739453626762, 0.016303537054852695, 0.06571179535011287, 0.9457734375264355, -0.3181109316280964, 0.030460442221555077, -1.4550285055126894e-05, 0.31880087994700573, 0.9478217125247262, 0.02500000693883088, 0.0, 0.0, 0.0, 1.0], "right_foot_pose": [0.9999999999999998, -1.639270946108252e-10, -3.366795731096764e-10, -7.605782322184339e-10, 1.19441455076623e-10, 0.9917589108715824, -0.12811815916103772, -0.13999999965173412, 3.5490689837118724e-10, 0.12811815916103753, 0.9917589108715824, 1.4028783620889662e-09, 0.0, 0.0, 0.0, 1.0]}, {"left_foot_pose": [0.9967346998925009, -0.07607137003087494, 0.027075536778295793, 0.02004110851542842, 0.08074613190792872, 0.9390896322274364, -0.3340519792260584, 0.037443469918874754, -1.4564154238653955e-05, 0.33514744412655906, 0.9421656916293023, 0.024910274253134482, 0.0, 0.0, 0.0, 1.0], "right_foot_pose": [1.0, -2.550618584815668e-10, -8.965768127922033e-10, -9.725861732254987e-10, 1.5963170710454287e-10, 0.994485960948769, -0.10486979296157567, -0.13999999969713092, 9.183813196186464e-10, 0.1048697929615755, 0.994485960948769, 2.4049543259629935e-09, 0.0, 0.0, 0.0, 1.0]}, {"left_foot_pose": [0.9955180896412055, -0.08918105219431582, 0.03147178302290181, 0.023482166983414574, 0.09457131188975998, 0.9388218952251509, -0.3311641828660016, 0.04387250536138568, -1.2828706614849247e-05, 0.33265626249233804, 0.9430481487496033, 0.02116383709954675, 0.0, 0.0, 0.0, 1.0], "right_foot_pose": [0.9999999999999999, -3.0474525481615974e-10, -1.6885599030125303e-09, -1.2157050442194338e-09, 1.7879804777343867e-10, 0.9972513724184104, -0.07409251115731541, -0.14000000020539913, 1.7064978030301034e-09, 0.07409251115731526, 0.9972513724184103, 3.880358000196704e-09, 0.0, 0.0, 0.0, 1.0]}, {"left_foot_pose": [0.9943338402547232, -0.1010253045280825, 0.033077212235972174, 0.02640562161814999, 0.10630246484123708, 0.9450004629084812, -0.3093119963264193, 0.049334491868712596, -9.642251650454983e-06, 0.31107557433486355, 0.9503851782089523, 0.013996813753095326, 0.0, 0.0, 0.0, 1.0], "right_foot_pose": [0.9999999999999998, -2.3935366297225756e-10, -2.6607012149071344e-09, -1.22046150057386e-09, 1.4486313563754324e-10, 0.9993712081143047, -0.03545685254157751, -0.14000000072470892, 2.667514789716473e-09, 0.035456852541577356, 0.9993712081143046, 5.858160539995438e-09, 0.0, 0.0, 0.0, 1.0]}, {"left_foot_pose": [0.9933585742231057, -0.11057736155443353, 0.0318023604328321, 0.02859039420177876, 0.1150597365910229, 0.9546741722840879, -0.27451499374223126, 0.0534163773719172, -5.748407746545106e-06, 0.2763509940010218, 0.9610567767211279, 0.006287909369729804, 0.0, 0.0, 0.0, 1.0], "right_foot_pose": [0.9999999999999998, 1.4506696650122334e-11, -3.730434350313061e-09, -9.521891605719331e-10, 2.6033643038281973e-11, 0.9999409501018699, 0.010867212585121029, -0.1400000011632762, 3.730371512913844e-09, -0.010867212585121182, 0.9999409501018695, 8.25926912279007e-09, 0.0, 0.0, 0.0, 1.0]}, {"left_foot_pose": [0.9927780054709047, -0.11668009979970304, 0.027885232004488274, 0.029815401125421602, 0.11996596121293378, 0.9655894766792793, -0.2307490643025308, 0.05570510221585747, -1.86272678704763e-06, 0.23242787448360788, 0.9726136350882415, 0.000915838335551665, 0.0, 0.0, 0.0, 1.0], "right_foot_pose": [1.0, 4.876423883392419e-10, -4.664878427984577e-09, -3.879467865626072e-10, -1.8880291264645448e-10, 0.9979596170344239, 0.0638482792916624, -0.14000000137864105, 4.6864952127652295e-09, -0.06384827929166252, 0.9979596170344237, 1.0690891283360315e-08, 0.0, 0.0, 0.0, 1.0]}, {"left_foot_pose": [0.9926884272117188, -0.11867245526229102, 0.022057534811128682, 0.03000000214569626, 0.12070495631880525, 0.975972948467645, -0.18140319010273184, 0.05605000177838456, 4.676358183634779e-09, 0.18273930125014684, 0.9831614047442104, 1.3213290676883371e-08, 0.0, 0.0, 0.0, 1.0], "right_foot_pose": [0.9999999999999998, 9.264134494801322e-10, -4.9579516048226e-09, 5.188600189008524e-12, -3.312891542473982e-10, 0.9929286122460559, 0.11871297731554568, -0.1400000014216179, 5.032869253579228e-09, -0.11871297731554585, 0.992928612246056, 1.2028358427340624e-08, 0.0, 0.0, 0.0, 1.0]}, {"left_foot_pose": [0.9926884272255169, -0.11968101024738012, 0.01568892089013339, 0.030000002028921748, 0.12070495620532919, 0.9842673988411179, -0.12902713329377674, 0.056050001619147694, 4.306766798519994e-09, 0.12997747252776856, 0.9915169472254594, 1.1170928425341398e-08, 0.0, 0.0, 0.0, 1.0], "right_foot_pose": [0.9999999999999998, 1.1903799807047787e-09, -4.4624671735604734e-09, 1.184045475170823e-10, -3.9740117749617446e-10, 0.9848079449920241, 0.173647088891769, -0.14000000137338636, 4.601379131377354e-09, -0.1736470888917692, 0.9848079449920242, 1.209237335264568e-08, 0.0, 0.0, 0.0, 1.0]}, {"left_foot_pose": [0.9926884272419095, -0.12031689600724706, 0.009671140323978086, 0.030000001610480026, 0.12070495607051455, 0.9894969841038644, -0.07953635665136265, 0.05605000120051973, 3.3685955925783817e-09, 0.0801221753607501, 0.996785050557773, 8.37834381733904e-09, 0.0, 0.0, 0.0, 1.0], "right_foot_pose": [0.9999999999998831, -4.68862556111212e-07, -1.1687193296472253e-07, 9.978657393114278e-06, 4.831159790479002e-07, 0.9748734956924577, 0.22275921394217083, -0.13999512593388722, 9.49189551444463e-09, -0.22275921394220144, 0.9748734956925704, 3.740816303825223e-05, 0.0, 0.0, 0.0, 1.0]}, {"left_foot_pose": [0.9926884272520043, -0.12062075588449883, 0.004507732223145991, 0.030000001557547222, 0.12070495598749677, 0.991995957340663, -0.03707201397063277, 0.05605000120255865, 2.2051629812231788e-09, 0.03734506486316983, 0.9993024297630656, 5.849485923414832e-09, 0.0, 0.0, 0.0, 1.0], "right_foot_pose": [0.9999999987649815, -4.7891411028799734e-05, -1.328343114453942e-05, 0.001026454592471956, 4.9699413443373666e-05, 0.9640031918540616, 0.2658906610340985, -0.1394985967216349, 7.139108557296415e-08, -0.26589066136589745, 0.9640031930436748, 0.003492989392611036, 0.0, 0.0, 0.0, 1.0]}, {"left_foot_pose": [0.9926884272569066, -0.12070432076437854, 0.000391585266162903, 0.030000001300616416, 0.12070495594718034, 0.9926832034225509, -0.0032204429094109628, 0.05605000089528408, 1.2575130705599506e-09, 0.0032441626891153833, 0.9999947376903782, 3.626946437629286e-09, 0.0, 0.0, 0.0, 1.0], "right_foot_pose": [0.9999999856656536, -0.0001612705305812121, -5.158011175759812e-05, 0.0034970896291228125, 0.00016931825975750037, 0.9527163549208503, 0.30386101822651634, -0.13829175202281374, 1.3738842766801298e-07, -0.30386102260432246, 0.9527163685703296, 0.010538498155849223, 0.0, 0.0, 0.0, 1.0]}, {"left_foot_pose": [0.992688427258965, -0.12067574366978816, -0.0026554238583305005, 0.03000000091550298, 0.12070495593025124, 0.9924481831020483, 0.021838440221786607, 0.05605000044559772, 5.692134563766081e-10, -0.021999289697350353, 0.9997579863411012, 1.926020079534574e-09, 0.0, 0.0, 0.0, 1.0], "right_foot_pose": [0.9999999406256734, -0.00032477247439875067, -0.00011520194797132036, 0.007117437643946154, 0.00034459920181261297, 0.9426557353411688, 0.33376645409595995, -0.1365233077496984, 1.9761980952436383e-07, -0.333766473977301, 0.9426557912879551, 0.01829521015807023, 0.0, 0.0, 0.0, 1.0]}, {"left_foot_pose": [0.9926884272601827, -0.12061542061238599, -0.00464830014126765, 0.030000000463981526, 0.12070495592023628, 0.9919520808676556, 0.03822803785996564, 0.05605000002932893, 1.3196161209712812e-10, -0.038509603644107895, 0.9992582301022969, 7.993036232889494e-10, 0.0, 0.0, 0.0, 1.0], "right_foot_pose": [0.9999998427513193, -0.000525269213816557, -0.00019644233048571056, 0.011583061540550957, 0.0005608005689133925, 0.9367919619390606, 0.34988641806890375, -0.13434197179558519, 2.410324394072208e-07, -0.34988647321469707, 0.9367921092010343, 0.023884420148775037, 0.0, 0.0, 0.0, 1.0]}, {"left_foot_pose": [0.9926884272616894, -0.12057472009599889, -0.005605644876901948, 0.030000000090305425, 0.12070495590784369, 0.9916173561904933, 0.046101328842695015, 0.05604999986973886, -6.868557719026689e-11, -0.04644088474123048, 0.9989210400349231, 2.670573970298129e-10, 0.0, 0.0, 0.0, 1.0], "right_foot_pose": [0.9999996774505712, -0.0007533997018097549, -0.000278366023595096, 0.01658952409031223, 0.0008031803578358477, 0.9381315074178449, 0.3462782547189979, -0.13189644758318422, 2.5800348046076674e-07, -0.3462783666052671, 0.9381318099399049, 0.025000004463417852, 0.0, 0.0, 0.0, 1.0]}, {"left_foot_pose": [0.9926884272637653, -0.12057826383133011, -0.005528893923316607, 0.029999999889793648, 0.12070495589077201, 0.9916465003433454, 0.045470121840643515, 0.0560499998841871, -3.79174050438388e-11, -0.04580502863461905, 0.9989503988445985, 2.1832500390894793e-10, 0.0, 0.0, 0.0, 1.0], "right_foot_pose": [0.9999994413747763, -0.0009973333101960364, -0.00035010913106291945, 0.021832374702316554, 0.001057000507230452, 0.9436285266241772, 0.33100466234029396, -0.129335451281206, 2.5098792048285783e-07, -0.3310048474982698, 0.9436290536712951, 0.025000005955116672, 0.0, 0.0, 0.0, 1.0]}, {"left_foot_pose": [0.9926884272659335, -0.1206238559576281, -0.0044239966321859905, 0.02999999973211062, 0.12070495587293954, 0.9920214543251489, 0.036383344902985386, 0.05604999994380594, 2.1815623767250248e-10, -0.0366513237486888, 0.9993281145186848, 6.046519465674471e-10, 0.0, 0.0, 0.0, 1.0], "right_foot_pose": [0.9999991451911732, -0.001244236122835958, -0.000401862405889622, 0.027007174367882705, 0.0013075231824114495, 0.9516495224857917, 0.3071831322447447, -0.12680769667456196, 2.2381720499153452e-07, -0.3071833951063038, 0.9516503358749547, 0.024992556987328537, 0.0, 0.0, 0.0, 1.0]}, {"left_foot_pose": [0.9926884272669577, -0.120683101549834, -0.0022968174867463455, 0.02999999955212647, 0.12070495586451724, 0.9925086955231701, 0.018889228164247655, 0.05605000035971957, 6.868815280389751e-10, -0.019028355452020466, 0.999818944453841, 1.5289380039806844e-09, 0.0, 0.0, 0.0, 1.0], "right_foot_pose": [0.9999988141842611, -0.001483121134649959, -0.0004147068498215786, 0.03180948900570435, 0.001540009753100236, 0.9630895463308712, 0.26917680828436413, -0.1244618871931113, 1.7801853080179031e-07, -0.26917712774286207, 0.9630906883051416, 0.021837797484787938, 0.0, 0.0, 0.0, 1.0]}, {"left_foot_pose": [0.9926884272648745, -0.12070202753191463, 0.0008407877707632718, 0.029999999560320914, 0.1207049558816481, 0.9926643441751036, -0.006914725520323757, 0.05605000082447203, 1.3490742552978413e-09, 0.006965655252514129, 0.9999757395291669, 2.9237698442874382e-09, 0.0, 0.0, 0.0, 1.0], "right_foot_pose": [0.9999984866792225, -0.0016973647769491869, -0.00038156530130832806, 0.035934859068067204, 0.0017397239007085176, 0.9756655088516569, 0.21925735608637334, -0.12244674589599279, 1.2039055297377226e-07, -0.21925768809793517, 0.975666985302841, 0.014923782951808039, 0.0, 0.0, 0.0, 1.0]}, {"left_foot_pose": [0.9926884272630566, -0.12060411964920639, 0.00493281883307415, 0.029999999292753304, 0.12070495589659978, 0.9918591401606165, -0.040567963984448924, 0.05605000110235453, 2.1359637589767076e-09, 0.040866764044678865, 0.999164604855735, 4.662859626192173e-09, 0.0, 0.0, 0.0, 1.0], "right_foot_pose": [0.9999982103011509, -0.0018656416271965255, -0.00031428619703337425, 0.03907884403103526, 0.0018919287752280128, 0.9861095859078616, 0.16608523470235112, -0.12091099065102408, 6.51040894386421e-08, -0.1660855320668978, 0.9861113507297498, 0.007129217476764503, 0.0, 0.0, 0.0, 1.0]}, {"left_foot_pose": [0.992688427246922, -0.12029902310900777, 0.009890978164571384, 0.02999999981678377, 0.12070495602929356, 0.9893499963491785, -0.08134431949342165, 0.056050001234205726, 2.9595167844077484e-09, 0.08194345466783692, 0.9966369801673534, 6.345498626547652e-09, 0.0, 0.0, 0.0, 1.0], "right_foot_pose": [0.9999980360626851, -0.0019688164363694896, -0.00022722810635504727, 0.0409370076515284, 0.0019818856606645652, 0.9934049896073603, 0.11464117389676526, -0.12000333269543932, 2.2107179316170858e-08, -0.11464139908881187, 0.9934069405912963, 0.0013328085411135546, 0.0, 0.0, 0.0, 1.0]}, {"left_foot_pose": [0.9926884271935439, -0.11972246182108107, 0.015369406348606424, 0.030000002901795025, 0.12070495646827792, 0.9846082999968429, -0.12639940293102409, 0.05605000141508492, 2.6347547432398115e-09, 0.12733038801805294, 0.9918603592679635, 7.29494895740368e-09, 0.0, 0.0, 0.0, 1.0], "right_foot_pose": [0.9999980000009248, -0.001995467357529336, -0.0001345517571472596, 0.04131115614953622, 0.001999998537576982, 0.9977324999210065, 0.06727450190992608, -0.11982057889062694, 2.5884718119753655e-09, -0.06727463646430212, 0.9977344953887263, 7.024469825256396e-09, 0.0, 0.0, 0.0, 1.0]}, {"left_foot_pose": [0.9926884271621247, -0.1188944315184936, 0.020827883528630978, 0.030000005423696616, 0.12070495672667328, 0.977798503735714, -0.1712903952760122, 0.056050001354179355, 8.206421686287567e-10, 0.17255202185455445, 0.9850004059663665, 7.812993862987838e-09, 0.0, 0.0, 0.0, 1.0], "right_foot_pose": [0.9999980000011642, -0.0019995927755066603, -4.0279068358782534e-05, 0.04131115830674445, 0.001999998417800853, 0.9997951868797779, 0.02013912357474323, -0.11982057802968869, 7.726720560189722e-10, -0.02013916385459268, 0.9997971864729556, 6.903029071969602e-09, 0.0, 0.0, 0.0, 1.0]}, {"left_foot_pose": [0.9926884272276864, -0.11788006835428587, 0.02596104645448399, 0.03000000035431858, 0.12070495618748665, 0.9694562902572003, -0.2135060065490547, 0.05605000111845369, 2.8590940567364778e-09, 0.2150785688197147, 0.9765967485274893, 7.173600193033369e-09, 0.0, 0.0, 0.0, 1.0], "right_foot_pose": [0.9999980000006699, -0.001999347039344869, 5.104974466425682e-05, 0.04131115340163937, 0.0019999986650393736, 0.9996721505965221, -0.025526286981541427, -0.11982057866265733, 2.898265996372874e-09, 0.025526338028405586, 0.9996741499443007, 5.569741536037842e-09, 0.0, 0.0, 0.0, 1.0]}, {"left_foot_pose": [0.9931561312386025, -0.11306766122969765, 0.02926778036031065, 0.030089958798323577, 0.11679425906449271, 0.961454848534092, -0.24892503947948505, 0.05501763005386033, 5.722702203676277e-06, 0.25063973789950633, 0.9680804314481924, 0.0028444569199759934, 0.0, 0.0, 0.0, 1.0], "right_foot_pose": [0.9999980000005007, -0.0019956116029225595, 0.000132398371421051, 0.041311152591966445, 0.0019999987496170835, 0.9978043595910124, -0.0662001509527807, -0.11982057896375413, 2.1171496802399205e-09, 0.06620028334908909, 0.9978063552035036, 3.943538884332298e-09, 0.0, 0.0, 0.0, 1.0]}, {"left_foot_pose": [0.9943856326448767, -0.10169722328442078, 0.029238474065659614, 0.03034226858321023, 0.1058168864415486, 0.9556420543070904, -0.2748655136308326, 0.05212207367482188, 1.1544091990320636e-05, 0.2764162419539841, 0.9610380122819135, 0.009617037702234196, 0.0, 0.0, 0.0, 1.0], "right_foot_pose": [0.9999980000004515, -0.0019900231468831455, 0.00019950682077147917, 0.04131115217026659, 0.0019999987741655327, 0.9950101270185919, -0.09975393293173453, -0.11982057895799697, 1.32844963614411e-09, 0.09975413243731053, 0.9950121170426415, 2.519486709540164e-09, 0.0, 0.0, 0.0, 1.0]}, {"left_foot_pose": [0.996014178783968, -0.08535972947857563, 0.025874161718658768, 0.030723765569799832, 0.08919504130467545, 0.953133136543341, -0.28910459807777383, 0.047743910566846806, 1.636936859618337e-05, 0.29026012576032223, 0.9569477828626005, 0.01743949284562056, 0.0, 0.0, 0.0, 1.0], "right_foot_pose": [0.9999980000004707, -0.00198403868180854, 0.0002521617875758233, 0.041311151994015895, 0.0019999987645060928, 0.9920179290182939, -0.12608103945953722, -0.11982057873658075, 6.450416828915284e-10, 0.1260812916207812, 0.9920199130578153, 1.4325879718612988e-09, 0.0, 0.0, 0.0, 1.0]}, {"left_foot_pose": [0.9976610092585856, -0.06547360023603367, 0.019639711741094926, 0.031201272048781706, 0.06835576228429334, 0.9555148173128156, -0.28691274572279113, 0.042263866860860186, 1.9174839707967472e-05, 0.2875841469340577, 0.9577553748554671, 0.023433116341641552, 0.0, 0.0, 0.0, 1.0], "right_foot_pose": [0.9999980000005197, -0.001978759856267574, 0.0002906963913459473, 0.04131115203170336, 0.001999998740179063, 0.9893785648613812, -0.14534804917119873, -0.11982057841950905, 1.0640635218267208e-10, 0.1453483398675922, 0.989380543621985, 6.926450663025108e-10, 0.0, 0.0, 0.0, 1.0]}, {"left_foot_pose": [0.998998707853513, -0.043158783565092465, 0.011785631429569492, 0.031741615055009366, 0.04473903597952686, 0.9635995966548921, -0.26357965776241693, 0.036062666305236496, 1.914770967290046e-05, 0.2638430153096944, 0.9645656343171543, 0.02500000438103986, 0.0, 0.0, 0.0, 1.0], "right_foot_pose": [0.9999980000005663, -0.001974953716269766, 0.000315519707757296, 0.04131115224364973, 0.001999998716847416, 0.9874755370408654, -0.15775951239461672, -0.119820578208376, -2.5758419357237413e-10, 0.15775982791469179, 0.9874775119952487, 2.814550328911203e-10, 0.0, 0.0, 0.0, 1.0]}, {"left_foot_pose": [0.999803975763401, -0.019286962443604037, 0.004474720929472018, 0.03231162540558199, 0.01979923647228334, 0.9737429583674562, -0.22678765677371013, 0.029521047664957837, 1.6817023134542684e-05, 0.22683179695425076, 0.9739339482776512, 0.025000005905522177, 0.0, 0.0, 0.0, 1.0], "right_foot_pose": [0.9999980000005915, -0.001972984144511788, 0.0003276101074852891, 0.04131115250512434, 0.0019999987042549636, 0.9864907735943119, -0.16380462025986625, -0.11982057819154635, -4.2980015183069457e-10, 0.16380494787051297, 0.9864927465790806, 6.891587994717341e-11, 0.0, 0.0, 0.0, 1.0]}, {"left_foot_pose": [0.9999875046034454, 0.00491319686279752, -0.0009225690013356199, 0.032878123340490215, -0.004999046714305188, 0.9832876377035202, -0.18199019498692684, 0.023019741470295126, 1.2997038872017904e-05, 0.18199253291280604, 0.9832999124351933, 0.025000006819270053, 0.0, 0.0, 0.0, 1.0], "right_foot_pose": [0.9999980000005908, -0.0019729544192834706, 0.0003277890753727989, 0.04131115278155375, 0.00199999870462563, 0.9864759106651438, -0.1638941050878795, -0.11982057818018481, -4.2770693643764674e-10, 0.1638944328774921, 0.9864778836201881, 6.973743110760822e-11, 0.0, 0.0, 0.0, 1.0]}, {"left_foot_pose": [0.9996026157864601, 0.027966746498114366, -0.003531515705465813, 0.03340793281722964, -0.028188835521296744, 0.991762831283679, -0.1249474931166487, 0.016939468438023474, 8.051149207127771e-06, 0.12499739027072475, 0.9921570704080518, 0.02245972683190993, 0.0, 0.0, 0.0, 1.0], "right_foot_pose": [0.9999980000005997, -0.001976182413869153, 0.00030773018567499413, 0.04131115300125874, 0.001999998700014985, 0.9880898713630847, -0.1538648956548664, -0.11982057840533468, 2.1326717039622033e-11, 0.15386520338513854, 0.9880918475461934, 3.5276014748175655e-10, 0.0, 0.0, 0.0, 1.0]}, {"left_foot_pose": [0.9988324391846523, 0.048192250448817156, -0.0033564012151577104, 0.03386788361138281, -0.048308989006351964, 0.9964240653840314, -0.0693204407425745, 0.011660976661941123, 3.690902378533218e-06, 0.06940164926166462, 0.9975887985869426, 0.01583856414432245, 0.0, 0.0, 0.0, 1.0], "right_foot_pose": [0.9999980000005595, -0.0019799384538940266, 0.00028255725054899975, 0.04131115315391774, 0.001999998720261154, 0.9899678610271821, -0.14127856928205734, -0.11982057859861808, 2.750889900699336e-10, 0.14127885183913716, 0.9899698409663876, 8.14066848653372e-10, 0.0, 0.0, 0.0, 1.0]}, {"left_foot_pose": [0.997955744214058, 0.06389549358401618, -0.0013032612254392836, 0.03422479350475435, -0.06390878335236258, 0.9977484647414679, -0.02033884255470715, 0.007565000887209294, 7.665028782615492e-07, 0.02038055459744328, 0.9997922949261582, 0.0079981790705599, 0.0, 0.0, 0.0, 1.0], "right_foot_pose": [0.9999980000005287, -0.0019847247710176896, 0.000246703314883036, 0.04131115319133635, 0.001999998735565982, 0.9923609917028423, -0.12335178211768727, -0.11982057869965428, 5.913041409175255e-10, 0.12335202882050592, 0.992362976428416, 1.3295052628259363e-09, 0.0, 0.0, 0.0, 1.0]}, {"left_foot_pose": [0.9972917252526795, 0.0735344504842233, 0.0013781634583428816, 0.034445485604559144, -0.07354736393927296, 0.9971167084015052, 0.01868301592711974, 0.005032268834763557, -3.445016334076057e-07, -0.018733777476319262, 0.9998245073918473, 0.0018172769877511583, 0.0, 0.0, 0.0, 1.0], "right_foot_pose": [0.9999980000005292, -0.0019897804364574926, 0.000201912743000589, 0.041311153073080004, 0.001999998735273248, 0.99488881303961, -0.10095667235846996, -0.11982057859811891, 8.823670329912005e-10, 0.10095687427040918, 0.9948908028208666, 1.7552319181435294e-09, 0.0, 0.0, 0.0, 1.0]}, {"left_foot_pose": [0.9971076241004426, 0.07591730879583065, 0.0035983587884062377, 0.03450172388589363, -0.07600253917318524, 0.9959894522019885, 0.047208316445433676, 0.004386846172368112, 9.388279863439156e-10, -0.04734525665346339, 0.9988785845499034, 2.0372462189444107e-09, 0.0, 0.0, 0.0, 1.0], "right_foot_pose": [0.999998000000654, -0.0019942234909746588, 0.0001518794247882943, 0.04131115225523412, 0.001999998672906696, 0.9971103767909058, -0.07594008494337104, -0.11982057836376302, 9.508231877035557e-10, 0.07594023682189872, 0.9971123710151398, 1.8869420401190773e-09, 0.0, 0.0, 0.0, 1.0]}, {"left_foot_pose": [0.9971076240996236, 0.07579976313241853, 0.005548141262946825, 0.034501722604378116, -0.07600253918392672, 0.9944473240047464, 0.07278828076960915, 0.004386845708836741, 2.0901440911957595e-10, -0.0729994225242165, 0.9973319829982049, 2.2162655391455566e-09, 0.0, 0.0, 0.0, 1.0], "right_foot_pose": [0.9999980000007669, -0.001997480096705111, 0.00010033807504235162, 0.041311150953741556, 0.0019999986165086443, 0.998738736401776, -0.050169078286508274, -0.11982057828108807, 2.1306651600116896e-10, 0.0501691786244013, 0.9987407338824992, 1.8513458821534101e-09, 0.0, 0.0, 0.0, 1.0]}, {"left_foot_pose": [0.9971076241002393, 0.07564619001386662, 0.007351183412378106, 0.034501724206218304, -0.07600253917584848, 0.992432536396528, 0.0964431166044427, 0.004386846136682778, 7.247265337785536e-10, -0.09672287546356648, 0.995311350966149, 1.549166461778384e-09, 0.0, 0.0, 0.0, 1.0], "right_foot_pose": [0.9999980000006622, -0.0019993210062390562, 5.205947670235023e-05, 0.04131115252467676, 0.0019999986687753144, 0.9996591595798853, -0.026030072480926484, -0.11982057844793097, 7.379763875994807e-10, 0.026030124539682727, 0.9996611589015794, 1.4610506693379932e-09, 0.0, 0.0, 0.0, 1.0]}, {"left_foot_pose": [0.9971076240992549, 0.07548560004294098, 0.00884930219265489, 0.03450172473032929, -0.0760025391887648, 0.9903256926280741, 0.1160975303681618, 0.00438684645986139, 4.2012810129863483e-10, -0.11643430210587949, 0.9931983957362785, 9.012101342964485e-10, 0.0, 0.0, 0.0, 1.0], "right_foot_pose": [0.9999994191271613, 0.0010778420102863218, -1.3931044001784725e-06, 0.04084023358722092, -0.0010778429103193235, 0.9999986117979383, -0.0012706914876385604, -0.12060884792404845, 2.3497798553110647e-08, 0.0012706922510759401, 0.9999991926702754, 0.0022503013682817347, 0.0, 0.0, 0.0, 1.0]}, {"left_foot_pose": [0.9971076240995344, 0.07534083063781846, 0.010007257435783788, 0.03450172480663516, -0.07600253918509858, 0.9884264056687626, 0.13128920219937817, 0.004386846489810584, 4.962365515129514e-11, -0.13167004145034394, 0.9912935993864108, 4.558166205592684e-10, 0.0, 0.0, 0.0, 1.0], "right_foot_pose": [0.9999354477514626, 0.011356552671891574, 0.0003592234568504413, 0.03926665867302311, -0.011362232549895821, 0.9994390561372118, 0.03150353534194591, -0.1232428636910669, -1.250394195614069e-06, -0.03150558329835698, 0.9995035758912855, 0.008710108770261252, 0.0, 0.0, 0.0, 1.0]}, {"left_foot_pose": [0.9971076240999153, 0.07523585721264506, 0.010768089491717203, 0.034501724691298606, -0.07600253918010302, 0.9870492181008497, 0.14127085716693077, 0.004386846361738829, -2.7512045433592874e-10, -0.141680650887766, 0.9899124169157695, 1.6317657641762295e-10, 0.0, 0.0, 0.0, 1.0], "right_foot_pose": [0.9996226224779462, 0.02739866518699052, 0.001981357182494775, 0.03680161496699433, -0.027470213228626975, 0.9970293497685125, 0.07195736991685482, -0.12736912099101663, -3.935377233594073e-06, -0.07198464312718746, 0.9974057404779482, 0.016558461954372418, 0.0, 0.0, 0.0, 1.0]}, {"left_foot_pose": [0.9971076240996737, 0.07518904359314309, 0.011090251839055432, 0.034501724412405343, -0.07600253918327467, 0.9864350519165747, 0.1454974308640552, 0.00438684621016558, -4.766991393571776e-10, -0.14591948490141488, 0.9892964691770142, 2.246461350274842e-11, 0.0, 0.0, 0.0, 1.0], "right_foot_pose": [0.9988501815423727, 0.04760952724300347, 0.0056256331613982104, 0.03366731416220753, -0.04794074231774807, 0.9919680249768654, 0.11705179473002525, -0.13261565763132896, -7.667606315061681e-06, -0.11718690344571117, 0.9931098779097979, 0.02291665554831355, 0.0, 0.0, 0.0, 1.0]}, {"left_foot_pose": [0.9971076240992283, 0.07523235520167693, 0.01079252954605242, 0.0345017241267573, -0.07600253918911958, 0.9870032736417543, 0.14159149641580704, 0.004386846223196336, -2.40938522488834e-10, -0.14200222023359335, 0.9898663391835946, 1.0706047159914078e-10, 0.0, 0.0, 0.0, 1.0], "right_foot_pose": [0.9974544946470524, 0.07041206263586425, 0.011254889770929317, 0.030085970327366776, -0.07130589722951022, 0.9849762760473081, 0.15728065565819402, -0.1386105042881342, -1.1344036278544595e-05, -0.1576828369206366, 0.9874898089661346, 0.02500000425834159, 0.0, 0.0, 0.0, 1.0]}, {"left_foot_pose": [0.9971076240966867, 0.07532913550867383, 0.010094915144660653, 0.03450172387042038, -0.0760025392224628, 0.9882729722677513, 0.13243921744258147, 0.004386846194615538, -3.7409736875530656e-11, -0.1328233926256264, 0.9911397209129597, 4.598898623031644e-10, 0.0, 0.0, 0.0, 1.0], "right_foot_pose": [0.9953721906181041, 0.09428620018541661, 0.018555716065729255, 0.02627980200826025, -0.09609475500327495, 0.9766674999699766, 0.19205830511398272, -0.14498168474923245, -1.4317016819762328e-05, -0.19295260287695198, 0.9812080782576302, 0.025000003162204146, 0.0, 0.0, 0.0, 1.0]}, {"left_foot_pose": [0.9971076240936512, 0.07548182244387161, 0.00888146693216851, 0.03450172365826256, -0.07600253926228592, 0.9902761319279125, 0.11651951149733347, 0.0043868461804515745, 3.5865465961841184e-10, -0.11685750730887795, 0.9931486912771709, 1.0941350603310696e-09, 0.0, 0.0, 0.0, 1.0], "right_foot_pose": [0.992671871106929, 0.11785659057103999, 0.026690454698988453, 0.02247102007435095, -0.12084103632160598, 0.9681846703413834, 0.21912527936472037, -0.1513572414257867, -1.5930750149063802e-05, -0.22074480327952625, 0.9753316008267623, 0.025000001744289478, 0.0, 0.0, 0.0, 1.0]}, {"left_foot_pose": [0.997107624091051, 0.07566896894029068, 0.007112884015180502, 0.034501723578448405, -0.07600253929639482, 0.9927313803650183, 0.09331677479995659, 0.004386846556420645, 9.671792341601387e-10, -0.09358746485549896, 0.9956110618217947, 2.0796293784264286e-09, 0.0, 0.0, 0.0, 1.0], "right_foot_pose": [0.9895642832806683, 0.1400537705364098, 0.03387433562082911, 0.018881837582843838, -0.14409208519604572, 0.9618560395532765, 0.23253049296542033, -0.15736520854665734, -1.5461998252132198e-05, -0.2349848942664626, 0.9719990222358796, 0.0230249330