{"LoopMode": "Wrap", "FrameDuration": 0.0167, "EnableCycleOffsetPosition": true, "EnableCycleOffsetRotation": false, "Debug_info": [{"left_foot_pose": [1.0000000000000002, 1.2255304340492377e-13, -8.624101432985758e-12, 1.4463546727054863e-12, -3.8971924944619766e-14, 0.999953409917806, 0.00965287489576198, 9.848198645467932e-14, 8.6245600929024e-12, -0.009652874895762152, 0.9999534099178059, 1.795880111288284e-11, 0.0, 0.0, 0.0, 1.0], "right_foot_pose": [1.0, -2.0479174004277607e-13, -8.68582983315491e-12, 9.341002127937852e-13, 7.634689373882697e-14, 0.9998905808577336, -0.01479277904872222, -0.14000000000214236, 8.687811140881052e-12, 0.014792779048722065, 0.9998905808577336, 1.5102058492644233e-11, 0.0, 0.0, 0.0, 1.0]}, {"left_foot_pose": [1.0000000000000004, 1.884105384887454e-13, -1.922922931996141e-11, 3.2759095639779715e-12, -5.999505103560323e-14, 0.9999778163822678, 0.006660836535473498, 1.1306216379791678e-12, 1.922977338749819e-11, -0.0066608365354736705, 0.9999778163822679, 3.906922702023863e-11, 0.0, 0.0, 0.0, 1.0], "right_foot_pose": [1.0, -5.322539254219084e-13, -1.9342416557321937e-11, 2.330350611732291e-12, 1.882152835620944e-13, 0.99984182004816, -0.017785805654597846, -0.14000000000384968, 1.9348646945764282e-11, 0.017785805654597697, 0.9998418200481599, 3.475824489340695e-11, 0.0, 0.0, 0.0, 1.0]}, {"left_foot_pose": [1.0000000000000004, 1.2168414652933616e-13, -3.3760938489280085e-11, 5.812751222280532e-12, -3.7157478883073966e-14, 0.9999968902215279, 0.002493902017777606, 2.9425489822543227e-12, 3.376080254789065e-11, -0.0024939020177777793, 0.9999968902215279, 6.790138590284656e-11, 0.0, 0.0, 0.0, 1.0], "right_foot_pose": [0.9999999999999999, -1.1366384641904692e-12, -3.396477543660125e-11, 4.336414250533958e-12, 3.9072340927140585e-13, 0.9997589503277812, -0.02195543758373376, -0.1400000000057763, 3.398131750473548e-11, 0.021955437583733604, 0.999758950327781, 6.200856494942286e-11, 0.0, 0.0, 0.0, 1.0]}, {"left_foot_pose": [1.0000000000000004, -2.2477906337234305e-13, -5.201122865727826e-11, 9.03965051156759e-12, 7.815292573479225e-14, 0.9999960083180526, -0.0028254818990849015, 5.678256476127075e-12, 5.20114234229675e-11, 0.002825481899084728, 0.9999960083180528, 1.042135405748823e-10, 0.0, 0.0, 0.0, 1.0], "right_foot_pose": [1.0, -2.1596954781060624e-12, -5.237321687445727e-11, 6.954511395025852e-12, 7.301924802583783e-13, 0.9996278179049216, -0.027280499823950716, -0.14000000000771276, 5.2412350254693805e-11, 0.027280499823950574, 0.9996278179049218, 9.648055271371803e-11, 0.0, 0.0, 0.0, 1.0]}, {"left_foot_pose": [1.0000000000000004, -1.0351862382242994e-12, -7.417499947592886e-11, 1.3016323614894442e-11, 3.467288778981061e-13, 0.9999568893694091, -0.009285440358763053, 9.577384024739288e-12, 7.418114297160022e-11, 0.00928544035876288, 0.9999568893694091, 1.4860165181707075e-10, 0.0, 0.0, 0.0, 1.0], "right_foot_pose": [1.0, -3.797022826754703e-12, -7.479922237152434e-11, 1.0254251855091598e-11, 1.2703975827792424e-12, 0.9994302820461981, -0.0337507233856831, -0.1400000000094518, 7.4884828421119e-11, 0.033750723385682954, 0.9994302820461981, 1.3857732322763994e-10, 0.0, 0.0, 0.0, 1.0]}, {"left_foot_pose": [1.0000000000000007, -2.553831601963881e-12, -1.0089418189807018e-10, 1.7891834107339404e-11, 8.489430815398801e-13, 0.9998572269242025, -0.016897507728796907, 1.501172276763274e-11, 1.0092266142521742e-10, 0.016897507728796734, 0.9998572269242025, 2.026180750958062e-10, 0.0, 0.0, 0.0, 1.0], "right_foot_pose": [0.9999999999999997, -6.324019100599553e-12, -1.0193734745200796e-10, 1.4387668011331997e-11, 2.1005430796914526e-12, 0.9991434965013359, -0.041379625410156745, -0.14000000001075735, 1.0211157083099929e-10, 0.0413796254101566, 0.9991434965013357, 1.895858747769097e-10, 0.0, 0.0, 0.0, 1.0]}, {"left_foot_pose": [1.0000000000000004, -5.123435238502266e-12, -1.3327106085370125e-10, 2.3914046922705783e-11, 1.6969252718838376e-12, 0.9996696828503628, -0.02570068461842657, 2.252907929656267e-11, 1.3335847016256074e-10, 0.025700684618426395, 0.999669682850363, 2.6885367543361127e-10, 0.0, 0.0, 0.0, 1.0], "right_foot_pose": [0.9999999999999999, -1.0136832845065955e-11, -1.3496065376372705e-10, 1.9602478745581453e-11, 3.3479243454782594e-12, 0.9987387502178331, -0.05020865277340892, -0.14000000001131374, 1.3529922379419995e-10, 0.050208652773408774, 0.9987387502178331, 2.51725397470981e-10, 0.0, 0.0, 0.0, 1.0]}, {"left_foot_pose": [1.0000000000000004, -9.238314548338545e-12, -1.7285606279671113e-10, 3.1438800722175296e-11, 3.051092092535831e-12, 0.9993603406579623, -0.03576184447147866, 3.290496347618799e-11, 1.7307546713207806e-10, 0.03576184447147849, 0.9993603406579625, 3.5101477974253115e-10, 0.0, 0.0, 0.0, 1.0], "right_foot_pose": [0.9999999999999998, -1.5808913008305153e-11, -1.755254275259687e-10, 2.6257748980879815e-11, 5.1946660885753335e-12, 0.9981798333724862, -0.06030771300982831, -0.14000000001065507, 1.7615925231658973e-10, 0.06030771300982816, 0.9981798333724862, 3.281702340429682e-10, 0.0, 0.0, 0.0, 1.0]}, {"left_foot_pose": [1.0000000000000007, -1.5613124138081278e-11, -2.2163304524980253e-10, 4.0943990904661644e-11, 5.140801039238256e-12, 0.9988866929276886, -0.047173877220197134, 4.720077106945553e-11, 2.2212240332041836e-10, 0.047173877220196954, 0.9988866929276888, 4.5404400378368237e-10, 0.0, 0.0, 0.0, 1.0], "right_foot_pose": [1.0, -2.416523556125422e-11, -2.2576457370249146e-10, 3.4845124656305995e-11, 7.899075027848356e-12, 0.9974209587501184, -0.07177347034939219, -0.1400000000080764, 2.2691654431103552e-10, 0.07177347034939205, 0.9974209587501183, 4.2309034053999994e-10, 0.0, 0.0, 0.0, 1.0]}, {"left_foot_pose": [1.0000000000000004, -2.525905130729772e-11, -2.8190122458582276e-10, 5.3033667851751406e-11, 8.28541161656308e-12, 0.9981953204323902, -0.06005083069266264, 6.679536437848022e-11, 2.829090744532484e-10, 0.06005083069266246, 0.9981953204323903, 5.84111939372356e-10, 0.0, 0.0, 0.0, 1.0], "right_foot_pose": [0.9999999999999998, -3.6363497192211087e-11, -2.881896943307536e-10, 4.6003086850467234e-11, 1.1816057544349138e-11, 0.9964044030809905, -0.08472464529766201, -0.1400000000025275, 2.902342484508852e-10, 0.08472464529766183, 0.9964044030809905, 5.415409301545715e-10, 0.0, 0.0, 0.0, 1.0]}, {"left_foot_pose": [1.0000000000000004, -3.9520807984184505e-11, -3.557881766980125e-10, 6.838520274867703e-11, 1.289901929490119e-11, 0.9972197427627517, -0.07451700909317349, 9.32816063975439e-11, 3.577436909519637e-10, 0.07451700909317333, 0.9972197427627519, 7.479428187906478e-10, 0.0, 0.0, 0.0, 1.0], "right_foot_pose": [0.9999999999999997, -5.392525268156055e-11, -3.652064206605129e-10, 6.047554112368607e-11, 1.7397039836048195e-11, 0.9950584171812605, -0.09929122013916762, -0.13999999999252682, 3.687557515518691e-10, 0.09929122013916748, 0.9950584171812605, 6.886993267340991e-10, 0.0, 0.0, 0.0, 1.0]}, {"left_foot_pose": [1.0000000000000002, -5.993052662413675e-11, -4.4389697473334774e-10, 8.75429237827882e-11, 1.9430239797288066e-11, 0.99587984786742, -0.09068257060519183, 1.2797234452688322e-10, 4.475023864171485e-10, 0.09068257060519162, 0.9958798478674201, 9.503624207041206e-10, 0.0, 0.0, 0.0, 1.0], "right_foot_pose": [1.0, -7.854860288859807e-11, -4.577324630439246e-10, 7.89131287915502e-11, 2.5112894116573796e-11, 0.9932970170968568, -0.1155899469092651, -0.13999999997623797, 4.6374354489644285e-10, 0.11558994690926497, 0.9932970170968568, 8.674686316489932e-10, 0.0, 0.0, 0.0, 1.0]}, {"left_foot_pose": [1.0000000000000002, -8.744713339685401e-11, -5.417772896976187e-10, 1.1028270293245046e-10, 2.8100110119044933e-11, 0.9940868911604805, -0.1085875353016709, 1.7035536870046997e-10, 5.480692869406421e-10, 0.10858753530167074, 0.9940868911604809, 1.1868545174431588e-09, 0.0, 0.0, 0.0, 1.0], "right_foot_pose": [1.0, -1.1119599994592152e-10, -5.615024556426811e-10, 1.0121497571407283e-10, 3.5143475176024497e-11, 0.9910262090368248, -0.13366769618011637, -0.13999999995213286, 5.713269473946526e-10, 0.1336676961801162, 0.9910262090368248, 1.0716978623981355e-09, 0.0, 0.0, 0.0, 1.0]}, {"left_foot_pose": [1.0000000000000002, -1.1990090202942663e-10, -6.311318689888857e-10, 1.3382661467516093e-10, 3.80820168370186e-11, 0.991764568751181, -0.12807435406741235, 2.1396359684011657e-10, 6.412902460941469e-10, 0.12807435406741213, 0.9917645687511809, 1.4227884218009912e-09, 0.0, 0.0, 0.0, 1.0], "right_foot_pose": [0.9999999999999999, -1.4907160448718493e-10, -6.577347555491988e-10, 1.2463217393953826e-10, 4.6429906467894234e-11, 0.9881685389586022, -0.15337189642311128, -0.13999999992138681, 6.728160745218662e-10, 0.15337189642311114, 0.9881685389586022, 1.2681475800024877e-09, 0.0, 0.0, 0.0, 1.0]}, {"left_foot_pose": [1.0000000000000004, -1.4528168714505484e-10, -6.613188885395944e-10, 1.485629316950365e-10, 4.5466776222366847e-11, 0.9889127135257209, -0.14849796304056298, 2.374834044693852e-10, 6.755603148907635e-10, 0.1484979630405628, 0.9889127135257209, 1.5443569131856627e-09, 0.0, 0.0, 0.0, 1.0], "right_foot_pose": [0.9999999999999998, -1.7773084874960158e-10, -6.932062701636699e-10, 1.3919424581887404e-10, 5.436209734441137e-11, 0.9847359537941409, -0.17405488015319703, -0.13999999989425957, 7.135596362373206e-10, 0.17405488015319687, 0.984735953794141, 1.3557877737158108e-09, 0.0, 0.0, 0.0, 1.0]}, {"left_foot_pose": [0.9999999965134065, 8.22546560857783e-05, -1.439996252622525e-05, -7.015407763857103e-06, -8.350481906467361e-05, 0.9857619862184203, -0.16814666084600535, -1.687319488185776e-05, 3.640899011873256e-07, 0.16814666146221238, 0.9857619896501286, 0.00016386123456386958, 0.0, 0.0, 0.0, 1.0], "right_foot_pose": [0.9999999999999997, -1.6283959348022053e-10, -5.718209794558495e-10, 7.274269145293053e-11, 4.8860752513421094e-11, 0.9810172710856591, -0.1939203801348543, -0.13999999996070397, 5.925440835521227e-10, 0.19392038013485416, 0.9810172710856591, 1.0872826181063111e-09, 0.0, 0.0, 0.0, 1.0]}, {"left_foot_pose": [0.9999972201905176, 0.0023161416615710266, -0.0004417001719829063, -0.00019812846239454572, -0.002357881906084134, 0.9824560553544488, -0.1864793277827173, -0.00047651018354471705, 2.0384685160727214e-06, 0.18647985088255678, 0.9824587855023054, 0.004191209234149992, 0.0, 0.0, 0.0, 1.0], "right_foot_pose": [1.0, -1.1835002777831045e-10, -3.7222308568729473e-10, -1.025621912789562e-10, 3.7213068269658625e-11, 0.9775221673970249, -0.2108326640903238, -0.1400000001489483, 3.8880817047000076e-10, 0.21083266409032364, 0.9775221673970248, 6.297292548529398e-10, 0.0, 0.0, 0.0, 1.0]}, {"left_foot_pose": [0.9999732610671569, 0.007161044518426165, -0.001482090456749101, -0.0006145010381724137, -0.007312806401528556, 0.9793215656659764, -0.20217762953421894, -0.0014778940936742355, 3.64014083750158e-06, 0.20218306176073989, 0.9793477469845957, 0.011469802572228287, 0.0, 0.0, 0.0, 1.0], "right_foot_pose": [0.9999999999999998, -6.077639498797135e-11, -1.5514356466184118e-10, -1.7740637003940727e-10, 2.4531669379613858e-11, 0.9746594010410796, -0.22369410354822492, -0.14000000016122296, 1.648073156637979e-10, 0.22369410354822478, 0.9746594010410796, 3.0112565219120313e-10, 0.0, 0.0, 0.0, 1.0]}, {"left_foot_pose": [0.9998967093304838, 0.014044742243833034, -0.00305219353502394, -0.0012077848234928199, -0.014372565724479442, 0.9771632092194977, -0.21200351860841568, -0.002904739290334399, 4.956456201974635e-06, 0.21202548847522446, 0.9772641363583734, 0.019120926795971306, 0.0, 0.0, 0.0, 1.0], "right_foot_pose": [0.9999999999999998, -1.1151355239643271e-11, 2.0621782059748807e-11, -1.6933426662128152e-10, 1.5630849183313855e-11, 0.9727237650006358, -0.23196654285260165, -0.14000000005535645, -1.747290293794672e-11, 0.23196654285260154, 0.972723765000636, 1.0144898809905101e-10, 0.0, 0.0, 0.0, 1.0]}, {"left_foot_pose": [0.999736361173592, 0.022441078539657718, -0.004858615169283577, -0.001929630165026211, -0.02296101292898835, 0.9771507113883671, -0.2113037603037012, -0.004640765037255731, 5.714988326968303e-06, 0.2113596111540377, 0.977408366416082, 0.024265877985802597, 0.0, 0.0, 0.0, 1.0], "right_foot_pose": [1.0, 1.4745348947793744e-11, 1.2106526892097228e-10, -7.136619861233917e-11, 1.4158787360500588e-11, 0.971916185540065, -0.2353272790928625, -0.13999999993575746, -1.211355031062641e-10, 0.2353272790928623, 0.9719161855400653, 3.137590881552299e-11, 0.0, 0.0, 0.0, 1.0]}, {"left_foot_pose": [0.9994716818152335, 0.03186394801387184, -0.006406720408985869, -0.00273168068085187, -0.03250164944785831, 0.9798960582180412, -0.1968434857238483, -0.006569690872106508, 5.7094788960238345e-06, 0.19694771871163053, 0.9804139921796748, 0.02500000136012419, 0.0, 0.0, 0.0, 1.0], "right_foot_pose": [0.9999999999999998, 7.359563055902689e-12, 1.2538492466518386e-10, 7.491597217309055e-11, 2.2132775269418197e-11, 0.9723351645218208, -0.2335900850514066, -0.1399999999022733, -1.2363540979521924e-10, 0.23359008505140644, 0.972335164521821, 1.0738870903637121e-10, 0.0, 0.0, 0.0, 1.0]}, {"left_foot_pose": [0.9990999510399374, 0.04176188025168956, -0.007431903513862872, -0.0035655837475613104, -0.04241801275152256, 0.9836667523554722, -0.17492979307325274, -0.008575227511840935, 5.119322522646229e-06, 0.17508759427293197, 0.9845528600870095, 0.025000001978445166, 0.0, 0.0, 0.0, 1.0], "right_foot_pose": [1.0, -3.050243715929972e-11, 3.77317621591546e-11, 2.021944729207205e-10, 3.8274769917497666e-11, 0.9738688121626958, -0.2271112870308744, -0.13999999986932804, -2.9818409852840685e-11, 0.22711128703087424, 0.9738688121626958, 3.0972319847721863e-10, 0.0, 0.0, 0.0, 1.0]}, {"left_foot_pose": [0.9986400910655416, 0.05156393521001343, -0.0076895449972558035, -0.0043829910454803575, -0.05213413948483557, 0.9877292957952616, -0.14721708368247557, -0.010541091746691034, 4.0967003147893265e-06, 0.14741776966653247, 0.989074315291709, 0.024910271271003183, 0.0, 0.0, 0.0, 1.0], "right_foot_pose": [0.9999999999999998, -9.709110510708419e-11, -1.4998224884266105e-10, 3.465685512960731e-10, 6.242454026357404e-11, 0.9764211226534033, -0.21587448028025008, -0.13999999987065706, 1.6740504771282396e-10, 0.21587448028024986, 0.976421122653403, 6.572585947717258e-10, 0.0, 0.0, 0.0, 1.0]}, {"left_foot_pose": [0.9981331732666355, 0.06069312206106874, -0.006820070319104134, -0.005135548943910033, -0.06107510472449051, 0.9918955669518422, -0.11141371479390189, -0.012351004250392207, 2.751324555466229e-06, 0.11162226120162863, 0.9937507085766867, 0.021163834149709633, 0.0, 0.0, 0.0, 1.0], "right_foot_pose": [0.9999999999999999, -1.8975316153398283e-10, -4.5982329055504915e-10, 5.571111200127047e-10, 9.42571420614776e-11, 0.9799195224602785, -0.19939340385584509, -0.14000000011579206, 4.884252585401231e-10, 0.19939340385584492, 0.9799195224602782, 1.1931221982619533e-09, 0.0, 0.0, 0.0, 1.0]}, {"left_foot_pose": [0.9976396098477986, 0.06848962586347873, -0.004937611954581346, -0.005774905925189072, -0.06866737843184306, 0.9950586091986159, -0.07171579602162415, -0.013888669392166347, 1.4252462653929436e-06, 0.07188557163157201, 0.9974128857144228, 0.013996812829788888, 0.0, 0.0, 0.0, 1.0], "right_foot_pose": [0.9999999999999999, -2.784853647466874e-10, -8.489167147018844e-10, 6.767244332337315e-10, 1.232909567934332e-10, 0.9841028179423351, -0.17759967262907742, -0.14000000032644996, 8.848801298003725e-10, 0.17759967262907725, 0.9841028179423352, 1.8784747646272137e-09, 0.0, 0.0, 0.0, 1.0]}, {"left_foot_pose": [0.9972330488376572, 0.07429803791988752, -0.002459241185141777, -0.006252715469258706, -0.07433872682362343, 0.9966874148408317, -0.03298409908036356, -0.015037800509812937, 4.4089506262299344e-07, 0.033075650547729776, 0.9994528509843028, 0.006287911224510591, 0.0, 0.0, 0.0, 1.0], "right_foot_pose": [0.9999999999999998, -3.3440497486196355e-10, -1.2711176000657056e-09, 6.520005127604302e-10, 1.3885560073095497e-10, 0.9885595932984853, -0.15083080089137527, -0.14000000038048124, 1.3070139652973627e-09, 0.1508308008913751, 0.9885595932984853, 2.6082291118556533e-09, 0.0, 0.0, 0.0, 1.0]}, {"left_foot_pose": [0.9969909814980187, 0.0775172650595595, 0.00023754853130554082, -0.006520626435876654, -0.07751762903764826, 0.9969863007992035, 0.0030550298039049126, -0.01568211452268501, -1.5076412704460323e-08, -0.003064251361629207, 0.9999953051707762, 0.000915837278772709, 0.0, 0.0, 0.0, 1.0], "right_foot_pose": [0.9999999999999998, -3.250173259185321e-10, -1.6249383505417804e-09, 4.4487381351088317e-10, 1.279076687657549e-10, 0.9927906940028729, -0.1198609106476936, -0.14000000018888378, 1.6521803814099693e-09, 0.1198609106476934, 0.9927906940028726, 3.1912395226374457e-09, 0.0, 0.0, 0.0, 1.0]}, {"left_foot_pose": [0.9969536249075465, 0.07794270562024376, 0.0028990385130859848, -0.006560999857353743, -0.07799660110353707, 0.9962647312910657, 0.037055571805562515, -0.015779204878198914, 1.6995883761259204e-09, -0.03716880178506654, 0.9993090013473629, 3.5392187375249407e-09, 0.0, 0.0, 0.0, 1.0], "right_foot_pose": [1.0, -2.384843135306233e-10, -1.760541323836405e-09, 2.8283208691559135e-10, 8.551270529263154e-11, 0.9962620322948105, -0.08638265455410607, -0.14000000001726393, 1.7745613153467672e-09, 0.08638265455410594, 0.9962620322948105, 3.412904805988326e-09, 0.0, 0.0, 0.0, 1.0]}, {"left_foot_pose": [0.9969536249058265, 0.07780365984865041, 0.005482727541039739, -0.006560999793822514, -0.07799660112552165, 0.9944874454268031, 0.07008031893005913, -0.0157792049812519, 1.5898592080064072e-09, -0.07029446210497735, 0.997526284664907, 3.33959106202375e-09, 0.0, 0.0, 0.0, 1.0], "right_foot_pose": [0.9999999999999998, -1.4017962117904124e-10, -1.6375049649575138e-09, 3.1926661585883226e-10, 5.36383777564317e-11, 0.9986087849920852, -0.0527303948082248, -0.1400000001228081, 1.642618518657403e-09, 0.052730394808224654, 0.998608784992085, 3.2441539177252565e-09, 0.0, 0.0, 0.0, 1.0]}, {"left_foot_pose": [0.9969536249054457, 0.07759973839115117, 0.007858141607137112, -0.006560999743745289, -0.07799660113038816, 0.9918809183272573, 0.1004428895959537, -0.015779204982846524, 1.2422641729200592e-09, -0.10074981121522161, 0.9949117928440182, 2.6622513915608437e-09, 0.0, 0.0, 0.0, 1.0], "right_foot_pose": [0.9999999990365052, 4.3886199676670604e-05, -9.955163693400933e-07, -1.1362805545420669e-05, -4.3897458919886484e-05, 0.9997688424622327, -0.021500225923011314, -0.14000259804171686, 5.1723040179339975e-08, 0.021500225945996456, 0.9997688434254532, 3.740179197628951e-05, 0.0, 0.0, 0.0, 1.0]}, {"left_foot_pose": [0.9969536249051814, 0.07736832498391238, 0.009879882469118322, -0.006560999532409083, -0.07799660113376625, 0.9889229892822498, 0.1262848030470819, -0.01577920462297746, 7.775578625011052e-10, -0.12667068942041762, 0.9919448253011642, 1.7079212141779543e-09, 0.0, 0.0, 0.0, 1.0], "right_foot_pose": [0.9999898047279128, 0.00451547672170984, 3.0169628665224897e-05, -0.0011688649702781995, -0.004515577505291509, 0.9999677162662062, 0.0066465017220898774, -0.14026730558438516, -1.5653087033272285e-07, -0.006646570192493088, 0.999977911308371, 0.0034929908232376947, 0.0, 0.0, 0.0, 1.0]}, {"left_foot_pose": [0.9969536249060295, 0.07714472414030409, 0.011496143877209894, -0.006560999486300094, -0.07799660112292768, 0.9860649210619571, 0.14694387249677449, -0.015779204556253545, 3.0307348127147815e-10, -0.14739288649183127, 0.9890780237229051, 9.811447834739973e-10, 0.0, 0.0, 0.0, 1.0], "right_foot_pose": [0.9998816611131465, 0.01537523295246011, 0.0005157337220726426, -0.003982280356316462, -0.015383880128559187, 0.9993225541297919, 0.03343305310167487, -0.140910712508014, -1.3433606422856103e-06, -0.03343703065714548, 0.9994408261518181, 0.010538498885282452, 0.0, 0.0, 0.0, 1.0]}, {"left_foot_pose": [0.9969536249071509, 0.0769594186000748, 0.0126774474256818, -0.006560999598107665, -0.07799660110858951, 0.9836963440634642, 0.16204330560588745, -0.01577920465109202, -9.723712151702263e-11, -0.16253845872566286, 0.9867022090960812, 4.664854266756002e-10, 0.0, 0.0, 0.0, 1.0], "right_foot_pose": [0.999509841737236, 0.031251128164999406, 0.0018556020101615917, -0.008104930586858067, -0.03130616968818035, 0.9977584701380986, 0.059143545777507245, -0.14185353581837468, -3.1400936187238563e-06, -0.05917264787125924, 0.9982477637009982, 0.01829520982323616, 0.0, 0.0, 0.0, 1.0]}, {"left_foot_pose": [0.9969536249077862, 0.0768359627470999, 0.013405394882379825, -0.006560999811860706, -0.07799660110047243, 0.9821183303737264, 0.17134793655220534, -0.015779204783324355, -3.701661719853704e-10, -0.17187152170342584, 0.9851193734910252, 1.4849318302756487e-10, 0.0, 0.0, 0.0, 1.0], "right_foot_pose": [0.9987019895040947, 0.05076190826152552, 0.004191041661863736, -0.013190138883106271, -0.05093462608650785, 0.9953236461117978, 0.08207620456712321, -0.14301649156094828, -5.098101202470012e-06, -0.08218313793209117, 0.9966172443890604, 0.023884418828566796, 0.0, 0.0, 0.0, 1.0]}, {"left_foot_pose": [0.9969536249074193, 0.07679001418098678, 0.013666144519996402, -0.006561000074113573, -0.07799660110516059, 0.9815310153701206, 0.17468084062811154, -0.015779204813118043, -4.779280048733302e-10, -0.17521461008884273, 0.9845302638372351, 4.822175297958253e-11, 0.0, 0.0, 0.0, 1.0], "right_foot_pose": [0.9973380456205557, 0.07255739481352692, 0.007228223546921944, -0.018891219884503704, -0.07291654622687886, 0.9924346651985627, 0.09877556680961316, -0.1443202914352663, -6.641816835019912e-06, -0.09903968785335972, 0.9950834840282473, 0.025000002536626917, 0.0, 0.0, 0.0, 1.0]}, {"left_foot_pose": [0.9969536249060429, 0.07682298510140004, 0.01347956775317247, -0.006561000381612741, -0.07799660112275575, 0.9819524497528523, 0.17229601457279878, -0.0157792047963514, -4.162809046387116e-10, -0.17282249675456748, 0.9849529859924883, 1.45920463212601e-10, 0.0, 0.0, 0.0, 1.0], "right_foot_pose": [0.995391140104412, 0.09531241860433554, 0.010584000256567005, -0.024861483836046215, -0.09589826977133963, 0.9893188508156079, 0.10978038657131907, -0.14568565082275273, -7.51681142769272e-06, -0.1102894114621927, 0.9938995148720121, 0.025000002116957735, 0.0, 0.0, 0.0, 1.0]}, {"left_foot_pose": [0.9969536249039128, 0.07693138846375815, 0.01284644931441112, -0.006561000641727902, -0.07799660114998194, 0.983338062148802, 0.16420348881339397, -0.015779204767343093, -1.8931865225189642e-10, -0.16470524277775184, 0.9863428323871587, 4.6000975945093003e-10, 0.0, 0.0, 0.0, 1.0], "right_foot_pose": [0.9929502711456091, 0.11773296519765795, 0.013737100772301516, -0.030754254306044473, -0.11853167920288336, 0.9862667650198382, 0.11501351765182921, -0.14703328843688024, -7.563468486409802e-06, -0.11583098515971438, 0.9932689378107643, 0.024992551582330748, 0.0, 0.0, 0.0, 1.0]}, {"left_foot_pose": [0.996953624901486, 0.07710792032630011, 0.011740460755047172, -0.006561000637650937, -0.07799660118099896, 0.9855944936420212, 0.1500667328448938, -0.015779204466189127, 2.0683726428538236e-10, -0.15052528932203246, 0.9886061588289441, 1.0527203067600688e-09, 0.0, 0.0, 0.0, 1.0], "right_foot_pose": [0.9902247310091667, 0.13860625892209208, 0.015597662819970303, -0.03622285004611318, -0.13948111719909534, 0.9840190470120876, 0.1106866435588113, -0.14828391768853197, -6.53572739319522e-06, -0.1117802312801558, 0.9937329519806813, 0.021837793757610392, 0.0, 0.0, 0.0, 1.0]}, {"left_foot_pose": [0.9969536249000673, 0.07733261915587156, 0.01015558039255168, -0.006561000477035514, -0.07799660119913307, 0.9884665961402817, 0.12980877673034763, -0.01577920418933281, 7.115228163891084e-10, -0.13020543125898726, 0.9914870375706696, 1.9238883888772484e-09, 0.0, 0.0, 0.0, 1.0], "right_foot_pose": [0.9875304523791825, 0.15668252070520805, 0.015303376399626537, -0.040920582464066574, -0.15742809661009988, 0.9828563919531844, 0.09596721937458454, -0.1493582564910095, -4.635476159014838e-06, -0.097179732980857, 0.995266848375993, 0.014923780042582248, 0.0, 0.0, 0.0, 1.0]}, {"left_foot_pose": [0.9969536249028105, 0.07757383856795294, 0.008109831254744926, -0.006560999961310768, -0.07799660116407134, 0.9915498658949119, 0.10365999059731595, -0.015779204192764396, 1.2834787279750918e-09, -0.10397674265726983, 0.9945797288233785, 3.010533225489276e-09, 0.0, 0.0, 0.0, 1.0], "right_foot_pose": [0.9852586740625999, 0.17059519187943945, 0.012752477877833816, -0.04450077759517778, -0.17107116992163723, 0.9825184216951591, 0.07343164066869147, -0.1501770239282342, -2.4596073343358205e-06, -0.07453074222943726, 0.9972187164592726, 0.007129214844767182, 0.0, 0.0, 0.0, 1.0]}, {"left_foot_pose": [0.9969536249061219, 0.07779035233457161, 0.005668409848216226, -0.006560999656436429, -0.07799660112174184, 0.9943173484842076, 0.07245371430638274, -0.015779204443282596, 1.7134413842479068e-09, -0.07267510981758685, 0.9973556679605339, 4.0163495931833104e-09, 0.0, 0.0, 0.0, 1.0], "right_foot_pose": [0.9838273592229145, 0.1789343077183961, 0.008138843026166695, -0.04661675605722009, -0.17911931008140744, 0.9828113844418036, 0.044699612610691324, -0.15066093678253226, -6.533445269391674e-07, -0.045434525780771756, 0.9989673187180097, 0.0013328060073146963, 0.0, 0.0, 0.0, 1.0]}, {"left_foot_pose": [0.996953624923378, 0.07794005315378168, 0.0029694892697247, -0.006560997859731484, -0.07799660090117562, 0.9962308302112061, 0.037956069139925386, -0.015779205625373955, 1.285793146789719e-09, -0.03807205078634219, 0.99927499665954, 4.791134169956912e-09, 0.0, 0.0, 0.0, 1.0], "right_foot_pose": [0.9835312068463316, 0.18072833068148286, 0.00190673765443382, -0.04704281412404376, -0.1807383887263529, 0.9834764735035352, 0.010375977334784707, -0.15075837773128709, 1.438625445429053e-09, -0.010549718201677381, 0.9999443501744811, 4.198847942948891e-09, 0.0, 0.0, 0.0, 1.0]}, {"left_foot_pose": [0.9969536249297594, 0.07799609162304046, 0.00028183495921543436, -0.006560996369636497, -0.07799660081961206, 0.996947116379615, 0.0036024162665239325, -0.015779206632252477, -1.6069671429177163e-10, -0.0036134241242280645, 0.9999934715617396, 5.092953211938145e-09, 0.0, 0.0, 0.0, 1.0], "right_foot_pose": [0.9835312068366296, 0.180679869640516, -0.004598900430437909, -0.04704281271451508, -0.1807383887791493, 0.9832127609332778, -0.02502601765120408, -0.15075837808016374, -1.7372679386469606e-11, 0.025445067196756512, 0.9996762218615349, 3.7336430613876814e-09, 0.0, 0.0, 0.0, 1.0]}, {"left_foot_pose": [0.9969536249135845, 0.07796469146954463, -0.0022308419315998627, -0.006560999214831875, -0.07799660102635887, 0.9965457570296211, -0.028514634393505635, -0.01577920478709243, 1.3886826770902428e-09, 0.02860176620978266, 0.9995908857976257, 3.760274217001758e-09, 0.0, 0.0, 0.0, 1.0], "right_foot_pose": [0.9835312068540519, 0.18042260586422723, -0.010679346299002364, -0.047042815395991144, -0.180738388684342, 0.981812799546056, -0.05811421085520832, -0.1507583768438022, 1.5269054215669515e-09, 0.059087307780077515, 0.9982528187084186, 3.4339567508978597e-09, 0.0, 0.0, 0.0, 1.0]}, {"left_foot_pose": [0.9966232405169292, 0.0819626625227385, -0.004923252351830976, -0.007400795352647679, -0.08211039190922709, 0.9948312050681514, -0.05973907400658081, -0.015371505324815321, 1.4315078041720884e-06, 0.05994159970199588, 0.9982018857040481, 0.0028444583751460265, 0.0, 0.0, 0.0, 1.0], "right_foot_pose": [0.9835312068608525, 0.18003285909511585, -0.015954146071582333, -0.0470428161175207, -0.18073838864733527, 0.9796918994358871, -0.08681829904385736, -0.15075837682131057, 1.070105562922687e-09, 0.08827203308943331, 0.996096405060403, 2.4672626788846408e-09, 0.0, 0.0, 0.0, 1.0]}, {"left_foot_pose": [0.9956060276236959, 0.09323208392336575, -0.0087416409599128, -0.009756230988386006, -0.09364100460169333, 0.9912623719608031, -0.09289925829536551, -0.014227983872070802, 4.068306940707464e-06, 0.09330963756198983, 0.9956371384804306, 0.00961703925314563, 0.0, 0.0, 0.0, 1.0], "right_foot_pose": [0.9835312068621497, 0.17960548315025465, -0.020204839782737804, -0.04704281643179339, -0.1807383886402733, 0.9773662307809359, -0.10994946930651561, -0.15075837669671, 5.450761693858738e-10, 0.11179052442595704, 0.9937317941218192, 1.6588996634703257e-09, 0.0, 0.0, 0.0, 1.0]}, {"left_foot_pose": [0.9938146681283836, 0.11014998374558445, -0.014120428241352111, -0.013317723271410998, -0.111051363597868, 0.9857566479715936, -0.12629895337200084, -0.012498937451652418, 7.478350108385017e-06, 0.12708584524114497, 0.991891721854467, 0.017439495345057177, 0.0, 0.0, 0.0, 1.0], "right_foot_pose": [0.9835312068603462, 0.1792218554137302, -0.02336432481135879, -0.04704281644299418, -0.1807383886500891, 0.9752786282703904, -0.12714256607130178, -0.15075837648290671, 5.912412285500499e-11, 0.12927151186973088, 0.991609235646237, 1.075788250148868e-09, 0.0, 0.0, 0.0, 1.0]}, {"left_foot_pose": [0.9911435321033658, 0.13115185885971817, -0.020825193571862605, -0.01777556932011957, -0.13279494964274655, 0.9788928506541392, -0.15535214284841592, -0.010334725623964935, 1.091078857447045e-05, 0.15674175211428126, 0.9876396220409044, 0.023433120409827417, 0.0, 0.0, 0.0, 1.0], "right_foot_pose": [0.9835312068577465, 0.17894620809768935, -0.02538936281993938, -0.04704281617495104, -0.18073838866423497, 0.9737786270441, -0.13816229722744058, -0.15075837625954389, -3.2259120115412183e-10, 0.14047576345963067, 0.9900841175781144, 7.237556803874057e-10, 0.0, 0.0, 0.0, 1.0]}, {"left_foot_pose": [0.9875472953598718, 0.15487970605448412, -0.027615504338673963, -0.02282005813297608, -0.15732240542963494, 0.972228782028038, -0.17326527680441897, -0.007885714246046425, 1.331300736154736e-05, 0.17545219305769597, 0.9844879520715374, 0.02500000966056351, 0.0, 0.0, 0.0, 1.0], "right_foot_pose": [0.9835312068566028, 0.1788237706255405, -0.02623783905847575, -0.04704281572702345, -0.1807383886704603, 0.9731123540109263, -0.14277948498338014, -0.150758376159511, -5.423478111165385e-10, 0.1451702639336917, 0.9894066881062725, 6.32376546960689e-10, 0.0, 0.0, 0.0, 1.0]}, {"left_foot_pose": [0.9830959499841385, 0.17996691719052157, -0.03367880404237895, -0.028141456832608405, -0.18309110552100966, 0.966335160483565, -0.18075952171959858, -0.005302268853992362, 1.4278632477221315e-05, 0.18387024318835163, 0.9829505244242854, 0.025000009700816915, 0.0, 0.0, 0.0, 1.0], "right_foot_pose": [0.9835312068582753, 0.1788691482336111, -0.02592668405498212, -0.04704281539947897, -0.18073838866135877, 0.9733592871641609, -0.1410862606895951, -0.1507583761507348, -5.667253285004055e-10, 0.14344868734658817, 0.9896577560442502, 7.487360870195303e-10, 0.0, 0.0, 0.0, 1.0]}, {"left_foot_pose": [0.9780059782742965, 0.20504742569324474, -0.03820811008556511, -0.033430062207351806, -0.2085768593863927, 0.9614686942127946, -0.17909116052238155, -0.0027347442149662574, 1.3720282776683687e-05, 0.1831215532517073, 0.9830902789400559, 0.025000008504867506, 0.0, 0.0, 0.0, 1.0], "right_foot_pose": [0.9835312068630448, 0.1790765385112568, -0.024453189594590963, -0.047042815042441954, -0.1807383886354048, 0.9744878513101919, -0.13306788689358068, -0.15075837617532847, -3.861962080413983e-10, 0.13529604947548077, 0.990805217485419, 1.1204523281405088e-09, 0.0, 0.0, 0.0, 1.0]}, {"left_foot_pose": [0.9726478311403101, 0.22913707213803589, -0.038110349644953266, -0.03837616854132873, -0.23228473142873243, 0.9594754461580353, -0.15953266676427563, -0.0003335039305687494, 1.1096556090857351e-05, 0.16402155465623527, 0.9864567549999437, 0.022459727929380932, 0.0, 0.0, 0.0, 1.0], "right_foot_pose": [0.9835312068672296, 0.17953710720215615, -0.020803659672574547, -0.04704281468513715, -0.18073838861263206, 0.9769941467344155, -0.1132080921506973, -0.15075837678280657, 3.541488178039586e-10, 0.11510371142657848, 0.99335347969181, 1.900138144050878e-09, 0.0, 0.0, 0.0, 1.0]}, {"left_foot_pose": [0.9675301792827669, 0.2503944640650873, -0.034466861513870704, -0.04267004389347773, -0.25275551847375377, 0.9584963428912799, -0.1319068176596915, 0.0017510915057685223, 7.623797555230706e-06, 0.13633551639100167, 0.9906627210672045, 0.015838563660690974, 0.0, 0.0, 0.0, 1.0], "right_foot_pose": [0.9835312068732673, 0.17997059661971684, -0.016641798543356498, -0.04704281432198866, -0.180738388579777, 0.979353083580968, -0.09056032560694198, -0.15075837725938823, 8.902122233515354e-10, 0.0920767181908271, 0.9957519158742337, 3.055227813797412e-09, 0.0, 0.0, 0.0, 1.0]}, {"left_foot_pose": [0.9632620453561346, 0.2671668084051634, -0.0273519370962228, -0.04600198687236673, -0.26856327366179544, 0.958254845843959, -0.09808882941819139, 0.0033686902461098414, 4.046769817763173e-06, 0.10183097221950894, 0.9948017154591432, 0.007998177212338344, 0.0, 0.0, 0.0, 1.0], "right_foot_pose": [0.9835312068751564, 0.18038820615164003, -0.01124545170688846, -0.04704281418327882, -0.1807383885694971, 0.981625605953563, -0.061194808877895045, -0.15075837760588612, 1.5467197700442798e-09, 0.06221948905040963, 0.998062490619854, 4.435129812019323e-09, 0.0, 0.0, 0.0, 1.0]}, {"left_foot_pose": [0.9604935563761151, 0.277726171159915, -0.017896983344061614, -0.048062289760492746, -0.27830222449425235, 0.9585057304421507, -0.06176274403805702, 0.004368935041642267, 1.2306708910600278e-06, 0.06430348794904978, 0.9979303890733426, 0.0018172761894351963, 0.0, 0.0, 0.0, 1.0], "right_foot_pose": [0.9835312068687665, 0.18067675188631152, -0.004719792694477997, -0.047042814336941505, -0.18073838860426575, 0.983195796232551, -0.02568386955606783, -0.15075837764779698, 2.20903771675241e-09, 0.026113934947685376, 0.9996589730510839, 5.725994962901826e-09, 0.0, 0.0, 0.0, 1.0]}, {"left_foot_pose": [0.9597722962690476, 0.2806900592356837, -0.007087309835780258, -0.04858732830527931, -0.2807795208245069, 0.9594664951366798, -0.024226130431760556, 0.004623837444384722, 2.3421413443956573e-09, 0.025241540293829325, 0.9996813815629437, 7.375215473059971e-09, 0.0, 0.0, 0.0, 1.0], "right_foot_pose": [0.9835312068285189, 0.18071970453441458, 0.0025987665209817536, -0.04704281614589262, -0.18073838882328416, 0.983429531596756, 0.014141824102582757, -0.1507583775643217, 2.530937758420615e-09, -0.014378622200300194, 0.9998966222683328, 6.111500285010951e-09, 0.0, 0.0, 0.0, 1.0]}, {"left_foot_pose": [0.9597722962781418, 0.2807474781241023, 0.0042417948961301424, -0.048587331244818364, -0.28077952079342244, 0.9596627666246553, 0.014499484726333106, 0.004623836394314533, 1.145542287733874e-09, -0.0151072128888821, 0.9998858795476268, 7.961964289260326e-09, 0.0, 0.0, 0.0, 1.0], "right_foot_pose": [0.9835312067763016, 0.18045407940256006, 0.010133633313201683, -0.04704281904581581, -0.1807383891074385, 0.9819840670450197, 0.05514459876152873, -0.15075837769121006, 1.3486946444365049e-09, -0.05606797032795497, 0.9984269541149734, 5.853732318317206e-09, 0.0, 0.0, 0.0, 1.0]}, {"left_foot_pose": [0.9597722962496897, 0.28037643916550037, 0.015039671288742545, -0.0485873272247466, -0.28077952089067815, 0.9583944650643846, 0.05140924024291569, 0.004623837241189144, 1.9999935240422697e-09, -0.05356399625520171, 0.9985644187057606, 5.965530437690436e-09, 0.0, 0.0, 0.0, 1.0], "right_foot_pose": [0.9835312068268114, 0.1799090417732545, 0.017294562325332243, -0.04704281541513308, -0.18073838883257592, 0.9790181151340939, 0.09411251267228395, -0.15075837766409883, 2.163927846662123e-09, -0.09568838449632032, 0.9954113386296564, 5.891923435252799e-09, 0.0, 0.0, 0.0, 1.0]}, {"left_foot_pose": [0.959772296232233, 0.2797118136305466, 0.024463047655972497, -0.0485873258690807, -0.2807795209503498, 0.956122614012517, 0.08362061700779465, 0.004623837838560714, 1.3686140730392655e-09, -0.08712547439975687, 0.9961973457656964, 3.901811741757744e-09, 0.0, 0.0, 0.0, 1.0], "right_foot_pose": [0.9829430985258801, 0.18235656882924578, 0.023852607093702214, -0.04811801591440484, -0.1839099373410139, 0.9746427523700537, 0.12747015415284702, -0.15026527797182546, -2.7506895591621968e-06, -0.1296826397685937, 0.9915555521175216, 0.002250300041812127, 0.0, 0.0, 0.0, 1.0]}, {"left_foot_pose": [0.9597722962331495, 0.27892790478949486, 0.032192597178410484, -0.0485873256244284, -0.2807795209472172, 0.9534430241910598, 0.1100420839409104, 0.004623837960878224, 7.019593996190452e-10, -0.1146543656000495, 0.9934054441409365, 2.3906448279320536e-09, 0.0, 0.0, 0.0, 1.0], "right_foot_pose": [0.9809038188059911, 0.19207375701729526, 0.03058382116551171, -0.05171079410412752, -0.1944934400160378, 0.968705717126664, 0.15421263047118952, -0.148617602942738, -6.523100489521549e-06, -0.15721611072462288, 0.9875642229678393, 0.008710107955141592, 0.0, 0.0, 0.0, 1.0]}, {"left_foot_pose": [0.9597722962388631, 0.27818103323781396, 0.03811104982971708, -0.04858732565546167, -0.2807795209276858, 0.9508900369295739, 0.1302727841711137, 0.004623837881364098, 1.2348258904603825e-10, -0.13573301151457887, 0.9907454514582363, 1.3233832502068665e-09, 0.0, 0.0, 0.0, 1.0], "right_foot_pose": [0.9774802787900672, 0.20765765467397107, 0.0375579955774863, -0.05733896610508023, -0.2110267861494957, 0.9618829894934608, 0.17392185041143576, -0.14603648738539335, -1.0193512458701334e-05, -0.17793092192878862, 0.984042980218681, 0.01655846284848507, 0.0, 0.0, 0.0, 1.0]}, {"left_foot_pose": [0.9597722962445705, 0.2775930491748959, 0.04218101956104831, -0.048587325851897824, -0.2807795209081773, 0.9488801655193705, 0.14418492335368124, 0.004623837732259752, -3.040665519974983e-10, -0.1502282614347798, 0.9886513386762216, 6.301962632293545e-10, 0.0, 0.0, 0.0, 1.0], "right_foot_pose": [0.9727250139922768, 0.2277513804285846, 0.043992679693318965, -0.06449518123427696, -0.23196130492956096, 0.9550814103801843, 0.18442736391754103, -0.14275460551267, -1.3003846874001456e-05, -0.1896017095362595, 0.9818610856795515, 0.02291665747967074, 0.0, 0.0, 0.0, 1.0]}, {"left_foot_pose": [0.9597722962549549, 0.2773190596144539, 0.04394631402117139, -0.048587326186426395, -0.280779520872681, 0.9479436030468308, 0.15021912694827202, 0.0046238376051697914, -2.3245772933048494e-10, -0.15651538140754254, 0.9876755213038607, 3.457350725155628e-10, 0.0, 0.0, 0.0, 1.0], "right_foot_pose": [0.966742930728534, 0.2512231933025362, 0.04790629429710843, -0.07267208885158978, -0.2557500844326227, 0.9496414795923566, 0.1810330206076939, -0.1390046276664731, -1.4110667824480532e-05, -0.18726443171226098, 0.9823095400210529, 0.02500000646945775, 0.0, 0.0, 0.0, 1.0]}, {"left_foot_pose": [0.9597722962515048, 0.2772746947882808, 0.04422536577780213, -0.04858732644959636, -0.28077952088447344, 0.947791953306889, 0.15117299328450798, 0.004623837641261625, -2.4306220101416723e-10, -0.1575092279099176, 0.9875175153500936, 2.7903851451682726e-10, 0.0, 0.0, 0.0, 1.0], "right_foot_pose": [0.959747830022033, 0.2764030968484235, 0.04985409532425529, -0.08136231615806006, -0.28086313851812944, 0.9445159597766049, 0.17031000895139675, -0.13501923592526927, -1.3774795534622846e-05, -0.17745683920288854, 0.9841285840937531, 0.02500000751459934, 0.0, 0.0, 0.0, 1.0]}, {"left_foot_pose": [0.9597722962453884, 0.2775015073040159, 0.04277911644546757, -0.04858732668325806, -0.2807795209053813, 0.9485672531721916, 0.1462293638415642, 0.004623837664806442, -1.0166958522353966e-10, -0.15235839213303445, 0.9883253109915974, 4.832700628565334e-10, 0.0, 0.0, 0.0, 1.0], "right_foot_pose": [0.9520950370555316, 0.30171130311724204, 0.04985308401214248, -0.09005851320834661, -0.30580228949962124, 0.9393645734410456, 0.15517460456115825, -0.13103110769897433, -1.2288844937130018e-05, -0.1629861581092637, 0.986628355620173, 0.025000007563957143, 0.0, 0.0, 0.0, 1.0]}, {"left_foot_pose": [0.9597722962379186, 0.27797554526715945, 0.03958201116188044, -0.04858732661238416, -0.2807795209309142, 0.9501876293098321, 0.13530088592602918, 0.0046238378233758645, 1.911949279490112e-10, -0.14097186009976473, 0.9900136032701841, 9.814517115680488e-10, 0.0, 0.0, 0.0, 1.0], "right_foot_pose": [0.9442904314051376, 0.32577861631865335, 0.04673194096335745, -0.09825332957552757, -0.32911332556078, 0.9347267039449338, 0.1340537499310027, -0.12727291273094768, -9.747980779620693e-06, -0.14196577785418377, 0.9898715663272855, 0.023024937869127113, 0.0, 0.0, 0.0, 1.0]}, {