{"LoopMode": "Wrap", "FrameDuration": 0.0167, "EnableCycleOffsetPosition": true, "EnableCycleOffsetRotation": false, "Debug_info": [{"left_foot_pose": [1.0000000000000004, 1.1350951308617888e-13, -6.723510637129952e-12, 9.4366381108926e-13, -4.6139498256740337e-14, 0.9999502941153526, 0.009970421185718234, 4.938237319063177e-14, 6.724077146424234e-12, -0.009970421185718406, 0.9999502941153529, 1.4401396741803296e-11, 0.0, 0.0, 0.0, 1.0], "right_foot_pose": [1.0, -1.7236026031300492e-13, -6.775857652741023e-12, -8.716862412658788e-14, 7.432744702520958e-14, 0.9998952319539915, -0.014474982406670205, -0.14000000000170787, 6.7773916610648305e-12, 0.014474982406670053, 0.9998952319539918, 1.2053066877903973e-11, 0.0, 0.0, 0.0, 1.0]}, {"left_foot_pose": [1.0000000000000004, 1.8414173349120556e-13, -1.4967804773391442e-11, 2.53618756646241e-12, -7.4004587257619e-14, 0.999973091646821, 0.007335937724609904, 8.863309391982099e-13, 1.4968397606463493e-11, -0.0073359377246100775, 0.9999730916468212, 3.1235958264375085e-11, 0.0, 0.0, 0.0, 1.0], "right_foot_pose": [0.9999999999999999, -4.2246087751192346e-13, -1.5058898572561926e-11, 4.109586242043069e-13, 1.6480679970916504e-13, 0.9998536131689106, -0.01711000388879722, -0.1400000000030135, 1.5063900889341294e-11, 0.017110003888797066, 0.9998536131689106, 2.7825658444058377e-11, 0.0, 0.0, 0.0, 1.0]}, {"left_foot_pose": [1.0000000000000007, 1.7097127580157329e-13, -2.6265267738523344e-11, 4.8821947901957616e-12, -7.434463594599913e-14, 0.9999932791598647, 0.003666283554472674, 2.3418992439738773e-12, 2.6265397638445283e-11, -0.003666283554472848, 0.9999932791598649, 5.420499465946804e-11, 0.0, 0.0, 0.0, 1.0], "right_foot_pose": [0.9999999999999998, -8.680603091847091e-13, -2.642208674075163e-11, 1.3122362675000153e-12, 3.188505720204622e-13, 0.9997840427191818, -0.020781432195341492, -0.14000000000448376, 2.6434287080864536e-11, 0.020781432195341343, 0.9997840427191816, 4.972704886752055e-11, 0.0, 0.0, 0.0, 1.0]}, {"left_foot_pose": [1.0000000000000004, -2.705147648057209e-14, -4.045969115296089e-11, 8.00169258922163e-12, -1.3860292675796917e-14, 0.9999994804537535, -0.0010193587316954414, 4.507595685598886e-12, 4.045953480494701e-11, 0.0010193587316952677, 0.9999994804537538, 8.31162291770049e-11, 0.0, 0.0, 0.0, 1.0], "right_foot_pose": [1.0, -1.6058232361454037e-12, -4.072775450225662e-11, 2.6675180383775373e-12, 5.67990619415344e-13, 0.9996755595631112, -0.025471074028794193, -0.1400000000059799, 4.075521226535275e-11, 0.025471074028794047, 0.9996755595631114, 7.746953079035279e-11, 0.0, 0.0, 0.0, 1.0]}, {"left_foot_pose": [1.0000000000000004, -5.358447489639365e-13, -5.7709670375771793e-11, 1.1996449644655523e-11, 1.4886095349212055e-13, 0.9999774790868072, -0.006711282976811098, 7.547455715961604e-12, 5.771168032525287e-11, 0.006711282976810924, 0.9999774790868072, 1.184398482068083e-10, 0.0, 0.0, 0.0, 1.0], "right_foot_pose": [0.9999999999999999, -2.7703202058457278e-12, -5.815975478995481e-11, 4.575062649897418e-12, 9.561707228567956e-13, 0.9995140827526344, -0.03117047287353878, -0.14000000000736942, 5.821774573834418e-11, 0.031170472873538628, 0.9995140827526344, 1.1138900912754934e-10, 0.0, 0.0, 0.0, 1.0]}, {"left_foot_pose": [1.0000000000000004, -1.5221624977488591e-12, -7.852229977345358e-11, 1.7069707092612164e-11, 4.685441661443376e-13, 0.9999099394639744, -0.013420617018309305, 1.172532730631115e-11, 7.853525694829019e-11, 0.01342061701830913, 0.9999099394639744, 1.6139818648230886e-10, 0.0, 0.0, 0.0, 1.0], "right_foot_pose": [0.9999999999999998, -4.551844351657307e-12, -7.926126421864407e-11, 7.199940299132615e-12, 1.5452543572146687e-12, 0.9992818288979078, -0.03789230046397832, -0.14000000000850366, 7.937677709359504e-11, 0.03789230046397818, 0.9992818288979077, 1.5253101559586923e-10, 0.0, 0.0, 0.0, 1.0]}, {"left_foot_pose": [1.0000000000000002, -3.2201556363188788e-12, -1.0376322023830649e-10, 2.354430485397317e-11, 1.0217598083179689e-12, 0.9997756159441562, -0.02118295927116812, 1.743542463183978e-11, 1.0380778530842234e-10, 0.021182959271167937, 0.9997756159441563, 2.1402535299586134e-10, 0.0, 0.0, 0.0, 1.0], "right_foot_pose": [1.0, -7.2245880715970574e-12, -1.0494716207176676e-10, 1.0796377307857831e-11, 2.423752080348551e-12, 0.9989563954300411, -0.04567406298348388, -0.1400000000091845, 1.0516750307233724e-10, 0.04567406298348373, 0.9989563954300411, 2.0268849793003696e-10, 0.0, 0.0, 0.0, 1.0]}, {"left_foot_pose": [1.0000000000000002, -5.968201216103306e-12, -1.346462941143044e-10, 3.1882937390423026e-11, 1.9185335292077918e-12, 0.9995481324962251, -0.03005878945183269, 2.5238146642014847e-11, 1.3476461116946347e-10, 0.030058789451832508, 0.9995481324962252, 2.7921356893223503e-10, 0.0, 0.0, 0.0, 1.0], "right_foot_pose": [0.9999999999999998, -1.1185431214010045e-11, -1.3650425234601463e-10, 1.573588581128923e-11, 3.718619368523089e-12, 0.9985094766957491, -0.05457861255823157, -0.14000000000911672, 1.3691114521688025e-10, 0.05457861255823142, 0.9985094766957489, 2.6441326211879e-10, 0.0, 0.0, 0.0, 1.0]}, {"left_foot_pose": [1.0000000000000002, -1.0256303121515267e-11, -1.727162857179108e-10, 4.2714430196952303e-11, 3.316955917873736e-12, 0.9991943941824454, -0.04013181573735236, 3.5899928862992425e-11, 1.7298858033403437e-10, 0.040131815737352194, 0.9991943941824457, 3.607797186000461e-10, 0.0, 0.0, 0.0, 1.0], "right_foot_pose": [1.0, -1.7004280994527094e-11, -1.7557866271999945e-10, 2.254337008722e-11, 5.610076329954536e-12, 0.9979052384954005, -0.06469261923464016, -0.14000000000784818, 1.763109530521044e-10, 0.06469261923464001, 0.9979052384954005, 3.4103130736040654e-10, 0.0, 0.0, 0.0, 1.0]}, {"left_foot_pose": [1.0, -1.677710125667973e-11, -2.1973589614532304e-10, 5.684992103332906e-11, 5.437794415260646e-12, 0.9986727649311552, -0.05150445208680928, 5.0410812676982e-11, 2.2030823114701373e-10, 0.051504452086809115, 0.9986727649311551, 4.633924702290848e-10, 0.0, 0.0, 0.0, 1.0], "right_foot_pose": [0.9999999999999996, -2.5476805389680524e-11, -2.2407975475147153e-10, 3.193175374356962e-11, 8.34551841471168e-12, 0.9970984975128689, -0.07612217980049862, -0.14000000000469917, 2.2536877078059398e-10, 0.07612217980049849, 0.9970984975128688, 4.3650776049286577e-10, 0.0, 0.0, 0.0, 1.0]}, {"left_foot_pose": [1.0000000000000002, -2.6444246047135827e-11, -2.7724372797521777e-10, 7.523318193657775e-11, 8.566635620307984e-12, 0.9979314275823472, -0.0642873692373478, 6.989254314193616e-11, 2.7836974790398726e-10, 0.0642873692373476, 0.9979314275823475, 5.918810996874413e-10, 0.0, 0.0, 0.0, 1.0], "right_foot_pose": [0.9999999999999999, -3.763358159663955e-11, -2.837345913775378e-10, 4.478964956781704e-11, 1.2236973267232312e-11, 0.9960331931200344, -0.08898246008685357, -0.13999999999870485, 2.859576013133426e-10, 0.0889824600868534, 0.9960331931200345, 5.547152806539835e-10, 0.0, 0.0, 0.0, 1.0]}, {"left_foot_pose": [1.0000000000000004, -4.0266184952423145e-11, -3.4535091453236005e-10, 9.870654796364043e-11, 1.3005887257263595e-11, 0.9969081568370723, -0.07857561219431997, 9.519295768312119e-11, 3.4744696806366916e-10, 0.0785756121943198, 0.9969081568370723, 7.489673534144536e-10, 0.0, 0.0, 0.0, 1.0], "right_foot_pose": [0.9999999999999998, -5.4573692646317834e-11, -3.548581428702843e-10, 6.201835508675695e-11, 1.7598390437096954e-11, 0.9946425840884825, -0.10337373901424977, -0.13999999998867863, 3.5859819576576184e-10, 0.10337373901424961, 0.9946425840884824, 6.972453725495598e-10, 0.0, 0.0, 0.0, 1.0]}, {"left_foot_pose": [1.0000000000000004, -5.874011906886332e-11, -4.1961373264953646e-10, 1.272622800021152e-10, 1.8869583330882436e-11, 0.9955350130069245, -0.09439299697172351, 1.25622455146579e-10, 4.232845735440947e-10, 0.09439299697172335, 0.9955350130069246, 9.286648880446613e-10, 0.0, 0.0, 0.0, 1.0], "right_foot_pose": [0.9999999999999999, -7.672630418196558e-11, -4.330968916832485e-10, 8.390253795924424e-11, 2.4498811057893448e-11, 0.9928552197881112, -0.11932523848499682, -0.1399999999737084, 4.3915752717137677e-10, 0.11932523848499664, 0.9928552197881112, 8.573651649745884e-10, 0.0, 0.0, 0.0, 1.0]}, {"left_foot_pose": [1.0000000000000002, -7.987089999497253e-11, -4.83374618109876e-10, 1.5791303024295975e-10, 2.5445378532148886e-11, 0.9937572345792312, -0.11156414621839689, 1.5557092593321276e-10, 4.892673533844106e-10, 0.1115641462183967, 0.9937572345792313, 1.0986037288218675e-09, 0.0, 0.0, 0.0, 1.0], "right_foot_pose": [0.9999999999999997, -1.0148536823602462e-10, -5.013418014065956e-10, 1.0819427666669324e-10, 3.201722103086378e-11, 0.9906172823262233, -0.13666528438710235, -0.13999999995494125, 5.105071839881694e-10, 0.13666528438710224, 0.990617282326223, 1.0044088408212026e-09, 0.0, 0.0, 0.0, 1.0]}, {"left_foot_pose": [1.0000000000000004, -9.414274419993156e-11, -4.922625085335125e-10, 1.7947370654710435e-10, 2.964248488045486e-11, 0.9915898042761654, -0.12942047772882273, 1.6725982057708144e-10, 5.003062017830958e-10, 0.12942047772882254, 0.9915898042761654, 1.1606764091509625e-09, 0.0, 0.0, 0.0, 1.0], "right_foot_pose": [1.0, -1.1727434798356896e-10, -5.131676195091465e-10, 1.2532642677125562e-10, 3.646380095272349e-11, 0.987958021157967, -0.15472216528226973, -0.13999999994028395, 5.251330001593349e-10, 0.15472216528226956, 0.9879580211579672, 1.0502611558216302e-09, 0.0, 0.0, 0.0, 1.0]}, {"left_foot_pose": [0.9999999939481934, 0.00010876960785363078, -1.6516245277044967e-05, -3.165344314310336e-05, -0.00011001563495111332, 0.9892291058571399, -0.14637542150799973, 1.341243496767383e-05, 4.171533506040813e-07, 0.14637542243920895, 0.9892291118368738, 0.00016386112534412522, 0.0, 0.0, 0.0, 1.0], "right_foot_pose": [1.0, -1.0023617848098442e-10, -3.9587949585140274e-10, 4.608906203588483e-11, 3.078799269044909e-11, 0.9851546930511995, -0.17166895688853373, -0.13999999999467833, 4.072098888119069e-10, 0.17166895688853354, 0.9851546930511996, 8.006333582222247e-10, 0.0, 0.0, 0.0, 1.0]}, {"left_foot_pose": [0.9999951745188744, 0.00306301483478773, -0.0005185355229680478, -0.0008939437801155475, -0.003106595120667075, 0.9860948797714064, -0.16615425710878698, 0.0003788043350822605, 2.3922697910354574e-06, 0.1661550662144807, 0.9860996369361162, 0.0041912093523170865, 0.0, 0.0, 0.0, 1.0], "right_foot_pose": [1.0, -6.541287270265375e-11, -2.1944007722041153e-10, -1.8089034876204635e-10, 2.3543881319816296e-11, 0.9826217318234595, -0.1856193205145022, -0.14000000011881347, 2.2776823471514206e-10, 0.185619320514502, 0.9826217318234596, 4.4216361821947103e-10, 0.0, 0.0, 0.0, 1.0]}, {"left_foot_pose": [0.9999535832868641, 0.00946057238832033, -0.0018245113995386118, -0.0027725838820031076, -0.009634897595767746, 0.9819491792894054, -0.188899386026486, 0.0011748781583487758, 4.4811557680659305e-06, 0.1889081969183698, 0.9819947520821948, 0.011469802794964574, 0.0, 0.0, 0.0, 1.0], "right_foot_pose": [0.9999999999999997, -2.0941466987307354e-11, -1.731681464889321e-11, -2.6531041097028193e-10, 1.7151632529890293e-11, 0.980699901111583, -0.19551906290623264, -0.1400000000854554, 2.1076892779373146e-11, 0.1955190629062325, 0.9806999011115831, 2.1693284668611312e-10, 0.0, 0.0, 0.0, 1.0]}, {"left_foot_pose": [0.9998206956296907, 0.018508818060449867, -0.004000030570790755, -0.005449423443873574, -0.018936117562163166, 0.9773318050149106, -0.21086480587800674, 0.0023091924602920005, 6.49877051744699e-06, 0.21090274194590888, 0.9775070503057582, 0.019120927661211325, 0.0, 0.0, 0.0, 1.0], "right_foot_pose": [0.9999999999999998, 1.2801532929804653e-11, 1.425796147813684e-10, -2.1980280838151152e-10, 1.6070795327514754e-11, 0.97965835738941, -0.20067262592860963, -0.13999999994565898, -1.4224851953378118e-10, 0.20067262592860952, 0.9796583573894097, 1.200790161748344e-10, 0.0, 0.0, 0.0, 1.0]}, {"left_foot_pose": [0.9995423503528156, 0.02946354538173054, -0.006854877439376246, -0.008706311397328708, -0.030250451005114302, 0.9736016315609054, -0.22624052076480686, 0.003689301203762159, 8.072008386080909e-06, 0.22634434500442566, 0.9740473486537304, 0.024265880068123934, 0.0, 0.0, 0.0, 1.0], "right_foot_pose": [0.9999999999999998, 1.8143666521477646e-11, 2.1241786107850647e-10, -3.195985573237881e-11, 2.4831940195363842e-11, 0.9796772747666984, -0.200580251534629, -0.1399999998086967, -2.117404326895484e-10, 0.20058025153462886, 0.9796772747666982, 1.6130314445250704e-10, 0.0, 0.0, 0.0, 1.0]}, {"left_foot_pose": [0.9990829212798894, 0.04167069964395748, -0.009842215097523055, -0.012325081341630566, -0.04281724336803731, 0.9723769923285167, -0.22945515566339153, 0.00522275406710376, 8.786640972998635e-06, 0.22966614374202388, 0.9732694705688985, 0.02500000406216136, 0.0, 0.0, 0.0, 1.0], "right_foot_pose": [1.0, -1.4452825634064518e-11, 1.6211676445720976e-10, 2.1688469499430218e-10, 4.577050475622053e-11, 0.9808253685243093, -0.1948886770932399, -0.139999999760072, -1.5619192431704132e-10, 0.19488867709323973, 0.9808253685243093, 3.8761593934566463e-10, 0.0, 0.0, 0.0, 1.0]}, {"left_foot_pose": [0.9984377238349299, 0.05443447599553011, -0.012609498261919311, -0.016087572021137385, -0.05587585836045402, 0.9727170094635842, -0.22516551235192536, 0.00681710971293099, 8.706763028087556e-06, 0.2255183081776612, 0.9742389299349923, 0.02500000396591484, 0.0, 0.0, 0.0, 1.0], "right_foot_pose": [1.0, -8.220887696042489e-11, -1.6623202814258236e-11, 4.2468941373994015e-10, 7.775660715034047e-11, 0.9829842697129817, -0.18368975338008534, -0.139999999693279, 3.1441149545211306e-11, 0.18368975338008514, 0.9829842697129814, 8.000713147549021e-10, 0.0, 0.0, 0.0, 1.0]}, {"left_foot_pose": [0.9976396486035775, 0.06707117342555007, -0.014716970797385615, -0.019775634326226716, -0.0686668149276029, 0.9744815796644146, -0.2137066199780588, 0.008379925129347154, 7.863179774722968e-06, 0.21421276476920764, 0.9767870245596548, 0.0249102725304986, 0.0, 0.0, 0.0, 1.0], "right_foot_pose": [0.9999999999999999, -1.800897718209818e-10, -3.4698993678361365e-10, 6.762606704754924e-10, 1.1971376297392634e-10, 0.9860018472446284, -0.16673439126401193, -0.13999999970076013, 3.721596540752717e-10, 0.1667343912640118, 0.9860018472446284, 1.4326400760156233e-09, 0.0, 0.0, 0.0, 1.0]}, {"left_foot_pose": [0.9967600162950093, 0.07896592384697088, -0.01529224596216446, -0.023171109012440714, -0.08043301484644573, 0.9785938225024969, -0.18943246997984278, 0.009818750807379433, 6.18743219073008e-06, 0.19004871331042206, 0.9817746617889309, 0.021163834818230365, 0.0, 0.0, 0.0, 1.0], "right_foot_pose": [1.0, -2.915945302204069e-10, -8.532783368764265e-10, 1.0791923634439822e-09, 1.6617289911991922e-10, 0.989657058246513, -0.1434535013963014, -0.1400000001055094, 8.862829963180647e-10, 0.1434535013963012, 0.9896570582465128, 2.3875407345608224e-09, 0.0, 0.0, 0.0, 1.0]}, {"left_foot_pose": [0.9959036685863791, 0.08932331016079345, -0.014043829894681979, -0.026055835717133508, -0.09042058880401355, 0.9838250856520774, -0.1546360823417967, 0.011041150355075096, 4.065403952088712e-06, 0.15527249306816107, 0.9878716783468748, 0.013996812310345809, 0.0, 0.0, 0.0, 1.0], "right_foot_pose": [0.9999999999999999, -3.711947519065094e-10, -1.4962698302589647e-09, 1.3449677518733323e-09, 1.987645138739035e-10, 0.993522766647199, -0.1136332352513798, -0.1400000004995877, 1.5287579906594546e-09, 0.11363323525137967, 0.993522766647199, 3.6439235379104318e-09, 0.0, 0.0, 0.0, 1.0]}, {"left_foot_pose": [0.9951983539344686, 0.09722505706447447, -0.011292679262891559, -0.028211667551727767, -0.09787868165235536, 0.9885549060119793, -0.11479965800317041, 0.011954685011022318, 2.0301870106022956e-06, 0.11535374323556964, 0.9933244756460107, 0.006287910159674767, 0.0, 0.0, 0.0, 1.0], "right_foot_pose": [1.0, -3.689496765745206e-10, -2.2211817940487297e-09, 1.386774856309447e-09, 1.9586344236814926e-10, 0.9969980483783761, -0.07742668486839249, -0.1400000007305266, 2.2430803373414824e-09, 0.07742668486839233, 0.9969980483783761, 5.04537950307693e-09, 0.0, 0.0, 0.0, 1.0]}, {"left_foot_pose": [0.9947784425002976, 0.10178486777519317, -0.007462642204260133, -0.02942044928969384, -0.10205807335254424, 0.9921158159612828, -0.07273484297807789, 0.012466911233777588, 4.989845333681077e-07, 0.07311667669872202, 0.9973233936834566, 0.0009158378200580589, 0.0, 0.0, 0.0, 1.0], "right_foot_pose": [1.0, -2.3678132918136805e-10, -2.8761085735240483e-09, 1.104914740935392e-09, 1.3426401953722515e-10, 0.9993663928822969, -0.03559231345987961, -0.14000000065751808, 2.882713871861999e-09, 0.03559231345987944, 0.9993663928822971, 6.213692900491896e-09, 0.0, 0.0, 0.0, 1.0]}, {"left_foot_pose": [0.9947136430247078, 0.10264509169144777, -0.0029586368768885615, -0.029602605683907282, -0.10268772263768886, 0.9943006871533253, -0.028659643157427108, 0.01254410463461213, 2.9799887660914954e-09, 0.028811953735911847, 0.9995848494859858, 7.19072656973907e-09, 0.0, 0.0, 0.0, 1.0], "right_foot_pose": [0.9999999999999999, 1.64890930388661e-11, -3.163992012833461e-09, 8.689499058828992e-10, 1.4258640271710675e-11, 0.9999527815215769, 0.0097177532002975, -0.1400000005740846, 3.1640027948351123e-09, -0.009717753200297654, 0.9999527815215767, 6.712250866236502e-09, 0.0, 0.0, 0.0, 1.0]}, {"left_foot_pose": [0.9947136430183509, 0.10267548180691649, 0.0015855058749347235, -0.029602605530502583, -0.10268772269926825, 0.9945950677286342, 0.015358478333245038, 0.012544104417546302, 2.8396218277205746e-09, -0.015440099921704104, 0.9998807945522352, 6.583105005564249e-09, 0.0, 0.0, 0.0, 1.0], "right_foot_pose": [0.9999999999999999, 2.1550784489611708e-10, -2.9620958463816306e-09, 9.12456744888146e-10, -5.197880774998817e-11, 0.9984810247359696, 0.055096671788846814, -0.14000000075322286, 2.9694700570330623e-09, -0.05509667178884698, 0.9984810247359697, 6.583388507952481e-09, 0.0, 0.0, 0.0, 1.0]}, {"left_foot_pose": [0.9947136430142736, 0.10252090473165179, 0.005850854149267774, -0.029602605354430836, -0.10268772273875955, 0.9930977119637255, 0.05667597454955233, 0.012544104273347392, 2.3186966093884557e-09, -0.05697717600423457, 0.9983754811765881, 5.230789010268744e-09, 0.0, 0.0, 0.0, 1.0], "right_foot_pose": [0.9999999994612809, 3.265211685388031e-05, 3.3581504554900376e-06, -6.741134790930459e-06, -3.2823909296699176e-05, 0.9952693133738838, 0.0971544789439405, -0.13999294675812335, -1.6996469902006297e-07, -0.09715447900182934, 0.9952693139094837, 3.7404089154806364e-05, 0.0, 0.0, 0.0, 1.0]}, {"left_foot_pose": [0.9947136430124235, 0.10224289429705069, 0.009547720707919309, -0.02960260508041035, -0.10268772275668717, 0.9904046849764406, 0.09248671024403496, 0.012544104592117094, 1.6193928011842439e-09, -0.09297822617409164, 0.9956681422329031, 3.5008858242924212e-09, 0.0, 0.0, 0.0, 1.0], "right_foot_pose": [0.9999943010544786, 0.0033465209736494896, 0.00044570835493488016, -0.0006934948755972184, -0.0033760706996587594, 0.9913303362019359, 0.13134978748512466, -0.13927446399766993, -2.2793946423639925e-06, -0.1313505436727594, 0.9913359847557613, 0.003492989311413501, 0.0, 0.0, 0.0, 1.0]}, {"left_foot_pose": [0.9947136430136949, 0.10191472096234139, 0.012576090552799731, -0.02960260497653514, -0.10268772274436737, 0.9872257416513626, 0.12182186428754722, 0.012544104595775946, 9.82914747123504e-10, -0.12246928052408015, 0.9924723045646738, 2.1279483800040744e-09, 0.0, 0.0, 0.0, 1.0], "right_foot_pose": [0.9999338517064202, 0.011358966049862385, 0.0018072359670254466, -0.0023627074801759003, -0.011501834177940247, 0.9875774030729042, 0.15671177604226808, -0.13752813778819, -4.701659377245768e-06, -0.15672219635411233, 0.9876427254568514, 0.010538497025106265, 0.0, 0.0, 0.0, 1.0]}, {"left_foot_pose": [0.9947136430163377, 0.10159815109790558, 0.014919252349021308, -0.029602605008207702, -0.10268772271876792, 0.9841591989631161, 0.14451955818889017, 0.012544104420569508, 4.685357018048261e-10, -0.1452876002615703, 0.9893894648773229, 1.1328829749301939e-09, 0.0, 0.0, 0.0, 1.0], "right_foot_pose": [0.9997260101383397, 0.023056000916220672, 0.004040479504635688, -0.004808689786522023, -0.023407362219983303, 0.9847697585518452, 0.1722806374368368, -0.13496915770250667, -6.8394916231891765e-06, -0.17232801125612632, 0.9850396217867228, 0.01829520827108111, 0.0, 0.0, 0.0, 1.0]}, {"left_foot_pose": [0.9947136430190294, 0.1013400992629449, 0.016581696933312743, -0.029602605135187268, -0.10268772269269442, 0.9816595077058993, 0.16062329388603788, 0.012544104192331856, 9.786782130009432e-11, -0.1614769185115593, 0.9868764891251655, 4.801417735622593e-10, 0.0, 0.0, 0.0, 1.0], "right_foot_pose": [0.9992743992416484, 0.03749670349336009, 0.006683730049441136, -0.007825756787858802, -0.03808772707965717, 0.9838056573305283, 0.17514495039924075, -0.13181270977994944, -8.133161230768379e-06, -0.17527243317640695, 0.9845199714085406, 0.02388441765804461, 0.0, 0.0, 0.0, 1.0]}, {"left_foot_pose": [0.9947136430208672, 0.1011724800785071, 0.01757548471364579, -0.029602605317775515, -0.10268772267489164, 0.980035817625075, 0.1702498980434241, 0.01254410407610356, -1.1332900217391782e-10, -0.17115468280685736, 0.985244170017405, 1.3244722679717214e-10, 0.0, 0.0, 0.0, 1.0], "right_foot_pose": [0.998511805514607, 0.05380406246480223, 0.00890489248914849, -0.011208225395171665, -0.05453598977798822, 0.9851352484677356, 0.16289373236975127, -0.12827397897176726, -8.178923329034011e-06, -0.163136951941296, 0.9866034334241944, 0.02500000169409257, 0.0, 0.0, 0.0, 1.0]}, {"left_foot_pose": [0.9947136430215499, 0.10110535036594161, 0.017957631084805643, -0.029602605503334708, -0.10268772266828068, 0.9793855468662519, 0.1739516662831831, 0.012544104048035565, -1.741146381352313e-10, -0.1748761239188298, 0.9845904434246392, 6.309466837883804e-12, 0.0, 0.0, 0.0, 1.0], "right_foot_pose": [0.9974230144848314, 0.07101692889495369, 0.010194409562147918, -0.014750403965269967, -0.07174489615113454, 0.9873168619349525, 0.14162656535827112, -0.12456815990156364, -7.2287364949387695e-06, -0.14199299260613835, 0.9898676628714056, 0.02500000276587041, 0.0, 0.0, 0.0, 1.0]}, {"left_foot_pose": [0.994713643021236, 0.10114011709129134, 0.01776077425626916, -0.029602605650773172, -0.10268772267132142, 0.9797223244324655, 0.17204475761041185, 0.012544104015173287, -1.0841256407237945e-10, -0.172959081066614, 0.9849290107802663, 9.20068049525824e-11, 0.0, 0.0, 0.0, 1.0], "right_foot_pose": [0.996057539973586, 0.08812093162157217, 0.010201885703836785, -0.018246605968493923, -0.08870950924450202, 0.9894560669405333, 0.11448718078531753, -0.12091044196759405, -5.600674365720676e-06, -0.11494082392569059, 0.9933723405470459, 0.024992553601413565, 0.0, 0.0, 0.0, 1.0]}, {"left_foot_pose": [0.9947136430200846, 0.10127470973537869, 0.016976500161328185, -0.029602605784281904, -0.1026877226824742, 0.9810260936912496, 0.16444766677327993, 0.012544104143155977, 8.130725215933213e-11, -0.16532161584288774, 0.98623970886144, 3.9322444606026963e-10, 0.0, 0.0, 0.0, 1.0], "right_foot_pose": [0.9945322301837012, 0.10408217337579609, 0.008517294828970293, -0.021491149200999104, -0.10443008720292248, 0.9912216721605683, 0.08107992060921422, -0.1175160079135518, -3.552868512770835e-06, -0.08152605610832182, 0.9966712106621723, 0.021837795303138105, 0.0, 0.0, 0.0, 1.0]}, {"left_foot_pose": [0.9947136430186949, 0.10149304186619763, 0.015618285604494747, -0.029602605813580554, -0.10268772269593503, 0.9831410290445309, 0.15129094029975618, 0.012544104300082584, 3.5670497793880764e-10, -0.1520949685624348, 0.9883658839407566, 8.40200929663748e-10, 0.0, 0.0, 0.0, 1.0], "right_foot_pose": [0.9930238042809307, 0.11779145739759642, 0.005375564675269352, -0.024278335586920316, -0.11791405399193398, 0.991991971074701, 0.04525710103968792, -0.11460005941116663, -1.6171088049353062e-06, -0.04557523326851435, 0.9989609092001077, 0.014923781770213002, 0.0, 0.0, 0.0, 1.0]}, {"left_foot_pose": [0.9947136430187641, 0.10176533279630275, 0.013732641158846594, -0.029602605534151512, -0.10268772269526595, 0.9857786517337201, 0.13302511565005248, 0.012544104381075075, 6.780831412049444e-10, -0.13373207104844936, 0.9910175241503523, 1.3245541191642118e-09, 0.0, 0.0, 0.0, 1.0], "right_foot_pose": [0.9917514471858955, 0.12816712421799967, 0.0015017570941019628, -0.02640247802788138, -0.12817592209382164, 0.9916834002029427, 0.011617519413750593, -0.1123777875585015, -2.8352755094452443e-07, -0.011714180791595011, 0.9999313866302537, 0.007129216576672745, 0.0, 0.0, 0.0, 1.0]}, {"left_foot_pose": [0.9947136430185616, 0.10205076324873487, 0.011419724738071565, -0.029602605435537374, -0.10268772269722701, 0.9885435543398298, 0.11062039947692213, 0.012544104240933931, 9.15343910807193e-10, -0.11120828608303968, 0.9937971206974158, 1.7796919424273305e-09, 0.0, 0.0, 0.0, 1.0], "right_foot_pose": [0.9909495873580257, 0.13421207445711034, -0.002456498499328935, -0.027657891845047685, -0.13423455335686765, 0.9907836704645525, -0.018132926566648475, -0.11106437985728101, 2.0090916732107299e-07, 0.018298563077692793, 0.9998325672777676, 0.0013328063865684844, 0.0, 0.0, 0.0, 1.0]}, {"left_foot_pose": [0.994713643020842, 0.10230498560460236, 0.008857669481737378, -0.02960260497726708, -0.10268772267513547, 0.9910061514651352, 0.08580232729976903, 0.01254410407049472, 9.15197111067828e-10, -0.08625831947530874, 0.9962728051699978, 1.933737683867953e-09, 0.0, 0.0, 0.0, 1.0], "right_foot_pose": [0.990783654016064, 0.13531998626645803, -0.006020984256850357, -0.02791067126220125, -0.13545387013509655, 0.9898043545061667, -0.04404076368610488, -0.11079992571540431, 8.986753612384568e-10, 0.0444504343901897, 0.9990115909650515, 1.9941377299437235e-09, 0.0, 0.0, 0.0, 1.0]}, {"left_foot_pose": [0.9947136430223221, 0.10249588538882623, 0.006273903380008764, -0.02960260468768624, -0.10268772266079829, 0.9928553566720764, 0.06077394460049452, 0.012544104152630374, 6.823142052777319e-10, -0.061096924684681815, 0.9981318378821887, 1.8063805243273556e-09, 0.0, 0.0, 0.0, 1.0], "right_foot_pose": [0.990783654016657, 0.13512624466701198, -0.009415356370953384, -0.02791067096518908, -0.13545387013076152, 0.9883872226188474, -0.06886905858511452, -0.11079992559096054, 6.730940608171164e-10, 0.0695096839727528, 0.9975812768060596, 1.9415780511122804e-09, 0.0, 0.0, 0.0, 1.0]}, {"left_foot_pose": [0.9947136430221906, 0.10261309451908512, 0.0039142328417688865, -0.029602605429498694, -0.10268772266206995, 0.993990736179384, 0.0379163289895664, 0.012544104112369447, 6.664556206231737e-10, -0.03811783339572999, 0.9992732513067768, 1.4775874135342093e-09, 0.0, 0.0, 0.0, 1.0], "right_foot_pose": [0.9907836540168827, 0.1348765383743926, -0.012492811096561978, -0.0279106717296702, -0.13545387012910837, 0.9865607344062955, -0.09137924487955433, -0.11079992565571051, 6.616029822437828e-10, 0.09222926175488948, 0.9957377984570779, 1.4229014563826858e-09, 0.0, 0.0, 0.0, 1.0]}, {"left_foot_pose": [0.9945022710878045, 0.10470706277385211, 0.0012898862245854241, -0.028478293268968356, -0.10471500752604572, 0.9944268345602979, 0.012248996089759566, 0.013630183949555088, -1.4107277047742456e-07, -0.01231672487552689, 0.9999241462672668, 0.002844459314198848, 0.0, 0.0, 0.0, 1.0], "right_foot_pose": [0.99078365401664, 0.13461678219349466, -0.015035720312090268, -0.02791067184834805, -0.1354538701308831, 0.9846607355903233, -0.10997947469091682, -0.11079992593326306, 4.3241089542886364e-10, 0.11100251230757519, 0.993820125707568, 9.203585810135806e-10, 0.0, 0.0, 0.0, 1.0]}, {"left_foot_pose": [0.9938873758431185, 0.1103684756269438, -0.0025852905958556154, -0.025324851693503788, -0.11039875062436166, 0.9936149271647726, -0.023269988739243814, 0.016676411189799484, 5.101420941352669e-07, 0.023413160895729132, 0.9997258743758768, 0.009617040248211563, 0.0, 0.0, 0.0, 1.0], "right_foot_pose": [0.990783654015715, 0.134387395444966, -0.01696404671020112, -0.02791067189267947, -0.13545387013765062, 0.9829828752764799, -0.12408430995866192, -0.1107999259635824, 1.8058742155378752e-10, 0.12523855180695417, 0.9921266578120441, 4.947166981628115e-10, 0.0, 0.0, 0.0, 1.0]}, {"left_foot_pose": [0.9928959474869286, 0.11870529700310617, -0.008166390110676104, -0.02055675296694897, -0.11898587084201166, 0.9905558096737408, -0.06812892529292673, 0.02128240930111656, 2.0008567928803677e-06, 0.06861661886894081, 0.997643102322164, 0.017439495500651422, 0.0, 0.0, 0.0, 1.0], "right_foot_pose": [0.9907836540147498, 0.13422810983615993, -0.01818145942964476, -0.027910671884249717, -0.13545387014471016, 0.9818177730116725, -0.1329891336208335, -0.11079992584194492, -2.7357260286495958e-11, 0.13422620879772956, 0.9909507176806464, 1.8737033452564944e-10, 0.0, 0.0, 0.0, 1.0]}, {"left_foot_pose": [0.9915504519687198, 0.12878767280641998, -0.015538228140150111, -0.014588630740048437, -0.12972162959053496, 0.9844153931284736, -0.1187376628879383, 0.027047637034700395, 4.123685294652181e-06, 0.11975002757753424, 0.9928040747691239, 0.02343312011936429, 0.0, 0.0, 0.0, 1.0], "right_foot_pose": [0.9907836540144704, 0.13416855115473306, -0.018615875450098726, -0.027910671829824818, -0.1354538701467543, 0.9813821281241256, -0.13616669071703508, -0.11079992571713401, -1.4292789208353502e-10, 0.13743332375956796, 0.9905110203932098, 5.039828276931502e-11, 0.0, 0.0, 0.0, 1.0]}, {"left_foot_pose": [0.989887900235213, 0.1398262320280506, -0.023886603039369042, -0.007835122163531256, -0.14185184146849855, 0.9757600424951126, -0.16664451548710685, 0.033571543525288794, 6.318108056252582e-06, 0.16834774814880782, 0.9857276680976893, 0.025000009007947833, 0.0, 0.0, 0.0, 1.0], "right_foot_pose": [0.9907836540155011, 0.13422481033826025, -0.018205801969414938, -0.0279106717080006, -0.13545387013921553, 0.9817936386221466, -0.1331671889971191, -0.1107999257337344, -1.2683140961199164e-10, 0.13440592044528382, 0.9909263587922443, 1.6287626108946185e-10, 0.0, 0.0, 0.0, 1.0]}, {"left_foot_pose": [0.987973251741987, 0.15115215584051117, -0.03258649455113649, -0.0007108837671995936, -0.1546248808464486, 0.9657953650399146, -0.2081596961244904, 0.04045357674161816, 8.098572063459936e-06, 0.21069489469890926, 0.9775518714023466, 0.025000007672000467, 0.0, 0.0, 0.0, 1.0], "right_foot_pose": [0.9907836540180278, 0.13439205466387, -0.01692709584979416, -0.027910671470007895, -0.13545387012073415, 0.983016955347415, -0.12381403219673402, -0.11079992577518258, 4.2000721128277366e-11, 0.12496575988134494, 0.9921610548984866, 5.263450716941342e-10, 0.0, 0.0, 0.0, 1.0]}, {"left_foot_pose": [0.9859071181235807, 0.1621938441263369, -0.04099160110045126, 0.00636945039470311, -0.16729361718407046, 0.9558660771933082, -0.24152202409003445, 0.04729319976276385, 9.095413424481153e-06, 0.2449759159562406, 0.9695291643466302, 0.02500000533076071, 0.0, 0.0, 0.0, 1.0], "right_foot_pose": [0.99078365402192, 0.13465082862659433, -0.014727704272687625, -0.02791067121850527, -0.13545387009226495, 0.9849097700615248, -0.10772647731353027, -0.11079992582317993, 3.9345592210640015e-10, 0.10872855736891876, 0.9940714767120491, 1.2073354330177644e-09, 0.0, 0.0, 0.0, 1.0]}, {"left_foot_pose": [0.9838278129593572, 0.1730925041572207, -0.046063211483698616, 0.012991245391483806, -0.17911681767262566, 0.9507506913451316, -0.25296301811447897, 0.053689866930173, 8.62789909962703e-06, 0.25712274872390706, 0.9663787518433045, 0.022459725647740618, 0.0, 0.0, 0.0, 1.0], "right_foot_pose": [0.9907836540261965, 0.13503123509962942, -0.010691887670881873, -0.027910671262527106, -0.1354538700609847, 0.9876922715444413, -0.07820630292299867, -0.11079992624015643, 1.144483028331835e-09, 0.07893378414120636, 0.9968798612275954, 2.5978092871303815e-09, 0.0, 0.0, 0.0, 1.0]}, {"left_foot_pose": [0.9819077434694986, 0.18320762375223412, -0.04787640247238651, 0.01873984811083313, -0.18935993046424845, 0.9500149129152992, -0.24822264597153929, 0.059243030777783014, 7.015195564092003e-06, 0.25279761042699167, 0.9675191822972765, 0.01583856223153414, 0.0, 0.0, 0.0, 1.0], "right_foot_pose": [0.9907836540279991, 0.1353111628381581, -0.006216117945407933, -0.027910671311946328, -0.13545387004779788, 0.9897398161452914, -0.04546807039846079, -0.11079992670798074, 1.9548024504688735e-09, 0.04589101816336824, 0.9989464522445279, 4.335520178977426e-09, 0.0, 0.0, 0.0, 1.0]}, {"left_foot_pose": [0.9803443465598478, 0.1919629928848466, -0.045554050652362996, 0.023200623660613363, -0.19729410064017003, 0.9538596715750534, -0.22633330465337784, 0.06355215503571258, 4.5532433960192016e-06, 0.23087212110912111, 0.9729841024774479, 0.007998175732143488, 0.0, 0.0, 0.0, 1.0], "right_foot_pose": [0.9907836540241148, 0.1354523213374394, -0.0006477367692298221, -0.027910671480150022, -0.13545387007621126, 0.9907723258063026, -0.004737879034647376, -0.11079992704783716, 2.951900994213181e-09, 0.0047819515544548635, 0.9999885664043019, 6.595910317930276e-09, 0.0, 0.0, 0.0, 1.0]}, {"left_foot_pose": [0.9793455561058552, 0.19833632055959485, -0.03930630588844122, 0.025958936454523074, -0.20219367381870465, 0.9606638497068422, -0.19037511952491576, 0.06621669847966168, 1.846399879822952e-06, 0.1943905136916728, 0.9809242214275675, 0.0018172757979764906, 0.0, 0.0, 0.0, 1.0], "right_foot_pose": [0.990783654011077, 0.13532372411331772, 0.005936382447320161, -0.027910671831997448, -0.13545387017157595, 0.9898316932986344, 0.04342197596954824, -0.11079992707977541, 4.006659005782253e-09, -0.04382588999279847, 0.9990391840995724, 9.150369843780037e-09, 0.0, 0.0, 0.0, 1.0]}, {"left_foot_pose": [0.9790871266999378, 0.20130564801018763, -0.02940126544314839, 0.02666185093142137, -0.20344138794861727, 0.9688086145666648, -0.14149724382814186, 0.06689572151768013, 4.880003402125775e-09, 0.14451956414485556, 0.9895019431913114, 1.0814788994895075e-08, 0.0, 0.0, 0.0, 1.0], "right_foot_pose": [0.9907836539783538, 0.1348051613756224, 0.013240826099376893, -0.027910673496139536, -0.13545387041093182, 0.986038638061561, 0.09685067496099416, -0.11079992624902404, 4.733615177589684e-09, -0.09775158677072247, 0.9952108456421713, 1.1253552131829103e-08, 0.0, 0.0, 0.0, 1.0]}, {"left_foot_pose": [0.97908712669427, 0.20264003902811575, -0.018039205199862452, 0.026661848201651735, -0.2034413879758956, 0.975230536589091, -0.08681590961681791, 0.06689572186217028, 4.4536891930317345e-09, 0.08867026044192154, 0.9960610347328936, 9.935177423814334e-09, 0.0, 0.0, 0.0, 1.0], "right_foot_pose": [0.9907836539400289, 0.13386971873872627, 0.020655495396121628, -0.02791067604331826, -0.13545387069126094, 0.9791962957739859, 0.15108561565304646, -0.1107999251829084, 4.2936817558760294e-09, -0.15249102513695442, 0.9883048554230021, 1.238914143497638e-08, 0.0, 0.0, 0.0, 1.0]}, {"left_foot_pose": [0.9790871266466404, 0.20332365761626597, -0.006920165342633953, 0.026661850837908917, -0.20344138820511865, 0.9785205341634005, -0.033304140669715265, 0.06689572053552661, 4.192839804395034e-09, 0.03401550343766129, 0.999421305319175, 8.363238788999805e-09, 0.0, 0.0, 0.0, 1.0], "right_foot_pose": [0.9907836539656144, 0.1326150188274118, 0.027586370111898725, -0.027910672848457295, -0.1354538705041145, 0.970018734935752, 0.20178181989242241, -0.11079992638164476, 4.006649561693084e-09, -0.20365880942166162, 0.979041924201896, 1.1385556955567644e-08, 0.0, 0.0, 0.0, 1.0]}, {"left_foot_pose": [0.9790871266218386, 0.20341868868185195, 0.0030390094354799694, 0.026661851665118856, -0.2034413883244828, 0.9789778815305928, 0.014625627866194714, 0.06689572031197694, 3.0225922493329697e-09, -0.01493802426123827, 0.9998884214907041, 6.228139760866558e-09, 0.0, 0.0, 0.0, 1.0], "right_foot_pose": [0.9905665857599616, 0.13282374792802898, 0.033700017243376186, -0.027228243454092856, -0.13703225594427434, 0.9601491337462082, 0.2435894123257997, -0.1099437585925378, -2.5836627612250667e-06, -0.24590952188306386, 0.9692927870569181, 0.002250299717457306, 0.0, 0.0, 0.0, 1.0]}, {"left_foot_pose": [0.9790871266155077, 0.20312269401003297, 0.011382867560335139, 0.026661851602496494, -0.20344138835494968, 0.9775533696718509, 0.05478148361828668, 0.06689572016238318, 1.994278682677291e-09, -0.05595159176749807, 0.9984334827011183, 4.241791771997239e-09, 0.0, 0.0, 0.0, 1.0], "right_foot_pose": [0.989823072154162, 0.13676915416705215, 0.03929992747735741, -0.02494791354783349, -0.14230349889941668, 0.9513387531602379, 0.2733208571194439, -0.10708289049066601, -5.681561157118916e-06, -0.27613180766429823, 0.9611197764918622, 0.00871010821298468, 0.0, 0.0, 0.0, 1.0]}, {"left_foot_pose": [0.9790871266170769, 0.20263751586819995, 0.0180675304201159, 0.026661851317999457, -0.2034413883473977, 0.9752183892540035, 0.08695225568155547, 0.06689571986400354, 1.176343301339357e-09, -0.08880951764080493, 0.9960486281183307, 2.6611714776247908e-09, 0.0, 0.0, 0.0, 1.0], "right_foot_pose": [0.9886019894682714, 0.14394118331148023, 0.04412530074987473, -0.02137572862257105, -0.15055266968745784, 0.945203966726446, 0.2896952794481991, -0.10260127944569034, -8.32797825530809e-06, -0.2930365114307121, 0.9561012513845816, 0.016558463955236316, 0.0, 0.0, 0.0, 1.0]}, {"left_foot_pose": [0.9790871266217674, 0.20212068192017066, 0.023143647587555848, 0.02666185089622303, -0.20344138832482356, 0.972731061543857, 0.11138170147842874, 0.06689571953740191, 5.704087492931579e-10, -0.1137607658548712, 0.993508172161716, 1.5288830132464959e-09, 0.0, 0.0, 0.0, 1.0], "right_foot_pose": [0.9869501536237099, 0.15398359825995128, 0.047100379287788395, -0.01683370277853355, -0.1610260667197521, 0.9438039901281237, 0.2886254217060559, -0.09690292031161957, -9.944924768485303e-06, -0.29244329311022116, 0.9562828662147763, 0.0229166591355661, 0.0, 0.0, 0.0, 1.0]}, {"left_foot_pose": [0.9790871266289229, 0.20171938702736295, 0.026413772294487575, 0.02666185033498397, -0.20344138829038694, 0.9707997800189436, 0.12711958403664939, 0.06689571947544624, 2.380869740101488e-10, -0.1298348027782838, 0.9915356392926706, 7.595174419949835e-10, 0.0, 0.0, 0.0, 1.0], "right_foot_pose": [0.9849269550545032, 0.1666423144314045, 0.04635981285563606, -0.011643844623174904, -0.17297078686045222, 0.9489069754644154, 0.2639254796488047, -0.0903918044431058, -9.997033842570501e-06, -0.2679662123401392, 0.9634283102255918, 0.02500000802163585, 0.0, 0.0, 0.0, 1.0]}, {"left_foot_pose": [0.9790871266311114, 0.20144865992161928, 0.028404856644921348, 0.02666185024211287, -0.20344138827985467, 0.9694968721448463, 0.13670192550262733, 0.06689571953123093, 3.023497386193094e-11, -0.13962181891504083, 0.9902049018677176, 3.7255645096712087e-10, 0.0, 0.0, 0.0, 1.0], "right_foot_pose": [0.98261832463489, 0.18072970916363976, 0.042402833836284445, -0.006128181866330857, -0.18563735619473012, 0.9566518744033335, 0.2244013439924539, -0.08347193619599198, -8.760833808497495e-06, -0.2283724226482152, 0.9735738474800114, 0.02500001048117323, 0.0, 0.0, 0.0, 1.0]}, {"left_foot_pose": [0.9790871266315574, 0.20135724435172295, 0.02904580195901721, 0.026661850181932827, -0.2034413882777096, 0.969056923330825, 0.13978655471909507, 0.06689571957880946, -2.6423568834100007e-11, -0.14277233447582566, 0.9897555559370831, 2.5723101426677886e-10, 0.0, 0.0, 0.0, 1.0], "right_foot_pose": [0.9801450583593405, 0.19506310968743704, 0.03558156563210614, -0.0006087301386125418, -0.19828178062858512, 0.9642405852253706, 0.17585343122894256, -0.07654731481261276, -6.672523613675893e-06, -0.17941704780566914, 0.9837731054019394, 0.025000011548529107, 0.0, 0.0, 0.0, 1.0]}, {"left_foot_pose": [0.9790871266303698, 0.20145069326451934, 0.02839043236605501, 0.026661850049726595, -0.20344138828342398, 0.969506657830888, 0.1366325069480008, 0.06689571972145095, 4.9555630756416615e-11, -0.1395509176065391, 0.990214896573049, 4.2875446248924476e-10, 0.0, 0.0, 0.0, 1.0], "right_foot_pose": [0.9776654763125667, 0.20858574774458372, 0.02573329097404628, 0.004592501615800843, -0.21016711543295044, 0.9703116040132834, 0.11968782188577853, -0.07002193090517518, -4.137017601840488e-06, -0.12242294292738551, 0.9924780214331616, 0.0230249410083066, 0.0, 0.0, 0.0, 1.0]}, {"left_foot_pose": [0.9790871266282412, 0.2017097927789966, 0.026486939572351393, 