{"LoopMode": "Wrap", "FrameDuration": 0.0167, "EnableCycleOffsetPosition": true, "EnableCycleOffsetRotation": false, "Debug_info": [{"left_foot_pose": [1.0000000000000007, 5.4686969767853856e-14, -5.031530747601212e-12, 1.1593836971283514e-12, -2.690254904980037e-15, 0.9999472793434502, 0.010268326720201877, -2.5155745542182473e-13, 5.031483657557699e-12, -0.010268326720202047, 0.9999472793434505, 1.1216076678532971e-11, 0.0, 0.0, 0.0, 1.0], "right_foot_pose": [1.0, -9.690885790294401e-14, -5.078104603484234e-12, 1.5600543413328974e-12, 2.4969160546929628e-14, 0.9998994942836905, -0.014177493827182612, -0.14000000000156698, 5.07902498408181e-12, 0.014177493827182457, 0.9998994942836905, 8.809508678098155e-12, 0.0, 0.0, 0.0, 1.0]}, {"left_foot_pose": [1.0000000000000004, 9.993515920263357e-14, -1.1269374322608888e-11, 2.081807577048132e-12, -9.793452369582283e-15, 0.999968244315494, 0.007969338779909383, 1.105920910404734e-13, 1.1269572248674402e-11, -0.007969338779909556, 0.999968244315494, 2.4267754472617753e-11, 0.0, 0.0, 0.0, 1.0], "right_foot_pose": [0.9999999999999998, -2.635210388431442e-13, -1.1349865491894205e-11, 3.1219332281363773e-12, 7.65358438790371e-14, 0.999864239233126, -0.016477351205890577, -0.14000000000282373, 1.1352307905187927e-11, 0.01647735120589043, 0.9998642392331258, 2.0505402931192407e-11, 0.0, 0.0, 0.0, 1.0]}, {"left_foot_pose": [1.0000000000000007, 9.485851890683407e-14, -1.984079567307618e-11, 3.18206139814693e-12, 4.013648685224909e-17, 0.9999886407605316, 0.0047663770209046006, 8.516468780195297e-13, 1.9840803558553794e-11, -0.004766377020904774, 0.9999886407605317, 4.2055185722755795e-11, 0.0, 0.0, 0.0, 1.0], "right_foot_pose": [0.9999999999999998, -5.662734888252464e-13, -1.9972856701855332e-11, 5.1404133396481834e-12, 1.7311963773998637e-13, 0.9998062846872855, -0.01968230423011277, -0.14000000000429594, 1.997993891400203e-11, 0.01968230423011262, 0.9998062846872854, 3.6792555113684955e-11, 0.0, 0.0, 0.0, 1.0]}, {"left_foot_pose": [1.0000000000000007, -2.8272658009751346e-14, -3.063088671595438e-11, 4.412133217991611e-12, 4.9299506981850894e-14, 0.9999997717427302, 0.000675658558916141, 2.0341540951651638e-12, 3.0630657920164256e-11, -0.0006756585589163144, 0.9999997717427305, 6.442312655563498e-11, 0.0, 0.0, 0.0, 1.0], "right_foot_pose": [0.9999999999999997, -1.0695364964809506e-12, -3.084577038237057e-11, 7.557359356622881e-12, 3.3589098890360126e-13, 0.9997172898670714, -0.02377688669355174, -0.1400000000058839, 3.086210880342877e-11, 0.023776886693551588, 0.9997172898670714, 5.7459002833493145e-11, 0.0, 0.0, 0.0, 1.0]}, {"left_foot_pose": [1.0000000000000004, -3.536993515747877e-13, -4.37652136753286e-11, 5.743684492197285e-12, 1.6605625112224678e-13, 0.999990776448927, -0.0042949990771837115, 3.76447137351299e-12, 4.376592272480518e-11, 0.004294999077183538, 0.999990776448927, 9.172385767586277e-11, 0.0, 0.0, 0.0, 1.0], "right_foot_pose": [1.0, -1.8634119051684336e-12, -4.411060405828947e-11, 1.0360760553263433e-11, 5.943417736314896e-13, 0.999586511542733, -0.028754233459253094, -0.140000000007504, 4.414570000907462e-11, 0.028754233459252945, 0.9995865115427331, 8.275468504903571e-11, 0.0, 0.0, 0.0, 1.0]}, {"left_foot_pose": [1.0000000000000007, -9.927452373856989e-13, -5.963629590155505e-11, 7.162426654092925e-12, 3.8735779948626835e-13, 0.9999484252413527, -0.01015612412978849, 6.211862621507969e-12, 5.964300320861723e-11, 0.010156124129788311, 0.9999484252413529, 1.2488256956322275e-10, 0.0, 0.0, 0.0, 1.0], "right_foot_pose": [0.9999999999999999, -3.075900237490008e-12, -6.018480158687109e-11, 1.358352714285377e-11, 9.901623941789372e-13, 0.9994003383387666, -0.034626055628076836, -0.14000000000907362, 6.025498437660654e-11, 0.034626055628076684, 0.9994003383387668, 1.1345523825978532e-10, 0.0, 0.0, 0.0, 1.0]}, {"left_foot_pose": [1.0000000000000004, -2.1016445884269336e-12, -7.890882391947682e-11, 8.659007941856638e-12, 7.649790547102852e-13, 0.9998565112950557, -0.016939799906769696, 9.629881961292774e-12, 7.893280746595807e-11, 0.016939799906769516, 0.9998565112950555, 1.6543609537844617e-10, 0.0, 0.0, 0.0, 1.0], "right_foot_pose": [0.9999999999999998, -4.891870754004383e-12, -7.976602711678989e-11, 1.729542284529951e-11, 1.5833549326934511e-12, 0.9991415787388569, -0.041425905363968556, -0.14000000001048746, 7.990006088964463e-11, 0.041425905363968396, 0.9991415787388569, 1.5088658100737007e-10, 0.0, 0.0, 0.0, 1.0]}, {"left_foot_pose": [1.0000000000000007, -3.9063441135468125e-12, -1.0251471893596426e-10, 1.0216608011391217e-11, 1.3733746344451197e-12, 0.9996949076583149, -0.024700032429822116, 1.4381506402427746e-11, 1.0257963623005116e-10, 0.02470003242982193, 0.999694907658315, 2.1555412316187628e-10, 0.0, 0.0, 0.0, 1.0], "right_foot_pose": [0.9999999999999999, -7.578888654075853e-12, -1.0383499615684851e-10, 2.1590217496914183e-11, 2.460096637679521e-12, 0.9987884725898828, -0.04920962326180455, -0.1400000000115839, 1.0408196270008546e-10, 0.049209623261804405, 0.9987884725898828, 1.9692262404058525e-10, 0.0, 0.0, 0.0, 1.0]}, {"left_foot_pose": [1.0000000000000004, -6.7340428300389e-12, -1.3162798628840722e-10, 1.1793617264977706e-11, 2.3195768190458646e-12, 0.9994383412897138, -0.03351122140517367, 2.0966254773990833e-11, 1.3177947799757637e-10, 0.033511221405173486, 0.9994383412897138, 2.7806087987691797e-10, 0.0, 0.0, 0.0, 1.0], "right_foot_pose": [0.9999999999999998, -1.1520324858821294e-11, -1.3363582462844185e-10, 2.6567499698379146e-11, 3.742879363470515e-12, 0.998313449642154, -0.05805390825415958, -0.14000000001210197, 1.3407905688146433e-10, 0.058053908254159445, 0.9983134496421541, 2.5397307173991024e-10, 0.0, 0.0, 0.0, 1.0]}, {"left_foot_pose": [1.0000000000000004, -1.1046058968755696e-11, -1.6756324106026434e-10, 1.3295597675208047e-11, 3.753019232343504e-12, 0.9990550000195839, -0.043463857811630535, 3.003110260468844e-11, 1.678847518501673e-10, 0.04346385781163036, 0.9990550000195841, 3.5631159828186654e-10, 0.0, 0.0, 0.0, 1.0], "right_foot_pose": [0.9999999999999998, -1.724751516139674e-11, -1.7057966150701979e-10, 3.229707960794392e-11, 5.599297656275749e-12, 0.9976817674106336, -0.06805211955842634, -0.14000000001162727, 1.7135794898866487e-10, 0.0680521195584262, 0.9976817674106339, 3.248239316411272e-10, 0.0, 0.0, 0.0, 1.0]}, {"left_foot_pose": [1.0000000000000007, -1.744373957788911e-11, -2.1137386285730003e-10, 1.4516243246920477e-11, 5.865510790418875e-12, 0.9985053329776963, -0.05465436867351986, 4.2299323765870867e-11, 2.1201123289107182e-10, 0.05465436867351968, 0.9985053329776963, 4.5350466437721337e-10, 0.0, 0.0, 0.0, 1.0], "right_foot_pose": [0.9999999999999999, -2.5435121552557847e-11, -2.1584511955552428e-10, 3.873246293138565e-11, 8.237656410351689e-12, 0.9968504627654311, -0.07930419209818738, -0.14000000000953924, 2.1718240689549348e-10, 0.0793041920981872, 0.9968504627654311, 4.119439581118378e-10, 0.0, 0.0, 0.0, 1.0]}, {"left_foot_pose": [1.0000000000000004, -2.6562410881950963e-11, -2.627947859323849e-10, 1.5024943975372207e-11, 8.853075330779704e-12, 0.9977421140099311, -0.06716155098711499, 5.826487729787555e-11, 2.6398522751542746e-10, 0.06716155098711481, 0.9977421140099311, 5.706082134571133e-10, 0.0, 0.0, 0.0, 1.0], "right_foot_pose": [0.9999999999999999, -3.6757422502614995e-11, -2.692929212955162e-10, 4.5521090032090973e-11, 1.1855845082972877e-11, 0.9957688870822393, -0.09189300038087117, -0.1400000000050289, 2.7153105964038655e-10, 0.09189300038087105, 0.9957688870822393, 5.155340043749845e-10, 0.0, 0.0, 0.0, 1.0]}, {"left_foot_pose": [1.0000000000000004, -3.859893812397273e-11, -3.1749880502474003e-10, 1.3924585050190248e-11, 1.2757908297216493e-11, 0.9967148219253074, -0.08099113380119999, 7.723351125310529e-11, 3.195815600156629e-10, 0.08099113380119981, 0.9967148219253074, 7.005712746033232e-10, 0.0, 0.0, 0.0, 1.0], "right_foot_pose": [1.0, -5.130156096175948e-11, -3.2662161864038777e-10, 5.157481172707436e-11, 1.6447673191254982e-11, 0.9943844051190452, -0.10582842177809755, -0.13999999999739832, 3.3021664566876686e-10, 0.10582842177809738, 0.994384405119045, 6.282992667805409e-10, 0.0, 0.0, 0.0, 1.0]}, {"left_foot_pose": [1.0000000000000007, -5.1814045953422386e-11, -3.60531549059572e-10, 9.386492758460183e-12, 1.698338056755284e-11, 0.9953864294115402, -0.09594715286732562, 9.476766940630377e-11, 3.6383930704306333e-10, 0.09594715286732546, 0.9953864294115402, 8.134749054922175e-10, 0.0, 0.0, 0.0, 1.0], "right_foot_pose": [0.9999999999999998, -6.67574316197877e-11, -3.724769936930268e-10, 5.414139550849779e-11, 2.1228864344285855e-11, 0.9926626139293038, -0.12091705796554285, -0.13999999998722584, 3.778158337425107e-10, 0.1209170579655427, 0.9926626139293037, 7.224748785339408e-10, 0.0, 0.0, 0.0, 1.0]}, {"left_foot_pose": [1.0000000000000004, -5.890355415236202e-11, -3.5373198814525505e-10, -1.741193630441713e-12, 1.915524115912969e-11, 0.9937830195447254, -0.1113342268333001, 9.742095671838591e-11, 3.580903929024011e-10, 0.11133422683329994, 0.9937830195447256, 8.25727229647466e-10, 0.0, 0.0, 0.0, 1.0], "right_foot_pose": [1.0000000000000002, -7.41076202379818e-11, -3.6709141282287264e-10, 4.7343728573087396e-11, 2.3321185718709817e-11, 0.9906455889198953, -0.13645994706709333, -0.13999999997945356, 3.737699492690507e-10, 0.1364599470670932, 0.9906455889198954, 7.239593508012732e-10, 0.0, 0.0, 0.0, 1.0]}, {"left_foot_pose": [0.9999999972774797, 7.317458891186571e-05, -9.514267079459313e-06, 3.2078713372274765e-05, -7.379013478162555e-05, 0.9920675365734154, -0.12570599600723958, 4.6459559511758536e-05, 2.403109220853783e-07, 0.12570599636706123, 0.9920675392720537, 0.00016386105613843543, 0.0, 0.0, 0.0, 1.0], "right_foot_pose": [0.9999999999999998, -5.729795285068396e-11, -2.5772095568754563e-10, 1.8954751128802593e-11, 1.783229615482133e-11, 0.9885950816342244, -0.15059802312321804, -0.14000000003623259, 2.634103705173791e-10, 0.15059802312321793, 0.9885950816342242, 5.014600332198249e-10, 0.0, 0.0, 0.0, 1.0]}, {"left_foot_pose": [0.9999978289912728, 0.0020607340904220993, -0.00030884907349386175, 0.0009059492731201773, -0.0020837491955867714, 0.9890537275698531, -0.14754111958864016, 0.0013121078609991642, 1.4253125199291375e-06, 0.14754144283959017, 0.989055874378582, 0.004191209106520953, 0.0, 0.0, 0.0, 1.0], "right_foot_pose": [0.9999999999999996, -3.298917668330887e-11, -1.3028339518328362e-10, 4.3136588615327845e-12, 1.148594698362081e-11, 0.9868371674735806, -0.16171705195408603, -0.14000000017006486, 1.3390341092477336e-10, 0.16171705195408598, 0.9868371674735803, 2.512416732991518e-10, 0.0, 0.0, 0.0, 1.0]}, {"left_foot_pose": [0.9999791165494705, 0.00635793417572465, -0.0011589382894666266, 0.0028098140364231227, -0.006462697333881132, 0.9838478576279603, -0.17888998458282723, 0.004069535215220368, 2.8482065406288327e-06, 0.1788937386100771, 0.9838684008941431, 0.011469801868781243, 0.0, 0.0, 0.0, 1.0], "right_foot_pose": [0.9999999999999998, -6.544968427706457e-12, -1.961208973000303e-12, 2.4607741515699227e-11, 6.119880403579153e-12, 0.9856396329483447, -0.1688624113337625, -0.1400000001438282, 3.037997866502309e-12, 0.16886241133376237, 0.9856396329483446, 9.247612398066707e-11, 0.0, 0.0, 0.0, 1.0]}, {"left_foot_pose": [0.999919327087082, 0.012401519092510038, -0.002746205002485971, 0.005522589206623618, -0.012701940708714556, 0.9763455093870338, -0.2158427830667653, 0.007998541381311992, 4.466526850480371e-06, 0.21586025253383834, 0.9764242681109883, 0.01912092651783274, 0.0, 0.0, 0.0, 1.0], "right_foot_pose": [0.9999999999999998, 6.991116353838736e-12, 7.360950737833601e-11, 7.245943903086581e-11, 5.716857274718269e-12, 0.9852300109980554, -0.17123616857653617, -0.14000000003621235, -7.371963398379849e-11, 0.17123616857653604, 0.9852300109980556, 3.4105829271879884e-11, 0.0, 0.0, 0.0, 1.0]}, {"left_foot_pose": [0.999794086745745, 0.019638396638537326, -0.005110526950330742, 0.008823193361493538, -0.020292463426105495, 0.9676434508923102, -0.2515042104484973, 0.012778921115818982, 6.0284930464438244e-06, 0.2515561275792925, 0.967842711725913, 0.02426587906608707, 0.0, 0.0, 0.0, 1.0], "right_foot_pose": [1.0, -4.723151069674513e-12, 5.535050195959459e-11, 1.5787352563783998e-10, 1.3966966514809803e-11, 0.9857495411292597, -0.1682196247869259, -0.13999999997714535, -5.3767513359903956e-11, 0.1682196247869258, 0.9857495411292596, 1.17249626674365e-10, 0.0, 0.0, 0.0, 1.0]}, {"left_foot_pose": [0.9995873532915011, 0.02759245907533871, -0.0079861969589944, 0.012490539606847324, -0.028724955850136433, 0.9602472148631164, -0.27766916151966975, 0.018090460209802907, 7.148411507507177e-06, 0.2777839854091745, 0.9606435641792936, 0.025000002868588958, 0.0, 0.0, 0.0, 1.0], "right_foot_pose": [1.0, -4.6617213093449434e-11, -8.425199427009008e-11, 3.1663468567419305e-10, 3.2600048417784924e-11, 0.9872291423727386, -0.15930668677110602, -0.1400000000072136, 9.06024126987191e-11, 0.15930668677110593, 0.9872291423727386, 4.213239063188823e-10, 0.0, 0.0, 0.0, 1.0]}, {"left_foot_pose": [0.9992969979861505, 0.03578909977960675, -0.01116468328406772, 0.01630353882075815, -0.037490128780857584, 0.9540175973472268, -0.29739689674880576, 0.023612954572864497, 7.73710992038985e-06, 0.29760639154559576, 0.9546886590147322, 0.025000001990384643, 0.0, 0.0, 0.0, 1.0], "right_foot_pose": [0.9999999999999998, -1.1394980353754787e-10, -3.617913191256144e-10, 5.298496815916828e-10, 6.054148773419441e-11, 0.9895303974487991, -0.1443246081748411, -0.1399999999944353, 3.744490410040037e-10, 0.14432460817484102, 0.9895303974487994, 9.700434205894837e-10, 0.0, 0.0, 0.0, 1.0]}, {"left_foot_pose": [0.9989377971436891, 0.04380703523131596, -0.014290594877655362, 0.020041109502344515, -0.046079034048991024, 0.9497352025347178, -0.3096445828485483, 0.029026202836947623, 7.669870438864211e-06, 0.30997417429615276, 0.9507449769578549, 0.02491027014917257, 0.0, 0.0, 0.0, 1.0], "right_foot_pose": [1.0, -1.9687757868581863e-10, -8.152659103366478e-10, 7.327891548248261e-10, 9.527860260131592e-11, 0.9924322762447676, -0.12279322891605007, -0.14000000006475571, 8.332713038035186e-10, 0.12279322891604995, 0.9924322762447674, 1.8187278835735121e-09, 0.0, 0.0, 0.0, 1.0]}, {"left_foot_pose": [0.9985418321173859, 0.05140666962267806, -0.01647919385044329, 0.023482167358229777, -0.05398341844272775, 0.9509170796255303, -0.3047006698543527, 0.03400999496464099, 6.700221834905834e-06, 0.30514596834098706, 0.9523055906379786, 0.0211638333898599, 0.0, 0.0, 0.0, 1.0], "right_foot_pose": [0.9999999999999999, -2.6816445429466307e-10, -1.4803709924571237e-09, 8.47629145833983e-10, 1.2783477911082807e-10, 0.9955729802765566, -0.09399170677913837, -0.1400000005452544, 1.4990224116238402e-09, 0.0939917067791382, 0.9955729802765563, 3.0896400715629824e-09, 0.0, 0.0, 0.0, 1.0]}, {"left_foot_pose": [0.9981562933643707, 0.05822042709236246, -0.017157968594341034, 0.026405623084252896, -0.06069607888653831, 0.9574670554859533, -0.2820865535023927, 0.038244130340843466, 4.9900462222235115e-06, 0.28260789006721304, 0.9592355187579631, 0.013996811413890718, 0.0, 0.0, 0.0, 1.0], "right_foot_pose": [0.9999999999999998, -2.7162636866451476e-10, -2.3256812586858176e-09, 8.927986548277722e-10, 1.372541501268908e-10, 0.9983406756026392, -0.057583812284932166, -0.14000000100528756, 2.337463138431816e-09, 0.057583812284932, 0.9983406756026393, 4.810538037358647e-09, 0.0, 0.0, 0.0, 1.0]}, {"left_foot_pose": [0.9978387114742783, 0.06366389054018037, -0.01627313505878125, 0.028590395086530968, -0.06571077441885165, 0.9667672063290882, -0.24706934834561425, 0.041408411234867604, 2.9373700848083692e-06, 0.247604680504912, 0.9688611470089166, 0.006287909007731185, 0.0, 0.0, 0.0, 1.0], "right_foot_pose": [0.9999999999999999, -1.4346899886090975e-10, -3.2940074556897506e-09, 7.905743533714852e-10, 9.836541775751177e-11, 0.9999063072623947, -0.013688560803895009, -0.14000000131670892, 3.295662547926941e-09, 0.01368856080389486, 0.9999063072623944, 6.886296824437643e-09, 0.0, 0.0, 0.0, 1.0]}, {"left_foot_pose": [0.9976496227508719, 0.06708860089421508, -0.013940941686291576, 0.029815400222301752, -0.06852175000808355, 0.9767863124272517, -0.20296125154965494, 0.043182633842396, 9.346193107561744e-07, 0.2034394737626631, 0.9790875244401281, 0.0009158381883258362, 0.0, 0.0, 0.0, 1.0], "right_foot_pose": [1.0, 1.629486771889912e-10, -4.190831348616087e-09, 4.685742217551217e-10, -8.739055525934372e-12, 0.9993237328555399, 0.036770599011567505, -0.14000000131242774, 4.193988895417802e-09, -0.036770599011567644, 0.99932373285554, 8.929598512008585e-09, 0.0, 0.0, 0.0, 1.0]}, {"left_foot_pose": [0.9976204443335468, 0.06814922563081717, -0.010446630732324352, 0.030000001029883185, -0.06894526124207158, 0.9861020210870155, -0.15116003096178143, 0.04345000173171107, 4.622318709663062e-09, 0.15152058293850434, 0.9884541025995982, 1.0264820111960393e-08, 0.0, 0.0, 0.0, 1.0], "right_foot_pose": [0.9999999999999999, 5.896053026547048e-10, -4.544560283648027e-09, 1.9483462651361897e-10, -1.7276967735180708e-10, 0.9958342979528438, 0.09118141817698683, -0.14000000126896908, 4.579389833817032e-09, -0.09118141817698698, 0.9958342979528437, 1.0041130371618578e-08, 0.0, 0.0, 0.0, 1.0]}, {"left_foot_pose": [0.9976204443256851, 0.06861339564137642, -0.006756552522081549, 0.03000000091172058, -0.06894526135582944, 0.9928184377664386, -0.09776553875259707, 0.043450001346580364, 4.329135530044096e-09, 0.09799873248960496, 0.9951865395142921, 8.97650229148006e-09, 0.0, 0.0, 0.0, 1.0], "right_foot_pose": [0.9999999999999998, 8.66028845592682e-10, -4.1625637381415045e-09, 2.3797580225033043e-10, -2.555239601256099e-10, 0.9895073469463808, 0.14448256067475582, -0.14000000141292224, 4.2440134008885714e-09, -0.14448256067475593, 0.989507346946381, 9.94477823701434e-09, 0.0, 0.0, 0.0, 1.0]}, {"left_foot_pose": [0.9976204443176158, 0.06886839033599011, -0.0032548259637018365, 0.030000000693683037, -0.06894526147259307, 0.9965081408513393, -0.04709645567857296, 0.04345000088623752, 3.4767692334893045e-09, 0.04720879186695786, 0.9988850434211453, 6.9014360684627185e-09, 0.0, 0.0, 0.0, 1.0], "right_foot_pose": [0.9999999999569493, 9.086494842215244e-06, 1.8806564932582679e-06, -2.4310904235318147e-06, -9.27860590574307e-06, 0.9812367844496037, 0.19280656824109788, -0.13999109529029338, -9.343344232350514e-08, -0.19280656825024747, 0.981236784491671, 3.740654131416388e-05, 0.0, 0.0, 0.0, 1.0]}, {"left_foot_pose": [0.9976204443127799, 0.06894491435387412, -0.0002188010727976251, 0.03000000056388531, -0.06894526154256315, 0.997615420691033, -0.003165961193892414, 0.04345000100025978, 2.4009257121999824e-09, 0.0031735129101176274, 0.9999949643952266, 4.76157605011629e-09, 0.0, 0.0, 0.0, 1.0], "right_foot_pose": [0.9999995449996562, 0.0009273987543035698, 0.00022345476272799997, -0.0002500987420261899, -0.0009539387668371517, 0.972457659763471, 0.23307764793772506, -0.13908396519695476, -1.1443752721815434e-06, -0.23307775504947612, 0.9724581019765258, 0.0034929889142364112, 0.0, 0.0, 0.0, 1.0]}, {"left_foot_pose": [0.9976204443112393, 0.06890870589455414, 0.0022448483655287655, 0.030000000379425594, -0.0689452615648554, 0.9970914923304011, 0.032482408009381625, 0.04345000083087184, 1.493424613930901e-09, -0.03255988596835322, 0.9994697863496071, 2.917681297953667e-09, 0.0, 0.0, 0.0, 1.0], "right_foot_pose": [0.9999947189682148, 0.003133261688825918, 0.0008629640025561297, -0.0008520823690526106, -0.003249927784810932, 0.9642804287824343, 0.2648635358756622, -0.1368791169474875, -2.2525286823714046e-06, -0.2648649416936001, 0.9642855192610598, 0.01053849635889205, 0.0, 0.0, 0.0, 1.0]}, {"left_foot_pose": [0.9976204443115397, 0.06882188658580607, 0.004122744039659372, 0.03000000019312491, -0.06894526156050215, 0.9958352390276499, 0.059655072031622784, 0.04345000050326801, 8.054440024093746e-10, -0.05979736313178595, 0.9982105365915981, 1.5233528327662782e-09, 0.0, 0.0, 0.0, 1.0], "right_foot_pose": [0.9999781254319693, 0.00633695259932319, 0.0018951752738467743, -0.0017342083654499122, -0.006614276013545766, 0.9581903836980608, 0.28605495965177724, -0.13364824279297857, -3.222002707700496e-06, -0.28606123753545726, 0.9582113380509025, 0.01829520751758057, 0.0, 0.0, 0.0, 1.0]}, {"left_foot_pose": [0.9976204443124586, 0.06873143809181644, 0.00542572646232079, 0.03000000006332589, -0.06894526154720916, 0.9945264727731371, 0.07850889034759423, 0.043450000153143195, 3.357787844822438e-10, -0.07869615220107351, 0.9968986486241951, 6.076239025820662e-10, 0.0, 0.0, 0.0, 1.0], "right_foot_pose": [0.9999420669693767, 0.010293947802406478, 0.003146004394672388, -0.00282229756282572, -0.010763953280194529, 0.9563841407517996, 0.29191353621958627, -0.12966302849912537, -3.846005139930191e-06, -0.29193048822807693, 0.9564395380932998, 0.023884417207302056, 0.0, 0.0, 0.0, 1.0]}, {"left_foot_pose": [0.9976204443132295, 0.0686685126493377, 0.006171260714186536, 0.030000000021541098, -0.06894526153605245, 0.9936159580339713, 0.08929657805290894, 0.04345000000115379, 7.276445492128192e-11, -0.08950957105674093, 0.9959859620944659, 1.625771045565827e-10, 0.0, 0.0, 0.0, 1.0], "right_foot_pose": [0.9998811680985009, 0.014807257508288683, 0.004288916770035989, -0.004042162489106146, -0.015415890059775672, 0.9604763160891897, 0.2779345184848468, -0.12519515765456815, -3.954993650005451e-06, -0.2779676084669256, 0.9605904479160384, 0.025000001546380116, 0.0, 0.0, 0.0, 1.0]}, {"left_foot_pose": [0.9976204443134918, 0.06864920619875285, 0.006382442795067815, 0.02999999999979008, -0.06894526153225583, 0.9933365987397264, 0.09235232815929262, 0.043450000008308745, 1.038521320619263e-12, -0.09257260983937968, 0.9957059364629331, 6.099397376058135e-11, 0.0, 0.0, 0.0, 1.0], "right_foot_pose": [0.9997941963058011, 0.01963044153770978, 0.00511964825662948, -0.005319622605676423, -0.020287065336822473, 0.9674794946507549, 0.2521346116865737, -0.12051632666848067, -3.6409537670346937e-06, -0.25218658409073713, 0.9676786278467604, 0.025000002899567428, 0.0, 0.0, 0.0, 1.0]}, {"left_foot_pose": [0.997620444313176, 0.06867696445009898, 0.006076482724545123, 0.030000000016381506, -0.06894526153682942, 0.9937382533982195, 0.08792516502500784, 0.0434500000225652, 1.0319734709664854e-10, -0.08813488688922556, 0.9961085491616989, 3.023241795796494e-10, 0.0, 0.0, 0.0, 1.0], "right_foot_pose": [0.9996850830940857, 0.024489244077176835, 0.005478281089822992, -0.006580501755459706, -0.025094513944211867, 0.9755992613087175, 0.21812002820417073, -0.11589822616465643, -3.0123756605137415e-06, -0.2181888133209698, 0.9759065742849122, 0.024992554142353407, 0.0, 0.0, 0.0, 1.0]}, {"left_foot_pose": [0.9976204443124199, 0.06874449641842818, 0.005257689803216207, 0.03000000024818516, -0.0689452615477676, 0.9947154234089722, 0.07607744305916299, 0.04345000029132865, 3.731444749520163e-10, -0.07625890534545493, 0.9970880499512137, 1.0166715871950949e-09, 0.0, 0.0, 0.0, 1.0], "right_foot_pose": [0.9995631443413495, 0.0291076566499395, 0.005124919392885021, -0.007750616337658305, -0.029555379711073686, 0.9844336824072737, 0.17325358429824536, -0.1116125378641939, -2.1374248536418904e-06, -0.17332936642820876, 0.9848639148273364, 0.021837795200153387, 0.0, 0.0, 0.0, 1.0]}, {"left_foot_pose": [0.997620444311689, 0.06883289854714077, 0.003934611664186275, 0.030000000507078482, -0.06894526155834702, 0.9959945793932736, 0.05693284401703301, 0.043450000600670044, 7.866770972222686e-10, -0.05706864197451856, 0.998370257020503, 2.074085535264114e-09, 0.0, 0.0, 0.0, 1.0], "right_foot_pose": [0.9994424993658136, 0.0331369300173538, 0.004078520619177794, -0.008755787886773586, -0.033386980395272645, 0.9919616994822722, 0.12205448086951916, -0.10793096676531488, -1.225453895539257e-06, -0.12212260490698346, 0.9925150222385711, 0.014923781184818845, 0.0, 0.0, 0.0, 1.0]}, {"left_foot_pose": [0.9976204443113024, 0.06891221267905671, 0.0021344872444854297, 0.030000000919987252, -0.06894526156394193, 0.9971422347602359, 0.030885507365801316, 0.043450000693943266, 1.2712591772239412e-09, -0.030959176362426837, 0.999520649811179, 3.350594773854354e-09, 0.0, 0.0, 0.0, 1.0], "right_foot_pose": [0.9993406916000347, 0.036211252582702476, 0.00263197620733768, -0.009521844830955363, -0.03630677777100381, 0.9967123702015157, 0.07243113263758856, -0.1051252068282167, -5.012051387363285e-07, -0.07247893675868015, 0.9973699432638222, 0.007129216547123528, 0.0, 0.0, 0.0, 1.0]}, {"left_foot_pose": [0.9976204443126531, 0.0689452209810613, -7.478835587700727e-05, 0.030000000935025292, -0.0689452615443984, 0.9976198573993429, -0.0010821428231152918, 0.043450000613222704, 1.7728519871723829e-09, 0.0010847241067622596, 0.9999994116866336, 4.430574455926983e-09, 0.0, 0.0, 0.0, 1.0], "right_foot_pose": [0.9992765099993677, 0.03801705490145919, 0.0010770794320663067, -0.009974607389516327, -0.03803230946809033, 0.998875767309513, 0.028297436603950222, -0.10346694632695383, -8.334321567075391e-08, -0.028317927509805954, 0.9995989670770686, 0.0013328078194976903, 0.0, 0.0, 0.0, 1.0]}, {"left_foot_pose": [0.9976204443164248, 0.06889822823530238, -0.0025462183599129404, 0.030000000324154213, -0.0689452614898234, 0.9969398861606833, -0.03684310383266996, 0.043450000600632116, 2.0651114511536785e-09, 0.036930983306178555, 0.9993178185502547, 4.899561485693926e-09, 0.0, 0.0, 0.0, 1.0], "right_foot_pose": [0.9992632264945542, 0.03837803448633407, -0.000361448002781104, -0.010065775770584361, -0.03837973652453793, 0.9992189123558707, -0.009410686194841542, -0.10313305624353687, 2.0408863329279294e-09, 0.009417624929699026, 0.9999556531870218, 5.029295813141488e-09, 0.0, 0.0, 0.0, 1.0]}, {"left_foot_pose": [0.9976204443199878, 0.06875678126553478, -0.0050945171306869975, 0.02999999987840017, -0.06894526143827004, 0.9948931861660469, -0.07371634178105263, 0.04345000086488898, 1.9925913308566663e-09, 0.07389217245673453, 0.9972662366939057, 5.037342203084716e-09, 0.0, 0.0, 0.0, 1.0], "right_foot_pose": [0.9992632264958812, 0.038338457587610245, -0.001779562542871613, -0.010065776096428405, -0.038379736489988735, 0.9981884823482517, -0.04633302854609399, -0.10313305588287436, 1.98409285871324e-09, 0.04636719073975838, 0.998924463421986, 5.122686684566613e-09, 0.0, 0.0, 0.0, 1.0]}, {"left_foot_pose": [0.9976204443189985, 0.06853640904882645, -0.007497313615973402, 0.030000000886447647, -0.06894526145257746, 0.9917044563849329, -0.108484202119484, 0.04345000042009571, 1.672079395705528e-09, 0.10874296216747674, 0.9940699010527597, 4.7118380586130826e-09, 0.0, 0.0, 0.0, 1.0], "right_foot_pose": [0.9992632264968458, 0.0382522013558352, -0.0031262217684889532, -0.010065774976342035, -0.03837973646487331, 0.9959426980284336, -0.08139495115012384, -0.10313305628924094, 1.6820010838668291e-09, 0.08145496507443112, 0.9966770232451048, 4.1740233006071215e-09, 0.0, 0.0, 0.0, 1.0]}, {"left_foot_pose": [0.997704141246932, 0.0670657927337514, -0.00941413743881345, 0.028704494507543962, -0.06772330867403303, 0.9880155575696625, -0.1387040427044289, 0.04322055131860524, -9.823287021579662e-07, 0.13902315434956827, 0.9902891307864249, 0.0028444574450289736, 0.0, 0.0, 0.0, 1.0], "right_foot_pose": [0.9992632264967547, 0.03813906230830791, -0.004291398086686585, -0.01006577501464872, -0.038379736467247995, 0.9929969847964726, -0.11173175024951026, -0.10313305666456538, 1.1760585470827088e-09, 0.1118141319840981, 0.9937291380897729, 2.805185930765397e-09, 0.0, 0.0, 0.0, 1.0]}, {"left_foot_pose": [0.9979309025684358, 0.06341876219646499, -0.010581790983375465, 0.02507089369925032, -0.06429551846292432, 0.9843173163686271, -0.16427266054474476, 0.04257701082580975, -2.128691338386093e-06, 0.16461312614227766, 0.9863582101331829, 0.009617038860987595, 0.0, 0.0, 0.0, 1.0], "right_foot_pose": [0.9992632264961158, 0.0380210817276423, -0.005234645817295867, -0.010065775056576295, -0.03837973648388666, 0.989925215219076, -0.13629036686755958, -0.10313305675643603, 7.099201673436146e-10, 0.13639085606347104, 0.9906551036472149, 1.7287457229619996e-09, 0.0, 0.0, 0.0, 1.0]}, {"left_foot_pose": [0.9982514046795863, 0.05810066981858026, -0.010883254194690585, 0.01957677937156957, -0.05911119221337633, 0.9811759951540536, -0.18384649436028586, 0.04160396384934691, -3.216701140443241e-06, 0.18416834337118201, 0.9828947152617963, 0.01743949486543884, 0.0, 0.0, 0.0, 1.0], "right_foot_pose": [0.999263226495338, 0.03791670086535842, -0.005943733642545572, -0.010065775096513494, -0.03837973650413188, 0.9872075305472661, -0.15475234233006738, -0.10313305667461244, 3.391452763936491e-10, 0.15486644383550574, 0.9879354151834743, 9.667328743079295e-10, 0.0, 0.0, 0.0, 1.0]}, {"left_foot_pose": [0.9986146133879213, 0.05161733516102013, -0.010222751046998014, 0.012699919405732039, -0.05261990034167418, 0.979573210903822, -0.19408109276178706, 0.04038602624894573, -4.015746124242769e-06, 0.1943501355555277, 0.98093222232396, 0.02343311929002425, 0.0, 0.0, 0.0, 1.0], "right_foot_pose": [0.9992632264947044, 0.037839831956944354, -0.006414927346628571, -0.01006577511928092, -0.03837973652062117, 0.985206153389452, -0.16702045128716358, -0.10313305652102114, 8.536523665725377e-11, 0.1671435982651751, 0.9859325623788727, 4.842148834671711e-10, 0.0, 0.0, 0.0, 1.0]}, {"left_foot_pose": [0.9989747076833768, 0.04443805140511213, -0.008648294411599998, 0.004918085081411986, -0.04527177255641516, 0.9805595088514036, -0.19092803935172875, 0.039007810313529206, -4.302706748815373e-06, 0.19112380591755607, 0.9815659380770486, 0.025000007751898187, 0.0, 0.0, 0.0, 1.0], "right_foot_pose": [0.9992632264943941, 0.037799787338963046, -0.0066468227855262536, -0.01006577513910893, -0.03837973652870766, 0.9841635421973365, -0.17305813483791588, -0.103133056431537, -3.718955756782598e-11, 0.17318573349649913, 0.984889182453173, 2.7070130859119246e-10, 0.0, 0.0, 0.0, 1.0]}, {"left_foot_pose": [0.999295964759538, 0.03691208563620452, -0.006713624154707234, -0.0032909301312259126, -0.037517659819164634, 0.98314660824367, -0.17892783992621825, 0.03755393515163194, -4.122933334392306e-06, 0.17905374788860015, 0.9838392934570401, 0.02500000860614083, 0.0, 0.0, 0.0, 1.0], "right_foot_pose": [0.9992632264944423, 0.03779859452122271, -0.006653602643463713, -0.010065775270303856, -0.038379736527455605, 0.9841324857811664, -0.17323465662004633, -0.10313305640309298, -3.3692630814743676e-11, 0.17336238543121868, 0.9848581031385171, 2.689148348444803e-10, 0.0, 0.0, 0.0, 1.0]}, {"left_foot_pose": [0.9995556094843983, 0.029420313647300952, -0.004798822060480099, -0.011449357631824716, -0.029809118327752633, 0.9864989272946152, -0.16103193134001914, 0.036109020022046606, -3.5771123127471214e-06, 0.16110341893165708, 0.9869375301384261, 0.025000008367019204, 0.0, 0.0, 0.0, 1.0], "right_foot_pose": [0.9992632264947936, 0.03783508120418768, -0.00644288797721777, -0.010065775377437997, -0.03837973651830413, 0.9850824617936782, -0.16774844050330984, -0.10313305636624981, 8.133974184999343e-11, 0.16787212423978976, 0.9858087795831508, 4.939954140192881e-10, 0.0, 0.0, 0.0, 1.0]}, {"left_foot_pose": [0.9997446276000159, 0.022407039913186953, -0.002933282672229015, -0.019079429616662574, -0.02259822068508068, 0.9912718322978616, -0.1298825427634882, 0.03475767643228658, -2.6028305798794887e-06, 0.12991566131598514, 0.9915250480638683, 0.022459728299890014, 0.0, 0.0, 0.0, 1.0], "right_foot_pose": [0.9992632264953831, 0.03793386423678686, -0.0058331910736225834, -0.010065775156445982, -0.03837973650295637, 0.9876544000117284, -0.15187423074187612, -0.10313305654524933, 3.799434454973815e-10, 0.15198621016900835, 0.9883826141320284, 1.1270591404599628e-09, 0.0, 0.0, 0.0, 1.0]}, {"left_foot_pose": [0.9998665387685479, 0.01626199900255542, -0.0015658989256456056, -0.025703347685328837, -0.016337216668831932, 0.9952537616963215, -0.09593250325535255, 0.03358452865273752, -1.5874760661965725e-06, 0.09594528241536138, 0.9953866097048512, 0.015838564585931837, 0.0, 0.0, 0.0, 1.0], "right_foot_pose": [0.9992632264960327, 0.03803519557444468, -0.005131088612724675, -0.010065774940035846, -0.03837973648604014, 0.9902926863632302, -0.13359412847411914, -0.10313305681954396, 7.22152244342594e-10, 0.13369262968881657, 0.9910228457340876, 1.94358177468823e-09, 0.0, 0.0, 0.0, 1.0]}, {"left_foot_pose": [0.9999341214296035, 0.01145762115644707, -0.0006897233089239709, -0.030843345957322334, -0.01147836226599667, 0.9981235675083977, -0.06014641455648688, 0.032674198176319884, -7.057422101260333e-07, 0.06015036909068435, 0.998189327281031, 0.007998178279070602, 0.0, 0.0, 0.0, 1.0], "right_foot_pose": [0.9992632264964356, 0.03814821096916391, -0.004209295877567822, -0.01006577474893915, -0.038379736475551, 0.9932351809073798, -0.10959412044426352, -0.10313305696790456, 1.1247608371773611e-09, 0.10967492606670232, 0.9939675098272894, 2.936352459792513e-09, 0.0, 0.0, 0.0, 1.0]}, {"left_foot_pose": [0.9999640971541464, 0.0084711208714086, -0.00021098311793326722, -0.03402165575887879, -0.008473747852916692, 0.9996536862069548, -0.02491391679710824, 0.032111301867946154, -1.387489994850352e-07, 0.024914810134336256, 0.9996895779370475, 0.0018172763393438165, 0.0, 0.0, 0.0, 1.0], "right_foot_pose": [0.99926322649626, 0.03825499661300447, -0.0030918289769325275, -0.010065774628100805, -0.03837973648012157, 0.9960154751513238, -0.08049949743196554, -0.10313305683882375, 1.5059373001508397e-09, 0.08055885111656944, 0.9967498540289729, 3.885583660379055e-09, 0.0, 0.0, 0.0, 1.0]}, {"left_foot_pose": [0.9999702925080441, 0.007707734609455933, 7.020376250151677e-05, -0.034831600663083315, -0.0077080543185726385, 0.9999288144790729, 0.009107791889284072, 0.03196786131009542, 1.6777502920588974e-09, -0.009108062454044677, 0.9999585207389028, 4.403972381217258e-09, 0.0, 0.0, 0.0, 1.0], "right_foot_pose": [0.999263226494978, 0.03833545425121244, -0.0018431283728802329, -0.010065774255481384, -0.03837973651350031, 0.9981102858680859, -0.047988051319908735, -0.10313305637740731, 1.6411676871917672e-09, 0.04802343377645016, 0.9988462092876553, 4.443158188593976e-09, 0.0, 0.0, 0.0, 1.0]}, {"left_foot_pose": [0.9999702925078962, 0.007700941619950603, 0.0003310586650551919, -0.03483159992875003, -0.0077080543377423425, 0.9990475474486209, 0.042948618548481185, 0.03196786148588174, 1.4567140421150595e-09, -0.042949894470914164, 0.9990772275279516, 4.1227320585202065e-09, 0.0, 0.0, 0.0, 1.0], "right_foot_pose": [0.9992632264935942, 0.03837561634102582, -0.0005623593668653126, -0.010065773468825007, -0.03837973654952704, 0.999155952377796, -0.01464167512303853, -0.10313305615605342, 1.4016669861746636e-09, 0.01465247072906478, 0.9998926467884108, 4.624623503590719e-09, 0.0, 0.0, 0.0, 1.0]}, {"left_foot_pose": [0.9999702925077708, 0.007686388792271292, 0.000577519919703137, -0.034831600541724565, -0.007708054353959943, 0.997159593519581, 0.07492216594534026, 0.03196786110989445, 1.3682341656112422e-09, -0.07492439175060937, 0.9971892175113017, 3.623955392717537e-09, 0.0, 0.0, 0.0, 1.0], "right_foot_pose": [0.9992632264935463, 0.03837427442314402, 0.0006474876096572275, -0.010065774219591931, -0.03837973655078182, 0.9991210127679726, 0.016858163239008787, -0.10313305648255604, 1.3060883446584757e-09, -0.01687059299484551, 0.9998576814187118, 3.900033872239472e-09, 0.0, 0.0, 0.0, 1.0]}, {"left_foot_pose": [0.9999702925077388, 0.007667368462065893, 0.0007909253160732404, -0.03483160101073855, -0.007708054358181606, 0.9946920747452066, 0.10260732106964197, 0.03196786124573941, 9.939329098725702e-10, -0.10261036935877497, 0.9947216254309832, 2.59123797419214e-09, 0.0, 0.0, 0.0, 1.0], "right_foot_pose": [0.9992995070446092, 0.037383016780401325, 0.0017335734184069185, -0.010936886499085124, -0.03742319094244409, 0.9982263858763827, 0.046298891129925204, -0.10334640339927703, 2.934959159909017e-07, -0.04633133493189623, 0.9989261271001686, 0.00225030076659484, 0.0, 0.0, 0.0, 1.0]}, {"left_foot_pose": [0.9999702925078143, 0.007647606770675194, 0.0009634378644179018, -0.03483160119234817, -0.0077080543483726465, 0.9921283838354557, 0.12498742291210775, 0.03196786129867284, 6.103605677318661e-10, -0.1249911360806386, 0.9921578583578684, 1.6972549130023218e-09, 0.0, 0.0, 0.0, 1.0], "right_foot_pose": [0.9994140968207189, 0.03412535252489433, 0.0026312337559623775, -0.013847699877300584, -0.03422664276740139, 0.9964543021626936, 0.07685935614049627, -0.10405931705783424, 9.484270063751788e-07, -0.07690438229717904, 0.9970384726692297, 0.008710108919534477, 0.0, 0.0, 0.0, 1.0]}, {"left_foot_pose": [0.9999702925079248, 0.007630346382411894, 0.0010917489183327111, -0.034831601235442336, -0.007708054334023777, 0.9898891901742574, 0.14163324847837683, 0.03196786119813591, 2.925137635033598e-10, -0.14163745616975182, 0.9899185981734877, 1.057562142026125e-09, 0.0, 0.0, 0.0, 1.0], "right_foot_pose": [0.9995730493781596, 0.029048327698455487, 0.0031485893302161034, -0.01840755922158568, -0.029218469389845403, 0.9937456823067139, 0.10777662057829579, -0.10517612003363405, 1.833540531091228e-06, -0.10782260224408631, 0.9941701496433857, 0.016558464032087668, 0.0, 0.0, 0.0, 1.0]}, {"left_foot_pose": [0.9999702925080239, 0.007618126234139598, 0.0011739906725011444, -0.03483160114480504, -0.007708054321189057, 0.9883038690491462, 0.15230248954324507, 0.03196786102499226, 6.725340199950324e-11, -0.15230701420213524, 0.9883332299507247, 6.538171601344622e-10, 0.0, 0.0, 0.0, 1.0], "right_foot_pose": [0.9997389152677868, 0.022638046529233416, 0.0031016364276489758, -0.024205420308136587, -0.02284953591533017, 0.9904691526299426, 0.13582619922893163, -0.10659613709323787, 2.764613773645599e-06, -0.13586160803502842, 0.9907278251136854, 0.022916659136214622, 0.0, 0.0, 0.0, 1.0]}, {"left_foot_pose": [0.9999702925080914, 0.007614256899030842, 0.0011988299123762076, -0.03483160091752899, -0.0077080543124216265, 0.987801900809608, 0.15552488757637242, 0.03196786095538466, -1.7993384299832234e-11, -0.15552950796810916, 0.9878312467983582, 4.833090525013795e-10, 0.0, 0.0, 0.0, 1.0], "right_foot_pose": [0.9998787629956168, 0.015385995539908503, 0.002393836168386002, -0.03083023579996525, -0.015571104601376914, 0.9879581862785973, 0.15393558024900286, -0.10821868846506813, 3.4421119776116003e-06, -0.15395419223376208, 0.9880779861335854, 0.025000008233600914, 0.0, 0.0, 0.0, 1.0]}, {"left_foot_pose": [0.9999702925080592, 0.0076171180799310565, 0.001180514084284899, -0.034831600878802875, -0.0077080543165446895, 0.9881730821221161, 0.15314876972385916, 0.03196786091363359, 2.162616932213566e-11, -0.15315331952470015, 0.9882024391381384, 5.79625070162848e-10, 0.0, 0.0, 0.0, 1.0], "right_foot_pose": [0.999969306840843, 0.007729916993960509, 0.0012781860234658544, -0.03787093000454885, -0.00783488111154195, 0.9864939641840248, 0.16361012580661285, -0.1099430951863329, 3.769894602889406e-06, -0.1636151185305142, 0.9865242485484246, 0.02500000841399179, 0.0, 0.0, 0.0, 1.0]}, {"left_foot_pose": [0.9999702925079594, 0.007627110972646077, 0.0011141273525279924, -0.03483160080985771, -0.00770805432951175, 0.9894694609735117, 0.14453640267850296, 0.03196786086853597, 1.9185397618773966e-10, -0.1445406966186342, 0.9894988565031295, 9.375802426103697e-10, 0.0, 0.0, 0.0, 1.0], "right_foot_pose": [0.9999999956774654, 9.223669400172656e-05, 1.1724401106915575e-05, -0.044916459926357184, -9.29049632807654e-05, 0.9862028274606119, 0.1655414584850633, -0.11166868645924778, 3.706359328828005e-06, -0.1655414588587598, 0.9862028317669628, 0.025000007506071613, 0.0, 0.0, 0.0, 1.0]}, {"left_foot_pose": [0.9999702925077993, 0.007643259657079063, 0.0009973382982986431, -0.03483160044881703, -0.007708054350274186, 0.9915644313318493, 0.12938533307790365, 0.031967861092787146, 5.139337128061783e-10, -0.1293891769019394, 0.9915938891000892, 1.6383761153315746e-09, 0.0, 0.0, 0.0, 1.0], "right_foot_pose": [0.9999740603904294, -0.0071132497605164505, -0.001131469894363314, -0.05155577899827296, 0.007202675618561051, 0.9876282372866284, 0.15664796959437635,