{"LoopMode": "Wrap", "FrameDuration": 0.0167, "EnableCycleOffsetPosition": true, "EnableCycleOffsetRotation": false, "Debug_info": [{"left_foot_pose": [1.0000000000000004, 1.2626404247327663e-13, -7.862155371185513e-12, 1.1829566910178119e-12, -4.9049181913629064e-14, 0.9999521890862182, 0.009778524514519589, 1.2531815862804052e-13, 7.862668286761488e-12, -0.009778524514519759, 0.9999521890862183, 1.663311849364746e-11, 0.0, 0.0, 0.0, 1.0], "right_foot_pose": [1.0, -1.9847319482841096e-13, -7.918721234290159e-12, 1.3025552670694246e-13, 8.237387354113846e-14, 0.9998924346974785, -0.014666936788190534, -0.14000000000192575, 7.920701270834044e-12, 0.014666936788190383, 0.9998924346974786, 1.4070918041841907e-11, 0.0, 0.0, 0.0, 1.0]}, {"left_foot_pose": [1.0000000000000007, 1.9835677749702672e-13, -1.7506329719196862e-11, 3.029997829580243e-12, -7.673984859828684e-14, 0.9999760014544775, 0.006927951725843822, 1.13330698991998e-12, 1.750698214001919e-11, -0.006927951725843993, 0.9999760014544778, 3.614714083610693e-11, 0.0, 0.0, 0.0, 1.0], "right_foot_pose": [0.9999999999999998, -4.969614406161209e-13, -1.7609136371277142e-11, 8.713738605529141e-13, 1.8847169307595821e-13, 0.9998465443557838, -0.017518211660944433, -0.14000000000342017, 1.7615030989826584e-11, 0.01751821166094428, 0.9998465443557838, 3.2400776506236184e-11, 0.0, 0.0, 0.0, 1.0]}, {"left_foot_pose": [1.0000000000000004, 1.589324602372785e-13, -3.07188163795047e-11, 5.717939095720707e-12, -6.77431894514191e-14, 0.9999956258709201, 0.0029577422179651214, 2.8729293249929455e-12, 3.071873131457186e-11, -0.0029577422179652953, 0.9999956258709202, 6.279087666483107e-11, 0.0, 0.0, 0.0, 1.0], "right_foot_pose": [1.0, -1.0377556152668268e-12, -3.090089295554321e-11, 2.1047527351185344e-12, 3.7350264015967217e-13, 0.999769050421376, -0.02149059839884768, -0.1400000000050965, 3.0915987038582746e-11, 0.021490598398847528, 0.9997690504213759, 5.7823898447217914e-11, 0.0, 0.0, 0.0, 1.0]}, {"left_foot_pose": [1.0000000000000002, -1.1952996474899304e-13, -4.731309788397199e-11, 9.266193129058464e-12, 1.998481039367948e-14, 0.9999977719015574, -0.0021109694270103215, 5.46319413319285e-12, 4.731295244334006e-11, 0.002110969427010148, 0.9999977719015574, 9.63421564748046e-11, 0.0, 0.0, 0.0, 1.0], "right_foot_pose": [1.0, -1.943357782424815e-12, -4.763239802585416e-11, 3.8836112067091845e-12, 6.774249618167938e-13, 0.9996471115261547, -0.02656411898436377, -0.1400000000067788, 4.766691674506375e-11, 0.026564118984363606, 0.999647111526155, 8.999995887437606e-11, 0.0, 0.0, 0.0, 1.0]}, {"left_foot_pose": [1.0000000000000004, -7.963563630833389e-13, -6.7469030362588e-11, 1.378642716972508e-11, 2.388815889015827e-13, 0.9999658261611534, -0.008267194798916879, 9.110632387399065e-12, 6.747305426019556e-11, 0.008267194798916704, 0.9999658261611533, 1.3735149823057569e-10, 0.0, 0.0, 0.0, 1.0], "right_foot_pose": [0.9999999999999999, -3.3834364701881982e-12, -6.801537111300601e-11, 6.319464268147207e-12, 1.155598618294848e-12, 0.9994642547444037, -0.03272924515190806, -0.14000000000829432, 6.8089531549194e-11, 0.032729245151907914, 0.9994642547444035, 1.2931242882041616e-10, 0.0, 0.0, 0.0, 1.0]}, {"left_foot_pose": [1.0000000000000007, -2.0827429942533588e-12, -9.177486548495038e-11, 1.9503635402326393e-11, 6.582693251231781e-13, 0.9998795211170495, -0.01552234681808255, 1.4141927212607541e-11, 9.179572624376118e-11, 0.015522346818082379, 0.9998795211170495, 1.8724947287163118e-10, 0.0, 0.0, 0.0, 1.0], "right_foot_pose": [1.0, -5.5972709807145395e-12, -9.26829724079425e-11, 9.604229488153127e-12, 1.8856157764418507e-12, 0.999199712074577, -0.039999192367880944, -0.14000000000944585, 9.283264591777502e-11, 0.0399991923678808, 0.9991997120745769, 1.7696975135317317e-10, 0.0, 0.0, 0.0, 1.0]}, {"left_foot_pose": [1.0000000000000007, -4.275124319911297e-12, -1.212359101998572e-10, 2.6775758669493276e-11, 1.3749891767927022e-12, 0.9997140161761939, -0.02391413516866969, 2.1041755143835772e-11, 1.2130298457615102e-10, 0.023914135168669515, 0.9997140161761942, 2.4842073537145737e-10, 0.0, 0.0, 0.0, 1.0], "right_foot_pose": [1.0, -8.929271801808753e-12, -1.2270329197150426e-10, 1.4034735400731928e-11, 2.9783267048304347e-12, 0.9988273598462127, -0.04841389493362675, -0.14000000000996998, 1.2299155077630783e-10, 0.048413894933626606, 0.9988273598462127, 2.350508537807272e-10, 0.0, 0.0, 0.0, 1.0]}, {"left_foot_pose": [1.0000000000000002, -7.801469461680541e-12, -1.5726564495110993e-10, 3.611584918457654e-11, 2.527928426296206e-12, 0.9994384834524425, -0.03350698127678231, 3.0496979941396773e-11, 1.5743873045574064e-10, 0.03350698127678213, 0.9994384834524426, 3.2426971524612824e-10, 0.0, 0.0, 0.0, 1.0], "right_foot_pose": [0.9999999999999998, -1.3878007778033584e-11, -1.5958029342399974e-10, 2.0044354854308804e-11, 4.59255194098586e-12, 0.9983142271803899, -0.05804053591431633, -0.14000000000947677, 1.601167287649247e-10, 0.05804053591431618, 0.9983142271803899, 3.065244100208808e-10, 0.0, 0.0, 0.0, 1.0]}, {"left_foot_pose": [1.0000000000000002, -1.3280928354345635e-11, -2.0166929237674915e-10, 4.8221833855114354e-11, 4.31602398872472e-12, 0.9990142669283599, -0.04439025201091257, 4.344602282102539e-11, 2.0205986829532134e-10, 0.044390252010912394, 0.9990142669283599, 4.193209113267926e-10, 0.0, 0.0, 0.0, 1.0], "right_foot_pose": [0.9999999999999998, -2.116029414080623e-11, -2.052493175419555e-10, 2.82445792927409e-11, 6.953537980560078e-12, 0.9976186014268369, -0.06897192245517055, -0.1400000000073753, 2.0621979391494625e-10, 0.06897192245517039, 0.997618601426837, 3.952826885256222e-10, 0.0, 0.0, 0.0, 1.0]}, {"left_foot_pose": [1.0000000000000007, -2.158943881759403e-11, -2.565266887799563e-10, 6.399618790516036e-11, 7.016806489207501e-12, 0.9983927629129394, -0.056673547295615544, 6.110278255588852e-11, 2.573378844038806e-10, 0.05667354729561536, 0.9983927629129397, 5.39187340609093e-10, 0.0, 0.0, 0.0, 1.0], "right_foot_pose": [0.9999999999999999, -3.178021711866374e-11, -2.619730543607089e-10, 3.946514224187183e-11, 1.0370869988389259e-11, 0.9966878874962205, -0.08132192151149376, -0.14000000000278529, 2.636897807864741e-10, 0.0813219215114936, 0.9966878874962203, 5.060240768073321e-10, 0.0, 0.0, 0.0, 1.0]}, {"left_foot_pose": [1.0000000000000007, -3.3888666570232224e-11, -3.2372537983604786e-10, 8.449851264942005e-11, 1.0989873946982292e-11, 0.9975134756102528, -0.07047599574290782, 8.485418617754092e-11, 3.253086514431588e-10, 0.07047599574290764, 0.9975134756102532, 6.898922683129527e-10, 0.0, 0.0, 0.0, 1.0], "right_foot_pose": [1.0000000000000002, -4.70507971197198e-11, -3.3188018999652487e-10, 5.474544836747445e-11, 1.5237188053625766e-11, 0.9954567448811747, -0.09521485740458556, -0.13999999999446827, 3.348522747979886e-10, 0.09521485740458542, 0.9954567448811751, 6.435073793276125e-10, 0.0, 0.0, 0.0, 1.0]}, {"left_foot_pose": [1.0000000000000007, -5.148754433585169e-11, -4.0366343601050315e-10, 1.1070517272644279e-10, 1.662203809379117e-11, 0.9963035844584618, -0.08590208143707279, 1.1579583125698178e-10, 4.0659417290670797e-10, 0.08590208143707259, 0.996303584458462, 8.754905134189528e-10, 0.0, 0.0, 0.0, 1.0], "right_foot_pose": [0.9999999999999996, -6.841447776816964e-11, -4.15635525996549e-10, 7.51608680359618e-11, 2.1957285530396943e-11, 0.9938470424812446, -0.11076125744719251, -0.13999999998090668, 4.2065562956511093e-10, 0.11076125744719237, 0.9938470424812446, 8.10236162884781e-10, 0.0, 0.0, 0.0, 1.0]}, {"left_foot_pose": [1.0000000000000007, -7.514437827668215e-11, -4.918804252795881e-10, 1.427325933424774e-10, 2.4088456803969393e-11, 0.9946828229292128, -0.1029858328585694, 1.532888000560506e-10, 4.970037457946395e-10, 0.10298583285856922, 0.994682822929213, 1.090961675165314e-09, 0.0, 0.0, 0.0, 1.0], "right_foot_pose": [1.0, -9.660116484256538e-11, -5.0892212666298e-10, 1.0114333496634532e-10, 3.066385379195235e-11, 0.9917739843916976, -0.12800142141326726, -0.13999999996091153, 5.171006556174232e-10, 0.12800142141326712, 0.9917739843916975, 9.999599689947125e-10, 0.0, 0.0, 0.0, 1.0]}, {"left_foot_pose": [1.0000000000000007, -1.0274533057054317e-10, -5.707068706506372e-10, 1.7760767922446738e-10, 3.2606753032200413e-11, 0.9925836930189179, -0.12156320312054651, 1.9110477436634632e-10, 5.789641478113651e-10, 0.12156320312054635, 0.9925836930189179, 1.3026636436208605e-09, 0.0, 0.0, 0.0, 1.0], "right_foot_pose": [1.0, -1.2887325392627703e-10, -5.935971159054523e-10, 1.3038865898188703e-10, 4.035191786717604e-11, 0.9891697890136046, -0.1467757762806289, -0.13999999993578488, 6.060835550953305e-10, 0.14677577628062877, 0.9891697890136045, 1.180545480816697e-09, 0.0, 0.0, 0.0, 1.0]}, {"left_foot_pose": [1.0000000000000002, -1.2328044616844584e-10, -5.919385537289634e-10, 2.0376575802793405e-10, 3.8597736972378843e-11, 0.9900123721428522, -0.1409805057590714, 2.0913193052307655e-10, 6.034064568278285e-10, 0.1409805057590712, 0.9900123721428521, 1.4031256573288076e-09, 0.0, 0.0, 0.0, 1.0], "right_foot_pose": [0.9999999999999998, -1.5193432855455016e-10, -6.190888912627192e-10, 1.525525409079541e-10, 4.6781875702208436e-11, 0.9860536381736741, -0.1664278301380545, -0.13999999991502857, 6.357406413510992e-10, 0.16642783013805432, 0.9860536381736741, 1.255944521993957e-09, 0.0, 0.0, 0.0, 1.0]}, {"left_foot_pose": [0.9999999994616222, -3.2371715191436414e-05, 5.369187859539172e-06, -3.2006493811168624e-05, 3.2813684703100254e-05, 0.9871873048936828, -0.15956573560765006, -6.362057419304762e-06, -1.3497754532288787e-07, 0.1595657356979261, 0.9871873054244377, 0.00016386118768015046, 0.0, 0.0, 0.0, 1.0], "right_foot_pose": [0.9999999999999998, -1.3422331246832516e-10, -4.933011776842014e-10, 1.3031431508994488e-10, 4.056918176120964e-11, 0.9827106937672629, -0.18514775817023768, -0.1399999999864046, 5.096232137576582e-10, 0.18514775817023751, 0.9827106937672632, 9.862908822988459e-10, 0.0, 0.0, 0.0, 1.0]}, {"left_foot_pose": [0.9999995707432151, -0.0009115831593310299, 0.00016592025237196025, -0.0009039139641453455, 0.0009265596589586579, 0.9839831587992905, -0.17825903816236027, -0.00017965913057194083, -7.647968504561266e-07, 0.1782591153784708, 0.9839835810540241, 0.004191209248285636, 0.0, 0.0, 0.0, 1.0], "right_foot_pose": [1.0, -9.238153287314979e-11, -3.1219704599294516e-10, 8.801152752025788e-11, 2.7776726703981793e-11, 0.9796111473472693, -0.20090296163313992, -0.14000000017520126, 3.24391376180861e-10, 0.20090296163313978, 0.9796111473472693, 5.476722131358969e-10, 0.0, 0.0, 0.0, 1.0]}, {"left_foot_pose": [0.9999958709506168, -0.002817393055412448, 0.000566019513408454, -0.0028035054744198966, 0.0028736874895625942, 0.9805013416082543, -0.19649137646376946, -0.0005572056816184161, -1.3894527760922264e-06, 0.1964921917043669, 0.9805053893769708, 0.011469802559236034, 0.0, 0.0, 0.0, 1.0], "right_foot_pose": [0.9999999999999999, -4.6263052850797105e-11, -1.438879015935865e-10, 5.233938793328525e-11, 1.4588788677555197e-11, 0.9771023671237029, -0.2127697444686552, -0.14000000019832864, 1.5043653424630252e-10, 0.21276974446865507, 0.9771023671237029, 2.5745214293770857e-10, 0.0, 0.0, 0.0, 1.0]}, {"left_foot_pose": [0.9999840495386622, -0.005520294356971584, 0.001194578784215077, -0.005510196119320448, 0.005648067323994115, 0.9774345127878584, -0.21116314201741423, -0.0010951581286849123, -1.9398306569934374e-06, 0.21116652092927832, 0.9774501012506281, 0.019120926898085915, 0.0, 0.0, 0.0, 1.0], "right_foot_pose": [0.9999999999999998, -1.1310033473506243e-11, -2.6220359217177176e-11, 2.515544972578625e-12, 5.257639544968011e-12, 0.9754458135876658, -0.22023956219148563, -0.14000000011737596, 2.8067383666782522e-11, 0.22023956219148547, 0.9754458135876656, 8.26795298891625e-11, 0.0, 0.0, 0.0, 1.0]}, {"left_foot_pose": [0.999959287062787, -0.008806969250455272, 0.001965072391898137, -0.008803400483026271, 0.009023536531611222, 0.9760157371816673, -0.21751288826685708, -0.0017496776555292956, -2.3122606501083716e-06, 0.21752176458080924, 0.9760554707230046, 0.02426587838422354, 0.0, 0.0, 0.0, 1.0], "right_foot_pose": [1.0, 1.7546629152652575e-12, 1.900307688984525e-11, -4.108098042039308e-11, 2.526573400922072e-12, 0.9748265229158183, -0.22296468379511564, -0.14000000002969443, -1.8916061537949304e-11, 0.22296468379511553, 0.9748265229158182, 1.802836352426951e-11, 0.0, 0.0, 0.0, 1.0]}, {"left_foot_pose": [0.9999184102717482, -0.012484102327983129, 0.002705547760729802, -0.012462522775908076, 0.012773910669880546, 0.9772727050309179, -0.21160077317380394, -0.002476927213497456, -2.412273736813117e-06, 0.2116180691496311, 0.9773524404244174, 0.025000001902928712, 0.0, 0.0, 0.0, 1.0], "right_foot_pose": [1.0, -1.1926266212456478e-11, -1.902700219602586e-11, -7.998168974954124e-11, 7.432459349441937e-12, 0.9753362225608438, -0.2207243823431032, -0.14000000001779123, 2.1190056515576015e-11, 0.220724382343103, 0.9753362225608438, 9.993246508077647e-11, 0.0, 0.0, 0.0, 1.0]}, {"left_foot_pose": [0.9998609954331544, -0.016338541159578068, 0.003322933071805846, -0.01626697046800988, 0.016673026305325654, 0.9798296871980692, -0.19913762647766237, -0.003233061103861231, -2.2901657018098568e-06, 0.19916534878866787, 0.9799658993233615, 0.02500000221077564, 0.0, 0.0, 0.0, 1.0], "right_foot_pose": [0.9999999999999998, -4.809535934906381e-11, -1.3263012910158492e-10, -1.4100253319777137e-10, 1.8628924104924233e-11, 0.9768803704285135, -0.2137866737461682, -0.13999999999159193, 1.3984579399691568e-10, 0.21378667374616803, 0.9768803704285136, 3.236022769192992e-10, 0.0, 0.0, 0.0, 1.0]}, {"left_foot_pose": [0.999789960572496, -0.02015505469490496, 0.003715980179386289, -0.019996159535808824, 0.020494748950071355, 0.9832362554668512, -0.18118065901469652, -0.003974237853771559, -1.9803448688338404e-06, 0.18121876201368187, 0.9834428098726983, 0.024910271225794825, 0.0, 0.0, 0.0, 1.0], "right_foot_pose": [0.9999999999999998, -1.0473514855060137e-10, -3.30794613923046e-10, -1.6714705946075214e-10, 3.573252931452134e-11, 0.9793719545782523, -0.2020657679706631, -0.14000000000284563, 3.45133962227e-10, 0.20206576797066297, 0.9793719545782524, 7.012688624241648e-10, 0.0, 0.0, 0.0, 1.0]}, {"left_foot_pose": [0.9997116462329763, -0.023727737942640728, 0.0036903710218256346, -0.02342949837728499, 0.0240130044754976, 0.9878449204065126, -0.153576654616226, -0.0046566204698014445, -1.4876534850298955e-06, 0.1536209871052036, 0.9881298458798878, 0.021163833975953082, 0.0, 0.0, 0.0, 1.0], "right_foot_pose": [0.9999999999999998, -1.781437043636621e-10, -6.330884150251836e-10, -4.808716217252368e-11, 5.7892432253062513e-11, 0.9827229886156031, -0.18508248876222042, -0.1400000002852081, 6.551214931904099e-10, 0.18508248876222025, 0.982722988615603, 1.2859654521801822e-09, 0.0, 0.0, 0.0, 1.0]}, {"left_foot_pose": [0.9996353845325896, -0.026809134105604204, 0.0032199874053747855, -0.026346394895336696, 0.02700181455982447, 0.9925062470415587, -0.1191731999820364, -0.005236358229342673, -9.273151175016036e-07, 0.1192166930928268, 0.9928682591800142, 0.013996812213570756, 0.0, 0.0, 0.0, 1.0], "right_foot_pose": [1.0, -2.4381818381954773e-10, -1.0010856033026966e-09, 9.733069242893307e-11, 7.764399147835561e-11, 0.9866678391465183, -0.1627469667733953, -0.1400000005226625, 1.0274194047356983e-09, 0.16274696677339512, 0.9866678391465181, 2.0692679722489338e-09, 0.0, 0.0, 0.0, 1.0]}, {"left_foot_pose": [0.9995725579603014, -0.029134499683274202, 0.002425345522892589, -0.02852626756211327, 0.02923527616618656, 0.9961281730592526, -0.08290935692141992, -0.005669606553319554, -4.323717891535591e-07, 0.08294482362294735, 0.996554141145363, 0.006287910294294659, 0.0, 0.0, 0.0, 1.0], "right_foot_pose": [1.0, -2.7864646304369633e-10, -1.3936062304153988e-09, 2.334157948787422e-10, 8.745680039157911e-11, 0.990797753022314, -0.13535070227351587, -0.1400000005737571, 1.4184965766119338e-09, 0.13535070227351564, 0.9907977530223141, 2.9307468465966657e-09, 0.0, 0.0, 0.0, 1.0]}, {"left_foot_pose": [0.9995351475016947, -0.030453595241719963, 0.0014378614745106629, -0.029748528453697298, 0.030487520541324385, 0.9984230491355396, -0.04713731055262938, -0.00591252439001474, -9.346126253536247e-08, 0.04715923548729513, 0.9988873842972723, 0.0009158366682852637, 0.0, 0.0, 0.0, 1.0], "right_foot_pose": [0.9999999999999998, -2.5703431286319104e-10, -1.7081669412277717e-09, 3.131970247617434e-10, 7.855143356385826e-11, 0.9946110086560551, -0.10367710190869006, -0.14000000032824889, 1.7256102579329726e-09, 0.10367710190868991, 0.9946110086560552, 3.615046657856613e-09, 0.0, 0.0, 0.0, 1.0]}, {"left_foot_pose": [0.9995293739831114, -0.030673723962420435, 0.00039141181331867297, -0.02993271650361474, 0.030676221164452257, 0.9994480064099688, -0.012753506898484899, -0.005949127123207415, 1.7936500782807025e-09, 0.012759511801683459, 0.9999185941158331, 3.896463360297808e-09, 0.0, 0.0, 0.0, 1.0], "right_foot_pose": [1.0, -1.8136742322739304e-10, -1.7814649755365496e-09, 3.6036753949457e-10, 5.626897388468715e-11, 0.9975489044541104, -0.06997273199185672, -0.14000000010043023, 1.7897890797277677e-09, 0.06997273199185657, 0.9975489044541103, 3.783926727507492e-09, 0.0, 0.0, 0.0, 1.0]}, {"left_foot_pose": [0.9995293739839752, -0.030669403544937322, -0.0006467065803580604, -0.0299327164334084, 0.03067622113630213, 0.9993072361612132, 0.021071715939501738, -0.005949127238209005, 1.605891597772649e-09, -0.02108163755584785, 0.9997777575831366, 3.4281790739498774e-09, 0.0, 0.0, 0.0, 1.0], "right_foot_pose": [0.9999999999999999, -8.220773674667968e-11, -1.581437092390558e-09, 4.0692687361857234e-10, 2.4567705258850507e-11, 0.9993368104447202, -0.03641344930342931, -0.1400000001793616, 1.583381516230353e-09, 0.03641344930342916, 0.9993368104447202, 3.4320324984737915e-09, 0.0, 0.0, 0.0, 1.0]}, {"left_foot_pose": [0.9995293739843897, -0.030635418378962023, -0.00158167099008474, -0.02993271638498589, 0.030676221122800277, 0.9981998921045663, 0.05153585994293954, -0.0059491272796481955, 1.1807757948721581e-09, -0.05156012551554904, 0.9986698921349446, 2.5067365544417797e-09, 0.0, 0.0, 0.0, 1.0], "right_foot_pose": [0.9999999998210674, 1.8916929259291287e-05, -1.2327578341477475e-07, -3.5156653629313953e-06, -1.8917329515205922e-05, 0.9999812124147199, -0.006129800952853478, -0.1400099050687155, 7.316456336092025e-09, 0.0061298009540885524, 0.9999812125936485, 3.740185250136058e-05, 0.0, 0.0, 0.0, 1.0]}, {"left_foot_pose": [0.9995293739842493, -0.030585733343558595, -0.002354455030847382, -0.029932716251551018, 0.030676221127374413, 0.9965809944365089, 0.07671565019788204, -0.005949126997314693, 7.157675110769987e-10, -0.07675177160024453, 0.9970502322131141, 1.536577878824552e-09, 0.0, 0.0, 0.0, 1.0], "right_foot_pose": [0.9999981065807685, 0.0019453490816141795, 4.951593815814824e-05, -0.0003616560584150652, -0.0019459791400449934, 0.9996776231874424, 0.025315269374285604, -0.14101895640748804, -2.529393398402762e-07, -0.02531531779885064, 0.9996795159873386, 0.003492990918868087, 0.0, 0.0, 0.0, 1.0]}, {"left_foot_pose": [0.9995293739839496, -0.03053453849503274, -0.002944911229645545, -0.029932716210913732, 0.030676221137147023, 0.9949129013975283, 0.09595461473789459, -0.005949127003182269, 2.983541036470331e-10, -0.0959997947479488, 0.9953813537576202, 7.894675330133438e-10, 0.0, 0.0, 0.0, 1.0], "right_foot_pose": [0.9999780222611955, 0.006616945740715283, 0.0004135500604406972, -0.0012321434310849553, -0.006629856215075579, 0.9980408288967432, 0.06221373531358613, -0.14347156260356395, -1.0749342154351985e-06, -0.06221510977379995, 0.9980627636149336, 0.01053849851353069, 0.0, 0.0, 0.0, 1.0]}, {"left_foot_pose": [0.9995293739837453, -0.030493862207057253, -0.0033398969085813557, -0.029932716278332147, 0.030676221143794175, 0.9935875366858009, 0.10882452112910877, -0.005949127166346128, -9.878520092874212e-12, -0.1088757608944242, 0.9940553650022022, 2.817803698706989e-10, 0.0, 0.0, 0.0, 1.0], "right_foot_pose": [0.9999089635650756, 0.01342046605514253, 0.0013984538172856513, -0.002507711195792083, -0.013493130719783015, 0.9945422841851632, 0.1034581093541561, -0.1470655050525051, -2.3654090541748067e-06, -0.10346756041687886, 0.9946328287040321, 0.018295209354915458, 0.0, 0.0, 0.0, 1.0]}, {"left_foot_pose": [0.9995293739838363, -0.030472459815219885, -0.003529835164859355, -0.029932716439500497, 0.030676221140832967, 0.9928901778082043, 0.11501332213492452, -0.005949127349503564, -1.7250083096085657e-10, -0.11506747587743041, 0.9933576777753309, 2.2879156902355646e-11, 0.0, 0.0, 0.0, 1.0], "right_foot_pose": [0.9997588949841603, 0.021726019647911474, 0.003183075605307046, -0.00408109644657218, -0.021957957214741457, 0.989224182291794, 0.14475277297546565, -0.15149856322718996, -3.873773078442858e-06, -0.1447877661937974, 0.9894627343895291, 0.023884418851400593, 0.0, 0.0, 0.0, 1.0]}, {"left_foot_pose": [0.9995293739843132, -0.030475263441366883, -0.003505547133794277, -0.029932716651468703, 0.0306762211252948, 0.9929815294599554, 0.11422194013778833, -0.005949127430755639, -1.619745765085627e-10, -0.11427572126023876, 0.9934490724392737, 5.6454493857494015e-11, 0.0, 0.0, 0.0, 1.0], "right_foot_pose": [0.9995054502299924, 0.030938839165325787, 0.005625228141348045, -0.005845038159252257, -0.031446063883504696, 0.9834128453461474, 0.1786346009999983, -0.1564685077010694, -5.174422503393384e-06, -0.17872314858265068, 0.9838994034625334, 0.02500000263673436, 0.0, 0.0, 0.0, 1.0]}, {"left_foot_pose": [0.9995293739851073, -0.030501937235467763, -0.003265327828011669, -0.02993271684904571, 0.030676221099425183, 0.9938506485097233, 0.10639482090713981, -0.0059491275032871535, 2.997751157945995e-11, -0.10644491665498533, 0.9943186007102122, 3.828319258825097e-10, 0.0, 0.0, 0.0, 1.0], "right_foot_pose": [0.9991435183358338, 0.040499669744194965, 0.00848566544841128, -0.007692267421569338, -0.041379097755680286, 0.9779386547456737, 0.20475291896123857, -0.16167311328605555, -6.034656151195886e-06, -0.20492868102057574, 0.9787769080126225, 0.02500000161049068, 0.0, 0.0, 0.0, 1.0]}, {"left_foot_pose": [0.9995293739860284, -0.030548019735636023, -0.002801611916404847, -0.029932717006380956, 0.030676221069404354, 0.9953521658286959, 0.09128546127958179, -0.005949127542976149, 4.1605932926015955e-10, -0.09132844283330466, 0.9958208250130368, 1.031698775022516e-09, 0.0, 0.0, 0.0, 1.0], "right_foot_pose": [0.9986894886485054, 0.049892784771876246, 0.011402424772582777, -0.009515519617351783, -0.051179148326905274, 0.9736152550372013, 0.22238262057853855, -0.16681016360749767, -6.286477469839959e-06, -0.2226747520186177, 0.9748927914257688, 0.024992550710794766, 0.0, 0.0, 0.0, 1.0]}, {"left_foot_pose": [0.9995293739866863, -0.03060420720072816, -0.0021007235415842164, -0.029932717135188726, 0.0306762210479597, 0.9971829348254219, 0.06844825750284524, -0.005949127162073624, 1.011307630611329e-09, -0.06848048623202087, 0.9976524560213474, 2.0951003640301558e-09, 0.0, 0.0, 0.0, 1.0], "right_foot_pose": [0.9981821541020677, 0.05872496385271355, 0.01355602643303869, -0.011207533092323215, -0.060269289027103545, 0.972626193471055, 0.22442348489891473, -0.17157743399359474, -5.685349770688282e-06, -0.22483252966264358, 0.9743974207545777, 0.021837792790985723, 0.0, 0.0, 0.0, 1.0]}, {"left_foot_pose": [0.9995293739864028, -0.030654403027557647, -0.0011567685052500058, -0.029932717091107557, 0.030676221057207985, 0.9988184750018171, 0.03769115886642912, -0.005949126721317749, 1.7798762026675618e-09, -0.037708905712963155, 0.9992887662882697, 3.584990755645112e-09, 0.0, 0.0, 0.0, 1.0], "right_foot_pose": [0.9976802730413974, 0.06656537919366802, 0.01425212534488235, -0.012661036993520409, -0.06807402416053533, 0.9755831243205096, 0.208814498480406, -0.17567270258761147, -4.3166996839337195e-06, -0.20930030538400052, 0.9778514110781507, 0.014923779007209398, 0.0, 0.0, 0.0, 1.0]}, {"left_foot_pose": [0.9995293739848127, -0.030676211205934004, 2.4649099451079537e-05, -0.029932716963432214, 0.030676221109015158, 0.9995290512408056, -0.0008032335440503913, -0.005949126369064868, 2.6708564329430756e-09, 0.0008036116626730173, 0.999999677104096, 5.432670764637937e-09, 0.0, 0.0, 0.0, 1.0], "right_foot_pose": [0.9972568107152606, 0.07280185791366404, 0.013369478910780828, -0.013768765844504658, -0.07401927772812751, 0.9808608781087276, 0.18009187744143706, -0.17879375508202497, -2.5755513882119605e-06, -0.18058745050554872, 0.9835589319981148, 0.007129213982880599, 0.0, 0.0, 0.0, 1.0]}, {"left_foot_pose": [0.9995293739804952, -0.030643223133048132, 0.0014224718551680599, -0.029932716440333317, 0.030676221249699726, 0.9984541844496757, -0.0463487972311434, -0.005949126213909873, 3.5594475892692752e-09, 0.04637062034254407, 0.9989243042238232, 7.317546776852701e-09, 0.0, 0.0, 0.0, 1.0], "right_foot_pose": [0.9969898792504166, 0.07674944395655701, 0.010986515580417086, -0.01442345621376575, -0.07753180425776385, 0.986931032366358, 0.14126555376598512, -0.1806383722725208, -8.804621357998502e-07, -0.14169213176684867, 0.9899107736531565, 0.0013328069438254611, 0.0, 0.0, 0.0, 1.0]}, {"left_foot_pose": [0.9995293739672448, -0.030533057664256905, 0.0029602307882451175, -0.029932713397958697, 0.030676221681434652, 0.994864622108261, -0.09645389106064857, -0.005949126021948789, 3.333195850989407e-09, 0.09649930604444314, 0.99533305176355, 8.297151854463891e-09, 0.0, 0.0, 0.0, 1.0], "right_foot_pose": [0.9969346371545511, 0.07789197054923903, 0.007360038415637823, -0.014555275973176589, -0.07823892408209075, 0.9925136880942426, 0.09378299261615221, -0.1810097948908241, 3.2264566501929587e-09, -0.09407135520189422, 0.9955654574815656, 8.610170916523163e-09, 0.0, 0.0, 0.0, 1.0]}, {"left_foot_pose": [0.9995293739601583, -0.03034635765135817, 0.004486554146710699, -0.029932710959368905, 0.03067622191234656, 0.9887813338137275, -0.14618633079303728, -0.005949125898995832, 1.6845729992015062e-09, 0.146255162229723, 0.9892468991718695, 8.499633163960851e-09, 0.0, 0.0, 0.0, 1.0], "right_foot_pose": [0.9969346371469154, 0.07816405776777287, 0.0034218898322918084, -0.014555273768137556, -0.07823892417938827, 0.9959806747930637, 0.04360236440842982, -0.18100979400703116, 1.586198341455321e-09, -0.043736432319404606, 0.9990431044194092, 8.312479059247035e-09, 0.0, 0.0, 0.0, 1.0]}, {"left_foot_pose": [0.9995293739741744, -0.030101005317445306, 0.005912701723832699, -0.029932715890194386, 0.030676221455646992, 0.9807869723927446, -0.19265483181555254, -0.0059491261918428046, 3.29453201909345e-09, 0.19274554278518025, 0.9812487736229012, 8.074695877213767e-09, 0.0, 0.0, 0.0, 1.0], "right_foot_pose": [0.9969346371673762, 0.07823801521443628, -0.0003770825600243238, -0.014555278857214918, -0.07823892391866988, 0.9969230584933533, -0.004804813035535539, -0.18100979441845108, 3.2636668854747262e-09, 0.00481958707396335, 0.9999883857227726, 6.5361587878176586e-09, 0.0, 0.0, 0.0, 1.0]}, {"left_foot_pose": [0.9996335349905973, -0.026340736350818295, 0.0062419012088119645, -0.029301032544087516, 0.027070199462613187, 0.972655209645464, -0.2306708638961455, -0.006989448292997684, 4.8226808604687735e-06, 0.2307553006065869, 0.9730118145319236, 0.002844456720701348, 0.0, 0.0, 0.0, 1.0], "right_foot_pose": [0.9969346371748835, 0.07814854359837825, -0.003759565724364077, -0.014555279714527879, -0.07823892382301423, 0.9957829973351091, -0.047905041669150404, -0.18100979470543138, 2.3882217727430857e-09, 0.04805233971159812, 0.9988448191026679, 4.661370935077347e-09, 0.0, 0.0, 0.0, 1.0]}, {"left_foot_pose": [0.999856254724908, -0.01638718871885822, 0.004350854326843327, -0.02752930375076368, 0.01695493411564628, 0.9662264210107719, -0.2571362159437085, -0.009907304293752816, 9.829292557566658e-06, 0.2571730222760697, 0.966365374233151, 0.009617036721732676, 0.0, 0.0, 0.0, 1.0], "right_foot_pose": [0.9969346371773862, 0.07796311595195025, -0.00656366871922613, -0.014555280178988895, -0.07823892379112184, 0.9934202450381064, -0.08363544435486106, -0.1810097946528328, 1.5414714649943845e-09, 0.08389260574979648, 0.9964748018392181, 3.0180663870837954e-09, 0.0, 0.0, 0.0, 1.0]}, {"left_foot_pose": [0.9999986259547398, -0.0015995830066214904, 0.0004352273413499617, -0.02485040043115392, 0.0016576771504247117, 0.9626725162915333, -0.27066377386601587, -0.014319185356797506, 1.3967773327723232e-05, 0.27066412342815876, 0.9626738451281249, 0.01743949164360748, 0.0, 0.0, 0.0, 1.0], "right_foot_pose": [0.9969346371769532, 0.07774414565890492, -0.008785044827618698, -0.014555280398043635, -0.07823892379663902, 0.9906300850828258, -0.11194063306921638, -0.18100979437479026, 8.225569904757655e-10, 0.11228482686703567, 0.9936760627364633, 1.7524091205922687e-09, 0.0, 0.0, 0.0, 1.0]}, {"left_foot_pose": [0.9998470498614337, 0.016847683455630286, -0.004693873194644862, -0.021497282693967654, -0.01748932866243091, 0.9634144433147112, -0.26744482383389584, -0.019841432934775766, 1.6319497008096402e-05, 0.2674860108020323, 0.9635617436152653, 0.02343311541389756, 0.0, 0.0, 0.0, 1.0], "right_foot_pose": [0.9969346371751799, 0.07753919263276146, -0.01044044090312544, -0.014555280414206614, -0.07823892381923547, 0.9880185352139205, -0.13303399893766624, -0.18100979401513226, 2.577591067669596e-10, 0.13344305032334425, 0.9910564829112425, 8.774677026646138e-10, 0.0, 0.0, 0.0, 1.0]}, {"left_foot_pose": [0.9992334416579898, 0.03796017418499902, -0.009568398412188102, -0.017702905710028246, -0.039147526227035476, 0.9690275145796698, -0.24383016051721842, -0.026090390789700567, 1.620596708068041e-05, 0.2440178296014318, 0.969770745369221, 0.025000003759355342, 0.0, 0.0, 0.0, 1.0], "right_foot_pose": [0.9969346371733138, 0.0773821143539714, -0.011547189364595511, -0.014555280261781971, -0.07823892384301384, 0.9860170141437979, -0.14713639459643002, -0.18100979380297194, -1.332605781689455e-10, 0.14758880783127878, 0.9890488075939134, 3.6814307852184314e-10, 0.0, 0.0, 0.0, 1.0]}, {"left_foot_pose": [0.9980777422934838, 0.06061228055036528, -0.012921756259388231, -0.013700232309460245, -0.061974350650772905, 0.976189523914696, -0.20787783253780276, -0.03268238813094722, 1.413358501059449e-05, 0.20827905522563597, 0.9780694428079018, 0.025000005536939096, 0.0, 0.0, 0.0, 1.0], "right_foot_pose": [0.9969346371721757, 0.07729134509049698, -0.012139900349010389, -0.014555280013578056, -0.07823892385751599, 0.9848604150384624, -0.1546888285684693, -0.18100979383304042, -3.34278370777722e-10, 0.15516446392253974, 0.9878886521949884, 7.572699411984019e-11, 0.0, 0.0, 0.0, 1.0]}, {"left_foot_pose": [0.9964125815115664, 0.08345551601015602, -0.014040806705296695, -0.009722224650214448, -0.08462840709815703, 0.98262422702196, -0.16518977323528644, -0.03923376214976425, 1.0839070605275303e-05, 0.1657854194945241, 0.9861618500862523, 0.02500000671174947, 0.0, 0.0, 0.0, 1.0], "right_foot_pose": [0.9969346371720128, 0.0772738805289211, -0.012250575280743388, -0.01455527974475302, -0.07823892385959257, 0.9846378783212162, -0.1560990690823843, -0.1810097938706059, -3.623024950762801e-10, 0.15657904062516184, 0.9876654312250196, 1.3101096596468409e-11, 0.0, 0.0, 0.0, 1.0]}, {"left_foot_pose": [0.9943899786522068, 0.10510642384636881, -0.011883182330167866, -0.006001838789919498, -0.10577603845961689, 0.9881020280113056, -0.1116504004817513, -0.045360859822576254, 6.622244014887236e-06, 0.11228099530273726, 0.9936764956714904, 0.02245972707484429, 0.0, 0.0, 0.0, 1.0], "right_foot_pose": [0.9969346371717431, 0.07738077906332702, -0.011556134249721713, -0.01455527960341066, -0.07823892386303001, 0.9859999996412288, -0.14725037011923703, -0.18100979403880335, 8.889714521944427e-12, 0.14770313381594122, 0.9890317407752647, 2.8016138020614534e-10, 0.0, 0.0, 0.0, 1.0]}, {"left_foot_pose": [0.9922701194546472, 0.12386621322506239, -0.0075611678161911595, -0.002772044216239864, -0.12409677686653774, 0.9904280026542078, -0.06043477086689472, -0.050680001327233104, 2.966123516410406e-06, 0.060905933862643945, 0.9981435103288117, 0.01583856446177643, 0.0, 0.0, 0.0, 1.0], "right_foot_pose": [0.9969346371731761, 0.07751038171814399, -0.010652226541681879, -0.01455527952048377, -0.07823892384476981, 0.9876514209412379, -0.13573261033504733, -0.18100979422160582, 2.414104894137895e-10, 0.13614995937811028, 0.9906882398420497, 6.931135873577965e-10, 0.0, 0.0, 0.0, 1.0]}, {"left_foot_pose": [0.9903925396747927, 0.13826783599326853, -0.002150089824490467, -0.0002658053862869226, -0.13828455212433907, 0.990272878994175, -0.01539505675076253, -0.05480752020623292, 5.344586725851701e-07, 0.015544473562231879, 0.9998791773716404, 0.007998179194497017, 0.0, 0.0, 0.0, 1.0], "right_foot_pose": [0.9969346371743384, 0.07768137966297357, -0.009323757596963543, -0.014555279496362076, -0.07823892382995795, 0.9898303085324173, -0.11880501297735492, -0.18100979429391614, 5.399251975926428e-10, 0.11917031326750958, 0.9928738270473864, 1.181048502052473e-09, 0.0, 0.0, 0.0, 1.0]}, {"left_foot_pose": [0.9891300145662755, 0.14701042483978816, 0.003122382511140347, 0.001283920039651199, -0.14704357954019334, 0.9889070417299085, 0.021001155516032047, -0.05735975714386196, -3.572577027445157e-07, -0.021231999562613325, 0.9997745756891634, 0.0018172768305110484, 0.0, 0.0, 0.0, 1.0], "right_foot_pose": [0.9969346371744623, 0.07786498743433075, -0.007640218169319329, -0.014555279537461954, -0.07823892382838146, 0.9921698724644433, -0.09735304295227216, -0.18100979415155163, 8.204813918929952e-10, 0.0976523830008347, 0.9952205846415448, 1.6391565535456287e-09, 0.0, 0.0, 0.0, 1.0]}, {"left_foot_pose": [0.988795891100843, 0.14909374614688437, 0.007330798181621385, 0.0016788430831949715, -0.1492738615501426, 0.9876027993251979, 0.04855949982179355, -0.05801015049246758, 9.339925033518282e-10, -0.0491097304505171, 0.9987933892327676, 1.8181783925652617e-09, 0.0, 0.0, 0.0, 1.0], "right_foot_pose": [0.996934637170509, 0.07802768740333997, -0.005745364060833936, -0.01455528012138539, -0.07823892387875007, 0.9942430243225907, -0.07320846519469948, -0.18100979367908443, 9.021874558262196e-10, 0.07343356578809872, 0.9973001110075367, 1.9400156342497255e-09, 0.0, 0.0, 0.0, 1.0]}, {"left_foot_pose": [0.9887958910990235, 0.1488581312294051, 0.011132947164988503, 0.0016788418922706418, -0.1492738615621943, 0.9860420769664056, 0.07374507919914779, -0.05801015050249598, 3.316268135364855e-10, -0.07458068931477524, 0.9972149822286739, 1.7994767828599656e-09, 0.0, 0.0, 0.0, 1.0], "right_foot_pose": [0.9969346371668099, 0.07814726199073405, -0.0037861141599899784, -0.014555281268677773, -0.07823892392588802, 0.9957666642517963, -0.04824335340510306, -0.18100979321398855, 2.8970952331257174e-10, 0.04839169152036467, 0.9988284358145786, 2.0565495070790085e-09, 0.0, 0.0, 0.0, 1.0]}, {"left_foot_pose": [0.9887958911002178, 0.14855263080303518, 0.014656112200201172, 0.0016788432761644973, -0.14927386155428443, 0.9840184299504985, 0.09708266464425497, -0.05801015061232136, 7.218522072922295e-10, -0.0981827143607967, 0.995168405145957, 1.3625105071968235e-09, 0.0, 0.0, 0.0, 1.0], "right_foot_pose": [0.9969346371699791, 0.07821456839443804, -0.0019520506225563204, -0.014555279967586045, -0.07823892388550106, 0.9966242952826274, -0.02487337616096202, -0.18100979381951549, 6.951186593135596e-10, 0.024949856578299786, 0.9996887038757226, 1.4628581332387647e-09, 0.0, 0.0, 0.0, 1.0]}, {"left_foot_pose": [0.9887958910988799, 0.14823455104469505, 0.01758418671849398, 0.0016788438678751912, -0.14927386156314534, 0.9819114572850062, 0.1164783426498796, -0.058010150536963935, 4.232067361181818e-10, -0.11779816606812543, 0.993037558237848, 9.071492168555295e-10, 0.0, 0.0, 0.0, 1.0], "right_foot_pose": [0.996710104460116, 0.08104915801868784, -4.0639466198725595e-05, -0.014556340964860786, -0.08104916820735654, 0.9967099792096985, -0.0004996765931145334, -0.18182154766114791, 7.394356354508756e-09, 0.000501326504251117, 0.99999987433586, 0.002250301336916165, 0.0, 0.0, 0.0, 1.0]}, {"left_foot_pose": [0.9887958910996506, 0.14794924975782392, 0.019842006968690925, 0.001678843988787025, -0.1492738615580385, 0.9800216107155291, 0.13143422988739234, -0.0580101505875712, 7.505152464873359e-11, -0.1329235194637786, 0.9911262976903413, 5.441953346285722e-10, 0.0, 0.0, 0.0, 1.0], "right_foot_pose": [0.9959023763173735, 0.09038620342537326, 0.0029649748321440685, -0.014559891352518322, -0.09043482097062826, 0.9953674131878918, 0.03263825852668597, -0.18453403593638182, -1.1910541956020425e-06, -0.032772656193714875, 0.9994628322276872, 0.008710108649336884, 0.0, 0.0, 0.0, 1.0]}, {"left_foot_pose": [0.9887958911005126, 0.14774390253859962, 0.021317246665755185, 0.0016788438599120627, -0.14927386155232855, 0.9786613830309205, 0.1412062733070412, -0.05801015074800807, -2.2300487596173556e-10, -0.14280629057107924, 0.9897506571724665, 2.8295014248280737e-10, 0.0, 0.0, 0.0, 1.0], "right_foot_pose": [0.9944594086004064, 0.10483147742126618, 0.007800383824167421, -0.014565454924495251, -0.10512128534382556, 0.991720412663847, 0.07375729437493436, -0.1887832222680406, -3.7137251202859043e-06, -0.07416862171783516, 0.9972457147256562, 0.01655846196617445, 0.0, 0.0, 0.0, 1.0]}, {"left_foot_pose": [0.9887958911001886, 0.14765398865923235, 0.021931378807625582, 0.0016788435301979083, -0.14927386155447375, 0.9780657901477874, 0.1452743074297753, -0.058010150888058915, -4.007971424566425e-10, -0.14692041987281573, 0.9891483155848757, 1.553059764125564e-10, 0.0, 0.0, 0.0, 1.0], "right_foot_pose": [0.9923119655117965, 0.122865115600654, 0.014870321803941919, -0.01457252742010125, -0.12376171884032254, 0.9851300538072216, 0.11917136415879973, -0.1941860630268829, -7.197485189395884e-06, -0.12009554718730535, 0.9927623378704379, 0.02291665596627989, 0.0, 0.0, 0.0, 1.0]}, {"left_foot_pose": [0.9887958910993524, 0.14774106620594854, 0.021336895307622616, 0.0016788431957059091, -0.14927386156001607, 0.9786425949705105, 0.14133642688403875, -0.058010150796074286, -1.908791862806573e-10, -0.14293791892187221, 0.9897316562252041, 2.234631715780644e-10, 0.0, 0.0, 0.0, 1.0], "right_foot_pose": [0.9894306072058354, 0.1431264769764434, 0.023278425904768165, -0.014580603608192012, -0.14500714952195093, 0.9766098721392049, 0.15876424102348927, -0.20035950738072938, -1.0574058926695049e-05, -0.16046173758425308, 0.98704206124138, 0.02500000502732609, 0.0, 0.0, 0.0, 1.0]}, {"left_foot_pose": [0.9887958910949166, 0.14793289397745715, 0.019963582676093987, 0.001678842974840351, -0.14927386158939795, 0.9799132692335694, 0.13223955167108026, -0.05801015080431949, 1.1238228523671528e-11, -0.13373796640981792, 0.99101672858765, 5.873480382612151e-10, 0.0, 0.0, 0.0, 1.0], "right_foot_pose": [0.9858698621704074, 0.1643099642971877, 0.03260138795755603, -0.014589188966681576, -0.16751302841654173, 0.9670341205152729, 0.19179258345924569, -0.20692049652376387, -1.3221990458358877e-05, -0.1945436850476258, 0.9808938548249091, 0.025000004129028974, 0.0, 0.0, 0.0, 1.0]}, {"left_foot_pose": [0.9887958910895712, 0.14823423054602283, 0.017586888832586845, 0.0016788427890175078, -0.14927386162480405, 0.9819093338945982, 0.11649624133973663, -0.05801015080514759, 3.976156511304917e-10, -0.11781626757411712, 0.9930354107960627, 1.2316310124549368e-09, 0.0, 0.0, 0.0, 1.0], "right_foot_pose": [0.9817943026430578, 0.18528304819630267, 0.04183466682929521, -0.014597779990313442, -0.18994722184292534, 0.957703110577636, 0.2161592119343396, -0.21348599189157882, -1.4552869489932177e-05, -0.22017026148189717, 0.9754614578481338, 0.025000002748559062, 0.0, 0.0, 0.0, 1.0]}, {"left_foot_pose": [0.988795891084938, 0.14860398113334836, 0.014125953591292408, 0.00167884262957192, -0.1492738616554948, 0.9843585757070379, 0.09357087505451897, -0.058010150430709284, 9.936041970524205e-10, -0.09463113242126919, 0.9955124051344962, 2.228545833982132e-09, 0.0, 0.0, 0.0, 1.0], "right_foot_pose": [0.9774865819388768, 0.2052572998911228, 0.048881724303227916, -0.014605871999115014, -0.21099758750913852, 0.9509089236428584, 0.22638956910976207, -0.21967294