{"LoopMode": "Wrap", "FrameDuration": 0.0167, "EnableCycleOffsetPosition": true, "EnableCycleOffsetRotation": false, "Debug_info": [{"left_foot_pose": [1.0000000000000004, 1.1357100451640296e-13, -8.629652548108884e-12, 1.531537324231192e-12, -2.997544769856412e-14, 0.9999534534272204, 0.009648366648115034, 4.0169256809718945e-14, 8.630000230769507e-12, -0.009648366648115206, 0.9999534534272205, 1.8042366212167593e-11, 0.0, 0.0, 0.0, 1.0], "right_foot_pose": [0.9999999999999998, -1.9632174160602867e-13, -8.692213615546505e-12, 1.4324969362501455e-12, 6.774533067190414e-14, 0.9998905124312364, -0.014797403488431156, -0.14000000000220147, 8.694028436532207e-12, 0.014797403488431006, 0.9998905124312363, 1.5065483582876738e-11, 0.0, 0.0, 0.0, 1.0]}, {"left_foot_pose": [1.0000000000000002, 1.7473445959619115e-13, -1.9258927785870134e-11, 3.228703118955264e-12, -4.6304407709123354e-14, 0.9999778801721673, 0.006651252993194768, 1.0046598969415399e-12, 1.925936092686327e-11, -0.006651252993194941, 0.9999778801721675, 3.926063640857791e-11, 0.0, 0.0, 0.0, 1.0], "right_foot_pose": [1.0, -5.207006739807386e-13, -1.9373669335465135e-11, 3.203409511133811e-12, 1.759142718923927e-13, 0.9998416450812232, -0.017795638827349507, -0.1400000000039812, 1.9379733289779195e-11, 0.017795638827349358, 0.9998416450812231, 3.4685164462811e-11, 0.0, 0.0, 0.0, 1.0]}, {"left_foot_pose": [1.0000000000000004, 1.0247540403290661e-13, -3.3828495560328526e-11, 5.4928700512660155e-12, -1.8342274881623174e-14, 0.9999969315834341, 0.002477261334086691, 2.725557626814812e-12, 3.3828415296364154e-11, -0.002477261334086864, 0.9999969315834341, 6.824025372553777e-11, 0.0, 0.0, 0.0, 1.0], "right_foot_pose": [0.9999999999999998, -1.1235355541145354e-12, -3.403566317672357e-11, 5.629864429275067e-12, 3.7548114771768933e-13, 0.9997585750814169, -0.02197251808908458, -0.140000000006005, 3.405198337277606e-11, 0.02197251808908443, 0.9997585750814167, 6.188522611028091e-11, 0.0, 0.0, 0.0, 1.0]}, {"left_foot_pose": [1.0000000000000007, -2.5113814501869267e-13, -5.212880127558606e-11, 8.279985364418227e-12, 1.0284362588041564e-13, 0.9999959355666553, -0.0028511138473564933, 5.348875856125979e-12, 5.212888527508745e-11, 0.002851113847356319, 0.9999959355666554, 1.0473534539645613e-10, 0.0, 0.0, 0.0, 1.0], "right_foot_pose": [0.9999999999999998, -2.1473274340536784e-12, -5.2496507141341895e-11, 8.675320986128116e-12, 7.130837664189206e-13, 0.999627099214765, -0.027306821775414554, -0.14000000000806004, 5.253525220937147e-11, 0.027306821775414408, 0.9996270992147651, 9.629132907695848e-11, 0.0, 0.0, 0.0, 1.0]}, {"left_foot_pose": [1.0000000000000007, -1.0713593634239351e-12, -7.435552173973291e-11, 1.1607135913556319e-11, 3.7850747922409693e-13, 0.9999565495403162, -0.009321964998114062, 9.113956117579036e-12, 7.436188764496364e-11, 0.009321964998113887, 0.9999565495403164, 1.4934199016325422e-10, 0.0, 0.0, 0.0, 1.0], "right_foot_pose": [0.9999999999999999, -3.788644755814676e-12, -7.49884598860717e-11, 1.2372256135271513e-11, 1.2528181433648283e-12, 0.9994290139675418, -0.033788252986316596, -0.14000000000993762, 7.507362222547839e-11, 0.033788252986316464, 0.9994290139675416, 1.3830245282342446e-10, 0.0, 0.0, 0.0, 1.0]}, {"left_foot_pose": [1.0000000000000007, -2.6038818265415483e-12, -1.0115269732935414e-10, 1.555758430367188e-11, 8.896265323136655e-13, 0.9998563921715694, -0.016946829604783487, 1.4389987465501797e-11, 1.0118206552774563e-10, 0.016946829604783303, 0.9998563921715695, 2.036166513175175e-10, 0.0, 0.0, 0.0, 1.0], "right_foot_pose": [0.9999999999999999, -6.324218150025584e-12, -1.022082418700165e-10, 1.6831120882691584e-11, 2.084329252316664e-12, 0.9991413949044516, -0.04143033898469105, -0.1400000000114024, 1.0238235473883277e-10, 0.041430338984690895, 0.9991413949044516, 1.8919918409743275e-10, 0.0, 0.0, 0.0, 1.0]}, {"left_foot_pose": [1.0000000000000007, -5.1933405673433784e-12, -1.3362505546510298e-10, 2.028180827517317e-11, 1.7491368942209495e-12, 0.9996680336540563, -0.025764752865754543, 2.1720019879878372e-11, 1.3371435279327471e-10, 0.025764752865754355, 0.9996680336540565, 2.7015840259325685e-10, 0.0, 0.0, 0.0, 1.0], "right_foot_pose": [0.9999999999999998, -1.0152135988320092e-11, -1.3533346665539617e-10, 2.224404930317519e-11, 3.3355317390345588e-12, 0.9987354336950957, -0.05027458087213877, -0.14000000001214036, 1.356725369519355e-10, 0.050274580872138624, 0.9987354336950955, 2.511910679459106e-10, 0.0, 0.0, 0.0, 1.0]}, {"left_foot_pose": [1.0000000000000002, -9.336775698899876e-12, -1.733291288275039e-10, 2.5996754033242354e-11, 3.118538439611576e-12, 0.9993574442122974, -0.03584269378082033, 3.187299903173457e-11, 1.7355208668439653e-10, 0.03584269378082015, 0.9993574442122973, 3.526859984614994e-10, 0.0, 0.0, 0.0, 1.0], "right_foot_pose": [0.9999999999999999, -1.584863443960091e-11, -1.7602402868632786e-10, 2.8887039992822438e-11, 5.189511307912839e-12, 0.9981747988234412, -0.06039098437501087, -0.14000000001168827, 1.766597972079761e-10, 0.06039098437501072, 0.9981747988234412, 3.2743870809204267e-10, 0.0, 0.0, 0.0, 1.0]}, {"left_foot_pose": [1.0000000000000007, -1.5752676804299877e-11, -2.222531603202069e-10, 3.298667565297641e-11, 5.228689051108101e-12, 0.9988819752953024, -0.04727366529216579, 4.590233228241036e-11, 2.2274890317029746e-10, 0.04727366529216561, 0.9988819752953026, 4.561584443507627e-10, 0.0, 0.0, 0.0, 1.0], "right_foot_pose": [1.0, -2.4242834967097673e-11, -2.264213816438597e-10, 3.712438471887467e-11, 7.905858318098116e-12, 0.9974135500985082, -0.0718763527169471, -0.14000000000934235, 2.2757812725001073e-10, 0.07187635271694694, 0.9974135500985083, 4.22092243101968e-10, 0.0, 0.0, 0.0, 1.0]}, {"left_foot_pose": [1.0000000000000004, -2.5457596603804304e-11, -2.827049150333489e-10, 4.1594404051541376e-11, 8.400923894048602e-12, 0.9981880314115785, -0.06017187006133904, 6.517832627783715e-11, 2.837243679408081e-10, 0.06017187006133888, 0.9981880314115785, 5.867667046688396e-10, 0.0, 0.0, 0.0, 1.0], "right_foot_pose": [1.0, -3.6498265453831244e-11, -2.890451211712273e-10, 4.740029312639603e-11, 1.1841359524325433e-11, 0.9963937718754149, -0.08484958083505204, -0.14000000000405033, 2.9109950202617395e-10, 0.08484958083505188, 0.9963937718754149, 5.401795330484127e-10, 0.0, 0.0, 0.0, 1.0]}, {"left_foot_pose": [1.0000000000000002, -3.980355185640845e-11, -3.5682101717782127e-10, 5.216442942420084e-11, 1.3051902137110068e-11, 0.9972089133723521, -0.07466179137104605, 9.128619214704425e-11, 3.58796683426335e-10, 0.0746617913710459, 0.9972089133723522, 7.512593186431715e-10, 0.0, 0.0, 0.0, 1.0], "right_foot_pose": [1.0, -5.414459996296715e-11, -3.663122583041908e-10, 6.017346866178639e-11, 1.744989394970252e-11, 0.9950434747745779, -0.09944085331760771, -0.13999999999432183, 3.698806310305088e-10, 0.09944085331760755, 0.9950434747745781, 6.868415211580547e-10, 0.0, 0.0, 0.0, 1.0]}, {"left_foot_pose": [1.0, -6.033150640011194e-11, -4.452108681718404e-10, 6.486456560757803e-11, 1.9633261142703548e-11, 0.9958642429148109, -0.09085378188997756, 1.2553613530641439e-10, 4.488506429689977e-10, 0.0908537818899774, 0.9958642429148109, 9.544849147169465e-10, 0.0, 0.0, 0.0, 1.0], "right_foot_pose": [0.9999999999999998, -7.888971702416957e-11, -4.5914849700068275e-10, 7.570348348597513e-11, 2.5205067656649444e-11, 0.9932763807784334, -0.11576714295384814, -0.13999999997829812, 4.6519405306604143e-10, 0.11576714295384798, 0.9932763807784332, 8.649354774070694e-10, 0.0, 0.0, 0.0, 1.0]}, {"left_foot_pose": [1.0000000000000002, -8.800861150197715e-11, -5.434240835100452e-10, 7.917029339827127e-11, 2.8368594620385806e-11, 0.9940649662019408, -0.10878806446451335, 1.6742577463313424e-10, 5.497729816867694e-10, 0.10878806446451317, 0.9940649662019411, 1.191935876387884e-09, 0.0, 0.0, 0.0, 1.0], "right_foot_pose": [1.0, -1.1170525923358082e-10, -5.632904698238399e-10, 9.343331839571335e-11, 3.528893499430808e-11, 0.9909981518456359, -0.13387555056295422, -0.13999999995440718, 5.731743050933216e-10, 0.1338755505629541, 0.9909981518456358, 1.0682645323889517e-09, 0.0, 0.0, 0.0, 1.0]}, {"left_foot_pose": [1.0000000000000004, -1.2066415980818185e-10, -6.331423163530281e-10, 9.245534114358418e-11, 3.843037292075861e-11, 0.9917344578249543, -0.12830730751849231, 2.1052970824997352e-10, 6.433908458955615e-10, 0.1283073075184921, 0.9917344578249545, 1.428927767777033e-09, 0.0, 0.0, 0.0, 1.0], "right_foot_pose": [1.0, -1.4979394556831243e-10, -6.599332746937127e-10, 1.1031927131470845e-10, 4.664128708621003e-11, 0.9881309714950121, -0.15361374669060043, -0.1399999999237495, 6.751108524418648e-10, 0.1536137466906003, 0.9881309714950121, 1.2635782489778258e-09, 0.0, 0.0, 0.0, 1.0]}, {"left_foot_pose": [1.0000000000000002, -1.4625226010423254e-10, -6.636363125700457e-10, 9.674892406544532e-11, 4.589814318331002e-11, 0.9888723160797247, -0.1487667385241805, 2.336594112639645e-10, 6.780090809906346e-10, 0.14876673852418026, 0.9888723160797249, 1.5513780399212251e-09, 0.0, 0.0, 0.0, 1.0], "right_foot_pose": [1.0, -1.7866922784418668e-10, -6.95757673696561e-10, 1.1703729177780624e-10, 5.463878686332257e-11, 0.9846865124220241, -0.1743343691133538, -0.13999999989647932, 7.162512082452667e-10, 0.17433436911335362, 0.9846865124220243, 1.3499770815106338e-09, 0.0, 0.0, 0.0, 1.0]}, {"left_foot_pose": [0.9999999970747628, 7.53383498501683e-05, -1.321394493159079e-05, 7.015745706203942e-06, -7.648766985323828e-05, 0.9857097102800605, -0.16845284565490876, -1.7223977653087197e-05, 3.341544108815549e-07, 0.16845284617284778, 0.9857097131590802, 0.00016386123786385487, 0.0, 0.0, 0.0, 1.0], "right_foot_pose": [1.0, -1.6379724791585353e-10, -5.742973874234271e-10, 5.7737278954863816e-11, 4.912507551384288e-11, 0.9809536956985322, -0.1942417228491127, -0.139999999965768, 5.951751488265072e-10, 0.19424172284911256, 0.9809536956985323, 1.0830491017910227e-09, 0.0, 0.0, 0.0, 1.0]}, {"left_foot_pose": [0.9999976677543069, 0.0021213760100100005, -0.000405277400994871, 0.00019813281920359058, -0.0021597412921586347, 0.982395654772736, -0.1867996600671402, -0.0004864167907004599, 1.8704401700611066e-06, 0.18680009969877498, 0.9823979452080659, 0.004191209181004012, 0.0, 0.0, 0.0, 1.0], "right_foot_pose": [1.0, -1.2069208052511197e-10, -3.810484150434938e-10, -7.382654298600036e-11, 3.747842877916205e-11, 0.9774355246278745, -0.21123398210380787, -0.14000000016691289, 3.9794436631800335e-10, 0.21123398210380775, 0.9774355246278745, 6.368491498043305e-10, 0.0, 0.0, 0.0, 1.0]}, {"left_foot_pose": [0.999977566161944, 0.006558695573420941, -0.0013603989161413846, 0.0006145096663331723, -0.006698295430272219, 0.9792380000511693, -0.20260323811360026, -0.001508619603451923, 3.3413529375286533e-06, 0.20260780529920983, 0.9792599640650457, 0.011469802406320333, 0.0, 0.0, 0.0, 1.0], "right_foot_pose": [0.9999999999999999, -6.541661482775333e-11, -1.739942079304054e-10, -1.2261123945912557e-10, 2.4720375870087243e-11, 0.974516960976577, -0.22431382652207768, -0.14000000019259534, 1.8423394888280316e-10, 0.2243138265220775, 0.9745169609765771, 3.090987327203365e-10, 0.0, 0.0, 0.0, 1.0]}, {"left_foot_pose": [0.9999133394334626, 0.012862428326550953, -0.0028056301549681754, 0.0012077933128241283, -0.013164862409567216, 0.9770161451537948, -0.2127584040797384, -0.0029651291602698533, 4.556235387048738e-06, 0.21277690205086722, 0.9771008084803111, 0.019120926521387256, 0.0, 0.0, 0.0, 1.0], "right_foot_pose": [0.9999999999999998, -1.6641253427023593e-11, -4.513334150857323e-12, -1.1269075273958954e-10, 1.5131788251935134e-11, 0.9724794311964744, -0.2329887462942825, -0.14000000010216196, 8.266129387129337e-12, 0.2329887462942824, 0.9724794311964744, 9.38995825539024e-11, 0.0, 0.0, 0.0, 1.0]}, {"left_foot_pose": [0.9997788068241643, 0.020549146454790956, -0.004479955940735634, 0.0019296327136416604, -0.02103181869167529, 0.9768875753845264, -0.21271654299057793, -0.004737247078033732, 5.269901504195567e-06, 0.21276371316397308, 0.9771036804417983, 0.024265877602078774, 0.0, 0.0, 0.0, 1.0], "right_foot_pose": [1.0, 1.1317181542563374e-11, 9.708966963728465e-11, -4.8597160474015495e-11, 1.2010403327722494e-11, 0.971522222178673, -0.23694845813596901, -0.13999999999808663, -9.700651017664346e-11, 0.23694845813596896, 0.971522222178673, -5.248024237403115e-12, 0.0, 0.0, 0.0, 1.0]}, {"left_foot_pose": [0.9995567374467995, 0.02917255910573815, -0.005940574040678319, 0.002731679835153238, -0.029771271331240166, 0.9794907053970402, -0.19927776956833768, -0.006706275339186021, 5.29454637509452e-06, 0.19936629563703076, 0.979925038018693, 0.02500000089679357, 0.0, 0.0, 0.0, 1.0], "right_foot_pose": [1.0, 8.999757418424918e-12, 1.1080542039465508e-10, 6.527806111058687e-11, 1.7405445762349516e-11, 0.9717512791368078, -0.23600731237819284, -0.13999999998094614, -1.0979950855008963e-10, 0.23600731237819272, 0.9717512791368079, 3.053676755904178e-11, 0.0, 0.0, 0.0, 1.0]}, {"left_foot_pose": [0.9992448452218108, 0.03822750718498074, -0.006956794668766248, 0.0035655827846723977, -0.03885536352514951, 0.9831203094560855, -0.1787867944236935, -0.008753507157391437, 4.792659168262658e-06, 0.17892209150743163, 0.983863245145197, 0.02500000151323667, 0.0, 0.0, 0.0, 1.0], "right_foot_pose": [0.9999999999999998, -2.145816292356516e-11, 4.074673931597784e-11, 1.9889631533165952e-10, 3.027357189488462e-11, 0.9730655850772059, -0.23052845190638635, -0.13999999996817106, -3.470280161513755e-11, 0.2305284519063863, 0.973065585077206, 1.8334556095567223e-10, 0.0, 0.0, 0.0, 1.0]}, {"left_foot_pose": [0.9988590016457277, 0.04719331345387384, -0.007313412100051481, 0.004382989438484338, -0.047756620652161894, 0.9870895758443512, -0.15288385932892215, -0.010760241633903201, 3.896952466805913e-06, 0.15305868294436786, 0.9882171014307285, 0.024910270828707802, 0.0, 0.0, 0.0, 1.0], "right_foot_pose": [0.9999999999999998, -7.878001460976316e-11, -1.1930806342874643e-10, 3.339142384338174e-10, 5.0532390120539766e-11, 0.9753848685961625, -0.22050931525368095, -0.13999999997876775, 1.3374279925010908e-10, 0.2205093152536808, 0.9753848685961622, 4.696557864836137e-10, 0.0, 0.0, 0.0, 1.0]}, {"left_foot_pose": [0.9984336635505243, 0.05554919295985913, -0.006671330496041173, 0.00513555010446037, -0.055948364425001534, 0.9913159331589287, -0.11900630732616771, -0.012607781668470507, 2.6918869927258656e-06, 0.11919315343907717, 0.9928710853711086, 0.02116383382186185, 0.0, 0.0, 0.0, 1.0], "right_foot_pose": [1.0, -1.6178810116954716e-10, -3.8965763948794936e-10, 4.43582715170687e-10, 7.826847685185609e-11, 0.9786610802067488, -0.20548111856946924, -0.14000000019170092, 4.145870510722094e-10, 0.20548111856946905, 0.9786610802067484, 9.143191273541795e-10, 0.0, 0.0, 0.0, 1.0]}, {"left_foot_pose": [0.9980195197849592, 0.06269686900955547, -0.005112802030073662, 0.005774911656636282, -0.06290499285446806, 0.9947194366465445, -0.08109379897107619, -0.014177414479581154, 1.47626346311968e-06, 0.08125481508181939, 0.9966933605797929, 0.01399681259775875, 0.0, 0.0, 0.0, 1.0], "right_foot_pose": [0.9999999999999998, -2.441074597245215e-10, -7.299493787193952e-10, 5.047140887230553e-10, 1.0453903881929168e-10, 0.9826622046620639, -0.18540493933197297, -0.14000000035947163, 7.625520608857887e-10, 0.18540493933197283, 0.9826622046620637, 1.489213807825962e-09, 0.0, 0.0, 0.0, 1.0]}, {"left_foot_pose": [0.9976783707086812, 0.06803563006811053, -0.0030036080482694623, 0.006252721146792417, -0.06810189879718505, 0.9967078967777839, -0.04399431646276262, -0.015350435961448585, 5.388205753763205e-07, 0.04409672938034057, 0.9990272661232367, 0.006287910891849352, 0.0, 0.0, 0.0, 1.0], "right_foot_pose": [1.0, -3.0019737094299544e-10, -1.0957572071923475e-09, 4.830491425443268e-10, 1.2026080950971069e-10, 0.9870108573663908, -0.1606535634241032, -0.14000000036827617, 1.1297520259839909e-09, 0.16065356342410295, 0.9870108573663908, 2.111376642965901e-09, 0.0, 0.0, 0.0, 1.0]}, {"left_foot_pose": [0.997475246281591, 0.0710117281128696, -0.0006837586590757493, 0.006520628323325407, -0.07101501992872908, 0.9974290157885768, -0.009603406039221279, -0.016008145553427958, 4.626774395460827e-08, 0.009627716938914885, 0.9999536524592243, 0.0009158367285517777, 0.0, 0.0, 0.0, 1.0], "right_foot_pose": [1.0, -3.0006556386726675e-10, -1.3898210360352418e-09, 3.6875548014274253e-10, 1.1392033820187419e-10, 0.9912438218858124, -0.1320442561159251, -0.14000000013422034, 1.4172732995278025e-09, 0.13204425611592496, 0.9912438218858125, 2.630137829751078e-09, 0.0, 0.0, 0.0, 1.0]}, {"left_foot_pose": [0.9974438992219147, 0.07143595655592937, 0.001603750580057311, 0.006561000259531196, -0.0714539565383444, 0.997192632439145, 0.022387181691870338, -0.016107254828143854, 1.4760468380881423e-09, -0.022444552123574532, 0.9997480893104889, 2.7755714046562296e-09, 0.0, 0.0, 0.0, 1.0], "right_foot_pose": [0.9999999999999999, -2.3085337505793762e-10, -1.4716100005252018e-09, 2.685018467442273e-10, 8.054488249473392e-11, 0.9948527274864519, -0.10133139006629321, -0.13999999992730683, 1.487427816028089e-09, 0.10133139006629305, 0.9948527274864519, 2.7933037410887707e-09, 0.0, 0.0, 0.0, 1.0]}, {"left_foot_pose": [0.9974438992206859, 0.07135295438818036, 0.0037978688120134563, 0.006561000226841272, -0.07145395655549776, 0.9960339833643708, 0.053015432431229546, -0.016107254922500293, 1.3310099374201563e-09, -0.05315129239617366, 0.9985864710262291, 2.4779196611257603e-09, 0.0, 0.0, 0.0, 1.0], "right_foot_pose": [0.9999999999999998, -1.472207265685787e-10, -1.3164189183179068e-09, 2.1334242978636257e-10, 5.349905268748125e-11, 0.9974825097905528, -0.07091292309544094, -0.14000000000828405, 1.3235446572677513e-09, 0.07091292309544078, 0.9974825097905528, 2.513151853289486e-09, 0.0, 0.0, 0.0, 1.0]}, {"left_foot_pose": [0.9974438992204618, 0.0712204185232944, 0.005772338629049932, 0.006561000214606766, -0.07145395655862305, 0.9941838814555294, 0.08057755237122136, -0.01610725494869362, 9.801562594264902e-10, -0.08078404446043394, 0.9967316279523869, 1.816707735635692e-09, 0.0, 0.0, 0.0, 1.0], "right_foot_pose": [0.9999999990493735, 4.355784192758683e-05, -1.991709481452793e-06, 1.1386827793774537e-06, -4.3603233845580895e-05, 0.9990607970273371, -0.04333038127987748, -0.14001010765104488, 1.0246096331846537e-07, 0.04333038132553132, 0.9990607979768666, 3.740127118590647e-05, 0.0, 0.0, 0.0, 1.0]}, {"left_foot_pose": [0.9974438992202459, 0.07106870079956681, 0.007409971320741973, 0.006561000536904176, -0.07145395656163851, 0.9920660155368117, 0.10343767644626946, -0.016107254764523245, 5.553516165548891e-10, -0.10370275108972463, 0.9946083346807545, 1.1791795803683947e-09, 0.0, 0.0, 0.0, 1.0], "right_foot_pose": [0.9999899413955411, 0.004484737297614413, -6.510847560955818e-05, 0.00011711316449367006, -0.004485209876208691, 0.9998856397095486, -0.014442658861621624, -0.14103980586338227, 3.294989118567616e-07, 0.014442805613806477, 0.9998956972434139, 0.0034929915303575435, 0.0, 0.0, 0.0, 1.0]}, {"left_foot_pose": [0.9974438992208605, 0.0709264889346345, 0.008666087611557875, 0.006561000610953531, -0.07145395655305578, 0.9900808447661366, 0.12097211629168136, -0.016107254834797923, 1.2429253011355607e-10, -0.1212821256186554, 0.9926180766062149, 6.649864200958255e-10, 0.0, 0.0, 0.0, 1.0], "right_foot_pose": [0.9998832476236675, 0.01527730432963683, 0.00030837309673183107, 0.00039899761666280226, -0.015280416254026756, 0.9996806796322625, 0.020125795613622727, -0.1435425949405612, -8.06722455818572e-07, -0.020128157948439022, 0.9997974081067383, 0.010538499591214785, 0.0, 0.0, 0.0, 1.0]}, {"left_foot_pose": [0.9974438992215489, 0.07081930228080778, 0.009502332880528236, 0.0065610004462976655, -0.07145395654344656, 0.9885845998429647, 0.1326454712668827, -0.01610725502754695, -2.2244222782470208e-10, -0.13298539535522616, 0.9911179973253516, 2.9733658590824774e-10, 0.0, 0.0, 0.0, 1.0], "right_foot_pose": [0.9995164119913293, 0.031039813436940556, 0.001863368395826742, 0.0008120571125421719, -0.031095693431962067, 0.997726320466907, 0.059793371685767045, -0.1472100722409724, -3.156591350799779e-06, -0.05982239906060942, 0.9982090365052148, 0.01829521056277099, 0.0, 0.0, 0.0, 1.0]}, {"left_foot_pose": [0.9974438992215908, 0.07076591111330734, 0.009892104423885469, 0.0065610000966000205, -0.07145395654286421, 0.9878392994116929, 0.1380863882943826, -0.016107255195225358, -4.238006012372566e-10, -0.13844025556939754, 0.9903707869469298, 1.1314887221614e-10, 0.0, 0.0, 0.0, 1.0], "right_foot_pose": [0.9987193826844781, 0.05033312164928053, 0.005115810334009724, 0.0013215604199157027, -0.05059243630764211, 0.9936128181430577, 0.10086611428159704, -0.15173383416000896, -6.228322635048547e-06, -0.10099576469758412, 0.9948868556144254, 0.02388442002997413, 0.0, 0.0, 0.0, 1.0]}, {"left_foot_pose": [0.9974438992205434, 0.07077665250791879, 0.009814956316377826, 0.006560999706512244, -0.07145395655748567, 0.9879892410844696, 0.13700945804438255, -0.016107255224550598, -4.3999008463867486e-10, -0.13736056552412662, 0.9905211128688239, 1.7792697176721717e-10, 0.0, 0.0, 0.0, 1.0], "right_foot_pose": [0.9973737005381725, 0.07174776908504757, 0.00989742926778282, 0.0018927737174845797, -0.0724272144424546, 0.9880344231163719, 0.13617003100978067, -0.15680546829946265, -9.104875735403254e-06, -0.13652925096262952, 0.9906360398999651, 0.025000004065142453, 0.0, 0.0, 0.0, 1.0]}, {"left_foot_pose": [0.997443899218455, 0.0708497005092786, 0.009272963368380653, 0.006560999400374504, -0.07145395658664228, 0.9890089358822899, 0.12944364346346146, -0.016107255247023076, -2.6122184191097636e-10, -0.12977536238719234, 0.9915434207926922, 4.884614518418928e-10, 0.0, 0.0, 0.0, 1.0], "right_foot_pose": [0.9954528449997548, 0.09395585419981055, 0.015682182356987203, 0.002490955319277707, -0.09525562060823235, 0.9818891207360289, 0.16376849917724823, -0.16211656445199893, -1.1155014504880514e-05, -0.1645176344402382, 0.9863741419125672, 0.025000003165800026, 0.0, 0.0, 0.0, 1.0]}, {"left_foot_pose": [0.9974438992157126, 0.07097609575978432, 0.00824995442739215, 0.006560999140242564, -0.07145395662492093, 0.9907733180277357, 0.11516320752287214, -0.016107255238994925, 1.2354213305146214e-10, -0.11545833064361441, 0.9933123244402995, 1.0698359351191122e-09, 0.0, 0.0, 0.0, 1.0], "right_foot_pose": [0.9930446143449752, 0.11573395028665294, 0.02163438632098478, 0.0030813730638026603, -0.11773866730172293, 0.9761548232049583, 0.18237150916662032, -0.1673587229432005, -1.1935378717046106e-05, -0.18365024880120115, 0.9829916510188699, 0.02499255209861577, 0.0, 0.0, 0.0, 1.0]}, {"left_foot_pose": [0.9974438992132135, 0.071138061511671, 0.006711492136866415, 0.006560998907350602, -0.0714539566598062, 0.9930342377884555, 0.09368743062738163, -0.01610725483245144, 7.24284470901372e-10, -0.0939275187805134, 0.9955790381560559, 1.9950825297376795e-09, 0.0, 0.0, 0.0, 1.0], "right_foot_pose": [0.9903555009245839, 0.13608848845795554, 0.025998174890663577, 0.0036292950936899332, -0.13854956394449663, 0.9727784572259287, 0.18575815322060973, -0.17222353659149436, -1.0918170295591444e-05, -0.18756864467807688, 0.982251497028344, 0.02183779434653038, 0.0, 0.0, 0.0, 1.0]}, {"left_foot_pose": [0.9974438992127528, 0.07130308464249366, 0.00464090979503586, 0.006560998931339997, -0.07145395666623525, 0.99533783702629, 0.06478365735713533, -0.016107254432105433, 1.4867607316980933e-09, -0.06494967516695055, 0.9978885407177039, 3.2764413335217846e-09, 0.0, 0.0, 0.0, 1.0], "right_foot_pose": [0.9876972172614779, 0.15398017527861618, 0.02728209367148023, 0.0040999775135059854, -0.15637840946031728, 0.9725590358428854, 0.17226350412962807, -0.1764025978387298, -8.282156921600356e-06, -0.17441051407963842, 0.9846730282230147, 0.01492378022498423, 0.0, 0.0, 0.0, 1.0]}, {"left_foot_pose": [0.997443899218272, 0.07142472583822197, 0.0020436367545458465, 0.006560999509091988, -0.07145395658918864, 0.9970358588069013, 0.02852767675321334, -0.016107254133122, 2.3642415165536254e-09, -0.02860078306830713, 0.9995909139282333, 4.802101126466507e-09, 0.0, 0.0, 0.0, 1.0], "right_foot_pose": [0.9854557781265606, 0.1680520100306287, 0.025207762329095985, 0.004458688541570754, -0.16993207270328034, 0.9745573294947663, 0.14615437795289085, -0.17958750867014148, -4.872548223123494e-06, -0.14831228355296466, 0.9889405778526651, 0.007129214461264244, 0.0, 0.0, 0.0, 1.0]}, {"left_foot_pose": [0.9974438992263646, 0.07144666608284138, -0.0010206869028937357, 0.006560999979347672, -0.07145395647622825, 0.9973421314036607, -0.014247983404586167, -0.0161072541135822, 3.138566271943496e-09, 0.014284496240718009, 0.9998979713786551, 6.387421348785782e-09, 0.0, 0.0, 0.0, 1.0], "right_foot_pose": [0.9840435746299278, 0.17680202162443875, 0.0199822015570122, 0.004670694873719291, -0.17792763480404597, 0.977819293403844, 0.1105042362095013, -0.18146986690028416, -1.6098472267717428e-06, -0.11229636947256465, 0.9936747583594391, 0.0013328065615824322, 0.0, 0.0, 0.0, 1.0]}, {"left_foot_pose": [0.9974438992543466, 0.07131832968863823, -0.0044004193786736714, 0.006561002762495173, -0.07145395608561816, 0.9955506584205266, -0.06142653073527199, -0.01610725416462962, 2.8391573583869256e-09, 0.06158394570729851, 0.9981019074378735, 7.093939755065115e-09, 0.0, 0.0, 0.0, 1.0], "right_foot_pose": [0.9837513800225969, 0.17912468783430255, 0.012147778064299961, 0.004713385338383201, -0.17953613091418616, 0.9814969152531615, 0.06656262498499226, -0.18184888870682345, 2.7245779344278993e-09, -0.0676620392597815, 0.9977082982732016, 7.577980881690038e-09, 0.0, 0.0, 0.0, 1.0]}, {"left_foot_pose": [0.9974438992688807, 0.07103084025378482, -0.007764505401691628, 0.006561004931475935, -0.07145395588273286, 0.9915375226750219, -0.10838668421992526, -0.016107254174120397, 1.1983269687431955e-09, 0.10866444156357064, 0.9940784874141871, 7.084247168054336e-09, 0.0, 0.0, 0.0, 1.0], "right_foot_pose": [0.9837513800069078, 0.17949791428365788, 0.0037042006318513, 0.004713387389262698, -0.17953613100015375, 0.9835419749700438, 0.020296825799159326, -0.1818488880027985, 1.0923913021120198e-09, -0.02063206823957385, 0.9997871362245856, 7.387856562623973e-09, 0.0, 0.0, 0.0, 1.0]}, {"left_foot_pose": [0.9974438992400521, 0.07061462498652614, -0.010919826317948095, 0.006561000387469235, -0.07145395628516174, 0.9857274668476036, -0.15243258586472103, -0.01610725406127453, 2.8482427254605362e-09, 0.15282321760851533, 0.9882535424473727, 6.647122741121336e-09, 0.0, 0.0, 0.0, 1.0], "right_foot_pose": [0.983751380045544, 0.1794826051156502, -0.004383687875152778, 0.00471338262380705, -0.17953613078844924, 0.9834580915245216, -0.024019990767248523, -0.1818488881739365, 2.793777178669493e-09, 0.02441672942565099, 0.9997018672205001, 5.707365594020963e-09, 0.0, 0.0, 0.0, 1.0]}, {"left_foot_pose": [0.9971231452796262, 0.07442581252659398, -0.014360765210199394, 0.007170725663869635, -0.07579863537610229, 0.9790757314932151, -0.18885253208826036, -0.016989001362940574, 4.7735546047695595e-06, 0.18939775719575722, 0.9819004478797386, 0.0028444568727848465, 0.0, 0.0, 0.0, 1.0], "right_foot_pose": [0.9837513800605765, 0.17916383535477864, -0.011556051656021929, 0.0047133816663377385, -0.17953613070608057, 0.9817114233503419, -0.06332028928025381, -0.18184888843878727, 2.0363189307255415e-09, 0.06436615076584626, 0.9979263493041901, 4.044368610844895e-09, 0.0, 0.0, 0.0, 1.0]}, {"left_foot_pose": [0.9961225819973599, 0.08590140580151966, -0.018993422973146365, 0.008880866624203489, -0.08797614185694412, 0.9726554729530859, -0.21494541027520642, -0.019462090196047357, 9.943891718702301e-06, 0.21578294514565458, 0.9764413553743958, 0.009617036146747755, 0.0, 0.0, 0.0, 1.0], "right_foot_pose": [0.9837513800651705, 0.1786824567251566, -0.01748719184245679, 0.004713381170860733, -0.17953613068090865, 0.9790737544089981, -0.0958194197832403, -0.18184888837740787, 1.242415987738156e-09, 0.09740206920867582, 0.9952451139864331, 2.5886818383336063e-09, 0.0, 0.0, 0.0, 1.0]}, {"left_foot_pose": [0.9943273514163815, 0.1034860359649554, -0.024571499456574053, 0.011466648049541783, -0.10636314220126393, 0.967462135989357, -0.2295732941959616, -0.02320146996102116, 1.4365168961725198e-05, 0.23088450746460182, 0.9729811632331178, 0.017439490534778702, 0.0, 0.0, 0.0, 1.0], "right_foot_pose": [0.9837513800635485, 0.17816353333032472, -0.02215801467455758, 0.0047133809844854165, -0.1795361306897962, 0.9762303620055974, -0.12141275911269346, -0.18184888810126207, 5.321675015551486e-10, 0.123418133552873, 0.9923547572870929, 1.4686960050913633e-09, 0.0, 0.0, 0.0, 1.0]}, {"left_foot_pose": [0.9916021907803557, 0.12581150753494055, -0.02994260862692774, 0.01470320764442972, -0.12932553866034338, 0.9646888552986417, -0.2294565699926882, -0.02788196307143078, 1.702385638916739e-05, 0.2314019814832687, 0.9728582233171525, 0.02343311406480717, 0.0, 0.0, 0.0, 1.0], "right_foot_pose": [0.9837513800593054, 0.1777030571602546, -0.025589953249496304, 0.004713381043374055, -0.1795361307130465, 0.9737072255145499, -0.1402177476261325, -0.18184888776083497, -4.1674668121014103e-11, 0.14253372392755734, 0.9897899461720873, 7.011141459067893e-10, 0.0, 0.0, 0.0, 1.0]}, {"left_foot_pose": [0.9878790927988136, 0.1516238455330047, -0.03324315684133568, 0.01836568755228791, -0.1552253127454903, 0.964982417826251, -0.21145693549578345, -0.03317839465643506, 1.714814043399403e-05, 0.21405406502093519, 0.976821814331537, 0.02500000228215475, 0.0, 0.0, 0.0, 1.0], "right_foot_pose": [0.9837513800554816, 0.17737004698718634, -0.027804472134864075, 0.00471338128207764, -0.17953613073399763, 0.9718825270615378, -0.15235199819347373, -0.18184888758248996, -4.3612440537198164e-10, 0.15486839582123468, 0.9879351091927836, 2.705580551265463e-10, 0.0, 0.0, 0.0, 1.0]}, {"left_foot_pose": [0.9832186306399502, 0.17924940366659498, -0.03392308428890385, 0.02222922308295083, -0.18243114901469623, 0.9660860181564718, -0.18274758929121793, -0.0387655766199922, 1.5221022294423601e-05, 0.18586946174061017, 0.9825744465233042, 0.025000003609751312, 0.0, 0.0, 0.0, 1.0], "right_foot_pose": [0.9837513800540151, 0.17719953035337122, -0.028871243207821955, 0.00471338160641556, -0.17953613074203342, 0.970948196943858, -0.1581972711826936, -0.18184888764243604, -6.205961166389024e-10, 0.16081021514199856, 0.9869853467534276, 4.040155709983395e-11, 0.0, 0.0, 0.0, 1.0]}, {"left_foot_pose": [0.9778447108884205, 0.20691033776708362, -0.031746393695248974, 0.02606895026537244, -0.209331605937468, 0.9665429763813334, -0.1482395141774114, -0.04431832735486686, 1.1965902702875575e-05, 0.15160074845800006, 0.9884418105906855, 0.02500000461920604, 0.0, 0.0, 0.0, 1.0], "right_foot_pose": [0.9837513800553634, 0.17720276184881667, -0.028851402605748512, 0.0047133819507091945, -0.1795361307346446, 0.9709659036752597, -0.15808855638824554, -0.18184888771965044, -6.053004641208311e-10, 0.16069970470800013, 0.987003345945069, 3.092978650975908e-11, 0.0, 0.0, 0.0, 1.0]}, {"left_foot_pose": [0.9721528382398005, 0.23301654994154322, -0.024942865826568236, 0.029660009840769375, -0.23434773104271925, 0.9666340942987296, -0.10343920288945144, -0.049511474675235784, 7.578331475974351e-06, 0.10640401868640172, 0.9943229780860716, 0.022459725472339633, 0.0, 0.0, 0.0, 1.0], "right_foot_pose": [0.9837513800555514, 0.1774971514658885, -0.026981168623572672, 0.004713382133460035, -0.17953613073361638, 0.9725789844352104, -0.14784078191140895, -0.18184888794672227, -8.097520827578592e-11, 0.15028266785118763, 0.988643069941589, 3.5529402336864635e-10, 0.0, 0.0, 0.0, 1.0]}, {"left_foot_pose": [0.9666924844705747, 0.25544540200955745, -0.01591499482514191, 0.03277753196908842, -0.2559406971443464, 0.9648226344131883, -0.06009695224603448, -0.05401982226262679, 3.6571078278585723e-06, 0.06216856694642385, 0.9980656638069734, 0.0158385633296216, 0.0, 0.0, 0.0, 1.0], "right_foot_pose": [0.9837513800602795, 0.17783826789584262, -0.02463275667282086, 0.004713382228354671, -0.17953613070770988, 0.9744481002823224, -0.13497287737422303, -0.18184888815538938, 2.1939699789646614e-10, 0.1372022242093014, 0.9905430579596328, 8.257753439377957e-10, 0.0, 0.0, 0.0, 1.0]}, {"left_foot_pose": [0.9621247745779344, 0.2725463813563325, -0.005864141277992644, 0.03519665104957524, -0.27260946084565235, 0.9619022178301357, -0.02069311940983225, -0.05751818502197774, 8.956868457405643e-07, 0.02150798323961523, 0.9997686765728175, 0.007998178485617936, 0.0, 0.0, 0.0, 1.0], "right_foot_pose": [0.9837513800631312, 0.17826900534475523, -0.02129281468655488, 0.004713382236120592, -0.1795361306920819, 0.9768082860233038, -0.11667197663677195, -0.18184888823445872, 5.919415275119141e-10, 0.11859904759148529, 0.9929422268744503, 1.3868743584111165e-09, 0.0, 0.0, 0.0, 1.0]}, {"left_foot_pose": [0.9591564404109886, 0.2828505008046498, 0.003810119772614, 0.03669250702099727, -0.2828761616291609, 0.9590694445852772, 0.01291811305266607, -0.0596813848010066, -2.747077265899007e-07, -0.013468283389046485, 0.9999092985578633, 0.001817276651296884, 0.0, 0.0, 0.0, 1.0], "right_foot_pose": [0.9837513800615698, 0.17871878431951904, -0.017111936135635334, 0.0047133821543799085, -0.17953613070063854, 0.9792728077666698, -0.09376324302106097, -0.18184888806715202, 9.3928766640529e-10, 0.0953119305236053, 0.995447455117478, 1.931461199311535e-09, 0.0, 0.0, 0.0, 1.0]}, {"left_foot_pose": [0.9583824781756357, 0.2852283843557229, 0.012157067234863515, 0.037073702611339764, -0.28548734740077164, 0.9575131377619176, 0.04081134018136615, -0.06023263804786963, 1.029285508766731e-09, -0.042583562217740775, 0.9990929087071179, 2.1541253572565644e-09, 0.0, 0.0, 0.0, 1.0], "right_foot_pose": [0.9837513800390156, 0.179106223068852, -0.01241704994524028, 0.004713381215161473, -0.17953613082422137, 0.9813957412077, -0.06803805455814653, -0.18184888728868695, 9.577596817115027e-10, 0.06916183917016588, 0.9976054530738091, 2.348699755516659e-09, 0.0, 0.0, 0.0, 1.0]}, {"left_foot_pose": [0.9583824781751542, 0.28477982327715856, 0.020086756360388525, 0.03707370055040301, -0.28548734740238685, 0.9560073161898518, 0.06743134185693049, -0.06023263790001099, -4.2169632589825964e-10, -0.07035953130676652, 0.9975216971847246, 2.1819860709926253e-09, 0.0, 0.0, 0.0, 1.0], "right_foot_pose": [0.983751380018329, 0.17937605143204183, -0.007579873658792392, 0.004713379387619321, -0.1795361309375741, 0.9828742392727438, -0.04153320914631586, -0.1818488861115907, -5.037983540282781e-10, 0.042219213003973174, 0.9991083715259947, 2.612688045078304e-09, 0.0, 0.0, 0.0, 1.0]}, {"left_foot_pose": [0.9583824781764128, 0.28416396168257574, 0.027456664132826828, 0.03707370294711082, -0.2854873473981623, 0.9539398653093635, 0.09217216417723391, -0.06023263826136283, 8.447462556432852e-10, -0.09617471733474371, 0.9953644677933725, 1.6428469695739523e-09, 0.0, 0.0, 0.0, 1.0], "right_foot_pose": [0.9837513800432259, 0.1795108036113415, -0.003015567916475336, 0.00471338147144045, -0.17953613080115233, 0.983612602158516, -0.01652351693510239, -0.1818488875497784, 8.01804237264237e-10, 0.016796435983966514, 0.9998589299187345, 1.8071919030693273e-09, 0.0, 0.0, 0.0, 1.0]}, {"left_foot_pose": [0.9583824781675743, 0.28349632470605557, 0.033657977056548445, 0.0370737038008543, -0.28548734742783305, 0.951698604541, 0.11299000209458233, -0.060232638327730334, 5.259530465938821e-10, -0.1178965648052262, 0.9930258808344968, 1.1232301408425904e-09, 0.0, 0.0, 0.0, 1.0], "right_foot_pose": [0.9831344261193096, 0.18287756396543073, 0.0015801193389170648, 0.004630770890922276, -0.18288439020052308, 0.9830977394568764, 0.008493202915413993, -0.18247050842423046, -1.954907265828899e-07, -0.008638939335902422, 0.9999626836673019, 0.0022503011843121035, 0.0, 0.0, 0.0, 1.0]}, {"left_foot_pose": [0.9583824781684416, 0.28287517658030403, 0.038531286176030986, 0.037073703941526, -0.2854873474249205, 0.9496134072980946, 0.12934972415891058, -0.060232638408647905, 1.0886634405034586e-10, -0.1349667038730868, 0.9908501344025927, 6.958873130513687e-10, 0.0, 0.0, 0.0, 1.0], "right_foot_pose": [0.9809902487892487, 0.19389875977100607, 0.007835990025132428, 0.004354720083274494, -0.19405703227987928, 0.9801905234951535, 0.03960310433568477, -0.18454766667087774, -1.7703510663740834e-06, -0.04037088814434205, 0.999184763388285, 0.008710108139474704, 0.0, 0.0, 0.0, 1.0]}, {"left_foot_pose": [0.9583824781709414, 0.2823994938967234, 0.041875426944698785, 0.03707370378527278, -0.2854873474165293, 0.9480165383251091, 0.14057602045566472, -0.06023263856668585, -2.623043672539347e-10, -0.14668049941608577, 0.9891839217714008, 3.7780992917513245e-10, 0.0, 0.0, 0.0, 1.0], "right_foot_pose": [0.9773762071717644, 0.21086713288305797, 0.016456060409919215, 0.003922276897820261, -0.21150827320089088, 0.9744152377737667, 0.07602101526466865, -0.18780159223878537, -4.702489431138842e-06, -0.07778172448572038, 0.9969704124566153, 0.0165584611696084, 0.0, 0.0, 0.0, 1.0]}, {"left_foot_pose": [0.9583824781718574, 0.28214502536511676, 0.043556976420408434, 0.03707370340549344, -0.2854873474134542, 0.9471622863174655, 0.1462209897542138, -0.06023263867647812, -5.083150823985712e-10, -0.15257060018099813, 0.9882925740692435, 1.9861243205632206e-10, 0.0, 0.0, 0.0, 1.0], "right_foot_pose": [0.9723328187307477, 0.2319789968282402, 0.027470614293858258, 0.00337242684896894, -0.23359984920103186, 0.9655904863534135, 0.11430714377077932, -0.1919389596063056, -8.507274186964625e-06, -0.11756171866020783, 0.9930655780124916, 0.022916654857881788, 0.0, 0.0, 0.0, 1.0]}, {"left_foot_pose": [0.9583824781746734, 0.28224298159958766, 0.042917652143927815, 0.037073703073524686, -0.285487347404, 0.9474911257776572, 0.1440747758798072, -0.060232638498554925, -2.2797514207604985e-10, -0.15033118741752788, 0.988635693311564, 1.8088244790881447e-10, 0.0, 0.0, 0.0, 1.0], "right_foot_pose": [0.9659590925357895, 0.2557417916729294, 0.038976499834564096, 0.0027441575453283837, -0.25869486157219057, 0.9549393920012553, 0.14549132689070463, -0.1966664373040872, -1.1982442455062746e-05, -0.15062169032444417, 0.9885914759192639, 0.02500000355221539, 0.0, 0.0, 0.0, 1.0]}, {"left_foot_pose": [0.9583824781669399, 0.2825504568076241, 0.04084439864166486, 0.03707370285903468, -0.2854873474299625, 0.9485233214366213, 0.13711485385706673, -0.06023263847447049, -6.924875963908687e-11, -0.14306903245861435, 0.9897127118266984, 4.676656284452463e-10, 0.0, 0.0, 0.0, 1.0], "right_foot_pose": [0.9584755345036219, 0.2806620369024678, 0.0505318790443643, 0.0020764457801012467, -0.2851747701793785, 0.9433172146147059, 0.16978805336269037, -0.2016906866701109, -1.4530490899681981e-05, -0.1771481121923429, 0.9841842033560355, 0.02500000288972623, 0.0, 0.0, 0.0, 1.0]}, {"left_foot_pose": [0.9583824781571568, 0.28309046054923753, 0.03691634742724343, 0.037073702678488314, -0.28548734746280474, 0.950336116472913, 0.12392836707483253, -0.060232638451808033, 2.6195755144028294e-10, -0.12930992565616692, 0.9916042270617839, 1.0106723236091852e-09, 0.0, 0.0, 0.0, 1.0], "right_foot_pose": [0.9502603731384266, 0.30543904242863223, 0.06092794599441182, 0.0014082756987817014, -0.31145661495555077, 0.931910432370777, 0.18584327547409688, -0.20671838683558313, -1.559639250712416e-05, -0.19557591211289704, 0.9806885654263338, 0.025000001963730922, 0.0, 0.0, 0.0, 1.0]}, {"left_foot_pose": [0.9583824781478465, 0.28379922147337666, 0.031000443066176886, 0.03707370255499536, -0.2854873474940594, 0.9527154302076145, 0.1040686478490378, -0.0602326380994681, 7.86924384221537e-10, -0.10858780288515993, 0.9940868619313782, 1.864286218455913e-09, 0.0, 0.0, 0.0, 1.0], "right_foot_pose": [0.9418594173692436, 0.3291454060713071, 0.0675584160191983, 0.0007786338296540472, -0.33600719888034664, 0.9226339148653556, 0.18932992748324418, -0.21145620963252076, -1.460999097200471e-05, -0.20102228931733374, 0.9795866674185425, 0.023024933431512004, 0.0, 0.0, 0.0, 1.0]}, {"left_foot_pose": [0.9583824781446488, 0.2845603105800449, 0.02298815407794356, 0.03707370262601878, -0.285