{"LoopMode": "Wrap", "FrameDuration": 0.0167, "EnableCycleOffsetPosition": true, "EnableCycleOffsetRotation": false, "Debug_info": [{"left_foot_pose": [0.9999999999972394, 2.3498751725828623e-06, 2.1440747177647137e-08, -2.1315806708206995e-05, -2.3499729851093576e-06, 0.9999583445193126, 0.009127388491470937, 3.756956694113932e-05, 8.369325070205023e-12, -0.00912738849149629, 0.9999583445220741, 1.7561695153656132e-11, 0.0, 0.0, 0.0, 1.0], "right_foot_pose": [0.9999999999997407, 7.204408168646212e-07, -1.0912544867740216e-08, 9.092762839536555e-06, -7.205234583802376e-07, 0.9998854805483626, -0.015133597987620744, -0.1399927044829993, 8.43340697752575e-12, 0.015133597987624528, 0.9998854805486224, 1.460540022257817e-11, 0.0, 0.0, 0.0, 1.0]}, {"left_foot_pose": [0.9999999999972392, 2.349928315711508e-06, 1.4491512823022002e-08, -2.1315805077493947e-05, -2.349972997936189e-06, 0.9999809368096186, 0.006174626453156553, 3.7569567867327264e-05, 1.869265234639919e-11, -0.006174626453173733, 0.9999809368123798, 3.821808841619756e-11, 0.0, 0.0, 0.0, 1.0], "right_foot_pose": [0.9999999999997402, 7.204051390772343e-07, -1.3051346892116436e-08, 9.092764614151198e-06, -7.205233525838498e-07, 0.9998364060307159, -0.01808759727167323, -0.13999270448474102, 1.8813466985152265e-11, 0.01808759727167779, 0.9998364060309756, 3.3660470244445406e-11, 0.0, 0.0, 0.0, 1.0]}, {"left_foot_pose": [0.9999999999972391, 2.349968044552364e-06, 4.810478293436976e-09, -2.1315802914593615e-05, -2.349972967607578e-06, 0.9999978760965831, 0.0020610183893631567, 3.756956952631098e-05, 3.285902822151521e-11, -0.002061018389368944, 0.9999978760993442, 6.645439754038307e-11, 0.0, 0.0, 0.0, 1.0], "right_foot_pose": [0.9999999999997403, 7.203447827466082e-07, -1.603173205300538e-08, 9.092767036017827e-06, -7.205231580429089e-07, 0.999753455813519, -0.022204224562162835, -0.13999270448672696, 3.3081983856530045e-11, 0.022204224562168473, 0.9997534558137786, 6.011046521647856e-11, 0.0, 0.0, 0.0, 1.0]}, {"left_foot_pose": [0.9999999999972392, 2.349960712823149e-06, -7.55212170582351e-09, -2.1315800265172348e-05, -2.349972847125051e-06, 0.9999949051005411, -0.003192141512851621, 3.7569572058996845e-05, 5.0675773276857715e-11, 0.0031921415128603795, 0.9999949051033027, 1.0204760647614108e-10, 0.0, 0.0, 0.0, 1.0], "right_foot_pose": [0.9999999999997403, 7.202496522719268e-07, -1.9839088705179957e-08, 9.092770065684054e-06, -7.205228298465177e-07, 0.9996228087814947, -0.027463433202643734, -0.13999270448875323, 5.1077253404056026e-11, 0.02746343320265075, 0.9996228087817541, 9.360862779361767e-11, 0.0, 0.0, 0.0, 1.0]}, {"left_foot_pose": [0.9999999999972391, 2.349864182048653e-06, -2.2570937952038554e-08, -2.1315797118484807e-05, -2.34997257739674e-06, 0.9999541683770979, -0.00957398243914708, 3.756957569682473e-05, 7.234472594968229e-11, 0.009573982439173512, 0.9999541683798592, 1.4559307232042684e-10, 0.0, 0.0, 0.0, 1.0], "right_foot_pose": [0.9999999999997404, 7.201067747810732e-07, -2.4466955961259518e-08, 9.092773730780826e-06, -7.205223060982838e-07, 0.9994267236434179, -0.03385593104411276, -0.13999270449062015, 7.304419073111398e-11, 0.03385593104412147, 0.9994267236436775, 1.3455826730623954e-10, 0.0, 0.0, 0.0, 1.0]}, {"left_foot_pose": [0.9999999999972393, 2.34962692483593e-06, -4.027533329069653e-08, -2.131579340297309e-05, -2.3499720800721853e-06, 0.9998538402481568, -0.017096728795057126, 3.756958079729686e-05, 9.851231371822331e-11, 0.01709672879510439, 0.9998538402509176, 1.9862055750108354e-10, 0.0, 0.0, 0.0, 1.0], "right_foot_pose": [0.9999999999997404, 7.198997586275885e-07, -2.992623426845557e-08, 9.092778133422433e-06, -7.20521499984297e-07, 0.9991428225089833, -0.04139589627321685, -0.13999270449210258, 9.968639982031827e-11, 0.04139589627322753, 0.9991428225092429, 1.8421955627623277e-10, 0.0, 0.0, 0.0, 1.0]}, {"left_foot_pose": [0.9999999999972395, 2.3491856541480776e-06, -6.075883957073e-08, -2.1315788986716104e-05, -2.349971245712031e-06, 0.9996671318065048, -0.025799720545663964, 3.7569587886678024e-05, 1.3028115497247243e-10, 0.025799720545735327, 0.9996671318092656, 2.636762336249987e-10, 0.0, 0.0, 0.0, 1.0], "right_foot_pose": [0.9999999999997402, 7.196079300157705e-07, -3.624816413694691e-08, 9.092783453121589e-06, -7.205202875502809e-07, 0.9987429478825804, -0.05012508408266172, -0.13999270449289986, 1.3219020990336e-10, 0.05012508408267467, 0.9987429478828399, 2.4475753368502495e-10, 0.0, 0.0, 0.0, 1.0]}, {"left_foot_pose": [0.9999999999972394, 2.348461698503524e-06, -8.418013430771051e-08, -2.1315783679887828e-05, -2.3499699177013666e-06, 0.9993607704344886, -0.0357498323221772, 3.756959771064258e-05, 1.6921155781944967e-10, 0.03574983232227613, 0.9993607704372481, 3.443983292994446e-10, 0.0, 0.0, 0.0, 1.0], "right_foot_pose": [0.9999999999997402, 7.192051204537049e-07, -4.3484717882073795e-08, 9.092789946432188e-06, -7.205184912338872e-07, 0.9981915561910545, -0.06011336913168191, -0.1399927044925671, 1.7223511156274042e-10, 0.0601133691316975, 0.9981915561913136, 3.1926414983951545e-10, 0.0, 0.0, 0.0, 1.0]}, {"left_foot_pose": [0.9999999999972393, 2.347356289561192e-06, -1.1075874029047379e-07, -2.1315777235823812e-05, -2.3499678720882234e-06, 0.9988930229545694, -0.04703965015984559, 3.7569611291119603e-05, 2.1731397054841783e-10, 0.0470396501599758, 0.9988930229573276, 4.4563273904341116e-10, 0.0, 0.0, 0.0, 1.0], "right_foot_pose": [0.9999999999997402, 7.186581233030288e-07, -5.1707392978443664e-08, 9.092797948648658e-06, -7.205158591469251e-07, 0.9974436759330455, -0.0714570734123279, -0.13999270449042683, 2.220056916121656e-10, 0.07145707341234646, 0.9974436759333044, 4.1179485515963066e-10, 0.0, 0.0, 0.0, 1.0]}, {"left_foot_pose": [0.9999999999972393, 2.3457451343948074e-06, -1.4076359727837123e-07, -2.1315769362655674e-05, -2.3499647970870606e-06, 0.9982114174374295, -0.059782657117565925, 3.756962995776422e-05, 2.769525587130884e-10, 0.05978265711773146, 0.9982114174401859, 5.734181254823945e-10, 0.0, 0.0, 0.0, 1.0], "right_foot_pose": [0.9999999999997402, 7.179249472294451e-07, -6.100375482543244e-08, 9.09280786135342e-06, -7.205120451052643e-07, 0.9964425928563423, -0.08427430890378404, -0.13999270448546444, 2.8411058676843826e-10, 0.08427430890380601, 0.9964425928566009, 5.272542125123181e-10, 0.0, 0.0, 0.0, 1.0]}, {"left_foot_pose": [0.9999999999972392, 2.3434734350336577e-06, -1.744870810616479e-07, -2.1315759781032528e-05, -2.3499602885460257e-06, 0.9972506388321704, -0.07410238419448431, 3.756965524818155e-05, 3.5038385184533486e-10, 0.07410238419468958, 0.9972506388349237, 7.34307399608003e-10, 0.0, 0.0, 0.0, 1.0], "right_foot_pose": [0.9999999999997407, 7.169533141135126e-07, -7.146921948697896e-08, 9.092820082950582e-06, -7.20506608899494e-07, 0.9951178060804036, -0.09869423499478366, -0.1399927044762391, 3.6113406446305234e-10, 0.09869423499480941, 0.9951178060806617, 6.706318972371506e-10, 0.0, 0.0, 0.0, 1.0]}, {"left_foot_pose": [0.9999999999972391, 2.3403547764194485e-06, -2.12186450687702e-07, -2.1315748396898864e-05, -2.349953909243252e-06, 0.9959319940506424, -0.09010806412741097, 3.756968842832595e-05, 4.384365215021915e-10, 0.09010806412766062, 0.9959319940533925, 9.329231137611416e-10, 0.0, 0.0, 0.0, 1.0], "right_foot_pose": [0.9999999999997404, 7.156807197347769e-07, -8.318807431795663e-08, 9.09283479445517e-06, -7.204990921891056e-07, 0.9933848542178413, -0.11483262345727044, -0.13999270446095086, 4.542784973919455e-10, 0.11483262345730044, 0.9933848542180991, 8.446257096506038e-10, 0.0, 0.0, 0.0, 1.0]}, {"left_foot_pose": [0.9999999999972392, 2.3361836103377165e-06, -2.5394887465117814e-07, -2.1315735793855398e-05, -2.349945446624735e-06, 0.9941684054053583, -0.10783868363553868, 3.7569728986818277e-05, 5.369823147784479e-10, 0.10783868363583751, 0.9941684054081034, 1.1645689829142825e-09, 0.0, 0.0, 0.0, 1.0], "right_foot_pose": [0.9999999999997401, 7.140398091359887e-07, -9.618903196173944e-08, 9.092851354507075e-06, -7.204893237166494e-07, 0.9911515283793341, -0.1327352545136041, -0.13999270443807468, 5.596501118154339e-10, 0.1327352545136388, 0.9911515283795912, 1.0429386174126698e-09, 0.0, 0.0, 0.0, 1.0]}, {"left_foot_pose": [0.9999999999972391, 2.330786988162515e-06, -2.993831947351482e-07, -2.131572456296853e-05, -2.349935719414577e-06, 0.9918853557254894, -0.12713552254109778, 3.756977060459868e-05, 6.279845468301103e-10, 0.1271355225414501, 0.991885355728228, 1.3946795940356083e-09, 0.0, 0.0, 0.0, 1.0], "right_foot_pose": [0.9999999999997404, 7.119789281062319e-07, -1.1034262292764349e-07, 9.092866690353849e-06, -7.204783512009706e-07, 0.9883422714464297, -0.15224833158886494, -0.1399927044086809, 6.586745974135828e-10, 0.15224833158890483, 0.9883422714466861, 1.2325178516681135e-09, 0.0, 0.0, 0.0, 1.0]}, {"left_foot_pose": [0.9999999999972391, 2.3241797617885473e-06, -3.4691956407599844e-07, -2.1315722315043927e-05, -2.3499285757831118e-06, 0.9890841307376881, -0.14735189960550413, 3.756979248870085e-05, 6.60332317900077e-10, 0.1473518996059123, 0.989084130740419, 1.51047846452812e-09, 0.0, 0.0, 0.0, 1.0], "right_foot_pose": [0.9999999999997404, 7.095219854309795e-07, -1.2512827840538823e-07, 9.092871703547244e-06, -7.204707125127677e-07, 0.9849705224998802, -0.17272252257825033, -0.13999270438264755, 6.972383451398031e-10, 0.1727225225782955, 0.9849705225001358, 1.3136782633926813e-09, 0.0, 0.0, 0.0, 1.0]}, {"left_foot_pose": [0.9999999929280589, 0.00011717731680903936, -2.0331237748640906e-05, -1.059016199097748e-05, -0.00011892698977478894, 0.9859944668842473, -0.16677798754638218, 2.1978357492142414e-05, 5.03890841497825e-07, 0.1667779887848707, 0.9859944738468976, 0.00016386122081971793, 0.0, 0.0, 0.0, 1.0], "right_foot_pose": [0.9999999999997404, 7.069099073697543e-07, -1.391563876906905e-07, 9.092795900523025e-06, -7.204760816466553e-07, 0.9813246024462865, -0.1923591033279139, -0.1399927044518871, 5.770306439337742e-10, 0.19235910332796402, 0.9813246024465409, 1.0476571346562658e-09, 0.0, 0.0, 0.0, 1.0]}, {"left_foot_pose": [0.9999945744975305, 0.0032367050514922682, -0.0006121404360808282, 0.0002815900778075927, -0.003294080681475232, 0.9827353895390264, -0.18498730545646264, -0.000402735234722687, 2.822723871437222e-06, 0.1849883182473646, 0.9827407196733253, 0.00419120917324637, 0.0, 0.0, 0.0, 1.0], "right_foot_pose": [0.9999999999997402, 7.044945497803487e-07, -1.5095392591480247e-07, 9.09261015706628e-06, -7.204856196875702e-07, 0.9779097818236455, -0.20902741115248752, -0.13999270464815292, 3.6064851098906965e-10, 0.20902741115254198, 0.9779097818238993, 6.000265631578294e-10, 0.0, 0.0, 0.0, 1.0]}, {"left_foot_pose": [0.9999478627976669, 0.010002555593082302, -0.0020544020994801826, 0.0009181489918452836, -0.010211349613732336, 0.9796008248205547, -0.2006936779023099, -0.0013280329686061326, 5.044320765819442e-06, 0.2007041925135029, 0.9796518907663367, 0.011469802385334252, 0.0, 0.0, 0.0, 1.0], "right_foot_pose": [0.99999999999974, 7.025588683258078e-07, -1.597632127703403e-07, 9.092546847698712e-06, -7.204951327490129e-07, 0.9751381730637653, -0.22159770629079933, -0.13999270466140476, 1.0577346115974669e-10, 0.22159770629085682, 0.9751381730640183, 2.7149526377057143e-10, 0.0, 0.0, 0.0, 1.0]}, {"left_foot_pose": [0.999798645442965, 0.01961452258816386, -0.004235454409077617, 0.0018251650546135048, -0.020066602181697007, 0.9773464476611097, -0.21069231766035623, -0.002646464608869959, 6.87709704094332e-06, 0.21073488498074855, 0.9775432513218313, 0.01912092651254471, 0.0, 0.0, 0.0, 1.0], "right_foot_pose": [0.9999999999997403, 7.012939436781106e-07, -1.6524859519640292e-07, 9.092583739762315e-06, -7.205000216311836e-07, 0.9733079320543273, -0.22950309235304445, -0.13999270455592155, -1.1136021459530896e-10, 0.22950309235310382, 0.9733079320545801, 6.8446324996696e-11, 0.0, 0.0, 0.0, 1.0]}, {"left_foot_pose": [0.9994861210726256, 0.03133472457681925, -0.006754910724250309, 0.0029287187579542457, -0.03205454289282682, 0.9770937883554083, -0.21038116607056193, -0.004250584787989262, 7.945414588977248e-06, 0.21048958119814926, 0.9775961007204865, 0.0242658776189364, 0.0, 0.0, 0.0, 1.0], "right_foot_pose": [0.9999999999997403, 7.008257087130564e-07, -1.6720670464876314e-07, 9.092710832743208e-06, -7.204961465625148e-07, 0.9726206066882559, -0.23239869931832688, -0.1399927044442539, -2.4229683582818796e-10, 0.2323986993183869, 0.9726206066885084, -4.6411693932491005e-12, 0.0, 0.0, 0.0, 1.0]}, {"left_foot_pose": [0.9989703011556559, 0.044480722163028584, -0.008933239324861512, 0.004154893857754363, -0.04536890284754158, 0.9794481230880937, -0.19652744549711704, -0.006032948506400397, 7.961789265010316e-06, 0.19673037268064986, 0.9804576280500572, 0.025000000940913064, 0.0, 0.0, 0.0, 1.0], "right_foot_pose": [0.9999999999997404, 7.012115734919282e-07, -1.6551613041260588e-07, 9.092904750866534e-06, -7.204812242148666e-07, 0.9731726382496041, -0.23007610949811108, -0.13999270442671882, -2.562615775027363e-10, 0.23007610949817048, 0.9731726382498567, 7.364778231711e-11, 0.0, 0.0, 0.0, 1.0]}, {"left_foot_pose": [0.9982459385592759, 0.0582815227001904, -0.010407221610863975, 0.0054297700041686025, -0.0592034297865853, 0.9827226760179927, -0.17535990403037227, -0.007886101972238872, 7.170443890959241e-06, 0.1756684551983755, 0.9844493861021002, 0.02500000160952321, 0.0, 0.0, 0.0, 1.0], "right_foot_pose": [0.9999999999997403, 7.023703859114571e-07, -1.6041832079372448e-07, 9.093117773821383e-06, -7.204569195883968e-07, 0.9748482483980417, -0.22286967625666626, -0.13999270441295195, -1.5354165095029652e-10, 0.22286967625672383, 0.9748482483982945, 2.8854744288375755e-10, 0.0, 0.0, 0.0, 1.0]}, {"left_foot_pose": [0.997349971855177, 0.07194225316125184, -0.010832628977334793, 0.006679426533262697, -0.07275323777776412, 0.9862442623164364, -0.14842244251042847, -0.009702597394416434, 5.773240802186393e-06, 0.14881722769219854, 0.9888647191141362, 0.024910271003134248, 0.0, 0.0, 0.0, 1.0], "right_foot_pose": [0.9999999999997404, 7.042280952273122e-07, -1.5189874286170435e-07, 9.093329350271254e-06, -7.204237867263495e-07, 0.9775410852805709, -0.2107449325321138, -0.13999270443430492, 7.475921607657484e-11, 0.21074493253216833, 0.9775410852808245, 6.566718557809992e-10, 0.0, 0.0, 0.0, 1.0]}, {"left_foot_pose": [0.9963624773626845, 0.08466412224852575, -0.009685045564233202, 0.007829945404654223, -0.08521627595956723, 0.9899118177355164, -0.11319354848731208, -0.011374990953775664, 3.908632467045053e-06, 0.11360712790777394, 0.9935257522949621, 0.021163834061582357, 0.0, 0.0, 0.0, 1.0], "right_foot_pose": [0.9999999999997407, 7.067240370435071e-07, -1.396201824155382e-07, 9.093501063259729e-06, -7.203835505631805e-07, 0.9811584338512361, -0.19320488524380303, -0.13999270469181233, 4.4698295762512956e-10, 0.19320488524385335, 0.9811584338514906, 1.2095922388710711e-09, 0.0, 0.0, 0.0, 1.0]}, {"left_foot_pose": [0.9954011539039549, 0.09553187112988382, -0.007085506693188453, 0.008807404854500538, -0.09579427332826422, 0.9926761040760158, -0.07360441287024634, -0.012795822546935167, 2.0458946872919965e-06, 0.0739446684683027, 0.9972623456247249, 0.01399681294196723, 0.0, 0.0, 0.0, 1.0], "right_foot_pose": [0.9999999999997403, 7.09689374479432e-07, -1.234800020566459e-07, 9.093578681987607e-06, -7.203509531159816e-07, 0.9854138358341422, -0.17017512199532459, -0.1399927049012738, 9.074264086084068e-10, 0.17017512199536927, 0.9854138358343978, 1.925680753744885e-09, 0.0, 0.0, 0.0, 1.0]}, {"left_foot_pose": [0.9946094016885983, 0.10363069943857585, -0.0035799729777159367, 0.009537883415750266, -0.1036925169539148, 0.9940166671608547, -0.03433259871011228, -0.01385764098600191, 6.415899620034402e-07, 0.03451874187016564, 0.9994040506518324, 0.006287911416986626, 0.0, 0.0, 0.0, 1.0], "right_foot_pose": [0.9999999999997404, 7.12844484684256e-07, -1.036598362147464e-07, 9.09351301333762e-06, -7.20340659743115e-07, 0.9898691521280611, -0.1419826104308368, -0.13999270493830354, 1.3981533608971808e-09, 0.14198261043087443, 0.9898691521283177, 2.71789739325623e-09, 0.0, 0.0, 0.0, 1.0]}, {"left_foot_pose": [0.9941380396846383, 0.10811775066041661, 0.00033172898198688937, 0.009947462462871698, -0.10811825956786837, 0.9941333609395059, 0.0030500188750269717, -0.014452998643699044, -2.1667544067418614e-08, -0.003068005745601271, 0.9999952936592981, 0.0009158375110832062, 0.0, 0.0, 0.0, 1.0], "right_foot_pose": [0.9999999999997404, 7.158488312390211e-07, -8.059543604721908e-08, 9.093280184052887e-06, -7.203692921715671e-07, 0.9939988247061643, -0.10939075135606682, -0.1399927047009214, 1.8045270220931273e-09, 0.10939075135609636, 0.9939988247064221, 3.4163169931877846e-09, 0.0, 0.0, 0.0, 1.0]}, {"left_foot_pose": [0.9940653008731656, 0.10869955000182421, 0.004311082154750258, 0.010009183478014287, -0.10878500631954763, 0.993284409817906, 0.03939420785789396, -0.014542711537609524, 1.9730733084426908e-09, -0.03962939618636613, 0.9992144469321417, 3.700343427504027e-09, 0.0, 0.0, 0.0, 1.0], "right_foot_pose": [0.9999999999997404, 7.183012936474656e-07, -5.543476289116401e-08, 9.093080031772958e-06, -7.204345159283628e-07, 0.9972416426282731, -0.07422335351858833, -0.139992704487868, 1.9671230479597415e-09, 0.07422335351860886, 0.9972416426285315, 3.736945246302081e-09, 0.0, 0.0, 0.0, 1.0]}, {"left_foot_pose": [0.9940653008700001, 0.10847469759125829, 0.00821082144017374, 0.010009183457913538, -0.10878500634847292, 0.9912297326186389, 0.07502959127267778, -0.014542711674134103, 1.8829762978869767e-09, -0.07547752748512314, 0.9971475030529504, 3.5001820400393235e-09, 0.0, 0.0, 0.0, 1.0], "right_foot_pose": [0.9999999999997404, 7.198644157875737e-07, -2.9617555796783235e-08, 9.093019040385836e-06, -7.204710649043171e-07, 0.9992569349270657, -0.03854319654163509, -0.1399927046103957, 1.8496722494418605e-09, 0.038543196541646285, 0.9992569349273249, 3.568840209466906e-09, 0.0, 0.0, 0.0, 1.0]}, {"left_foot_pose": [0.9940653008692543, 0.10813873981840535, 0.011840209381917025, 0.010009183413343614, -0.10878500635528934, 0.988159787534388, 0.10819453171150992, -0.014542711713962056, 1.5273269542823682e-09, -0.10884046697107011, 0.9940592300006679, 2.8167881707674702e-09, 0.0, 0.0, 0.0, 1.0], "right_foot_pose": [0.9999999997722955, 2.1339999045426153e-05, -1.1643546571360935e-07, 9.23798149005875e-06, -2.134031555561953e-05, 0.9999868416332872, -0.005129922501721367, -0.13999175199568686, 6.9613921257271934e-09, 0.00512992250303788, 0.9999868418609883, 3.740204510464806e-05, 0.0, 0.0, 0.0, 1.0]}, {"left_foot_pose": [0.9940653008701262, 0.10774897419646391, 0.014977855841076682, 0.010009183471495955, -0.10878500634731915, 0.9845981527990426, 0.13686599248435477, -0.014542711408213845, 1.0985553143295621e-09, -0.13768310014058946, 0.99047633184023, 1.947457813067377e-09, 0.0, 0.0, 0.0, 1.0], "right_foot_pose": [0.999997748917843, 0.0021212275442070174, 5.0526749136791294e-05, 2.4006408361415782e-05, -0.0021218292061143526, 0.9997170763627621, 0.02369103352560978, -0.13989478142847664, -2.583810601759684e-07, -0.02369108740427909, 0.9997193268000457, 0.00349299029568928, 0.0, 0.0, 0.0, 1.0]}, {"left_foot_pose": [0.994065300872328, 0.10736040571442125, 0.017547674673409612, 0.010009183466575236, -0.10878500632719976, 0.9810474577239303, 0.1603487077958697, -0.014542711360919563, 6.974324986929257e-10, -0.1613060103599648, 0.986904438647305, 1.2129707793739897e-09, 0.0, 0.0, 0.0, 1.0], "right_foot_pose": [0.9999738833266887, 0.007218655148409669, 0.0003516850718839444, 5.989911010585228e-05, -0.007227216871353081, 0.9987954039909533, 0.048533579126650565, -0.13965909620867561, -9.142626166600388e-07, -0.048534853295304964, 0.9988214895639598, 0.010538497456239707, 0.0, 0.0, 0.0, 1.0]}, {"left_foot_pose": [0.9940653008748984, 0.10701942670958815, 0.01951973112647426, 0.010009183396840217, -0.10878500630371217, 0.9779316301029088, 0.17836913759888298, -0.014542711477670094, 3.688323925097098e-10, -0.1794340245076701, 0.98377000912255, 6.45986902858553e-10, 0.0, 0.0, 0.0, 1.0], "right_foot_pose": [0.9998918308706781, 0.014672559311758268, 0.0010210589238384817, 0.00011249153024497967, -0.014708043891126902, 0.9974876288675238, 0.06929721279490157, -0.13931373804192693, -1.7261800009170808e-06, -0.0693047347551965, 0.9975955361455525, 0.01829520776869456, 0.0, 0.0, 0.0, 1.0]}, {"left_foot_pose": [0.9940653008771646, 0.10676210211157144, 0.02088135878508502, 0.010009183285816459, -0.10878500628300294, 0.9755802270805305, 0.19081153774734985, -0.014542711646342743, 1.3174502871264113e-10, -0.19195070742828704, 0.9814045679116137, 2.608473784193599e-10, 0.0, 0.0, 0.0, 1.0], "right_foot_pose": [0.9997135334883485, 0.023849426769041383, 0.002013902437733026, 0.00017736212299126287, -0.023934304966952608, 0.9961768439505325, 0.0840169305706026, -0.1388877474406074, -2.44734144201911e-06, -0.0840410638887009, 0.9964622920986351, 0.02388441648435171, 0.0, 0.0, 0.0, 1.0]}, {"left_foot_pose": [0.994065300878609, 0.1066136206156436, 0.021626684636006043, 0.010009183191881115, -0.10878500626980532, 0.974223420013526, 0.19762224143053322, -0.014542711708462462, 3.4440348143958085e-12, -0.19880207191167126, 0.9800396605258521, 6.920246320429868e-11, 0.0, 0.0, 0.0, 1.0], "right_foot_pose": [0.9994124229772995, 0.03413620059905874, 0.0030868442305999385, 0.00025009201947236766, -0.03427548381309506, 0.9953586059792848, 0.08992461683183876, -0.13841016233379438, -2.8322112802450246e-06, -0.08997758227267286, 0.9959437909241379, 0.02500000009478348, 0.0, 0.0, 0.0, 1.0]}, {"left_foot_pose": [0.9940653008790842, 0.10657717242031921, 0.021805593481171403, 0.010009183138938626, -0.10878500626546143, 0.9738903605387583, 0.19925709036697134, -0.014542711700927906, -2.1127937199916242e-11, -0.2004466811114057, 0.9797046126417002, 1.3899131845462875e-11, 0.0, 0.0, 0.0, 1.0], "right_foot_pose": [0.9989824333331729, 0.04492233446833428, 0.0040102066839196124, 0.0003262561805168068, -0.04510097430940982, 0.9950311754894418, 0.08876295353604215, -0.13791002544427602, -2.841583512779258e-06, -0.08885349554190178, 0.996044705985585, 0.025000000140714802, 0.0, 0.0, 0.0, 1.0]}, {"left_foot_pose": [0.9940653008786909, 0.10665176681143783, 0.021437775653198717, 0.010009183101994765, -0.10878500626905402, 0.9745719956458043, 0.1958960125015236, -0.014542711704738365, 4.4058008808096084e-11, -0.1970655371670908, 0.9803903172007802, 1.1822025997032526e-10, 0.0, 0.0, 0.0, 1.0], "right_foot_pose": [0.9984430419289365, 0.05559443214520046, 0.00455534171547765, 0.00040143182718122277, -0.05578074952385367, 0.9951117268366559, 0.08149330705478858, -0.1374163802035547, -2.4998314747038736e-06, -0.0816205257678587, 0.9966634786963596, 0.024992550350235003, 0.0, 0.0, 0.0, 1.0]}, {"left_foot_pose": [0.9940653008773549, 0.10683746726224808, 0.02049227124070913, 0.01000918307195945, -0.10878500628126406, 0.9762689053339109, 0.18725609973112528, -0.014542711548525484, 2.127075234099754e-10, -0.18837404297597912, 0.9820973576651579, 4.133359210456433e-10, 0.0, 0.0, 0.0, 1.0], "right_foot_pose": [0.9978403375817652, 0.06553908997805241, 0.004391853772322958, 0.0004711991634353597, -0.06568607684549953, 0.9956093169368433, 0.06668903460989084, -0.1369582651143018, -1.831894501822982e-06, -0.06683349245251864, 0.9977641426124929, 0.021837792942146217, 0.0, 0.0, 0.0, 1.0]}, {"left_foot_pose": [0.9940653008754725, 0.10711881845952284, 0.01896671629968438, 0.010009183101745452, -0.10878500629846406, 0.9788398607958979, 0.17331575035671448, -0.014542711397357078, 4.5609824899738215e-10, -0.17435046787692818, 0.984683662071783, 8.429054329517349e-10, 0.0, 0.0, 0.0, 1.0], "right_foot_pose": [0.9972441237256077, 0.07411156847651819, 0.0034107349201713487, 0.00053113071348033, -0.07419001074060541, 0.9961903578795507, 0.045832446739415646, -0.13656472655896845, -1.0267257831357115e-06, -0.04595918064721012, 0.998943318568768, 0.014923779966225029, 0.0, 0.0, 0.0, 1.0]}, {"left_foot_pose": [0.9940653008732993, 0.10746370210032594, 0.01690355970115808, 0.010009183373369333, -0.10878500631832563, 0.9819913687117078, 0.15446285694635295, -0.014542711377644056, 7.174075794922555e-10, -0.1553850202130185, 0.9878539849053606, 1.3284414193681648e-09, 0.0, 0.0, 0.0, 1.0], "right_foot_pose": [0.9967410773017202, 0.08064765150619932, 0.0017835711200871378, 0.0005768026259743431, -0.08066737146634906, 0.9964975070636262, 0.02203391923122195, -0.13626480873255284, -3.4033536194931646e-07, -0.02210598838578813, 0.9997556327810169, 0.0071292151683917115, 0.0, 0.0, 0.0, 1.0]}, {"left_foot_pose": [0.9940653008723661, 0.10782866526260178, 0.014392934003125565, 0.010009183361128096, -0.10878500632684855, 0.9853263613106532, 0.1315210405401972, -0.014542711547075374, 9.655137347895434e-10, -0.13230623815222992, 0.991208887846556, 1.776116344276435e-09, 0.0, 0.0, 0.0, 1.0], "right_foot_pose": [0.9964239832385142, 0.08449366817605382, -0.0002562523127204106, 0.000603794075959758, -0.0844940567560366, 0.9964194015917753, -0.0030216724500971384, -0.1360875536649363, 2.258676188037818e-08, 0.0030325186962225996, 0.999995401904607, 0.001332805646147045, 0.0, 0.0, 0.0, 1.0]}, {"left_foot_pose": [0.9940653008735496, 0.10816250539618419, 0.011621102598328192, 0.010009183062926126, -0.10878500631603776, 0.9883769555956082, 0.10619235400148923, -0.01454271177599741, 1.055919450280136e-09, -0.10682633605051942, 0.9942776945733135, 1.9744011287015084e-09, 0.0, 0.0, 0.0, 1.0], "right_foot_pose": [0.9963583586617465, 0.08522860440951403, -0.002471055498610752, 0.0006092279329470683, -0.08526441886784097, 0.9959398487477428, -0.028875535518015215, -0.13605186593355909, 1.0457557194485068e-09, 0.028981074285287664, 0.9995799604500235, 1.948302831566995e-09, 0.0, 0.0, 0.0, 1.0]}, {"left_foot_pose": [0.9940653008753881, 0.10842597621157604, 0.008830927363064152, 0.010009182779085817, -0.10878500629923643, 0.9907845231412366, 0.08069604146591436, -0.014542711741944148, 9.160428187102e-10, -0.08117780722808612, 0.996699635604248, 1.81917920311081e-09, 0.0, 0.0, 0.0, 1.0], "right_foot_pose": [0.9963583586626472, 0.08513596584544314, -0.004678508591276431, 0.0006092276641670028, -0.0852644188573117, 0.9948573200878292, -0.05467075584430098, -0.13605186584158233, 9.168200078808241e-10, 0.05487057487602805, 0.9984934751978973, 1.767533272523103e-09, 0.0, 0.0, 0.0, 1.0]}, {"left_foot_pose": [0.9940653008771574, 0.10860166329418083, 0.00631318633849939, 0.010009183244934846, -0.1087850062830681, 0.9923899326586837, 0.05768920146515393, -0.014542711681269941, 6.679034300044232e-10, -0.05803361342732118, 0.9983146296196252, 1.2746675936980978e-09, 0.0, 0.0, 0.0, 1.0], "right_foot_pose": [0.9963583586627085, 0.08500414148767918, -0.0066571054442920875, 0.0006092281422905468, -0.08526441885660041, 0.9933168850568007, -0.07779167524935279, -0.1360518658509053, 6.739591775621244e-10, 0.0780760000960421, 0.9969474099514996, 1.251969264370878e-09, 0.0, 0.0, 0.0, 1.0]}, {"left_foot_pose": [0.9942478545541077, 0.1070520762610499, 0.0033251590568523217, 0.010349365571353365, -0.1071037054189237, 0.9937684914545677, 0.030870401319878615, -0.013144232564870005, 3.0225652999433734e-07, -0.031048967137609938, 0.9995178645925233, 0.0028444597887287704, 0.0, 0.0, 0.0, 1.0], "right_foot_pose": [0.9963583586623241, 0.08486275681802455, -0.00826641572653629, 0.0006092282855322106, -0.08526441886108815, 0.9916647326458777, -0.09659729241889205, -0.13605186607570563, 4.055708899576457e-10, 0.09695035085869898, 0.9952892190053981, 7.901993642756011e-10, 0.0, 0.0, 0.0, 1.0]}, {"left_foot_pose": [0.9947447017211247, 0.10238272150504937, -0.0008699051503470279, 0.01130350048856187, -0.1023864170567934, 0.9947087845513474, -0.008453137799345211, -0.00922179417539552, -1.5295837787867583e-07, 0.008497780510340332, 0.9999638932113377, 0.009617040369080954, 0.0, 0.0, 0.0, 1.0], "right_foot_pose": [0.9963583586616075, 0.08473688916898506, -0.009469991505298746, 0.0006092283324346302, -0.08526441886946319, 0.9901939044038665, -0.11066169416866559, -0.13605186606350073, 1.4928082113045176e-10, 0.11106615729100236, 0.9938130149603647, 4.171773482219976e-10, 0.0, 0.0, 0.0, 1.0]}, {"left_foot_pose": [0.9954534443921386, 0.09507805177486908, -0.005710001622034904, 0.012746181576689736, -0.09524935719331752, 0.9936622174328913, -0.05969051516455738, -0.0032909371046579497, -1.445017987944756e-06, 0.059963002902171235, 0.9982006002206505, 0.01743949516337226, 0.0, 0.0, 0.0, 1.0], "right_foot_pose": [0.9963583586610456, 0.08465155120767162, -0.0102047050129752, 0.0006092282633475177, -0.08526441887602869, 0.9891966863447365, -0.11924719954081356, -0.13605186590889423, -3.4340265745558584e-11, 0.11968304225214371, 0.9928121521200631, 1.5634449290757857e-10, 0.0, 0.0, 0.0, 1.0]}, {"left_foot_pose": [0.9962684041596295, 0.0856959669339524, -0.01026976749887391, 0.014551954709173648, -0.08630913544760398, 0.9891859060758642, -0.11858320437211933, 0.0041325868996876045, -3.393092233493219e-06, 0.11902707453402202, 0.992891008880814, 0.02343311957914925, 0.0, 0.0, 0.0, 1.0], "right_foot_pose": [0.9963583586610589, 0.08462494619075901, -0.010423032593794, 0.0006092280884374859, -0.0852644188758719, 0.9888857930140151, -0.12179846981305702, -0.13605186574960432, -1.0192195791002105e-10, 0.12224363728740004, 0.992500122490041, 5.495660870824537e-11, 0.0, 0.0, 0.0, 1.0]}, {"left_foot_pose": [0.9970937757861081, 0.07500097260807356, -0.013373720366682773, 0.016595363769401964, -0.07618400264332031, 0.9815977234332964, -0.17510541708300592, 0.012533014761378301, -5.46312439860748e-06, 0.17561538502766177, 0.984458854656578, 0.025000008821054805, 0.0, 0.0, 0.0, 1.0], "right_foot_pose": [0.9963583586618772, 0.08466597927477208, -0.01008429859005193, 0.00060922787444562, -0.08526441886630931, 0.9893652858231928, -0.1178401887446835, -0.13605186571805322, -2.1119688705411275e-11, 0.11827088890101366, 0.9929813678204462, 2.053847369953843e-10, 0.0, 0.0, 0.0, 1.0]}, {"left_foot_pose": [0.9978529288932376, 0.06382245865749564, -0.014704627506352498, 0.018750943171602797, -0.0654945207470922, 0.9723533782608911, -0.22414141861053274, 0.02139457960854202, -7.162190833441153e-06, 0.2246232435780981, 0.9744456877595377, 0.025000007298601933, 0.0, 0.0, 0.0, 1.0], "right_foot_pose": [0.996358358663381, 0.08476994546460118, -0.009169376616827912, 0.0006092277369243899, -0.08526441884873591, 0.9905801844597171, -0.10714885456289425, -0.13605186567602395, 2.225868134680114e-10, 0.10754047843338556, 0.9942007068486315, 6.389215614910349e-10, 0.0, 0.0, 0.0, 1.0]}, {"left_foot_pose": [0.9984938642820509, 0.05292200828772927, -0.014465961077370281, 0.02089323864277714, -0.054863493554386834, 0.9631205046192735, -0.2634177113576926, 0.03020153468137228, -8.130570967130512e-06, 0.26381462169620234, 0.9645734006871557, 0.0250000048067106, 0.0, 0.0, 0.0, 1.0], "right_foot_pose": [0.9963583586651794, 0.08492124547014121, -0.007642197709375555, 0.0006092276304209506, -0.08526441882772172, 0.9923482030918304, -0.08930298260633171, -0.13605186565194718, 6.574431168636466e-10, 0.08962938071980607, 0.9959751874980544, 1.4030005976439774e-09, 0.0, 0.0, 0.0, 1.0]}, {"left_foot_pose": [0.9989907908078541, 0.043141181400903617, -0.012499533928629647, 0.022896795679338194, -0.04491547418065822, 0.9594796171131128, -0.2781752406732168, 0.03843812385765569, -7.760491189438998e-06, 0.2784559261567434, 0.9604490080831807, 0.022459725280818237, 0.0, 0.0, 0.0, 1.0], "right_foot_pose": [0.9963583586658369, 0.0851245216711569, -0.004882307546220906, 0.0006092275703830216, -0.08526441882003967, 0.994723589891276, -0.05705224445272272, -0.13605186616098358, 1.4700259575272235e-09, 0.05726076775654597, 0.9983592562178863, 2.874686731713094e-09, 0.0, 0.0, 0.0, 1.0]}, {"left_foot_pose": [0.999341818278221, 0.03487821369682748, -0.00997198323798042, 0.02463614954336737, -0.036275752234703015, 0.9607936886711888, -0.27488098808287603, 0.04558858608319733, -6.3392849632686825e-06, 0.27506180763408455, 0.9614265452653594, 0.015838561964506295, 0.0, 0.0, 0.0, 1.0], "right_foot_pose": [0.9963583586639215, 0.08524415793226892, -0.0018586712872271293, 0.0006092275769700041, -0.08526441884241953, 0.9961216001684329, -0.021719497170632228, -0.1360518667337638, 2.3697967458891692e-09, 0.02179888107906118, 0.9997623761593055, 4.73706002201979e-09, 0.0, 0.0, 0.0, 1.0]}, {"left_foot_pose": [0.9995627190200473, 0.02861069238877553, -0.00746987458299724, 0.0259858454473249, -0.029569760366591636, 0.9671074614094849, -0.25264359750044085, 0.05113717514233646, -4.136807069038644e-06, 0.25275400366193457, 0.9675305750288985, 0.007998175503350469, 0.0, 0.0, 0.0, 1.0], "right_foot_pose": [0.9963583586571431, 0.08524374102569166, 0.0018776980556874314, 0.0006092277444098692, -0.08526441892163163, 0.9961167259685278, 0.021941903101083217, -0.13605186725883556, 3.465970510124365e-09, -0.022022099393237973, 0.9997574841621913, 7.142001039184276e-09, 0.0, 0.0, 0.0, 1.0]}, {"left_foot_pose": [0.9996767954084034, 0.024827745135839924, -0.005466972970071626, 0.02682042792053403, -0.02542252385442741, 0.9762743171943997, -0.2150398866896102, 0.05456813952795321, -1.6901972930294564e-06, 0.21510936906159864, 0.9765899647953924, 0.0018172758934671615, 0.0, 0.0, 0.0, 1.0], "right_foot_pose": [0.9963583586439948, 0.08503317103155432, 0.006275427042254546, 0.0006092280698046556, -0.08526441907527547, 0.9936561029509766, 0.07333162965619544, -0.13605186758745463, 4.62741781556358e-09, -0.07359965280214348, 0.9972878677229579, 9.828053627869426e-09, 0.0, 0.0, 0.0, 1.0]}, {"left_foot_pose": [0.9997031132660918, 0.024037510102150328, -0.003985402636343855, 0.027033110542195923, -0.024365658745141947, 0.9862394761534555, -0.1635176148018138, 0.055442472958124905, 5.090650203704672e-09, 0.16356617555181766, 0.9865323645047602, 1.215380097951968e-08, 0.0, 0.0, 0.0, 1.0], "right_foot_pose": [0.9963583586226832, 0.08453401048803959, 0.011136528791348835, 0.0006092296011250497, -0.08526441932431421, 0.9878231497495279, 0.13013609651518165, -0.13605186784253848, 5.199740427759893e-09, -0.1306117371821125, 0.9914335954113471, 1.174166759654316e-08, 0.0, 0.0, 0.0, 1.0]}, {"left_foot_pose": [0.9997031132651362, 0.024228269351043753, -0.002583852210918134, 0.027033112650208496, -0.02436565878433327, 0.9940661557517388, -0.10601317211066559, 0.05544247220450198, 4.3456820413311224e-09, 0.1060446554674653, 0.9943613684404616, 1.1368392310862063e-08, 0.0, 0.0, 0.0, 1.0], "right_foot_pose": [0.9963583586066452, 0.08374842813093476, 0.016006936629745682, 0.0006092319449842628, -0.08526441951172256, 0.9786432141464659, 0.1870492934239609, -0.13605186828502927, 4.395285513161455e-09, -0.18773294913432687, 0.9822201076181082, 1.2492656013829428e-08, 0.0, 0.0, 0.0, 1.0]}, {"left_foot_pose": [0.9997031132605336, 0.02433596081168795, -0.0012026423282384341, 0.027033109572954014, -0.02436565897318695, 0.9984846310093142, -0.04934324980174131, 0.05544247213251271, 4.487850473712399e-09, 0.04935790361802937, 0.9987811558847284, 9.258705989390048e-09, 0.0, 0.0, 0.0, 1.0], "right_foot_pose": [0.9963583586205272, 0.08275614584706288, 0.020529041174585972, 0.0006092292446608408, -0.08526441934950453, 0.9670478869803928, 0.2398923989620123, -0.13605186752380155, 4.466485299457566e-09, -0.24076919365088464, 0.9705824001024863, 1.2245822612888535e-08, 0.0, 0.0, 0.0, 1.0]}, {"left_foot_pose": [0.9997031132569568, 0.024365610588014463, 4.863149616100052e-05, 0.027033108390836214, -0.024365659119940795, 0.9997011217539045, 0.0019954497329671317, 0.05544247227915709, 3.3898765817004467e-09, -0.0019960422488531277, 0.9999980079056868, 6.718440269393167e-09, 0.0, 0.0, 0.0, 1.0], "right_foot_pose": [0.9964702068347389, 0.08048771993732359, 0.0238506568048606, 0.001036041507563043, -0.08394716722171928, 0.9553974382180059, 0.2831406155286098, -0.13496448007331827, 2.4861543676093205e-06, -0.2841433827942548, 0.9587817989553498, 0.0022502995183515187, 0.0, 0.0, 0.0, 1.0]}, {"left_foot_pose": [0.9997031132555245, 0.024340819330635834, 0.0010999370552905797, 0.02703310797591447, -0.024365659178693166, 0.9986839502801268, 0.0451296145083292, 0.05544247215585811, 2.3097712006512885e-09, -0.04514301681540577, 0.9989805343613083, 4.475977533058284e-09, 0.0, 0.0, 0.0, 1.0], "right_foot_pose": [0.9968312781914153, 0.07553615330735093, 0.024933759499863303, 0.002462234741318727, -0.0795449733829226, 0.9465729278831265, 0.31252566199958015, -0.13133099340250098, 5.364584362279532e-06, -0.3135187103544128, 0.9495820229074089, 0.008710107716836987, 0.0, 0.0, 0.0, 1.0]}, {"left_foot_pose": [0.9997031132552543, 0.024287740328501988, 0.0019470535401029188, 0.0270331076784791, -0.024365659189784977, 0.9965061612165063, 0.07988607707098018, 0.05544247183084043, 1.4468311890911574e-09, -0.07990980119659064, 0.9968020985495177, 2.7300051039236273e-09, 0.0, 0.0, 0.0, 1.0], "right_foot_pose": [0.9973577908957257, 0.06863442404931139, 0.023806569996896145, 0.004696395787529832, -0.07264596946576835, 0.9422482674226976, 0.32694153247836694, -0.12563905806079267, 7.744446599413013e-06, -0.3278071359417666, 0.9447446647458135, 0.01655846307188364, 0.0, 0.0, 0.0, 1.0]}, {"left_foot_pose": [0.9997031132555668, 0.024226811313953375, 0.002597491229269703, 0.027033107494058874, -0.024365659176964982, 0.9940062952660048, 0.10657297792791931, 0.05544247142209048, 7.936330376860407e-10, -0.10660462740946541, 0.9943014902004773, 1.4891685037876634e-09, 0.0, 0.0, 0.0, 1.0], "right_foot_pose": [0.9979582813289438, 0.06044916704594964, 0.0206195763882647, 0.00753712473138732, -0.06386915252021895, 0.9444746984325686, 0.32231704171057635, -0.11840177385605127, 9.1285050052909e-06, -0.322975915857761, 0.9464071838762166, 0.022916657628018935, 0.0, 0.0, 0.0, 1.0]}, {"left_foot_pose": [0.9997031132562735, 0.024175287327593317, 0.0030398730801711564, 0.027033107600043224, -0.024365659147973593, 0.9918923110397119, 0.12472352606699724, 0.05544247110340418, 3.444214104529971e-10, -0.12476056581680181, 0.9921868781721881, 6.868435195594991e-10, 0.0, 0.0, 0.0, 1.0], "right_foot_pose": [0.9985498581914303, 0.05146496338367324, 0.015796779728518073, 0.010783026603097922, -0.05383475292959625, 0.9545443457446376, 0.2931670366599067, -0.11013223597294701, 9.104036171685318e-06, -0.29359231861691987, 0.9559307246690302, 0.025000006475909053, 0.0, 0.0, 0.0, 1.0]}, {"left_foot_pose": [0.9997031132566139, 0.02413917816128158, 0.0033144264560430563, 0.027033107620289314, -0.02436565913400658, 0.9904107832331869, 0.1359882168071616, 0.05544247112624295, 9.104420078130168e-11, -0.13602860189358762, 0.9907049103879909, 2.256324432847734e-10, 0.0, 0.0, 0.0, 1.0], "right_foot_pose": [0.9990679733680411, 0.04182163179656096, 0.010683431290928693, 0.01423270005131013, -0.043164621252932404, 0.9679384578303497, 0.2474509190225308, -0.1013435570487835, 7.897215002820016e-06, -0.24768143444125382, 0.9688415283062327, 0.025000009212548073, 0.0, 0.0, 0.0, 1.0]}, {"left_foot_pose": [0.9997031132567549, 0.024123554950221584, 0.0034262868117159, 0.02703310766754115, -0.024365659128217414, 0.9897697764274058, 0.14057775188873886, 0.05544247114663317, -9.141926743949193e-12, -0.1406194999543378, 0.9900637132187973, 4.160315841827966e-11, 0.0, 0.0, 0.0, 1.0], "right_foot_pose": [0.999472312232779, 0.031874391986196696, 0.006254615541530674, 0.01768474351707857, -0.03248225738077234, 0.9807330615260073, 0.192633239564915, -0.09254884137825375, 5.959138749338776e-06, -0.19273475339267443, 0.9812508928908822, 0.025000010774492994, 0.0, 0.0, 0.0, 1.0]}, {"left_foot_pose": [0.9997031132566828, 0.02412968289473347, 0.0033828609632361828, 0.0270331076870411, -0.02436565913118229, 0.9900212006797827, 0.13879602609464511, 0.055442471227639026, 2.4156677175029807e-11, -0.138837245031591, 0.9903152121380544, 1.5426752236757935e-10, 0.0, 0.0, 0.0, 1.0], "right_foot_pose": [0.9997488118490244, 0.022221285277542836, 0.0029202203817639914, 0.020937761317324378, -0.022412344656355124, 0.9912048524213786, 0.13042