{"LoopMode": "Wrap", "FrameDuration": 0.0167, "EnableCycleOffsetPosition": true, "EnableCycleOffsetRotation": false, "Debug_info": [{"left_foot_pose": [1.0000000000000002, 5.963824053382191e-14, -4.619027382801735e-12, 9.32432641007664e-13, -1.1461869260036368e-14, 0.999946348256001, 0.010358600749586224, -2.2044692460365667e-13, 4.618979390739469e-12, -0.010358600749586395, 0.9999463482560011, 1.0025549834757896e-11, 0.0, 0.0, 0.0, 1.0], "right_foot_pose": [0.9999999999999998, -9.734814249627338e-14, -4.662603636518269e-12, 9.627874662282116e-13, 3.172256500161534e-14, 0.9999007722912442, -0.014087071071493255, -0.1400000000014226, 4.6633565702602685e-12, 0.014087071071493101, 0.9999007722912443, 7.824962899860566e-12, 0.0, 0.0, 0.0, 1.0]}, {"left_foot_pose": [1.0000000000000004, 1.0786639676987585e-13, -1.0329792576868616e-11, 1.84636635938471e-12, -2.3229362389045903e-14, 0.999966696181423, 0.008161282252836487, 1.454617676310832e-13, 1.0330044096184794e-11, -0.008161282252836658, 0.9999666961814231, 2.1636921421208655e-11, 0.0, 0.0, 0.0, 1.0], "right_foot_pose": [0.9999999999999998, -2.5177150508560264e-13, -1.0404066497216034e-11, 2.0547457285997303e-12, 8.237194980709479e-14, 0.9998673897276386, -0.016285053246413227, -0.14000000000253257, 1.04065624792188e-11, 0.01628505324641308, 0.9998673897276387, 1.8266242685083256e-11, 0.0, 0.0, 0.0, 1.0]}, {"left_foot_pose": [1.0000000000000007, 1.1390636180256773e-13, -1.817390682390397e-11, 3.0275819720889626e-12, -2.0892303382958934e-14, 0.999986996154286, 0.005099757085296751, 8.759416803005848e-13, 1.8174022400548035e-11, -0.005099757085296924, 0.999986996154286, 3.7450847978348634e-11, 0.0, 0.0, 0.0, 1.0], "right_foot_pose": [0.9999999999999997, -5.26644991501293e-13, -1.8294199488622095e-11, 3.5202557016403574e-12, 1.726512336711179e-13, 0.9998128057505425, -0.019348215866792952, -0.1400000000038201, 1.8300778725827097e-11, 0.019348215866792803, 0.9998128057505424, 3.282490945721861e-11, 0.0, 0.0, 0.0, 1.0]}, {"left_foot_pose": [1.0000000000000002, 1.8509244876036995e-14, -2.8048841027583655e-11, 4.449397387529399e-12, 1.5181631841709153e-14, 0.9999992927167145, 0.001189355317666801, 2.02651957714739e-12, 2.8048607098931806e-11, -0.0011893553176669748, 0.9999992927167143, 5.733332558710558e-11, 0.0, 0.0, 0.0, 1.0], "right_foot_pose": [0.9999999999999998, -9.781366789424749e-13, -2.82416312558098e-11, 5.331604215121942e-12, 3.2098479320075516e-13, 0.9997294050150441, -0.023261916263834483, -0.14000000000519738, 2.8256687718973273e-11, 0.023261916263834337, 0.9997294050150443, 5.1316603744133715e-11, 0.0, 0.0, 0.0, 1.0]}, {"left_foot_pose": [1.0000000000000007, -2.518292465674225e-13, -4.007016940477115e-11, 6.113899682905397e-12, 1.0940357087493041e-13, 0.9999936537122394, -0.0035626584521696865, 3.694308747803632e-12, 4.007076011439245e-11, 0.003562658452169512, 0.9999936537122395, 8.160020575909144e-11, 0.0, 0.0, 0.0, 1.0], "right_foot_pose": [0.9999999999999998, -1.6851978304113656e-12, -4.037842282755831e-11, 7.499795328684795e-12, 5.53211184614747e-13, 0.9996073694086475, -0.028019761310969428, -0.1400000000065897, 4.04096810908304e-11, 0.028019761310969286, 0.9996073694086475, 7.397006618337088e-11, 0.0, 0.0, 0.0, 1.0]}, {"left_foot_pose": [1.0000000000000004, -7.941462517653659e-13, -5.4599713639191805e-11, 8.052706469218016e-12, 2.9395274380981423e-13, 0.9999579858423269, -0.00916659970532398, 6.0358818637640255e-12, 5.4604412657474466e-11, 0.009166599705323807, 0.9999579858423271, 1.1107535724530493e-10, 0.0, 0.0, 0.0, 1.0], "right_foot_pose": [1.0, -2.7601707291824243e-12, -5.5085158656709135e-11, 1.0077069284761123e-11, 9.059936087908998e-13, 0.9994342456298067, -0.03363314826743463, -0.14000000000792207, 5.5146671679244584e-11, 0.03363314826743449, 0.9994342456298068, 1.0148491075279154e-10, 0.0, 0.0, 0.0, 1.0]}, {"left_foot_pose": [1.0000000000000004, -1.7446580366020464e-12, -7.22468196379111e-11, 1.0324023585387233e-11, 6.138676334110192e-13, 0.9998774774290543, -0.015653438284032345, 9.287053764905906e-12, 7.226496166017845e-11, 0.015653438284032175, 0.9998774774290542, 1.4712250168136265e-10, 0.0, 0.0, 0.0, 1.0], "right_foot_pose": [1.0, -4.3653706775004515e-12, -7.300238191731975e-11, 1.315653001656972e-11, 1.4320171346892988e-12, 0.9991942907821876, -0.040134390094797495, -0.1400000000090976, 7.311863907941579e-11, 0.040134390094797356, 0.9991942907821875, 1.3505264961910513e-10, 0.0, 0.0, 0.0, 1.0]}, {"left_foot_pose": [1.0000000000000007, -3.300473707341289e-12, -9.386463828420229e-11, 1.3008585243901381e-11, 1.1339951209600166e-12, 0.9997337333923602, -0.02307514501306909, 1.3785696542645276e-11, 9.391538399883841e-11, 0.02307514501306891, 0.9997337333923604, 1.9166048609298159e-10, 0.0, 0.0, 0.0, 1.0], "right_foot_pose": [0.9999999999999999, -6.7356647125621495e-12, -9.502515441184297e-11, 1.6868059386783554e-11, 2.2070837048557356e-12, 0.9988675668828113, -0.04757713557595415, -0.1400000000099676, 9.52380761350851e-11, 0.047577135575954, 0.9988675668828112, 1.7635276572391945e-10, 0.0, 0.0, 0.0, 1.0]}, {"left_foot_pose": [1.0000000000000004, -5.747141000245107e-12, -1.2052608910906307e-10, 1.620229497081346e-11, 1.9476713139878147e-12, 0.9995036513709155, -0.031503188667311076, 1.9997030073493072e-11, 1.2064697410962613e-10, 0.03150318866731089, 0.9995036513709157, 2.4717156099640647e-10, 0.0, 0.0, 0.0, 1.0], "right_foot_pose": [0.9999999999999999, -1.0207079349385933e-11, -1.2228734691532842e-10, 2.137283329420557e-11, 3.3387527746145844e-12, 0.9984288074404307, -0.05603495759862252, -0.14000000001029225, 1.2266716504893403e-10, 0.05603495759862238, 0.9984288074404305, 2.2753331163638535e-10, 0.0, 0.0, 0.0, 1.0]}, {"left_foot_pose": [1.0000000000000007, -9.486908157957744e-12, -1.534213311948916e-10, 1.99981085763037e-11, 3.1852639225089585e-12, 0.9991581497120627, -0.04102428383248146, 2.8523378103884056e-11, 1.5368114471953577e-10, 0.041024283832481266, 0.999158149712063, 3.165639694824307e-10, 0.0, 0.0, 0.0, 1.0], "right_foot_pose": [0.9999999999999998, -1.5244007096286993e-11, -1.560641060827094e-10, 2.6843357157415453e-11, 4.973878662804863e-12, 0.9978461843987736, -0.06559719720238605, -0.1400000000096917, 1.5672790478661654e-10, 0.0655971972023859, 0.9978461843987737, 2.91044806310925e-10, 0.0, 0.0, 0.0, 1.0]}, {"left_foot_pose": [1.0000000000000002, -1.504179727426141e-11, -1.9347390356472237e-10, 2.4430088673584164e-11, 5.013543397258952e-12, 0.9986610916034057, -0.0517303017340442, 4.003749935754808e-11, 1.9399261705101494e-10, 0.05173030173404401, 0.9986610916034055, 4.0248724492153443e-10, 0.0, 0.0, 0.0, 1.0], "right_foot_pose": [1.0, -2.2431459589879438e-11, -1.9738577439198921e-10, 3.339768061444037e-11, 7.293871262789902e-12, 0.9970803942129477, -0.07635893841688118, -0.14000000000759744, 1.9852213714519508e-10, 0.07635893841688104, 0.9970803942129478, 3.6895696220451413e-10, 0.0, 0.0, 0.0, 1.0]}, {"left_foot_pose": [1.0000000000000007, -2.2953781024066572e-11, -2.4032098533410776e-10, 2.933546945709391e-11, 7.600324142457037e-12, 0.997969426545956, -0.06369476964034507, 5.4996356427250426e-11, 2.412947322537904e-10, 0.06369476964034487, 0.9979694265459561, 5.053254828468745e-10, 0.0, 0.0, 0.0, 1.0], "right_foot_pose": [0.9999999999999999, -3.233882542707553e-11, -2.4599883241549476e-10, 4.0927690412454954e-11, 1.0466651124353898e-11, 0.99608528401754, -0.08839743754033254, -0.14000000000326565, 2.478941541208646e-10, 0.0883974375403324, 0.9960852840175398, 4.6106523460265336e-10, 0.0, 0.0, 0.0, 1.0]}, {"left_foot_pose": [1.0000000000000004, -3.3350668628133096e-11, -2.896977102651016e-10, 3.400771525399247e-11, 1.096940040249721e-11, 0.9970374648363571, -0.07691744738803377, 7.274224625430925e-11, 2.914045030355822e-10, 0.0769174473880336, 0.9970374648363572, 6.17663975521765e-10, 0.0, 0.0, 0.0, 1.0], "right_foot_pose": [1.0, -4.4976772478340015e-11, -2.976481283667451e-10, 4.8659492546157574e-11, 1.446791050637111e-11, 0.9948134552159706, -0.10171621955844624, -0.13999999999604368, 3.0067912060054827e-10, 0.10171621955844608, 0.9948134552159709, 5.598572300202775e-10, 0.0, 0.0, 0.0, 1.0]}, {"left_foot_pose": [1.0000000000000004, -4.4583616695663234e-11, -3.2720115505924163e-10, 3.6388331500701526e-11, 1.4558935512337482e-11, 0.9958330108906815, -0.09119547368373453, 8.910818090346329e-11, 3.2990312788168465e-10, 0.09119547368373435, 0.995833010890682, 7.103230573179964e-10, 0.0, 0.0, 0.0, 1.0], "right_foot_pose": [0.9999999999999998, -5.814352219534581e-11, -3.375508761394027e-10, 5.410432894016144e-11, 1.855569353434421e-11, 0.9932358185101404, -0.11611463658166267, -0.1399999999864146, 3.420186422595503e-10, 0.11611463658166254, 0.9932358185101405, 6.38170995215237e-10, 0.0, 0.0, 0.0, 1.0]}, {"left_foot_pose": [1.0000000000000004, -4.998582922053879e-11, -3.166136242072062e-10, 3.169086255873808e-11, 1.6200032483894292e-11, 0.9943848180233279, -0.10582454197734086, 9.151951418928661e-11, 3.20125317832962e-10, 0.10582454197734066, 0.994384818023328, 7.042054092631922e-10, 0.0, 0.0, 0.0, 1.0], "right_foot_pose": [1.0, -6.356537988057539e-11, -3.280211657852302e-10, 5.112542446664859e-11, 2.008569157268763e-11, 0.9913976029473585, -0.13088465483100659, -0.1399999999787591, 3.3351897931201885e-10, 0.13088465483100636, 0.9913976029473587, 6.251732187489978e-10, 0.0, 0.0, 0.0, 1.0]}, {"left_foot_pose": [0.9999999978722457, -6.474323602556251e-05, 7.988937283155554e-06, 1.0692927979276614e-05, 6.523395825461677e-05, 0.9928455057917036, -0.11940601900133711, 5.6724680836603425e-05, -2.0104840706175006e-07, 0.1194060192684202, 0.9928455079026296, 0.00016386103146555364, 0.0, 0.0, 0.0, 1.0], "right_foot_pose": [1.0, -4.641885712531156e-11, -2.177636959643789e-10, 5.782172600106329e-11, 1.4542379960317047e-11, 0.9895551294172751, -0.14415493693925213, -0.14000000002553276, 2.2218061919758623e-10, 0.144154936939252, 0.9895551294172753, 4.052274349408691e-10, 0.0, 0.0, 0.0, 1.0]}, {"left_foot_pose": [0.9999983032377495, -0.0018233118419723475, 0.00026278422614687446, 0.0003019830473344168, 0.0018421509595110885, 0.9898649238603807, -0.14200013729122207, 0.0016020111481457947, -1.2103561219634037e-06, 0.14200038043896365, 0.9898666031106039, 0.004191209150046338, 0.0, 0.0, 0.0, 1.0], "right_foot_pose": [0.9999999999999998, -2.242909739958092e-11, -9.126605027276456e-11, 1.4343058711538192e-10, 8.074156755407801e-12, 0.988017332761721, -0.15434296278876736, -0.14000000011610875, 9.363410416207102e-11, 0.1543429627887672, 0.9880173327617209, 1.9945085166783727e-10, 0.0, 0.0, 0.0, 1.0]}, {"left_foot_pose": [0.9999836783737552, -0.005623624165551511, 0.001008879248917457, 0.0009366037795897631, 0.005713403536178876, 0.9843464367441521, -0.17615177969332166, 0.004968675327779663, -2.4752886891461583e-06, 0.17615466874407926, 0.9843625006437099, 0.011469801901264454, 0.0, 0.0, 0.0, 1.0], "right_foot_pose": [0.9999999999999999, -1.3218649774194349e-12, 1.5632384275932064e-11, 1.525972770007179e-10, 3.8136838895406604e-12, 0.9870368651655158, -0.1604936970856849, -0.14000000005747223, -1.521765025510602e-11, 0.16049369708568473, 0.9870368651655158, 9.108365450760658e-11, 0.0, 0.0, 0.0, 1.0]}, {"left_foot_pose": [0.9999369491554452, -0.01095942170444687, 0.002447200360603182, 0.00184086095940777, 0.011229323127251, 0.9759800822592763, -0.21757017565668535, 0.009765770293192533, -3.975503914390438e-06, 0.21758393807696635, 0.9760416127784283, 0.019120926725208015, 0.0, 0.0, 0.0, 1.0], "right_foot_pose": [0.9999999999999997, 2.858790849244314e-12, 5.20736787024134e-11, 6.675009558164728e-11, 5.603086143772623e-12, 0.9868278863891764, -0.16177367723047717, -0.13999999993482198, -5.185038973370811e-11, 0.16177367723047706, 0.9868278863891765, 7.59221990831449e-11, 0.0, 0.0, 0.0, 1.0]}, {"left_foot_pose": [0.9998390650550245, -0.017328047223328563, 0.004645725919671541, 0.0029410625079390397, 0.017940010030233152, 0.9658119196917135, -0.2586222956775438, 0.015602343920224688, -5.478116333359511e-06, 0.25866401868221606, 0.965967352144552, 0.02426587965148056, 0.0, 0.0, 0.0, 1.0], "right_foot_pose": [0.9999999999999998, -1.935818151083954e-11, -1.953048833769333e-11, -9.14908243429288e-11, 1.603980036780036e-11, 0.9875133228641703, -0.15753551080872202, -0.13999999987865902, 2.2336113319455116e-11, 0.1575355108087219, 0.9875133228641703, 1.970250143590313e-10, 0.0, 0.0, 0.0, 1.0]}, {"left_foot_pose": [0.999677486191583, -0.0243008750180498, 0.007375030510799971, 0.004163512308843849, 0.025395345204850265, 0.9566695585690773, -0.2900662547577263, 0.022087433737711333, -6.603379379509013e-06, 0.29015999583092894, 0.9569781485362095, 0.025000003653088826, 0.0, 0.0, 0.0, 1.0], "right_foot_pose": [0.9999999999999998, -6.8166957361949e-11, -2.2113327835526736e-10, -2.305209457027707e-10, 3.4861207221064563e-11, 0.9890987545059403, -0.14725370567424612, -0.13999999990465442, 2.2876038720931145e-10, 0.14725370567424595, 0.9890987545059405, 5.529716129437645e-10, 0.0, 0.0, 0.0, 1.0]}, {"left_foot_pose": [0.9994505459462102, -0.031459492545314105, 0.010435829464607001, 0.0054345119963233445, 0.033145228245437856, 0.9486881186938467, -0.31447137754283505, 0.02883008791123991, -7.237464264418182e-06, 0.31464448791917793, 0.9492095902221485, 0.02500000254739513, 0.0, 0.0, 0.0, 1.0], "right_foot_pose": [0.9999999999999998, -1.3419149367641716e-10, -5.68248559318362e-10, -3.114999205645042e-10, 5.878003414124468e-11, 0.9914241354648226, -0.1306835246610288, -0.13999999986653708, 5.809118057281548e-10, 0.13068352466102862, 0.9914241354648223, 1.1778974115528307e-09, 0.0, 0.0, 0.0, 1.0]}, {"left_foot_pose": [0.9991697900177349, -0.03844297871479824, 0.013485848265868676, 0.0066803693489715325, 0.040739792137512686, 0.9428978017807911, -0.3305813133459679, 0.03543935865156214, -7.246292567844365e-06, 0.3308562720948271, 0.9436811575754843, 0.02491027045892047, 0.0, 0.0, 0.0, 1.0], "right_foot_pose": [0.9999999999999998, -2.0101662495376888e-10, -1.0988031040604075e-09, -3.7096396979195284e-10, 8.197164699691387e-11, 0.9942283288926089, -0.10728480799913015, -0.13999999993150616, 1.1140268993010524e-09, 0.10728480799913002, 0.9942283288926088, 2.118584384314115e-09, 0.0, 0.0, 0.0, 1.0]}, {"left_foot_pose": [0.9988602911404334, -0.04507768356890354, 0.015688251238149386, 0.007827390336660656, 0.04772964217409965, 0.943405487963754, -0.328188918974734, 0.04152428873732932, -6.3860742608922475e-06, 0.3285636737741009, 0.9444818220777386, 0.021163833675254054, 0.0, 0.0, 0.0, 1.0], "right_foot_pose": [0.9999999999999997, -2.3229040741097584e-10, -1.8393712664099825e-09, -4.0590731530746565e-10, 9.116316897324726e-11, 0.9970805307339178, -0.07635715573126547, -0.14000000047349273, 1.8517380901507899e-09, 0.07635715573126535, 0.9970805307339178, 3.501607309663868e-09, 0.0, 0.0, 0.0, 1.0]}, {"left_foot_pose": [0.998558934392855, -0.051069963479646756, 0.01648979606890724, 0.008801875730229114, 0.05366613942872983, 0.9502796879709293, -0.3067384229415843, 0.04669392981444267, -4.798205634410212e-06, 0.30718133644487833, 0.9516510003761445, 0.013996811490441095, 0.0, 0.0, 0.0, 1.0], "right_foot_pose": [0.9999999999999998, -1.6774185538716618e-10, -2.7588287765389895e-09, -2.9233798007121885e-10, 6.395937575578938e-11, 0.9992937953693706, -0.037575398018898934, -0.1400000010135076, 2.763183228743917e-09, 0.03757539801889878, 0.9992937953693706, 5.372414194071418e-09, 0.0, 0.0, 0.0, 1.0]}, {"left_foot_pose": [0.9983106908799261, -0.05590607941542263, 0.015820074564983373, 0.009530132715956537, 0.05810132930241768, 0.9606047574949371, -0.27177699573618386, 0.050557337861888194, -2.8525841356262425e-06, 0.272237047740549, 0.9622302166474367, 0.006287908800911714, 0.0, 0.0, 0.0, 1.0], "right_foot_pose": [1.0, 5.72170713693156e-11, -3.797072822830927e-09, -3.1934555015883663e-11, -2.3251783030677705e-11, 0.9999599971185591, 0.008944504606247631, -0.14000000143820493, 3.797432611253324e-09, -0.008944504606247787, 0.9999599971185591, 7.63201119663437e-09, 0.0, 0.0, 0.0, 1.0]}, {"left_foot_pose": [0.9981628845104447, -0.0590017415479315, 0.013771364496691833, 0.009938467609966289, 0.06058758936408649, 0.9720399388426805, -0.2268644998887396, 0.052723562108442285, -9.157143087184641e-07, 0.22728209737907223, 0.9738289625032379, 0.0009158384752702073, 0.0, 0.0, 0.0, 1.0], "right_foot_pose": [1.0, 4.756276812648585e-10, -4.744717230220632e-09, 3.460429721987733e-10, -1.7938858300995817e-10, 0.998061137472321, 0.06224119108320751, -0.14000000159082726, 4.765121334639216e-09, -0.062241191083207664, 0.9980611374723215, 9.862101600643935e-09, 0.0, 0.0, 0.0, 1.0]}, {"left_foot_pose": [0.9981400768132274, -0.06002330599266497, 0.010657851424956996, 0.010000001261629752, 0.06096217728465381, 0.9827678248396924, -0.17450219311107673, 0.053050002100985316, 5.07112754393882e-09, 0.17482735826400814, 0.9845991035961941, 1.1690442121292666e-08, 0.0, 0.0, 0.0, 1.0], "right_foot_pose": [0.9999999999999999, 9.211069560855633e-10, -5.0799761619480016e-09, 5.740549439256031e-10, -3.1176751448878407e-10, 0.9929339835973077, 0.11866804210730633, -0.14000000164916468, 5.1533868499367306e-09, -0.11866804210730646, 0.9929339835973078, 1.1102408534191532e-08, 0.0, 0.0, 0.0, 1.0]}, {"left_foot_pose": [0.9981400768208354, -0.060525840144914106, 0.007280777352046403, 0.010000001139663765, 0.060962177160086645, 0.9909958761237816, -0.11920900327392175, 0.05305000173051661, 4.745138198903012e-09, 0.11943113572436585, 0.9928424869129995, 1.0138510433965742e-08, 0.0, 0.0, 0.0, 1.0], "right_foot_pose": [1.0, 1.215075121435255e-09, -4.632959238470852e-09, 5.922544926723522e-10, -3.884402674098226e-10, 0.9846739576120026, 0.17440526712435, -0.14000000173816016, 4.773869812101888e-09, -0.17440526712435017, 0.9846739576120026, 1.114662812745637e-08, 0.0, 0.0, 0.0, 1.0]}, {"left_foot_pose": [0.9981400768298044, -0.06082680200718488, 0.004060441327255247, 0.010000000836088329, 0.060962177013238146, 0.9959235635827308, -0.06648209138168176, 0.05305000119284532, 3.813138193480014e-09, 0.06660597314246168, 0.9977793565421901, 7.758306976024532e-09, 0.0, 0.0, 0.0, 1.0], "right_foot_pose": [0.9999999997526473, -2.1610461083060026e-05, -5.2624080772444454e-06, 2.236592029052316e-06, 2.2240271999521116e-05, 0.9744520686705856, 0.2245955595486847, -0.13999005560216396, 2.743508378295907e-07, -0.224595559610168, 0.9744520689101748, 3.740748423473883e-05, 0.0, 0.0, 0.0, 1.0]}, {"left_foot_pose": [0.9981400768365423, -0.06094913910274007, 0.0012607360460743502, 0.010000000328926107, 0.06096217690292126, 0.9979266066793966, -0.020642206001374643, 0.053050001216506854, 2.64058756652256e-09, 0.020680670298156286, 0.9997861320682638, 5.329084548644225e-09, 0.0, 0.0, 0.0, 1.0], "right_foot_pose": [0.9999973866652007, -0.0022029133067691395, -0.0006114210758795159, 0.000230020382780337, 0.0022861874114837315, 0.9639386409821389, 0.2661147680393313, -0.13897699191701637, 3.144637309409885e-06, -0.26611547041551437, 0.9639411581604144, 0.0034929888736275824, 0.0, 0.0, 0.0, 1.0]}, {"left_foot_pose": [0.9981400768395268, -0.0609537036352514, -0.0010163758808389733, 0.009999999980358026, 0.06096217685405641, 0.9980013443945261, 0.016641201276769303, 0.05305000096742495, 1.6447284644783917e-09, -0.016672210407294608, 0.9998610090408248, 3.2671713945386927e-09, 0.0, 0.0, 0.0, 1.0], "right_foot_pose": [0.9999696687592382, -0.007431841738811983, -0.002330083669856893, 0.0007836674884771383, 0.007788550851230273, 0.9544055145017518, 0.2984115486442911, -0.13651466225237685, 6.097301203577894e-06, -0.29842064542691366, 0.9544344494756081, 0.010538496913766439, 0.0, 0.0, 0.0, 1.0]}, {"left_foot_pose": [0.9981400768401136, -0.06089962274041784, -0.0027609700628307187, 0.009999999789604487, 0.060962176844442696, 0.9971158726258575, 0.045205636285342486, 0.05305000056984169, 8.779753506339994e-10, -0.045289872020690625, 0.9989738872925311, 1.7198618917912967e-09, 0.0, 0.0, 0.0, 1.0], "right_foot_pose": [0.9998743678860398, -0.015018838184949576, -0.005067834257954179, 0.001594951620194888, 0.015850816066224453, 0.9475667957583472, 0.3191644077999514, -0.13290648759759782, 8.63287410106662e-06, -0.3192046398093759, 0.9476858117802756, 0.018295208459118154, 0.0, 0.0, 0.0, 1.0]}, {"left_foot_pose": [0.9981400768396205, -0.060831875856526496, -0.003983702596068124, 0.009999999747583973, 0.06096217685251907, 0.9960066454113046, 0.06522557236178605, 0.0530500001621443, 3.384426759689231e-10, -0.06534711299129083, 0.9978625931578476, 6.946188207956894e-10, 0.0, 0.0, 0.0, 1.0], "right_foot_pose": [0.9996672853659193, -0.02440378713249097, -0.008353067863110651, 0.002595650236806939, 0.025793767938702226, 0.9459252647927445, 0.3233575033338492, -0.12845588145279238, 1.0230251191513206e-05, -0.32346537465448777, 0.9462400072365222, 0.023884418001239055, 0.0, 0.0, 0.0, 1.0]}, {"left_foot_pose": [0.9981400768389695, -0.060780762318654036, -0.004699568050392574, 0.009999999837845384, 0.060962176863174955, 0.9951697576122732, 0.07694651730931774, 0.05304999997511595, 1.776557366874056e-11, -0.0770898985982822, 0.9970241459132808, 1.6670971547672053e-10, 0.0, 0.0, 0.0, 1.0], "right_foot_pose": [0.999317574545297, -0.03515659117932483, -0.011331341560197281, 0.0037175458034309785, 0.03693758377704862, 0.9512210827957622, 0.30629082021760146, -0.1234662545708111, 1.0469840049216511e-05, -0.30650035194352954, 0.9518705448478143, 0.02500000227188169, 0.0, 0.0, 0.0, 1.0]}, {"left_foot_pose": [0.9981400768386863, -0.0607628056958048, -0.00492630210566559, 0.009999999990853778, 0.060962176867812475, 0.9948757517337302, 0.08065885942526065, 0.05304999997415509, -9.226100692585806e-11, -0.08080915824472043, 0.996729592188263, 3.96072757924415e-12, 0.0, 0.0, 0.0, 1.0], "right_foot_pose": [0.9988182009811898, -0.046697303799222094, -0.013474539197426737, 0.004892416215289876, 0.04860248241064425, 0.9597200646048285, 0.2767222367256141, -0.11824103164148705, 9.60327269830522e-06, -0.2770501027121034, 0.9608554732606722, 0.025000004034240457, 0.0, 0.0, 0.0, 1.0]}, {"left_foot_pose": [0.998140076838949, -0.06078230502132679, -0.004679573082237495, 0.010000000168697001, 0.06096217686350812, 0.9951950164093022, 0.0766191379888333, 0.05304999999047553, -5.342771621989121e-12, -0.07676190924139328, 0.9970494517774016, 1.8724812672621383e-10, 0.0, 0.0, 0.0, 1.0], "right_foot_pose": [0.9981917947872768, -0.058364719515485934, -0.014377076727698074, 0.006052036980064501, 0.06010940655619302, 0.9692506073429215, 0.23862128867483778, -0.11308363129795865, 7.925766206364436e-06, -0.23905400996690404, 0.9710062719961832, 0.02499255548841376, 0.0, 0.0, 0.0, 1.0]}, {"left_foot_pose": [0.9981400768396473, -0.060833072516847525, -0.003965387081219469, 0.010000000386820408, 0.06096217685207748, 0.9960262383893317, 0.0649256916286242, 0.05305000025925098, 2.7121390087085796e-10, -0.06504667345959457, 0.9978822226454592, 8.054609340613084e-10, 0.0, 0.0, 0.0, 1.0], "right_foot_pose": [0.9974918875591989, -0.06949411510573576, -0.013435111434502435, 0.0071281881172068524, 0.07078088881851621, 0.9793728870099236, 0.18925859020902705, -0.10829746212204394, 5.625620173279163e-06, -0.1897348575131053, 0.9818353649226708, 0.021837796360619444, 0.0, 0.0, 0.0, 1.0]}, {"left_foot_pose": [0.9981400768403104, -0.06089817260837532, -0.002792772489988387, 0.01000000056333625, 0.060962176841221384, 0.9970921293989728, 0.045726343451044316, 0.053050000584783395, 7.127377440419636e-10, -0.04581154945626391, 0.9989500998230177, 1.733635922318566e-09, 0.0, 0.0, 0.0, 1.0], "right_foot_pose": [0.9967995391980227, -0.0792192953149301, -0.010722961550570191, 0.008052645448616912, 0.07994172029736626, 0.9877970029719053, 0.13366526203774534, -0.10418595843311139, 3.24141592048392e-06, -0.13409468359904275, 0.9909685241318039, 0.014923782402112486, 0.0, 0.0, 0.0, 1.0]}, {"left_foot_pose": [0.9981400768400007, -0.06095058579909072, -0.0011887373917685044, 0.010000000467167766, 0.06096217684629499, 0.9979502958307616, 0.019463299963189178, 0.05305000079835053, 1.29744040456169e-09, -0.01949956773991859, 0.9998098653533869, 2.8107069519056616e-09, 0.0, 0.0, 0.0, 1.0], "right_foot_pose": [0.9962153946634151, -0.08663395529062631, -0.007031729966214265, 0.008757181984926239, 0.08691885545601534, 0.9929512876797151, 0.08057824061998241, -0.10105254300508687, 1.353629299442742e-06, -0.08088447370105868, 0.9967234831748824, 0.007129217491929268, 0.0, 0.0, 0.0, 1.0]}, {"left_foot_pose": [0.998140076838576, -0.06095706216700203, 0.000789671229318999, 0.010000000461607197, 0.060962176869614866, 0.9980563328928249, -0.012929399206675256, 0.05305000072730899, 1.8198980284782892e-09, 0.012953491594777882, 0.999916100008148, 3.785065774697394e-09, 0.0, 0.0, 0.0, 1.0], "right_foot_pose": [0.9958471865958719, -0.09098708688417925, -0.003119450178737779, 0.009173576126777452, 0.09104054563228046, 0.9952625227887625, 0.03411934617082902, -0.09920063200897085, 2.519401277469416e-07, -0.034261651339055885, 0.9994128972789262, 0.0013328080302885056, 0.0, 0.0, 0.0, 1.0]}, {"left_foot_pose": [0.9981400768349722, -0.06088806719662281, 0.0030050439158372235, 0.009999999858464769, 0.06096217692862189, 0.9969266687464271, -0.04920193213966258, 0.053050000519812415, 2.129870994729865e-09, 0.049293614345187226, 0.9987843308666733, 4.27863597329825e-09, 0.0, 0.0, 0.0, 1.0], "right_foot_pose": [0.9957709841282, -0.09186928265273507, 0.0004267003957829607, 0.009257416827021704, 0.09187027358376534, 0.9957602434362623, -0.004624978205301432, -0.09882775065276143, 2.140026258717859e-09, 0.004644620181163215, 0.999989213693514, 4.19834948056641e-09, 0.0, 0.0, 0.0, 1.0]}, {"left_foot_pose": [0.9981400768316353, -0.0607321516879675, 0.005290819774654229, 0.009999999309553202, 0.060962176983259106, 0.9943738457592151, -0.08662717730303576, 0.053050000617899884, 2.06572612470854e-09, 0.08678859730044856, 0.9962267509852473, 4.405844584998153e-09, 0.0, 0.0, 0.0, 1.0], "right_foot_pose": [0.9957709841247593, -0.09178705746882254, 0.003909380567751705, 0.009257416340289348, 0.09187027362106011, 0.9948690131652488, -0.04237333440261608, -0.09882775042737403, 2.092431880145611e-09, 0.04255329276118859, 0.9990941983993205, 4.2271579153707606e-09, 0.0, 0.0, 0.0, 1.0]}, {"left_foot_pose": [0.998140076832752, -0.06050555207891462, 0.007447495413523681, 0.010000000370151332, 0.060962176964973525, 0.9906637064961746, -0.12193864691291863, 0.05305000061674532, 1.7407469349226476e-09, 0.12216586593188726, 0.9925096982907083, 3.869808154477461e-09, 0.0, 0.0, 0.0, 1.0], "right_foot_pose": [0.9957709841220607, -0.09158561034653774, 0.007226559211320165, 0.009257417384574893, 0.09187027365030848, 0.9926855508570358, -0.07832783629771166, -0.09882775039584317, 1.7829591308922467e-09, 0.07866049260661799, 0.9969014629856275, 3.4474847213084026e-09, 0.0, 0.0, 0.0, 1.0]}, {"left_foot_pose": [0.9980637800578086, -0.06146881976417377, 0.009501322724694738, 0.009544680496486829, 0.06219880172098685, 0.9863529154870886, -0.15244420347981255, 0.05261431802334578, -1.0921026929737066e-06, 0.15274000886120356, 0.9882664062346185, 0.0028444571315967976, 0.0, 0.0, 0.0, 1.0], "right_foot_pose": [0.995770984122179, -0.09131305352979999, 0.010103139878811581, 0.00925741746306749, 0.0918702736490262, 0.9897313399383254, -0.10950674665763942, -0.09882775072929972, 1.2495823266534251e-09, 0.10997181911267644, 0.99393470560246, 2.3314782673922174e-09, 0.0, 0.0, 0.0, 1.0]}, {"left_foot_pose": [0.9978416145648306, -0.06461624990614254, 0.011698396929481103, 0.008267609707444917, 0.06566667524110315, 0.9818861398228883, -0.17772871514329913, 0.05139233964188688, -2.3307300074348677e-06, 0.17811330290513194, 0.9840099853775842, 0.009617036510532279, 0.0, 0.0, 0.0, 1.0], "right_foot_pose": [0.9957709841237206, -0.09102466661654143, 0.012436126592466594, 0.009257417458444493, 0.0918702736323147, 0.9866055489960002, -0.13479370724564585, -0.09882775079269049, 7.598981232167923e-10, 0.13536617287065733, 0.9907956394950228, 1.4046444909987521e-09, 0.0, 0.0, 0.0, 1.0]}, {"left_foot_pose": [0.9974828133551749, -0.0695224855157661, 0.013952099080650331, 0.006336638368930779, 0.07090865284969257, 0.9779930317070271, -0.19621822770461625, 0.04954467679288376, -3.476785038846828e-06, 0.19671363435260095, 0.9804609864995671, 0.017439490457387248, 0.0, 0.0, 0.0, 1.0], "right_foot_pose": [0.995770984125645, -0.09076637498441165, 0.014199026221313556, 0.00925741739237134, 0.09187027361145923, 0.9838059573948513, -0.15390156276320308, -0.0988277506852663, 3.707177401174822e-10, 0.1545551790351576, 0.9879841580882817, 7.166087931387288e-10, 0.0, 0.0, 0.0, 1.0]}, {"left_foot_pose": [0.9969949097094671, -0.07582235704212588, 0.015878292917983875, 0.003919684041177515, 0.07746708975467408, 0.9758386708867528, -0.20429816055686298, 0.047232001895761745, -4.2841842439253734e-06, 0.20491427128082787, 0.9787799249101374, 0.02343311339249924, 0.0, 0.0, 0.0, 1.0], "right_foot_pose": [0.9957709841272455, -0.0905725807648648, 0.015386838006846404, 0.009257417292237318, 0.09187027359411148, 0.981705445490746, -0.16677611076997656, -0.0988277505181034, 1.0215847356449287e-10, 0.16748440496777114, 0.9858747253543889, 2.6272742315036623e-10, 0.0, 0.0, 0.0, 1.0]}, {"left_foot_pose": [0.9963908006191687, -0.08319357618906564, 0.016858271630493665, 0.0011846669832249843, 0.08488446513375697, 0.976553386079545, -0.19783354547581689, 0.04461498447169379, -4.522105912189207e-06, 0.19855053013641158, 0.980090652420531, 0.025000001222908304, 0.0, 0.0, 0.0, 1.0], "right_foot_pose": [0.9957709841280817, -0.09046635398700469, 0.015999561396775087, 0.009257417194632479, 0.09187027358504612, 0.980554066409436, -0.17341734538196735, -0.09882775043719466, -3.356389247440534e-11, 0.17415384475864348, 0.9847184563903446, 4.863887070882811e-11, 0.0, 0.0, 0.0, 1.0]}, {"left_foot_pose": [0.9956937241453768, -0.09114482404617172, 0.016930113617552495, -0.0017004874572030503, 0.09270387089775602, 0.9789570254520534, -0.18179420958501627, 0.04185430373989729, -4.252422365465828e-06, 0.18258084063685565, 0.9831908444520102, 0.025000001890670316, 0.0, 0.0, 0.0, 1.0], "right_foot_pose": [0.9957709841280509, -0.09045340418486084, 0.016072611487328227, 0.0092574170899348, 0.09187027358537905, 0.9804137050543991, -0.17420912654867926, -0.09882775043731246, -4.1792302403702386e-11, 0.17494898860203886, 0.9845774989238399, 1.6664586377501678e-11, 0.0, 0.0, 0.0, 1.0]}, {"left_foot_pose": [0.9949401484024119, -0.09916978552479352, 0.016107598702295067, -0.004567862326530668, 0.10046940372090479, 0.9820758795101154, -0.15947685035891562, 0.03911063581587314, -3.5991160892228165e-06, 0.1602882419998436, 0.9870702505210291, 0.025000002520883594, 0.0, 0.0, 0.0, 1.0], "right_foot_pose": [0.9957709841272842, -0.09053146682279949, 0.015626921804763143, 0.009257417006067577, 0.09187027359369206, 0.9812598164335291, -0.16937835010017477, -0.09882775042237796, 6.10311761481447e-11, 0.1700976959507374, 0.9854272037204224, 1.8079338026666392e-10, 0.0, 0.0, 0.0, 1.0]}, {"left_foot_pose": [0.9941805712683678, -0.1068836632386499, 0.013448949594289054, -0.007249539560285413, 0.10772646706409149, 0.9864054753962737, -0.1240937000904626, 0.03654464908961498, -2.5282676283395945e-06, 0.12482035347225713, 0.9921793584592807, 0.022459723653914264, 0.0, 0.0, 0.0, 1.0], "right_foot_pose": [0.9957709841259466, -0.0907606035326346, 0.014235870863272037, 0.009257417089271684, 0.09187027360819086, 0.9837434013950687, -0.15430091716777655, -0.09882775059454646, 3.429301386124428e-10, 0.15495622949095259, 0.987921336413961, 6.545828393211828e-10, 0.0, 0.0, 0.0, 1.0]}, {"left_foot_pose": [0.9934782306027096, -0.11358594435186875, 0.00996185545992922, -0.009577592682145305, 0.1140219510286354, 0.9896804045684435, -0.08678531844077295, 0.034317028713403745, -1.4607908626216345e-06, 0.08735519480223795, 0.9961772281772608, 0.015838561887256318, 0.0, 0.0, 0.0, 1.0], "right_foot_pose": [0.9957709841244189, -0.09099821941605378, 0.012628192229868931, 0.009257417189827437, 0.09187027362475197, 0.9863188911366476, -0.13687548287070098, -0.09882775080877407, 6.657215888634251e-10, 0.13745678975620682, 0.9905077642047629, 1.2787505498934593e-09, 0.0, 0.0, 0.0, 1.0]}, {"left_foot_pose": [0.9929057586516262, -0.11875849192122506, 0.005880053829321278, -0.011384105830872696, 0.11890397149000666, 0.9916911773948349, -0.049096377067464815, 0.0325884533319788, -5.858058169161128e-07, 0.04944723727209859, 0.9987767371769405, 0.007998177514496774, 0.0, 0.0, 0.0, 1.0], "right_foot_pose": [0.995770984123416, -0.09126743011187456, 0.010507301207128441, 0.009257417301890657, 0.09187027363561749, 0.9892368334727085, -0.11388740107231239, -0.09882775090527364, 1.0435063259268912e-09, 0.11437107808210534, 0.9934380989766486, 2.017938816045728e-09, 0.0, 0.0, 0.0, 1.0]}, {"left_foot_pose": [0.9925397660042957, -0.1219099266201412, 0.0016681401651353492, -0.012501161305248313, 0.12192133898597525, 0.9924468684836378, -0.013579408561807723, 0.031519596937547245, -7.578176550378696e-08, 0.013681484878962764, 0.9999064041056553, 0.0018172765590247358, 0.0, 0.0, 0.0, 1.0], "right_foot_pose": [0.9957709841236773, -0.09152709439113613, 0.007933358032984223, 0.009257417390073845, 0.09187027363278868, 0.9920513037708787, -0.08598874059513018, -0.09882775077016558, 1.3971220685329734e-09, 0.08635393261928534, 0.9962645222636327, 2.7073462569027207e-09, 0.0, 0.0, 0.0, 1.0]}, {"left_foot_pose": [0.9924450321369993, -0.1226673150476076, -0.0023638962757805684, -0.012785826756284454, 0.12269009000971409, 0.9922608047986242, 0.019121638888861925, 0.031247220089630698, 1.5192596920456723e-09, -0.019267202168417957, 0.9998143702310959, 3.0298981101850586e-09, 0.0, 0.0, 0.0, 1.0], "right_foot_pose": [0.9957709841264564, -0.09173081957632602, 0.005060030798763549, 0.00925741772888454, 0.09187027360266715, 0.9942594575902336, -0.054845089302012, -0.09882775041104946, 1.5140417820115787e-09, 0.05507801496268805, 0.9984820540539373, 3.0519350727176153e-09, 0.0, 0.0, 0.0, 1.0]}, {"left_foot_pose": [0.9924450321389827, -0.12252731036616184, -0.006317942472738511, -0.01278582616476404, 0.12269008999366925, 0.9911283017839375, 0.05110607811439154, 0.031247220127504152, 1.2990542936285318e-09, -0.05149512226728991, 0.9986732460533214, 2.897887430020063e-09, 0.0, 0.0, 0.0, 1.0], "right_foot_pose": [0.9957709841294766, -0.09184596049108425, 0.0021134586070630855, 0.009257418335615136, 0.09187027356992895, 0.9955074572358191, -0.022907540724850184, -0.09882775032750456, 1.2764719385021924e-09, 0.02300482839197958, 0.999735353916553, 3.0577755952276853e-09, 0.0, 0.0, 0.0, 1.0]}, {"left_foot_pose": [0.9924450321404543, -0.12227826487069247, -0.010044108718385661, -0.012785826839182527, 0.12269008998176689, 0.9891137632092243, 0.08124718610729689, 0.03124721988152171, 1.229698413328529e-09, -0.08186567883002324, 0.9966433718385433, 2.4085520661243365e-09, 0.0, 0.0, 0.0, 1.0], "right_foot_pose": [0.9957709841295632, -0.09186784332674776, -0.0006682276057255371, 0.009257417627083863, 0.09187027356898929, 0.9957446431174285, 0.007242826610131035, -0.09882775055491895, 1.1985219858875623e-09, -0.007273586834394473, 0.9999735471174038, 2.4962768033209848e-09, 0.0, 0.0, 0.0, 1.0]}, {"left_foot_pose": [0.9924450321407009, -0.12197153011202592, -0.0132591108817655, -0.012785827245557425, 0.12269008997976927, 0.98663257349002, 0.10725346963719926, 0.031247220054610628, 8.899926100209716e-10, -0.10806993462842755, 0.9941432941127796, 1.6445394976360994e-09, 0.0, 0.0, 0.0, 1.0], "right_foot_pose": [0.9956815601796838, -0.09277490677776955, -0.0033237615026829536, 0.009048547839967721, 0.09283442636273313, 0.9950432805416859, 0.03564602545505197, -0.09916441247088043, 2.298607772723282e-07, -0.03580064973175913, 0.9993589512676271, 0.002250300908255329, 0.0, 0.0, 0.0, 1.0]}, {"left_foot_pose": [0.9924450321394409, -0.1216623440640279, -0.015847151750104312, -0.012785827386477985, 0.12269008998996139, 0.9841315549126692, 0.12818823831938675, 0.031247220105997574, 5.373922279654288e-10, -0.12916406877308706, 0.9916232365863472, 9.839490403007467e-10, 0.0, 0.0, 0.0, 1.0], "right_foot_pose": [0.9953759782027128, -0.09584520920749874, -0.006352785921403438, 0.008350612677967694, 0.0960555152831484, 0.9931972481731675, 0.0658222166516495, -0.1002893825297092, 8.253698922633564e-07, -0.06612807341227059, 0.9978111434064565, 0.008710107433771909, 0.0, 0.0, 0.0, 1.0]}, {"left_foot_pose": [0.9924450321377476, -0.12139925380534872, -0.017750474940405606, -0.012785827418044468, 0.12269009000365724, 0.9820034069270673, 0.14358429788291027, 0.031247220000274665, 2.4490148565095635e-10, -0.14467733049492698, 0.9894788881228657, 4.921099222565672e-10, 0.0, 0.0, 0.0, 1.0], "right_foot_pose": [0.9948763288308521, -0.10061585195597299, -0.009876267879097171, 0.0072572792144832915, 0.10109940815465769, 0.9901194811766945, 0.09717161450326614, -0.10205168206442963, 1.6804492301133507e-06, -0.09767222394092996, 0.9952186376207034, 0.01655846021692311, 0.0, 0.0, 0.0, 1.0]}, {"left_foot_pose": [0.9924450321363073, -0.1212202000041635, -0.018934658669109768, -0.01278582735633725, 0.12269009001531125, 0.9805550332556724, 0.15316320892761112, 0.03124721983749732, 4.148926872899246e-11, -0.15432916078278533, 0.9880194887410281, 1.7639607829966764e-10, 0.0, 0.0, 0.0, 1.0], "right_foot_pose": [0.9942041164699881, -0.10663166074518937, -0.013706338710718836, 0.005867103868801791, 0.10750895212606679, 0.9860943524145782, 0.12672708214438078, -0.10429244789273669, 2.623964473690557e-06, -0.12746614084844823, 0.9918429225085584, 0.022916653458164002, 0.0, 0.0, 0.0, 1.0]}, {"left_foot_pose": [0.9924450321354171, -0.12117618129192938, -0.019214350814879832, -0.012785827210703829, 0.12269009002251118, 0.9801989639985742, 0.15542565034893974, 0.031247219780285503, -2.1448908737370244e-11, -0.15660882498642345, 0.987660708915958, 6.495253640492749e-11, 0.0, 0.0, 0.0, 1.0], "right_foot_pose": [0.9933854822106207, -0.11355364682546476, -0.017054413675341936, 0.004278645880989611, 0.11482719069058456, 0.9823722261357112, 0.1475111032948869, -0.10685281158002954, 3.358601302402951e-06, -0.14849369888922676, 0.9889133538277838, 0.025000001755308636, 0.0, 0.0, 0.0, 1.0]}, {"left_foot_pose": [0.9924450321360813, -0.12123888969908857, -0.018814617002362654, -0.012785827144839418, 0.12269009001713803, 0.9807062149207872, 0.15219218714287044, 0.031247219764044126, 3.549363008312321e-11, -0.15335074711352456, 0.9881718212738736, 1.827841628054827e-10, 0.0, 0.0, 0.0, 1.0], "right_foot_pose": [0.9924564128986968, -0.12098070933077086, -0.019847832780290807, 0.002590472570746579, 0.12259799542412851, 0.9793691252693268, 0.16064198699959603, -0.10957390302062364, 3.7730930094467526e-06, -0.1618634746909154, 0.9868131614174728, 0.025000001329360838, 0.0, 0.0, 0.0, 1.0]}, {"left_foot_pose": [0.992445032137819, -0.1214137621592116, -0.0176509643733831, -0.012785827055641756, 0.12269009000308098, 0.9821207655582787, 0.14277935310911502, 0.03124721974171595, 2.235924281320547e-10, -0.14386625809260437, 0.9895971401446314, 5.353451501544093e-10, 0.0, 0.0, 0.0, 1.0], "right_foot_pose": [0.991465859977164, -0.12851556518352772, -0.021890591707422295, 0.0009011397723560726, 0.13036659267342585, 0.9773932971405175, 0.1664538801575645, -0.11229686345933007, 3.8031198338015578e-06, -0.16788714128945748, 0.9858062222238153, 0.02500000094145395, 0.0, 0.0, 0.0, 1.0]}, {"left_foot_pose": [0.9924450321404827, -0.12168394086630313, -0.01568045646411526, -0.012785826895867165, 0.12269008998153463, 0.984306252401687, 0.12683983326727588, 0.031247219990347054, 5.673539968402796e-10, -0.12780539901816904, 0.9917992639550645, 1.1819159748127639e-09, 0.0, 0.0, 0.0, 1.0], "right_foot_pose": [0.9904767717396241, -0.13583673412843736, -0.022453202568286125, -0.000690794830115703, 0.13767993547690782, 0.9772206691991302, 0.1615054149466142, -0.11486282651830267, 3.3655290378074325e-06, -0.16305871749564257, 0.9866163664957873, 0.02302493247759086, 0.0, 0.