{"LoopMode": "Wrap", "FrameDuration": 0.0167, "EnableCycleOffsetPosition": true, "EnableCycleOffsetRotation": false, "Debug_info": [{"left_foot_pose": [1.0000000000000004, 1.1512517373236328e-13, -7.987277506060769e-12, 1.3324047787986963e-12, -3.689150852603522e-14, 0.9999524388127963, 0.009752954031576843, 5.3018353596279155e-14, 7.987679654834731e-12, -0.009752954031577015, 0.9999524388127963, 1.668634674878433e-11, 0.0, 0.0, 0.0, 1.0], "right_foot_pose": [0.9999999999999998, -1.8945499924750235e-13, -8.045952792912202e-12, 8.268965082605766e-13, 7.128232811246305e-14, 0.9998920568356302, -0.01469267426348459, -0.1400000000020227, 8.047822067138145e-12, 0.014692674263484438, 0.9998920568356302, 1.3942888510420914e-11, 0.0, 0.0, 0.0, 1.0]}, {"left_foot_pose": [1.0000000000000004, 1.8080995587990815e-13, -1.7810641850246618e-11, 3.0324786175148964e-12, -5.805457181341849e-14, 0.9999763766192209, 0.006873587381765614, 9.876266471309236e-13, 1.7810906236219244e-11, -0.006873587381765788, 0.9999763766192211, 3.626653838351146e-11, 0.0, 0.0, 0.0, 1.0], "right_foot_pose": [0.9999999999999999, -4.887484789660256e-13, -1.7917278771761854e-11, 2.0938883914374936e-12, 1.738829219088928e-13, 0.9998455838807595, -0.017572944947937597, -0.14000000000362592, 1.7922896387420524e-11, 0.017572944947937447, 0.9998455838807597, 3.21356621868496e-11, 0.0, 0.0, 0.0, 1.0]}, {"left_foot_pose": [1.0000000000000002, 1.308373362951758e-13, -3.1273539313758654e-11, 5.394824902390121e-12, -4.095981334171244e-14, 0.9999959006624117, 0.0028633299448296416, 2.637648779946211e-12, 3.12735662144964e-11, -0.0028633299448298155, 0.9999959006624117, 6.300004962156436e-11, 0.0, 0.0, 0.0, 1.0], "right_foot_pose": [1.0, -1.0374112600859928e-12, -3.146288785060846e-11, 3.922186235399372e-12, 3.5808968205995993e-13, 0.9997670019562483, -0.02158568505781366, -0.14000000000544005, 3.14779828940839e-11, 0.0215856850578135, 0.9997670019562483, 5.737339769940064e-11, 0.0, 0.0, 0.0, 1.0]}, {"left_foot_pose": [1.0000000000000007, -1.662032241260094e-13, -4.81865103374446e-11, 8.40455491866733e-12, 5.780533261822927e-14, 0.9999974542770083, -0.002256421836402398, 5.130888769411257e-12, 4.8186477372476657e-11, 0.0022564218364022233, 0.9999974542770085, 9.666249051187847e-11, 0.0, 0.0, 0.0, 1.0], "right_foot_pose": [1.0, -1.961767666428727e-12, -4.85183004883538e-11, 6.314994002121177e-12, 6.6517145253426e-13, 0.9996432062271292, -0.026710676590927598, -0.14000000000727775, 4.8553264777015495e-11, 0.026710676590927455, 0.9996432062271294, 8.931502065712138e-11, 0.0, 0.0, 0.0, 1.0]}, {"left_foot_pose": [1.0000000000000007, -8.746444436132979e-13, -6.87313539415868e-11, 1.2118651885414583e-11, 2.924826788072127e-13, 0.9999640907336749, -0.008474505482660898, 8.682147015215413e-12, 6.873582399985407e-11, 0.008474505482660722, 0.9999640907336751, 1.3780423330223002e-10, 0.0, 0.0, 0.0, 1.0], "right_foot_pose": [0.9999999999999999, -3.4365522721987892e-12, -6.929956608558993e-11, 9.337287550190316e-12, 1.1521517966725833e-12, 0.9994573887708283, -0.032938245724342244, -0.1400000000089558, 6.937472783327678e-11, 0.0329382457243421, 0.9994573887708285, 1.2833711870996467e-10, 0.0, 0.0, 0.0, 1.0]}, {"left_foot_pose": [1.0000000000000007, -2.2123533878320164e-12, -9.350703544797055e-11, 1.667780828487166e-11, 7.347789853085941e-13, 0.9998751348105767, -0.01580236651683031, 1.3626790668075373e-11, 9.353006393963822e-11, 0.015802366516830132, 0.9998751348105765, 1.878582636671844e-10, 0.0, 0.0, 0.0, 1.0], "right_foot_pose": [0.9999999999999999, -5.708095360841788e-12, -9.445022541854083e-11, 1.3129778285647905e-11, 1.898916168251814e-12, 0.9991883638682638, -0.040281677103392706, -0.14000000001026716, 9.460339898359263e-11, 0.04028167710339256, 0.9991883638682639, 1.7563462489933457e-10, 0.0, 0.0, 0.0, 1.0]}, {"left_foot_pose": [1.0000000000000004, -4.485079555588424e-12, -1.2353851275292977e-10, 2.2315299140051905e-11, 1.4848300014777774e-12, 0.999705246224995, -0.02427798735939763, 2.0460605432148782e-11, 1.2361064227959935e-10, 0.024277987359397457, 0.9997052462249953, 2.4921367747232637e-10, 0.0, 0.0, 0.0, 1.0], "right_foot_pose": [0.9999999999999999, -9.130967216952253e-12, -1.250606840308421e-10, 1.7921722141638398e-11, 3.019551788406895e-12, 0.9988094874316283, -0.04878122401670167, -0.1400000000109357, 1.253569401505753e-10, 0.04878122401670153, 0.9988094874316285, 2.332642481950309e-10, 0.0, 0.0, 0.0, 1.0]}, {"left_foot_pose": [1.0000000000000004, -8.134053437316989e-12, -1.6026613369746188e-10, 2.936547392840824e-11, 2.686049619198128e-12, 0.9994229787080469, -0.03396630139322993, 2.9886733712847224e-11, 1.6044977091035648e-10, 0.033966301393229745, 0.9994229787080467, 3.2528129495501545e-10, 0.0, 0.0, 0.0, 1.0], "right_foot_pose": [0.9999999999999998, -1.421843275729778e-11, -1.6266471503101335e-10, 2.4044828454513578e-11, 4.677510840876845e-12, 0.9982871366357147, -0.05850463936873973, -0.14000000001055232, 1.6321775289199973e-10, 0.05850463936873958, 0.9982871366357144, 3.041622231858554e-10, 0.0, 0.0, 0.0, 1.0]}, {"left_foot_pose": [1.0000000000000004, -1.3797536991588326e-11, -2.0553103663445403e-10, 3.8276614982824835e-11, 4.543788676094453e-12, 0.9989889045120811, -0.044957409419947476, 4.286881266635234e-11, 2.0594321205789614e-10, 0.0449574094199473, 0.9989889045120812, 4.205922693456543e-10, 0.0, 0.0, 0.0, 1.0], "right_foot_pose": [0.9999999999999998, -2.1708675006242444e-11, -2.092372941575603e-10, 3.195311592932184e-11, 7.104669846485135e-12, 0.9975787780575374, -0.06954553594035127, -0.14000000000849488, 2.102401948336828e-10, 0.06954553594035114, 0.9975787780575373, 3.9217384895096075e-10, 0.0, 0.0, 0.0, 1.0]}, {"left_foot_pose": [1.0, -2.237840386183749e-11, -2.614563565650481e-10, 4.96130468989888e-11, 7.34427715788546e-12, 0.9983534541575123, -0.057361838985209905, 6.065991632608903e-11, 2.623092479409627e-10, 0.05736183898520973, 0.9983534541575121, 5.407631287202008e-10, 0.0, 0.0, 0.0, 1.0], "right_foot_pose": [1.0, -3.2636102170225397e-11, -2.670905163704161e-10, 4.2234024036519496e-11, 1.0619773202548024e-11, 0.9966307827500785, -0.0820187958639115, -0.14000000000383195, 2.68867368407167e-10, 0.08201879586391134, 0.9966307827500783, 5.019298865427402e-10, 0.0, 0.0, 0.0, 1.0]}, {"left_foot_pose": [1.0000000000000004, -3.5074814338448226e-11, -3.299771011988633e-10, 6.400150208870624e-11, 1.1458582746094972e-11, 0.9974549304389275, -0.07129980184457106, 8.47063877373877e-11, 3.316379301157209e-10, 0.07129980184457088, 0.9974549304389279, 6.918046482895512e-10, 0.0, 0.0, 0.0, 1.0], "right_foot_pose": [1.0, -4.8354953279936094e-11, -3.384086899593794e-10, 5.5567143092454475e-11, 1.5627333323441317e-11, 0.9953765170760054, -0.09604993104443384, -0.139999999995243, 3.4148836379979586e-10, 0.09604993104443367, 0.9953765170760057, 6.380861811150496e-10, 0.0, 0.0, 0.0, 1.0]}, {"left_foot_pose": [1.0000000000000002, -5.3240173273988215e-11, -4.1153314089825606e-10, 8.192732265708666e-11, 1.7286471716978203e-11, 0.9962190476652633, -0.08687697663315223, 1.1618987542927339e-10, 4.1460249888024526e-10, 0.08687697663315203, 0.9962190476652631, 8.777130966475255e-10, 0.0, 0.0, 0.0, 1.0], "right_foot_pose": [0.9999999999999996, -7.035818001028396e-11, -4.239072426415187e-10, 7.252969258023158e-11, 2.25455979484419e-11, 0.9937362640608692, -0.11175078295182732, -0.13999999998108448, 4.2911431775233406e-10, 0.11175078295182717, 0.9937362640608691, 8.029855599889224e-10, 0.0, 0.0, 0.0, 1.0]}, {"left_foot_pose": [1.0000000000000004, -7.767249281755843e-11, -5.016629889276189e-10, 1.031146815678079e-10, 2.5013107429644082e-11, 0.9945638347268118, -0.1041286639379379, 1.5458635933829346e-10, 5.070235755222091e-10, 0.10412866393793772, 0.9945638347268116, 1.0932725627577078e-09, 0.0, 0.0, 0.0, 1.0], "right_foot_pose": [1.0, -9.942121318773526e-11, -5.192765106798441e-10, 9.296298734710329e-11, 3.1517132367448036e-11, 0.9916233692636628, -0.12916305017372995, -0.13999999995998771, 5.277682452687821e-10, 0.12916305017372984, 0.9916233692636628, 9.901056224892457e-10, 0.0, 0.0, 0.0, 1.0]}, {"left_foot_pose": [1.0000000000000004, -1.062461016566635e-10, -5.825678828230687e-10, 1.2480211226191733e-10, 3.384805635545646e-11, 0.9924200246267308, -0.12289220772644592, 1.9379762725146854e-10, 5.912086442959259e-10, 0.12289220772644575, 0.9924200246267308, 1.3042579030675405e-09, 0.0, 0.0, 0.0, 1.0], "right_foot_pose": [1.0, -1.3279303707644643e-10, -6.062410018436984e-10, 1.1416177974375298e-10, 4.152650457321191e-11, 0.988968098140862, -0.14812866319401624, -0.13999999993303888, 6.192230582376333e-10, 0.1481286631940161, 0.9889680981408621, 1.1668148808263723e-09, 0.0, 0.0, 0.0, 1.0]}, {"left_foot_pose": [1.0000000000000004, -1.2774894507748912e-10, -6.055422274719978e-10, 1.3765626408317935e-10, 4.014601441156514e-11, 0.9897925327330088, -0.14251576104409047, 2.138037420718053e-10, 6.175669782691456e-10, 0.14251576104409022, 0.9897925327330089, 1.40153021133127e-09, 0.0, 0.0, 0.0, 1.0], "right_foot_pose": [1.0000000000000002, -1.5694411247615075e-10, -6.33680607986519e-10, 1.2655753241185403e-10, 4.825981070183119e-11, 0.9857881843649893, -0.1679930223740805, -0.13999999990959627, 6.510401410368094e-10, 0.16799302237408034, 0.9857881843649894, 1.236064570142581e-09, 0.0, 0.0, 0.0, 1.0]}, {"left_foot_pose": [0.9999999994503646, -3.2698496470656305e-05, 5.484519929988627e-06, -1.0692742166058114e-05, 3.3154978770909605e-05, 0.9869027580496047, -0.1613162888701327, -9.036201347234485e-06, -1.378877434989361e-07, 0.16131628896330644, 0.9869027585912854, 0.00016386118964435703, 0.0, 0.0, 0.0, 1.0], "right_foot_pose": [0.9999999999999999, -1.393620561622997e-10, -5.073713671421834e-10, 1.1183838758909953e-10, 4.205285371113435e-11, 0.9823697170737469, -0.18694849284347484, -0.1399999999779487, 5.24479625805548e-10, 0.1869484928434747, 0.9823697170737469, 9.654705854234003e-10, 0.0, 0.0, 0.0, 1.0]}, {"left_foot_pose": [0.9999995617707809, -0.0009207881287895675, 0.00016913742608961165, -0.0003019811140476303, 0.0009361931633552335, 0.983694375017237, -0.17984576753932563, -0.0002551810292342159, -7.796868860891898e-07, 0.17984584707095705, 0.98369480596917, 0.004191209113696824, 0.0, 0.0, 0.0, 1.0], "right_foot_pose": [1.0, -9.569080131795233e-11, -3.203867726675463e-10, 1.1723978877453476e-10, 2.8688415707934778e-11, 0.9791960712282617, -0.20291637216138386, -0.14000000016271044, 3.33138621642741e-10, 0.2029163721613837, 0.9791960712282619, 5.412728321108062e-10, 0.0, 0.0, 0.0, 1.0]}, {"left_foot_pose": [0.9999957846494485, -0.0028461974899498385, 0.0005743197566188675, -0.0009366010543515202, 0.0029035635599831016, 0.980334556259339, -0.1973213802973691, -0.0007914380911153707, -1.4098864402335435e-06, 0.19732221609249664, 0.9803386879208429, 0.01146980214330115, 0.0, 0.0, 0.0, 1.0], "right_foot_pose": [0.9999999999999999, -4.738564397825636e-11, -1.4607925979959163e-10, 1.0954222277744455e-10, 1.4884847480073327e-11, 0.9766341998555158, -0.21490844486100755, -0.140000000177096, 1.5284951452339903e-10, 0.21490844486100735, 0.9766341998555157, 2.4845661639183447e-10, 0.0, 0.0, 0.0, 1.0]}, {"left_foot_pose": [0.9999837161723478, -0.005578389221696289, 0.0012037291362511583, -0.0018408596870917102, 0.005706784236473417, 0.9775575500347741, -0.21059123672102184, -0.0015555338706421916, -1.9546202311755947e-06, 0.2105946769120775, 0.9775734663197841, 0.019120926172220568, 0.0, 0.0, 0.0, 1.0], "right_foot_pose": [0.9999999999999999, -1.1111231620860296e-11, -2.527994480416844e-11, 6.681538250487185e-11, 5.210639158092825e-12, 0.974954504470258, -0.22240439342142898, -0.14000000008779281, 2.7117720708325723e-11, 0.22240439342142887, 0.9749545044702581, 6.577258876427905e-11, 0.0, 0.0, 0.0, 1.0]}, {"left_foot_pose": [0.9999584361880501, -0.00890377882155835, 0.0019617897559128803, -0.002941062791404594, 0.00911734012871522, 0.9765901754380182, -0.21491510730267263, -0.0024851996255367756, -2.308021065173453e-06, 0.21492406091603294, 0.9766307634075608, 0.024265877277913017, 0.0, 0.0, 0.0, 1.0], "right_foot_pose": [0.9999999999999998, 2.015052619507961e-12, 1.9761359215664233e-11, 2.0225580283729427e-12, 2.4843158516489026e-12, 0.9743436998122017, -0.2250652230716036, -0.13999999999752683, -1.9707962453208237e-11, 0.22506522307160345, 0.9743436998122015, -6.349587522436195e-12, 0.0, 0.0, 0.0, 1.0]}, {"left_foot_pose": [0.9999167051415233, -0.01262786819915594, 0.0026682810319047104, -0.004163511896539662, 0.012906694900868647, 0.9783533053586488, -0.2065386818989211, -0.0035181679412434157, -2.3783141429489755e-06, 0.2065559169778307, 0.9784347976006333, 0.025000000555953195, 0.0, 0.0, 0.0, 1.0], "right_foot_pose": [0.9999999999999998, -1.278638558432759e-11, -2.128308640436664e-11, -5.071119328575669e-11, 7.726121490708295e-12, 0.9748915610625856, -0.222680138694395, -0.13999999998475693, 2.3595651963879387e-11, 0.2226801386943949, 0.9748915610625856, 6.832469312545442e-11, 0.0, 0.0, 0.0, 1.0]}, {"left_foot_pose": [0.9998580904488954, -0.016534700522200702, 0.003225312780238332, -0.005434511625478611, 0.016846333694677862, 0.9813873745140046, -0.19129825452825652, -0.0045921627368493145, -2.22189234031286e-06, 0.1913254421741947, 0.9815266553547657, 0.025000001036620367, 0.0, 0.0, 0.0, 1.0], "right_foot_pose": [1.0, -5.074693165971204e-11, -1.3962903055997313e-10, -8.675735690379632e-11, 1.945929809362423e-11, 0.9764961030726319, -0.21553505674011408, -0.1399999999545693, 1.4728480548356806e-10, 0.21553505674011394, 0.9764961030726319, 2.8332842322287277e-10, 0.0, 0.0, 0.0, 1.0]}, {"left_foot_pose": [0.9997855711066953, -0.02040451051870003, 0.003530971162713276, -0.006680368735561851, 0.020707771568253645, 0.9851593947495162, -0.17038824822576515, -0.0056449126163126105, -1.8806103514081596e-06, 0.1704248306065173, 0.9853706800535543, 0.024910270329522748, 0.0, 0.0, 0.0, 1.0], "right_foot_pose": [0.9999999999999999, -1.0947956767826067e-10, -3.439160067841833e-10, -1.0585631505621748e-10, 3.71804180897808e-11, 0.9790627691054092, -0.20355857670864227, -0.13999999995707543, 3.590007183632837e-10, 0.20355857670864216, 0.9790627691054093, 6.425150550493086e-10, 0.0, 0.0, 0.0, 1.0]}, {"left_foot_pose": [0.999705620123, -0.024022675956939795, 0.0034035473196274532, -0.007827386641096232, 0.02426258627206979, 0.9898283774465969, -0.1401824172598983, -0.0066141504894159965, -1.3709362548386245e-06, 0.14022372923762105, 0.990119844138484, 0.021163833407087808, 0.0, 0.0, 0.0, 1.0], "right_foot_pose": [0.9999999999999999, -1.8489498282677645e-10, -6.53689935514733e-10, -8.049597294855683e-11, 5.989239771164492e-11, 0.9824975205762515, -0.18627566148458127, -0.14000000021171954, 6.766900854751862e-10, 0.18627566148458113, 0.9824975205762516, 1.1726483881147054e-09, 0.0, 0.0, 0.0, 1.0]}, {"left_foot_pose": [0.9996277646267947, -0.027134551755766047, 0.002836950519889044, -0.00880187054886686, 0.027282451989743155, 0.9942118165808312, -0.10391598329646949, -0.007437594866901591, -8.16102919703363e-07, 0.10395470105800104, 0.9945820328797806, 0.013996812224355261, 0.0, 0.0, 0.0, 1.0], "right_foot_pose": [1.0, -2.515412516846828e-10, -1.0283918716602597e-09, -2.6796744399604138e-12, 7.98961861801769e-11, 0.9865250274179002, -0.16361042227838576, -0.14000000041764887, 1.05568902231939e-09, 0.16361042227838565, 0.9865250274179, 1.8711775601198966e-09, 0.0, 0.0, 0.0, 1.0]}, {"left_foot_pose": [0.9995636250110193, -0.02947364296625365, 0.0019656869356776247, -0.009530128579661713, 0.029539119057769046, 0.9973487906386602, -0.06650436269068455, -0.00805297117717053, -3.496464291998784e-07, 0.06653340651057134, 0.9977841980197811, 0.00628791067510924, 0.0, 0.0, 0.0, 1.0], "right_foot_pose": [0.9999999999999998, -2.8629290197373343e-10, -1.4278562221470263e-09, 1.0750702027914218e-10, 8.964766260300609e-11, 0.9907278325650417, -0.13586155372648476, -0.14000000045408842, 1.4535128494285422e-09, 0.13586155372648465, 0.9907278325650418, 2.6391325999575166e-09, 0.0, 0.0, 0.0, 1.0]}, {"left_foot_pose": [0.9995254326752836, -0.030790398358350603, 0.0009277953555881053, -0.009938465562499811, 0.030804373638888653, 0.9990720276354557, -0.030102726804997433, -0.00839800835757959, -5.9437140019710036e-08, 0.03011702118926468, 0.9995463796316224, 0.0009158369684559922, 0.0, 0.0, 0.0, 1.0], "right_foot_pose": [1.0, -2.638341247372574e-10, -1.7531563423212032e-09, 2.3056390638664484e-10, 8.045420441225513e-11, 0.994599527951592, -0.10378718128203776, -0.14000000022922063, 1.7710710608335207e-09, 0.10378718128203762, 0.994599527951592, 3.274583548762422e-09, 0.0, 0.0, 0.0, 1.0]}, {"left_foot_pose": [0.999519538478783, -0.030994691457128222, -0.00014594738516161905, -0.009999999749848757, 0.03099503507276335, 0.9995084579340402, 0.004706412556983008, -0.008449999718342779, 1.8408085140885498e-09, -0.004708674951168438, 0.9999889141286544, 3.4980839613840686e-09, 0.0, 0.0, 0.0, 1.0], "right_foot_pose": [0.9999999999999998, -1.867665962698368e-10, -1.8477737673272533e-09, 3.068800036868589e-10, 5.7794474288222347e-11, 0.9975781940028478, -0.06955391326170639, -0.1400000000356453, 1.8562888811617718e-09, 0.06955391326170624, 0.9975781940028478, 3.473734806747064e-09, 0.0, 0.0, 0.0, 1.0]}, {"left_foot_pose": [0.9995195384796617, -0.030971276226130405, -0.001213361582632315, -0.009999999752431203, 0.03099503504443082, 0.9987533726342076, 0.03912810312794392, -0.008449999851049697, 1.6826984779758574e-09, -0.03914691176480249, 0.9992334658623478, 3.1531603578160983e-09, 0.0, 0.0, 0.0, 1.0], "right_foot_pose": [0.9999999999999999, -8.366159915478249e-11, -1.6745500541759378e-09, 2.9377432849305716e-10, 2.4668426825587925e-11, 0.999380346230442, -0.03519834610208425, -0.14000000013998853, 1.6764571622507154e-09, 0.035198346102084103, 0.999380346230442, 3.183430900832729e-09, 0.0, 0.0, 0.0, 1.0]}, {"left_foot_pose": [0.999519538480023, -0.03091789225473995, -0.0021854370746448746, -0.009999999761094044, 0.030995035032775134, 0.9970318618618168, 0.07047534487802515, -0.008449999905520563, 1.275960298993132e-09, -0.0705092218853948, 0.9975111275715759, 2.3702659210367294e-09, 0.0, 0.0, 0.0, 1.0], "right_foot_pose": [0.9999999997198388, 2.3670927384640475e-05, -9.612882545543152e-08, 1.170272863317418e-06, -2.367112182736729e-05, 0.9999927433297033, -0.0038095574037242444, -0.14000592081195967, 5.952371078994653e-09, 0.0038095574049322807, 0.9999927436098617, 3.7401724774656364e-05, 0.0, 0.0, 0.0, 1.0]}, {"left_foot_pose": [0.9995195384797572, -0.030849551298678227, -0.0029995636157304677, -0.00999999952805126, 0.03099503504135158, 0.9948280203982224, 0.09672909403762817, -0.008449999655271996, 7.853068517912133e-10, -0.09677559100943353, 0.9953062267386736, 1.5324958871354433e-09, 0.0, 0.0, 0.0, 1.0], "right_foot_pose": [0.999997035407061, 0.0024341168890480956, 6.520781902612077e-05, 0.00012036606678095074, -0.00243499013918516, 0.9996420607171638, 0.02664247113471924, -0.14060911063420406, -3.33589631354417e-07, -0.026642550931033914, 0.9996450242359918, 0.0034929908071809346, 0.0, 0.0, 0.0, 1.0]}, {"left_foot_pose": [0.9995195384793583, -0.030781230143365357, -0.00363429069738693, -0.009999999465687104, 0.030995035054214026, 0.9926248165682608, 0.1171976165918734, -0.008449999685728805, 3.2828111863828116e-10, -0.11725395261435285, 0.9931019638467707, 8.579715271572752e-10, 0.0, 0.0, 0.0, 1.0], "right_foot_pose": [0.9999655887794671, 0.00828128593059529, 0.0004914878114418132, 0.00041008391242070734, -0.008295857719343543, 0.9982182391037626, 0.059089134917377044, -0.14207523180238488, -1.2780760361018654e-06, -0.05909117890107898, 0.9982525895656106, 0.01053849822039156, 0.0, 0.0, 0.0, 1.0]}, {"left_foot_pose": [0.9995195384790968, -0.030725507513848806, -0.004078650089306821, -0.009999999573661772, 0.030995035062645122, 0.9908278866000408, 0.13152720987370972, -0.008449999867756214, -2.7081430780013928e-11, -0.13159043401294004, 0.9913041701094006, 3.7319341367192393e-10, 0.0, 0.0, 0.0, 1.0], "right_foot_pose": [0.9998574626354574, 0.016810610137368284, 0.0015677369021366695, 0.000834624571151436, -0.016883554280782212, 0.9955522131947294, 0.09268622550262838, -0.14422362367596964, -2.651940600499887e-06, -0.09269948322340123, 0.9956941326547433, 0.018295208745818123, 0.0, 0.0, 0.0, 1.0]}, {"left_foot_pose": [0.9995195384791836, -0.030691680733148857, -0.0043258446729776065, -0.009999999819254595, 0.030995035059833174, 0.989737048808419, 0.13949868106058108, -0.008450000061507906, -2.4157054811139523e-10, -0.13956573701942931, 0.9902128079611091, 9.895864683251432e-11, 0.0, 0.0, 0.0, 1.0], "right_foot_pose": [0.9996225037609493, 0.02726216989672811, 0.0034094086308560437, 0.00135828960170159, -0.02747453288931866, 0.9919146843849581, 0.12389676728632704, -0.14687362399129567, -4.1477665998808744e-06, -0.12394366863220771, 0.9922892557056061, 0.023884417814482688, 0.0, 0.0, 0.0, 1.0]}, {"left_foot_pose": [0.9995195384797152, -0.03068539465710709, -0.004370211898213482, -0.010000000107288057, 0.030995035042692264, 0.9895343374440309, 0.14092942496833616, -0.0084500001365754, -2.8876408927849054e-10, -0.14099716867349227, 0.990009999154584, 7.400851459449242e-11, 0.0, 0.0, 0.0, 1.0], "right_foot_pose": [0.9992257072067159, 0.03891603559179293, 0.005790356729658685, 0.0019453765665639745, -0.03934445359788363, 0.9883651224895807, 0.1469231044364354, -0.14984456391297413, -5.321876862684066e-06, -0.14703716135716877, 0.9891309686546587, 0.025000001597544293, 0.0, 0.0, 0.0, 1.0]}, {"left_foot_pose": [0.9995195384806179, -0.030707113086731096, -0.004214902296836874, -0.010000000338076237, 0.030995035013582264, 0.9902347090273496, 0.1359210389970135, -0.008450000184936008, -1.6586051851661057e-10, -0.13598637521237042, 0.9907107073997946, 2.8158444326242815e-10, 0.0, 0.0, 0.0, 1.0], "right_foot_pose": [0.9986590951009938, 0.05108038097388433, 0.008414656952402098, 0.002560181588919658, -0.05176882977570397, 0.9853971590911456, 0.1622110573257998, -0.15295577901366297, -5.976449245025865e-06, -0.16242916466774873, 0.9867202067605685, 0.02500000094772248, 0.0, 0.0, 0.0, 1.0]}, {"left_foot_pose": [0.99951953848173, -0.030754192084887694, -0.0038564053827216597, -0.010000000531656719, 0.030995034977719785, 0.9917529022731715, 0.12436031778454104, -0.008450000215322245, 1.2977239307502087e-10, -0.12442009685717159, 0.9922296304273789, 7.436771892743721e-10, 0.0, 0.0, 0.0, 1.0], "right_foot_pose": [0.9979483560177725, 0.06309119356339596, 0.010889445172782493, 0.003167006748464356, -0.06402404771259446, 0.983423790997988, 0.16964247290593507, -0.15602661078807836, -5.9933590010867505e-06, -0.16999161330457346, 0.9854455090821553, 0.02499255048027653, 0.0, 0.0, 0.0, 1.0]}, {"left_foot_pose": [0.9995195384827391, -0.03082067401277786, -0.003283023705477969, -0.010000000739930489, 0.030995034945175796, 0.9938967961725949, 0.10587004470859315, -0.0084499999167395, 6.069510968393689e-10, -0.10592093566075725, 0.9943745548779647, 1.5139833761668164e-09, 0.0, 0.0, 0.0, 1.0], "right_foot_pose": [0.9971542420528263, 0.07435917623745165, 0.0124149291315407, 0.0037301520065877703, -0.07538844426733912, 0.9835515794233118, 0.16414284353836148, -0.1588763935047625, -5.196524970051775e-06, -0.16461167492980672, 0.9863584523132553, 0.021837792953495076, 0.0, 0.0, 0.0, 1.0]}, {"left_foot_pose": [0.9995195384830212, -0.030894850645856706, -0.0024900590875111157, -0.01000000075707747, 0.03099503493608465, 0.9962888256366164, 0.08029871556210355, -0.008449999597864013, 1.219716746452458e-09, -0.08033731458782356, 0.9967677341712152, 2.583942781964055e-09, 0.0, 0.0, 0.0, 1.0], "right_foot_pose": [0.9963687338528845, 0.0842355580201108, 0.012398264614074582, 0.004213913451333065, -0.08514309241712631, 0.9857549161142966, 0.1450444730768623, -0.16132446616902837, -3.7481672476588996e-06, -0.14557340458180032, 0.9893474535593726, 0.01492377946568945, 0.0, 0.0, 0.0, 1.0]}, {"left_foot_pose": [0.9995195384823313, -0.030959478286408333, -0.0014842157194017325, -0.010000000659299344, 0.030995034958333625, 0.9983729194447263, 0.047862527381521275, -0.008449999396858848, 1.903663692271117e-09, -0.0478855345970848, 0.9988528297884292, 3.88334767120746e-09, 0.0, 0.0, 0.0, 1.0], "right_foot_pose": [0.9957060144799145, 0.09193446654300809, 0.010843735056538748, 0.004582593875254656, -0.09257177066565105, 0.9888537821161688, 0.11661331343536309, -0.1631901721308231, -2.0856604313240184e-06, -0.11711640131083559, 0.993118194647369, 0.0071292145241784455, 0.0, 0.0, 0.0, 1.0]}, {"left_foot_pose": [0.999519538479141, -0.030993731458258934, -0.00028426877937783257, -0.01000000017340428, 0.030995035061209594, 0.9994775009996347, 0.00916694044272389, -0.00844999937682134, 2.5588488744097998e-09, -0.009171347001360946, 0.9999579423126663, 5.148388590447972e-09, 0.0, 0.0, 0.0, 1.0], "right_foot_pose": [0.9952882902907221, 0.0966342182267186, 0.00794021900717403, 0.00480049378141553, -0.09695988453874763, 0.9919458787123132, 0.08149941408310554, -0.16429285077506298, -6.353543829334862e-07, -0.08188529522061787, 0.9966417603262612, 0.001332806508181343, 0.0, 0.0, 0.0, 1.0]}, {"left_foot_pose": [0.9995195384653839, -0.030977550976319303, 0.0010409425807787304, -0.009999997286986567, 0.030995035504850728, 0.9989556999777093, -0.03356809878587528, -0.008449999178692666, 1.966898868508551e-09, 0.03358423465786803, 0.9994358904814487, 5.5857357419974996e-09, 0.0, 0.0, 0.0, 1.0], "right_foot_pose": [0.9952018419633745, 0.09776052006991374, 0.004021749416173197, 0.004844372074265716, -0.09784321004907026, 0.9943607688202754, 0.04090681701678104, -0.16451488172168124, 1.8644966413780203e-09, -0.04110404051685071, 0.9991548718057623, 6.202333702187701e-09, 0.0, 0.0, 0.0, 1.0]}, {"left_foot_pose": [0.9995195384587281, -0.030905331334967562, 0.0023564240552198887, -0.009999995136455542, 0.030995035719485278, 0.996626776178825, -0.07598932006638019, -0.008449999078446792, -1.9489389631851754e-10, 0.0760258475683025, 0.9971058471905189, 5.478342418596682e-09, 0.0, 0.0, 0.0, 1.0], "right_foot_pose": [0.9952018419510472, 0.09784316177668272, -9.731795214220517e-05, 0.004844374105186909, -0.09784321017445152, 0.995201349675127, -0.0009898623963643994, -0.16451488067483028, -3.0926477040268737e-10, 0.0009946347809849845, 0.9999995053507039, 6.2060939651220615e-09, 0.0, 0.0, 0.0, 1.0]}, {"left_foot_pose": [0.9995195384739599, -0.030785780263813727, 0.003595544792031591, -0.009999999765330288, 0.030995035228296577, 0.9927715323056046, -0.11594823170182414, -0.008449999303645171, 2.270491177331584e-09, 0.11600396707497275, 0.9932487501239907, 5.097129315845272e-09, 0.0, 0.0, 0.0, 1.0], "right_foot_pose": [0.9952018419716421, 0.09776100013190153, -0.004010061029616106, 0.004844369254570014, -0.09784320996497854, 0.9943656542849135, -0.04078788842640352, -0.16451488172046397, 2.193602880312986e-09, 0.04098453893538355, 0.9991597807999751, 4.593774298455866e-09, 0.0, 0.0, 0.0, 1.0]}, {"left_foot_pose": [0.999666055515624, -0.025547609654062206, 0.003885497496834246, -0.00923771834362431, 0.025841389856392043, 0.988275128782017, -0.15048087054898, -0.008874596977933802, 4.486002122333388e-06, 0.15053102494785758, 0.9886052854946833, 0.002844457110470537, 0.0, 0.0, 0.0, 1.0], "right_foot_pose": [0.9952018419794025, 0.09755792156929531, -0.00746630162013279, 0.004844368340209615, -0.09784320988603938, 0.9923000633201673, -0.0759426797919895, -0.16451488211849682, 1.5715161329129543e-09, 0.0763088217303309, 0.9970842310086593, 3.2031592933634556e-09, 0.0, 0.0, 0.0, 1.0]}, {"left_foot_pose": [0.9999352047473902, -0.01120291523815666, 0.0020201477575343342, -0.007099693848823576, 0.011383594003245144, 0.9839122245110341, -0.1782895068289739, -0.010065483475771318, 9.714158900891679e-06, 0.17830095105723937, 0.9839760011086246, 0.00961703581155382, 0.0, 0.0, 0.0, 1.0], "right_foot_pose": [0.9952018419817819, 0.09729920660658241, -0.010303305770370861, 0.004844367863158482, -0.09784320986184045, 0.9896685714234722, -0.10479897432969179, -0.16451488212359394, 8.472393428078334e-10, 0.1053042407994717, 0.9944400519235168, 1.9892140643018585e-09, 0.0, 0.0, 0.0, 1.0]}, {"left_foot_pose": [0.9999450785978955, 0.01026942604485993, -0.0020925287473857225, -0.0038669400976144176, -0.010480437732283224, 0.9800883228986013, -0.19828524842445538, -0.011866134357521183, 1.458729616064488e-05, 0.198296288937835, 0.9801421231539305, 0.017439489564066712, 0.0, 0.0, 0.0, 1.0], "right_foot_pose": [0.9952018419809342, 0.09704152927433594, -0.012499412540350802, 0.004844367689291626, -0.097843209870464, 0.9870476329556398, -0.12713644858541848, -0.16451488187736552, 1.6405211822365972e-10, 0.1277494104595657, 0.9918064771553136, 1.0602684841209964e-09, 0.0, 0.0, 0.0, 1.0]}, {"left_foot_pose": [0.9992838622648472, 0.03701229165234127, -0.007864660430894833, 0.00017941967991389005, -0.037838634904759305, 0.9775597848121867, -0.2072320072442885, -0.014119965134563164, 1.8044266620683073e-05, 0.20738118859866359, 0.9782602119527355, 0.02343311277584568, 0.0, 0.0, 0.0, 1.0], "right_foot_pose": [0.9952018419787998, 0.09682901867382943, -0.014051151720304404, 0.004844367777254845, -0.09784320989217292, 0.9848861028812647, -0.14291980488844497, -0.16451488155007032, -3.9759961345075574e-10, 0.14360886286722746, 0.9896345257245132, 4.38564511096029e-10, 0.0, 0.0, 0.0, 1.0]}, {"left_foot_pose": [0.9976331263503971, 0.06734241631876266, -0.013897631909210796, 0.004758266636802521, -0.06876150698052481, 0.9771002740856479, -0.2013626319343296, -0.01667039444251728, 1.9133756867813575e-05, 0.2018416541403273, 0.9794181672236821, 0.025000000786760367, 0.0, 0.0, 0.0, 1.0], "right_foot_pose": [0.9952018419771834, 0.09669350785039475, -0.014955242051095488, 0.004844368078503693, -0.09784320990861445, 0.9835077681117831, -0.15211566763012244, -0.16451488136993236, -7.709170082843394e-10, 0.15284906150632616, 0.9882495456091217, 1.258732632014592e-10, 0.0, 0.0, 0.0, 1.0]}, {"left_foot_pose": [0.9948549408439631, 0.0995173541870142, -0.018972161025350775, 0.009588473139664006, -0.10130965575553315, 0.9772881431159893, -0.18612962949406486, -0.01936083163678363, 1.8139756303863053e-05, 0.18709404464204316, 0.9823420067015517, 0.02500000147474616, 0.0, 0.0, 0.0, 1.0], "right_foot_pose": [0.9952018419772407, 0.09664970739089379, -0.015235740427093292, 0.00484436848637212, -0.09784320990803162, 0.9830622561382603, -0.15496872855917151, -0.1645148813920533, -9.117877943835262e-10, 0.1557158778596707, 0.9878018856948959, 9.425765723491963e-12, 0.0, 0.0, 0.0, 1.0]}, {"left_foot_pose": [0.9910420660859907, 0.1316791507808736, -0.02227609700194532, 0.014388913886827719, -0.13355007676948769, 0.9771778385637643, -0.1651903411665292, -0.02203468856282994, 1.5584477986219285e-05, 0.16668555147186087, 0.9860101047594018, 0.025000002175031517, 0.0, 0.0, 0.0, 1.0], "right_foot_pose": [0.9952018419792509, 0.09670035211281956, -0.014910922921223691, 0.004844368915668424, -0.09784320988758467, 0.9835773839452785, -0.15166488080718088, -0.16451488143947648, -8.181364079135373e-10, 0.15239610130386866, 0.988319497079452, 1.1779353187302277e-10, 0.0, 0.0, 0.0, 1.0]}, {"left_foot_pose": [0.9865307887763357, 0.16210220187848556, -0.021906139378931613, 0.018878468419448558, -0.16357567872003156, 0.9776534413740663, -0.13204827110086353, -0.02453538542081729, 1.1297051335240258e-05, 0.13385299666273037, 0.9910011983629408, 0.022459723355950464, 0.0, 0.0, 0.0, 1.0], "right_foot_pose": [0.9952018419800096, 0.09690467357021838, -0.013519539927262172, 0.00484436911415476, -0.09784320987986542, 0.9856556192910291, -0.1375125682998565, -0.164514881730983, -4.336486010465666e-11, 0.13817555645000126, 0.9904077521908502, 5.933266239432911e-10, 0.0, 0.0, 0.0, 1.0]}, {"left_foot_pose": [0.9818767292583745, 0.18860025441706257, -0.01865563117928035, 0.02277600500751758, -0.18952068091310778, 0.9771117085488762, -0.09661583991731783, -0.026706325572024403, 6.863666519735918e-06, 0.09840047281652749, 0.9951468971475396, 0.0158385615835454, 0.0, 0.0, 0.0, 1.0], "right_foot_pose": [0.9952018419835431, 0.09712237350656962, -0.011854884099544482, 0.004844369246010567, -0.09784320984392957, 0.9878699320173587, -0.12058069374263734, -0.16451488198099198, 3.741368346664884e-10, 0.12116204843295314, 0.9926327407553767, 1.2421378717264453e-09, 0.0, 0.0, 0.0, 1.0]}, {"left_foot_pose": [0.9777950131444183, 0.20916067452189607, -0.01298939965716606, 0.02580039622335205, -0.2095636234189433, 0.9759158171888207, -0.06059212407731616, -0.028390917669877863, 3.071038489352551e-06, 0.06196878241681988, 0.9980780881255469, 0.007998177278579897, 0.0, 0.0, 0.0, 1.0], "right_foot_pose": [0.9952018419851416, 0.09737122567781613, -0.009598860316766138, 0.004844369236735299, -0.09784320982766748, 0.9904011060963637, -0.09763378172394047, -0.16451488209471204, 8.809691779061286e-10, 0.09810450271572048, 0.9951761183563951, 2.024448650383981e-09, 0.0, 0.0, 0.0, 1.0]}, {"left_foot_pose": [0.9750662793244973, 0.22183434206832017, -0.005939326847179276, 0.027670520570148426, -0.22191383671117795, 0.9747170650425051, -0.026093910995674565, -0.029432576214123207, 6.376550956597747e-07, 0.02676131151571606, 0.99964185196777, 0.0018172764251333864, 0.0, 0.0, 0.0, 1.0], "right_foot_pose": [0.9952018419827822, 0.09760491863749642, -0.00682448326574839, 0.004844369055038479, -0.09784320985166398, 0.9927780891174368, -0.06941449455448015, -0.16451488193433528, 1.36253046009597e-09, 0.06974916218922213, 0.9975645615066232, 2.7972928071107184e-09, 0.0, 0.0, 0.0, 1.0]}, {"left_foot_pose": [0.9743459450536209, 0.2250503348767905, 0.0015251653721108482, 0.028147092016420558, -0.2250555028377838, 0.9743235710525617, 0.006602994306894324, -0.029698021763741554, 1.5081550886013285e-09, -0.006776847587865951, 0.999977036904734, 3.180076632580686e-09, 0.0, 0.0, 0.0, 1.0], "right_foot_pose": [0.995201841960462, 0.0977727293568283, -0.0037131055222261672, 0.004844367521508772, -0.09784321007869053, 0.9944849553145035, -0.0377674449043939, -0.16451488107489923, 1.41021283014266e-09, 0.03794953289864846, 0.9992796570293894, 3.3651342268292694e-09, 0.0, 0.0, 0.0, 1.0]}, {"left_foot_pose": [0.9743459450649511, 0.22487159587056588, 0.009096411716316494, 0.02814708901552018, -0.22505550278872916, 0.9735497461857291, 0.03938162472797676, -0.02969802187712988, -5.170652392546715e-10, -0.040418523876162835, 0.9991828375866316, 3.2676024941391546e-09, 0.0, 0.0, 0.0, 1.0], "right_foot_pose": [0.9952018419356095, 0.09784184277615159, -0.0005173104841443902, 0.0048443647204155695, -0.09784321033147964, 0.9951879319582071, -0.005261775059476678, -0.16451487970365944, -6.171969623029921e-10, 0.005287143549548702, 0.9999860229588644, 3.7099587776867615e-09, 0.0, 0.0, 0.0, 1.0]}, {"left_foot_pose": [0.9743459450507106, 0.22447180913584203, 0.01619834147436469, 0.028147092535039976, -0.22505550285038106, 0.9718189253214702, 0.07012843234940806, -0.029698022073068226, 1.2777245397567015e-09, -0.07197487957826429, 0.9974064450913154, 2.4746228191596664e-09, 0.0, 0.0, 0.0, 1.0], "right_foot_pose": [0.9952018419652666, 0.09781086697443193, 0.002515561696754498, 0.004844367933182414, -0.09784321002982367, 0.9948728676835512, 0.025586781707885347, -0.16451488141485046, 1.2228486734374082e-09, -0.02571014291708937, 0.9996694396405159, 2.7206159200487967e-09, 0.0, 0.0, 0.0, 1.0]}, {"left_foot_pose": [0.9743459450355407, 0.22394984969142118, 0.022281028162770538, 0.02814709374841684, -0.2250555029160589, 0.9695591755332689, 0.09646256137200676, -0.029698022099333792, 8.245806359703939e-10, -0.09900237351921606, 0.995087197203121, 1.7135143859370316e-09, 0.0, 0.0, 0.0, 1.0], "right_foot_pose": [0.9947995191089767, 0.10169813992219386, 0.005604026848158061, 0.004810577136714657, -0.10185242647292994, 0.9932933793068621, 0.05472061628609643, -0.16482519870475812, -1.4578740413225972e-06, -0.055006826499260045, 0.9984859783874558, 0.0022503008682221576, 0.0, 0.0, 0.0, 1.0]}, {"left_foot_pose": [0.974345945035393, 0.22341019260304265, 0.027163674901595877, 0.028147093947105347, -0.22505550291669846, 0.967222806786211, 0.11760128672559926, -0.029698022196727583, 2.3678188712068254e-10, -0.12069767136807669, 0.9926893129908901, 1.0753618412406851e-09, 0.0, 0.0, 0.0, 1.0], "right_foot_pose": [0.9933380393608215, 0.11480320529471855, 0.009988173649744869, 0.004697658618732569, -0.11523688445393516, 0.9896031144256104, 0.08605891226643658, -0.1658621382056604, -4.488778847554242e-06, -0.08663659719304871, 0.9962399811323877, 0.008710107269465313, 0.0, 0.0, 0.0, 1.0]}, {"left_foot_pose": [0.974345945038489, 0.22295014168337746, 0.030711784552776684, 0.028147093786593202, -0.225055502903293, 0.9652310818139684, 0.13296232290834306, -0.0296980224035022, -2.9734839942331017e-10, -0.13646315628622518, 0.9906451468494669, 5.904283312263559e-10, 0.0, 0.0, 0.0, 1.0], "right_foot_pose": [0.990686708360093, 0.13518183132717373, 0.016300869844135337, 0.004520767254083393, -0.13616110239491283, 0.9835692074419133, 0.11854015508125755, -0.1674865360977634, -8.558383518641561e-06, -0.1196557004539196, 0.9928154477422458, 0.016558460047518528, 0.0, 0.0, 0.0, 1.0]}, {"left_foot_pose": [0.9743459450408822, 0.22264500576781265, 0.03285088718804469, 0.02814709335439666, -0.22505550289293272, 0.9639100393666811, 0.14222326330714247, -0.029698022577450633, -6.833227469542575e-10, -0.14596793283038043, 0.9892893219807977, 2.866684389868368e-10, 0.0, 0.0, 0.0, 1.0], "right_foot_pose": [0.9866792847476017, 0.16082232648137212, 0.024498333720481817, 0.004295852017657705, -0.16267756109484613, 0.975438759991038, 0.14851005563051625, -0.16955196028992583, -1.289161377579045e-05, -0.15051712464788006, 0.9886074018646335, 0.022916653502516607, 0.0, 0.0, 0.0, 1.0]}, {"left_foot_pose": [0.9743459450471614, 0.22261004690126887, 0.03308695194136863, 0.028147092898381947, -0.22505550286574966, 0.9637586898266501, 0.14324527361649345, -0.029698022398542554, -3.752182710666452e-10, -0.14701685210286114, 0.9891339874848942, 1.43562432775024e-10, 0.0, 0.0, 0.0, 1.0], "right_foot_pose": [0.9812318586197631, 0.18998856230926803, 0.032990692949106996, 0.004038862744590316, -0.1928316347759551, 0.966779043544779, 0.16779225724768887, -0.17191197351183118, -1.6100854101761116e-05, -0.1710047576949232, 0.9852702028309102, 0.02500000194072694, 0.0, 0.0, 0.0, 1.0]}, {"left_foot_pose": [0.9743459450406347, 0.22274490161055113, 0.032166569437524835, 0.028147092628235334, -0.22505550289400408, 0.9643425240086543, 0.13926060823414946, -0.02969802237457548, -2.8074135943240336e-10, -0.1429272723979732, 0.9897331937471211, 3.2145509865078026e-10, 0.0, 0.0, 0.0, 1.0], "right_foot_pose": [0.9744327217358192, 0.22086087331287754, 0.04124736900695937, 0.003765737683853139, -0.22467948391726114, 0.9578859912796789, 0.17881151309918505, -0.17442013675580492, -1.781000742708995e-05, -0.18350722696836766, 0.9830183606287237, 0.025000001616555315, 0.0, 0.0, 0.0, 1.0]}, {"left_foot_pose": [0.9743459450319905, 0.22307632448435386, 0.029781417935854815, 0.02814709239730336, -0.22505550293142948, 0.9657773720856735, 0.1289344335992994, -0.029698022350115642, -4.271684076385559e-12, -0.13232921454403876, 0.9912058206942486, 7.449124650449335e-10, 0.0, 0.0, 0.0, 1.0], "right_foot_pose": [0.9665944907440616, 0.25172824059217574, 0.048249179802309534, 0.0034924252437520567, -0.25631053460245484, 0.9493268426026277, 0.18188858063641458, -0.17693002266757277, -1.774913248038714e-05, -0.18817927304167548, 0.982134695895871, 0.02500000127849445, 0.0, 0.0, 0.0, 1.0]}, {"left_foot_pose": [0.9743459450233203, 0.2235647264044256, 0.025861023265293815, 0.02814709220070219, -0.22505550296896454, 0.9678918386600303, 0.11196164181849459, -0.029698022037559467, 4.630666026341372e-10, -0.11490953730226654, 0.9933759601666329, 1.4522074584522038e-09, 0.0, 0.0, 0.0, 1.0], "right_foot_pose": [0.9582686594011326, 0.2811247340995864, 0.051865791105438194, 0.0032348751419508607, -0.2858691591736554, 0.9423746504486994, 0.1738069101763181, -0.1792951966153234, -1.55853