{"LoopMode": "Wrap", "FrameDuration": 0.0167, "EnableCycleOffsetPosition": true, "EnableCycleOffsetRotation": false, "Debug_info": [{"left_foot_pose": [1.0000000000000007, 1.0135528025553631e-13, -7.723821582317217e-12, 1.3985420051604234e-12, -2.5398584928330236e-14, 0.9999520670719062, 0.009790993750530937, -3.094573208795026e-14, 7.724112328695572e-12, -0.009790993750531107, 0.9999520670719066, 1.625011236683349e-11, 0.0, 0.0, 0.0, 1.0], "right_foot_pose": [1.0, -1.7298260638483738e-13, -7.782108291110033e-12, 1.3573360901227665e-12, 5.898548684789219e-14, 0.9998926132289468, -0.01465476066634116, -0.14000000000203788, 7.7836996265994e-12, 0.014654760666341004, 0.9998926132289468, 1.342124328340688e-11, 0.0, 0.0, 0.0, 1.0]}, {"left_foot_pose": [1.0000000000000004, 1.6131504655431454e-13, -1.72432068623607e-11, 2.9070240444374965e-12, -4.106376770290687e-14, 0.999975817355532, 0.006954473677879026, 7.872279217391309e-13, 1.7243636973570567e-11, -0.0069544736778792, 0.9999758173555323, 3.5314674795561274e-11, 0.0, 0.0, 0.0, 1.0], "right_foot_pose": [1.0, -4.567972118511202e-13, -1.7349233161212393e-11, 2.9995185013902508e-12, 1.533135467845312e-13, 0.9998469979032355, -0.017492306419894493, -0.14000000000367782, 1.7354461384276e-11, 0.017492306419894348, 0.9998469979032356, 3.096558426340934e-11, 0.0, 0.0, 0.0, 1.0]}, {"left_foot_pose": [1.0000000000000004, 1.1161985935051211e-13, -3.02970426524496e-11, 4.904445293258985e-12, -2.0282058071123335e-14, 0.9999954885066717, 0.0030038252785453716, 2.267656548649022e-12, 3.02967905936008e-11, -0.003003825278545545, 0.9999954885066717, 6.134037028315831e-11, 0.0, 0.0, 0.0, 1.0], "right_foot_pose": [1.0, -9.80233448384846e-13, -3.0483837676342767e-11, 5.23668795257986e-12, 3.2632995981609836e-13, 0.9997700173024118, -0.021445570711347017, -0.14000000000555288, 3.049776557039774e-11, 0.021445570711346864, 0.9997700173024118, 5.531094332544839e-11, 0.0, 0.0, 0.0, 1.0]}, {"left_foot_pose": [1.0000000000000004, -1.734889017256469e-13, -4.6699755174017816e-11, 7.348455441816492e-12, 7.855583391569864e-14, 0.9999979193350326, -0.0020399327456328163, 4.5334569431787486e-12, 4.6699720045889316e-11, 0.002039932745632642, 0.9999979193350326, 9.410529994147154e-11, 0.0, 0.0, 0.0, 1.0], "right_foot_pose": [0.9999999999999998, -1.8641196214707573e-12, -4.702555012059405e-11, 8.03112495136583e-12, 6.176078982258131e-13, 0.9996489544163448, -0.026494677471301357, -0.14000000000748114, 4.7058291781599186e-11, 0.026494677471301215, 0.9996489544163449, 8.612646706929183e-11, 0.0, 0.0, 0.0, 1.0]}, {"left_foot_pose": [1.0000000000000007, -8.512832226625529e-13, -6.662975726712261e-11, 1.0249265414291501e-11, 3.0749551566651866e-13, 0.9999666586184252, -0.008165883387790868, 7.78863432082666e-12, 6.663439077508937e-11, 0.008165883387790689, 0.9999666586184254, 1.3414044874870967e-10, 0.0, 0.0, 0.0, 1.0], "right_foot_pose": [0.9999999999999998, -3.2755779170502516e-12, -6.718425815677162e-11, 1.1407249715537242e-11, 1.0816729378556625e-12, 0.9994674947391116, -0.03263015415108832, -0.14000000000928814, 6.725519794542862e-11, 0.03263015415108818, 0.9994674947391115, 1.2377316532807825e-10, 0.0, 0.0, 0.0, 1.0]}, {"left_foot_pose": [1.0000000000000002, -2.130236384492589e-12, -9.066913886357496e-11, 1.3673025713050058e-11, 7.353373488439382e-13, 0.9998816376022804, -0.015385408209817498, 1.2350178171804949e-11, 9.069094194366512e-11, 0.015385408209817321, 0.9998816376022808, 1.8283355385229072e-10, 0.0, 0.0, 0.0, 1.0], "right_foot_pose": [1.0, -5.4503687268564954e-12, -9.158496183658822e-11, 1.5458397088338873e-11, 1.7950573112576576e-12, 0.9992050682113438, -0.03986516851543412, -0.14000000001077995, 9.172919390014779e-11, 0.03986516851543398, 0.9992050682113438, 1.6939983443764461e-10, 0.0, 0.0, 0.0, 1.0]}, {"left_foot_pose": [1.0000000000000004, -4.30287593351229e-12, -1.198128818380439e-10, 1.7741252932677148e-11, 1.4581132445749258e-12, 0.9997182598972264, -0.023736065976959233, 1.8686300770620612e-11, 1.1988084261348878e-10, 0.023736065976959052, 0.9997182598972266, 2.4249913882501417e-10, 0.0, 0.0, 0.0, 1.0], "right_foot_pose": [1.0, -8.727854858056309e-12, -1.2128514859099932e-10, 2.034888400240073e-11, 2.867017016850443e-12, 0.9988357982770166, -0.048239486733534974, -0.14000000001169918, 1.2156507896200388e-10, 0.04823948673353482, 0.9988357982770166, 2.2498464896658632e-10, 0.0, 0.0, 0.0, 1.0]}, {"left_foot_pose": [1.0000000000000004, -7.791392380680304e-12, -1.554596451569522e-10, 2.2628037629405833e-11, 2.6134061859753842e-12, 0.9994460005314159, -0.03328200747788479, 2.7461838358888713e-11, 1.5563245085788694e-10, 0.033282007477884595, 0.9994460005314159, 3.1643869469188957e-10, 0.0, 0.0, 0.0, 1.0], "right_foot_pose": [1.0, -1.3599451474719897e-11, -1.5777434914099323e-10, 2.6313671574458495e-11, 4.4542578647552046e-12, 0.9983270242434799, -0.05782000229296532, -0.14000000001166382, 1.582964603782636e-10, 0.05782000229296517, 0.9983270242434801, 2.933490672596406e-10, 0.0, 0.0, 0.0, 1.0]}, {"left_foot_pose": [1.0000000000000007, -1.3206496175181432e-11, -1.9939588868922421e-10, 2.855805740275219e-11, 4.398190790242489e-12, 0.999026582387887, -0.044112216928866126, 3.958945150872584e-11, 1.997840193390137e-10, 0.04411221692886594, 0.999026582387887, 4.090310798399166e-10, 0.0, 0.0, 0.0, 1.0], "right_foot_pose": [1.0, -2.0771678066783612e-11, -2.029663104252676e-10, 3.3658102831933863e-11, 6.779059837912578e-12, 0.9976374247233434, -0.06869911783549804, -0.14000000001008878, 2.0391369140528276e-10, 0.06869911783549788, 0.9976374247233434, 3.7818160408820134e-10, 0.0, 0.0, 0.0, 1.0]}, {"left_foot_pose": [1.0000000000000004, -2.1411929097680158e-11, -2.536786891660366e-10, 3.5793100062511066e-11, 7.0870794624537104e-12, 0.9984118770423499, -0.05633581259530111, 5.62579670349006e-11, 2.544817212760824e-10, 0.056335812595300926, 0.9984118770423498, 5.256861543290192e-10, 0.0, 0.0, 0.0, 1.0], "right_foot_pose": [0.9999999999999999, -3.12341313889142e-11, -2.590994641060716e-10, 4.274510355378541e-11, 1.0147077053132747e-11, 0.9967148984024912, -0.08099019263165097, -0.14000000000609186, 2.607776624444145e-10, 0.08099019263165085, 0.9967148984024911, 4.839066577999596e-10, 0.0, 0.0, 0.0, 1.0]}, {"left_foot_pose": [1.0000000000000007, -3.355279844396671e-11, -3.201703902000469e-10, 4.45735697319371e-11, 1.1035908856843454e-11, 0.9975419813113554, -0.07007136020812155, 7.884084357590027e-11, 3.2173422886110574e-10, 0.07007136020812134, 0.9975419813113557, 6.721477888160798e-10, 0.0, 0.0, 0.0, 1.0], "right_foot_pose": [1.0, -4.628020756275852e-11, -3.282735749898788e-10, 5.3925845766948235e-11, 1.4945884023701797e-11, 0.9954947235787454, -0.09481695695854037, -0.13999999999841287, 3.3118265061891164e-10, 0.09481695695854023, 0.9954947235787454, 6.149250761366964e-10, 0.0, 0.0, 0.0, 1.0]}, {"left_foot_pose": [1.0000000000000004, -5.091776450992548e-11, -3.992475794412078e-10, 5.4947674178735574e-11, 1.6627191529853862e-11, 0.9963447991668513, -0.08542272047393405, 1.0845734206565982e-10, 4.0213762187378196e-10, 0.08542272047393386, 0.9963447991668516, 8.52099758807956e-10, 0.0, 0.0, 0.0, 1.0], "right_foot_pose": [1.0, -6.73283006254823e-11, -4.111282425611758e-10, 6.733178584901498e-11, 2.1574590961514466e-11, 0.9938995296466409, -0.11028927857315099, -0.13999999998546814, 4.160456457373707e-10, 0.11028927857315086, 0.9938995296466407, 7.733037890589323e-10, 0.0, 0.0, 0.0, 1.0]}, {"left_foot_pose": [1.0000000000000002, -7.424742891895567e-11, -4.864478264643411e-10, 6.629488326635523e-11, 2.4033749860571082e-11, 0.9947409095064768, -0.10242325397207458, 1.4458436357889237e-10, 4.91493814324435e-10, 0.10242325397207443, 0.9947409095064769, 1.0600626765278065e-09, 0.0, 0.0, 0.0, 1.0], "right_foot_pose": [1.0, -9.508686017111862e-11, -5.033403693843747e-10, 8.229510014954614e-11, 3.0162454309575605e-11, 0.991845414183685, -0.12744675108763873, -0.13999999996591275, 5.113541356460431e-10, 0.12744675108763853, 0.991845414183685, 9.52334738846261e-10, 0.0, 0.0, 0.0, 1.0]}, {"left_foot_pose": [1.0000000000000002, -1.0143584088635297e-10, -5.641651035226384e-10, 7.606603225559909e-11, 3.247984672564637e-11, 0.9926636951536566, -0.12090818137698241, 1.813233903302791e-10, 5.722905351542101e-10, 0.12090818137698224, 0.9926636951536568, 1.2619622083431814e-09, 0.0, 0.0, 0.0, 1.0], "right_foot_pose": [0.9999999999999998, -1.2682526031423466e-10, -5.868303620815133e-10, 9.582588613204995e-11, 3.971099373782757e-11, 0.9892655377590437, -0.14612903818991635, -0.1399999999407162, 5.990637194095441e-10, 0.14612903818991618, 0.9892655377590439, 1.1196770940968825e-09, 0.0, 0.0, 0.0, 1.0]}, {"left_foot_pose": [1.0000000000000002, -1.2157342782976725e-10, -5.844462136472805e-10, 7.701266447618178e-11, 3.84199312852221e-11, 0.9901199673511251, -0.14022285923703015, 1.9935729109188394e-10, 5.957189874791582e-10, 0.14022285923702996, 0.9901199673511251, 1.3503950735405112e-09, 0.0, 0.0, 0.0, 1.0], "right_foot_pose": [0.9999999999999996, -1.4936021427915055e-10, -6.112892969589713e-10, 9.927980498448379e-11, 4.601850028793418e-11, 0.986179786395846, -0.1656786917628326, -0.13999999991873105, 6.275867118144804e-10, 0.16567869176283248, 0.9861797863958458, 1.180207834239333e-09, 0.0, 0.0, 0.0, 1.0]}, {"left_foot_pose": [0.9999999904824863, 0.00013612765508388353, -2.245639235482195e-05, 1.0693047535073433e-05, -0.0001379663228863512, 0.9873256000626532, -0.15870772012166368, -3.7967241881611824e-06, 5.672612729305744e-07, 0.15870772170938643, 0.9873256094468001, 0.00016386118567651015, 0.0, 0.0, 0.0, 1.0], "right_foot_pose": [0.9999999999999998, -1.3368369550582714e-10, -4.923806362633335e-10, 1.8587481891597937e-11, 4.0654352780356084e-11, 0.9828723354135817, -0.18428774315903934, -0.1399999999854537, 5.085834812242854e-10, 0.18428774315903923, 0.9828723354135815, 9.18784076597845e-10, 0.0, 0.0, 0.0, 1.0]}, {"left_foot_pose": [0.9999924115034928, 0.0038332070920939934, -0.0006953120303189914, 0.0003019851443043132, -0.0038957573253964226, 0.9840828537187812, -0.17766755497716086, -0.00010720965103483068, 3.2081152478425036e-06, 0.17766891551447564, 0.9840903192540911, 0.004191209023100453, 0.0, 0.0, 0.0, 1.0], "right_foot_pose": [0.9999999999999998, -9.458183097153215e-11, -2.9034541437766796e-10, -1.8522950511522797e-10, 3.459693589396818e-11, 0.9797926539247029, -0.2000158876569247, -0.14000000016848146, 3.0339605064249387e-10, 0.20001588765692455, 0.9797926539247028, 5.291582796940197e-10, 0.0, 0.0, 0.0, 1.0]}, {"left_foot_pose": [0.9999270064383453, 0.011845168198223009, -0.002381970949815298, 0.00093660896976196, -0.01208229121585536, 0.9803980003536166, -0.1966565003797391, -0.0003325023714062722, 5.85023182699822e-06, 0.196670925388037, 0.9804695543834032, 0.011469801852549602, 0.0, 0.0, 0.0, 1.0], "right_foot_pose": [0.9999999999999998, -3.924792396046217e-11, -4.0539405166128746e-11, -2.583486564823338e-10, 2.976262342531103e-11, 0.9772745601144193, -0.21197743783989953, -0.14000000017595612, 4.7937572491707885e-11, 0.2119774378398994, 0.977274560114419, 2.5033711908983847e-10, 0.0, 0.0, 0.0, 1.0]}, {"left_foot_pose": [0.9997180359754, 0.023201118884130675, -0.0050553563686767085, 0.0018408674747381769, -0.02374549384734528, 0.9768726089435174, -0.21249954686500477, -0.0006535115707177255, 8.211915369219545e-06, 0.21255967157109334, 0.9771480880368923, 0.019120925806855663, 0.0, 0.0, 0.0, 1.0], "right_foot_pose": [1.0, 1.210811622571235e-11, 1.8599616291581348e-10, -2.196249167676091e-10, 2.9040107419494448e-11, 0.9755806736317224, -0.21964141056794106, -0.14000000006830643, -1.841139504244987e-10, 0.2196414105679409, 0.9755806736317225, 7.061065621094542e-11, 0.0, 0.0, 0.0, 1.0]}, {"left_foot_pose": [0.9992803469678267, 0.03699606522965255, -0.008371339282545331, 0.0029410655034602627, -0.03793135993813123, 0.9746978026648828, -0.22028482792397208, -0.0010440785620517146, 9.854141080771757e-06, 0.22044383556310507, 0.9753996695022631, 0.02426587698548669, 0.0, 0.0, 0.0, 1.0], "right_foot_pose": [0.9999999999999999, 3.995631233059359e-11, 3.383548996538364e-10, -7.825757392031943e-11, 3.637060941720828e-11, 0.9749055810620099, -0.22261875036515957, -0.1399999999527995, -3.387591614765357e-10, 0.2226187503651595, 0.9749055810620098, -1.6709689187877075e-12, 0.0, 0.0, 0.0, 1.0]}, {"left_foot_pose": [0.9985579612679968, 0.052412860472503854, -0.01161421738183609, 0.004163511972264034, -0.05368424238927028, 0.9749512481116291, -0.21584268791105196, -0.0014780470145990612, 1.0363046768486091e-05, 0.2161549348561524, 0.9763590753559579, 0.025000000244820686, 0.0, 0.0, 0.0, 1.0], "right_foot_pose": [0.9999999999999998, 3.014776243874866e-11, 3.7975395050793266e-10, 1.3791013029111766e-10, 5.43823757096152e-11, 0.9753563677588475, -0.22063534592686646, -0.1399999999334666, -3.77047276381676e-10, 0.2206353459268663, 0.9753563677588475, 6.301472538217112e-11, 0.0, 0.0, 0.0, 1.0]}, {"left_foot_pose": [0.997543588167221, 0.06855417104031018, -0.014391502334466585, 0.005434511725599325, -0.07004848041065567, 0.9762925950746744, -0.20480717564215611, -0.0019292518885668034, 9.931011884065435e-06, 0.20531218774182616, 0.978696533899064, 0.02500000057318833, 0.0, 0.0, 0.0, 1.0], "right_foot_pose": [1.0, -1.768282532168133e-11, 3.016814575929062e-10, 3.7841400326959456e-10, 8.181429139990927e-11, 0.9768474631729103, -0.21393698533131286, -0.1399999999268032, -2.9091379914879217e-10, 0.2139369853313127, 0.97684746317291, 2.539191704120647e-10, 0.0, 0.0, 0.0, 1.0]}, {"left_foot_pose": [0.9962890328704292, 0.0845195064672454, -0.016267022119584848, 0.006680368274600488, -0.08607068552448563, 0.9783528230586507, -0.18819561819159025, -0.002371531711554062, 8.686244601818858e-06, 0.18889734418382637, 0.9819968397529837, 0.024910269785750644, 0.0, 0.0, 0.0, 1.0], "right_foot_pose": [1.0, -1.0189217809560146e-10, 9.120959543196309e-11, 6.19137367864192e-10, 1.1824591462230585e-10, 0.9792979070245845, -0.202424329805656, -0.13999999995679424, -6.869594893911043e-11, 0.20242432980565583, 0.9792979070245841, 5.948773834640875e-10, 0.0, 0.0, 0.0, 1.0]}, {"left_foot_pose": [0.9949064892323605, 0.09946187962567586, -0.01638328979989623, 0.007827388155155011, -0.10080217080714703, 0.9816886402464813, -0.16163643144904674, -0.002778730030337854, 6.626198515227369e-06, 0.1624646057218101, 0.9867143719657431, 0.021163832840762987, 0.0, 0.0, 0.0, 1.0], "right_foot_pose": [0.9999999999999998, -2.1525799147864894e-10, -2.709281687884855e-10, 8.084152198779284e-10, 1.6124222549164117e-10, 0.982630501302257, -0.1855728910980129, -0.14000000022030085, 3.0616807642087533e-10, 0.18557289109801278, 0.9826305013022572, 1.1241483369173189e-09, 0.0, 0.0, 0.0, 1.0]}, {"left_foot_pose": [0.9935607622127267, 0.11235714093037062, -0.014590567953959006, 0.008801875549468608, -0.11330053739251024, 0.985292681194424, -0.12791137795861743, -0.003124676760565496, 4.223099611243196e-06, 0.12874084537028943, 0.99167827177745, 0.013996811605156714, 0.0, 0.0, 0.0, 1.0], "right_foot_pose": [1.0, -3.185257109249452e-10, -7.364548970656396e-10, 8.875257786878853e-10, 1.940043934557276e-10, 0.9865801109064465, -0.1632779371618351, -0.1400000004425454, 7.78579683488311e-10, 0.16327793716183503, 0.9865801109064464, 1.8193927892040662e-09, 0.0, 0.0, 0.0, 1.0]}, {"left_foot_pose": [0.9924525433460882, 0.12210007685451876, -0.011380704635617203, 0.009530133101354827, -0.12262931624084102, 0.9881708989489801, -0.09208868154485168, -0.0033832068825898707, 2.0460363925723963e-06, 0.09278925424038043, 0.9956857708601289, 0.006287910052929481, 0.0, 0.0, 0.0, 1.0], "right_foot_pose": [1.0, -3.7119797389721976e-10, -1.2416899175526887e-09, 8.002669150776583e-10, 1.99054684824769e-10, 0.9907274464261422, -0.13586436949375616, -0.14000000048970596, 1.2806087140032696e-09, 0.135864369493756, 0.9907274464261422, 2.587897229844316e-09, 0.0, 0.0, 0.0, 1.0]}, {"left_foot_pose": [0.9917928321978715, 0.12764650420156007, -0.007303969198111948, 0.009938466771564207, -0.1278553010269336, 0.9901733817082876, -0.05665418039020954, -0.003528159633180738, 4.87805572506725e-07, 0.057123061205570876, 0.9983671448311324, 0.0009158365812872438, 0.0, 0.0, 0.0, 1.0], "right_foot_pose": [0.9999999999999998, -3.309120772151549e-10, -1.6502305633103712e-09, 5.207932556555631e-10, 1.571608566635336e-10, 0.9945566183176493, -0.10419756696085401, -0.14000000024650847, 1.6757278316664972e-09, 0.10419756696085386, 0.9945566183176493, 3.239988145831152e-09, 0.0, 0.0, 0.0, 1.0]}, {"left_foot_pose": [0.9916910320548242, 0.12861139458607027, -0.0028295096155644146, 0.010000000349979776, -0.12864251607473456, 0.9914511202191558, -0.021812365166185885, -0.003549999661145487, 1.7747782110123508e-09, 0.02199512215941524, 0.9997580780374786, 3.416243954390552e-09, 0.0, 0.0, 0.0, 1.0], "right_foot_pose": [0.9999999999999998, -2.0458250997956372e-10, -1.7581717193237968e-09, 2.7878537391715285e-10, 7.99629433113365e-11, 0.9975054162489273, -0.07058997488351006, -0.14000000001208668, 1.7682270560196591e-09, 0.07058997488350989, 0.9975054162489272, 3.4346205046720257e-09, 0.0, 0.0, 0.0, 1.0]}, {"left_foot_pose": [0.9916910320514861, 0.12863378173791362, 0.0014990478517941377, 0.010000000300463087, -0.12864251610046765, 0.9916236996668841, 0.011556007541643726, -0.0035499997967623, 1.5750994343527752e-09, -0.011652830332777402, 0.9999321034676487, 2.9756685518411707e-09, 0.0, 0.0, 0.0, 1.0], "right_foot_pose": [0.9999999999999998, -1.0293486066194932e-10, -1.5412284226634648e-09, 1.9087225446721565e-10, 4.536964563742991e-11, 0.9993039717929689, -0.03730377941706574, -0.14000000010290245, 1.5439952532001366e-09, 0.03730377941706559, 0.9993039717929689, 3.06778245862116e-09, 0.0, 0.0, 0.0, 1.0]}, {"left_foot_pose": [0.9916910320497541, 0.12853006708706935, 0.005377620913351396, 0.01000000028577225, -0.12864251611381897, 0.9908241744787828, 0.04145549802311997, -0.0035499998736206323, 1.1399079722079468e-09, -0.041802836303684344, 0.9991258793950684, 2.1413352965793386e-09, 0.0, 0.0, 0.0, 1.0], "right_foot_pose": [0.9999999983476204, 5.748524209087191e-05, -4.538730284945068e-07, 3.839265232780285e-06, -5.748702888021066e-05, 0.9999720218849991, -0.00748011647427356, -0.14001239494708023, 2.386402349959378e-08, 0.007480116488005229, 0.9999720235373215, 3.740162566666372e-05, 0.0, 0.0, 0.0, 1.0]}, {"left_foot_pose": [0.9916910320469323, 0.1283564970891612, 0.008573599751059625, 0.010000000722760506, -0.12864251613557287, 0.9894861423062583, 0.06609294384568315, -0.0035499997696272056, 6.10988260185261e-10, -0.0666467091376612, 0.9977766364077287, 1.4106914178468877e-09, 0.0, 0.0, 0.0, 1.0], "right_foot_pose": [0.9999825149982643, 0.005911596388864455, 0.0001507510567231531, 0.00039491462112184944, -0.005913518170017932, 0.9996608584319537, 0.02536135686319109, -0.14127509157722043, -7.738251242903888e-07, -0.025361804888935555, 0.9996783376927685, 0.003492991783866327, 0.0, 0.0, 0.0, 1.0]}, {"left_foot_pose": [0.9916910320476349, 0.1281716891603421, 0.010996138144004835, 0.010000000800551566, -0.12864251613015548, 0.9880614785860101, 0.08476802214355683, -0.0035499999298062527, 7.161935566343905e-11, -0.08547825824274033, 0.996340036015711, 8.130722345400798e-10, 0.0, 0.0, 0.0, 1.0], "right_foot_pose": [0.9997970493892593, 0.020101014398428135, 0.0013450846385856666, 0.0013454576174754904, -0.02014596784139255, 0.9975776918398804, 0.06657994234865318, -0.14434420742439882, -3.502049292954083e-06, -0.06659352794056349, 0.9977801872277104, 0.010538500407654555, 0.0, 0.0, 0.0, 1.0]}, {"left_foot_pose": [0.9916910320496232, 0.12802703903566495, 0.012568779897604895, 0.010000000547547511, -0.12864251611482894, 0.9869463870992543, 0.09689134140559677, -0.003550000191744852, -3.618346503846232e-10, -0.09770315382571017, 0.9952156016323853, 4.05602287867346e-10, 0.0, 0.0, 0.0, 1.0], "right_foot_pose": [0.999159413936115, 0.04072347608271298, 0.004697237334845503, 0.0027383400185580302, -0.04099348093969015, 0.9926006181050075, 0.11429587681978866, -0.1488415554648653, -7.955275930162238e-06, -0.11439235740772981, 0.9934356488990194, 0.01829521236882927, 0.0, 0.0, 0.0, 1.0]}, {"left_foot_pose": [0.991691032050684, 0.12795909675549144, 0.013242602001458203, 0.01000000004174731, -0.1286425161066518, 0.9864226277993197, 0.10208576010019926, -0.0035500003821730096, -6.111598743417379e-10, -0.10294109443271186, 0.9946874539658156, 2.49048559552989e-10, 0.0, 0.0, 0.0, 1.0], "right_foot_pose": [0.9977742080564815, 0.06578848748474159, 0.010885984187516308, 0.0044564381855192415, -0.06668305302842474, 0.9844213273890235, 0.16268995242620607, -0.15438894645008447, -1.326910472608259e-05, -0.16305374910164733, 0.9866171875290982, 0.02388442315770238, 0.0, 0.0, 0.0, 1.0]}, {"left_foot_pose": [0.9916910320493548, 0.1279859181778351, 0.012980820508082734, 0.009999999483850708, -0.12864251611689848, 0.9866293911212471, 0.10006771518742484, -0.0035500003996360276, -6.25923488767633e-10, -0.10090614116045994, 0.9948959496731841, 4.1820336083020493e-10, 0.0, 0.0, 0.0, 1.0], "right_foot_pose": [0.9954360828714688, 0.09343659183116629, 0.0194063964836852, 0.006382620628040495, -0.09543062714523444, 0.9746744122897454, 0.20224437057754258, -0.1606081804084653, -1.7893383592760782e-05, -0.2031733086175821, 0.9791427916015167, 0.025000008205236506, 0.0, 0.0, 0.0, 1.0]}, {"left_foot_pose": [0.991691032045435, 0.12810259865161056, 0.011773749588191537, 0.00999999904102444, -0.12864251614711597, 0.9875288676301796, 0.09076253983001592, -0.00355000041520963, -3.8614308829011866e-10, -0.09152300156660453, 0.9958029625303594, 9.072370840690347e-10, 0.0, 0.0, 0.0, 1.0], "right_foot_pose": [0.992099944971684, 0.12197132311780898, 0.029337612787549296, 0.008399745994174625, -0.12544998504900495, 0.9646285409749126, 0.23184925962317704, -0.16712106149735023, -2.0937658817420844e-05, -0.23369804079945142, 0.9723092230808634, 0.025000007118815726, 0.0, 0.0, 0.0, 1.0]}, {"left_foot_pose": [0.9916910320399472, 0.12828512577531315, 0.009582456697392534, 0.009999998648763912, -0.12864251618942024, 0.9889359485076937, 0.07387010747009615, -0.0035500003763028944, 1.2476706290197586e-10, -0.07448903445475032, 0.9972218327664112, 1.7665443691194938e-09, 0.0, 0.0, 0.0, 1.0], "right_foot_pose": [0.9879195870344128, 0.1498899890262696, 0.03934311557896215, 0.01039068973416799, -0.15496738069223437, 0.9555868240535136, 0.2506769487142912, -0.1735494057369752, -2.1797772547141166e-05, -0.2537455672224131, 0.9672709995858622, 0.02499255533254959, 0.0, 0.0, 0.0, 1.0]}, {"left_foot_pose": [0.9916910320354942, 0.12848600152372472, 0.006343846847376639, 0.00999999827320885, -0.12864251622374884, 0.990484477049138, 0.04890402584980758, -0.003549999852316358, 9.127507707163414e-10, -0.04931377228667096, 0.9987833357955367, 3.1400967520633927e-09, 0.0, 0.0, 0.0, 1.0], "right_foot_pose": [0.983254629218942, 0.1761718051794328, 0.046624341060658665, 0.012238325417574768, -0.18223702623866012, 0.9505575181885123, 0.25145590246201416, -0.17951501973361006, -1.9677666038198736e-05, -0.25574186140543387, 0.9667451059807199, 0.02183779710760842, 0.0, 0.0, 0.0, 1.0]}, {"left_foot_pose": [0.9916910320366811, 0.12862650991760607, 0.002029266970967322, 0.009999998235021392, -0.12864251621459905, 0.9915676410155595, 0.01564341116302642, -0.00354999931472926, 1.9177130528343635e-09, -0.015774480570052398, 0.9998755751406004, 5.02922384987281e-09, 0.0, 0.0, 0.0, 1.0], "right_foot_pose": [0.9786462423225075, 0.1996412256737278, 0.04893785242046427, 0.013825510694409035, -0.20555177490100288, 0.9505230024899071, 0.2329259315160497, -0.1846397110673335, -1.4935959048688359e-05, -0.23801135004252175, 0.9712623729085016, 0.014923781679446725, 0.0, 0.0, 0.0, 1.0]}, {"left_foot_pose": [0.991691032055227, 0.12859893774265732, -0.0033481566121538776, 0.009999999169720913, -0.12864251607162885, 0.9913550921287932, -0.025810547632187153, -0.0035499987915447763, 3.098647765310809e-09, 0.026026803910063418, 0.9996612453617617, 7.2718668517324225e-09, 0.0, 0.0, 0.0, 1.0], "right_foot_pose": [0.9747628800685286, 0.2184439718418104, 0.046038666428144574, 0.015035121756887499, -0.2232427547770043, 0.9538178315838568, 0.20098312514299174, -0.1885452980807426, -8.948852090716014e-06, -0.20618868862923484, 0.9785122506137953, 0.007129214519389332, 0.0, 0.0, 0.0, 1.0]}, {"left_foot_pose": [0.9916910320777753, 0.12828101421562588, -0.009637338238761542, 0.009999999660143314, -0.12864251589780812, 0.9889042576998033, -0.0742931504695022, -0.003549998634036265, 4.125702362234977e-09, 0.07491562250300227, 0.9971898763550444, 9.831430287932097e-09, 0.0, 0.0, 0.0, 1.0], "right_foot_pose": [0.9723173205971712, 0.23048578116496224, 0.038410060498715815, 0.015750029868720202, -0.23366434913577433, 0.9590929456675545, 0.1598176883629855, -0.19085359337920316, -3.1133206612711393e-06, -0.16436856831983, 0.9863989931760865, 0.0013328071929603197, 0.0, 0.0, 0.0, 1.0]}, {"left_foot_pose": [0.9916910321394544, 0.12757657236865869, -0.016526190028212373, 0.010000003032841376, -0.12864251542232874, 0.9834737981082982, -0.12739855438840295, -0.0035499984286725614, 3.981710690263731e-09, 0.1284659745500861, 0.9917139171065905, 1.1163500263089432e-08, 0.0, 0.0, 0.0, 1.0], "right_foot_pose": [0.9718114370520504, 0.2342162170458002, 0.026931291977602956, 0.015893981226638074, -0.23575947661722588, 0.9654500481364556, 0.11101204321372954, -0.19131837885073666, 3.671890802340845e-09, -0.11423208054688434, 0.9934540914274447, 1.1892973050819933e-08, 0.0, 0.0, 0.0, 1.0]}, {"left_foot_pose": [0.9916910321724699, 0.12650884716113928, -0.02333255876798952, 0.010000005872045376, -0.12864251516781727, 0.9752428229175111, -0.17986811735041636, -0.003549998385164694, 2.3117368934415765e-09, 0.1813751579953681, 0.9834139779676493, 1.1564211213621611e-08, 0.0, 0.0, 0.0, 1.0], "right_foot_pose": [0.9718114370274431, 0.23531731599364075, 0.014432312919445573, 0.015893983794122442, -0.23575947671865857, 0.9699888295988673, 0.05949066809814568, -0.1913183779706826, 2.0263865504959512e-09, -0.061216266195910155, 0.9981245256745429, 1.1496280483136445e-08, 0.0, 0.0, 0.0, 1.0]}, {"left_foot_pose": [0.9916910321063725, 0.12517677887325968, -0.029659245956596695, 0.01000000062590763, -0.12864251567735582, 0.9649740544564901, -0.22863984207920737, -0.0035499992144087528, 3.8692931914049315e-09, 0.23055552098511686, 0.9730591717584718, 1.2113060436635958e-08, 0.0, 0.0, 0.0, 1.0], "right_foot_pose": [0.971811437098188, 0.23574821659715423, 0.0023041476549206658, 0.015893977754643736, -0.23575947642704492, 0.9717650234071813, 0.00949781855407953, -0.19131837837685947, 3.6858700103815342e-09, -0.009773313343072665, 0.9999522400326419, 8.684121408086831e-09, 0.0, 0.0, 0.0, 1.0]}, {"left_foot_pose": [0.9912563488602857, 0.1270545403011966, -0.03560891226965943, 0.0110004368643849, -0.13195018308775983, 0.9544892336103713, -0.2674686002225187, -0.005015076225815231, 5.223335689367678e-06, 0.26982855058488253, 0.9629083825899426, 0.0028444567039576374, 0.0, 0.0, 0.0, 1.0], "right_foot_pose": [0.9718114371246986, 0.23560501126744246, -0.008532838876709043, 0.015893976730886796, -0.2357594763177665, 0.9711747254756334, -0.03517274404564683, -0.19131837864157963, 2.6964340530294754e-09, 0.03619297256369589, 0.9993448197379138, 6.2709348200296056e-09, 0.0, 0.0, 0.0, 1.0]}, {"left_foot_pose": [0.9899784144635574, 0.13491705440383997, -0.04171483341945621, 0.013806437265460124, -0.14121876216313584, 0.9458237525527868, -0.29236054850146354, -0.009124277335927956, 1.0456254195831843e-05, 0.2953215493965116, 0.9553979183317867, 0.009617039377918822, 0.0, 0.0, 0.0, 1.0], "right_foot_pose": [0.971811437134348, 0.23510623530360977, -0.017538209037299853, 0.01589397615246828, -0.23575947627799038, 0.9691187482630484, -0.07229329920670113, -0.1913183785242601, 1.7748387500507244e-09, 0.07439025397473534, 0.997229206408223, 4.148417755145406e-09, 0.0, 0.0, 0.0, 1.0]}, {"left_foot_pose": [0.9878816536838445, 0.14776714320703316, -0.047483783582460345, 0.018049188897484907, -0.15520901423923658, 0.940544092214067, -0.30213734045976787, -0.015337506279176742, 1.4620468543671955e-05, 0.30584584677521687, 0.9520810458131141, 0.017439495900786292, 0.0, 0.0, 0.0, 1.0], "right_foot_pose": [0.9718114371340927, 0.23446026620632665, -0.024716679101922462, 0.015893975833425885, -0.23575947627904353, 0.9664560337303548, -0.1018832872007106, -0.19131837815817487, 1.0127755894813126e-09, 0.10483853507489434, 0.9944892566354603, 2.504718474294343e-09, 0.0, 0.0, 0.0, 1.0]}, {"left_foot_pose": [0.9849787180604738, 0.16484116141257366, -0.051422917771171764, 0.023359738814344402, -0.17267577909194332, 0.9403174225499537, -0.29323407060572415, -0.02311445811158211, 1.6820734202149115e-05, 0.29770881134619837, 0.9546567254065187, 0.023433120740993532, 0.0, 0.0, 0.0, 1.0], "right_foot_pose": [0.9718114371290987, 0.23382476586741505, -0.03014149186958432, 0.015893975700536276, -0.2357594762996297, 0.9638364717054148, -0.124244618174719, -0.19131837771132118, 4.2052734916594337e-10, 0.12784848328199241, 0.9917937110722647, 1.3639272766763355e-09, 0.0, 0.0, 0.0, 1.0]}, {"left_foot_pose": [0.9813214656557907, 0.18536128978257976, -0.05147206323152444, 0.02936913996633618, -0.1923751043476542, 0.9455662757817986, -0.262480927557355, -0.03191483104631775, 1.644386127825617e-05, 0.26748011207242844, 0.9635633810888214, 0.025000009811456142, 0.0, 0.0, 0.0, 1.0], "right_foot_pose": [0.971811437123219, 0.2333121062103961, -0.03388202727364595, 0.015893975729686788, -0.23575947632386526, 0.9617232646192215, -0.1396632794031539, -0.19131837744969427, 3.727248246477198e-12, 0.14371438127694627, 0.989619207884621, 6.854728382132969e-10, 0.0, 0.0, 0.0, 1.0]}, {"left_foot_pose": [0.9770365472858539, 0.20763658315039535, -0.047818768338046304, 0.03570843236408481, -0.21307178384125092, 0.9521283731212528, -0.21920760942126288, -0.041198304406004096, 1.408708156838053e-05, 0.22436267611861532, 0.9745057154098427, 0.025000012594340683, 0.0, 0.0, 0.0, 1.0], "right_foot_pose": [0.9718114371190629, 0.23298800885945128, -0.03604328525938772, 0.01589397594980016, -0.23575947634099734, 0.9603873201649772, -0.1485720854728533, -0.19131837750984496, -2.2621122747535617e-10, 0.15288159795751216, 0.9882445127628877, 2.921007324907521e-10, 0.0, 0.0, 0.0, 1.0]}, {"left_foot_pose": [0.9723456073902467, 0.2299512989297995, -0.04082180678743998, 0.042008660557953346, -0.23354661135889349, 0.9573848267873459, -0.16991254738877332, -0.05042456808955811, 1.0567443819967359e-05, 0.17474751373871472, 0.9846132775513784, 0.02500001365343591, 0.0, 0.0, 0.0, 1.0], "right_foot_pose": [0.9718114371175749, 0.23288067766630968, -0.036730377852039184, 0.015893976195508325, -0.23575947634713046, 0.9599448959656899, -0.15140431308898472, -0.19131837758542175, -2.8780881397869277e-10, 0.15579597773723436, 0.9877892555200726, 1.626833182055698e-10, 0.0, 0.0, 0.0, 1.0]}, {"left_foot_pose": [0.9675701699452617, 0.2509240917801074, -0.02907002573832376, 0.047900877575980286, -0.2526023875435813, 0.9611444710650866, -0.11132537692861509, -0.059053324436128145, 6.275414218532312e-06, 0.11505827178149418, 0.993358743886254, 0.022459732614265475, 0.0, 0.0, 0.0, 1.0], "right_foot_pose": [0.9718114371161483, 0.23314564042552344, -0.035009156528241624, 0.0158939762331992, -0.2357594763530119, 0.9610370848514502, -0.1443093581510927, -0.1913183776430227, 7.476575134403343e-12, 0.14849522514478108, 0.9889131246521107, 4.299415892750069e-10, 0.0, 0.0, 0.0, 1.0]}, {"left_foot_pose": [0.9631215421647301, 0.26859689835935874, -0.015893432919467387, 0.05301610950326451, -0.2690667110795418, 0.9614404360277609, -0.05688051476198389, -0.06654424004302295, 2.6592339179915363e-06, 0.0590592428200899, 0.998254479494306, 0.0158385682054457, 0.0, 0.0, 0.0, 1.0], "right_foot_pose": [0.9718114371196473, 0.2334879314155091, -0.032648377704753866, 0.015893976242073053, -0.23575947633858893, 0.9624480242770564, -0.13457811813866696, -0.1913183777974724, 1.998019629968931e-10, 0.13848171882417265, 0.9903649900675521, 8.042978574818171e-10, 0.0, 0.0, 0.0, 1.0]}, {"left_foot_pose": [0.9594763865677792, 0.28177145823293065, -0.0031478475385615903, 0.056985400164957276, -0.28178904098405405, 0.9594165322750683, -0.010716994847933004, -0.07235700121873156, 3.537034001805135e-07, 0.011169732430615326, 0.9999376165928076, 0.007998180904258918, 0.0, 0.0, 0.0, 1.0], "right_foot_pose": [0.9718114371228276, 0.23396361622002945, -0.02904405210212271, 0.015893976280311084, -0.23575947632547886, 0.9644088191605042, -0.11972092067879249, -0.19131837784279954, 4.5224271028016794e-10, 0.12319357049249169, 0.9923826601615485, 1.2828476267379152e-09, 0.0, 0.0, 0.0, 1.0]}, {"left_foot_pose": [0.9571382784251673, 0.2895321711126069, 0.007578777218517073, 0.059439801530518255, -0.28963134494239784, 0.9568105776103496, 0.025044013252829508, -0.07595130381567473, -4.066775651628727e-07, -0.026165635168488383, 0.9996576211563963, 0.001817276870019785, 0.0, 0.0, 0.0, 1.0], "right_foot_pose": [0.9718114371237808, 0.23449097341923583, -0.02442363732761381, 0.015893976362323554, -0.23575947632155006, 0.9665826099453695, -0.10067535684459372, -0.19131837769004906, 6.866662707123568e-10, 0.10359556716431965, 0.9946195043653142, 1.791792339500553e-09, 0.0, 0.0, 0.0, 1.0]}, {"left_foot_pose": [0.9565321952857184, 0.29122022873622294, 0.015392782617432602, 0.060065268910683964, -0.2916267466846711, 0.9551988211936844, 0.05048814324484051, -0.07686725169647696, 8.131673389729263e-10, -0.05278248161103348, 0.9986060332458353, 1.925095631516438e-09, 0.0, 0.0, 0.0, 1.0], "right_foot_pose": [0.9718114371168494, 0.23497417301259893, -0.019226770553818558, 0.01589397616335267, -0.23575947635012232, 0.9685743807962717, -0.07925363194349576, -0.19131837709505484, 7.59708897784502e-10, 0.08155247931341049, 0.9966690489414406, 2.237639927515911e-09, 0.0, 0.0, 0.0, 1.0]}, {"left_foot_pose": [0.9565321952822633, 0.2907756522256844, 0.0222638599803095, 0.060065268053197035, -0.29162674669600325, 0.9537406156231547, 0.07302519238092958, -0.07686725129275294, 4.1970250930982544e-10, -0.07634368463399333, 0.9970815622688579, 1.7330635745937961e-09, 0.0, 0.0, 0.0, 1.0], "right_foot_pose": [0.9718114371107198, 0.2353516915648418, -0.013860446542748612, 0.01589397540781594, -0.2357594763753872, 0.9701305293997062, -0.05713339851478207, -0.19131837637787155, 3.569306348501959e-10, 0.058790621736917174, 0.998270335528301, 2.4247077470840317e-09, 0.0, 0.0, 0.0, 1.0]}, {"left_foot_pose": [0.9565321952847975, 0.2902221001042579, 0.0285883192007101, 0.06006526894376148, -0.29162674668769223, 0.9519249713095784, 0.09376934261053428, -0.07686725182947719, 6.028995832856067e-10, -0.09803051365943918, 0.9951834094234427, 1.4752552790486817e-09, 0.0, 0.0, 0.0, 1.0], "right_foot_pose": [0.9718114371142941, 0.23559210067654218, -0.008882161486052113, 0.01589397617075052, -0.23575947636065495, 0.9711215069122943, -0.03661267701964122, -0.19131837722278588, 5.565242630828593e-10, 0.037674672011961334, 0.999290057535244, 1.7271180111078088e-09, 0.0, 0.0, 0.0, 1.0]}, {"left_foot_pose": [0.9565321952838391, 0.28966486421806104, 0.03377019133811722, 0.060065269511679543, -0.29162674669083527, 0.9500972444138023, 0.11076581951044162, -0.07686725201953537, 3.348220676332761e-10, -0.11579936353379841, 0.9932726249148159, 1.1601205482381083e-09, 0.0, 0.0, 0.0, 1.0], "right_foot_pose": [0.9711935120232311, 0.23826788995632547, -0.0034021786758772848, 0.016187356064702348, -0.2382921782264859, 0.9710945362703023, -0.013865043167732788, -0.19243794171158138, 2.425438304974932e-07, 0.014276352535814487, 0.9998980876860474, 0.0022503015766322035, 0.0, 0.0, 0.0, 1.0]}, {"left_foot_pose": [0.9565321952852754, 0.2891825213893127, 0.03767796047628265, 0.06006526963442016, -0.2916267466861235, 0.9485151659174462, 0.1235832538893049, -0.07686725217353264, 2.8612376031400985e-11, -0.12919926217870117, 0.991618651827647, 8.534219650413455e-10, 0.0, 0.0, 0.0, 1.0], "right_foot_pose": [0.9690808596546471, 0.24668835618955076, 0.005209834115178584, 0.017167674199899095, -0.24674336353892898, 0.9688648799926834, 0.02045866237708107, -0.19617897723655778, -7.115131453929033e-07, -0.02111159011682508, 0.9997771255446051, 0.008710110212469507, 0.0, 0.0, 0.0, 1.0]}, {"left_foot_pose": [0.9565321952862916, 0.2888606062955706, 0.04007130533616678, 0.06006526943867785, -0.2916267466827911, 0.9474592884416506, 0.1314333951659661, -0.0768672523498082, -2.2560674068388782e-10, -0.13740613842255148, 0.9905147919762753, 6.183537362702829e-10, 0.0, 0.0, 0.0, 1.0], "right_foot_pose": [0.9656235514889142, 0.259351074973832, 0.01755496282687995, 0.01870336313441065, -0.25994452639006205, 0.9634198525211513, 0.06519993073592356, -0.20203940793537176, -3.1275731060705663e-06, -0.06752190517188245, 0.9977177919192267, 0.016558465313658677, 0.0, 0.0, 0.0, 1.0]}, {"left_foot_pose": [0.956532195284699, 0.28876119790946636, 0.040781490479449976, 0.06006526900742357, -0.29162674668801447, 0.947133230187229, 0.1337627933742083, -0.07686725242654197, -3.5919879134707753e-10, -0.13984139178725535, 0.9901739166141498, 5.215086973375804e-10, 0.0, 0.0, 0.0, 1.0], "right_foot_pose": [0.9609679641482672, 0.2746375602296014, 0.033388357130392114, 0.02065599340004207, -0.27665966788818974, 0.9539471587652592, 0.1159493270687064, -0.20949094542019023, -6.688123963814734e-06, -0.12066080057260306, 0.9926937952664195, 0.022916661199389572, 0.0, 0.0, 0.0, 1.0]}, {"left_foot_pose": [0.956532195280963, 0.28899335651922026, 0.03910242036930601, 0.06006526860907209, -0.29162674670026906, 0.9478947074655028, 0.1282554644758147, -0.0768672522170284, -1.463593765672996e-10, -0.13408379263223777, 0.9909699978068744, 6.454391673904603e-10, 0.0, 0.0, 0.0, 1.0], "right_foot_pose": [0.9552942563738057, 0.2914100656704998, 0.04993052538410227, 0.022887135347797728, -0.2956566989487702, 0.941578867720527, 0.16129585310492625, -0.21800529261182994, -1.029241016835319e-05, -0.16884729635989074, 0.9856422223129555, 0.025000011703318455, 0.0, 0.0, 0.0, 1.0]}, {"left_foot_pose": [0.9565321952717567, 0.2894117524103876, 0.03587474007353514, 0.06006526838505812, -0.29162674673046546, 0.949267040702362, 0.1176687130361606, -0.07686725218947285, 9.809896545807642e-11, -0.12301594613272723, 0.992404694163158, 1.1112883252506478e-09, 0.0, 0.0, 0.0, 1.0], "right_foot_pose": [0.9488528097778816, 0.308672803235088, 0.0663283191375448, 0.025258336752051705, -0.3157187754982948, 0.927685820090379, 0.19930046161787446, -0.22705413717833658, -1.3208960693249136e-05, -0.2100478986951149, 0.9776910964508629, 0.02500001107778904, 0.0, 0.0, 0.0, 1.0]}, {"left_foot_pose": [0.9565321952612053, 0.2900142333685967, 0.030625216283408023, 0.06006526818776864, -0.29162674676507355, 0.9512431706679783, 0.10045034011267372, -0.07686725215431725, 5.3956989416898e-10, -0.10501511653641768, 0.9944706256591208, 1.910788006986852e-09, 0.0, 0.0, 0.0, 1.0], "right_foot_pose": [0.9419852617246682, 0.32571905856222483, 0.08106085111104064, 0.02763116649061653, -0.33565423649240067, 0.9141136506807617, 0.2274477240242113, -0.23610919643815007, -1.477199511629196e-05, -0.24146082193272733, 0.9704105683953363, 0.025000008799021325, 0.0, 0.0, 0.0, 1.0]}, {"left_foot_pose": [0.9565321952531057, 0.2907050669626896, 0.0231672934650096, 0.060065267975427696, -0.29162674679164036, 0.9535090962538474, 0.07598844594342252, -0.07686725169967565, 1.2119041159781832e-09, -0.07944159743730193, 0.9968395219876721, 3.1593225674475534e-09, 0.0, 0.0, 0.0, 1.0], "right_foot_pose": [0.9351304189334859, 0.3424140178486155, 0.09101505351342064, 0.02986719361002018, -0.3543036824250937, 0.9037598536038218, 0.24018123913831557, -0.24464217788587106, -1.4328333823133332e-05, -0.2568477513912989, 0.9664518779535441, 0.02302493934993386, 0.0, 0.0, 0.0, 1.0]}, {"left_foot_pose": [0.956532195255063, 0.29132114328184205, 0.013347318737943956, 0.06006526796469689, -0.29162674678522144, 0.9555298191395476, 0.0437