{"LoopMode": "Wrap", "FrameDuration": 0.0167, "EnableCycleOffsetPosition": true, "EnableCycleOffsetRotation": false, "Debug_info": [{"left_foot_pose": [1.0000000000000002, 1.0293894568651043e-13, -8.639589044179278e-12, 1.636440072016017e-12, -1.929810028819175e-14, 0.999953509965954, 0.0096425052123217, -2.7025257032242678e-14, 8.63993678540741e-12, -0.009642505212321871, 0.9999535099659542, 1.837134611104574e-11, 0.0, 0.0, 0.0, 1.0], "right_foot_pose": [1.0, -1.8633787239916028e-13, -8.702760734280444e-12, 2.0302448049017463e-12, 5.755011028012594e-14, 0.9998904236252205, -0.014803403074199804, -0.14000000000227594, 8.704409082416585e-12, 0.014803403074199655, 0.9998904236252204, 1.525034265537073e-11, 0.0, 0.0, 0.0, 1.0]}, {"left_foot_pose": [1.0000000000000002, 1.5852591438678241e-13, -1.9301338305410815e-11, 3.180480145967387e-12, -3.0056624899729224e-14, 0.9999779630230938, 0.006638785143716665, 8.584348509810269e-13, 1.9301716059831563e-11, -0.00663878514371684, 0.999977963023094, 4.000025310979538e-11, 0.0, 0.0, 0.0, 1.0], "right_foot_pose": [1.0, -5.072231407555578e-13, -1.9419243990625997e-11, 4.25291469284025e-12, 1.6138173828424387e-13, 0.999841417803979, -0.017808403738939316, -0.1400000000041478, 1.9424975006971716e-11, 0.01780840373893917, 0.9998414178039791, 3.510697288433562e-11, 0.0, 0.0, 0.0, 1.0]}, {"left_foot_pose": [1.0000000000000002, 7.959658685591295e-14, -3.392169878324581e-11, 5.125676153561694e-12, 4.031681259242541e-15, 0.9999969850173869, 0.0024555969003066365, 2.470487356354134e-12, 3.3921507713450156e-11, -0.0024555969003068104, 0.9999969850173871, 6.954263553904383e-11, 0.0, 0.0, 0.0, 1.0], "right_foot_pose": [0.9999999999999997, -1.1085167433636173e-12, -3.413319626943689e-11, 7.187042364798028e-12, 3.57567986465503e-13, 0.9997580871811187, -0.0219947065438693, -0.14000000000629817, 3.4149072600395975e-11, 0.021994706543869143, 0.9997580871811184, 6.263099067149724e-11, 0.0, 0.0, 0.0, 1.0]}, {"left_foot_pose": [1.0000000000000004, -2.8279658021033955e-13, -5.228945054724932e-11, 7.395732496924793e-12, 1.3229744885908947e-13, 0.999995839790715, -0.00288451057600948, 4.9550866881853395e-12, 5.228975692505599e-11, 0.002884510576009305, 0.9999958397907154, 1.0674341271998955e-10, 0.0, 0.0, 0.0, 1.0], "right_foot_pose": [0.9999999999999998, -2.133753208301079e-12, -5.26639842846066e-11, 1.0749603377112283e-11, 6.931404596794198e-13, 0.9996261638385474, -0.027341041849746936, -0.14000000000851195, 5.2702396631351364e-11, 0.02734104184974679, 0.9996261638385474, 9.743945927898068e-11, 0.0, 0.0, 0.0, 1.0]}, {"left_foot_pose": [1.0000000000000004, -1.115275055060177e-12, -7.460065898357014e-11, 9.956518891611158e-12, 4.1658231392437634e-13, 0.9999561043745729, -0.009369595723880103, 8.548241975381288e-12, 7.460758047623975e-11, 0.009369595723879924, 0.999956104374573, 1.5220549820504914e-10, 0.0, 0.0, 0.0, 1.0], "right_foot_pose": [1.0, -3.780774921174942e-12, -7.524386669288671e-11, 1.4928484578571577e-11, 1.2326410038289303e-12, 0.9994273618805422, -0.03383708504732179, -0.14000000001058216, 7.532864094740312e-11, 0.03383708504732164, 0.999427361880542, 1.399321214456961e-10, 0.0, 0.0, 0.0, 1.0]}, {"left_foot_pose": [1.0000000000000004, -2.66535669397236e-12, -1.0150175144829629e-10, 1.2812748807181893e-11, 9.386400090588767e-13, 0.9998552989042128, -0.01701120963271685, 1.3611988272654862e-11, 1.0153234153530057e-10, 0.017011209632716677, 0.9998552989042128, 2.075103630594377e-10, 0.0, 0.0, 0.0, 1.0], "right_foot_pose": [1.0, -6.328074762837364e-12, -1.0257300564475709e-10, 1.9784466147844645e-11, 2.0662870413147857e-12, 0.9991386540120265, -0.04149638609609131, -0.14000000001227808, 1.027469526470913e-10, 0.041496386096091166, 0.9991386540120266, 1.9139936163758975e-10, 0.0, 0.0, 0.0, 1.0]}, {"left_foot_pose": [1.0000000000000002, -5.28022592094056e-12, -1.341026178991455e-10, 1.5999233305250496e-11, 1.8124508673425547e-12, 0.9996658725752032, -0.025848466268975818, 2.0677915976707872e-11, 1.3419396997637772e-10, 0.02584846626897564, 0.9996658725752033, 2.753016911660744e-10, 0.0, 0.0, 0.0, 1.0], "right_foot_pose": [0.9999999999999999, -1.0176288513487817e-11, -1.3583295599417503e-10, 2.5443430142769122e-11, 3.3228293254253056e-12, 0.9987311035966633, -0.05036052728666317, -0.1400000000132947, 1.3617291533697246e-10, 0.05036052728666302, 0.9987311035966635, 2.5407041054359425e-10, 0.0, 0.0, 0.0, 1.0]}, {"left_foot_pose": [1.0000000000000007, -9.46046116256244e-12, -1.7396478702025304e-10, 1.9567864064464755e-11, 3.2009206169463955e-12, 0.9993536456511236, -0.03594844814187449, 3.04984509869044e-11, 1.7419202029248881e-10, 0.0359484481418743, 0.9993536456511238, 3.5936437159378443e-10, 0.0, 0.0, 0.0, 1.0], "right_foot_pose": [0.9999999999999998, -1.5905446562052393e-11, -1.7669216090254728e-10, 3.20829116425606e-11, 5.186557410770174e-12, 0.9981682182154547, -0.06049965408648756, -0.14000000001318066, 1.7733070607891978e-10, 0.060499654086487414, 0.9981682182154547, 3.31135133202487e-10, 0.0, 0.0, 0.0, 1.0]}, {"left_foot_pose": [1.0000000000000004, -1.5929665845875664e-11, -2.2308632718903686e-10, 2.3573735584580323e-11, 5.336848098206834e-12, 0.9988757822420202, -0.04740434210484372, 4.410427405232564e-11, 2.23590453528687e-10, 0.04740434210484353, 0.9988757822420202, 4.6474900317061696e-10, 0.0, 0.0, 0.0, 1.0], "right_foot_pose": [1.0, -2.4350120365470538e-11, -2.2730051174590913e-10, 3.991584132129441e-11, 7.918893459859492e-12, 0.997403854939214, -0.07201076414256138, -0.14000000001124754, 2.2846358698018676e-10, 0.07201076414256123, 0.997403854939214, 4.2678410111518517e-10, 0.0, 0.0, 0.0, 1.0]}, {"left_foot_pose": [1.0000000000000004, -2.571156085033067e-11, -2.837849955028555e-10, 2.8050961286980667e-11, 8.544172044971307e-12, 0.998178452263937, -0.06033056800637954, 6.283489006886356e-11, 2.848188273841946e-10, 0.060330568006379356, 0.9981784522639372, 5.977714365168474e-10, 0.0, 0.0, 0.0, 1.0], "right_foot_pose": [1.0, -3.6681718564127e-11, -2.901909823549429e-10, 4.9156600438728716e-11, 1.1878990312216245e-11, 0.9963798425927721, -0.08501299474082062, -0.14000000000646157, 2.922586320244629e-10, 0.08501299474082047, 0.9963798425927722, 5.460997071216056e-10, 0.0, 0.0, 0.0, 1.0]}, {"left_foot_pose": [1.0000000000000007, -4.0167829066628005e-11, -3.582085184028465e-10, 3.295183106748058e-11, 1.324291669061477e-11, 0.9971946645840216, -0.07485185986441213, 8.823471467356292e-11, 3.602098882135461e-10, 0.07485185986441194, 0.9971946645840218, 7.653464112467034e-10, 0.0, 0.0, 0.0, 1.0], "right_foot_pose": [1.0, -5.4440583665106245e-11, -3.677927962186797e-10, 5.992600521559782e-11, 1.7524067981958293e-11, 0.9950238720161826, -0.09963681105858124, -0.13999999999735308, 3.713864284963984e-10, 0.09963681105858112, 0.9950238720161827, 6.942972030632433e-10, 0.0, 0.0, 0.0, 1.0]}, {"left_foot_pose": [1.0000000000000004, -6.085136121528336e-11, -4.469769554482628e-10, 3.8004169282322023e-11, 1.9888660350149648e-11, 0.9958436846842409, -0.0910788431772972, 1.2156091584725193e-10, 4.506611969263704e-10, 0.09107884317729699, 0.9958436846842412, 9.725389243930849e-10, 0.0, 0.0, 0.0, 1.0], "right_foot_pose": [1.0000000000000002, -7.934794017867258e-11, -4.610452575271036e-10, 7.20221038089365e-11, 2.5331326790690837e-11, 0.9932492727077883, -0.1159994925223805, -0.13999999998208448, 4.671372232593165e-10, 0.11599949252238033, 0.9932492727077885, 8.743380602860285e-10, 0.0, 0.0, 0.0, 1.0]}, {"left_foot_pose": [1.0000000000000007, -8.874040621997232e-11, -5.456404217341044e-10, 4.23380615405135e-11, 2.8708344375090497e-11, 0.9940360433784379, -0.10905202641189775, 1.622463743217173e-10, 5.520632078906272e-10, 0.10905202641189753, 0.994036043378438, 1.2151055439613145e-09, 0.0, 0.0, 0.0, 1.0], "right_foot_pose": [1.0, -1.1238785120387578e-10, -5.656882740012741e-10, 8.435028700961096e-11, 3.548586718069032e-11, 0.9909612456735731, -0.1341484609418996, -0.13999999995910326, 5.756517705258969e-10, 0.13414846094189942, 0.990961245673573, 1.080183116564104e-09, 0.0, 0.0, 0.0, 1.0]}, {"left_foot_pose": [1.0000000000000002, -1.2166323122930122e-10, -6.358512050219622e-10, 4.352115745439352e-11, 3.8873536640716004e-11, 0.9916946808366266, -0.12861438488887053, 2.0380303000777644e-10, 6.462176433180301e-10, 0.12861438488887034, 0.9916946808366264, 1.4586081231726666e-09, 0.0, 0.0, 0.0, 1.0], "right_foot_pose": [1.0, -1.507613026131012e-10, -6.628854132273422e-10, 9.352128522448521e-11, 4.6925426291893694e-11, 0.988081486502049, -0.15393172522875626, -0.13999999992952522, 6.78191669031101e-10, 0.15393172522875612, 0.9880814865020492, 1.2788359399218407e-09, 0.0, 0.0, 0.0, 1.0]}, {"left_foot_pose": [1.0000000000000002, -1.4752668212425214e-10, -6.667654761649516e-10, 3.5524897307068637e-11, 4.644843492267391e-11, 0.9888188725344504, -0.14912155216366035, 2.2505454097543343e-10, 6.813095555435407e-10, 0.14912155216366016, 0.9888188725344506, 1.5888838023059293e-09, 0.0, 0.0, 0.0, 1.0], "right_foot_pose": [1.0, -1.7992661658175946e-10, -6.991900947106435e-10, 9.097140620724204e-11, 5.500949321085438e-11, 0.9846212927382546, -0.17470234653961794, -0.13999999990351397, 7.198709275940494e-10, 0.1747023465396178, 0.9846212927382545, 1.3698229842096232e-09, 0.0, 0.0, 0.0, 1.0]}, {"left_foot_pose": [0.9999999987588426, -4.9070295967753394e-05, 8.626821851377253e-06, 2.104683474448601e-05, 4.9822372715575835e-05, 0.9856409787342805, -0.16885454852464618, -1.855693873549155e-05, -2.1720646151724877e-07, 0.16885454874487957, 0.985640979955743, 0.00016386123877570186, 0.0, 0.0, 0.0, 1.0], "right_foot_pose": [0.9999999999999998, -1.6312661924329473e-10, -5.708404304805007e-10, 9.313073760097029e-11, 4.88846968237543e-11, 0.9808702306169306, -0.19466276143497435, -0.1399999999720885, 5.91675119474724e-10, 0.1946627614349742, 0.9808702306169306, 1.1103599983908197e-09, 0.0, 0.0, 0.0, 1.0]}, {"left_foot_pose": [0.9999990104488098, -0.0013817462708276443, 0.0002643456925315579, 0.0005943930562256486, 0.0014068048605719835, 0.9823487199339112, -0.18705350396154513, -0.0005240615644767112, -1.2191711343995294e-06, 0.18705369074533246, 0.9823496916969355, 0.004191209387010564, 0.0, 0.0, 0.0, 1.0], "right_foot_pose": [0.9999999999999999, -1.1245724246155725e-10, -3.594497477443775e-10, 1.88899566633259e-10, 3.384658471489896e-11, 0.9773536700122091, -0.2116123902649991, -0.14000000015214742, 3.7510691598199136e-10, 0.21161239026499895, 0.977353670012209, 6.710631217377028e-10, 0.0, 0.0, 0.0, 1.0]}, {"left_foot_pose": [0.9999904815082391, -0.004272455316311935, 0.0008848833203963501, 0.0018435176962256804, 0.00436312825841804, 0.9793097994744634, -0.20231974635484343, -0.0016253754809685238, -2.1728311472614174e-06, 0.20232168143542506, 0.9793191191927286, 0.011469803050744215, 0.0, 0.0, 0.0, 1.0], "right_foot_pose": [1.0, -5.52546641091891e-11, -1.5774270778479118e-10, 2.1947082704450928e-10, 1.8442184638625248e-11, 0.9744890725409266, -0.22443495159694907, -0.14000000015188588, 1.661196067448043e-10, 0.2244349515969489, 0.9744890725409268, 3.4497914941367114e-10, 0.0, 0.0, 0.0, 1.0]}, {"left_foot_pose": [0.999963230429332, -0.00838093680563132, 0.0018159536326219283, 0.0036233679288096726, 0.00857541722840884, 0.9773579339670702, -0.21141885235470328, -0.003194608849231121, -2.9486494557664064e-06, 0.21142665113433795, 0.9773938669653219, 0.019120927602328648, 0.0, 0.0, 0.0, 1.0], "right_foot_pose": [1.0, -1.1738087217055673e-11, -1.4847345575219545e-11, 1.638997230491589e-10, 7.962588755570051e-12, 0.9725704039311281, -0.23260870447436482, -0.1400000000492096, 1.7170391770905525e-11, 0.2326087044743647, 0.972570403931128, 1.3595039677349874e-10, 0.0, 0.0, 0.0, 1.0]}, {"left_foot_pose": [0.9999061478562785, -0.013394750761559741, 0.0028768265945056373, 0.005788894019074491, 0.013700199552312328, 0.9776648277889872, -0.20972312470626067, -0.0051038767827284795, -3.3831927206543655e-06, 0.20974285483984081, 0.9777565826074446, 0.024265879019703965, 0.0, 0.0, 0.0, 1.0], "right_foot_pose": [1.0, 5.465732541004019e-12, 4.530453789897135e-11, 3.762392985766969e-11, 5.372816035945729e-12, 0.9717933969302297, -0.23583382641768127, -0.13999999995650939, -4.5315869648776435e-11, 0.23583382641768114, 0.9717933969302297, 5.557881932460873e-11, 0.0, 0.0, 0.0, 1.0]}, {"left_foot_pose": [0.9998119199736867, -0.01902434228301751, 0.0037681665607811206, 0.008195040984123327, 0.019393933774953145, 0.9807920315752394, -0.19408984036071553, -0.007225294285233053, -3.3561797841451112e-06, 0.19412641551116586, 0.9809765210184815, 0.025000002561878655, 0.0, 0.0, 0.0, 1.0], "right_foot_pose": [0.9999999999999999, -8.75859061623846e-12, 1.2991330233802547e-11, -6.400238460040267e-11, 1.1554916314650437e-11, 0.9722494257722912, -0.23394669069138432, -0.13999999994846352, -1.0581895204722226e-11, 0.23394669069138424, 0.9722494257722909, 1.2887291928054267e-10, 0.0, 0.0, 0.0, 1.0]}, {"left_foot_pose": [0.9996795719068607, -0.02494006021660178, 0.004329770029518681, 0.010696750114448464, 0.025313109315890682, 0.9849670271873092, -0.17087773948223117, -0.009430967621159008, -2.9796020162971086e-06, 0.17093258539607856, 0.9852827265515899, 0.025000003222755265, 0.0, 0.0, 0.0, 1.0], "right_foot_pose": [0.9999999999999998, -4.834385520284543e-11, -9.947176415892019e-11, -9.848396285480636e-11, 2.446701006117614e-11, 0.9738214539237925, -0.22731426677124997, -0.13999999992417506, 1.078566857403962e-10, 0.22731426677124988, 0.9738214539237924, 3.402197967794507e-10, 0.0, 0.0, 0.0, 1.0]}, {"left_foot_pose": [0.9995158323531484, -0.030799270186126198, 0.0044165406593658, 0.013148971553734828, 0.03111431937027822, 0.9894059090929895, -0.14180213743805212, -0.01159300945183439, -2.3490822015616724e-06, 0.14187089908743733, 0.9898851690911449, 0.02491027241617528, 0.0, 0.0, 0.0, 1.0], "right_foot_pose": [0.9999999999999999, -1.0981007827296152e-10, -2.967514567409063e-10, -1.2889809925464684e-10, 4.3139526157499367e-11, 0.9764070944240419, -0.21593792153857552, -0.13999999992692103, 3.134622702247685e-10, 0.21593792153857538, 0.9764070944240422, 6.994419696204623e-10, 0.0, 0.0, 0.0, 1.0]}, {"left_foot_pose": [0.9993353183731412, -0.03625308370001874, 0.003825620772295015, 0.015406651777465943, 0.03645437490462902, 0.993821685830307, -0.10483098455953005, -0.013583535982571903, -1.5384276777562417e-06, 0.10490076594404373, 0.9944826943200106, 0.021163835312167, 0.0, 0.0, 0.0, 1.0], "right_foot_pose": [0.9999999999999998, -1.8848492654986319e-10, -5.942193959107546e-10, -2.0875002964480012e-10, 6.621434046239093e-11, 0.9799187592296648, -0.19939715471840191, -0.14000000013953892, 6.198698915338239e-10, 0.19939715471840178, 0.9799187592296648, 1.2185556730326397e-09, 0.0, 0.0, 0.0, 1.0]}, {"left_foot_pose": [0.9991595409327556, -0.04090522941485468, 0.002640827439190719, 0.017324730086577724, 0.0409903862200802, 0.9970849951975922, -0.06435293769011075, -0.015274647240366352, -7.577347894919664e-07, 0.06440710021679809, 0.9979237072247009, 0.013996813680723239, 0.0, 0.0, 0.0, 1.0], "right_foot_pose": [0.9999999999999998, -2.5775380917326294e-10, -9.460116023873851e-10, -1.906528012590883e-10, 8.555076945015603e-11, 0.9840856877076937, -0.17769456730264832, -0.14000000029565188, 9.767577473830739e-10, 0.17769456730264818, 0.9840856877076938, 1.8772048082649206e-09, 0.0, 0.0, 0.0, 1.0]}, {"left_foot_pose": [0.9990147344514617, -0.04436557306329343, 0.001120837027425376, 0.01875815764579558, 0.04437972903069129, 0.9986961872553809, -0.02522628019999697, -0.016538452697892392, -1.972884967313288e-07, 0.02525116805876265, 0.9996811384194613, 0.006287911520889249, 0.0, 0.0, 0.0, 1.0], "right_foot_pose": [1.0000000000000002, -2.961848964246067e-10, -1.313822162174459e-09, -7.491037859023293e-11, 9.41579676743511e-11, 0.9885063520111661, -0.1511793373235144, -0.14000000030799548, 1.3434985619371674e-09, 0.15117933732351418, 0.988506352011166, 2.6046972911863975e-09, 0.0, 0.0, 0.0, 1.0]}, {"left_foot_pose": [0.9989285103438243, -0.04627717411823677, -0.000504358899464886, 0.019561883332688403, 0.04627992245313089, 0.9988691974162549, 0.010885551466964379, -0.017247065019544268, 3.600850823284867e-08, -0.010897229401921702, 0.9999406234328925, 0.0009158372100510695, 0.0, 0.0, 0.0, 1.0], "right_foot_pose": [0.9999999999999998, -2.8056400908318644e-10, -1.6109779066297832e-09, 1.5026238713357245e-10, 8.428248183403006e-11, 0.9927048836571407, -0.12056953994796037, -0.14000000011126848, 1.6330526891353856e-09, 0.12056953994796026, 0.9927048836571407, 3.2500851385175444e-09, 0.0, 0.0, 0.0, 1.0]}, {"left_foot_pose": [0.9989152035858344, -0.04652105354274998, -0.0020512489719677935, 0.019683000427786517, 0.04656625435948696, 0.9979455806312737, 0.04400229600190032, -0.017353844780551776, 1.6780412099285018e-09, -0.04405008145036582, 0.9990293240562149, 3.522889861773404e-09, 0.0, 0.0, 0.0, 1.0], "right_foot_pose": [0.9999999999999997, -2.1797582251801644e-10, -1.7170977417713108e-09, 2.919983673443979e-10, 6.606586104798199e-11, 0.9961225205854404, -0.08797683776147516, -0.1399999999450815, 1.7296163392649118e-09, 0.08797683776147505, 0.9961225205854402, 3.52440308187818e-09, 0.0, 0.0, 0.0, 1.0]}, {"left_foot_pose": [0.9989152035868999, -0.046428015326632904, -0.0035854477786367903, 0.019683000320160758, 0.04656625433662684, 0.9959497744484738, 0.07691313758449683, -0.01735384488656165, 1.5758376348596117e-09, -0.07699666336189571, 0.9970313504755685, 3.273547974358415e-09, 0.0, 0.0, 0.0, 1.0], "right_foot_pose": [1.0, -1.2389311603788977e-10, -1.5993789626023154e-09, 1.9564561649559936e-10, 3.6204265121430006e-11, 0.9985022406487503, -0.0547108345707261, -0.14000000003929372, 1.6037615099482524e-09, 0.05471083457072594, 0.9985022406487503, 3.32459051954892e-09, 0.0, 0.0, 0.0, 1.0]}, {"left_foot_pose": [0.9989152035872039, -0.04629714638975525, -0.004999027755598246, 0.01968300019458161, 0.04656625433010149, 0.9931424421053304, 0.10723653130685355, -0.017353844912708173, 1.245103724371158e-09, -0.10735298750024173, 0.9942209694402818, 2.5815777501825288e-09, 0.0, 0.0, 0.0, 1.0], "right_foot_pose": [0.9999999998244103, -1.873390270554089e-05, 4.6895771849139777e-07, 6.2343296520057236e-06, 1.8739757750327926e-05, 0.9997163024002901, -0.02381836190658532, -0.14000211554828643, -2.261380181254466e-08, 0.02381836191119107, 0.9997163025758193, 3.740181073914883e-05, 0.0, 0.0, 0.0, 1.0]}, {"left_foot_pose": [0.9989152035870498, -0.046150903855491275, -0.006205651937168941, 0.019683000104499037, 0.0465662543334131, 0.990005322485317, 0.13312041694683813, -0.01735384458808907, 8.835717164758605e-10, -0.13326498236245468, 0.9910804429893344, 1.7727981374560109e-09, 0.0, 0.0, 0.0, 1.0], "right_foot_pose": [0.9999981419979245, -0.0019276796544515586, -7.200534562148247e-06, 0.0006412714485604569, 0.0019276931022181032, 0.9999912416774602, 0.003714911529890092, -0.14021768100700063, 3.9312123074834505e-08, -0.0037149185079977222, 0.9999930996664314, 0.0034929903483789104, 0.0, 0.0, 0.0, 1.0]}, {"left_foot_pose": [0.9989152035864658, -0.04600989558503102, -0.007176736867467903, 0.019683000015232526, 0.0465662543459355, 0.9869804849734816, 0.15395163603450818, -0.01735384455080013, 5.3488803711875e-10, -0.15411882360622473, 0.9880523205833961, 1.067807342547411e-09, 0.0, 0.0, 0.0, 1.0], "right_foot_pose": [0.9999784334287684, -0.006564713817454221, -0.0001928985246465663, 0.002184780711569821, 0.006567547266062878, 0.9995492586204948, 0.029294144707209837, -0.14074164314765397, 5.039007693700965e-07, -0.029294779803129667, 0.9995708158384939, 0.010538497652023526, 0.0, 0.0, 0.0, 1.0]}, {"left_foot_pose": [0.9989152035857386, -0.045891643065287556, -0.007897666872657373, 0.01968299994181287, 0.0465662543615358, 0.9844437918703659, 0.1694166597552721, -0.017353844697718196, 2.4424537236525116e-10, -0.16960064193470833, 0.9855128726989494, 5.20572016049492e-10, 0.0, 0.0, 0.0, 1.0], "right_foot_pose": [0.999910667020701, -0.013347477257176294, -0.0007091044250067455, 0.0044465618431391634, 0.01336630004056513, 0.998507324021264, 0.05295720818850334, -0.14150943710080507, 1.200829965317569e-06, -0.05296195546582538, 0.9985965307729614, 0.01829520821870495, 0.0, 0.0, 0.0, 1.0]}, {"left_foot_pose": [0.9989152035851112, -0.04580988008978784, -0.00835888345869941, 0.019682999905685093, 0.04656625437499658, 0.9826898537767835, 0.17931044374951421, -0.017353844894049765, 3.675424903700448e-11, -0.17950517031641136, 0.9837570298756076, 1.6382800671621567e-10, 0.0, 0.0, 0.0, 1.0], "right_foot_pose": [0.9997634072895842, -0.02169360164619532, -0.0015865346944321259, 0.007236420608197503, 0.02175153881907418, 0.997106909980747, 0.07283323848112633, -0.14245649719933354, 1.929444530520457e-06, -0.07285051623881965, 0.9973428709726734, 0.023884417398691425, 0.0, 0.0, 0.0, 1.0]}, {"left_foot_pose": [0.9989152035847946, -0.045774091415793826, -0.008552695610627284, 0.01968299995186388, 0.04656625438178941, 0.9819221331178297, 0.18346800387583317, -0.017353844967097597, -6.339129555189448e-11, -0.18366724544237825, 0.9829884754927752, 2.7405210045738926e-11, 0.0, 0.0, 0.0, 1.0], "right_foot_pose": [0.9995147065711277, -0.031035644200266527, -0.0026721034985339375, 0.010364165405194864, 0.03115046295026928, 0.9958373031997134, 0.08566045887050688, -0.1435182538536438, 2.452818313702635e-06, -0.08570212567373332, 0.9963208045850429, 0.02500000110512756, 0.0, 0.0, 0.0, 1.0]}, {"left_foot_pose": [0.9989152035848674, -0.045785338429401315, -0.008492280724793091, 0.019683000068366603, 0.046566254380221855, 0.9821633983123997, 0.18217201477843808, -0.017353844970841345, -5.291127683619881e-11, -0.18236984893436803, 0.983230002695024, 5.381054629660653e-11, 0.0, 0.0, 0.0, 1.0], "right_foot_pose": [0.9991595486025019, -0.04081571924489452, -0.00377802844967318, 0.01363959201581092, 0.04099019918554929, 0.9949125184649399, 0.09202654058737217, -0.14463014134625657, 2.678356003106761e-06, -0.09210405889140953, 0.9957493873101576, 0.025000001033196363, 0.0, 0.0, 0.0, 1.0]}, {"left_foot_pose": [0.998915203585336, -0.045842355880264, -0.0081789029468768, 0.01968300019151661, 0.04656625437016846, 0.9833865078499219, 0.17544959427900894, -0.017353844977212464, 6.698621572858992e-11, -0.17564012806327411, 0.9844544404968255, 2.6769288175021444e-10, 0.0, 0.0, 0.0, 1.0], "right_foot_pose": [0.9987140138874582, -0.05048200081482604, -0.004678253790990444, 0.01687250406842085, 0.05069830823806219, 0.9944576128459114, 0.09210720815771992, -0.14572759672011573, 2.5689400061760437e-06, -0.0922259391198758, 0.9957381062040647, 0.024992551021248907, 0.0, 0.0, 0.0, 1.0]}, {"left_foot_pose": [0.9989152035862262, -0.04594276061671988, -0.007594655436792618, 0.019683000287341545, 0.04656625435107339, 0.9855403395935366, 0.1629166136082166, -0.01735384477113802, 3.187830912112143e-10, -0.16309353690680875, 0.9866106112439843, 7.216389014130797e-10, 0.0, 0.0, 0.0, 1.0], "right_foot_pose": [0.9982161656138359, -0.05949504107403467, -0.004982649376646141, 0.019872709739670875, 0.05970332237725531, 0.9947366910801164, 0.08327321727961787, -0.1467460513432212, 2.080671319393834e-06, -0.0834221523732148, 0.9965142971824795, 0.02183779332115976, 0.0, 0.0, 0.0, 1.0]}, {"left_foot_pose": [0.9989152035872632, -0.04607696821929374, -0.006732684600927471, 0.019683000370531955, 0.0465662543288313, 0.9884192931246786, 0.1444260535246127, -0.017353844573126352, 6.75788368324971e-10, -0.14458289656328616, 0.9894926912420178, 1.36439906595065e-09, 0.0, 0.0, 0.0, 1.0], "right_foot_pose": [0.9977236613071055, -0.06728852061916216, -0.004444171557036964, 0.02244999988019436, 0.06743512190354435, 0.9955559595820398, 0.06573306378481383, -0.1476209431345611, 1.3408611677648244e-06, -0.06588312631902718, 0.997827346620964, 0.014923780127445815, 0.0, 0.0, 0.0, 1.0]}, {"left_foot_pose": [0.9989152035879382, -0.04622767548389947, -0.0056051815514111016, 0.019683000287087134, 0.04656625431435328, 0.991652188530428, 0.1202394317266346, -0.017353844518016838, 1.122339462111734e-09, -0.12037000873211039, 0.9927290974872415, 2.1201308764151605e-09, 0.0, 0.0, 0.0, 1.0], "right_foot_pose": [0.9973081049443764, -0.07325908923034112, -0.0031063897690616765, 0.024414177037320472, 0.07332491944693953, 0.9964130786976427, 0.04224254713420464, -0.14828771025294457, 5.968636040570465e-07, -0.04235661041002454, 0.9991025560743085, 0.007129215313689062, 0.0, 0.0, 0.0, 1.0]}, {"left_foot_pose": [0.9989152035880488, -0.04637266620030631, -0.004241682463751395, 0.01968300028740437, 0.04656625431198388, 0.9947624544913609, 0.09099034615647891, -0.017353844692610827, 1.5090494189768551e-09, -0.09108915941976399, 0.9958427411173928, 2.833772196064732e-09, 0.0, 0.0, 0.0, 1.0], "right_foot_pose": [0.9970461536853594, -0.07679694117934621, -0.001094187701627608, 0.02557504730755416, 0.07680473566924484, 0.9969449853334544, 0.014203126319784183, -0.14868178815249827, 8.828560768043662e-08, -0.014245211264644328, 0.9998985318301141, 0.0013328061260433621, 0.0, 0.0, 0.0, 1.0]}, {"left_foot_pose": [0.998915203586583, -0.04648641109973046, -0.002725734147629718, 0.01968299980668838, 0.0465662543434269, 0.9972024497492696, 0.05847100281746008, -0.017353845003679598, 1.6949951699868261e-09, -0.05853450091290601, 0.9982853861511138, 3.2014619288922574e-09, 0.0, 0.0, 0.0, 1.0], "right_foot_pose": [0.9969919405771523, -0.07749283016855253, 0.0013898549102027743, 0.025808790582943237, 0.0775052928786386, 0.9968316256955447, -0.017878467187482545, -0.14876114024953252, 1.6918150360299314e-09, 0.0179324088076671, 0.999839201429087, 3.176276353045182e-09, 0.0, 0.0, 0.0, 1.0]}, {"left_foot_pose": [0.9989152035848954, -0.0465513016616413, -0.001179983285766901, 0.019682999314171872, 0.04656625437962394, 0.99859444644818, 0.025312358165648207, -0.017353844987643433, 1.5353316639614468e-09, -0.025339846812101146, 0.999678894527408, 3.0806219450396632e-09, 0.0, 0.0, 0.0, 1.0], "right_foot_pose": [0.9969919405752969, -0.07740361779161675, 0.003968674926485678, 0.02580879011145372, 0.0775052929025032, 0.995684038344965, -0.051051203288066886, -0.14876114012441694, 1.549429879772937e-09, 0.05120523154748575, 0.9986881516580479, 3.0141018916851614e-09, 0.0, 0.0, 0.0, 1.0]}, {"left_foot_pose": [0.998915203584479, -0.04656553939132241, 0.00025804839615806743, 0.019683000145303716, 0.04656625438855468, 0.9988998656860038, -0.005535547371753476, -0.017353844807031324, 1.2409290260629081e-09, 0.0055415587770665286, 0.9999846454452794, 2.4175987323182824e-09, 0.0, 0.0, 0.0, 1.0], "right_foot_pose": [0.9969919405742405, -0.07724396478017206, 0.0063592715816755485, 0.025808790950664448, 0.07750529291609688, 0.993630335976061, -0.08180271999200296, -0.14876114002862076, 1.2637210681382638e-09, 0.08204952975574888, 0.9966282529944959, 2.34170782070775e-09, 0.0, 0.0, 0.0, 1.0]}, {"left_foot_pose": [0.9988567449338941, -0.04777489701491911, 0.0016620214438974599, 0.01957069634374334, 0.04780379796631883, 0.9982530420837298, -0.03472262764502692, -0.01696045681460232, -2.4800255075911726e-07, 0.03476238176238282, 0.9993956057608747, 0.0028444583270275867, 0.0, 0.0, 0.0, 1.0], "right_foot_pose": [0.9969919405745835, -0.07704973901031124, 0.008390956308307058, 0.02580879107107468, 0.07750529291167799, 0.99113190645125, -0.10793735954240045, -0.14876114031108287, 8.594023655003284e-10, 0.10826302107715872, 0.9941222853689814, 1.5645299847322214e-09, 0.0, 0.0, 0.0, 1.0]}, {"left_foot_pose": [0.9986846004284449, -0.051164200598284096, 0.0033605720072874836, 0.01925570672174364, 0.05127444652402327, 0.9965384081779816, -0.06543800241259244, -0.015857076606052498, -8.559965212876298e-07, 0.06552423676193311, 0.9978509780503473, 0.009617037066235061, 0.0, 0.0, 0.0, 1.0], "right_foot_pose": [0.9969919405756706, -0.07685618954872465, 0.010009822935916688, 0.025808791088991097, 0.07750529289769767, 0.9886421770166899, -0.12876170003747972, -0.1487611403468997, 4.857799989257913e-10, 0.12915019145069156, 0.9916250440808005, 9.09978023488911e-10, 0.0, 0.0, 0.0, 1.0]}, {"left_foot_pose": [0.9984014106110519, -0.05625335958547839, 0.005493889806808814, 0.01877943080656967, 0.05652099863699943, 0.9936767130158664, -0.09701529118165234, -0.014188725446032956, -1.7143047701123225e-06, 0.09717072370488589, 0.9952677280268516, 0.01743949030262213, 0.0, 0.0, 0.0, 1.0], "right_foot_pose": [0.9969919405768776, -0.07669439531810138, 0.01118213537489505, 0.025808791018785967, 0.07750529288217486, 0.9865609321408718, -0.14384177678470955, -0.14876114022714204, 1.9320241169488198e-10, 0.14427576684989285, 0.9895375198040121, 4.150668697633364e-10, 0.0, 0.0, 0.0, 1.0]}, {"left_foot_pose": [0.9980081084321925, -0.06257777299486583, 0.007989857983765771, 0.018183286162175967, 0.06308577887774125, 0.9899768318703149, -0.12635686314325778, -0.012100485180062865, -2.643195740015833e-06, 0.12660922038705624, 0.9919526729164031, 0.023433113015961488, 0.0, 0.0, 0.0, 1.0], "right_foot_pose": [0.996991940577746, -0.0765881397517898, 0.011888114752996235, 0.025808790887932302, 0.07750529287100397, 0.985194110578153, -0.15292316390626381, -0.1487611400693347, 8.009531500371017e-12, 0.15338455375780963, 0.9881665743529873, 9.96464161184818e-11, 0.0, 0.0, 0.0, 1.0]}, {"left_foot_pose": [0.9975109918736887, -0.06973109121430218, 0.010459254716911233, 0.017508692558124046, 0.07051114152937911, 0.9864828310556147, -0.14791823063004916, -0.009737443104364106, -3.375571548575499e-06, 0.14828755494161708, 0.9889442861142601, 0.025000000833384703, 0.0, 0.0, 0.0, 1.0], "right_foot_pose": [0.9969919405779704, -0.07655316414524999, 0.012111295633506, 0.025808790756481865, 0.0775052928681118, 0.984744200840968, -0.15579405793390022, -0.14876114001213425, -4.9897396464739045e-11, 0.15626410966512302, 0.9877153071763979, 8.390503569710717e-12, 0.0, 0.0, 0.0, 1.0]}, {"left_foot_pose": [0.9969267103628688, -0.07729992656013797, 0.01272224504035145, 0.016797067681750988, 0.0783398631014712, 0.9837006683916857, -0.1618513541957394, -0.007244684709095187, -3.783156647162273e-06, 0.1623505970409382, 0.986733136985953, 0.02500000032913171, 0.0, 0.0, 0.0, 1.0], "right_foot_pose": [0.9969919405775027, -0.07659214720616121, 0.011862268326704013, 0.025808790670910412, 0.07750529287413217, 0.9852456605368881, -0.15259068769006193, -0.1487611399992432, 2.0837155985781352e-11, 0.15305107441498306, 0.9882182798453082, 1.2338174232295884e-10, 0.0, 0.0, 0.0, 1.0]}, {"left_foot_pose": [0.9962851577214572, -0.08487207320941392, 0.014581347436628714, 0.016089828271568938, 0.08611552989698813, 0.9819068800095571, -0.1686505099324018, -0.004767287898917803, -3.806942047742105e-06, 0.1692796803489242, 0.9855680543759898, 0.025000000028528153, 0.0, 0.0, 0.0, 1.0], "right_foot_pose": [0.9969919405764396, -0.07670077584476533, 0.01113828579430582, 0.025808790609402554, 0.07750529288780593, 0.9866430081379549, -0.14327771657471017, -0.1487611399755191, 2.2095220844401182e-10, 0.14371000479193705, 0.989619843436206, 4.630852645792771e-10, 0.0, 0.0, 0.0, 1.0]}, {"left_foot_pose": [0.9956302760201236, -0.09219473212499385, 0.014848731949048115, 0.015428393119187221, 0.09338283279955024, 0.9829684658967391, -0.15828026279654664, -0.002450337593960114, -3.228835266565726e-06, 0.1589752383895463, 0.9872825702748744, 0.022459721521780288, 0.0, 0.0, 0.0, 1.0], "right_foot_pose": [0.9969919405750337, -0.07692015203100415, 0.009505821371927632, 0.02580879067890238, 0.07750529290588992, 0.9894649602262867, -0.12227846112854643, -0.14876114024469467, 6.544321921445558e-10, 0.12264739172082054, 0.992450309740533, 1.1958066759021335e-09, 0.0, 0.0, 0.0, 1.0]}, {"left_foot_pose": [0.9950187660214586, -0.09870435495979281, 0.013968019799040029, 0.014854178622703886, 0.09968778891923473, 0.9852060715039322, -0.13939634648075905, -0.0004389152720721719, -2.3514497662237573e-06, 0.14009442167253067, 0.9901381484473321, 0.015838560037046354, 0.0, 0.0, 0.0, 1.0], "right_foot_pose": [0.9969919405739236, -0.07712523648735362, 0.007666050313649369, 0.02580879076509302, 0.07750529292017175, 0.9921030704132149, -0.09861251059591904, -0.14876114054114276, 1.1462080724455667e-09, 0.09891003777899197, 0.9950963794661092, 2.1405110253724935e-09, 0.0, 0.0, 0.0, 1.0]}, {"left_foot_pose": [0.994516737241685, -0.10391868677737356, 0.011720319305393568, 0.014408600824566242, 0.10457752791288742, 0.9882526870939166, -0.11144580345299526, 0.0011219023712321207, -1.3355054695923314e-06, 0.1120603988486585, 0.9937013973061006, 0.00799817591705513, 0.0, 0.0, 0.0, 1.0], "right_foot_pose": [0.9969919405739733, -0.07732328599214193, 0.005308471900601799, 0.025808790908847794, 0.0775052929195294, 0.9946506868120617, -0.06828572906363473, -0.14876114071817242, 1.7357130988495115e-09, 0.06849175620227285, 0.9976516823683146, 3.3030009422008177e-09, 0.0, 0.0, 0.0, 1.0]}, {"left_foot_pose": [0.9941942852273692, -0.10727570466895352, 0.008345442410134083, 0.01413307750266392, 0.1075998290939405, 0.9911997796143641, -0.0771056007783608, 0.0020870351093981217, -4.4302028795683773e-07, 0.07755591582991282, 0.9969880038995392, 0.001817276139617685, 0.0, 0.0, 0.0, 1.0], "right_foot_pose": [0.9969919405761156, -0.07746584223331446, 0.0024725924358537914, 0.02580879108222948, 0.07750529289197355, 0.9964844647432449, -0.03180630596436202, -0.14876114065650448, 2.329889659269117e-09, 0.031902269706910166, 0.999490993049736, 4.481073324902329e-09, 0.0, 0.0, 0.0, 1.0]}, {"left_foot_pose": [0.9941106450380274, -0.10829306537392358, 0.004078898625489298, 0.014062864453753104, 0.10836985476634159, 0.9934062309692061, -0.03741703956059897, 0.002332989265745211, 2.601181535442491e-09, 0.03763870698465115, 0.9992914128203667, 5.172835701450218e-09, 0.0, 0.0, 0.0, 1.0], "right_foot_pose": [0.9969919405813192, -0.07750206812981936, -0.0007070017648565585, 0.025808791623989594, 0.07750529282503657, 0.9969504599137611, 0.009094507234914366, -0.1487611404006324, 2.615305824111984e-09, -0.009121946795581294, 0.999958394177807, 5.1612570189929485e-09, 0.0, 0.0, 0.0, 1.0]}, {"left_foot_pose": [0.994110645042516, -0.10836875544100139, -0.0004881160948984329, 0.014062865214339823, 0.1083698547251667, 0.9941005610628892, 0.004477620048198807, 0.0023329891002915708, 2.3718414559755527e-09, -0.004504146824663577, 0.9999898562792441, 5.012256616698796e-09, 0.0, 0.0, 0.0, 1.0], "right_foot_pose": [0.996991940586382, -0.07740366655203448, -0.003967721021093619, 0.02580879241564053, 0.07750529275991264, 0.9956846699970936, 0.05103888250127682, -0.14876114051312722, 2.353210664123002e-09, -0.05119287388963801, 0.9986887851893198, 5.216756776560416e-09, 0.0, 0.0, 0.0, 1.0]}, {"left_foot_pose": [0.9941106450475757, -0.10826046497311548, -0.004867969484151055, 0.014062864214471102, 0.1083698546787521, 0.9931071799075841, 0.044655389516973405, 0.002332988797152517, 2.213618006364268e-09, -0.044919939223147354, 0.9989905900758977, 4.193361345661284e-09, 0.0, 0.0, 0.0, 1.0], "right_foot_pose": [0.9969919405864064, -0.07718345517668289, -0.007055824029860457, 0.025808791403042184, 0.07750529275960047, 0.9928519745638708, 0.09076280184564574, -0.14876114063397528, 2.172258563194783e-09, -0.09103664565224451, 0.9958475431251451, 4.5794908351548536e-09, 0.0, 0.0, 0.0, 1.0]}, {"left_foot_pose": [0.994110645049996, -0.10801772712869231, -0.008729033407706623, 0.014062863730077008, 0.108369854656549, 0.9908804700827966, 0.08007414445509345, 0.002332989012806504, 1.6405828640745236e-09, -0.08054852347776495, 0.9967506886707191, 2.9855925232080693e-09, 0.0, 0.0, 0.0, 1.0], "right_foot_pose": [0.9969164231337087, -0.07784873362908763, -0.009860018186589058, 0.025847993763369326, 0.07847066512811814, 0.9890164906550736, 0.1252546842504255, -0.14844380325476159, 8.020346885582883e-07, -0.12564217398895336, 0.992075624191365, 0.002250300231896901, 0.0, 0.0, 0.0, 1.0]}, {"left_foot_pose": [0.9941106450495364, -0.10771353869745195, -0.011908777454808383, 0.014062863554666509, 0.10836985466076669, 0.9880900540841487, 0.10924293853970346, 0.0023329890545480403, 1.0715778386726382e-09, -0.10989012058077657, 0.9939437415662639, 1.8974848775554776e-09, 0.0, 0.0, 0.0, 1.0], "right_foot_pose": [0.996657305221323, -0.08071826730887002, -0.012600685363267592, 0.025978989066405465, 0.08169587471393887, 0.984734510596007, 0.1537001226283396, -0.14738343760236183, 1.9221506508631417e-06, -0.1542157740436953, 0.9880371931422466, 0.00871010620264348, 0.0, 0.0, 0.0, 1.0]}, {"left_foot_pose": [0.9941106450478095, -0.10741171254860989, -0.014378783328362782, 0.014062863472863132, 0.10836985467660865, 0.985321307719289, 0.13190108093462236, 0.002332988903072466, 6.023140939976272e-10, -0.13268249531014198, 0.9911585924756315, 1.0481093909442407e-09, 0.0, 0.0, 0.0, 1.0], "right_foot_pose": [0.9962304184441165, -0.08539385240479927, -0.01525920502933863, 0.02618419434465346, 0.0867464890212183, 0.9807023467612108, 0.1752083151552617, -0.14572235584075865, 3.025177520707978e-06, -0.1758715355835652, 0.9844131261631608, 0.016558458964956932, 0.0, 0.0, 0.0, 1.0]}, {"left_foot_pose": [0.9941106450458327, -0.10716131572300193, -0.01613932523604339, 0.014062863470288898, 0.10836985469474317, 0.983024338593725, 0.1480510868781822, 0.0023329886742862733, 2.514240034461321e-10, -0.14892817780690762, 0.9888480155489593, 4.5528887604451285e-10, 0.0, 0.0, 0.0, 1.0], "right_foot_pose": [0.9956506770090165, -0.09151249317433698, -0.01746977288071774, 0.026445110393297062, 0.09316506510806756, 0.9779974849005333, 0.1866579496609793, -0.14361029548971146, 3.859594839330756e-06, -0.1874736864769243, 0.9822696253391199, 0.02291665211760531, 0.0, 0.0, 0.0, 1.0]}, {"left_foot_pose": [0.9941106450439382, -0.10701557643246556, -0.01707898741591785, 0.014062863575582908, 0.10836985471212016, 0.9816874259580797, 0.15667090446370305, 0.0023329885435256483, 4.2923866248543696e-11, -0.15759906128092227, 0.9875031827206296, 1.1342272260295161e-10, 0.0, 0.0, 0.0, 1.0], "right_foot_pose": [0.9949376337597816, -0.09878418246894419, -0.018460504392590858, 0.026743240728374786, 0.10049430287948817, 0.9780142831443381, 0.18272645417243732, -0.14119699024151136, 4.1535791292812974e-06, -0.1836566014593773, 0.9829904642076336, 0.025000000297814545, 0.0, 0.0, 0.0, 1.0]}, {"left_foot_pose": [0.9941106450435345, -0.1069646593062308, -0.017395030055477993, 0.014062863629029638, 0.10836985471582526, 0.981220347068362, 0.15957006325722528, 0.0023329885575332993, -2.348243226375341e-11, -0.1605153953941674, 0.9870333367427135, 7.351966258006826e-13, 0.0, 0.0, 0.0, 1.0], "right_foot_pose": [0.9941206948903418, -0.10671252298458742, -0.018343430132006143, 0.02706008862033066, 0.10827762453608085, 0.9797573250901632, 0.16837915535181872, -0.13863218188498647, 3.945553506198561e-06, -0.1693753859639362, 0.9855516113395584, 0.025000000883326136, 0.0, 0.0, 0.0, 1.0]}, {"left_foot_pose": [0.9941106450441042, -0.10701915257870516, -0.017056564464518423, 0.01406286370264664, 0.1083698547105998, 0.9817202310670445, 0.1564652118001715, 0.0023329885598324927, 3.241466369835424e-11, -0.1573921500425128, 0.9875361821751122, 1.0549192075437475e-10, 0.0, 0.0, 0.0, 1.0], "right_foot_pose": [0.9932422478123929, -0.11478086120373497, -0.017181125164368715, 0.027377154218532995, 0.11605962756002708, 0.9823027920597835, 0.14700812073549205, -0.1360656118937791, 3.3485177252679182e-06, -0.14800871127363482, 0.9889860572201742, 0.025000001616064894, 0.0, 0.0, 0.0, 1.0]}, {"left_foot_pose": [0.9941106450456364, -0.10717395491946266, -0.01605517965863329, 0.01406286377835663, 0.10836985469654405, 0.9831402818405058, 0.14727919342399182, 0.002332988711604056, 2.179908105521787e-10, -0.1481517114632587, 0.9889646456726896, 4.6385782020985644e-10, 0.0, 0.0, 0.0, 1.0], "right_foot_pose": [0.9923586995753944, -0.12251395463773711, -0.014647262408202872, 0.02767593965368411, 0.12338643106537374, 0.9853439956977842, 0.11778369484472206, -0.13364701412071361, 2.4458200610579855e-06, -0.11869094768071976, 0.9929312458235316, 0.023024933200139368, 0.0, 0.0, 0.0, 1.0]}, {"left_foot_pose": [0.9941106450476855, -0.10741181