{"LoopMode": "Wrap", "FrameDuration": 0.0167, "EnableCycleOffsetPosition": true, "EnableCycleOffsetRotation": false, "Debug_info": [{"left_foot_pose": [1.0000000000000004, 1.0917270461436174e-13, -8.851697153033914e-12, 1.632565611280535e-12, -2.3758738316869618e-14, 0.9999538072234562, 0.009611629378822059, 1.1012024625500771e-14, 8.852211736227292e-12, -0.00961162937882223, 0.9999538072234563, 1.8662460465890263e-11, 0.0, 0.0, 0.0, 1.0], "right_foot_pose": [0.9999999999999998, -1.9508790773837887e-13, -8.915923555008474e-12, 1.859454328353131e-12, 6.287035307701617e-14, 0.9998899666250941, -0.014834238857056212, -0.14000000000229063, 8.917627725779933e-12, 0.014834238857056061, 0.999889966625094, 1.5552448218159043e-11, 0.0, 0.0, 0.0, 1.0]}, {"left_foot_pose": [1.0000000000000002, 1.6664774511696538e-13, -1.976674379733368e-11, 3.267082125099576e-12, -3.6385121103489354e-14, 0.9999783965465857, 0.0065731605883465535, 9.560581493150977e-13, 1.9767233229777923e-11, -0.006573160588346727, 0.9999783965465858, 4.0635751707984724e-11, 0.0, 0.0, 0.0, 1.0], "right_foot_pose": [0.9999999999999998, -5.268765289410052e-13, -1.9885759705573488e-11, 3.970277084765874e-12, 1.7142383219673099e-13, 0.9998402480042055, -0.017873960693954468, -0.1400000000041658, 1.989171342871811e-11, 0.017873960693954315, 0.9998402480042052, 3.578948942761784e-11, 0.0, 0.0, 0.0, 1.0]}, {"left_foot_pose": [1.0000000000000007, 8.40487642403871e-14, -3.473038523438277e-11, 5.372275968458904e-12, -2.3913848744122818e-15, 0.999997258289771, 0.0023416688368956854, 2.6598358932039545e-12, 3.473025081410838e-11, -0.0023416688368958585, 0.9999972582897714, 7.065025647845502e-11, 0.0, 0.0, 0.0, 1.0], "right_foot_pose": [1.0, -1.1479269687491944e-12, -3.494537992310142e-11, 6.7890342415438035e-12, 3.7511733968676337e-13, 0.9997555759240314, -0.022108559627623665, -0.1400000000063099, 3.49622010936137e-11, 0.022108559627623522, 0.9997555759240313, 6.383697043199632e-11, 0.0, 0.0, 0.0, 1.0]}, {"left_foot_pose": [1.0000000000000004, -2.926831468591092e-13, -5.35266830858916e-11, 7.881413539178438e-12, 1.2922468986189606e-13, 0.9999953183117993, -0.0030599598827250793, 5.274300093893736e-12, 5.3526991216789004e-11, 0.0030599598827249063, 0.9999953183117996, 1.0844862508019304e-10, 0.0, 0.0, 0.0, 1.0], "right_foot_pose": [0.9999999999999999, -2.2067645448634067e-12, -5.390887736211879e-11, 1.0247309313209371e-11, 7.226139771030117e-13, 0.9996213505546027, -0.02751645899079273, -0.14000000000850066, 5.394890130395943e-11, 0.027516458990792587, 0.9996213505546027, 9.930496008836442e-11, 0.0, 0.0, 0.0, 1.0]}, {"left_foot_pose": [1.0000000000000007, -1.1565849529648124e-12, -7.635481136247789e-11, 1.0777574171538351e-11, 4.2236837853048003e-13, 0.9999537310719965, -0.00961954859618017, 9.045495255599612e-12, 7.636201290843456e-11, 0.009619548596179996, 0.9999537310719964, 1.5464616393012776e-10, 0.0, 0.0, 0.0, 1.0], "right_foot_pose": [0.9999999999999998, -3.908028064715152e-12, -7.701417281680276e-11, 1.4348541542108097e-11, 1.2806326589595952e-12, 0.9994188647162017, -0.03408713612755628, -0.14000000001052165, 7.710244679917681e-11, 0.034087136127556136, 0.9994188647162018, 1.4260079922445712e-10, 0.0, 0.0, 0.0, 1.0]}, {"left_foot_pose": [1.0000000000000007, -2.7637008415253057e-12, -1.038749086745838e-10, 1.4093580579900063e-11, 9.615279690580439e-13, 0.9998495007300926, -0.017348656714148442, 1.4350871185841996e-11, 1.0390733400135238e-10, 0.01734865671414827, 0.9998495007300928, 2.108535082645524e-10, 0.0, 0.0, 0.0, 1.0], "right_foot_pose": [0.9999999999999999, -6.539656192611835e-12, -1.0497547275889471e-10, 1.9172504561427048e-11, 2.1424317729874486e-12, 0.9991245668910319, -0.04183419456386889, -0.1400000000121299, 1.0515702820027253e-10, 0.041834194563868735, 0.9991245668910322, 1.9504034498574185e-10, 0.0, 0.0, 0.0, 1.0]}, {"left_foot_pose": [1.0000000000000002, -5.473116229148453e-12, -1.372216784645274e-10, 1.7906566750149413e-11, 1.8644604981311754e-12, 0.9996544452974945, -0.02628668858870482, 2.1744358050246326e-11, 1.3731769785718365e-10, 0.026286688588704643, 0.9996544452974945, 2.797635387241648e-10, 0.0, 0.0, 0.0, 1.0], "right_foot_pose": [0.9999999999999998, -1.0515755707108939e-11, -1.3900258721832862e-10, 2.487167980574806e-11, 3.4409809199609036e-12, 0.9987088687580369, -0.05079956165206578, -0.14000000001300286, 1.3935726144931095e-10, 0.05079956165206565, 0.998708868758037, 2.588970496320009e-10, 0.0, 0.0, 0.0, 1.0]}, {"left_foot_pose": [1.0000000000000004, -9.802532972597207e-12, -1.779903446852414e-10, 2.232906141823223e-11, 3.2994588830139083e-12, 0.9993336056817672, -0.03650129525206974, 3.2009721262493684e-11, 1.78229462867893e-10, 0.03650129525206954, 0.9993336056817677, 3.652328509073932e-10, 0.0, 0.0, 0.0, 1.0], "right_foot_pose": [1.0, -1.6435871343901168e-11, -1.808007632497776e-10, 3.1663150985266686e-11, 5.36666894645796e-12, 0.9981344633452859, -0.061054017741817436, -0.14000000001266405, 1.8146684755416564e-10, 0.06105401774181729, 0.9981344633452861, 3.374253862431509e-10, 0.0, 0.0, 0.0, 1.0]}, {"left_foot_pose": [1.0000000000000004, -1.6500173229723512e-11, -2.2822477241390945e-10, 2.7500762927073256e-11, 5.506906188680724e-12, 0.998843175830767, -0.04808648558907699, 4.6220111071804126e-11, 2.2875383007644507e-10, 0.04808648558907681, 0.998843175830767, 4.724124355592885e-10, 0.0, 0.0, 0.0, 1.0], "right_foot_pose": [1.0, -2.5162632424271077e-11, -2.325712400441658e-10, 3.981959958259139e-11, 8.189255103081276e-12, 0.9973541846492302, -0.07269546315052655, -0.14000000001038923, 2.337850593826886e-10, 0.07269546315052643, 0.9973541846492299, 4.349041821116728e-10, 0.0, 0.0, 0.0, 1.0]}, {"left_foot_pose": [1.0000000000000007, -2.662460019203496e-11, -2.9029734172070174e-10, 3.3569627348480004e-11, 8.821184201536302e-12, 0.9981281149262781, -0.06115771573330436, 6.57704550544036e-11, 2.913819190591323e-10, 0.06115771573330418, 0.998128114926278, 6.077532713200107e-10, 0.0, 0.0, 0.0, 1.0], "right_foot_pose": [1.0, -3.7907236957011413e-11, -2.969071100089591e-10, 4.964437011159392e-11, 1.2279618967944255e-11, 0.9963085760416307, -0.085844168735556, -0.14000000000509466, 2.9906525124444925e-10, 0.08584416873555584, 0.9963085760416308, 5.565303634602614e-10, 0.0, 0.0, 0.0, 1.0]}, {"left_foot_pose": [1.0000000000000004, -4.1584658615701724e-11, -3.664166192685052e-10, 4.063300657871518e-11, 1.3675879238255545e-11, 0.9971199302194621, -0.07584091744656106, 9.227174233017443e-11, 3.685146993873202e-10, 0.07584091744656088, 0.9971199302194621, 7.783429317731461e-10, 0.0, 0.0, 0.0, 1.0], "right_foot_pose": [0.9999999999999998, -5.626407537798081e-11, -3.763104827747551e-10, 6.138661589114239e-11, 1.8109691016329678e-11, 0.9949237248189869, -0.10063191239518927, -0.13999999999524387, 3.800620543201464e-10, 0.10063191239518915, 0.9949237248189869, 7.076574742859165e-10, 0.0, 0.0, 0.0, 1.0]}, {"left_foot_pose": [1.0000000000000007, -6.29908319513629e-11, -4.572533462976469e-10, 4.8582090476729396e-11, 2.0541887229392304e-11, 0.9957360614046961, -0.09224801362774246, 1.270477646697632e-10, 4.611139583855758e-10, 0.09224801362774226, 0.9957360614046963, 9.89441271970204e-10, 0.0, 0.0, 0.0, 1.0], "right_foot_pose": [0.9999999999999999, -8.202070803816248e-11, -4.717830015543707e-10, 7.50154840464259e-11, 2.6173449816561238e-11, 0.9931109991601592, -0.11717740117919694, -0.13999999997891988, 4.78143542121335e-10, 0.1171774011791968, 0.993110999160159, 8.913856874848136e-10, 0.0, 0.0, 0.0, 1.0]}, {"left_foot_pose": [1.0000000000000004, -9.187364922830934e-11, -5.583639661743672e-10, 5.667540742802632e-11, 2.965716501714688e-11, 0.9938849198423138, -0.11042085903505067, 1.6956262782752418e-10, 5.650940757414917e-10, 0.11042085903505049, 0.9938849198423138, 1.2369425414493485e-09, 0.0, 0.0, 0.0, 1.0], "right_foot_pose": [1.0, -1.1622243378623894e-10, -5.790803947469662e-10, 8.96271017705517e-11, 3.6667660085633305e-11, 0.990773306171715, -0.1355295383950279, -0.13999999995450044, 5.894887715697572e-10, 0.13552953839502774, 0.990773306171715, 1.1017322262829587e-09, 0.0, 0.0, 0.0, 1.0]}, {"left_foot_pose": [1.0000000000000004, -1.2604971403362838e-10, -6.512513861522938e-10, 6.240041445840214e-11, 4.0181588437904165e-11, 0.9914872432576791, -0.1302038649859861, 2.1323166149445072e-10, 6.62119439092984e-10, 0.1302038649859859, 0.9914872432576792, 1.4861949726441281e-09, 0.0, 0.0, 0.0, 1.0], "right_foot_pose": [0.9999999999999997, -1.5605935831678697e-10, -6.792167384084272e-10, 1.0192628484867083e-10, 4.851622973698681e-11, 0.9878299281375729, -0.155537883088711, -0.13999999992311454, 6.95223561139856e-10, 0.1555378830887109, 0.9878299281375728, 1.3054012176771934e-09, 0.0, 0.0, 0.0, 1.0]}, {"left_foot_pose": [1.0000000000000007, -1.5317794025693608e-10, -6.844850797271789e-10, 5.8950758769661e-11, 4.809683105917314e-11, 0.988540698365794, -0.15095458811996884, 2.36448357421315e-10, 6.997640895526272e-10, 0.15095458811996867, 0.9885406983657937, 1.621541109719793e-09, 0.0, 0.0, 0.0, 1.0], "right_foot_pose": [1.0, -1.8670642460120482e-10, -7.181072403383827e-10, 1.0295804675515274e-10, 5.698625648785739e-11, 0.9842903353679896, -0.17655745722333827, -0.1399999998952153, 7.397903457627634e-10, 0.17655745722333802, 0.9842903353679895, 1.4004522333466163e-09, 0.0, 0.0, 0.0, 1.0]}, {"left_foot_pose": [0.9999999980807242, 6.0996444699755274e-05, -1.0862155307379614e-05, 1.704801801267546e-05, -6.195544493046235e-05, 0.9852794368935396, -0.17095153522643028, -1.9634179599894996e-05, 2.7482239982453013e-07, 0.17095153557129653, 0.9852794387815781, 0.0001638612609850265, 0.0, 0.0, 0.0, 1.0], "right_foot_pose": [1.0, -1.7220116885796743e-10, -5.962661475678023e-10, 5.228617532081312e-11, 5.1490961817465196e-11, 0.9804444466543841, -0.19679605439281206, -0.1399999999675931, 6.184941879633805e-10, 0.19679605439281184, 0.9804444466543845, 1.1370266256305328e-09, 0.0, 0.0, 0.0, 1.0]}, {"left_foot_pose": [0.9999984698088513, 0.0017174665034969784, -0.00033269921306864323, 0.00048145952394901026, -0.001749393494538417, 0.9819143663622695, -0.18931750250250218, -0.0005544846840854871, 1.5356679155019265e-06, 0.18931779483237426, 0.9819158683703254, 0.0041912092337190385, 0.0, 0.0, 0.0, 1.0], "right_foot_pose": [0.9999999999999997, -1.2828448993156232e-10, -4.036774803317648e-10, -3.723632870640285e-11, 3.886727699834076e-11, 0.9768040034399504, -0.2141353283876465, -0.14000000017735256, 4.217838815011462e-10, 0.21413532838764635, 0.9768040034399506, 6.817337874776008e-10, 0.0, 0.0, 0.0, 1.0]}, {"left_foot_pose": [0.9999852811182548, 0.005310109970626446, -0.0011136781161306584, 0.001493251862716743, -0.005425637231075507, 0.9787959904836091, -0.2047656501316768, -0.0017197332574453994, 2.7355543515882523e-06, 0.204768678623737, 0.9788103944315297, 0.011469802601806606, 0.0, 0.0, 0.0, 1.0], "right_foot_pose": [0.9999999999999998, -7.275729463010463e-11, -2.0255686017378555e-10, -7.383209338729638e-11, 2.474884033804722e-11, 0.9737578411452693, -0.2275866138596574, -0.14000000020499645, 2.1379983163202248e-10, 0.22758661385965728, 0.9737578411452694, 3.392785635769613e-10, 0.0, 0.0, 0.0, 1.0]}, {"left_foot_pose": [0.9999431416798196, 0.010415187330597821, -0.0022885105115050025, 0.002934930882742138, -0.010663648235012323, 0.9767193408831841, -0.21425595849599904, -0.003380065625692631, 3.7165339686655747e-06, 0.21426818013318688, 0.9767748701561692, 0.019120926830473506, 0.0, 0.0, 0.0, 1.0], "right_foot_pose": [0.9999999999999998, -2.3653918569359305e-11, -3.997702169300497e-11, -7.754686606998143e-11, 1.3520260253032429e-11, 0.9715882451122454, -0.23667759074256972, -0.14000000011474198, 4.44392311004241e-11, 0.23667759074256958, 0.9715882451122455, 1.0950541168286421e-10, 0.0, 0.0, 0.0, 1.0]}, {"left_foot_pose": [0.9998548732875538, 0.016642972098903086, -0.0036392090962352533, 0.00468900510081923, -0.017036206878454748, 0.9768295419602536, -0.21333966721853856, -0.005400172456015068, 4.280825465408463e-06, 0.2133707042530378, 0.9769713110159574, 0.024265877971221782, 0.0, 0.0, 0.0, 1.0], "right_foot_pose": [0.9999999999999999, 5.749917072735958e-12, 5.762712529389088e-11, -4.2780830866561396e-11, 8.314628283491357e-12, 0.9704963096855825, -0.2411159739350878, -0.1400000000121986, -5.731360807615518e-11, 0.24111597393508766, 0.9704963096855825, -1.063447940818918e-12, 0.0, 0.0, 0.0, 1.0]}, {"left_foot_pose": [0.9997091680726377, 0.02363255029281789, -0.004804356166333341, 0.006637982465057584, -0.02411595432867763, 0.9797053483865928, -0.19898706261845892, -0.007644744502965754, 4.281666760021403e-06, 0.19904505246140314, 0.9799903402954061, 0.025000001321856, 0.0, 0.0, 0.0, 1.0], "right_foot_pose": [1.0, 6.527745601670126e-12, 7.266781620884896e-11, 4.2226534269417076e-11, 1.1157771584710498e-11, 0.9705916441063847, -0.24073192640542165, -0.13999999999819224, -7.210250427858755e-11, 0.24073192640542157, 0.9705916441063847, 1.9815989127369704e-11, 0.0, 0.0, 0.0, 1.0]}, {"left_foot_pose": [0.9995045215943688, 0.03097331992062912, -0.005600425475534315, 0.008664366677031132, -0.03147556667526919, 0.983577503003582, -0.17772052297838356, -0.009978463717940964, 3.857890312653244e-06, 0.17780874286247508, 0.9840650643868948, 0.02500000197567443, 0.0, 0.0, 0.0, 1.0], "right_foot_pose": [0.9999999999999998, -1.8994051537170553e-11, 1.1185108395039938e-11, 1.5074067150198641e-10, 2.1096745209694685e-11, 0.9717735991082929, -0.2359153917744982, -0.139999999990474, -6.388618514846446e-12, 0.23591539177449808, 0.9717735991082929, 1.4850826124401806e-10, 0.0, 0.0, 0.0, 1.0]}, {"left_foot_pose": [0.9992513421454648, 0.038241403447035326, -0.005860911438410423, 0.01065066557542848, -0.0386879207342121, 0.9877306871596612, -0.15129882495369162, -0.012266018277557411, 3.1226763262534167e-06, 0.15141230037716727, 0.9884706952078776, 0.024910271258962287, 0.0, 0.0, 0.0, 1.0], "right_foot_pose": [1.0, -6.950967884912702e-11, -1.3088369277269824e-10, 2.6095694791995044e-10, 3.803017224367719e-11, 0.9739669213998188, -0.2266901762736086, -0.14000000000287477, 1.432333255083587e-10, 0.22669017627360846, 0.9739669213998188, 4.062045561026295e-10, 0.0, 0.0, 0.0, 1.0]}, {"left_foot_pose": [0.9989722344790872, 0.045012493716179415, -0.005324485826034226, 0.012479386934733161, -0.04532631393843217, 0.9920613388823959, -0.11730228113563435, -0.014372099909474877, 2.1483449243540155e-06, 0.11742306121167004, 0.9930819828649929, 0.021163834276011893, 0.0, 0.0, 0.0, 1.0], "right_foot_pose": [1.0, -1.4484880594542758e-10, -3.7242248174251735e-10, 3.455171290451321e-10, 6.235593744030664e-11, 0.9771368258790256, -0.21261143786509426, -0.14000000019545378, 3.9470408328164637e-10, 0.21261143786509412, 0.9771368258790258, 8.160528017220336e-10, 0.0, 0.0, 0.0, 1.0]}, {"left_foot_pose": [0.9987004594236942, 0.05080186212727469, -0.004069785166869238, 0.014033032175424516, -0.05096461856545166, 0.9955129321558103, -0.0797283485657397, -0.016161384579136462, 1.1751932419629015e-06, 0.07983215339036928, 0.9968083202319676, 0.013996812964560762, 0.0, 0.0, 0.0, 1.0], "right_foot_pose": [0.9999999999999997, -2.2140726774472463e-10, -6.745217162595894e-10, 3.967862261594442e-10, 8.657653628629837e-11, 0.9810655659301524, -0.19367590285358333, -0.1400000003386824, 7.04630976408352e-10, 0.1936759028535832, 0.9810655659301519, 1.3394151135437404e-09, 0.0, 0.0, 0.0, 1.0]}, {"left_foot_pose": [0.9984765762353035, 0.055125089541285956, -0.002398168570447158, 0.01519410911939933, -0.05517722998884397, 0.9975333916631216, -0.04338900561004178, -0.017498557466509093, 4.3040849688879797e-07, 0.04345523006653228, 0.9990553753319584, 0.006287911006726973, 0.0, 0.0, 0.0, 1.0], "right_foot_pose": [1.0, -2.7687535135538403e-10, -9.962400904228713e-10, 3.8895737940127745e-10, 1.031852180436355e-10, 0.9853945751894436, -0.17028661482106122, -0.14000000033085935, 1.028837568636978e-09, 0.170286614821061, 0.9853945751894437, 1.9027050560116443e-09, 0.0, 0.0, 0.0, 1.0]}, {"left_foot_pose": [0.9983432692379874, 0.057535842629133936, -0.0005861571152686485, 0.01584512607454186, -0.05753882834405493, 0.9982914718198576, -0.010169588218635468, -0.018248307128080482, 3.9821968380236115e-08, 0.010186466742634567, 0.9999481166017066, 0.0009158365342144537, 0.0, 0.0, 0.0, 1.0], "right_foot_pose": [1.0, -2.840607731407017e-10, -1.2486375822184909e-09, 3.204582919106382e-10, 1.0223788748593834e-10, 0.9896836177582159, -0.14327015300127935, -0.14000000010065933, 1.27645327943821e-09, 0.14327015300127915, 0.9896836177582159, 2.367698641314586e-09, 0.0, 0.0, 0.0, 1.0]}, {"left_foot_pose": [0.9983226964384537, 0.057882902223116456, 0.001167649812561793, 0.015943230239840563, -0.05789467830341226, 0.9981196319252746, 0.02013471106074284, -0.01836128638656663, 1.3104875168181067e-09, -0.020168539748439424, 0.999796594315272, 2.4800851580741856e-09, 0.0, 0.0, 0.0, 1.0], "right_foot_pose": [0.9999999999999999, -2.2844311675344522e-10, -1.3065094561781608e-09, 2.52872387076989e-10, 7.755544669053257e-11, 0.9934413957418099, -0.11434243843195163, -0.13999999990341516, 1.3240611272506189e-09, 0.11434243843195147, 0.9934413957418099, 2.4862127287472724e-09, 0.0, 0.0, 0.0, 1.0]}, {"left_foot_pose": [0.9983226964376486, 0.05782517876832248, 0.0028359262816982705, 0.01594323019725279, -0.057894678317299976, 0.997124261004929, 0.04890208930006192, -0.018361286471188353, 1.1580173588285269e-09, -0.04898425069128313, 0.9987995510532703, 2.1673175198966277e-09, 0.0, 0.0, 0.0, 1.0], "right_foot_pose": [1.0, -1.5274941842128177e-10, -1.1499985963503426e-09, 1.9681439780608902e-10, 5.343448574088445e-11, 0.9963063186718077, -0.08587036377371698, -0.1399999999751338, 1.1588673699002764e-09, 0.08587036377371683, 0.9963063186718076, 2.177616136023186e-09, 0.0, 0.0, 0.0, 1.0]}, {"left_foot_pose": [0.9983226964376506, 0.057733481126016374, 0.004317283235064925, 0.01594323012208706, -0.057894678317267, 0.9955430475800984, 0.07444626677994731, -0.018361286488659763, 8.289391160797194e-10, -0.07457134551557239, 0.9972156809978462, 1.5337235231838164e-09, 0.0, 0.0, 0.0, 1.0], "right_foot_pose": [0.9999999999818943, -6.005480980400136e-06, 3.8152398679217464e-07, -5.25895551595555e-06, 6.017559016346436e-06, 0.9981792736386744, -0.060316976399333644, -0.1400137749918935, -1.859688153615656e-08, 0.06031697640053728, 0.9981792736567398, 3.7401042850049304e-05, 0.0, 0.0, 0.0, 1.0]}, {"left_foot_pose": [0.9983226964382177, 0.05762988025147324, 0.005530884063852114, 0.01594322997542627, -0.05789467830748248, 0.9937565779598302, 0.09537331904281063, -0.0183612862425351, 5.352363443544617e-10, -0.09553355778871399, 0.9954262098901309, 9.60020243856441e-10, 0.0, 0.0, 0.0, 1.0], "right_foot_pose": [0.9999998084364785, -0.0006186588754527661, 1.9702832005811345e-05, -0.0005409977284630879, 0.0006189725325902511, 0.9994981005581146, -0.031672762016041585, -0.14141705419911282, -9.83078343861665e-08, 0.031672768144207455, 0.9994982920235901, 0.0034929920264557754, 0.0, 0.0, 0.0, 1.0]}, {"left_foot_pose": [0.9983226964388978, 0.057534707123440845, 0.00644602599970752, 0.01594322987582653, -0.0578946782957552, 0.9921154347297729, 0.11115381413152334, -0.018361286243941573, 2.547311783006663e-10, -0.11134056604478972, 0.9937823093378281, 4.957562277363436e-10, 0.0, 0.0, 0.0, 1.0], "right_foot_pose": [0.9999977764500889, -0.002108779987868814, -1.1909683417508883e-05, -0.0018431678336789435, 0.0021088136182650726, 0.9999819220242806, 0.005631032742668649, -0.1448278667413785, 3.485895555405783e-08, -0.005631045337089027, 0.9999841455385232, 0.010538500420419358, 0.0, 0.0, 0.0, 1.0]}, {"left_foot_pose": [0.9983226964393852, 0.057466790889269107, 0.007025789555961632, 0.01594322983887016, -0.05789467828734874, 0.9909443031404352, 0.12115112174273159, -0.018361286404729074, 4.364587336876586e-11, -0.1213546703609172, 0.9926092101031475, 1.788219086695797e-10, 0.0, 0.0, 0.0, 1.0], "right_foot_pose": [0.9999907895144864, -0.004286317716480298, -0.0002199241393232865, -0.003751315769675597, 0.004291955970367162, 0.9986816150580137, 0.05115281868153623, -0.1498259202412656, 3.7696168695908094e-07, -0.05115329144396373, 0.9986908134023798, 0.018295211783314717, 0.0, 0.0, 0.0, 1.0]}, {"left_foot_pose": [0.9983226964393987, 0.0574401366260051, 0.0072404750089237946, 0.015943229910799613, -0.05789467828711848, 0.9904846832904681, 0.12485310726214485, -0.018361286589958507, -5.676784105666084e-11, -0.12506287567206967, 0.9921488180351946, 5.718808065990899e-11, 0.0, 0.0, 0.0, 1.0], "right_foot_pose": [0.9999756059755626, -0.006948980604234104, -0.0007064859290119698, -0.0061049838830778795, 0.006984801576187129, 0.994859816756798, 0.1010205798318904, -0.15599092147780977, 8.644119975700123e-07, -0.101023050197428, 0.9948840853727939, 0.023884422167792102, 0.0, 0.0, 0.0, 1.0]}, {"left_foot_pose": [0.9983226964387667, 0.05746188113986346, 0.007065832654330494, 0.015943230084001694, -0.05789467829801602, 0.990859640472935, 0.12184161483916674, -0.018361286651784114, -1.3735011369267093e-11, -0.1220463235731208, 0.9925244051922782, 2.1680290201997465e-10, 0.0, 0.0, 0.0, 1.0], "right_foot_pose": [0.9999499614466533, -0.009894975922034558, -0.0014710725132148744, -0.00874370175121283, 0.010003729354491236, 0.9890991319060044, 0.14691096848700694, -0.16290256620345445, 1.3560499299147356e-06, -0.14691833348595623, 0.9891486254774206, 0.025000006629511247, 0.0, 0.0, 0.0, 1.0]}, {"left_foot_pose": [0.9983226964375257, 0.05752904246343768, 0.006496387530682678, 0.015943230240959595, -0.05789467831941715, 0.9920177543399025, 0.11202223572447044, -0.018361286701262393, 1.8633254950770594e-10, -0.11221044669574072, 0.9936844648339548, 6.503056149131936e-10, 0.0, 0.0, 0.0, 1.0], "right_foot_pose": [0.9999133362281314, -0.012935993454014551, -0.002445425624539294, -0.011507007245443474, 0.013165106535759578, 0.9825363297652254, 0.18560452758858612, -0.17014055183346946, 1.740563927276189e-06, -0.1856206366890219, 0.9826214831928581, 0.02500000499160262, 0.0, 0.0, 0.0, 1.0]}, {"left_foot_pose": [0.9983226964358275, 0.05763167546964486, 0.005512146919416281, 0.015943230444702156, -0.05789467834870194, 0.9937875335328136, 0.09505022048195332, -0.018361286714653993, 5.686167016247275e-10, -0.09520991638127406, 0.9954572174748003, 1.4166276277038925e-09, 0.0, 0.0, 0.0, 1.0], "right_foot_pose": [0.9998673855347504, -0.0159039102090511, -0.0035038527316126615, -0.014234445209994288, 0.01628531056410546, 0.9764761030703775, 0.21500978766632908, -0.1772845890387751, 1.9321039850703898e-06, -0.2150383355882197, 0.976605608331078, 0.024992552949978063, 0.0, 0.0, 0.0, 1.0]}, {"left_foot_pose": [0.9983226964341386, 0.05775054762002483, 0.004082650371874405, 0.015943230894515464, -0.057894678377824006, 0.9958373369403365, 0.07040031655545168, -0.01836128623876222, 1.1597144526172242e-09, -0.07051859758366434, 0.9975104648046728, 2.7074540109861545e-09, 0.0, 0.0, 0.0, 1.0], "right_foot_pose": [0.9998160325910813, -0.01867822923533328, -0.004361734341060097, -0.016765551825644657, 0.019180744784410484, 0.9736435675363179, 0.22726702889919334, -0.18391437998075932, 1.828921063072721e-06, -0.22730888048596753, 0.9738227111999755, 0.021837794329574854, 0.0, 0.0, 0.0, 1.0]}, {"left_foot_pose": [0.9983226964335058, 0.057853208223561374, 0.0021909093946944807, 0.015943231302685542, -0.0578946783887299, 0.9976075930426094, 0.03777957805479557, -0.018361285725573443, 1.9479865047828176e-09, -0.037843052228568465, 0.9992836951526962, 4.512749597618271e-09, 0.0, 0.0, 0.0, 1.0], "right_foot_pose": [0.9997652240444592, -0.0211398878730519, -0.00475414892981809, -0.018939869839265964, 0.021667874590208993, 0.9754182680411151, 0.21929365148680025, -0.18960962503649564, 1.4405114294197259e-06, -0.2193451789130231, 0.9756473197244683, 0.014923779435907523, 0.0, 0.0, 0.0, 1.0]}, {"left_foot_pose": [0.9983226964343176, 0.05789445067816877, -0.00016237237146719515, 0.01594323182719184, -0.05789467837473396, 0.9983187702250463, -0.002799862896376737, -0.018361285394892575, 2.8618414030136044e-09, 0.002804567172580078, 0.9999960671937544, 6.753907787204749e-09, 0.0, 0.0, 0.0, 1.0], "right_foot_pose": [0.9997223485029538, -0.023109798409079924, -0.0046003392515928925, -0.02059694634059281, 0.023563232014071338, 0.9804917815039492, 0.1951426157974281, -0.193950036612997, 8.883162176640372e-07, -0.1951968330191434, 0.9807640880346848, 0.007129213542340078, 0.0, 0.0, 0.0, 1.0]}, {"left_foot_pose": [0.998322696440223, 0.05782012168563981, -0.0029372266820388683, 0.01594323175145048, -0.057894678272910546, 0.9970370629632364, -0.05064880359219598, -0.018361285238479956, 3.877384254341699e-09, 0.05073389996740338, 0.9987122064909886, 8.9411530124206e-09, 0.0, 0.0, 0.0, 1.0], "right_foot_pose": [0.9996953190188611, -0.024373548555859204, -0.003898623163748255, -0.021576320660498194, 0.02468337763916433, 0.9871490334345772, 0.1578845041715697, -0.1965153218351942, 3.164591763211245e-07, -0.15793263095375581, 0.9874498894019508, 0.0013328066983703118, 0.0, 0.0, 0.0, 1.0]}, {"left_foot_pose": [0.9983226964596382, 0.057583569139235444, -0.005993855082030579, 0.015943229299723836, -0.05789467793810959, 0.9929580148042901, -0.1033566016390176, -0.018361284806735257, 4.4268004615014375e-09, 0.10353025355475036, 0.9946263050004711, 1.0050456196453172e-08, 0.0, 0.0, 0.0, 1.0], "right_foot_pose": [0.9996897249899697, -0.024760822801198974, -0.0027120847491434357, -0.02177352371028748, 0.02490890903831188, 0.9937464770122755, 0.10884615600108401, -0.19703185192824063, 4.283485409259988e-09, -0.10887993883125976, 0.9940549073970215, 1.1275434579072208e-08, 0.0, 0.0, 0.0, 1.0]}, {"left_foot_pose": [0.998322696474529, 0.05718005021032992, -0.009068382533312136, 0.015943227041363896, -0.0578946776813402, 0.9859998326316466, -0.15637306784270533, -0.01836128429352702, 3.789295832359479e-09, 0.156635793828581, 0.9876564322129892, 1.0340236056283203e-08, 0.0, 0.0, 0.0, 1.0], "right_foot_pose": [0.999689724989758, -0.02487032638698179, -0.001385862657766751, -0.021773525752679487, 0.024908909046788538, 0.998141263484715, 0.055619820021604066, -0.19703185079183683, 3.6267168085886716e-09, -0.05563708290827104, 0.9984510578919018, 1.0897648776431179e-08, 0.0, 0.0, 0.0, 1.0]}, {"left_foot_pose": [0.9983226964564751, 0.056654278719120314, -0.011920001790677953, 0.01594323123271115, -0.057894677992657316, 0.9769335457301047, -0.20554574548584723, -0.018361285367313795, 3.660191486587237e-09, 0.20589108754393023, 0.9785749128554126, 1.0214227692817435e-08, 0.0, 0.0, 0.0, 1.0], "right_foot_pose": [0.9996897249834295, -0.02490866758336125, -0.00010973502902361139, -0.02177352124850073, 0.024908909300789893, 0.9996800245739532, 0.004403942014297264, -0.19703185195607986, 3.5888204185216188e-09, -0.004405308961001025, 0.9999902965794009, 8.333174060515258e-09, 0.0, 0.0, 0.0, 1.0]}, {"left_foot_pose": [0.9984678089719594, 0.05364812197883734, -0.013561469495564717, 0.014829585350716507, -0.05533565246289796, 0.9680021543803505, -0.24476477418433104, -0.01949577163755399, -3.638773293672392e-06, 0.24514018055623799, 0.9694876439973927, 0.00284445681037359, 0.0, 0.0, 0.0, 1.0], "right_foot_pose": [0.999689724981637, -0.024888155773928257, 0.0010165964348419333, -0.021773520671600315, 0.024908909372725416, 0.9988567995675446, -0.040800002347346216, -0.19703185231421502, 2.552639345800786e-09, 0.04081266543433266, 0.9991668160723438, 5.749605055949125e-09, 0.0, 0.0, 0.0, 1.0]}, {"left_foot_pose": [0.9988397919844146, 0.04634920705988155, -0.013069849021792238, 0.011706061929594426, -0.04815672221099005, 0.961307723789134, -0.2712349355987321, -0.0226777383408428, -7.377378532742512e-06, 0.2715496477410254, 0.9624244327516319, 0.009617038365140017, 0.0, 0.0, 0.0, 1.0], "right_foot_pose": [0.9996897249813486, -0.024832254632501306, 0.0019526639705540097, -0.021773520454579864, 0.024908909384300282, 0.99661327172069, -0.07836793262213064, -0.19703185230025083, 1.6296303340787981e-09, 0.07839225574027503, 0.9969225918996679, 3.675927291724168e-09, 0.0, 0.0, 0.0, 1.0]}, {"left_foot_pose": [0.9993042025531077, 0.0357653851857493, -0.010580547349415314, 0.006983202008402051, -0.037297595782806024, 0.9581727992804351, -0.28374949527341553, -0.02748896234611777, -1.0417323007321767e-05, 0.28394669207724643, 0.9588400679726882, 0.017439494666266993, 0.0, 0.0, 0.0, 1.0], "right_foot_pose": [0.9996897249818244, -0.024762856457096673, 0.002693456116080206, -0.021773520426806473, 0.02490890936520561, 0.9938280597731655, -0.10809872266471016, -0.1970318520918254, 8.866135419364644e-10, 0.10813227338584508, 0.9941365155009694, 2.1549221018712927e-09, 0.0, 0.0, 0.0, 1.0]}, {"left_foot_pose": [0.9997191227722333, 0.022764158556614875, -0.006593075816838398, 0.0010717075334243649, -0.023699692349415224, 0.9601135855880585, -0.27860406915869984, -0.03351105763415911, -1.2085542288144806e-05, 0.2786820694886052, 0.9603834151001822, 0.023433119037114272, 0.0, 0.0, 0.0, 1.0], "right_foot_pose": [0.9996897249825256, -0.024696891354704823, 0.0032430420559030585, -0.021773520499847047, 0.024908909337071617, 0.9911806313128761, -0.13015568503083552, -0.19703185181265725, 3.400593517146269e-10, 0.13019608161393484, 0.991488265352837, 1.117588382948398e-09, 0.0, 0.0, 0.0, 1.0]}, {"left_foot_pose": [0.9999654921349298, 0.008041779559573217, -0.00208430344822389, -0.005617720263128505, -0.008307490453630908, 0.9676205920238009, -0.2522724231735863, -0.040325640808146115, -1.1904279593776794e-05, 0.2522810331218446, 0.9676540085098929, 0.025000007586988393, 0.0, 0.0, 0.0, 1.0], "right_foot_pose": [0.9996897249830976, -0.0246461218498316, 0.0036086619377826133, -0.021773520635196535, 0.024908909314097855, 0.9891430597764407, -0.14482939457473037, -0.19703185163957082, -4.711101174115361e-12, 0.14487434546483416, 0.9894500614109515, 5.001707173435399e-10, 0.0, 0.0, 0.0, 1.0]}, {"left_foot_pose": [0.9999685443559644, -0.00774692516278119, 0.0017016019325844804, -0.012674365884072222, 0.007931594604400852, 0.9769628847286188, -0.21326183828750997, -0.04751431365967548, -1.0278431427235927e-05, 0.21326862641574548, 0.976993599201702, 0.025000009866641908, 0.0, 0.0, 0.0, 1.0], "right_foot_pose": [0.9996897249833836, -0.0246162275782331, 0.0038072434204922405, -0.021773520872730396, 0.02490890930262197, 0.9879432898158386, -0.15279922233183094, -0.1970318516341859, -1.5927371673831948e-10, 0.15284664683163693, 0.9882499190752939, 1.6769306082631275e-10, 0.0, 0.0, 0.0, 1.0]}, {"left_foot_pose": [0.9997103112618116, -0.02372706296673242, 0.004039806899536027, -0.019687526275871444, 0.024068516704491085, 0.9855818041287987, -0.16747899532140925, -0.05465868594461487, -7.775504780640765e-06, 0.16752771070242567, 0.9858673673909423, 0.025000010805776393, 0.0, 0.0, 0.0, 1.0], "right_foot_pose": [0.999689724983404, -0.02460916164244948, 0.0038526517960641737, -0.021773521081809598, 0.02490890930181261, 0.9876597068827447, -0.1546216337958068, -0.19703185161948444, -1.6412159821155018e-10, 0.15466962391997421, 0.9879662481261462, 9.759680563714568e-11, 0.0, 0.0, 0.0, 1.0]}, {"left_foot_pose": [0.9992331572799743, -0.03891356388199973, 0.00433957812424313, -0.026246502767922765, 0.03915478732988004, 0.9930902112842096, -0.11062881577887745, -0.06134037735018265, -4.631066288011771e-06, 0.11071389613542829, 0.9938523196034048, 0.022459730295677494, 0.0, 0.0, 0.0, 1.0], "right_foot_pose": [0.9996897249834245, -0.024641505911499776, 0.003640047936275402, -0.021773521007043058, 0.024908909300988376, 0.9889578045782316, -0.14608903792290318, -0.19703185167181614, 7.596376722022265e-11, 0.146134379768136, 0.9892647487148131, 3.8879679337133766e-10, 0.0, 0.0, 0.0, 1.0]}, {"left_foot_pose": [0.9986343137879472, -0.052158357924302394, 0.0030021698680400212, -0.03194056928413287, 0.05224468701558269, 0.9969863472741531, -0.05734732798994494, -0.06714098054131278, -1.9799113319209556e-06, 0.05742585695993418, 0.9983497738510776, 0.015838566542028372, 0.0, 0.0, 0.0, 1.0], "right_foot_pose": [0.9996897249831391, -0.024679491512822116, 0.003372901096115466, -0.021773520912551265, 0.02490890931244561, 0.9904823104049578, -0.13536742226887982, -0.1970318518428511, 2.7854944051868756e-10, 0.13540943642717576, 0.9907897277053666, 8.267689796670474e-10, 0.0, 0.0, 0.0, 1.0]}, {"left_foot_pose": [0.9980514627347777, -0.062392284825081766, 0.0006932007482463919, -0.03635902401619337, 0.062396135560633406, 0.997989915950334, -0.01108376869772432, -0.07164210227465703, -2.6570295547096025e-07, 0.01110542460923584, 0.9999383328706721, 0.007998180024374378, 0.0, 0.0, 0.0, 1.0], "right_foot_pose": [0.9996897249829194, -0.024730523234121428, 0.0029757325386452834, -0.02177352083103352, 0.024908909321264452, 0.9925304070270994, -0.11942754022019131, -0.19703185193072795, 5.30424078450687e-10, 0.11946460709007888, 0.9928384599988123, 1.3623848021948604e-09, 0.0, 0.0, 0.0, 1.0]}, {"left_foot_pose": [0.9976394208262447, -0.06864748716821893, -0.0017630992498283832, -0.039091167186398885, 0.06867012460582803, 0.9973106597812234, 0.025609800338185978, -0.0744253562258884, 3.09236009542431e-07, -0.02567041862204195, 0.9996704605056981, 0.0018172767868052733, 0.0, 0.0, 0.0, 1.0], "right_foot_pose": [0.9996897249829185, -0.02478614047986407, 0.0024700209896432552, -0.021773520802762014, 0.024908909321301867, 0.9947625391782733, -0.09913141219622261, -0.1970318518089289, 7.571815417805761e-10, 0.0991621797244627, 0.9950712849400759, 1.844022309849258e-09, 0.0, 0.0, 0.0, 1.0]}, {"left_foot_pose": [0.9975281121948658, -0.0701713968715331, -0.0036932969074279075, -0.039787412850367326, 0.07026852340094153, 0.9961493098972277, 0.052429829394432546, -0.07513462086453843, 7.992360406408481e-10, -0.052559751258693506, 0.9986177810091437, 1.9972929837797082e-09, 0.0, 0.0, 0.0, 1.0], "right_foot_pose": [0.9996897249835569, -0.02483628840798627, 0.0019006684128345791, -0.02177352051321352, 0.024908909295676174, 0.9967751688662134, -0.07628111803999305, -0.19703185138975068, 7.695627402904689e-10, 0.07630479349193521, 0.997084539289499, 2.1079363671239193e-09, 0.0, 0.0, 0.0, 1.0]}, {"left_foot_pose": [0.9975281121951856, -0.07006316950121887, -0.005368208244272961, -0.03978741224383735, 0.07026852339640025, 0.9946129200086365, 0.07620678428843466, -0.07513462066679005, 4.3230698181170144e-10, -0.0763956257343175, 0.9970775839264782, 1.81263997561798e-09, 0.0, 0.0, 0.0, 1.0], "right_foot_pose": [0.9996897249840477, -0.02487399866591715, 0.0013183139561050877, -0.021773519872937793, 0.024908909275978202, 0.9982886279382372, -0.05290899326081238, -0.19703185106601923, 3.973524081780871e-10, 0.0529254146848141, 0.9985984680943789, 2.209480466641711e-09, 0.0, 0.0, 0.0, 1.0]}, {"left_foot_pose": [0.9975281121949474, -0.0699270784604144, -0.006918748353334769, -0.03978741293078485, 0.07026852339978243, 0.9926809793840522, 0.09821816424844337, -0.07513462096781723, 6.13860866411962e-10, -0.09846155019656659, 0.9951408559258784, 1.5651811791084214e-09, 0.0, 0.0, 0.0, 1.0], "right_foot_pose": [0.9996897249837158, -0.02489680513084335, 0.0007764381877188778, -0.021773520598819082, 0.024908909289299265, 0.9992039381178323, -0.03116145516230464, -0.1970318514691883, 5.818953470278607e-10, 0.03117112676968321, 0.9995140623602594, 1.6619827458708158e-09, 0.0, 0.0, 0.0, 1.0]}, {"left_foot_pose": [0.9975281121952269, -0.06978653383065225, -0.008216147280291623, -0.039787413459789714, 0.0702685233958154, 0.9906858154183411, 0.11663597107526076, -0.07513462095195284, 4.2665781760379374e-10, -0.11692499657815063, 0.9931407479180382, 1.0897435176460135e-09, 0.0, 0.0, 0.0, 1.0], "right_foot_pose": [0.9996378269105508, -0.026910502002364844, 0.0001997286462469102, -0.022282160897971852, 0.026911243180919468, 0.9996103211984184, -0.007415574424956621, -0.1979709289200324, -9.398581622132758e-08, 0.007418263649626294, 0.9999724843036513, 0.002250301395249031, 0.0, 0.0, 0.0, 1.0]}, {"left_foot_pose": [0.9975281121949169, -0.06966156491157792, -0.009215842604809838, -0.039787413658040977, 0.07026852340021568, 0.98891176303123, 0.13082759478649067, -0.07513462097993027, 1.7169590153400171e-10, -0.13115178730209845, 0.9913622994079745, 7.032941659601555e-10, 0.0, 0.0, 0.0, 1.0], "right_foot_pose": [0.9994353194514948, -0.03358904298854229, -0.0009046678960130533, -0.023981778241814966, 0.033601223674129675, 0.9990735770219796, 0.026887645194541322, -0.20110886908549286, 6.99520586294908e-07, -0.026902860212629748, 0.999638052552968, 0.008710109820430842, 0.0, 0.0, 0.0, 1.0]}, {"left_foot_pose": [0.9975281121944911, -0.06957246234905255, -0.009865995357057565, -0.039787413662672286, 0.07026852340625825, 0.98764686740881, 0.14005713089974942, -0.07513462112644126, -5.797142059476991e-11, -0.14040419431147733, 0.9900942693601181, 4.635361192106835e-10, 0.0, 0.0, 0.0, 1.0], "right_foot_pose": [0.9990280861850263, -0.04396708756579931, -0.003127015264643716, -0.026644273063691836, 0.04407814659320138, 0.9965150070830201, 0.0708163657019806, -0.20602453643817345, 2.5282866842387582e-06, -0.07088537133506291, 0.9974844681118086, 0.016558464601284774, 0.0, 0.0, 0.0, 1.0]}, {"left_foot_pose": [0.9975281121943606, -0.06953530967837257, -0.010124529119364902, -0.03978741347553059, 0.07026852340810986, 0.9871194497958524, 0.14372726412472472, -0.0751346213047954, -2.0638873582479125e-10, -0.1440834221646172, 0.989565544801017, 3.7803581098838634e-10, 0.0, 0.0, 0.0, 1.0], "right_foot_pose": [0.998351693874765, -0.05697350221149473, -0.006922093841033562, -0.03002963984343928, 0.057392467371396014, 0.9910745157976645, 0.12032210447564345, -0.2122748073321011, 5.139116373401065e-06, -0.12052105285874855, 0.9927107714694187, 0.02291665995109468, 0.0, 0.0, 0.0, 1.0]}, {"left_foot_pose": [0.99752811219472, -0.06957574188024977, -0.009842841208324852, -0.039787413121042635, 0.07026852340301085, 0.9876934234052904, 0.1397284365499699, -0.07513462129941224, -1.0564678095922216e-10, -0.14007468544941054, 0.9901409407232133, 5.06041993031392e-10, 0.0, 0.0, 0.0, 1.0], "right_foot_pose": [0.9973616312954239, -0.07159162858318627, -0.01201728490708048, -0.033897865780024704, 0.07259322530126099, 0.9836183145656976, 0.16500071179027295, -0.21941655008293254, 7.75185150757933e-06, -0.16543775254682205, 0.9862202340107231, 0.02500001002343285, 0.0, 0.0, 0.0, 1.0]}, {"left_foot_pose": [0.9975281121963612, -0.0696695061125549, -0.00915561554442879, -0.039787412900538804, 0.0702685233797093, 0.9890244959924858, 0.12997261614988592, -0.07513462134681954, 7.401021723006932e-11, -0.13029469001015748, 0.9914753117224645, 9.137848880347299e-10, 0.0, 0.0, 0.0, 1.0], "right_foot_pose": [0.9960557408188502, -0.08687985467790817, -0.018023652042715544, -0.038008919725093376, 0.08872970802149377, 0.9753122324476186, 0.2022203949963076, -0.22700662406120506, 9.809780451453439e-06, -0.20302201872995904, 0.9791741723588199, 0.025000009211933356, 0.0, 0.0, 0.0, 1.0]}, {"left_foot_pose": [0.9975281121987478, -0.06981353856346999, -0.007983433249545705, -0.03978741263622883, 0.07026852334582753, 0.9910691738339519, 0.11333237535181832, -0.07513462136818176, 4.3787176937767303e-10, -0.11361321450137492, 0.9935250562973567, 1.629663036462059e-09, 0.0, 0.0, 0.0, 1.0], "right_foot_pose": [0.9944876331787031, -0.10200436378974179, -0.024278740133513062, -0.04212279699646901, 0.10485393333746545, 0.9674848836902775, 0.2301709201755784, -0.23460191107973002, 1.0875798808863813e-05, -0.23144785503145238, 0.9728473108782573, 0.025000007068488247, 0.0, 0.0, 0.0, 1.0]}, {"left_foot_pose": [0.9975281122014039, -0.06998666513941865, -0.006287453424635661, -0.03978741213433456, 0.07026852330812232, 0.9935268703556764, 0.0892563303825067, -0.075134620930667, 1.0174312999904575e-09, -0.0894775088160046, 0.9959888430178739, 2.795392917143147e-09, 0.0, 0.0, 0.0, 1.0], "right_foot_pose": [0.9927710823726404, -0.11637082135839606, -0.02938383809218509, -0.045999486834161114, 0.12002323897791711, 0.9625815212556608, 0.24296344795542332, -0.24175928336540148, 1.0483572464880942e-05, -0.