{"LoopMode": "Wrap", "FrameDuration": 0.0167, "EnableCycleOffsetPosition": true, "EnableCycleOffsetRotation": false, "Debug_info": [{"left_foot_pose": [0.9999999999996914, -7.86456776423368e-07, -8.033149090354451e-09, 1.1521616660764677e-05, 7.864978023511376e-07, 0.9999479537009568, 0.010202445229035207, -1.027122477859077e-05, 8.94846216902605e-12, -0.01020244522903854, 0.9999479537012663, 1.8610203655899937e-11, 0.0, 0.0, 0.0, 1.0], "right_foot_pose": [0.9999999999959803, -2.8350586856974932e-06, 3.947837234898298e-08, -1.667920846370784e-05, 2.8353335418484164e-06, 0.9999030161427099, -0.01392689127811162, -0.14006200588604154, 9.010322182825543e-12, 0.013926891278167422, 0.999903016146729, 1.5759324401010133e-11, 0.0, 0.0, 0.0, 1.0]}, {"left_foot_pose": [0.9999999999996912, -7.86477486191828e-07, -5.649351764154697e-09, 1.1521618620049425e-05, 7.864977759551288e-07, 0.9999743841174485, 0.007157590957288257, -1.0271223675223373e-05, 1.992276963589544e-11, -0.007157590957290658, 0.9999743841177577, 4.0474769369414076e-11, 0.0, 0.0, 0.0, 1.0], "right_foot_pose": [0.9999999999959803, -2.834925583752119e-06, 4.8102715477521206e-08, -1.6679207193835186e-05, 2.8353336552564972e-06, 0.9998559564348317, -0.016972518191143027, -0.1400620058877835, 2.003925296313456e-11, 0.016972518191211042, 0.999855956438851, 3.6217390197990085e-11, 0.0, 0.0, 0.0, 1.0]}, {"left_foot_pose": [0.9999999999996912, -7.864943412009583e-07, -2.3309489338556457e-09, 1.152162137460627e-05, 7.864977948872973e-07, 0.9999957388597029, 0.002919291321408909, -1.0271221756676455e-05, 3.493269421104074e-11, -0.002919291321410012, 0.9999957388600124, 7.029635901156794e-11, 0.0, 0.0, 0.0, 1.0], "right_foot_pose": [0.9999999999959803, -2.834696580721224e-06, 6.011157382969614e-08, -1.6679205317285083e-05, 2.835333861332584e-06, 0.9997749731587338, -0.021213275028014244, -0.14006200588974105, 3.515092996486676e-11, 0.021213275028099266, 0.9997749731627524, 6.45268838361801e-11, 0.0, 0.0, 0.0, 1.0]}, {"left_foot_pose": [0.9999999999996911, -7.864956086608463e-07, 1.9032498910371986e-09, 1.1521624916661165e-05, 7.86497910000342e-07, 0.9999969043163504, -0.0024882437779890115, -1.0271218875118615e-05, 5.374875255336643e-11, 0.0024882437779895654, 0.9999969043166594, 1.0779890868839459e-10, 0.0, 0.0, 0.0, 1.0], "right_foot_pose": [0.9999999999959805, -2.8343304044320616e-06, 7.544027247343126e-08, -1.6679202814903483e-05, 2.8353342084517843e-06, 0.9996454577465412, -0.026626280225911132, -0.1400620058916954, 5.4149842680590683e-11, 0.026626280226017852, 0.9996454577505597, 1.0027287333791435e-10, 0.0, 0.0, 0.0, 1.0]}, {"left_foot_pose": [0.9999999999996909, -7.864666572028812e-07, 7.042490812751561e-09, 1.1521629326479269e-05, 7.86498184506656e-07, 0.9999590335951526, -0.009051581675632324, -1.0271214783367372e-05, 7.656451191299661e-11, 0.009051581675634886, 0.999959033595462, 1.535765958848856e-10, 0.0, 0.0, 0.0, 1.0], "right_foot_pose": [0.9999999999959802, -2.8337743090499916e-06, 9.405523943019608e-08, -1.6679199598069102e-05, 2.835334762788294e-06, 0.9994487355574183, -0.033199773864270324, -0.1400620058934304, 7.727585467389245e-11, 0.033199773864403405, 0.9994487355614354, 1.4384987645499336e-10, 0.0, 0.0, 0.0, 1.0]}, {"left_foot_pose": [0.9999999999996911, -7.863896979869316e-07, 1.3094306194909161e-08, 1.1521634787640005e-05, 7.864987016249432e-07, 0.9998591869693558, -0.01678112726729442, -1.0271209097382702e-05, 1.0404277553959832e-10, 0.016781127267299346, 0.9998591869696649, 2.092138198794835e-10, 0.0, 0.0, 0.0, 1.0], "right_foot_pose": [0.9999999999959804, -2.8329620772406224e-06, 1.1599111260364704e-07, -1.6679195491079983e-05, 2.8353356165804986e-06, 0.9991613518517695, -0.04094622031037115, -0.14006200589470005, 1.0525216534633675e-10, 0.04094622031053528, 0.9991613518557856, 1.9657082211965715e-10, 0.0, 0.0, 0.0, 1.0]}, {"left_foot_pose": [0.9999999999996911, -7.862430198789056e-07, 2.008773314356295e-08, 1.1521641600414279e-05, 7.864995772397322e-07, 0.999669308894442, -0.02571522611004622, -1.0271201251396689e-05, 1.3732657393132344e-10, 0.02571522611005389, 0.9996693088947514, 2.7736807295397625e-10, 0.0, 0.0, 0.0, 1.0], "right_foot_pose": [0.9999999999959803, -2.8318107239282683e-06, 1.4136260428900241e-07, -1.6679190212534045e-05, 2.8353369011535367e-06, 0.9987538942341166, -0.049906500019013075, -0.1400620058951763, 1.393102899977401e-10, 0.04990650001921313, 0.9987538942381311, 2.607158100520479e-10, 0.0, 0.0, 0.0, 1.0]}, {"left_foot_pose": [0.9999999999996912, -7.859998025079915e-07, 2.807362464719977e-08, 1.152165019641005e-05, 7.865009769770386e-07, 0.9993546488165805, -0.0359205496627124, -1.0271190445203943e-05, 1.780371664372138e-10, 0.03592054966272318, 0.9993546488168898, 3.618488356171845e-10, 0.0, 0.0, 0.0, 1.0], "right_foot_pose": [0.9999999999959805, -2.8302158236408727e-06, 1.7036595661991655e-07, -1.6679183352976117e-05, 2.8353388042942587e-06, 0.9981893240355335, -0.0601504228866718, -0.14006200589437626, 1.811993857045787e-10, 0.06015042288691292, 0.998189324039546, 3.395529413197096e-10, 0.0, 0.0, 0.0, 1.0]}, {"left_foot_pose": [0.9999999999996909, -7.856265696993155e-07, 3.7123170981716145e-08, 1.1521661159007122e-05, 7.865031374923462e-07, 0.9988717044350464, -0.04749018928586888, -1.02711755851706e-05, 2.2826893421224306e-10, 0.0474901892858832, 0.9988717044353554, 4.677436979405591e-10, 0.0, 0.0, 0.0, 1.0], "right_foot_pose": [0.9999999999959804, -2.828045559054936e-06, 2.0327398964072305e-07, -1.6679174344649233e-05, 2.835341592289122e-06, 0.9974208501537138, -0.07177497941903863, -0.1400620058915713, 2.3319596575354954e-10, 0.0717749794193263, 0.9974208501577234, 4.3738250521396793e-10, 0.0, 0.0, 0.0, 1.0]}, {"left_foot_pose": [0.9999999999996914, -7.850814020751798e-07, 4.732414310428102e-08, 1.152167523448852e-05, 7.865063881215627e-07, 0.9981658489015018, -0.06053873211528874, -1.0271155252938174e-05, 2.9048901600668873e-10, 0.06053873211530703, 0.9981658489018108, 6.014197334591742e-10, 0.0, 0.0, 0.0, 1.0], "right_foot_pose": [0.9999999999959803, -2.825133954481911e-06, 2.40422700692483e-07, -1.6679162435428627e-05, 2.8353456310114403e-06, 0.996389512868637, -0.08489957972429184, -0.14006200588567932, 2.980276272714097e-10, 0.08489957972463211, 0.9963895128726418, 5.594311056067447e-10, 0.0, 0.0, 0.0, 1.0]}, {"left_foot_pose": [0.9999999999996911, -7.843122442149988e-07, 5.877275094380696e-08, 1.1521693281830553e-05, 7.865111559809956e-07, 0.9971691287437929, -0.07519128060970356, -1.0271127813979083e-05, 3.6706896047347733e-10, 0.07519128060972635, 0.9971691287441017, 7.698565188118955e-10, 0.0, 0.0, 0.0, 1.0], "right_foot_pose": [0.9999999999959801, -2.821274808832826e-06, 2.8218093245381817e-07, -1.6679146717377726e-05, 2.8353513861225644e-06, 0.995022032105401, -0.09965518359222222, -0.14006200587517845, 3.7841402940538716e-10, 0.09965518359262157, 0.9950220321094005, 7.110891320216695e-10, 0.0, 0.0, 0.0, 1.0]}, {"left_foot_pose": [0.9999999999996909, -7.832562789933833e-07, 7.155574827112772e-08, 1.1521716050845039e-05, 7.865179041990533e-07, 0.9957996570006663, -0.09155895978405147, -1.027109192785168e-05, 4.589403013517825e-10, 0.09155895978407923, 0.9957996570009746, 9.781834439670511e-10, 0.0, 0.0, 0.0, 1.0], "right_foot_pose": [0.9999999999959802, -2.816220769419893e-06, 3.288820719649254e-07, -1.667912632036888e-05, 2.835359344697029e-06, 0.9932305473670474, -0.11615971663583019, -0.14006200585819154, 4.75685886654449e-10, 0.11615971663629564, 0.9932305473710399, 8.954951780104636e-10, 0.0, 0.0, 0.0, 1.0]}, {"left_foot_pose": [0.9999999999996912, -7.818431027390424e-07, 8.570989318280992e-08, 1.1521743483711845e-05, 7.865268639955255e-07, 0.9939666372236429, -0.10968283405212315, -1.0271048135217231e-05, 5.619928823924554e-10, 0.10968283405215642, 0.9939666372239505, 1.2221638215348385e-09, 0.0, 0.0, 0.0, 1.0], "right_foot_pose": [0.9999999999959803, -2.809700057292011e-06, 3.8066686058881297e-07, -1.6679101097362355e-05, 2.8353696986077842e-06, 0.9909188438960608, -0.13446131340893244, -0.14006200583317466, 5.859942228012965e-10, 0.13446131340947118, 0.9909188439000444, 1.1066800531533971e-09, 0.0, 0.0, 0.0, 1.0]}, {"left_foot_pose": [0.9999999999996911, -7.800088428924959e-07, 1.0113059889517555e-07, 1.1521772724909377e-05, 7.865371960032566e-07, 0.9915916359003484, -0.1294064434711556, -1.0271003087695962e-05, 6.579140173301649e-10, 0.1294064434711949, 0.9915916359006552, 1.467122777432106e-09, 0.0, 0.0, 0.0, 1.0], "right_foot_pose": [0.9999999999959801, -2.8014834497412523e-06, 4.371252821378123e-07, -1.667907366136555e-05, 2.8353813773556226e-06, 0.9880070648011108, -0.1544086781727451, -0.14006200580138692, 6.90489336729525e-10, 0.15440867817336368, 0.9880070648050826, 1.3112575678042582e-09, 0.0, 0.0, 0.0, 1.0]}, {"left_foot_pose": [0.9999999999996909, -7.777398870429128e-07, 1.1736286836817988e-07, 1.1521793270330217e-05, 7.865449084864927e-07, 0.9886729306234243, -0.15008609613109444, -1.0270978639238815e-05, 6.944521077910274e-10, 0.15008609613114013, 0.9886729306237302, 1.5978968773144864e-09, 0.0, 0.0, 0.0, 1.0], "right_foot_pose": [0.9999999999959801, -2.7915844826546293e-06, 4.964788747341574e-07, -1.6679054426034935e-05, 2.8353896837528958e-06, 0.9845051702243149, -0.17535555250277515, -0.1400620057734494, 7.338200538176629e-10, 0.17535555250347787, 0.9845051702282726, 1.4068856427074117e-09, 0.0, 0.0, 0.0, 1.0]}, {"left_foot_pose": [0.9999999987816797, -4.860712393273788e-05, 8.601689767241232e-06, -4.518119422692152e-06, 4.936188927128056e-05, 0.985443787254995, -0.17000158741593274, -2.92449786476294e-05, -2.1319351319880136e-07, 0.17000158763341178, 0.985443788453748, 0.00016386125389258877, 0.0, 0.0, 0.0, 1.0], "right_foot_pose": [0.9999999999959801, -2.7807865477519286e-06, 5.537390510568394e-07, -1.6679063384221056e-05, 2.835383641443912e-06, 0.9807025966447406, -0.19550554193225367, -0.14006200584595438, 6.058556180862276e-10, 0.1955055419330377, 0.9807025966486831, 1.1317076581418561e-09, 0.0, 0.0, 0.0, 1.0]}, {"left_foot_pose": [0.9999990582886831, -0.001347586992297971, 0.0002596748847028245, -0.0004414667168692204, 0.0013723776137765811, 0.9820993664219465, -0.188358570426985, -0.0005461047014192824, -1.1969803474007572e-06, 0.18835874941958597, 0.9821002909660794, 0.0041912092388743105, 0.0, 0.0, 0.0, 1.0], "right_foot_pose": [0.9999999999959803, -2.7705790715841357e-06, 6.026676689363682e-07, -1.6679052905889668e-05, 2.83536885753133e-06, 0.9771200386011728, -0.21268857551829928, -0.14006200604802593, 3.918599147146219e-10, 0.21268857551915296, 0.9771200386051009, 6.519632403390041e-10, 0.0, 0.0, 0.0, 1.0]}, {"left_foot_pose": [0.9999909487172484, -0.00416491173393705, 0.0008694790548680852, -0.0013934304641046473, 0.004254700814545827, 0.9789899256236295, -0.20386422699537107, -0.001672157450698153, -2.134724113828319e-06, 0.20386608113585222, 0.9789987849623485, 0.011469802598971804, 0.0, 0.0, 0.0, 1.0], "right_foot_pose": [0.9999999999959803, -2.762124225493581e-06, 6.402337988653691e-07, -1.6679065342972655e-05, 2.8353535089635507e-06, 0.9741580828944367, -0.22586728298582076, -0.14006200607383598, 1.8456364526473862e-10, 0.22586728298672795, 0.9741580828983525, 3.136341950038535e-10, 0.0, 0.0, 0.0, 1.0]}, {"left_foot_pose": [0.9999650415849833, -0.008168239100178462, 0.0017875899825148139, -0.0027498654055603004, 0.008361554850524758, 0.9769203509935149, -0.2134401841621917, -0.0032766405258571017, -2.90257532806645e-06, 0.21344766966334133, 0.9769544985857148, 0.019120926786931704, 0.0, 0.0, 0.0, 1.0], "right_foot_pose": [0.9999999999959805, -2.756250824121645e-06, 6.65017850121091e-07, -1.667912015779097e-05, 2.8353425447049736e-06, 0.9721023985901094, -0.23455687294836852, -0.14006200599074445, 3.212700292219283e-11, 0.23455687294931102, 0.9721023985940171, 9.655831689769911e-11, 0.0, 0.0, 0.0, 1.0]}, {"left_foot_pose": [0.9999107769586382, -0.013051933567591717, 0.0028434401910654387, -0.004400226551309239, 0.01335807286958652, 0.9770481270072722, -0.21259943414974833, -0.005228796200961457, -3.3442219078821218e-06, 0.21261844826291407, 0.9771353004815083, 0.02426587788233471, 0.0, 0.0, 0.0, 1.0], "right_foot_pose": [0.9999999999959803, -2.7535271124981215e-06, 6.76191291848499e-07, -1.667919935446902e-05, 2.835338819474572e-06, 0.9711491184187678, -0.23847303786049048, -0.14006200589882573, -4.0601780582564934e-11, 0.238473037861449, 0.9711491184226715, -4.9077408803555045e-12, 0.0, 0.0, 0.0, 1.0]}, {"left_foot_pose": [0.9998212027510928, -0.018533154516636768, 0.003752960567543943, -0.006233963873432673, 0.01890932357811188, 0.9799665082819828, -0.19826265439420848, -0.007397866811930873, -3.343254329785458e-06, 0.19829817152278903, 0.980141742381959, 0.02500000121631124, 0.0, 0.0, 0.0, 1.0], "right_foot_pose": [0.9999999999959803, -2.7542342496128324e-06, 6.733240068834855e-07, -1.6679274038391816e-05, 2.8353432808110087e-06, 0.9713954549704038, -0.23746761896057206, -0.1400620058849304, -2.2430659446650518e-11, 0.23746761896152638, 0.9713954549743082, 3.2595592891482283e-11, 0.0, 0.0, 0.0, 1.0]}, {"left_foot_pose": [0.9996953923845966, -0.024290495486174013, 0.0043696995371251945, -0.008140530043634915, 0.0246804059115853, 0.9839233889051769, -0.17687747829894163, -0.009653085920993034, -3.007988839462536e-06, 0.17693144603034602, 0.9842231776363347, 0.025000001849491048, 0.0, 0.0, 0.0, 1.0], "right_foot_pose": [0.9999999999959802, -2.7580605908348127e-06, 6.575215134585643e-07, -1.667934352217496e-05, 2.8353540799216946e-06, 0.972733346851094, -0.23192635882070411, -0.1400620058627617, 7.384749234695672e-11, 0.23192635882163606, 0.9727333468550042, 1.9561607195184294e-10, 0.0, 0.0, 0.0, 1.0]}, {"left_foot_pose": [0.9995397420291243, -0.029991914727124685, 0.004559512622270343, -0.01000938100817931, 0.030336514276775306, 0.9881977509804205, -0.15014959493376925, -0.011863693293231052, -2.4262713288459095e-06, 0.15021880710563765, 0.9886527752380373, 0.02491027113554784, 0.0, 0.0, 0.0, 1.0], "right_foot_pose": [0.9999999999959801, -2.7647596193960446e-06, 6.288322941250425e-07, -1.6679391389782418e-05, 2.8353704775270797e-06, 0.9750768260896141, -0.2218674902164925, -0.14006200586789797, 2.5048021046396985e-10, 0.22186749021738353, 0.9750768260935336, 4.880917822691622e-10, 0.0, 0.0, 0.0, 1.0]}, {"left_foot_pose": [0.9993681463861024, -0.035304029472312495, 0.0041150324208612, -0.01172996866675955, 0.03554304413051895, 0.9926531341520848, -0.11565659199535491, -0.01389893219323942, -1.6560972343575924e-06, 0.11572977473866453, 0.9932807353594434, 0.021163834073863762, 0.0, 0.0, 0.0, 1.0], "right_foot_pose": [0.99999999999598, -2.7741684879582837e-06, 5.860344610142568e-07, -1.6679365919202732e-05, 2.83539184534594e-06, 0.9783693274762547, -0.20686579960356352, -0.14006200609636693, 5.224407909795271e-10, 0.20686579960439352, 0.9783693274801877, 9.331859451844338e-10, 0.0, 0.0, 0.0, 1.0]}, {"left_foot_pose": [0.9992010534193658, -0.039845480061141476, 0.0030971865180309103, -0.013191746133842143, 0.039965670829325006, 0.996197831494051, -0.07741205126925206, -0.015628030250039997, -8.901476543118729e-07, 0.07747398431246708, 0.9969943739831036, 0.013996812761459941, 0.0, 0.0, 0.0, 1.0], "right_foot_pose": [0.9999999999959801, -2.7855989581567205e-06, 5.291443538890832e-07, -1.6679289556729916e-05, 2.835410833257775e-06, 0.9823766750492876, -0.18691192661536388, -0.14006200627708967, 8.425968801974989e-10, 0.18691192661611272, 0.9823766750532371, 1.518962823576775e-09, 0.0, 0.0, 0.0, 1.0]}, {"left_foot_pose": [0.9990634012354276, -0.04323522577109067, 0.0017422871240470026, -0.01428417101418266, 0.043270316751836235, 0.9982534772463371, -0.04022032886231687, -0.016920224285628678, -3.091809919616191e-07, 0.0402580478677237, 0.99918931618677, 0.00628791100029355, 0.0, 0.0, 0.0, 1.0], "right_foot_pose": [0.9999999999959801, -2.797979367224045e-06, 4.5926523639662814e-07, -1.667918547222698e-05, 2.8354209093201187e-06, 0.986728181895912, -0.16238071019781952, -0.14006200628993712, 1.1679249526800118e-09, 0.16238071019846884, 0.986728181899879, 2.151656443294403e-09, 0.0, 0.0, 0.0, 1.0]}, {"left_foot_pose": [0.998981437052902, -0.04512224606877682, 0.0002670831860172381, -0.014896697191172485, 0.045123036508188205, 0.9989639395167861, -0.0059126239001533135, -0.017644754302028737, -1.56011478699504e-08, 0.0059186531248816895, 0.9999824846191996, 0.0009158367567382794, 0.0, 0.0, 0.0, 1.0], "right_foot_pose": [0.9999999999959801, -2.8100101486101557e-06, 3.787092900387097e-07, -1.6679076631531528e-05, 2.8354145680601193e-06, 0.9909736312204158, -0.13405693647769132, -0.1400620060510932, 1.4104315704427218e-09, 0.13405693647822606, 0.9909736312244001, 2.657817216311642e-09, 0.0, 0.0, 0.0, 1.0]}, {"left_foot_pose": [0.9989687876918809, -0.04538780152654317, -0.001143979895847318, -0.014989001734207839, 0.045402215996744086, 0.9986516320465442, 0.025170550120324868, -0.017753933031915192, 1.45684072942043e-09, -0.025196533161566007, 0.9996825169605794, 2.8152318809482324e-09, 0.0, 0.0, 0.0, 1.0], "right_foot_pose": [0.9999999999959801, -2.820139908988456e-06, 2.9377919652519677e-07, -1.6679004076269064e-05, 2.835400004617131e-06, 0.9945643296945172, -0.10412393620708009, -0.14006200584197354, 1.461758100101132e-09, 0.10412393620749441, 0.9945643296985157, 2.7982207592702757e-09, 0.0, 0.0, 0.0, 1.0]}, {"left_foot_pose": [0.9989687876927059, -0.045331702069878146, -0.002529427447942062, -0.014989001716617472, 0.04540221597859101, 0.9974172968903178, 0.05565406227981813, -0.017753933119801946, 1.3175590602947212e-09, -0.05571151273713803, 0.99844690762631, 2.5252596611013978e-09, 0.0, 0.0, 0.0, 1.0], "right_foot_pose": [0.99999999999598, -2.827707094861716e-06, 2.0839088221704232e-07, -1.6678989272889544e-05, 2.83537518992688e-06, 0.9972614849581993, -0.07395627499359102, -0.1400620059176557, 1.306482725036696e-09, 0.07395627499388446, 0.9972614849622085, 2.529600855172287e-09, 0.0, 0.0, 0.0, 1.0]}, {"left_foot_pose": [0.9989687876929061, -0.04524473560450256, -0.0037782423751667924, -0.01498900174219557, 0.045402215974188705, 0.9955038049976764, 0.08313129988026355, -0.017753933138284324, 9.771406473357505e-10, -0.08321711443704256, 0.996531440479814, 1.8603276696893545e-09, 0.0, 0.0, 0.0, 1.0], "right_foot_pose": [0.9999999999980606, -1.9674068006378396e-06, 8.847696197912401e-08, -1.8514093713817054e-05, 1.969392678761812e-06, 0.9989162644742948, -0.046543491111457766, -0.14007166080049577, 3.1889044998372148e-09, 0.046543491111541616, 0.9989162644762322, 3.7401278949231176e-05, 0.0, 0.0, 0.0, 1.0]}, {"left_foot_pose": [0.9989687876925815, -0.04514620549067428, -0.004814701009284127, -0.014989001771207863, 0.0454022159813265, 0.9933358815317228, 0.10593613758100169, -0.0177539328930169, 6.352484600464368e-10, -0.10604549302723694, 0.9943612791177113, 1.1631933610756207e-09, 0.0, 0.0, 0.0, 1.0], "right_foot_pose": [0.9999999962812651, 8.622621442515809e-05, -1.584048348879952e-06, -0.00020543468106398822, -8.624076280843159e-05, 0.9998333478950345, -0.018255656644930906, -0.14105523704090348, 9.668199370105114e-09, 0.01825565671365235, 0.9998333516131341, 0.0034929913482088307, 0.0, 0.0, 0.0, 1.0]}, {"left_foot_pose": [0.9989687876920581, -0.045053916101908904, -0.005613008190157165, -0.014989001791306914, 0.04540221599284164, 0.9913052701503942, 0.12350101276910194, -0.01775393287994633, 3.324999024373331e-10, -0.12362850001491038, 0.9923285715850695, 6.142228392569393e-10, 0.0, 0.0, 0.0, 1.0], "right_foot_pose": [0.9999999548066313, 0.00030060973254467365, 4.53035492886449e-06, -0.0006597606157951755, -0.0003006438679133756, 0.9998869200124865, 0.015035185439774877, -0.14344592191268848, -1.0119562784218215e-08, -0.015035186122307781, 0.999886965200701, 0.010538499251292327, 0.0, 0.0, 0.0, 1.0]}, {"left_foot_pose": [0.998968787691592, -0.04498333606270343, -0.006153104473517826, -0.014989001828962248, 0.04540221600310017, 0.9897523218884123, 0.1353845637379136, -0.017753933003989905, 1.1116078089250218e-10, -0.13552431808781498, 0.9907740202522641, 2.2706891228407855e-10, 0.0, 0.0, 0.0, 1.0], "right_foot_pose": [0.9999998109974787, 0.0006139537695911564, 3.264621043674392e-05, -0.0013255082255419096, -0.0006148211149706094, 0.9985936760577047, 0.05301218852826512, -0.14694912658059223, -5.326630834473669e-08, -0.0530121985804075, 0.9985938647927237, 0.018295209977390557, 0.0, 0.0, 0.0, 1.0]}, {"left_foot_pose": [0.9989687876913732, -0.044946085253900106, -0.0064195512910265855, -0.014989001880826958, 0.045402216007910945, 0.9889327051611714, 0.14124710065760498, -0.01775393314795283, -3.8673759041439544e-12, -0.14139290676323818, 0.9899535574546126, 1.9042031840221796e-11, 0.0, 0.0, 0.0, 1.0], "right_foot_pose": [0.9999994976437157, 0.0009980467326438983, 9.281721716224752e-05, -0.0021466949876638663, -0.0010023533827943946, 0.9957132125402921, 0.09248888398281549, -0.15127026141191915, -1.1110101487918678e-07, -0.09248893055609517, 0.9957137127330212, 0.023884419040891836, 0.0, 0.0, 0.0, 1.0]}, {"left_foot_pose": [0.9989687876915145, -0.04494917452304677, -0.006397884638203536, -0.014989001929256014, 0.045402216004806435, 0.989000677356814, 0.1407703767474427, -0.01775393319265864, 8.737934552342306e-12, -0.14091569074258817, 0.9900215998161557, 4.059399344447101e-11, 0.0, 0.0, 0.0, 1.0], "right_foot_pose": [0.9999989677730934, 0.001425178542010109, 0.0001825345742140104, -0.0030673372960312354, -0.001436820350505164, 0.991911215095056, 0.12692547780461505, -0.1561147283914564, -1.6662390401415354e-07, -0.12692560905811284, 0.9919122389431433, 0.02500000269516281, 0.0, 0.0, 0.0, 1.0]}, {"left_foot_pose": [0.9989687876919962, -0.04499229098827936, -0.006087279261757864, -0.01498900196328786, 0.045402215994207365, 0.9899493542452706, 0.13393623412724276, -0.017753933227716935, 1.5456041261248044e-10, -0.1340744934019825, 0.9909712560003962, 2.9479791524567034e-10, 0.0, 0.0, 0.0, 1.0], "right_foot_pose": [0.9999982105426553, 0.001869058444314569, 0.00029245857641539626, -0.004031448544261199, -0.0018918011111870713, 0.9879934437229537, 0.15448422653790472, -0.1611879317732879, -2.0710793497636877e-07, -0.15448450336843092, 0.9879952116376712, 0.02500000173657982, 0.0, 0.0, 0.0, 1.0]}, {"left_foot_pose": [0.9989687876927256, -0.04507064817793308, -0.00547703282339187, -0.014989001969321654, 0.04540221597816081, 0.9916734206649512, 0.12050919272382578, -0.017753933250094615, 4.476046359088446e-10, -0.12063359158831644, 0.9926971021316141, 8.14087137979147e-10, 0.0, 0.0, 0.0, 1.0], "right_foot_pose": [0.9999972601493032, 0.002305199417368191, 0.0004071234858638961, -0.004983045712948926, -0.002340874587927405, 0.9847738314269346, 0.17382468536683324, -0.166195285438849, -2.2399160635547957e-07, -0.1738251621381703, 0.984776529476403, 0.024992550831179988, 0.0, 0.0, 0.0, 1.0]}, {"left_foot_pose": [0.998968787693481, -0.04517419108544642, -0.0045446313375056765, -0.014989001945287064, 0.045402215961539726, 0.9939516395718266, 0.09999388470431593, -0.017753932908301264, 9.14154251325844e-10, -0.10009710611328332, 0.9949776727885642, 1.6756164233910908e-09, 0.0, 0.0, 0.0, 1.0], "right_foot_pose": [0.9999961977602921, 0.0027132141046751343, 0.000492883536726698, -0.005866145960065347, -0.0027576194291370946, 0.9839068610526057, 0.1786608079817514, -0.17084219595103695, -2.064693166741499e-07, -0.1786614878557503, 0.9839106020148004, 0.021837793161953847, 0.0, 0.0, 0.0, 1.0]}, {"left_foot_pose": [0.998968787693725, -0.045283712723038334, -0.0032781970270003473, -0.014989001851203138, 0.045402215956168106, 0.9963614056931345, 0.07212896804662774, -0.017753932540645, 1.5299280733062901e-09, -0.072203425176506, 0.9973899264544343, 2.8954730973973497e-09, 0.0, 0.0, 0.0, 1.0], "right_foot_pose": [0.9999951464558078, 0.003071918474413037, 0.0005199824171498233, -0.006624761984022771, -0.003115616279809828, 0.9859781953268691, 0.16684511163101895, -0.17483407040569962, -1.567444783631129e-07, -0.16684592190658065, 0.9859829807573348, 0.014923779522704114, 0.0, 0.0, 0.0, 1.0]}, {"left_foot_pose": [0.9989687876931755, -0.045371027583125896, -0.0016825786399623118, -0.01498900185520575, 0.04540221596825921, 0.9982825626159627, 0.03702112859002088, -0.017753932292607223, 2.2700880247427085e-09, -0.037059344745401616, 0.9993130665447352, 4.392820641963002e-09, 0.0, 0.0, 0.0, 1.0], "right_foot_pose": [0.9999942591944907, 0.0033540703480762603, 0.0004814459072923003, -0.00720291113279047, -0.003388447735050825, 0.989852674209702, 0.14205703707260625, -0.17787632416296587, -9.12230401148191e-08, -0.14205785290507947, 0.9898583567500913, 0.007129214382870466, 0.0, 0.0, 0.0, 1.0]}, {"left_foot_pose": [0.9989687876902787, -0.045401696745894275, 0.00021714789757802558, -0.01498900157743122, 0.0454022160319911, 0.9989573617070034, -0.004777893967898736, -0.017753932277979903, 3.0021494102310635e-09, 0.004782825940581046, 0.9999885622226001, 5.890516088791209e-09, 0.0, 0.0, 0.0, 1.0], "right_foot_pose": [0.9999936998082126, 0.003529378921492857, 0.00037924703188439024, -0.007544609930660846, -0.0035496963084029214, 0.9942708799452861, 0.10683078652216417, -0.1796743686598703, -2.795399053649846e-08, -0.10683145967950945, 0.9942771440713826, 0.0013328065744430545, 0.0, 0.0, 0.0, 1.0]}, {"left_foot_pose": [0.998968787683929, -0.04534281281354597, 0.0023217578379604985, -0.014989000291758576, 0.04540221617170709, 0.997661753158329, -0.051084880852834545, -0.017753932323315163, 3.1950834869382337e-09, 0.05113761444579131, 0.9986916162603923, 6.730287771539167e-09, 0.0, 0.0, 0.0, 1.0], "right_foot_pose": [0.9999935840315584, 0.003575174188836356, 0.0002236632241603211, -0.0076134101955617015, -0.003582163552708448, 0.9980423839330377, 0.06243851357568281, -0.180036413632674, 3.1846859944848035e-09, -0.062438914170399984, 0.998048787383273, 6.710336938886563e-09, 0.0, 0.0, 0.0, 1.0]}, {"left_foot_pose": [0.9989687876800168, -0.045184311218581005, 0.004442888792302073, -0.01498899926188654, 0.04540221625778165, 0.9941742948965981, -0.09775535855253513, -0.017753932129907946, 2.7117306519235625e-09, 0.09785626902020848, 0.9952005579848946, 6.803457935911084e-09, 0.0, 0.0, 0.0, 1.0], "right_foot_pose": [0.9999935840316985, 0.003581744844320324, 5.4765942421520754e-05, -0.0076134092664431, -0.003582163513612491, 0.9998766969997915, 0.015289175953883594, -0.18003641325729045, 2.737530048042466e-09, -0.0152892740395762, 0.9998831122182945, 6.3544287817740575e-09, 0.0, 0.0, 0.0, 1.0]}, {"left_foot_pose": [0.9989687876827646, -0.04494490281289358, 0.006427825975219381, -0.014989001394595351, 0.045402216197319926, 0.988906675697172, -0.14142922444085265, -0.01775393219866694, 2.7302825824381998e-09, 0.1415752184271977, 0.9899275011470751, 6.038271854746924e-09, 0.0, 0.0, 0.0, 1.0], "right_foot_pose": [0.9999935840320295, 0.003580568208546028, -0.00010689284263051166, -0.007613411374705187, -0.003582163421153181, 0.9995482890893365, -0.02983933450672673, -0.18003641303316947, 2.7854682688123815e-09, 0.02983952596614299, 0.9995547021999927, 5.245986457735885e-09, 0.0, 0.0, 0.0, 1.0]}, {"left_foot_pose": [0.9990557882149214, -0.04275421555893513, 0.007720692080581007, -0.014832851351552894, 0.04344573661713748, 0.983145684718433, -0.17758668471853165, -0.018549911420350364, 2.0142967894207666e-06, 0.17775443643258196, 0.9840748753649179, 0.0028444570074723646, 0.0, 0.0, 0.0, 1.0], "right_foot_pose": [0.9999935840321736, 0.0035734805730844327, -0.00024926107042429934, -0.007613411825120809, -0.0035821633808965623, 0.9975697385124698, -0.06958293547756712, -0.18003641332067025, 2.0326970473121148e-09, 0.06958338192957046, 0.9975761389283745, 3.7219256912579546e-09, 0.0, 0.0, 0.0, 1.0]}, {"left_foot_pose": [0.9992793529384236, -0.03715773149028611, 0.0077509858381203875, -0.01439488703839149, 0.03795753908069042, 0.9782006488802163, -0.20416345352991735, -0.020782440016701858, 4.231410083309401e-06, 0.2043105320849137, 0.9789061275021604, 0.009617036113992658, 0.0, 0.0, 0.0, 1.0], "right_foot_pose": [0.9999935840321906, 0.003563339719845571, -0.00036674854448167553, -0.00761341208382694, -0.0035821633762164007, 0.9947388267563084, -0.10238083145310596, -0.18003641332172318, 1.3335844441476228e-09, 0.10238148833419124, 0.9947452090090588, 2.392565444375716e-09, 0.0, 0.0, 0.0, 1.0]}, {"left_foot_pose": [0.9995601289128322, -0.02893200126481854, 0.006518281259294487, -0.013732674698075632, 0.029657185468821085, 0.975073034505175, -0.21989322120278887, -0.0241580860108543, 6.150666705484375e-06, 0.2199898104087622, 0.9755021697969141, 0.017439490331812725, 0.0, 0.0, 0.0, 1.0], "right_foot_pose": [0.9999935840321388, 0.00355263433115724, -0.00045900312288923355, -0.007613412210914166, -0.0035821633907093158, 0.991750304794671, -0.1281346988333754, -0.18003641312521154, 7.569390838667671e-10, 0.12813552094944866, 0.9917566678732307, 1.369052302080398e-09, 0.0, 0.0, 0.0, 1.0]}, {"left_foot_pose": [0.9998144101372396, -0.018789311780010934, 0.004255237332733109, -0.012903801736404546, 0.019265129857469837, 0.9750365835511332, -0.2212069517635239, -0.028383302576910796, 7.314313483043602e-06, 0.22124787569549362, 0.9752176051767796, 0.023433113604603484, 0.0, 0.0, 0.0, 1.0], "right_foot_pose": [0.9999935840320646, 0.0035432526458891835, -0.0005265504661988932, -0.007613412218312332, -0.0035821634114113726, 0.9891313020311702, -0.14699127677320295, -0.18003641285013564, 3.1786732861745566e-10, 0.14699221987169855, 0.9891376483064377, 6.606029126499102e-10, 0.0, 0.0, 0.0, 1.0]}, {"left_foot_pose": [0.9999718504672364, -0.007346136526111244, 0.0015272692206410865, -0.011965851642550183, 0.007503213906046365, 0.9788370745254443, -0.20450350440897297, -0.033164544991300685, 7.36292751129029e-06, 0.2045092071585295, 0.9788646403528827, 0.02500000169667621, 0.0, 0.0, 0.0, 1.0], "right_foot_pose": [0.9999935840320022, 0.003536523399336915, -0.0005699974358646877, -0.007613412121571042, -0.003582163428844233, 0.9872527548593912, -0.15911997400613276, -0.18003641268894804, 2.7445431179898495e-11, 0.15912099492144094, 0.9872590890820967, 2.563030412905398e-10, 0.0, 0.0, 0.0, 1.0]}, {"left_foot_pose": [0.9999879684748381, 0.004827447662316716, -0.0008710078271559139, -0.010976410038371886, -0.004905391266962011, 0.9843318852773059, -0.1762574161927481, -0.03820825631917769, 6.487324829813998e-06, 0.17625956818139865, 0.9843437227830644, 0.025000002879011954, 0.0, 0.0, 0.0, 1.0], "right_foot_pose": [0.9999935840319712, 0.003533067315996253, -0.0005910416512760687, -0.0076134119931773395, -0.003582163437491883, 0.9862879490261517, -0.16499469600836997, -0.18003641270614784, -1.097539835783815e-10, 0.16499575461546861, 0.9862942770587652, 3.9300021570376487e-11, 0.0, 0.0, 0.0, 1.0]}, {"left_foot_pose": [0.9998514360325387, 0.01706385923885667, -0.002435276482775848, -0.009993065678890516, -0.017236758356754443, 0.9898630069095823, -0.14097560680228452, -0.04322088583495396, 5.0021913097430765e-06, 0.14099663917908795, 0.9900100745523661, 0.025000003861145766, 0.0, 0.0, 0.0, 1.0], "right_foot_pose": [0.9999935840319744, 0.0035330653299595017, -0.0005910535177495393, -0.007613411848014105, -0.0035821634366127834, 0.9862873945716407, -0.16499801033405936, -0.1800364127147884, -1.1575007605635365e-10, 0.16499906896240107, 0.986293722600697, 3.0090971381291354e-11, 0.0, 0.0, 0.0, 1.0]}, {"left_foot_pose": [0.9995861393340965, 0.02863936171997534, -0.0027086918299929316, -0.009073403721049, -0.02876716951818016, 0.9951549891729874, -0.0940159427013566, -0.04790889120641394, 3.0115982806405655e-06, 0.09405495459775036, 0.9955670070399815, 0.022459724857928735, 0.0, 0.0, 0.0, 1.0], "right_foot_pose": [0.9999935840320027, 0.0035389120135827885, -0.0005549744047052766, -0.0076134117213453355, -0.0035821634286779744, 0.9879195613070885, -0.15492613882744358, -0.18003641286875433, 9.651852498293454e-11, 0.1549271328353112, 0.9879258998079915, 3.1847390002948117e-10, 0.0, 0.0, 0.0, 1.0]}, {"left_foot_pose": [0.9992480010784632, 0.0387285421596749, -0.001879458135367619, -0.008275012109357445, -0.03877411944912486, 0.9980750290159294, -0.04840252179172111, -0.051978707944857504, 1.2811271457424125e-06, 0.04843899748177426, 0.998826142790286, 0.01583856298911708, 0.0, 0.0, 0.0, 1.0], "right_foot_pose": [0.9999935840320637, 0.003545692569573249, -0.0005098616575506468, -0.007613411623551523, -0.0035821634116503316, 0.9898124290182937, -0.14233243996432318, -0.18003641305038395, 3.3093249720049995e-10, 0.14233335317172663, 0.9898187796636779, 7.572028559721389e-10, 0.0, 0.0, 0.0, 1.0]}, {"left_foot_pose": [0.9989165817046476, 0.04653556800633614, -0.0003220338977610335, -0.0076554814765780535, -0.04653668225697981, 0.9988926832546752, -0.006909742744051631, -0.05513678232029634, 1.2850086107658056e-07, 0.006917242991522448, 0.999976075588502, 0.0079981784257541, 0.0, 0.0, 0.0, 1.0], "right_foot_pose": [0.999993584032119, 0.0035543474491455157, -0.00044554327309755863, -0.007613411590967032, -0.003582163396252175, 0.9922285304726477, -0.12437729463810239, -0.18003641313212768, 6.271988829011175e-10, 0.124378092646179, 0.9922348966195951, 1.2665803267308817e-09, 0.0, 0.0, 0.0, 1.0]}, {"left_foot_pose": [0.9986814750231271, 0.05131506252339889, 0.0014407650231482853, -0.007272398053211658, -0.051335284605883075, 0.998288212311651, 0.02802380620190031, -0.05708956610673018, -2.553719260529024e-07, -0.028060818195989722, 0.9996062177088072, 0.0018172767299909146, 0.0, 0.0, 0.0, 1.0], "right_foot_pose": [0.9999935840321376, 0.00356353142084821, -0.00036488131328468086, -0.007613411643700429, -0.0035821633910467264, 0.9947923254454419, -0.10185969438541352, -0.18003641301053797, 9.08693483135977e-10, 0.10186034792137022, 0.9947987080416506, 1.7252186415572801e-09, 0.0, 0.0, 0.0, 1.0]}, {"left_foot_pose": [0.9986178761342513, 0.0524750402415161, 0.0029508671215872553, -0.007174776228586188, -0.05255794388213798, 0.9970426791317964, 0.056067446210544, -0.0575871983550958, 1.0354679832398241e-09, -0.05614504556362497, 0.9984226228700247, 1.9636469811290524e-09, 0.0, 0.0, 0.0, 1.0], "right_foot_pose": [0.9999935840320405, 0.0035716616126841494, -0.0002740950172000147, -0.007613412123226695, -0.0035821634180999993, 0.9970619313794165, -0.07651583561063803, -0.18003641272102072, 1.0344178247361273e-09, 0.07651632654063192, 0.997068328537582, 1.948535402473972e-09, 0.0, 0.0, 0.0, 1.0]}, {"left_foot_pose": [0.9986178761334285, 0.05237902331716063, 0.004333057015781455, -0.007174777019025133, -0.05255794389777473, 0.9952183262136576, 0.08232949472531086, -0.057587198524690054, 7.732726215004255e-10, -0.08244344173326963, 0.9965957449814716, 1.9981230905963265e-09, 0.0, 0.0, 0.0, 1.0], "right_foot_pose": [0.9999935840319305, 0.003577638342252781, -0.00017999685071531284, -0.0076134129345431035, -0.0035821634488425462, 0.99873036995062, -0.05024754962506526, -0.18003641265209566, 7.61161974704231e-10, 0.05024787201653068, 0.9987367778137592, 1.9582672844409288e-09, 0.0, 0.0, 0.0, 1.0]}, {"left_foot_pose": [0.9986178761337329, 0.05225637769925386, 0.005622139797812672, -0.007174776064143644, -0.05255794389198641, 0.9928880196172072, 0.10682248374976185, -0.05758719843296084, 8.077383065374983e-10, -0.10697032995356386, 0.9942622131558793, 1.5147596926778917e-09, 0.0, 0.0, 0.0, 1.0], "right_foot_pose": [0.9999935840319624, 0.003580996001513437, -9.144696750192809e-05, -0.007613411992135486, -0.003582163439978613, 0.9996676886211067, -0.02552803227872341, -0.18003641281446253, 7.971171858955844e-10, 0.025528196069667778, 0.9996741024981236, 1.5164813640944352e-09, 0.0, 0.0, 0.0, 1.0]}, {"left_foot_pose": [0.9986178761338677, 0.05212830813043874, 0.006706486214270667, -0.007174775754684599, -0.052557943889426806, 0.9904546569445615, 0.12742540983237083, -0.057587198188394334, 5.247302054912182e-10, -0.12760177125843475, 0.9918254826186467, 9.528406952341584e-10, 0.0, 0.0, 0.0, 1.0], "right_foot_pose": [0.9999869302228008, 0.005112666543003634, -4.939522370326377e-06, -0.00773990420078349, -0.0051126689291156584, 0.9999864652584727, -0.0009643216717133037, -0.18065761581292095, 9.200367366596792e-09, 0.0009643343223863021, 0.9999995350295492, 0.0022503011500421555, 0.0, 0.0, 0.0, 1.0]}, {"left_foot_pose": [0.9986178761344539, 0.05201176464124059, 0.007557367505807657, -0.007174775708243611, -0.05255794387829125, 0.9882402938869572, 0.14359242345439902, -0.05758719814046006, 2.480242743180864e-10, -0.1437911606362691, 0.9896080547989067, 5.176207379387066e-10, 0.0, 0.0, 0.0, 1.0], "right_foot_pose": [0.9999477053683214, 0.010222312598969973, 0.0003014195698684434, -0.008162579639752636, -0.010226755511505082, 0.9995149555095952, 0.02941542425938863, -0.18273337848313514, -5.797059561471337e-07, -0.029416968534858905, 0.9995672273348517, 0.008710108056516862, 0.0, 0.0, 0.0, 1.0]}, {"left_foot_pose": [0.9986178761350358, 0.05192369611327947, 0.008140469610920745, -0.0071747757647889505, -0.052557943867226016, 0.9865669642712978, 0.15467154730255306, -0.05758719824218857, 2.7719555572496624e-11, -0.15488561841065906, 0.9879324092312939, 2.0522074317685934e-10, 0.0, 0.0, 0.0, 1.0], "right_foot_pose": [0.9998336823599305, 0.018198524820435703, 0.0011921882995726094, -0.00882471258014941, -0.0182375331510984, 0.9977014805739974, 0.065262148639284, -0.18598511781552887, -1.7731997598515712e-06, -0.06527303696637243, 0.9978674414179683, 0.0165584608300849, 0.0, 0.0, 0.0, 1.0]}, {"left_foot_pose": [0.9986178761353365, 0.051877151889066275, 0.008431997084270509, -0.007174775907947708, -0.05255794386151694, 0.9856826094919713, 0.16021066095035072, -0.057587198380013235, -9.688360546221202e-11, -0.16043239840187343, 0.9870468304710894, 2.7841673411188594e-11, 0.0, 0.0, 0.0, 1.0], "right_foot_pose": [0.999596027503988, 0.028267565700744065, 0.0029540696674830846, -0.00966661458754808, -0.028421502191999827, 0.9941943487311947, 0.10377771997931728, -0.19011970497801492, -3.375851381321238e-06, -0.10381975573227667, 0.9945961282391432, 0.02291665407995319, 0.0, 0.0, 0.0, 1.0]}, {"left_foot_pose": [0.9986178761353858, 0.05189423345201462, 0.008326223470461419, -0.007174776056514795, -0.052557943860583274, 0.9860071644789886, 0.15820092962196372, -0.05758719840324214, -2.0800390053665463e-11, -0.15841988552746025, 0.9873718346547399, 5.2356556590194003e-11, 0.0, 0.0, 0.0, 1.0], "right_foot_pose": [0.9991975027418136, 0.039677559218680415, 0.005481040865730015, -0.010628595056916072, -0.04005434421677803, 0.989814889637668, 0.1366094204692157, -0.1948440051730256, -4.887489115196303e-06, -0.13671933128134897, 0.9906098245172481, 0.025000002479122277, 0.0, 0.0, 0.0, 1.0]}, {"left_foot_pose": [0.998617876134695, 0.0519528233451417, 0.007952459412025385, -0.007174776139361734, -0.052557943873703626, 0.9871203906563439, 0.15109929479066506, -0.057587198431525786, 1.2835736720640438e-10, -0.15130842176473946, 0.9884866015799428, 3.110108628967545e-10, 0.0, 0.0, 0.0, 1.0], "right_foot_pose": [0.9986255738986312, 0.0517011224817264, 0.00859983079827237, -0.011650965330204368, -0.052411478886808575, 0.9851096591274736, 0.16374369109877276, -0.19986487836759262, -6.043757132527222e-06, -0.1639693673461061, 0.9864654309886339, 0.02500000162647291, 0.0, 0.0, 0.0, 1.0]}, {"left_foot_pose": [0.9986178761336659, 0.05205583060323716, 0.007247617987635514, -0.007174776195711129, -0.052557943893264965, 0.9890775606677775, 0.1377070859367523, -0.057587198465056805, 4.1852627910110776e-10, -0.13789767758626983, 0.9904464803896849, 8.145651306246116e-10, 0.0, 0.0, 0.0, 1.0], "right_foot_pose": [0.997900281439705, 0.06366400616884148, 0.011913128098515049, -0.012674037621575804, -0.06476903781249957, 0.980893693920407, 0.1834462672501716, -0.20488920014699208, -6.58793683364032e-06, -0.18383268356228757, 0.982957549648451, 0.025000000716654924, 0.0, 0.0, 0.0, 1.0]}, {"left_foot_pose": [0.9986178761325196, 0.052192636255483926, 0.00618596712567848, -0.007174776213918991, -0.05255794391504673, 0.9916769108778847, 0.11753538600