{"LoopMode": "Wrap", "FrameDuration": 0.0167, "EnableCycleOffsetPosition": true, "EnableCycleOffsetRotation": false, "Debug_info": [{"left_foot_pose": [1.0000000000000007, 1.1727667383348453e-13, -8.598954881477999e-12, 1.4881778519487893e-12, -3.392227959270495e-14, 0.9999533920771367, 0.009654722856145256, 6.417262554681002e-14, 8.599302500627345e-12, -0.009654722856145426, 0.9999533920771372, 1.7927360984604235e-11, 0.0, 0.0, 0.0, 1.0], "right_foot_pose": [0.9999999999999999, -1.9944154807918407e-13, -8.660960837403307e-12, 1.203422742384925e-12, 7.138032464957616e-14, 0.9998906072647029, -0.014790994010678274, -0.14000000000216936, 8.662942127098087e-12, 0.014790994010678125, 0.9998906072647027, 1.5009569975799053e-11, 0.0, 0.0, 0.0, 1.0]}, {"left_foot_pose": [1.0000000000000004, 1.8055231247816433e-13, -1.918287750868331e-11, 3.238997953877766e-12, -5.237025275516144e-14, 0.9999777903260603, 0.006664747152775005, 1.0547084039469468e-12, 1.9183588070598866e-11, -0.006664747152775178, 0.9999777903260603, 3.900402223422361e-11, 0.0, 0.0, 0.0, 1.0], "right_foot_pose": [0.9999999999999998, -5.239620830854281e-13, -1.9296952924463536e-11, 2.799718505414674e-12, 1.8080431557942516e-13, 0.9998418872436398, -0.01778202781115708, -0.14000000000391144, 1.9303183274745678e-11, 0.017782027811156932, 0.9998418872436396, 3.4555476535746976e-11, 0.0, 0.0, 0.0, 1.0]}, {"left_foot_pose": [1.0000000000000004, 1.1154644930739592e-13, -3.3689051548435607e-11, 5.6179396841596985e-12, -2.697130499019768e-14, 0.9999968733528315, 0.0025006568261148375, 2.809603244502412e-12, 3.3689082073005774e-11, -0.0025006568261150097, 0.9999968733528317, 6.778999583900713e-11, 0.0, 0.0, 0.0, 1.0], "right_foot_pose": [0.9999999999999999, -1.1250304979543993e-12, -3.389460934144494e-11, 5.028777349114581e-12, 3.80877174158336e-13, 0.9997590936358323, -0.021948910962938314, -0.14000000000588567, 3.3910929299051514e-11, 0.021948910962938162, 0.9997590936358323, 6.165497973276146e-11, 0.0, 0.0, 0.0, 1.0]}, {"left_foot_pose": [1.0000000000000004, -2.366354180682087e-13, -5.190964325052506e-11, 8.593287774316122e-12, 9.083316918830762e-14, 0.9999960374904434, -0.002815138258095899, 5.473526146215768e-12, 5.190978240170933e-11, 0.0028151382580957245, 0.9999960374904437, 1.0404302419608769e-10, 0.0, 0.0, 0.0, 1.0], "right_foot_pose": [0.9999999999999999, -2.1441360625949024e-12, -5.22734633356947e-11, 7.871532624832006e-12, 7.178828205417121e-13, 0.999628090672461, -0.02727050308538398, -0.14000000000788163, 5.231237457035925e-11, 0.027270503085383837, 0.9996280906724611, 9.593670302621149e-11, 0.0, 0.0, 0.0, 1.0]}, {"left_foot_pose": [1.0000000000000004, -1.0479139783879696e-12, -7.403866408850489e-11, 1.2201143094602302e-11, 3.61804898677393e-13, 0.9999570252469843, -0.009270796039341736, 9.285188937169231e-12, 7.404497397130379e-11, 0.00927079603934156, 0.9999570252469845, 1.4835691009018603e-10, 0.0, 0.0, 0.0, 1.0], "right_foot_pose": [1.0, -3.7765266594871586e-12, -7.466510743014962e-11, 1.1377014632310739e-11, 1.2554957308957955e-12, 0.9994307600541268, -0.03373656558736011, -0.14000000000969193, 7.475004720294593e-11, 0.03373656558735996, 0.9994307600541269, 1.3780057650514266e-10, 0.0, 0.0, 0.0, 1.0]}, {"left_foot_pose": [1.0000000000000007, -2.5662213110604984e-12, -1.0071837808212078e-10, 1.655422607071119e-11, 8.662812428443482e-13, 0.9998575585843652, -0.01687787136204182, 1.4613948939867782e-11, 1.0074702394651501e-10, 0.016877871362041646, 0.9998575585843652, 2.0228000524591394e-10, 0.0, 0.0, 0.0, 1.0], "right_foot_pose": [0.9999999999999999, -6.297104309586664e-12, -1.0176398612671274e-10, 1.567409527151334e-11, 2.0827624045170815e-12, 0.9991442828583722, -0.04136063383736922, -0.1400000000110816, 1.0193709909089434e-10, 0.04136063383736909, 0.9991442828583723, 1.885247652433364e-10, 0.0, 0.0, 0.0, 1.0]}, {"left_foot_pose": [1.0000000000000002, -5.133766619876008e-12, -1.3304946033798607e-10, 2.1846286220785174e-11, 1.7163205717515186e-12, 0.9996703333184931, -0.025675371134483527, 2.200335399993314e-11, 1.3313703592736673e-10, 0.025675371134483354, 0.9996703333184935, 2.683961178306937e-10, 0.0, 0.0, 0.0, 1.0], "right_foot_pose": [0.9999999999999997, -1.0101314547150738e-11, -1.3474205085017835e-10, 2.097906138062403e-11, 3.326740546386238e-12, 0.9987399812720791, -0.05018415894131432, -0.14000000001173715, 1.3507889978763787e-10, 0.050184158941314186, 0.9987399812720791, 2.50314116656547e-10, 0.0, 0.0, 0.0, 1.0]}, {"left_foot_pose": [1.0000000000000007, -9.244136539660075e-12, -1.7258100504236025e-10, 2.8356071171866133e-11, 3.0722345287095253e-12, 0.9993614739165422, -0.035730161647510805, 3.222328306962119e-11, 1.7280068661690834e-10, 0.03573016164751062, 0.9993614739165425, 3.504019782663015e-10, 0.0, 0.0, 0.0, 1.0], "right_foot_pose": [1.0, -1.5761629646929426e-11, -1.7525231266191091e-10, 2.760426468454604e-11, 5.16935014675895e-12, 0.9981816861330607, -0.06027703931481582, -0.14000000001119559, 1.758836946521862e-10, 0.06027703931481568, 0.9981816861330607, 3.263215114790441e-10, 0.0, 0.0, 0.0, 1.0]}, {"left_foot_pose": [1.0000000000000004, -1.5610914247628878e-11, -2.2129376109347708e-10, 3.6453742887544676e-11, 5.163208799438921e-12, 0.9988885228147881, -0.04713511418137691, 4.63281323026532e-11, 2.2178317428792357e-10, 0.04713511418137672, 0.9988885228147881, 4.532260261536081e-10, 0.0, 0.0, 0.0, 1.0], "right_foot_pose": [1.0, -2.4101686773925878e-11, -2.2542689936955172e-10, 3.596983901248626e-11, 7.868446868139267e-12, 0.9974236602315006, -0.07173591855128321, -0.14000000000875465, 2.265749838184226e-10, 0.07173591855128304, 0.9974236602315004, 4.206874779089098e-10, 0.0, 0.0, 0.0, 1.0]}, {"left_foot_pose": [1.0000000000000007, -2.52437843138519e-11, -2.814853350407982e-10, 4.659829965761579e-11, 8.30832350595325e-12, 0.9981981216583431, -0.060004249164178965, 6.56890375427821e-11, 2.8249251830896606e-10, 0.06000424916417877, 0.998198121658343, 5.830186750044319e-10, 0.0, 0.0, 0.0, 1.0], "right_foot_pose": [1.0000000000000002, -3.62773324928653e-11, -2.8777386029688025e-10, 4.660544878081147e-11, 1.1778562357241303e-11, 0.9964082418241291, -0.08467948762804402, -0.14000000000336602, 2.8981214120111963e-10, 0.08467948762804386, 0.9964082418241292, 5.384272472319651e-10, 0.0, 0.0, 0.0, 1.0]}, {"left_foot_pose": [1.0000000000000007, -3.948547845381866e-11, -3.5528036068654894e-10, 5.928194399424609e-11, 1.2921365230370515e-11, 0.9972238638700389, -0.07446183806562513, 9.189226116146365e-11, 3.5723426456584515e-10, 0.07446183806562494, 0.9972238638700389, 7.464761170306033e-10, 0.0, 0.0, 0.0, 1.0], "right_foot_pose": [1.0, -5.380772848593153e-11, -3.646970503368149e-10, 6.00956295752705e-11, 1.7350519090811002e-11, 0.995063756821415, -0.09923769374815253, -0.13999999999354645, 3.6823622214730987e-10, 0.09923769374815238, 0.995063756821415, 6.846668093585251e-10, 0.0, 0.0, 0.0, 1.0]}, {"left_foot_pose": [1.0000000000000002, -5.9865780285648e-11, -4.432805233989246e-10, 7.483952854222018e-11, 1.9450647735894537e-11, 0.9958857249755683, -0.09061800477768017, 1.262491604314686e-10, 4.468813825231822e-10, 0.09061800477768, 0.9958857249755684, 9.483863902537415e-10, 0.0, 0.0, 0.0, 1.0], "right_foot_pose": [0.9999999999999998, -7.838813321705129e-11, -4.5711007201631973e-10, 7.687297845360702e-11, 2.5054668827843346e-11, 0.9933043108773096, -0.11552725216395206, -0.13999999997745052, 4.6310538806929123e-10, 0.1155272521639519, 0.9933043108773093, 8.622475372588312e-10, 0.0, 0.0, 0.0, 1.0]}, {"left_foot_pose": [1.0000000000000002, -8.734189425294374e-11, -5.410349390722031e-10, 9.28792320140963e-11, 2.8117343201960143e-11, 0.9940950588415751, -0.10851273651865252, 1.6826099541455974e-10, 5.473176652055808e-10, 0.10851273651865233, 0.994095058841575, 1.1841862282424565e-09, 0.0, 0.0, 0.0, 1.0], "right_foot_pose": [0.9999999999999998, -1.1097864734925141e-10, -5.607485031866582e-10, 9.658361530652381e-11, 3.507072754644352e-11, 0.9910360116592838, -0.1335949983886373, -0.1399999999535249, 5.70548014187196e-10, 0.1335949983886372, 0.9910360116592837, 1.064958940477645e-09, 0.0, 0.0, 0.0, 1.0]}, {"left_foot_pose": [1.0000000000000004, -1.1974587303682953e-10, -6.302556809778515e-10, 1.107066971209242e-10, 3.8095934416701276e-11, 0.991775658349019, -0.127988450675718, 2.115105729449951e-10, 6.403981810355132e-10, 0.1279884506757178, 0.9917756583490193, 1.4192022002035287e-09, 0.0, 0.0, 0.0, 1.0], "right_foot_pose": [0.9999999999999996, -1.4878508986035768e-10, -6.568390831240824e-10, 1.1631808388254848e-10, 4.634097052702663e-11, 0.9881815060444062, -0.15328832673041143, -0.13999999992288922, 6.718832087825575e-10, 0.15328832673041132, 0.988181506044406, 1.2595549742089318e-09, 0.0, 0.0, 0.0, 1.0]}, {"left_foot_pose": [1.0000000000000004, -1.450811489230308e-10, -6.603298463581071e-10, 1.1962460257969267e-10, 4.548210164003159e-11, 0.9889274146842559, -0.14840002859135418, 2.3481878941300494e-10, 6.745481790918022e-10, 0.14840002859135396, 0.9889274146842559, 1.5396367444853176e-09, 0.0, 0.0, 0.0, 1.0], "right_foot_pose": [0.9999999999999999, -1.7737783410200209e-10, -6.921893613842645e-10, 1.2647751786960654e-10, 5.4260511255794405e-11, 0.9847528044016793, -0.17395951892043143, -0.13999999989569434, 7.12491711748367e-10, 0.1739595189204313, 0.9847528044016796, 1.3452080907527808e-09, 0.0, 0.0, 0.0, 1.0]}, {"left_foot_pose": [0.9999999986267208, 5.1623652543668816e-05, -9.030920469056287e-06, 1.5374545694806073e-10, -5.24071254157121e-05, 0.9857829964314531, -0.1680234543155216, -1.8766673864457212e-05, 2.28543415539363e-07, 0.16802345455806283, 0.9857829977831446, 0.00016386122357473637, 0.0, 0.0, 0.0, 1.0], "right_foot_pose": [0.9999999999999999, -1.619138352444855e-10, -5.691445092992344e-10, 7.621135279688842e-11, 4.8537460461793e-11, 0.9810389078693251, -0.19381089042301494, -0.13999999996406018, 5.897332753057522e-10, 0.1938108904230148, 0.9810389078693251, 1.0753477344693785e-09, 0.0, 0.0, 0.0, 1.0]}, {"left_foot_pose": [0.9999989051035065, 0.0014537324548257098, -0.00027650269232878965, 1.985956776558563e-09, -0.001479793958770276, 0.9825477609539529, -0.18600459041167322, -0.0005299850604768286, 1.2761914170700753e-06, 0.18600479592291277, 0.9825488363903588, 0.004191209232998545, 0.0, 0.0, 0.0, 1.0], "right_foot_pose": [1.0, -1.1672996566537746e-10, -3.745581067526864e-10, -3.059832468471308e-11, 3.520124081495796e-11, 0.977556747498468, -0.21067227017388093, -0.14000000016121159, 3.907434541187508e-10, 0.2106722701738808, 0.9775567474984679, 6.163543633808111e-10, 0.0, 0.0, 0.0, 1.0]}, {"left_foot_pose": [0.9999894681895751, 0.004495448286045962, -0.0009243671559686391, 3.915703426977425e-09, -0.004589499403814209, 0.9795963981586184, -0.20092245571335482, -0.0016437473862625507, 2.2702273979139617e-06, 0.20092458201865213, 0.9796067130922885, 0.01146980256891042, 0.0, 0.0, 0.0, 1.0], "right_foot_pose": [1.0, -6.15425039521719e-11, -1.7688689402106625e-10, -6.747351410488822e-11, 2.046448382495778e-11, 0.9747194467709306, -0.22343231656716767, -0.1400000001847791, 1.861654505064541e-10, 0.2234323165671675, 0.9747194467709307, 2.834547319086056e-10, 0.0, 0.0, 0.0, 1.0]}, {"left_foot_pose": [0.999959316033073, 0.008819303887762978, -0.0018937152914536026, 3.830113898457312e-09, -0.009020325338681225, 0.9777462827776348, -0.2095968517065629, -0.0032307182726223, 3.074757739292499e-06, 0.20960540640320754, 0.9777860571705315, 0.019120926762272172, 0.0, 0.0, 0.0, 1.0], "right_foot_pose": [0.9999999999999998, -1.61863105438516e-11, -2.7186086715147346e-11, -6.032648157000026e-11, 9.451234188071213e-12, 0.9728205771823087, -0.231560196516326, -0.14000000009534197, 3.0195184663568425e-11, 0.23156019651632587, 0.9728205771823089, 7.479382391206713e-11, 0.0, 0.0, 0.0, 1.0]}, {"left_foot_pose": [0.9998961566870697, 0.014096535009114309, -0.0029939176950384717, 1.1967465280478956e-09, -0.014410962148009899, 0.9781305134854046, -0.2074922233693301, -0.005161567263007993, 3.5208615361743967e-06, 0.2075138219240253, 0.9782320858048403, 0.02426587787847017, 0.0, 0.0, 0.0, 1.0], "right_foot_pose": [1.0, 5.739918965895363e-12, 4.738875958310015e-11, -1.4158893894034894e-11, 5.544800147773437e-12, 0.9720572566418756, -0.23474388130443616, -0.1399999999969338, -4.741225925747824e-11, 0.23474388130443602, 0.9720572566418755, -9.021422497923481e-12, 0.0, 0.0, 0.0, 1.0]}, {"left_foot_pose": [0.9997918979520765, 0.02002136671889018, -0.003912245403108292, -2.1775560434672547e-10, -0.020400019049918193, 0.9812671279295687, -0.19156895068778587, -0.007306963770240964, 3.485596790280799e-06, 0.19160889467758022, 0.9814713604931566, 0.025000001240503715, 0.0, 0.0, 0.0, 1.0], "right_foot_pose": [1.0, -3.1244962733024753e-12, 3.202527132373236e-11, 7.200378022651782e-11, 1.049441048419425e-11, 0.9725229816845106, -0.23280689443285194, -0.1399999999816544, -3.041803942611941e-11, 0.2328068944328517, 0.9725229816845108, 5.547027420726991e-11, 0.0, 0.0, 0.0, 1.0]}, {"left_foot_pose": [0.9996454615747985, 0.02624617307523403, -0.00448213696951149, -2.1518274542862287e-10, -0.026626136471182896, 0.9853997047005566, -0.1681620374301959, -0.009537568437768033, 3.0865071069685574e-06, 0.16822175951689922, 0.9857491768272053, 0.025000001967571413, 0.0, 0.0, 0.0, 1.0], "right_foot_pose": [0.9999999999999998, -3.8921253102701135e-11, -6.542977271095628e-11, 1.763128718133346e-10, 2.3119013103928483e-11, 0.9741018138132154, -0.22610983243946733, -0.1399999999589437, 7.253548318614976e-11, 0.22610983243946725, 0.9741018138132154, 2.5471437459234636e-10, 0.0, 0.0, 0.0, 1.0]}, {"left_foot_pose": [0.9994642930373925, 0.032409901210721695, -0.004552498959569104, -4.804671636677443e-10, -0.03272807567496841, 0.9897580420357666, -0.1389528383594237, -0.011724048431573385, 2.424692414461357e-06, 0.13902739488689922, 0.9902885354607939, 0.024910271364915894, 0.0, 0.0, 0.0, 1.0], "right_foot_pose": [0.9999999999999998, -9.982781422744689e-11, -2.5244306645077984e-10, 2.834651356398861e-10, 4.33168018502732e-11, 0.9766931843676431, -0.2146402189940033, -0.13999999996313384, 2.6798624530067906e-10, 0.21464021899400315, 0.9766931843676427, 5.968490632279888e-10, 0.0, 0.0, 0.0, 1.0]}, {"left_foot_pose": [0.9992645657314453, 0.03814471148371245, -0.003912628192218824, 6.721104628794675e-10, -0.038344851949841434, 0.9940531152395715, -0.10192191330351233, -0.013737074500400001, 1.5782664186869392e-06, 0.10199698558451753, 0.9947847078283732, 0.021163834381728794, 0.0, 0.0, 0.0, 1.0], "right_foot_pose": [1.0, -1.8381650647477433e-10, -5.513644540933161e-10, 3.7818155207859803e-10, 7.105232525258018e-11, 0.9802175052271853, -0.19792332466435836, -0.14000000019736936, 5.76838409398489e-10, 0.19792332466435827, 0.9802175052271853, 1.1056422027921897e-09, 0.0, 0.0, 0.0, 1.0]}, {"left_foot_pose": [0.9990700803135553, 0.04303439861296699, -0.002648614408910054, 2.5782068992750984e-09, -0.04311582797166125, 0.9971843072211206, -0.061355381265648525, -0.01544730081869723, 7.647900080484248e-07, 0.06141252289195791, 0.9981124696302821, 0.013996813205329584, 0.0, 0.0, 0.0, 1.0], "right_foot_pose": [0.9999999999999998, -2.640738497980947e-10, -9.212268725633506e-10, 4.440889581774898e-10, 9.791274108453989e-11, 0.9844080465382941, -0.17589996563575572, -0.14000000038386373, 9.533134272326959e-10, 0.17589996563575563, 0.9844080465382941, 1.7661584070238767e-09, 0.0, 0.0, 0.0, 1.0]}, {"left_foot_pose": [0.998909862996404, 0.046669409724820775, -0.0010255751766791797, 2.376628660582039e-09, -0.04668067703528066, 0.9986688429935839, -0.021942115335252317, -0.016725391301910482, 1.844042867823411e-07, 0.021966069966985965, 0.9997587167762891, 0.00628791160127333, 0.0, 0.0, 0.0, 1.0], "right_foot_pose": [1.0, -3.1571161733344254e-10, -1.322092546551799e-09, 4.476734357140006e-10, 1.1533235531942373e-10, 0.9888522299888262, -0.14890019222998246, -0.14000000040543056, 1.3543636810686403e-09, 0.14890019222998233, 0.988852229988826, 2.4894385927676232e-09, 0.0, 0.0, 0.0, 1.0]}, {"left_foot_pose": [0.9988144629964362, 0.048673892400093635, 0.0007216008355189844, 6.61323662498603e-10, -0.0486792410493373, 0.998704732160692, 0.01480504814926678, -0.017442013163153115, -4.684856861714562e-08, -0.014822623197860088, 0.9998901388860344, 0.0009158374326555113, 0.0, 0.0, 0.0, 1.0], "right_foot_pose": [0.9999999999999998, -3.1002855069458963e-10, -1.6617179854350165e-09, 3.728405394905837e-10, 1.1234476578856e-10, 0.9930530549597474, -0.1176674552929283, -0.14000000017376954, 1.6866543385053984e-09, 0.11766745529292814, 0.9930530549597473, 3.1115765589118105e-09, 0.0, 0.0, 0.0, 1.0]}, {"left_foot_pose": [0.9987997401783146, 0.048919935439782763, 0.0024328864132229272, 2.952443824361453e-10, -0.04898039423822683, 0.9975668729710273, 0.0496110363837998, -0.017549999884418594, 1.8054633931942228e-09, -0.0496706539857728, 0.998765651257905, 3.3618996198025997e-09, 0.0, 0.0, 0.0, 1.0], "right_foot_pose": [1.0, -2.3236282953429598e-10, -1.8002805357575354e-09, 3.0258678955596795e-10, 8.06891056621796e-11, 0.9964829179909587, -0.08379614640438121, -0.13999999997403192, 1.8134195947019638e-09, 0.08379614640438107, 0.9964829179909587, 3.3825785922259044e-09, 0.0, 0.0, 0.0, 1.0]}, {"left_foot_pose": [0.9987997401771045, 0.0488078698932154, 0.004107415079567473, 2.804026657133446e-10, -0.04898039426289736, 0.995281650090124, 0.08375773380250894, -0.01754999999992494, 1.715986236743883e-09, -0.08385838556976774, 0.9964776822235574, 3.1727707058837318e-09, 0.0, 0.0, 0.0, 1.0], "right_foot_pose": [1.0, -1.3266611448899623e-10, -1.6930196689024506e-09, 2.6022002546352354e-10, 4.84320792165114e-11, 0.9987663256176823, -0.049657092264384986, -0.14000000008307506, 1.6975187941483361e-09, 0.04965709226438485, 0.9987663256176823, 3.2150081763493432e-09, 0.0, 0.0, 0.0, 1.0]}, {"left_foot_pose": [0.9987997401768838, 0.0486521917103041, 0.005660677024376513, 2.3995827612248444e-10, -0.04898039426740516, 0.9921070870630824, 0.11543157616794342, -0.017550000024787408, 1.3796860430430446e-09, -0.11557029047722454, 0.9932993043181957, 2.5357694000138764e-09, 0.0, 0.0, 0.0, 1.0], "right_foot_pose": [0.9999999998650041, 1.6428526322455477e-05, -3.087712550643262e-07, 3.314107582082141e-06, -1.6431419022266635e-05, 0.9998422262765854, -0.017762946948341945, -0.13999991167495376, 1.6903497559036572e-08, 0.01776294695101742, 0.999842226411555, 3.740178383847964e-05, 0.0, 0.0, 0.0, 1.0]}, {"left_foot_pose": [0.9987997401773591, 0.048478109162002715, 0.006996567280987145, 3.2837184561112023e-10, -0.048980394257706845, 0.9885572264210475, 0.14267281124687411, -0.01754999974167921, 9.723145781866363e-10, -0.14284426142762469, 0.9897451777994161, 1.7353153358712348e-09, 0.0, 0.0, 0.0, 1.0], "right_foot_pose": [0.9999985715223213, 0.001690170176715069, 1.6676050241294277e-05, 0.0003408891907548213, -0.0016902524396120362, 0.9999503985486152, 0.00981547192730782, -0.13999097210888942, -8.540516331848129e-08, -0.00981548609286002, 0.9999518269560557, 0.003492990409142159, 0.0, 0.0, 0.0, 1.0]}, {"left_foot_pose": [0.9987997401782889, 0.04830894244196229, 0.008082394442412228, 3.4862287964223734e-10, -0.04898039423875163, 0.9851076091005762, 0.16481480355952158, -0.01754999971056387, 5.937676071757142e-10, -0.16501286183896832, 0.9862914150633751, 1.0725108093301294e-09, 0.0, 0.0, 0.0, 1.0], "right_foot_pose": [0.9999834190737317, 0.0057552970960371075, 0.0001952765880207274, 0.0011613956636770892, -0.0057586089771340995, 0.9994112933686481, 0.033821666278509244, -0.13996925378695352, -5.078896826525175e-07, -0.03382223000546736, 0.9994278647092042, 0.01053849779421459, 0.0, 0.0, 0.0, 1.0]}, {"left_foot_pose": [0.9987997401792919, 0.048164100105023686, 0.008904969334776377, 2.862820740016925e-10, -0.048980394218299465, 0.982154010525523, 0.18158860259072318, -0.017549999834056945, 2.873532120458023e-10, -0.1818068179956543, 0.9833342671392552, 5.722364110338773e-10, 0.0, 0.0, 0.0, 1.0], "right_foot_pose": [0.9999313183873897, 0.011702705670633489, 0.0006365438264660234, 0.002363727449210086, -0.01172000456050155, 0.9984603849508906, 0.05421716680924008, -0.13993743245871879, -1.0762485473309684e-06, -0.054220903383341755, 0.9985289648453548, 0.01829520828029208, 0.0, 0.0, 0.0, 1.0]}, {"left_foot_pose": [0.9987997401801034, 0.04805857944989926, 0.009457904493948866, 1.5302296739851465e-10, -0.048980394201750876, 0.9800022526614953, 0.19286395661770703, -0.017549999995713966, 7.260648986318637e-11, -0.1930957216503087, 0.9811799235004497, 2.4920068786293825e-10, 0.0, 0.0, 0.0, 1.0], "right_foot_pose": [0.9998181001936041, 0.019026854915327233, 0.0013211045695353473, 0.0038467809289127056, -0.01907266427836964, 0.997422526792867, 0.06917034424850782, -0.13989818298998352, -1.605353444045004e-06, -0.06918295916021217, 0.9976039886444219, 0.023884417077733047, 0.0, 0.0, 0.0, 1.0]}, {"left_foot_pose": [0.9987997401805309, 0.04800269729685611, 0.009737559629183235, 2.2037395833954948e-11, -0.048980394193038804, 0.9788627140443272, 0.1985666337491503, -0.017550000051488095, -3.3675050800391754e-11, -0.1988052517062895, 0.9800390154958118, 1.151899270412926e-10, 0.0, 0.0, 0.0, 1.0], "right_foot_pose": [0.9996268880018905, 0.027235402047688134, 0.0020778977251390655, 0.005509449797843609, -0.027314552531971736, 0.9967355326907926, 0.07597495042170051, -0.1398541775557109, -1.9061756555881712e-06, -0.07600336010271198, 0.9971075615245647, 0.025000000766447553, 0.0, 0.0, 0.0, 1.0]}, {"left_foot_pose": [0.9987997401805437, 0.047997331873978664, 0.009763971950925454, -3.8748112953911756e-11, -0.04898039419277146, 0.9787533032861805, 0.19910522919077706, -0.017550000052179448, -3.684785154828221e-11, -0.19934449437937926, 0.9799294732584742, 1.2226934742454176e-10, 0.0, 0.0, 0.0, 1.0], "right_foot_pose": [0.999353820452502, 0.03583991834586639, 0.0027279662662707486, 0.00725062250032414, -0.03594358834693478, 0.9964755198983914, 0.07579311776128823, -0.13980809258483184, -1.9324517042012566e-06, -0.07584219469524911, 0.9971198330692624, 0.025000000721488447, 0.0, 0.0, 0.0, 1.0]}, {"left_foot_pose": [0.9987997401801962, 0.04804155367064607, 0.009544010524102942, -7.930643435797441e-11, -0.048980394199860514, 0.9796550660281907, 0.1946198155104679, -0.017550000060979027, 5.205335753187261e-11, -0.1948536905634913, 0.9808323196519313, 2.974068005756614e-10, 0.0, 0.0, 0.0, 1.0], "right_foot_pose": [0.9990112549653193, 0.04435072177501696, 0.0030864106423373673, 0.008969195150514284, -0.04445798521921509, 0.9966035902775238, 0.06931645833564899, -0.13976260567508952, -1.6929691505148068e-06, -0.06938513763036556, 0.997589947159227, 0.02499255076086683, 0.0, 0.0, 0.0, 1.0]}, {"left_foot_pose": [0.9987997401794877, 0.04813453761650731, 0.009063404759452463, -1.9703816573138355e-10, -0.04898039421430373, 0.9815511775803902, 0.1848193896028269, -0.017549999900638994, 2.465684707815418e-10, -0.18504148745347687, 0.9827307097679433, 6.668241861462754e-10, 0.0, 0.0, 0.0, 1.0], "right_foot_pose": [0.9986284519665132, 0.052276271157034745, 0.0028993787061875904, 0.01056406283540759, -0.0523566129682332, 0.9970973230220223, 0.055278508489389935, -0.1397203894751885, -1.2084474190808594e-06, -0.05535449300854556, 0.9984667646458278, 0.021837793368769953, 0.0, 0.0, 0.0, 1.0]}, {"left_foot_pose": [0.9987997401786517, 0.048268546954759385, 0.00832024001666328, -2.1910152668948649e-10, -0.048980394231352094, 0.9842838716632064, 0.16966490787617433, -0.017549999747504538, 5.156271756022171e-10, -0.1698687945402735, 0.9854666877380662, 1.1843968375502278e-09, 0.0, 0.0, 0.0, 1.0], "right_foot_pose": [0.9982497430137853, 0.0591026832222159, 0.0020792808481878656, 0.011934113054883703, -0.05913924731107728, 0.9976329254111375, 0.035086971415258725, -0.13968412410595762, -6.248785460959565e-07, -0.035148527302724386, 0.9993820996135858, 0.014923780196221863, 0.0, 0.0, 0.0, 1.0]}, {"left_foot_pose": [0.998799740178126, 0.04842864012819898, 0.0073311551233231805, -4.599446377148014e-11, -0.04898039424207206, 0.9875484630769644, 0.14949566567033856, -0.017549999677375507, 8.188573185321137e-10, -0.1496753148974804, 0.9887352022206659, 1.7718957620593834e-09, 0.0, 0.0, 0.0, 1.0], "right_foot_pose": [0.9979301913204035, 0.06430222660298757, 0.0007462607590657431, 0.012978242790848572, -0.06430655682900933, 0.9978630188871501, 0.01157852694519307, -0.1396564880371438, -1.4095055989659093e-07, -0.011602551069537252, 0.9999326881388858, 0.007129215203473788, 0.0, 0.0, 0.0, 1.0]}, {"left_foot_pose": [0.9987997401778522, 0.04859491090520956, 0.006132997209400041, 8.538109780818759e-11, -0.0489803942476552, 0.9909390276640797, 0.12506304182896497, -0.01754999983848479, 1.0838633580423667e-09, -0.12521333030585835, 0.9921298412575426, 2.3677287283585535e-09, 0.0, 0.0, 0.0, 1.0], "right_foot_pose": [0.9977287525392702, 0.06735326135870491, -0.0009351688499741305, 0.01359534767838485, -0.06735975323905238, 0.9976326110667353, -0.013850522724500599, -0.13964015766176058, 7.70645698104001e-08, 0.01388205750290376, 0.9999036395970764, 0.0013328058344138152, 0.0, 0.0, 0.0, 1.0]}, {"left_foot_pose": [0.9987997401785579, 0.04874394448587182, 0.0048069631998035175, 4.368366811400952e-10, -0.04898039423326425, 0.993978095476742, 0.09802278660180933, -0.01754999998293549, 1.1421013209997593e-09, -0.0981405807420567, 0.9951725611227497, 2.6278933473733446e-09, 0.0, 0.0, 0.0, 1.0], "right_foot_pose": [0.9976870626032854, 0.06791730611169051, -0.002786511180452577, 0.01371960453548436, -0.0679744445657914, 0.9968484202138489, -0.040898679723503036, -0.139636872702614, 1.1177971581197126e-09, 0.040993495187461794, 0.9991594133832276, 2.6647998530027195e-09, 0.0, 0.0, 0.0, 1.0]}, {"left_foot_pose": [0.9987997401794358, 0.04885740885023762, 0.0034688064133077253, 5.639821061336966e-10, -0.04898039421536183, 0.9962918424301261, 0.07073532137265987, -0.01754999985837158, 9.839091348518937e-10, -0.07082032411410226, 0.997489088507927, 2.46752891730484e-09, 0.0, 0.0, 0.0, 1.0], "right_foot_pose": [0.9976870626039334, 0.06781586573631239, -0.00464041670213792, 0.01371960466612902, -0.06797444455628174, 0.9953595412574113, -0.06810916616066168, -0.13963687256993274, 9.721197413681135e-10, 0.06826706367107115, 0.9976670827574345, 2.5541766895953444e-09, 0.0, 0.0, 0.0, 1.0]}, {"left_foot_pose": [0.9987997401800309, 0.04892906827116358, 0.002241716846410738, 3.7562785455864944e-11, -0.048980394203228264, 0.9977531098870547, 0.045712719175392, -0.01754999996615088, 8.024004661723375e-10, -0.04576765221013359, 0.9989521119709259, 2.0661337918337352e-09, 0.0, 0.0, 0.0, 1.0], "right_foot_pose": [0.997687062604062, 0.06767924652099933, -0.00632808840236057, 0.013719604105864456, -0.06797444455439323, 0.993354328643235, -0.09287977526495987, -0.13963687265883123, 7.995495895708672e-10, 0.09309509845366462, 0.9956572214592242, 1.9561687339408884e-09, 0.0, 0.0, 0.0, 1.0]}, {"left_foot_pose": [0.9987522736132651, 0.049929604630655815, 0.0009646417785494273, 0.0011051293052397981, -0.0499389222182817, 0.9985659671351952, 0.019290239164649604, -0.01661227601655931, -1.0443581468936215e-07, -0.019314343394985094, 0.999813460671145, 0.002844459158765647, 0.0, 0.0, 0.0, 1.0], "right_foot_pose": [0.9976870626036924, 0.06753287051854534, -0.0077354064366813215, 0.013719604145365341, -0.06797444455981413, 0.9912059114944066, -0.11353552706235537, -0.13963687295872274, 5.394933776591105e-10, 0.11379873645198106, 0.9935038236372986, 1.3628774012119926e-09, 0.0, 0.0, 0.0, 1.0]}, {"left_foot_pose": [0.998614232254443, 0.05262156328895499, -0.0007656473710836556, 0.004204764446522164, -0.0526271331049621, 0.9985085853072164, -0.014525492381844392, -0.013982154504255396, 1.5135667023148496e-07, 0.014545657249122598, 0.9998942063314344, 0.009617040006505269, 0.0, 0.0, 0.0, 1.0], "right_foot_pose": [0.9976870626029922, 0.06739935702378959, -0.008823365989943889, 0.013719604142538415, -0.06797444457009372, 0.9892462820785599, -0.12950393151998774, -0.1396368729939384, 2.8447020336200287e-10, 0.12980416043612059, 0.9915396512159631, 8.343761653817339e-10, 0.0, 0.0, 0.0, 1.0]}, {"left_foot_pose": [0.9983917678341624, 0.05660334126146606, -0.0031527256484915936, 0.00889150532443738, -0.05669107443320507, 0.9968474411905422, -0.05550946830477007, -0.010005322222430025, 7.651177769134493e-07, 0.055598927596739706, 0.9984531833038083, 0.01743949537957494, 0.0, 0.0, 0.0, 1.0], "right_foot_pose": [0.9976870626022936, 0.0673002731399947, -0.009549782787518621, 0.01371960409346193, -0.06797444458034702, 0.9877919892980696, -0.14016583307837788, -0.13963687286329104, 8.597747788640287e-11, 0.14049077946201463, 0.9900819869516644, 4.295670139042862e-10, 0.0, 0.0, 0.0, 1.0]}, {"left_foot_pose": [0.9980900075441494, 0.06146161891259947, -0.006229465559987718, 0.014757794044251102, -0.06177650716773577, 0.9930051954974618, -0.10061980360348322, -0.005027607662083827, 1.635642102157178e-06, 0.10081245516150893, 0.9949054472067356, 0.023433120064644625, 0.0, 0.0, 0.0, 1.0], "right_foot_pose": [0.997687062601894, 0.06725193392850537, -0.009884457480317969, 0.0137196040128253, -0.06797444458621382, 0.9870824957923705, -0.1450779838000961, -0.13963687271435585, -2.177905388547476e-11, 0.14541431801298355, 0.9893708486289753, 2.0657047600236567e-10, 0.0, 0.0, 0.0, 1.0]}, {"left_foot_pose": [0.9977172955432967, 0.0668359184215884, -0.009651848657810307, 0.02139606999534869, -0.06752923935154238, 0.9874790998242436, -0.1425651754212948, 0.0006051523854673155, 2.524390037212969e-06, 0.1428915232581878, 0.9897383556145448, 0.025000008901212067, 0.0, 0.0, 0.0, 1.0], "right_foot_pose": [0.9976870626020189, 0.06726394794330524, -0.00980236826665337, 0.013719603976939988, -0.0679744445843786, 0.9872588301560905, -0.14387312870120286, -0.13963687269619146, -1.1702959451017128e-11, 0.14420666969980253, 0.9895475917883343, 2.3884920430372603e-10, 0.0, 0.0, 0.0, 1.0]}, {"left_foot_pose": [0.9972881860669892, 0.07241065279139103, -0.013151855136801243, 0.028398750129237132, -0.07359533898813217, 0.9812423823131093, -0.17817719616077882, 0.006547119533913959, 3.2305797297937458e-06, 0.1786619279948007, 0.9839105220876261, 0.025000007938472527, 0.0, 0.0, 0.0, 1.0], "right_foot_pose": [0.9976870626027142, 0.06733533329940397, -0.00929935506504375, 0.013719604104512293, -0.06797444457417481, 0.988306580907035, -0.13649020851577154, -0.1396368727077735, 1.2645905878033033e-10, 0.13680663370357632, 0.9905977715373157, 5.158928284565434e-10, 0.0, 0.0, 0.0, 1.0]}, {"left_foot_pose": [0.9968251809826482, 0.07790194178801144, -0.01645740029800084, 0.03535827538126941, -0.07962134478830901, 0.9753083533051204, -0.20599528496389602, 0.012452469547955498, 3.6072864639911834e-06, 0.20665164755915397, 0.9784145831640471, 0.02500000593489659, 0.0, 0.0, 0.0, 1.0], "right_foot_pose": [0.9976870626039333, 0.0674588164613686, -0.008356625776357861, 0.013719604246359313, -0.06797444455627931, 0.9901189915147679, -0.12265340406627158, -0.1396368727129928, 4.128848018758194e-10, 0.12293775141676436, 0.9924143838521234, 1.0861521473892743e-09, 0.0, 0.0, 0.0, 1.0]}, {"left_foot_pose": [0.9963592160049679, 0.08327824922535222, -0.01824954486902005, 0.041867087112135805, -0.08525439971388228, 0.9732726257577649, -0.21324184223555287, 0.01797537017352252, 3.3751705893771887e-06, 0.2140213287421301, 0.9768289875060334, 0.022459726205204145, 0.0, 0.0, 0.0, 1.0], "right_foot_pose": [0.9976870626056052, 0.06765895428637385, -0.006541484103271635, 0.01371960413977279, -0.06797444453174276, 0.9930564923730079, -0.09601186305045255, -0.1396368730358069, 1.0054283797404257e-09, 0.09623444737043066, 0.9953586947122669, 2.275793845041285e-09, 0.0, 0.0, 0.0, 1.0]}, {"left_foot_pose": [0.995928886931883, 0.08818566552004295, -0.018679951054766736, 0.047517603673497985, -0.09014239938740763, 0.9743163285146822, -0.2063541611461998, 0.02276998732947827, 2.7022950062236335e-06, 0.20719792563261297, 0.978299044058738, 0.015838562699812257, 0.0, 0.0, 0.0, 1.0], "right_foot_pose": [0.9976870626064368, 0.06782423977000299, -0.004516371038885328, 0.013719604077978486, -0.06797444451953776, 0.9954824513813811, -0.06628848983025867, -0.1396368734009504, 1.684898225831891e-09, 0.06644216651597969, 0.9977902778182713, 3.761205943919599e-09, 0.0, 0.0, 0.0, 1.0]}, {"left_foot_pose": [0.9955784416707238, 0.09231466793021789, -0.01736572962554657, 0.05190226607483503, -0.09393384096030147, 0.9784206542690862, -0.18403656381843972, 0.026490497086837032, 1.7142661695875715e-06, 0.18485406510160235, 0.9827659816113269, 0.00799817617943626, 0.0, 0.0, 0.0, 1.0], "right_foot_pose": [0.9976870626054498, 0.0679458227572833, -0.0019723791585639734, 0.01371960399186774, -0.06797444453402525, 0.9972669708569691, -0.028949330355912354, -0.13963687364906124, 2.5195377606563113e-09, 0.029016443744898698, 0.9995789343480579, 5.680539094665704e-09, 0.0, 0.0, 0.0, 1.0]}, {"left_foot_pose": [0.9953545244841714, 0.09519062824593905, -0.014426187404621238, 0.05461351432701688, -0.09627757053665231, 0.98411834096709, -0.1491365829826574, 0.02879107139102044, 6.705865440698115e-07, 0.14983269091332024, 0.988711365734826, 0.0018172757994316738, 0.0, 0.0, 0.0, 1.0], "right_foot_pose": [0.9976870626013752, 0.06796623088467647, 0.0010566821519788587, 0.013719603835257421, -0.06797444459382834, 0.99756650605666, 0.015509380260617114, -0.13963687364073618, 3.3973091656817768e-09, -0.015545335417375976, 0.999879163972708, 7.827188806819319e-09, 0.0, 0.0, 0.0, 1.0]}, {"left_foot_pose": [0.9952965820125915, 0.09635667745181502, -0.010005225859550552, 0.055304435625975125, -0.096874732691521, 0.9899740569580879, -0.10279422510964352, 0.0293773422864186, 4.042162082296076e-09, 0.10327999448292315, 0.9946523225427107, 9.126596381414664e-09, 0.0, 0.0, 0.0, 1.0], "right_foot_pose": [0.9976870625934587, 0.06782946814542082, 0.004437159535673729, 0.013719603145990454, -0.06797444471002065, 0.9955591819757277, 0.06512595527271868, -0.1396368731977388, 3.99097960875516e-09, -0.06527693647015902, 0.9978671863354716, 9.482336048305395e-09, 0.0, 0.0, 0.0, 1.0]}, {"left_foot_pose": [0.9952965820042926, 0.09674445493916113, -0.005022378828574601, 0.05530443444778169, -0.09687473277678244, 0.9939581021414565, -0.0516001679917958, 0.029377342276011163, 4.001549832151188e-09, 0.0518440124400034, 0.9986551949367315, 8.518084598785336e-09, 0.0, 0.0, 0.0, 1.0], "right_foot_pose": [0.9976870625852198, 0.06751481296147643, 0.00789146252938728, 0.013719602067563475, -0.06797444483094986, 0.9909408622301246, 0.11582608692579341, -0.13963687296420543, 3.911727045461277e-09, -0.11609460622007461, 0.9932381599629595, 1.011216219787281e-08, 0.0, 0.0, 0.0, 1.0]}, {"left_foot_pose": [0.9952965819931058, 0.09687456614996877, -0.0001797389695950681, 0.055304435182652316, -0.0968747328917184, 0.9952948689451457, -0.0018466127434098806, 0.029377341565003746, 3.4658223143613847e-09, 0.0018553395164503446, 0.9999982788561588, 7.232358552322626e-09, 0.0, 0.0, 0.0, 1.0], "right_foot_pose": [0.9976870625852683, 0.06705534297000929, 0.011140293046121394, 0.01371960326990087, -0.06797444483023761, 0.9841970431209828, 0.16351041300766014, -0.13963687331976135, 3.3479025188283413e-09, -0.1638894788907729, 0.9864787066677672, 9.25824517744589e-09, 0.0, 0.0, 0.0, 1.0]}, {"left_foot_pose": [0.9952965819873892, 0.09678652751174043, 0.00413303477370801, 0.05530443544461267, -0.09687473295045258, 0.9943903531255021, 0.04246306308685636, 0.02937734164121325, 2.5155809835491445e-09, -0.04266372819104106, 0.9990894886329464, 5.414145791415859e-09, 0.0, 0.0, 0.0, 1.0], "right_foot_pose": [0.997635792157453, 0.0672817942451823, 0.01399951318868974, 0.014491542122884428, -0.06872282157596064, 0.9767196583727646, 0.2032138842275013, -0.13891206457240543, -1.0049926830243703e-06, -0.20369553041571295, 0.9790342848376921, 0.002250299802907099, 0.0, 0.0, 0.0, 1.0]}, {"left_foot_pose": [0.9952965819863784, 0.09656605669193323, 0.007727262206209719, 0.055304435335306476, -0.09687473296083511, 0.9921252228565128, 0.07939035385790014, 0.02937734159578339, 1.6730279740587513e-09, -0.07976552430020212, 0.9968136541666727, 3.7058932450539928e-09, 0.0, 0.0, 0.0, 1.0], "right_foot_pose": [0.9974604087649269, 0.0692687878217825, 0.016570092944985126, 0.017070967697020323, -0.07122312083479303, 0.9700978518955446, 0.23202893096810617, -0.13649013328549098, -2.24878389489767e-06, -0.2326198460608008, 0.9725677391388181, 0.008710107889786052, 0.0, 0.0, 0.0, 1.0]}, {"left_foot_pose": [0.9952965819876981, 0.09629449080751347, 0.010587016752976568, 0.05530443508260082, -0.096874732947276, 0.9893351397161873, 0.10877162975310738, 0.029377341349319082, 1.002895118539447e-09, -0.10928564573115221, 0.9940103860811144, 2.334977329543353e-09, 0.0, 0.0, 0.0, 1.0], "right_foot_pose": [0.9971730747042526, 0.07276101167189902, 0.0187535134134593, 0.021111693679762993, -0.07513893181143565, 0.965626626527369, 0.24883600838224668, -0.1326961265694817, -3.3321826852494773e-06, -0.24954168654125708, 0.9683640568851373, 0.016558463340476934, 0.0, 0.0, 0.0, 1.0]}, {"left_foot_pose": [0.9952965819897827, 0.09603429617751355, 0.012732942988430416, 0.05530443473364174, -0.09687473292586132, 0.9866618857756725, 0.13081899433238878, 0.029377341038369725, 5.069218012745566e-10, -0.1314371983697318, 0.9913244992860394, 1.3539126347827946e-09, 0.0, 0.0, 0.0, 1.0], "right_foot_pose": [0.9967855369301912, 0.07755599279207784, 0.020091325213275113, 0.026249469485593823, -0.08011612416197947, 0.9649455374118393, 0.24992302110497622, -0.12787205485771752, -4.006581848109238e-06, -0.25072929188870485, 0.9680572411654882, 0.02291665863437352, 0.0, 0.0, 0.0, 1.0]}, {"left_foot_pose": [0.9952965819919719, 0.09584644019517018, 0.014077420822455833, 0.05530443433714692, -0.09687473290336746, 0.9847318432456084, 0.14463223369293648, 0.029377340898607853, 1.823026087406055e-10, -0.14531571422258763, 0.989385336054654, 7.218281181109454e-10, 0.0, 0.0, 0.0, 1.0], "right_foot_pose": [0.9963123234619664, 0.08348944091578157, 0.019780479604615618, 0.032120049842016746, -0.08580066492448676, 0.969485382152611, 0.2296439411152007, -0.12235992540914897, -4.041575237978756e-06, -0.23049426684404997, 0.9730736831996278, 0.025000007792584912, 0.0, 0.0, 0.0, 1.0]}, {"left_foot_pose": [0.9952965819929332, 0.09573167781377837, 0.014837780701435654, 0.05530443429024213, -0.09687473289348933, 0.9835527682740357, 0.15244421322994495, 0.029377340941942793, 2.1563441608425685e-11, -0.15316461041455004, 0.9882006891904903, 4.124632302371367e-10, 0.0, 0.0, 0.0, 1.0], "right_foot_pose": [0.9957738734814384, 0.09004341345184598, 0.018071430095933635, 0.038359167887205566, -0.09183895077352447, 0.9763131646787265, 0.19590357729206473, -0.11650175779698425, -3.5483004264727456e-06, -0.19673532516797743, 0.9804566343385412, 0.025000009944961876, 0.0, 0.0, 0.0, 1.0]}, {"left_foot_pose": [0.9952965819930655, 0.09570824149086143, 0.014988208153394076, 0.055304434272368405, -0.0968747328921348, 0.9833119822000169, 0.15398971325693142, 0.02937734097713335, -5.43769746644313e-12, -0.15471741392810792, 0.9879587652465055, 3.573820545055284e-10, 0.0, 0.0, 0.0, 1.0], "right_foot_pose": [0.995198421932656, 0.09670083257855885, 0.015134396630369197, 0.04460257198468984, -0.09787799025032166, 0.9832336535996583, 0.15385539137002935, -0.1106395664878379, -2.703651722455507e-06, -0.1545979670231163, 0.9879774636017818, 0.02500001078593536, 0.0, 0.0, 0.0, 1.0]}, {"left_foot_pose": [0.995296581992409, 0.09577663799556564, 0.014544740922258322, 0.055304434141235405, -0.09687473289887921, 0.9840146916082644, 0.14943350636608835, 0.029377341110557075, 9.049449938615772e-11, -0.15013967601323588, 0.9886647954117926, 5.766239222215752e-10, 0.0, 0.0, 0.0, 1.0], "right_foot_pose": [0.9946226295809055, 0.10299147673175546, 0.010889464916924088, 0.050486016447980384, -0.10356555760857702, 0.9891109684617511, 0.1045641781198558, -0.1051153577782239, -1.6700722027609793e-06, -0.10512967130771764, 0.9944585221153983, 0.023024940679401834, 0.0, 0.0, 0.0,