{"LoopMode": "Wrap", "FrameDuration": 0.0167, "EnableCycleOffsetPosition": true, "EnableCycleOffsetRotation": false, "Debug_info": [{"left_foot_pose": [1.0000000000000004, 6.098432041569853e-14, -5.578981721043877e-12, 1.24812546630127e-12, -3.965254575240739e-15, 0.9999483770021483, 0.010160872539822674, -2.304077068027155e-13, 5.579157749288236e-12, -0.010160872539822844, 0.9999483770021484, 1.2368876756152503e-11, 0.0, 0.0, 0.0, 1.0], "right_foot_pose": [0.9999999999999998, -1.0891395215138479e-13, -5.6287752236983116e-12, 1.7032183196525317e-12, 2.8561706438419485e-14, 0.9998979644921541, -0.01428497827953446, -0.14000000000168866, 5.629419134288486e-12, 0.014284978279534311, 0.9998979644921542, 9.824766000754437e-12, 0.0, 0.0, 0.0, 1.0]}, {"left_foot_pose": [1.0000000000000002, 1.0836014637561927e-13, -1.2491563339267491e-11, 2.2502496632927042e-12, -1.1332241061827274e-14, 0.9999700390758808, 0.007740862392662184, 1.9816093210778263e-13, 1.2491874570573179e-11, -0.007740862392662357, 0.999970039075881, 2.680073524219395e-11, 0.0, 0.0, 0.0, 1.0], "right_foot_pose": [0.9999999999999998, -2.9721443951256344e-13, -1.2578049712885784e-11, 3.419602472224061e-12, 8.711056866766431e-14, 0.9998604460519035, -0.01670593968888067, -0.1400000000030539, 1.2581216080160578e-11, 0.016705939688880525, 0.9998604460519034, 2.281239086521225e-11, 0.0, 0.0, 0.0, 1.0]}, {"left_foot_pose": [1.0000000000000004, 9.454062614069603e-14, -2.1986690246222916e-11, 3.4461874327217367e-12, 1.861400236127125e-15, 0.9999904535235626, 0.004369537932140374, 1.0523942828299937e-12, 2.198659107461711e-11, -0.0043695379321405485, 0.9999904535235626, 4.647854323636125e-11, 0.0, 0.0, 0.0, 1.0], "right_foot_pose": [0.9999999999999998, -6.417300256669328e-13, -2.2131019239424173e-11, 5.638885048145035e-12, 1.9729099489242127e-13, 0.9997983874490134, -0.020079453537205003, -0.14000000000465107, 2.21392156861299e-11, 0.020079453537204854, 0.9997983874490133, 4.088016036796205e-11, 0.0, 0.0, 0.0, 1.0]}, {"left_foot_pose": [1.0000000000000004, -5.926561407370537e-14, -3.3935187992995004e-11, 4.780513090497455e-12, 6.177425909981429e-14, 0.9999999979409463, 6.417248779119537e-05, 2.405716251208112e-12, 3.3934854284875655e-11, -6.4172487791369e-05, 0.9999999979409466, 7.122979983620326e-11, 0.0, 0.0, 0.0, 1.0], "right_foot_pose": [0.9999999999999999, -1.2175604699082235e-12, -3.4173219809474624e-11, 8.29428568365402e-12, 3.8381051967309707e-13, 0.9997025421934028, -0.024389078130344192, -0.14000000000636492, 3.4192673038352616e-11, 0.024389078130344046, 0.9997025421934028, 6.378941125317894e-11, 0.0, 0.0, 0.0, 1.0]}, {"left_foot_pose": [1.0000000000000007, -4.5122123310495487e-13, -4.8474668723486054e-11, 6.219017977135131e-12, 2.0109146766642431e-13, 0.9999866522370362, -0.005166754084115554, 4.38152118753532e-12, 4.8475941595057266e-11, 0.005166754084115379, 0.9999866522370363, 1.0144504680731359e-10, 0.0, 0.0, 0.0, 1.0], "right_foot_pose": [1.0, -2.129460593957059e-12, -4.8862636159441295e-11, 1.1369700505310757e-11, 6.80919348596193e-13, 0.9995610125906609, -0.0296273878148659, -0.14000000000809598, 4.890423573359379e-11, 0.02962738781486575, 0.9995610125906611, 9.181403554103795e-11, 0.0, 0.0, 0.0, 1.0]}, {"left_foot_pose": [1.0000000000000004, -1.2111696689715887e-12, -6.603584346009937e-11, 7.742006092719433e-12, 4.629751894872585e-13, 0.9999357680103456, -0.011334013126926177, 7.1746376201220485e-12, 6.604511604959357e-11, 0.011334013126926, 0.9999357680103458, 1.3815203148137556e-10, 0.0, 0.0, 0.0, 1.0], "right_foot_pose": [1.0, -3.5259763170104024e-12, -6.66580124430993e-11, 1.4897485652997543e-11, 1.1369986906996618e-12, 0.999358743023359, -0.035806462304617204, -0.14000000000974339, 6.674136329674205e-11, 0.03580646230461706, 0.999358743023359, 1.2581082009521793e-10, 0.0, 0.0, 0.0, 1.0]}, {"left_foot_pose": [1.0000000000000002, -2.5213550421952957e-12, -8.735462353470777e-11, 9.334732720166928e-12, 9.077378473303474e-13, 0.9998293966355426, -0.018470994109896895, 1.1075867653587146e-11, 8.738589434170387e-11, 0.01847099410989672, 0.9998293966355425, 1.8306002547152644e-10, 0.0, 0.0, 0.0, 1.0], "right_foot_pose": [1.0, -5.621510978177838e-12, -8.833350717551976e-11, 1.8949954560138243e-11, 1.821471884183398e-12, 0.9990767365248111, -0.042961314399505846, -0.1400000000111779, 8.849314709417598e-11, 0.042961314399505714, 0.999076736524811, 1.6724747975427334e-10, 0.0, 0.0, 0.0, 1.0]}, {"left_foot_pose": [1.0000000000000004, -4.645198857948014e-12, -1.1345818728969441e-10, 1.097272177888994e-11, 1.6220320725053266e-12, 0.9996452496259701, -0.026634092817904523, 1.6500648070127966e-11, 1.1354138707768178e-10, 0.026634092817904343, 0.9996452496259702, 2.3858921782693443e-10, 0.0, 0.0, 0.0, 1.0], "right_foot_pose": [1.0, -8.726466142944995e-12, -1.149735306960053e-10, 2.3623946872966263e-11, 2.834170152060286e-12, 0.9986909632697691, -0.05115036542685326, -0.14000000001220236, 1.1526925562657299e-10, 0.051150365426853125, 0.9986909632697691, 2.1820388551585523e-10, 0.0, 0.0, 0.0, 1.0]}, {"left_foot_pose": [1.0000000000000004, -7.9641352912846e-12, -1.4565065820093524e-10, 1.2603860369714875e-11, 2.7303178795926607e-12, 0.9993553461116637, -0.03590114480121359, 2.4020670869040472e-11, 1.4584236386372766e-10, 0.035901144801213404, 0.9993553461116638, 3.079053262355913e-10, 0.0, 0.0, 0.0, 1.0], "right_foot_pose": [0.9999999999999999, -1.3286065130103574e-11, -1.4796314173892705e-10, 2.902150888243561e-11, 4.316878900682667e-12, 0.9981709850882868, -0.06045398686504836, -0.14000000001250307, 1.484954381107728e-10, 0.06045398686504822, 0.9981709850882866, 2.8136568075431967e-10, 0.0, 0.0, 0.0, 1.0]}, {"left_foot_pose": [1.0000000000000004, -1.3016474963846662e-11, -1.853999176404384e-10, 1.411763789565212e-11, 4.406372056897992e-12, 0.9989244697874278, -0.04636705360390215, 3.43777506461862e-11, 1.85803613942917e-10, 0.04636705360390196, 0.998924469787428, 3.9481058006218817e-10, 0.0, 0.0, 0.0, 1.0], "right_foot_pose": [1.0, -1.9919251127341445e-11, -1.8888296482444379e-10, 3.5210533572767894e-11, 6.464032264978113e-12, 0.9974784331736019, -0.07097024273268718, -0.14000000001158713, 1.8982026570252518e-10, 0.07097024273268702, 0.9974784331736017, 3.598702447149549e-10, 0.0, 0.0, 0.0, 1.0]}, {"left_foot_pose": [1.0000000000000007, -2.050729929994004e-11, -2.3392654480147676e-10, 1.528478533048048e-11, 6.8740054356806505e-12, 0.9983088155068621, -0.05813354351221664, 4.840851157428272e-11, 2.3472271149171013e-10, 0.05813354351221647, 0.9983088155068623, 5.030479921508402e-10, 0.0, 0.0, 0.0, 1.0], "right_foot_pose": [0.9999999999999999, -2.941836363970817e-11, -2.391000175627765e-10, 4.213352968357821e-11, 9.518792607605809e-12, 0.9965657922221978, -0.08280472071412096, -0.14000000000872548, 2.407147849709387e-10, 0.0828047207141208, 0.9965657922221975, 4.5659579589463206e-10, 0.0, 0.0, 0.0, 1.0]}, {"left_foot_pose": [1.0000000000000004, -3.119496760457989e-11, -2.910900964714353e-10, 1.5641084790764202e-11, 1.0365455616922995e-11, 0.9974559528205305, -0.07128549770386991, 6.671234051291997e-11, 2.925728454722158e-10, 0.07128549770386974, 0.9974559528205307, 6.341482547411736e-10, 0.0, 0.0, 0.0, 1.0], "right_foot_pose": [0.9999999999999998, -4.2597022734218094e-11, -2.9862662342949854e-10, 4.9407894705447175e-11, 1.3718042422016326e-11, 0.9953768192285882, -0.09604679975084217, -0.14000000000297635, 3.013369815491714e-10, 0.09604679975084203, 0.9953768192285881, 5.721283655168996e-10, 0.0, 0.0, 0.0, 1.0]}, {"left_foot_pose": [1.0000000000000004, -4.537195298982983e-11, -3.5250741214909376e-10, 1.4237359963248569e-11, 1.4947214199792095e-11, 0.9963093244523489, -0.08583548222795236, 8.86062889726702e-11, 3.551006960915039e-10, 0.08583548222795215, 0.9963093244523492, 7.813354338526146e-10, 0.0, 0.0, 0.0, 1.0], "right_foot_pose": [1.0, -5.964963530850644e-11, -3.6312430840013085e-10, 5.587671591063144e-11, 1.908020339363356e-11, 0.9938523468240407, -0.11071365187883023, -0.13999999999353654, 3.674957081750327e-10, 0.1107136518788301, 0.9938523468240407, 6.99265513548486e-10, 0.0, 0.0, 0.0, 1.0]}, {"left_foot_pose": [1.0000000000000007, -6.119875324104909e-11, -4.0258918421187564e-10, 9.144487683857848e-12, 1.9981261153840895e-11, 0.9948258035792344, -0.10159537653324305, 1.0932946908903673e-10, 4.0672328211853616e-10, 0.10159537653324285, 0.9948258035792347, 9.13648622036245e-10, 0.0, 0.0, 0.0, 1.0], "right_foot_pose": [1.0, -7.8147979521217e-11, -4.165826017477055e-10, 5.863104696493387e-11, 2.4771337381828647e-11, 0.991951279019348, -0.1266201407828934, -0.13999999998108678, 4.231245925172644e-10, 0.12662014078289333, 0.991951279019348, 8.091986317126931e-10, 0.0, 0.0, 0.0, 1.0]}, {"left_foot_pose": [1.0000000000000002, -7.059091248566538e-11, -4.008960385881709e-10, -3.043396054178182e-12, 2.2841491095849938e-11, 0.9930278500777685, -0.1178799769677873, 1.1419682213742455e-10, 4.064219082608931e-10, 0.11787997696778714, 0.9930278500777684, 9.420690547101707e-10, 0.0, 0.0, 0.0, 1.0], "right_foot_pose": [0.9999999999999998, -8.816786469801412e-11, -4.167922673659059e-10, 5.142794008437207e-11, 2.76271694945026e-11, 0.9897114653261644, -0.14307765514550694, -0.1399999999713755, 4.25118608069273e-10, 0.14307765514550683, 0.9897114653261644, 8.232180215284046e-10, 0.0, 0.0, 0.0, 1.0]}, {"left_foot_pose": [0.9999999995190691, 3.0723141322706396e-05, -4.2369308138618195e-06, 3.207868955486666e-05, -3.1013730619622436e-05, 0.9910909980333344, -0.1331864582284499, 3.362816674246094e-05, 1.0727761012705244e-07, 0.13318645829579914, 0.9910909985095268, 0.00016386107719407184, 0.0, 0.0, 0.0, 1.0], "right_foot_pose": [0.9999999999999999, -7.051687717692251e-11, -3.0234398318285075e-10, 3.40942383669489e-11, 2.1786265710682917e-11, 0.9874010254653589, -0.15823784285043205, -0.14000000002996366, 3.096928699091977e-10, 0.15823784285043194, 0.9874010254653587, 5.933214405895448e-10, 0.0, 0.0, 0.0, 1.0]}, {"left_foot_pose": [0.99999961650283, 0.0008652220742428135, -0.00013559113571749994, 0.0009059488721377949, -0.0008757818230851785, 0.9880523159829483, -0.1541163647603044, 0.0009497290079897441, 6.262548795510891e-07, 0.1541164244053665, 0.9880526948134466, 0.004191209094237522, 0.0, 0.0, 0.0, 1.0], "right_foot_pose": [0.9999999999999997, -4.272266119897659e-11, -1.698681750816886e-10, 6.43614884594896e-11, 1.3160579233241364e-11, 0.9853829564625884, -0.17035383504062576, -0.1400000001706705, 1.7466300490175893e-10, 0.17035383504062562, 0.9853829564625883, 3.212671309538173e-10, 0.0, 0.0, 0.0, 1.0]}, {"left_foot_pose": [0.9999963110556385, 0.0026706347752197147, -0.0004955653467361667, 0.002809813048597271, -0.0027162241495923235, 0.9832939198840973, -0.18200464072472572, 0.002945610907900983, 1.2184695800532807e-06, 0.18200531538629475, 0.9832975466102069, 0.011469801881711074, 0.0, 0.0, 0.0, 1.0], "right_foot_pose": [0.9999999999999998, -1.391262786026732e-11, -4.986716595212207e-11, 1.0257372585317647e-10, 4.791844525280481e-12, 0.9839531989530416, -0.17842674202617959, -0.14000000015453146, 5.154917834667964e-11, 0.17842674202617942, 0.9839531989530415, 1.4696634881294912e-10, 0.0, 0.0, 0.0, 1.0]}, {"left_foot_pose": [0.9999857495107904, 0.005215573706955392, -0.001139546510837185, 0.005522587695088648, -0.005338611421305602, 0.9770133040266353, -0.213111480176575, 0.005789506765808096, 1.8534689856442367e-06, 0.21311452682974397, 0.9770272250304493, 0.01912092633036043, 0.0, 0.0, 0.0, 1.0], "right_foot_pose": [1.0, 1.3556923042809436e-12, 1.1993073201210785e-11, 1.230423183933096e-10, 8.462168433907374e-13, 0.9833517619630431, -0.18171216867391934, -0.1400000000583489, -1.2039866974610092e-11, 0.1817121686739193, 0.9833517619630432, 7.509293881158285e-11, 0.0, 0.0, 0.0, 1.0]}, {"left_foot_pose": [0.9999636258741932, 0.008276935163396601, -0.0020589494501151323, 0.008823191759309333, -0.008529180654958229, 0.9704589148564176, -0.2411156312914209, 0.0092496446761217, 2.4274020222982087e-06, 0.2411244220729335, 0.970494210737036, 0.024265878425554256, 0.0, 0.0, 0.0, 1.0], "right_foot_pose": [1.0, -7.442765473617948e-12, -1.6123380408572488e-11, 1.188432078821258e-10, 4.425062067097981e-12, 0.9837292325012729, -0.17965744382701437, -0.14000000000607324, 1.719822423991388e-11, 0.17965744382701426, 0.9837292325012728, 1.4344084253714584e-10, 0.0, 0.0, 0.0, 1.0]}, {"left_foot_pose": [0.999927104945254, 0.011661559928464585, -0.003129347510022301, 0.0124905381598025, -0.01207413715244353, 0.9658192722078431, -0.2589350278427718, 0.01309424565611147, 2.7977898478865735e-06, 0.25895393693077495, 0.9658896720331083, 0.025000001988725006, 0.0, 0.0, 0.0, 1.0], "right_foot_pose": [0.9999999999999998, -4.364714932817439e-11, -1.5308432299576656e-10, 1.6764228572832774e-10, 1.6694200690522563e-11, 0.9851273744972303, -0.17182565587302173, -0.140000000037905, 1.5830726965560638e-10, 0.17182565587302157, 0.9851273744972304, 4.293589234150019e-10, 0.0, 0.0, 0.0, 1.0]}, {"left_foot_pose": [0.9998758081683773, 0.015172386046197733, -0.004262269501102868, 0.016303537447732424, -0.0157597027554705, 0.9626640119351509, -0.27023995243853094, 0.01709154025183608, 2.9485743770290703e-06, 0.27027356294426086, 0.9627835692224508, 0.02500000140868243, 0.0, 0.0, 0.0, 1.0], "right_foot_pose": [1.0, -1.0206911222267598e-10, -4.068005932111868e-10, 2.965318905509954e-10, 3.645256366317889e-11, 0.9874163924534103, -0.15814192332930918, -0.14000000002286755, 4.1782276286943707e-10, 0.15814192332930901, 0.9874163924534102, 9.559955743698723e-10, 0.0, 0.0, 0.0, 1.0]}, {"left_foot_pose": [0.9998123428045603, 0.018627333783289297, -0.005319925918932329, 0.02004110849449976, -0.019372123464968537, 0.9614134536936118, -0.27442465612510175, 0.021009760131179424, 2.8486831077037935e-06, 0.2744762166254997, 0.9615938885511062, 0.024910269853983605, 0.0, 0.0, 0.0, 1.0], "right_foot_pose": [1.0, -1.7549345407878678e-10, -8.089438008340712e-10, 3.974122670157874e-10, 6.200766827051929e-11, 0.9904033534383783, -0.13820708193871564, -0.14000000007266336, 8.254347280409535e-10, 0.13820708193871545, 0.9904033534383784, 1.7681158967497446e-09, 0.0, 0.0, 0.0, 1.0]}, {"left_foot_pose": [0.9997423742144923, 0.02189761984057044, -0.005973227376269611, 0.023482166674790906, -0.022697691382631953, 0.964530506767056, -0.2629937571912798, 0.02461712929656896, 2.422712850133684e-06, 0.2630615816895444, 0.9647790442547591, 0.021163832937452304, 0.0, 0.0, 0.0, 1.0], "right_foot_pose": [0.9999999999999998, -2.439767480426429e-10, -1.3932434650421031e-09, 3.5054744282719354e-10, 8.733581943251942e-11, 0.993782346427404, -0.11134023499725265, -0.14000000048810657, 1.4117450126409339e-09, 0.11134023499725254, 0.9937823464274039, 2.9645742319339696e-09, 0.0, 0.0, 0.0, 1.0]}, {"left_foot_pose": [0.9996742402320361, 0.024799992223502605, -0.0060310697405922195, 0.0264056221768066, -0.025522801833609502, 0.9713795160219958, -0.23615762202274274, 0.02768188197595076, 1.750416026320547e-06, 0.23623462116842334, 0.9716960449432468, 0.01399681107803806, 0.0, 0.0, 0.0, 1.0], "right_foot_pose": [0.9999999999999998, -2.6213921805818573e-10, -2.1269215277897034e-09, 3.0533453711967106e-10, 9.706755590132197e-11, 0.9970123415799065, -0.07724241540340339, -0.14000000086189085, 2.1408151946813608e-09, 0.07724241540340325, 0.9970123415799065, 4.577242848635699e-09, 0.0, 0.0, 0.0, 1.0]}, {"left_foot_pose": [0.9996181100286118, 0.027079951781400047, -0.005505480391798005, 0.028590394071331616, -0.027633930264105742, 0.9795858840817993, -0.1991177079162951, 0.029972253384740487, 9.929476981115842e-07, 0.1991938049217331, 0.9799601155556373, 0.0062879091261515765, 0.0, 0.0, 0.0, 1.0], "right_foot_pose": [0.9999999999999998, -1.7991704541808715e-10, -2.9620648156480903e-09, 2.1210441235047132e-10, 7.305750452067306e-11, 0.9993504707371265, -0.03603660135867283, -0.1400000010722501, 2.9666243660166006e-09, 0.03603660135867268, 0.9993504707371264, 6.527654423937879e-09, 0.0, 0.0, 0.0, 1.0]}, {"left_foot_pose": [0.9995846873340485, 0.02846901833488111, -0.004468539173148146, 0.029815399807182476, -0.028817578788007628, 0.9874959204115448, -0.15498823930658048, 0.03125647353756531, 3.0117717280728075e-07, 0.15505264320741216, 0.9879062090271045, 0.0009158382813798036, 0.0, 0.0, 0.0, 1.0], "right_foot_pose": [0.9999999999999998, 4.262157638158657e-11, -3.734338616112609e-09, 2.812272237277239e-11, 1.4842790903872032e-13, 0.9999344190988125, 0.011452401561263174, -0.14000000096853527, 3.73458163924377e-09, -0.011452401561263327, 0.9999344190988123, 8.49492240440064e-09, 0.0, 0.0, 0.0, 1.0]}, {"left_foot_pose": [0.999579529474883, 0.028835285316075706, -0.0030480445392238567, 0.030000001773595932, -0.028995935142232344, 0.9940414481649934, -0.10507537806389862, 0.03145000132197768, 4.1016740516000035e-09, 0.10511957786627694, 0.9944595890981277, 9.323769305236151e-09, 0.0, 0.0, 0.0, 1.0], "right_foot_pose": [0.9999999999999999, 3.697562735089147e-10, -4.047454094102678e-09, -1.9400962138491396e-10, -1.1474832589747743e-10, 0.998024618088518, 0.06282405342914243, -0.14000000083687938, 4.062688217069761e-09, -0.06282405342914255, 0.9980246180885177, 9.674050602259676e-09, 0.0, 0.0, 0.0, 1.0]}, {"left_foot_pose": [0.9995795294719291, 0.028953894242050315, -0.0015608551816275727, 0.030000001500564272, -0.0289959352440616, 0.9981302533648497, -0.05380736991476225, 0.031450000980638236, 3.87994862290912e-09, 0.053830003957291706, 0.9985501142526394, 8.45976896174383e-09, 0.0, 0.0, 0.0, 1.0], "right_foot_pose": [0.9999999999999999, 6.243192419490312e-10, -3.746526922032702e-09, -3.034918267291924e-10, -1.9465658909580291e-10, 0.9935260985251955, 0.1136041000549865, -0.14000000093914317, 3.793197329077569e-09, -0.11360410005498661, 0.9935260985251958, 9.793135406777065e-09, 0.0, 0.0, 0.0, 1.0]}, {"left_foot_pose": [0.9995795294692634, 0.028995533862679692, -0.00015258448491883804, 0.030000001080575985, -0.02899593533595379, 0.9995656900174882, -0.005259949986165188, 0.03145000064488713, 3.158013903003481e-09, 0.005262162662060657, 0.9999861547262139, 6.7981661480698286e-09, 0.0, 0.0, 0.0, 1.0], "right_foot_pose": [0.9999999999998831, -4.7569915773622147e-07, -8.443261240165108e-08, 1.598248871662607e-05, 4.830806154627506e-07, 0.9871022520799274, 0.16009104890187226, -0.13999062908649718, 7.188444663832261e-09, -0.16009104890189454, 0.9871022520800423, 3.740641247591131e-05, 0.0, 0.0, 0.0, 1.0]}, {"left_foot_pose": [0.9995795294679687, 0.028976184668822298, 0.0010700423512131634, 0.030000000871197006, -0.02899593538058496, 0.9988986585396378, 0.03688774456533823, 0.031450000877783074, 2.229333959514356e-09, -0.03690326123462583, 0.9993188426674692, 4.904338844757827e-09, 0.0, 0.0, 0.0, 1.0], "right_foot_pose": [0.9999999987651093, -4.870175259937536e-05, -9.89549446284139e-06, 0.001644087529224923, 4.969686859585953e-05, 0.9801860058995543, 0.19807925527146933, -0.13903604761461522, 5.2618308705173895e-08, -0.19807925551863836, 0.9801860071094561, 0.003492989678759842, 0.0, 0.0, 0.0, 1.0]}, {"left_foot_pose": [0.99957952946777, 0.028922026746866072, 0.002068970238006674, 0.03000000062042749, -0.02899593538743275, 0.9970316666226875, 0.07132384932541551, 0.03145000078331295, 1.4332862761260858e-09, -0.07135385147586888, 0.9974510654059979, 3.2412284800553692e-09, 0.0, 0.0, 0.0, 1.0], "right_foot_pose": [0.9999999856666838, -0.00016488419491972187, -3.846860887451942e-05, 0.0056013421379251, 0.0001693122008030493, 0.9739826740884947, 0.226622421460904, -0.13671586274195532, 1.0130302672843229e-07, -0.22662242472585822, 0.973982688044999, 0.010538500288829689, 0.0, 0.0, 0.0, 1.0]}, {"left_foot_pose": [0.9995795294681343, 0.02885627375654364, 0.0028424871417534487, 0.030000000334938985, -0.028995935374869455, 0.994764958982113, 0.09798934693655292, 0.03145000049699596, 8.154522254387812e-10, -0.09803056587719568, 0.9951834042797324, 1.967070568931195e-09, 0.0, 0.0, 0.0, 1.0], "right_foot_pose": [0.9999999406292823, -0.00033413748879840445, -8.422333291574326e-05, 0.011400113733595757, 0.00034458875596982, 0.9697716182871373, 0.2440141176721867, -0.13331597869796757, 1.4313334886933822e-07, -0.2440141322073072, 0.9697716758511223, 0.01829521423797481, 0.0, 0.0, 0.0, 1.0]}, {"left_foot_pose": [0.9995795294686541, 0.028796345693963013, 0.0033962835420893764, 0.030000000021838606, -0.028995935356950834, 0.992699055268202, 0.11708040571502501, 0.03145000018187508, 3.733039386867339e-10, -0.11712965527266425, 0.9931166315472254, 1.1233482061223654e-09, 0.0, 0.0, 0.0, 1.0], "right_foot_pose": [0.9999998427596393, -0.0005434915140376956, -0.00013819432155170688, 0.018552780416581274, 0.0005607857593575862, 0.969234560781914, 0.24613827761082216, -0.12912229386164675, 1.6864739033846642e-07, -0.2461383164053584, 0.9692347131614236, 0.02388442573174441, 0.0, 0.0, 0.0, 1.0]}, {"left_foot_pose": [0.9995795294690663, 0.028754220428400482, 0.0037361844114052224, 0.02999999982909853, -0.028995935342751994, 0.9912468686772111, 0.12879783022715782, 0.031450000072634224, 1.02445041707446e-10, -0.1288520086967209, 0.9916638340964249, 6.906936064754454e-10, 0.0, 0.0, 0.0, 1.0], "right_foot_pose": [0.9999996774645998, -0.0007817080795139539, -0.00018439949679521266, 0.02657171774672497, 0.0008031629142771898, 0.9733354975291447, 0.2293847514091233, -0.12442070525519255, 1.7066246345002385e-07, -0.22938482552725814, 0.9733358114329301, 0.025000011029916377, 0.0, 0.0, 0.0, 1.0]}, {"left_foot_pose": [0.9995795294692343, 0.028735960248901293, 0.003874126306508078, 0.029999999856598656, -0.028995935336960516, 0.9906173845155138, 0.1335531101456574, 0.03145000012620995, -4.7732401182723265e-12, -0.1336092889144199, 0.9910340851432834, 5.483257251026608e-10, 0.0, 0.0, 0.0, 1.0], "right_foot_pose": [0.9999994413938871, -0.001035307460558381, -0.00021295627692984677, 0.03496928107235195, 0.001056982445638087, 0.9795221052307385, 0.20133387234256298, -0.11949712185668397, 1.529206008108608e-07, -0.20133398496727775, 0.9795226523655145, 0.025000012695445946, 0.0, 0.0, 0.0, 1.0]}, {"left_foot_pose": [0.9995795294691373, 0.02874331787551569, 0.0038191548496283624, 0.029999999898814016, -0.02899593534029145, 0.9908710243726498, 0.13165807530279958, 0.03145000017689537, 3.121765577028551e-11, -0.13171345692905922, 0.9912878316935992, 7.098621829237928e-10, 0.0, 0.0, 0.0, 1.0], "right_foot_pose": [0.9999991452128754, -0.0012894156064790576, -0.0002167508071007528, 0.04325784638742129, 0.0013075065980106318, 0.9861783042348956, 0.16568235477226173, -0.11463744613151183, 1.2152942645660935e-07, -0.16568249655222864, 0.9861791471817919, 0.024992562636755915, 0.0, 0.0, 0.0, 1.0]}, {"left_foot_pose": [0.9995795294687978, 0.028775142310268127, 0.003571477560029349, 0.029999999751028763, -0.0289959353520103, 0.9919681098776266, 0.12311987946254421, 0.03145000037314403, 2.080646671120672e-10, -0.12317166951386689, 0.9923853786857039, 1.2370440782838443e-09, 0.0, 0.0, 0.0, 1.0], "right_foot_pose": [0.9999988142034809, -0.001528599237520957, -0.00018701872377118053, 0.05094979196065672, 0.0015399972809533415, 0.9926039095255673, 0.12138824985530429, -0.11012757224531154, 8.153019681003807e-08, -0.12138839392186641, 0.9926050865379763, 0.021837802765324765, 0.0, 0.0, 0.0, 1.0]}, {"left_foot_pose": [0.999579529468359, 0.028825746076812958, 0.003136977993184523, 0.02999999969697247, -0.02899593536712695, 0.9937125766685803, 0.10814134594537496, 0.031450000549832234, 4.940659840341003e-10, -0.10818683530729155, 0.9941305792833224, 2.0270198783367555e-09, 0.0, 0.0, 0.0, 1.0], "right_foot_pose": [0.9999984866918334, -0.0017349967427645963, -0.0001280638309925503, 0.057557460738346916, 0.001739716655222901, 0.9972872263887217, 0.07358778069659264, -0.10625341776140491, 4.1862995325913156e-08, -0.07358789213038307, 0.9972887355885484, 0.014923786465709049, 0.0, 0.0, 0.0, 1.0]}, {"left_foot_pose": [0.9995795294679802, 0.028885180269949785, 0.002531922065278028, 0.029999999750666775, -0.028995935380189398, 0.9957614559304102, 0.0872832092373927, 0.03145000062487539, 8.313381251408882e-10, -0.08731992466856084, 0.9961803204018227, 2.997886001943062e-09, 0.0, 0.0, 0.0, 1.0], "right_foot_pose": [0.9999982103067391, -0.0018911210321250818, -5.517753770632687e-05, 0.06259323344675038, 0.0018919258227113496, 0.9995730311532225, 0.02915777782753947, -0.10330088737987107, 1.309171691568215e-08, -0.02915783003586956, 0.9995748200848196, 0.007129218269574196, 0.0, 0.0, 0.0, 1.0]}, {"left_foot_pose": [0.9995795294679934, 0.028941003926059403, 0.0017839731772898485, 0.029999999753364162, -0.028995935379729627, 0.9976858699897375, 0.06149911019092905, 0.031450000412012194, 1.158061864487063e-09, -0.061524979598317146, 0.9981055439608717, 4.066528697110883e-09, 0.0, 0.0, 0.0, 1.0], "right_foot_pose": [0.9999980360636396, -0.0019818049240886036, 1.7835549520464988e-05, 0.06556948863610994, 0.001981885179310011, 0.9999575402479565, -0.008999435115198857, -0.10155588149215836, 3.325978735657329e-10, 0.008999452788892118, 0.9999595041047915, 0.0013328068368125764, 0.0, 0.0, 0.0, 1.0]}, {"left_foot_pose": [0.9995795294687686, 0.028980395451559532, 0.0009491819990546458, 0.029999999309204325, -0.028995935353012526, 0.9990438195372542, 0.032721283248353966, 0.031449999810229765, 1.3184479123846396e-09, -0.03273504733288695, 0.9994640647247478, 4.9336709023739544e-09, 0.0, 0.0, 0.0, 1.0], "right_foot_pose": [0.9999980000006117, -0.0019983591507228217, 8.096592755686699e-05, 0.06616876619684578, 0.0019999986941748563, 0.9991782013013902, -0.040483602227837534, -0.10120452503658361, 1.387103008365128e-09, 0.04048368319240706, 0.9991801996612908, 4.250573525099721e-09, 0.0, 0.0, 0.0, 1.0]}, {"left_foot_pose": [0.9995795294695794, 0.02899579888319878, 8.895223869649552e-05, 0.02999999873159293, -0.02899593532507032, 0.9995748257683793, 0.0030665004059197087, 0.03144999950130573, 1.2105482975920264e-09, -0.00306779028622793, 0.9999952943203088, 5.187850975196806e-09, 0.0, 0.0, 0.0, 1.0], "right_foot_pose": [0.9999980000005729, -0.001994978207562643, 0.00014162205283942104, 0.06616876556268371, 0.0019999987136243183, 0.9974877046446138, -0.07081157453386588, -0.1012045252090415, 1.2916242454869965e-09, 0.07081171615468072, 0.9974896996236248, 3.982893972964696e-09, 0.0, 0.0, 0.0, 1.0]}, {"left_foot_pose": [0.9995795294695524, 0.02898710934485372, -0.0007153721122173738, 0.029999999551574893, -0.0289959353259974, 0.9992752714618325, -0.024661053899873973, 0.031450000052950955, 9.956771763107142e-10, 0.024671427536958977, 0.9996956140062285, 4.325462162058091e-09, 0.0, 0.0, 0.0, 1.0], "right_foot_pose": [0.9999980000005617, -0.0019901511104080676, 0.00019822571513040892, 0.06616876619883699, 0.0019999987190987213, 0.9950741492300874, -0.0991132561221826, -0.10120452472823807, 1.0718884684735568e-09, 0.09911345434690223, 0.9950761393820197, 3.5585407259786095e-09, 0.0, 0.0, 0.0, 1.0]}, {"left_foot_pose": [0.9996146861630713, 0.027720273700951804, -0.001437231035592858, 0.03151599561218842, -0.027757507218204896, 0.9982731278355004, -0.05177144999475123, 0.03182916736373488, -3.69642426316516e-07, 0.05179139568955489, 0.9986579250836557, 0.0028444580539106964, 0.0, 0.0, 0.0, 1.0], "right_foot_pose": [0.9999980000005777, -0.0019847784107480653, 0.00024627120151356105, 0.06616876657584977, 0.00199999871111618, 0.992387815699673, -0.1231357919371436, -0.10120452493758814, 7.216871209269367e-10, 0.12313603820771635, 0.9923898004788781, 2.771373491805562e-09, 0.0, 0.0, 0.0, 1.0]}, {"left_foot_pose": [0.9997051059756631, 0.02420255183627981, -0.001984331323416034, 0.0357680169890643, -0.024283761756534697, 0.9963582894838757, -0.08173406812167143, 0.03289266127766045, -1.0680573368106758e-06, 0.08175815226250126, 0.9966521983809006, 0.009617040346506449, 0.0, 0.0, 0.0, 1.0], "right_foot_pose": [0.9999980000006077, -0.0019796998442777516, 0.00028422405049467617, 0.06616876665547158, 0.001999998696077886, 0.9898485599666992, -0.14211202741875142, -0.10120452489407317, 3.9146068853922456e-10, 0.1421123116425132, 0.989850539667288, 2.0003773637533584e-09, 0.0, 0.0, 0.0, 1.0]}, {"left_foot_pose": [0.9998188980149223, 0.018908654657838156, -0.002152661435958632, 0.04219719853724991, -0.01903079526022129, 0.9933901252119238, -0.11319844505647055, 0.034500703388922846, -1.99769197149039e-06, 0.11321891145241522, 0.9935700670237304, 0.017439497968907876, 0.0, 0.0, 0.0, 1.0], "right_foot_pose": [0.9999980000006374, -0.0019756603350267205, 0.0003110642466006131, 0.06616876648268037, 0.0019999986812273816, 0.9878288326761241, -0.1555319817240216, -0.10120452469301179, 1.355133939805966e-10, 0.15553229278824016, 0.9878308083371529, 1.3729491224467871e-09, 0.0, 0.0, 0.0, 1.0]}, {"left_foot_pose": [0.9999224328595503, 0.01232872123277476, -0.0017694340912908933, 0.05024446043854581, -0.012455049394071452, 0.9897465423060857, -0.14229073665470948, 0.03651345596867486, -2.9715525286181212e-06, 0.142301737958161, 0.9898233253289489, 0.02343312482146235, 0.0, 0.0, 0.0, 1.0], "right_foot_pose": [0.9999980000006564, -0.0019732136320031284, 0.0003262248448322577, 0.06616876611133812, 0.0019999986717268475, 0.9866054993955898, -0.16311219625672446, -0.10120452449023302, -1.675123041977384e-11, 0.16311252248169528, 0.9866074726098816, 9.736411676897205e-10, 0.0, 0.0, 0.0, 1.0]}, {"left_foot_pose": [0.999987433106408, 0.004947110220817601, -0.000812237477957428, 0.05935072203932751, -0.005013343746933958, 0.9866558549228224, -0.1627424048334996, 0.038791075989859605, -3.7057510979657824e-06, 0.16274443169269615, 0.9866682572877723, 0.025000014754121128, 0.0, 0.0, 0.0, 1.0], "right_foot_pose": [0.9999980000006581, -0.001972701921724732, 0.00032930504272672456, 0.06616876574621074, 0.00199999867078509, 0.9863496475530847, -0.16465227838454768, -0.10120452444308589, -4.684580837256203e-11, 0.16465260768974696, 0.9863516202556603, 8.676728710521608e-10, 0.0, 0.0, 0.0, 1.0]}, {"left_foot_pose": [0.9999959752883543, -0.0027927536965205945, 0.000499933880681088, 0.06895686804088307, 0.0028371447786102026, 0.9846006608743657, -0.17479556406061483, 0.0411937231548543, -4.074271646755483e-06, 0.17479627894367147, 0.9846046215871869, 0.02500001520088243, 0.0, 0.0, 0.0, 1.0], "right_foot_pose": [0.999998000000643, -0.0019741362508792293, 0.0003205944116656646, 0.06616876569060592, 0.001999998678456319, 0.9870668000000732, -0.1602970128945071, -0.10120452445127752, 4.4041611926961726e-11, 0.16029733348898392, 0.9870687741370009, 1.0150635679218034e-09, 0.0, 0.0, 0.0, 1.0]}, {"left_foot_pose": [0.9999434037084973, -0.010466354681006913, 0.0019091358141790854, 0.07850381588303114, 0.010639049000784759, 0.9837800000952065, -0.1790634581622821, 0.04358156427328193, -4.027967920914685e-06, 0.17907363522408246, 0.9838356738558572, 0.025000013558716193, 0.0, 0.0, 0.0, 1.0], "right_foot_pose": [0.9999980000006129, -0.0019773730232506134, 0.0002999845009199029, 0.06616876565917931, 0.0019999986934675154, 0.9886851607331987, -0.14999217629994932, -0.10120452445274691, 2.5860454200304693e-10, 0.14999247628429846, 0.9886871381069465, 1.4391342353925474e-09, 0.0, 0.0, 0.0, 1.0]}, {"left_foot_pose": [0.9998391541743546, -0.01768696855601868, 0.0029726962861607916, 0.08743248648603505, 0.01793504303321723, 0.9860405906692584, -0.16553636393257373, 0.045814758365440036, -3.362738133627567e-06, 0.16556305353525946, 0.9861992066985118, 0.022459732552407782, 0.0, 0.0, 0.0, 1.0], "right_foot_pose": [0.9999980000005743, -0.0019835234356575834, 0.00025618280854506823, 0.06616876547243383, 0.0019999987127987595, 0.991760327197004, -0.12809158209359528, -0.10120452479040931, 7.089680673777014e-10, 0.12809183827579185, 0.9917623107212375, 2.351978306558422e-09, 0.0, 0.0, 0.0, 1.0]}, {"left_foot_pose": [0.9997054847206297, -0.02401722079730631, 0.0034809373256595526, 0.09518375948371276, 0.024268164613437525, 0.9893822855593549, -0.1432960195108113, 0.04775346929935555, -2.405587183962283e-06, 0.14333829260362033, 0.9896737512269855, 0.015838567060420757, 0.0, 0.0, 0.0, 1.0], "right_foot_pose": [0.9999980000005444, -0.0019892434517880062, 0.00020713618815150088, 0.0661687653466801, 0.0019999987277301533, 0.994620306582653, -0.1035685557421693, -0.10120452503658559, 1.2123574832245373e-09, 0.10356876287722684, 0.9946222958269539, 3.5585180496733315e-09, 0.0, 0.0, 0.0, 1.0]}, {"left_foot_pose": [0.9995741192071207, -0.028996132981024263, 0.0032870174104051284, 0.10119855613269614, 0.029181847260067943, 0.9932179711309227, -0.1125454646490242, 0.04925786497701823, -1.341504060488784e-06, 0.1125934549373159, 0.99364113939766, 0.007998178446056527, 0.0, 0.0, 0.0, 1.0], "right_foot_pose": [0.9999980000005463, -0.001994747618310314, 0.0001448338590028334, 0.06616876531923443, 0.0019999987268659297, 0.9973723838066747, -0.07241773280684867, -0.10120452516028111, 1.8088301509290575e-09, 0.07241787763895606, 0.9973743785551489, 5.110555853504728e-09, 0.0, 0.0, 0.0, 1.0]}, {"left_foot_pose": [0.9994808052852434, -0.032125477609039124, 0.0024644583083009834, 0.1049177950611332, 0.03221986756911933, 0.9965538050354936, -0.0764355532661914, 0.050188109509563546, -4.366495013471668e-07, 0.07647527285123895, 0.9970714782011064, 0.0018172760217087594, 0.0, 0.0, 0.0, 1.0], "right_foot_pose": [0.9999980000006035, -0.0019987625211733786, 7.030772735972817e-05, 0.06616876537186618, 0.001999998698141662, 0.9993798700883038, -0.03515501767163115, -0.10120452507147584, 2.4043180444904697e-09, 0.03515508797698007, 0.9993818688516071, 6.85299696157049e-09, 0.0, 0.0, 0.0, 1.0]}, {"left_foot_pose": [0.9994555494099671, -0.03297234015110324, 0.0011956331301313297, 0.10586558829186217, 0.03299401087503516, 0.9987990963654728, -0.03621823223037938, 0.05042517281089039, 2.5828118267919394e-09, 0.0362379619249695, 0.9993431893576529, 8.119789729477134e-09, 0.0, 0.0, 0.0, 1.0], "right_foot_pose": [0.9999980000007423, -0.0019999565827130573, -1.2968518885429107e-05, 0.06616876585238667, 0.0019999986288026374, 0.9999769856865262, 0.006482908511920204, -0.10120452501609666, 2.6848702605645346e-09, -0.006482921483128133, 0.99997898564372, 8.004992196886107e-09, 0.0, 0.0, 0.0, 1.0]}, {"left_foot_pose": [0.9994555494113379, -0.032993462055223535, -0.000190295802762577, 0.10586558880968978, 0.03299401083351402, 0.9994389262138004, 0.005764374877180409, 0.05042517229742813, 2.3489935531055434e-09, -0.00576751508166335, 0.9999833677465763, 7.9304848035755e-09, 0.0, 0.0, 0.0, 1.0], "right_foot_pose": [0.9999980000008787, -0.001997583575087104, -9.825529540890445e-05, 0.0661687664829582, 0.0019999985606314924, 0.9987905681052829, 0.04912637855250417, -0.10120452548127853, 2.4154205889063335e-09, -0.04912647681023977, 0.9987925656892992, 8.037422741247191e-09, 0.0, 0.0, 0.0, 1.0]}, {"left_foot_pose": [0.9994555494128659, -0.032959059970231845, -0.001518260091692747, 0.10586558730852232, 0.03299401078722293, 0.9983968212879568, 0.04599111320980453, 0.05042517261636268, 2.191054488792087e-09, -0.046016166811057774, 0.9989406951326081, 6.515876470325477e-09, 0.0, 0.0, 0.0, 1.0], "right_foot_pose": [0.9999980000008837, -0.001991970707720493, -0.0001790165692808709, 0.06616876549418126, 0.001999998558121678, 0.9959841795589346, 0.08950706158780554, -0.10120452491760036, 2.226065371016803e-09, -0.08950724060664207, 0.9959861715299991, 7.71682329148149e-09, 0.0, 0.0, 0.0, 1.0]}, {"left_foot_pose": [0.9994555494135723, -0.03288429590257402, -0.0026884622756311745, 0.10586558685548166, 0.03299401076582774, 0.9961320675415117, 0.0814389296900365, 0.050425173131573645, 1.6232156359600848e-09, -0.08148329337027449, 0.996674707666215, 4.87520075698189e-09, 0.0, 0.0, 0.0, 1.0], "right_foot_pose": [0.9999955945386787, -0.0029451934003663542, -0.0003697824615020361, 0.06748088514442345, 0.0029683164596661484, 0.9922389033313578, 0.12431069066327141, -0.10086919304684572, 7.935183352825082e-07, -0.12431124064869899, 0.992243274327295, 0.0022503000815246726, 0.0, 0.0, 0.0, 1.0]}, {"left_foot_pose": [0.9994555494134212, -0.03279125513165804, -0.003652168343342575, 0.10586558663886618, 0.03299401077040529, 0.9933136731680798, 0.11063155946935091, 0.05042517323241561, 1.0599805519690626e-09, -0.11069182573355935, 0.993854777981055, 3.385623524587711e-09, 0.0, 0.0, 0.0, 1.0], "right_foot_pose": [0.9999807557335791, -0.006131152258474891, -0.0009471718340091992, 0.07186532205913025, 0.006203882566069922, 0.9883042683973013, 0.15236858242033127, -0.09974869761014135, 1.8989882299005905e-06, -0.15237152634156528, 0.9883232861552618, 0.008710109261050161, 0.0, 0.0, 0.0, 1.0]}, {"left_foot_pose": [0.9994555494129006, -0.03269914025022362, -0.0044012469431138216, 0.10586558636806759, 0.03299401078617273, 0.9905233248373043, 0.1333226845120333, 0.0504251730522507, 5.961275356038907e-10, -0.13339531168729088, 0.991062909617675, 2.185230635332047e-09, 0.0, 0.0, 0.0, 1.0], "right_foot_pose": [0.9999364655065764, -0.011101631471478707, -0.001954156822475192, 0.07873364030461924, 0.011272308607915747, 0.9848418685106574, 0.17308792299604506, -0.09799342087898359, 2.977123143425342e-06, -0.1730989538013111, 0.9849044380974371, 0.01655846590411439, 0.0, 0.0, 0.0, 1.0]}, {"left_foot_pose": [0.9994555494123063, -0.03262266806884866, -0.004936220924475641, 0.10586558605365036, 0.032994010804167605, 0.988206825439373, 0.14952814252204022, 0.05042517277110788, 2.489951617264085e-10, -0.14960959756348136, 0.988745148315224, 1.3483310926099001e-09, 0.0, 0.0, 0.0, 1.0], "right_foot_pose": [0.9998430534585633, -0.017413772378188044, -0.0032602119895941044, 0.0874666966143486, 0.017716332474299788, 0.9828069589824631, 0.18378414768228277, -0.09576159175387389, 3.783716672562495e-06, -0.18381306239547765, 0.9829612190104347, 0.022916662817193616, 0.0, 0.0, 0.0, 1.0]}, {"left_foot_pose": [0.9994555494117305, -0.03257788927712679, -0.005223588837586655, 0.10586558583749248, 0.03299401082161601, 0.986850383505041, 0.15823310597298346, 0.050425172556387066, 4.128122857579897e-11, -0.15831930301198785, 0.9873879674645621, 9.384505117449038e-10, 0.0, 0.0, 0.0, 1.0], "right_foot_pose": [0.9996854852978532, -0.024669512916947016, -0.004510611625506602, 0.09744535406593857, 0.02507848616409564, 0.9834119994998463, 0.17964383866815758, -0.09321143583683383, 4.063599132478998e-06, -0.1797004573509885, 0.9837213760060988, 0.025000013156989513, 0.0, 0.0, 0.0, 1.0]}, {"left_foot_pose": [0.9994555494116043, -0.03256212046966818, -0.005321001866946881, 0.10586558591789895, 0.032994010825440054, 0.986372713884779, 0.16118394632601454, 0.050425172595655834, -2.595812614387397e-11, -0.16127175082479767, 0.9869100376356023, 7.900421220008447e-10, 0.0, 0.0, 0.0, 1.0], "right_foot_pose": [0.9994586064543755, -0.0324444009737813, -0.005463957332370146, 0.1080504411144463, 0.03290127610496199, 0.9855993789204412, 0.16586551872618105, -0.09050118663290364, 3.865555955260744e-06, -0.16595549137371932, 0.986133243972621, 0.025000014939410023, 0.0, 0.0, 0.0, 1.0]}, {"left_foot_pose": [0.9994555494117785, -0.03257870172889248, -0.005218519297748788, 0.10586558602712633, 0.032994010820164586, 0.9868749943061954, 0.15807953967274263, 0.05042517263001109, 2.981345893396103e-11, -0.15816565305655722, 0.9874125916723938, 9.245821955272682e-10, 0.0, 0.0, 0.0, 1.0], "right_foot_pose": [0.9991702953040673, -0.04029046183235739, -0.00594976195471111, 0.11866281325103506, 0.040727398285080325, 0.9884627210770154, 0.1458860105354544, -0.08778907664526443, 3.3031521606499827e-06, -0.14600728655227338, 0.9892835146017199, 0.025000014628627006, 0.0, 0.0, 0.0, 1.0]}, {"left_foot_pose": [0.9994555494122489, -0.032626127909327965, -0.004913300998806475, 0.10586558590782394, 0.03299401080591325, 0.9883116308240076, 0.14883385242924652, 0.05042517278084809, 2.1626473918971626e-10, -0.14891492925706148, 0.9888500107925194, 1.3872897622335678e-09, 0.0, 0.0, 0.0, 1.0], "right_foot_pose": [0.9988425248376088, -0.047758850699015525, -0.005718632348691858, 0.12866333148580145, 0.048100005925498665, 0.9917641615812872, 0.1187023050868558, -0.08523333054303395, 2.4489504196954475e