{"LoopMode": "Wrap", "FrameDuration": 0.0167, "EnableCycleOffsetPosition": true, "EnableCycleOffsetRotation": false, "Debug_info": [{"left_foot_pose": [1.0000000000000007, 6.646298486096984e-14, -6.622036252679212e-12, 1.495018804892178e-12, -1.3044868796913422e-16, 0.9999503282746863, 0.009966994699908376, -2.1753258916401563e-13, 6.622103195849885e-12, -0.009966994699908548, 0.9999503282746864, 1.4918004331843093e-11, 0.0, 0.0, 0.0, 1.0], "right_foot_pose": [0.9999999999999996, -1.2616446158531188e-13, -6.6774918927592345e-12, 2.310871208112656e-12, 2.953533343278873e-14, 0.9998951738785006, -0.014478993559049158, -0.1400000000019551, 6.678415318937842e-12, 0.01447899355904901, 0.9998951738785006, 1.2051575015714633e-11, 0.0, 0.0, 0.0, 1.0]}, {"left_foot_pose": [1.0000000000000004, 1.1342366737110984e-13, -1.4831080807908854e-11, 2.5837876653589803e-12, -4.3988399465694375e-15, 0.999973145104642, 0.007328647182887838, 3.0141340812139816e-13, 1.4831451669223123e-11, -0.00732864718288801, 0.9999731451046423, 3.2422016460476044e-11, 0.0, 0.0, 0.0, 1.0], "right_foot_pose": [1.0, -3.547133740206979e-13, -1.4929557590193096e-11, 4.5710841988440465e-12, 9.915373305293061e-14, 0.9998534670678045, -0.017118539438010887, -0.14000000000357418, 1.493339425901529e-11, 0.017118539438010737, 0.9998534670678048, 2.785834063434578e-11, 0.0, 0.0, 0.0, 1.0]}, {"left_foot_pose": [1.0000000000000007, 7.598168534768941e-14, -2.610350824383546e-11, 3.812504422031144e-12, 1.9720528069366328e-14, 0.9999933255404934, 0.003653611154184709, 1.3200482373854072e-12, 2.610313867001903e-11, -0.0036536111541848816, 0.9999933255404935, 5.6309949758581723e-11, 0.0, 0.0, 0.0, 1.0], "right_foot_pose": [1.0, -7.806137895353052e-13, -2.627287276624201e-11, 7.453757776029893e-12, 2.3413169296106756e-13, 0.999783734158597, -0.020796271586322437, -0.14000000000547552, 2.6283241388252832e-11, 0.02079627158632228, 0.9997837341585971, 4.9805694291027436e-11, 0.0, 0.0, 0.0, 1.0]}, {"left_foot_pose": [1.0000000000000004, -1.475185691781847e-13, -4.0282333024777024e-11, 5.095356632019605e-12, 1.0600050978750594e-13, 0.9999994603419946, -0.001038901208302796, 2.931901249558777e-12, 4.028217687203171e-11, 0.0010389012083026222, 0.9999994603419948, 8.63679197604661e-11, 0.0, 0.0, 0.0, 1.0], "right_foot_pose": [1.0, -1.5012030926093558e-12, -4.0569603232398764e-11, 1.0852413088601135e-11, 4.664989986146592e-13, 0.9996749760626438, -0.02549396466131583, -0.1400000000075132, 4.059456322488944e-11, 0.02549396466131568, 0.999674976062644, 7.759427822495724e-11, 0.0, 0.0, 0.0, 1.0]}, {"left_foot_pose": [1.0000000000000004, -6.841234201297486e-13, -5.7525706420591405e-11, 6.36081223028942e-12, 2.9676547737934067e-13, 0.9999772915580031, -0.006739166737918769, 5.290625576526153e-12, 5.752882687171185e-11, 0.006739166737918591, 0.9999772915580034, 1.2306954760843425e-10, 0.0, 0.0, 0.0, 1.0], "right_foot_pose": [0.9999999999999998, -2.6515050552991135e-12, -5.8003712943843747e-11, 1.472098574656434e-11, 8.403850771303607e-13, 0.9995130632941372, -0.0312031457447754, -0.14000000000955837, 5.805815150853611e-11, 0.031203145744775253, 0.9995130632941374, 1.1154666773594002e-10, 0.0, 0.0, 0.0, 1.0]}, {"left_foot_pose": [1.0000000000000004, -1.7021073554854997e-12, -7.834111137583475e-11, 7.539785608363164e-12, 6.479450940121541e-13, 0.9999094326429495, -0.013458324994433403, 8.635085702035639e-12, 7.835678897386007e-11, 0.013458324994433226, 0.9999094326429494, 1.6766850408078682e-10, 0.0, 0.0, 0.0, 1.0], "right_foot_pose": [0.9999999999999998, -4.422424684745233e-12, -7.911815647076989e-11, 1.906740627021137e-11, 1.4178459156266471e-12, 0.9992801517077222, -0.03793650488634552, -0.14000000001147883, 7.922884032197612e-11, 0.037936504886345375, 0.9992801517077221, 1.5269403103035373e-10, 0.0, 0.0, 0.0, 1.0]}, {"left_foot_pose": [1.0000000000000004, -3.43759972332332e-12, -1.0359535451698317e-10, 8.548643367477526e-12, 1.2376220858129485e-12, 0.9997745752626264, -0.021232019650424875, 1.3319232869402065e-11, 1.0364474954746781e-10, 0.02123201965042469, 0.9997745752626264, 2.2225724038982264e-10, 0.0, 0.0, 0.0, 1.0], "right_foot_pose": [0.9999999999999998, -7.089160377616493e-12, -1.0483008905382004e-10, 2.3937225076522292e-11, 2.2877666461429567e-12, 0.9989537627444983, -0.04573160721654688, -0.14000000001310456, 1.0504460196459003e-10, 0.04573160721654674, 0.9989537627444982, 2.0281044205150422e-10, 0.0, 0.0, 0.0, 1.0]}, {"left_foot_pose": [1.0000000000000007, -6.231587844846515e-12, -1.3450435210060608e-10, 9.266038639681626e-12, 2.1777158582662204e-12, 0.9995462654798198, -0.030120809506824605, 1.9846693732894494e-11, 1.3463066338124727e-10, 0.03012080950682442, 0.9995462654798201, 2.8981489430535134e-10, 0.0, 0.0, 0.0, 1.0], "right_foot_pose": [1.0, -1.1050260552372246e-11, -1.3642814655767658e-10, 2.9387116801847305e-11, 3.5778276493454337e-12, 0.9985054951827634, -0.05465140519533501, -0.14000000001417917, 1.3682787922501748e-10, 0.054651405195334866, 0.9985054951827634, 2.6442188022501867e-10, 0.0, 0.0, 0.0, 1.0]}, {"left_foot_pose": [1.0000000000000004, -1.0577519946988942e-11, -1.7261519991151868e-10, 9.504400605568698e-12, 3.628712714157936e-12, 0.9991913107167569, -0.0402085138761701, 2.8908824986628723e-11, 1.729005959257012e-10, 0.04020851387616991, 0.9991913107167572, 3.742757284652676e-10, 0.0, 0.0, 0.0, 1.0], "right_foot_pose": [1.0, -1.6878291432199708e-11, -1.7556439635413305e-10, 3.545125114018557e-11, 5.469369376829886e-12, 0.9978993940329443, -0.06478270902550322, -0.14000000001429885, 1.7628869398999163e-10, 0.06478270902550305, 0.997899394032944, 3.408181029063151e-10, 0.0, 0.0, 0.0, 1.0]}, {"left_foot_pose": [1.0000000000000007, -1.7172675833812753e-11, -2.1969442931535329e-10, 8.96933476319448e-12, 5.8144096218028805e-12, 0.998667952181924, -0.051597686816015086, 4.1401305994615e-11, 2.2028769295266025e-10, 0.051597686816014905, 0.998667952181924, 4.804610875819293e-10, 0.0, 0.0, 0.0, 1.0], "right_foot_pose": [0.9999999999999997, -2.5372815908928457e-11, -2.2415136413655985e-10, 4.208462079295359e-11, 8.21158756639396e-12, 0.9970901232212037, -0.07623179241448386, -0.1400000000128375, 2.2543310931136073e-10, 0.07623179241448369, 0.9970901232212036, 4.3591632387096624e-10, 0.0, 0.0, 0.0, 1.0]}, {"left_foot_pose": [1.0000000000000004, -2.6936844980743792e-11, -2.772859164501535e-10, 7.195006867892566e-12, 9.024307211907499e-12, 0.9979242194084127, -0.06439916395506384, 5.83360373895836e-11, 2.7844468907520306e-10, 0.06439916395506366, 0.9979242194084128, 6.133947169639775e-10, 0.0, 0.0, 0.0, 1.0], "right_foot_pose": [1.0, -3.756993666339345e-11, -2.8392371786978267e-10, 4.9047525427470016e-11, 1.2118941538480118e-11, 0.9960214302818726, -0.08911403042873298, -0.1400000000088803, 2.861418996633835e-10, 0.0891140304287328, 0.9960214302818725, 5.535372854525988e-10, 0.0, 0.0, 0.0, 1.0]}, {"left_foot_pose": [1.0000000000000004, -4.088591357183732e-11, -3.455035146870948e-10, 3.4439627023353083e-12, 1.3565460849301832e-11, 0.9968976994294655, -0.07870817538375677, 8.045295679659503e-11, 3.476494740679331e-10, 0.0787081753837566, 0.9968976994294657, 7.760346393270723e-10, 0.0, 0.0, 0.0, 1.0], "right_foot_pose": [0.9999999999999998, -5.457560049327636e-11, -3.552019234298595e-10, 5.568082554447804e-11, 1.750838841774112e-11, 0.9946263378391982, -0.10352993806906959, -0.14000000000126459, 3.589431436357928e-10, 0.10352993806906945, 0.9946263378391981, 6.952481992894555e-10, 0.0, 0.0, 0.0, 1.0]}, {"left_foot_pose": [1.0000000000000004, -5.952434529703941e-11, -4.199011693906119e-10, -3.474400628326625e-12, 1.955691977594494e-11, 0.995520233755848, -0.09454873972033123, 1.070071860981292e-10, 4.236477845627835e-10, 0.09454873972033102, 0.9955202337558481, 9.626633379333782e-10, 0.0, 0.0, 0.0, 1.0], "right_foot_pose": [0.9999999999999998, -7.682520706669986e-11, -4.336293546458587e-10, 6.044606984284565e-11, 2.445207752200283e-11, 0.9928331178978036, -0.11950899549961111, -0.13999999998903323, 4.397026485305165e-10, 0.11950899549961096, 0.9928331178978035, 8.544286458911365e-10, 0.0, 0.0, 0.0, 1.0]}, {"left_foot_pose": [1.0000000000000007, -8.085758164477798e-11, -4.838002221063661e-10, -1.5503703173631618e-11, 2.628891468548591e-11, 0.9937368347569783, -0.11174570795866459, 1.3253616953923242e-10, 4.898052582540077e-10, 0.11174570795866441, 0.9937368347569785, 1.1411242367698193e-09, 0.0, 0.0, 0.0, 1.0], "right_foot_pose": [0.9999999999999997, -1.017103988987067e-10, -5.020724946902528e-10, 5.999429759709709e-11, 3.2029563302553657e-11, 0.9905876622451257, -0.13687981373356953, -0.13999999997312634, 5.112686326137163e-10, 0.13687981373356944, 0.9905876622451256, 1.0009868975369152e-09, 0.0, 0.0, 0.0, 1.0]}, {"left_foot_pose": [1.0000000000000007, -9.534465069609181e-11, -4.927596108927883e-10, -3.535841394377878e-11, 3.0663702529687585e-11, 0.9915623306862114, -0.129630800214028, 1.4003381093585787e-10, 5.009613464914708e-10, 0.12963080021402776, 0.9915623306862116, 1.2130887336314622e-09, 0.0, 0.0, 0.0, 1.0], "right_foot_pose": [1.0, -1.1762138209128027e-10, -5.140144421211795e-10, 4.7819678195205284e-11, 3.6543115486861686e-11, 0.9879190136336807, -0.154971037620116, -0.13999999996089568, 5.260324498527688e-10, 0.15497103762011585, 0.9879190136336807, 1.0487214638366105e-09, 0.0, 0.0, 0.0, 1.0]}, {"left_foot_pose": [0.9999999994504082, -3.277709201649401e-05, 4.984629489058276e-06, 4.277150450450873e-05, 3.315371164925978e-05, 0.9891942227468107, -0.14661101113205982, 1.2349436192524849e-05, -1.252840909132812e-07, 0.14661101121674233, 0.9891942232898397, 0.00016386113126903856, 0.0, 0.0, 0.0, 1.0], "right_foot_pose": [1.0, -9.901707820473846e-11, -3.911352353114234e-10, 5.3586911217371394e-11, 3.028524888554759e-11, 0.9851050741242827, -0.1719534615371016, -0.1400000000227968, 4.0233540197998895e-10, 0.17195346153710142, 0.9851050741242828, 8.175118498821021e-10, 0.0, 0.0, 0.0, 1.0]}, {"left_foot_pose": [0.9999995617772341, -0.0009230397315572879, 0.0001563425547984232, 0.001207930581994854, 0.0009361863178147991, 0.9860847678454757, -0.1662406514012559, 0.0003487839921185419, -7.202856097719242e-07, 0.16624072491657826, 0.9860851998578484, 0.0041912094284892246, 0.0, 0.0, 0.0, 1.0], "right_foot_pose": [0.9999999999999998, -6.19254541331961e-11, -2.2569679458683789e-10, 1.7031553564594467e-10, 1.889651397326078e-11, 0.9825745869443733, -0.18586872004480595, -0.14000000015919672, 2.332737776975636e-10, 0.18586872004480584, 0.9825745869443732, 4.918710230783496e-10, 0.0, 0.0, 0.0, 1.0]}, {"left_foot_pose": [0.9999957846727593, -0.002851152135278919, 0.0005491522694991417, 0.0037464143060819076, 0.0029035555613196548, 0.9820354075377252, -0.18867439600358535, 0.0010817696186951366, -1.3475657399419065e-06, 0.18867519517339, 0.9820395464157586, 0.01146980305572598, 0.0, 0.0, 0.0, 1.0], "right_foot_pose": [1.0000000000000002, -2.3438440748102543e-11, -7.72630293077724e-11, 2.1249723805807145e-10, 7.869339440229604e-12, 0.9806745997445168, -0.19564592869756367, -0.1400000001286576, 8.035536507901134e-11, 0.19564592869756353, 0.9806745997445171, 2.6068656261424294e-10, 0.0, 0.0, 0.0, 1.0]}, {"left_foot_pose": [0.9999837161734392, -0.005578691102552756, 0.0012023283832048814, 0.0073634460130436105, 0.005706784045945432, 0.9776103131443512, -0.2103461629069034, 0.002126190932867745, -1.952359742714964e-06, 0.210349599094904, 0.977626230292949, 0.019120928086657683, 0.0, 0.0, 0.0, 1.0], "right_foot_pose": [0.9999999999999998, -2.9391142728777263e-13, 7.86082310355596e-12, 1.5949197467996542e-10, 1.865111146477642e-12, 0.9796676070772622, -0.20062746482850063, -0.14000000001690457, -7.64219390360016e-12, 0.20062746482850055, 0.9796676070772621, 1.3855197544820896e-10, 0.0, 0.0, 0.0, 1.0]}, {"left_foot_pose": [0.999958436028119, -0.008881602024612117, 0.0020599421534458462, 0.011764252652203646, 0.009117357639039673, 0.9741616492105492, -0.22566779787348026, 0.0033969278564922913, -2.4250749964470693e-06, 0.22567719945280335, 0.9742021359252193, 0.024265880430940155, 0.0, 0.0, 0.0, 1.0], "right_foot_pose": [1.0, -3.309190072383906e-12, 2.6224578064670992e-12, 2.6774259420165495e-11, 3.767592773785897e-12, 0.9797206134385774, -0.2003684596026477, -0.13999999994781667, -1.9063402800293085e-12, 0.20036845960264751, 0.9797206134385773, 1.6085828502543364e-10, 0.0, 0.0, 0.0, 1.0]}, {"left_foot_pose": [0.9999167046374071, -0.012562374534249047, 0.0029615085902482464, 0.016654049440223032, 0.012906733904544013, 0.9732852782381092, -0.22923608656772346, 0.00480885634966754, -2.6431360353592653e-06, 0.2292552156681035, 0.9733663473132746, 0.02500000439194902, 0.0, 0.0, 0.0, 1.0], "right_foot_pose": [1.0, -3.548031240866851e-11, -1.0533962591097161e-10, -6.344070381907956e-11, 1.430938390249007e-11, 0.9808938950322016, -0.19454348277070704, -0.13999999996267048, 1.1022917960077673e-10, 0.19454348277070688, 0.9808938950322019, 3.8199416546591536e-10, 0.0, 0.0, 0.0, 1.0]}, {"left_foot_pose": [0.9998580894874105, -0.016410775690937657, 0.0038062222488704075, 0.021738048766552266, 0.016846390702031165, 0.9740389044772645, -0.22575298820845313, 0.006276861310333823, -2.626898438848818e-06, 0.22578507259328087, 0.9741771404560606, 0.02500000434673317, 0.0, 0.0, 0.0, 1.0], "right_foot_pose": [0.9999999999999998, -9.069217780941868e-11, -3.134371096003004e-10, -6.337711361800169e-11, 3.171991252615301e-11, 0.9830667678619333, -0.1832477282955838, -0.13999999993529935, 3.247485789847951e-10, 0.18324772829558367, 0.9830667678619331, 8.06923722285191e-10, 0.0, 0.0, 0.0, 1.0]}, {"left_foot_pose": [0.9997855697508458, -0.0202206368193293, 0.004465463536752995, 0.026721477856128516, 0.020707836977695383, 0.9762880933500632, -0.21548258461092482, 0.007715825675118295, -2.3837979129639925e-06, 0.21552884871756697, 0.9764974733017997, 0.024910272926971157, 0.0, 0.0, 0.0, 1.0], "right_foot_pose": [0.9999999999999999, -1.636136025410782e-10, -6.424697440721154e-10, -7.536929153300354e-11, 5.453823385513366e-11, 0.9860866644882794, -0.1662320369795775, -0.1399999999554714, 6.607283179695977e-10, 0.16623203697957736, 0.9860866644882796, 1.4742092824260311e-09, 0.0, 0.0, 0.0, 1.0]}, {"left_foot_pose": [0.9997056187202609, -0.0238082533788119, 0.004673646348562789, 0.03130955646991653, 0.02426264403519708, 0.980998116729836, -0.1924942053074273, 0.009040626326340758, -1.8874522892032197e-06, 0.1925509336346278, 0.9812869804256406, 0.021163835648953695, 0.0, 0.0, 0.0, 1.0], "right_foot_pose": [0.9999999999999999, -2.410481828027593e-10, -1.1191919613295896e-09, -1.9337832490896696e-10, 7.864461274576363e-11, 0.9897374749425969, -0.14289762312317464, -0.14000000026635384, 1.1421513172372921e-09, 0.14289762312317444, 0.9897374749425969, 2.4529447709142893e-09, 0.0, 0.0, 0.0, 1.0]}, {"left_foot_pose": [0.9996277635818163, -0.026936244549297567, 0.004332782708285388, 0.03520749589755965, 0.02728249026123786, 0.9869486283475799, -0.15870750054101768, 0.010166152743616933, -1.2499044899317862e-06, 0.15876663293152005, 0.9873161379548226, 0.013996813133997643, 0.0, 0.0, 0.0, 1.0], "right_foot_pose": [0.9999999999999998, -2.861159936011573e-10, -1.70080854955401e-09, -2.2424258115929845e-10, 9.201376920141981e-11, 0.9935898452367108, -0.11304520972818366, -0.14000000052470907, 1.722249873903784e-09, 0.1130452097281835, 0.9935898452367107, 3.735524459202999e-09, 0.0, 0.0, 0.0, 1.0]}, {"left_foot_pose": [0.9995636244921019, -0.029327746981551817, 0.003527584045586156, 0.03812052465100432, 0.029539136612566425, 0.992413037097808, -0.11934740552894223, 0.011007291397502724, -6.298840407874588e-07, 0.1193995270312729, 0.9928462886793262, 0.006287910452430781, 0.0, 0.0, 0.0, 1.0], "right_foot_pose": [0.9999999999999999, -2.6293253564049744e-10, -2.343788940706303e-09, -1.8007949466144266e-10, 8.200635199055628e-11, 0.9970417361574624, -0.07686206060283236, -0.1400000006418348, 2.357064820156435e-09, 0.07686206060283221, 0.9970417361574622, 5.243917196307013e-09, 0.0, 0.0, 0.0, 1.0]}, {"left_foot_pose": [0.9995254325655023, -0.030712581805908117, 0.002376336163507371, 0.03975386605212404, 0.030804377200693737, 0.9965472881770675, -0.07710118528408764, 0.011478924592786145, -1.5489917060769172e-07, 0.07713779712792677, 0.9970204412419176, 0.0009158379230191638, 0.0, 0.0, 0.0, 1.0], "right_foot_pose": [1.0, -1.3979189120701118e-10, -2.919471053797195e-09, -6.352669858709472e-11, 3.730243817104334e-11, 0.9993846461267001, -0.035076047186224965, -0.14000000052243722, 2.9225776455926656e-09, 0.035076047186224805, 0.9993846461267001, 6.713652474232834e-09, 0.0, 0.0, 0.0, 1.0]}, {"left_foot_pose": [0.9995195384769522, -0.030978168070191985, 0.0010224019935108047, 0.04000000129996694, 0.03099503513179826, 0.9989756107392969, -0.032970243329830874, 0.011550000764321031, 3.083297835798445e-09, 0.03298609178221286, 0.9994558108035274, 7.387680425741117e-09, 0.0, 0.0, 0.0, 1.0], "right_foot_pose": [0.9999999999999999, 5.587758096054731e-11, -3.1591271820730075e-09, -3.3885772470785284e-11, -2.4578185335235057e-11, 0.9999509272337241, 0.0099067211737885, -0.1400000004119544, 3.1595255410232002e-09, -0.009906721173788649, 0.9999509272337243, 7.490083192562835e-09, 0.0, 0.0, 0.0, 1.0]}, {"left_foot_pose": [0.9995195384790639, -0.030992787677114986, -0.00037324335358282653, 0.04000000103650408, 0.030995035063695872, 0.999447066504654, 0.012036156223756745, 0.011550000525858858, 2.9405391362119758e-09, -0.012041942004663022, 0.9999274931877599, 6.751432059248774e-09, 0.0, 0.0, 0.0, 1.0], "right_foot_pose": [0.9999999999999999, 2.534124439514373e-10, -2.9637985399233466e-09, -1.213050144535026e-10, -8.920178376425812e-11, 0.9984711831018485, 0.05527473668137045, -0.14000000055257442, 2.9732745119826093e-09, -0.055274736681370604, 0.9984711831018487, 7.384778892560728e-09, 0.0, 0.0, 0.0, 1.0]}, {"left_foot_pose": [0.9995195384805553, -0.03094916780285618, -0.001685588303612957, 0.04000000071162003, 0.03099503501560596, 0.9980404291873639, 0.054356319889092335, 0.011550000341778896, 2.4085775713422326e-09, -0.05438244863753951, 0.9985201797060422, 5.415207886272366e-09, 0.0, 0.0, 0.0, 1.0], "right_foot_pose": [0.9999999999980655, -1.9562900304295646e-06, -2.0416592083626867e-07, 8.702791518463093e-06, 1.966873875602399e-06, 0.9952482010315891, 0.09737052089578653, -0.1399928508017494, 1.2710786105266747e-08, -0.09737052089599992, 0.9952482010335117, 3.740461449009552e-05, 0.0, 0.0, 0.0, 1.0]}, {"left_foot_pose": [0.9995195384809303, -0.030866211186275444, -0.002822977483719764, 0.04000000068277349, 0.03099503500351889, 0.9953652677898218, 0.09103456202359503, 0.011550000654882, 1.7223769413988789e-09, -0.09107832170555948, 0.9958437323773746, 3.90432161601062e-09, 0.0, 0.0, 0.0, 1.0], "right_foot_pose": [0.9999999795345953, -0.000200526738269969, -2.6829764828039606e-05, 0.0008952279228718306, 0.00020231359269034282, 0.9912583674425791, 0.13193486288423967, -0.13926461441116741, 1.3876116405744217e-07, -0.13193486561216558, 0.9912583877253602, 0.0034929893201825976, 0.0, 0.0, 0.0, 1.0]}, {"left_foot_pose": [0.9995195384806188, -0.030766685332918806, -0.0037554319480893905, 0.04000000054765672, 0.030995035013556445, 0.9921557838871696, 0.12110412174548604, 0.01155000062842641, 1.122028369703298e-09, -0.121162335619871, 0.9926327057009249, 2.537854371098547e-09, 0.0, 0.0, 0.0, 1.0], "right_foot_pose": [0.9999997624531458, -0.0006805504708063413, -0.00010929185072033636, 0.0030500008889049724, 0.0006892703175299408, 0.9874143599041157, 0.15815311176696725, -0.1374945812134895, 2.8516814910511696e-07, -0.15815314952982187, 0.98741459443018, 0.010538497453412017, 0.0, 0.0, 0.0, 1.0]}, {"left_foot_pose": [0.9995195384800244, -0.03066932732118068, -0.004481579893969553, 0.04000000034669643, 0.03099503503272371, 0.9890162069749415, 0.14452076025340066, 0.011550000392337178, 6.470711729632841e-10, -0.14459023031507692, 0.9894916196196074, 1.455159118202154e-09, 0.0, 0.0, 0.0, 1.0], "right_foot_pose": [0.9999990160335455, -0.001381122764168805, -0.0002458289057816138, 0.00620749669450461, 0.0014028299138797425, 0.984577125250336, 0.17494546722340845, -0.13490086209860813, 4.1635008730273317e-07, -0.17494563993908024, 0.9845780939398014, 0.018295209244290685, 0.0, 0.0, 0.0, 1.0]}, {"left_foot_pose": [0.9995195384794224, -0.030588197154834715, -0.005005436314623555, 0.04000000012449594, 0.030995035052130672, 0.9863999411627803, 0.16141395192541988, 0.011550000096893887, 3.012027256234155e-10, -0.16149154240665842, 0.9868740961901467, 7.020376502353542e-10, 0.0, 0.0, 0.0, 1.0], "right_foot_pose": [0.9999973939895557, -0.0022459611243313892, -0.0004094786010456095, 0.010102199949075163, 0.0022829835409968937, 0.9838198532446654, 0.17914598613364627, -0.13170156422313806, 4.982567512669673e-07, -0.17914645411024221, 0.983822416892133, 0.023884419630391313, 0.0, 0.0, 0.0, 1.0]}, {"left_foot_pose": [0.9995195384789921, -0.03053308094936655, -0.005331338151260721, 0.039999999992086144, 0.030995035066017824, 0.9846225671016542, 0.17192355323051473, 0.011549999970809445, 8.869100114798877e-11, -0.17200619559157965, 0.9850958677601446, 2.786246441899287e-10, 0.0, 0.0, 0.0, 1.0], "right_foot_pose": [0.9999946544417564, -0.0032231869868491183, -0.0005496849639449008, 0.014468599357685194, 0.003269722871519189, 0.9857883193402673, 0.16796040713404586, -0.12811479382767685, 5.052181934141269e-07, -0.16796130660940578, 0.9857935886796008, 0.02500000420512631, 0.0, 0.0, 0.0, 1.0]}, {"left_foot_pose": [0.9995195384788085, -0.030507841708750386, -0.005473919380536572, 0.039999999984423946, 0.03099503507194019, 0.9838086582073388, 0.17652147698556606, 0.011549999992567322, 2.830136728342556e-12, -0.1766063295313913, 0.9842815676265866, 6.771547905737307e-11, 0.0, 0.0, 0.0, 1.0], "right_foot_pose": [0.9999907418583693, -0.00425604508329326, -0.0006342537322278929, 0.019041166567530802, 0.00430304512467332, 0.9890837542809899, 0.1472915843491314, -0.12435866666622765, 4.504392591237399e-07, -0.14729294992521294, 0.9890929111575544, 0.02500000553122049, 0.0, 0.0, 0.0, 1.0]}, {"left_foot_pose": [0.9995195384788642, -0.030513459564070047, -0.005442516369368241, 0.03999999998347182, 0.030995035070136574, 0.9839898214635906, 0.17550880051169127, 0.011550000009852207, 2.305502418032241e-11, -0.1755931662721631, 0.9844628179664873, 6.62935539796905e-11, 0.0, 0.0, 0.0, 1.0], "right_foot_pose": [0.9999858330089803, -0.005284330802705089, -0.000640022892547908, 0.02355438302467326, 0.005322948544854098, 0.9927389402939535, 0.12017097254672868, -0.12065129356712591, 3.524762920489354e-07, -0.12017267689456453, 0.9927530043912585, 0.024992556188941237, 0.0, 0.0, 0.0, 1.0]}, {"left_foot_pose": [0.9995195384791606, -0.03054983881571538, -0.00523445763575839, 0.039999999968816174, 0.0309950350605828, 0.9851629707676969, 0.16879937449457638, 0.011550000169056057, 1.5179827403440286e-10, -0.1688805150883334, 0.9856365311936751, 3.2181149411947274e-10, 0.0, 0.0, 0.0, 1.0], "right_foot_pose": [0.9999803469192176, -0.006246137689171227, -0.0005399437827747344, 0.027742738459399736, 0.006269431813895878, 0.9962680295657784, 0.08608546619408101, -0.11721077884887401, 2.2705365661650003e-07, -0.08608715949018933, 0.9962876095640549, 0.021837797174303793, 0.0, 0.0, 0.0, 1.0]}, {"left_foot_pose": [0.9995195384795859, -0.030612670087649136, -0.004853517040400629, 0.040000000014894614, 0.030995035046870394, 0.9871891381409693, 0.15651489813731478, 0.011550000331136508, 3.6358559572935095e-10, -0.15659013368215619, 0.9876636725289664, 7.19458492781655e-10, 0.0, 0.0, 0.0, 1.0], "right_foot_pose": [0.9999749188147694, -0.007073937720789407, -0.0003480610829638213, 0.031340693020363665, 0.007082495420663145, 0.9987673999006087, 0.04912758038407485, -0.11425524497379437, 1.0661882826924157e-07, -0.04912881334715767, 0.9987924507619634, 0.014923783039535267, 0.0, 0.0, 0.0, 1.0]}, {"left_foot_pose": [0.999519538480041, -0.03069299936275857, -0.004316478514326731, 0.040000000016677764, 0.030995035032194442, 0.9897795763790137, 0.13919661628909732, 0.011550000365440592, 6.202998077722915e-10, -0.13926352707402923, 0.9902553559698138, 1.1694769111447734e-09, 0.0, 0.0, 0.0, 1.0], "right_foot_pose": [0.9999703380867315, -0.0077013315534316664, -0.00011153031824135495, 0.03408272680960213, 0.007702139099448376, 0.9998655370271902, 0.014477047994015857, -0.11200280441211385, 2.2775026218551622e-08, -0.014477477599098926, 0.9998951958292266, 0.007129217265182855, 0.0, 0.0, 0.0, 1.0]}, {"left_foot_pose": [0.9995195384801807, -0.030779386542561963, -0.00364987128968838, 0.04000000009106583, 0.030995035027690385, 0.9925653674250459, 0.11770003904849205, 0.011550000196991324, 8.397553099453457e-10, -0.11775661659731852, 0.99304248612411, 1.5544471820838623e-09, 0.0, 0.0, 0.0, 1.0], "right_foot_pose": [0.9999674502397093, -0.008067354459472853, 0.00012748772239245404, 0.03570332610149737, 0.00806836173544878, 0.999842629597183, -0.01579929046179785, -0.11067156613221958, -9.183234901659907e-09, 0.015799804815741506, 0.9998751752932884, 0.0013328063801719067, 0.0, 0.0, 0.0, 1.0]}, {"left_foot_pose": [0.999519538479776, -0.0308579337983579, -0.002912064366079348, 0.0400000003852047, 0.030995035040729427, 0.9950983371782794, 0.0939074392572178, 0.011549999977078097, 8.646687859345873e-10, -0.09395257988325952, 0.9955766734577908, 1.6940934002840358e-09, 0.0, 0.0, 0.0, 1.0], "right_foot_pose": [0.9999668525446272, -0.008135174818265464, 0.00033577174898163215, 0.03602963667515304, 0.00814210120246334, 0.9991161888382473, -0.0412376937927562, -0.11040352160992009, 8.579440215932085e-10, 0.04123906075570253, 0.9991493080956356, 1.684947792401914e-09, 0.0, 0.0, 0.0, 1.0]}, {"left_foot_pose": [0.9995195384793918, -0.03091902244380411, -0.002169389099388929, 0.04000000059321834, 0.03099503505313438, 0.9970683059255566, 0.06995785245986495, 0.011549999994345481, 7.038940209332644e-10, -0.06999148069487315, 0.9975475891555953, 1.5755882154522283e-09, 0.0, 0.0, 0.0, 1.0], "right_foot_pose": [0.9999668525445841, -0.008124717688306755, 0.0005317655153588216, 0.03602963687567832, 0.008142101207797046, 0.9978319012666961, -0.06530852166764084, -0.11040352157215551, 7.059714969434531e-10, 0.06531068654497528, 0.9978649779519393, 1.5405539621760056e-09, 0.0, 0.0, 0.0, 1.0]}, {"left_foot_pose": [0.9995195384791992, -0.030958832061864918, -0.0014976367032182513, 0.04000000011267184, 0.030995035059338143, 0.9983520748846036, 0.04829536598140802, 0.01155000003855767, 5.852963837291382e-10, -0.048318581218543516, 0.9988319752135633, 1.128177225251381e-09, 0.0, 0.0, 0.0, 1.0], "right_foot_pose": [0.9999668525445837, -0.008111248407269442, 0.0007081393606153605, 0.036029636395476614, 0.008142101207826168, 0.9961776796311993, -0.08696974642093305, -0.11040352152672912, 5.92023919967485e-10, 0.08697262933748422, 0.9962107014814311, 1.1215492770610958e-09, 0.0, 0.0, 0.0, 1.0]}, {"left_foot_pose": [0.9995689008817396, -0.029352741932708027, -0.000654928319739621, 0.039489632268622184, 0.029360047514085837, 0.9993200236287335, 0.02230421450396883, 0.012965305950485801, -2.0686838953046183e-07, -0.022313827903348717, 0.9997510155454999, 0.0028444598371021104, 0.0, 0.0, 0.0, 1.0], "right_foot_pose": [0.9999668525446075, -0.008097383240996072, 0.0008521717429987796, 0.03602963620402219, 0.008142101204918211, 0.9944748400543753, -0.10465896371928173, -0.11040352173250273, 3.810228264887982e-10, 0.10466243300952574, 0.9945078054578186, 6.830220972142698e-10, 0.0, 0.0, 0.0, 1.0]}, {"left_foot_pose": [0.9996930807084505, -0.024770443869802743, 0.0004116966615975358, 0.038058161915585295, 0.02477386492983575, 0.9995548341810057, -0.016624953588541855, 0.016934939071352954, 2.9409138685395687e-07, 0.01663005038705071, 0.9998617111501165, 0.009617041071209698, 0.0, 0.0, 0.0, 1.0], "right_foot_pose": [0.9999668525446628, -0.008085329016169809, 0.0009598263492019358, 0.036029636116032736, 0.008142101198114728, 0.9929944117230854, -0.1178804668925407, -0.11040352174171256, 1.5842352102450928e-10, 0.11788437445829691, 0.9930273280522423, 3.4566630113808117e-10, 0.0, 0.0, 0.0, 1.0]}, {"left_foot_pose": [0.9998408827021098, -0.017797781734258257, 0.0012034296018115745, 0.035893730666486164, 0.01783842131353022, 0.997557043398961, -0.06754062399893133, 0.02293715570045471, 1.5836086064790616e-06, 0.0675513444016009, 0.9977157991467457, 0.017439496474982122, 0.0, 0.0, 0.0, 1.0], "right_foot_pose": [0.9999668525447144, -0.008077331676013955, 0.0010249511271423982, 0.03602963611435949, 0.008142101191791366, 0.9920122269223405, -0.1258787028244313, -0.11040352161114028, -1.646394716261677e-11, 0.1258828755215517, 0.9920451106932716, 1.3133504006557217e-10, 0.0, 0.0, 0.0, 1.0]}, {"left_foot_pose": [0.9999580806506095, -0.009083905764250036, 0.0011487374007887474, 0.033184554643139554, 0.009156250839447922, 0.9920094087146438, -0.1258312206576287, 0.03044999871762288, 3.4806409292903785e-06, 0.1258364640225158, 0.9920509988454204, 0.023433121327492652, 0.0, 0.0, 0.0, 1.0], "right_foot_pose": [0.9999668525447223, -0.00807510523678836, 0.0010423469750908082, 0.036029636217676596, 0.008142101190828371, 0.9917387896259439, -0.12801515277289002, -0.11040352144857468, -9.690230378814592e-11, 0.12801939629088557, 0.9917716643327321, 7.310820698824827e-11, 0.0, 0.0, 0.0, 1.0]}, {"left_foot_pose": [0.9999997759946156, 0.0006572370217648516, -0.00012668945083328504, 0.030118859125575884, -0.0006693137332443838, 0.9834358256667495, -0.18125542423410665, 0.038951499841026915, 5.4631694810028945e-06, 0.18125546842690465, 0.9834360452695935, 0.025000010889399488, 0.0, 0.0, 0.0, 1.0], "right_foot_pose": [0.999966852544653, -0.008079575523822755, 0.0010071103689930873, 0.036029636428558845, 0.008142101199352048, 0.9922878030585823, -0.12368759876896164, -0.11040352139217277, -3.98716894761353e-11, 0.12369169883434755, 0.9923206959645018, 2.59087314102846e-10, 0.0, 0.0, 0.0, 1.0]}, {"left_foot_pose": [0.9999391214798939, 0.010739554595051383, -0.0025328444717978944, 0.026884877904639497, -0.01103418705968403, 0.9733855919799699, -0.2289077020148865, 0.04791968645888771, 7.0675525573163885e-06, 0.22892171433244163, 0.9734448359599771, 0.025000009375883724, 0.0, 0.0, 0.0, 1.0], "right_foot_pose": [0.9999668525445009, -0.008090306634554066, 0.0009169246442292629, 0.036029636633750015, 0.008142101218009137, 0.9936057320828994, -0.11261152409838565, -0.11040352133798645, 1.7814585824583242e-10, 0.11261525700616437, 0.9936386686766149, 7.208924152068974e-10, 0.0, 0.0, 0.0, 1.0]}, {"left_foot_pose": [0.9997724048058583, 0.020558927144236197, -0.005698166669169507, 0.02367082646258407, -0.021333975846458977, 0.9635508287818544, -0.26667332417845063, 0.056832606342560404, 7.955773519031216e-06, 0.2667341951615508, 0.9637701328990362, 0.025000006580597388, 0.0, 0.0, 0.0, 1.0], "right_foot_pose": [0.9999668525442842, -0.008105773448599226, 0.0007682769538074865, 0.036029636875403614, 0.00814210124462774, 0.9955052711381254, -0.0943555049985392, -0.11040352130985119, 5.899368862498478e-10, 0.09435863274235738, 0.9955382706993204, 1.5127776115120284e-09, 0.0, 0.0, 0.0, 1.0]}, {"left_foot_pose": [0.9995204839729289, 0.029722361227785116, -0.008682359216710919, 0.020664925436862006, -0.03096452908539859, 0.9594922231178915, -0.2800283409135697, 0.06516829780050537, 7.5526440995415585e-06, 0.2801629080005629, 0.9599524701377806, 0.022459726533976355, 0.0, 0.0, 0.0, 1.0], "right_foot_pose": [0.9999668525440768, -0.008126552275511833, 0.0005029524886526723, 0.03602963724754132, 0.008142101270094078, 0.9980572023097964, -0.06176995308764007, -0.11040352185123062, 1.399103013371133e-09, 0.061772000660939234, 0.9980902864642781, 3.0520966795566373e-09, 0.0, 0.0, 0.0, 1.0]}, {"left_foot_pose": [0.9992265633451655, 0.03779885217703625, -0.010840750873863552, 0.01805540354999512, -0.03932270422640148, 0.9605471052696966, -0.27532341616784145, 0.07240479391105525, 6.142762234573143e-06, 0.27553675858604787, 0.9612905360140406, 0.015838562625211487, 0.0, 0.0, 0.0, 1.0], "right_foot_pose": [0.9999668525440795, -0.008139336843872233, 0.00021215284355435623, 0.036029637633774925, 0.008142101269760773, 0.9996273340576487, -0.026055694036253334, -0.11040352248233054, 2.2890466045763195e-09, 0.02605655772622054, 0.9996604702595075, 5.004128396379759e-09, 0.0, 0.0, 0.0, 1.0]}, {"left_foot_pose": [0.9989503331411292, 0.04432358499591462, -0.011560784157562298, 0.01603047566345622, -0.045806461348262495, 0.9666336842697925, -0.2520339035402942, 0.07802014326588994, 3.9972378517946116e-06, 0.25229891051710485, 0.9676493475096777, 0.007998175742540137, 0.0, 0.0, 0.0, 1.0], "right_foot_pose": [0.9999668525444865, -0.00814078887578469, -0.0001461805477221991, 0.03602963791401738, 0.008142101219747983, 0.9998056853544811, 0.017952652188007512, -0.11040352303924825, 3.391477972469006e-09, -0.01795324732008383, 0.9998388274670391, 7.493101146505143e-09, 0.0, 0.0, 0.0, 1.0]}, {"left_foot_pose": [0.9987584795764767, 0.04865934432985979, -0.01066619348567563, 0.014778362608188626, -0.04981465117228363, 0.975602185201104, -0.21381972958409576, 0.08149238899192543, 1.6338260526458046e-06, 0.2140856007306895, 0.9768149034270063, 0.0018172758405123682, 0.0, 0.0, 0.0, 1.0], "right_foot_pose": [0.9999668525454983, -0.008122303421191523, -0.0005674481330057465, 0.036029637959410596, 0.008142101095511622, 0.9975354532421177, 0.06969021247487595, -0.11040352334091079, 4.5793409237436755e-09, -0.06969252264179424, 0.9975685200966514, 1.0169612409127726e-08, 0.0, 0.0, 0.0, 1.0]}, {"left_foot_pose": [0.9987070203883069, 0.05016154710481765, -0.008252673455452893, 0.014459279500311124, -0.0508358871970492, 0.9854591485823474, -0.16212951319314017, 0.08237724222820306, 5.343819787844967e-09, 0.16233941501498295, 0.9867349767453237, 1.3140450449977692e-08, 0.0, 0.0, 0.0, 1.0], "right_foot_pose": [0.9999668525475139, -0.008076304179884591, -0.0010330135587072783, 0.036029636562007916, 0.008142100847967054, 0.9918861618817383, 0.12686823109547804, -0.11040352345933349, 5.428826882095373e-09, -0.12687243663738826, 0.9919190414654273, 1.1974596002273241e-08, 0.0, 0.0, 0.0, 1.0]}, {"left_foot_pose": [0.9987070203855861, 0.050558174482704686, -0.0053064513115824935, 0.01445927713055905, -0.050835887250501935, 0.9932511667125081, -0.10424889635721167, 0.08237724141943924, 5.0646750010039e-09, 0.10438386281997229, 0.9945370828595494, 1.2424633002994234e-08, 0.0, 0.0, 0.0, 1.0], "right_foot_pose": [0.9999668525496296, -0.008002188417054615, -0.0015029246571156068, 0.036029634156166945, 0.00814210058811506, 0.9827837455851471, 0.18458010621852425, -0.11040352381609964, 5.135851875500682e-09, -0.1845862248223488, 0.9828163234327323, 1.2751231716345846e-08, 0.0, 0.0, 0.0, 1.0]}, {"left_foot_pose": [0.9987070203735167, 0.05077872813571122, -0.0024100260522614565, 0.014459280123916545, -0.050835887487610476, 0.9975840887048012, -0.04734657861302141, 0.0823772415099766, 4.599553267893172e-09, 0.04740787626472588, 0.9988756145126725, 9.95597676523019e-09, 0.0, 0.0, 0.0, 1.0], "right_foot_pose": [0.9999668525482875, -0.007907762695182726, -0.0019393539718109505, 0.0360296368581735, 0.008142100752955756, 0.9711869097790155, 0.23817995816024332, -0.11040352319364866, 4.6029709262068095e-09, -0.2381878535170156, 0.9712191032084145, 1.2568421602077162e-08, 0.0, 0.0, 0.0, 1.0]}, {"left_foot_pose": [0.9987070203667099, 0.05083550854569703, 0.000196318999472612, 0.01445928114463671, -0.0508358876213364, 0.9986995729032916, 0.003856891563733773, 0.08237724170418455, 3.3431216853097447e-09, -0.003861884732089356, 0.9999925428953542, 7.018971022454412e-09, 0.0, 0.0, 0.0, 1.0], "right_foot_pose": [0.9999764459509642, -0.006586340348479685, -0.0019307159532980951, 0.035475226233324726, 0.006863493106512544, 0.959499101419222, 0.2816280647202664, -0.10928591968502327, -2.3780636461322708e-06, -0.28163468269465636, 0.9595217066319163, 0.0022502995764581285, 0.0, 0.0, 0.0, 1.0]}, {"left_foot_pose": [0.9987070203645446, 0.050779709867752064, 0.0023892551812015566, 0.014459281307457357, -0.050835887663873223, 0.9976033656975297, 0.04693865437341979, 0.08237724157753423, 2.2403879052004122e-09, -0.046999423557191326, 0.9988949164878622, 4.592993138596846e-09, 0.0, 0.0, 0.0, 1.0], "right_foot_pose": [0.9999966423342617, -0.002464547730796742, -0.0008008275003510819, 0.033622665591264325, 0.002591388383280292, 0.9504327605889109, 0.31091936624403, -0.10555146570797508, -5.1429266234407706e-06, -0.3109203975358081, 0.9504359559537534, 0.008710108152908257, 0.0, 0.0, 0.0, 1.0]}, {"left_foot_pose": [0.9987070203646476, 0.05066594016988699, 0.004153309652539764, 0.01445928131122034, -0.05083588766185181, 0.9953682793252958, 0.08159473658657473, 0.08237724128600221, 1.359719075884768e-09, -0.08170037343673786, 0.9966569364532104, 2.7750875902787797e-09, 0.0, 0.0, 0.0, 1.0], "right_foot_pose": [0.9999915915894803, 0.0038757184193249933, 0.001339983982189458, 0.030720586882497628, -0.004100816405442039, 0.9456896606233999, 0.3250449954926358, -0.09970136304391199, -7.4261212172503534e-06, -0.32504775740917363, 0.9456976024861857, 0.01655846395918289, 0.0, 0.0, 0.0, 1.0]}, {"left_foot_pose": [0.9987070203657253, 0.05053761838268261, 0.005498781721607477, 0.014459281241019582, -0.050835887640676744, 0.9928473080270259, 0.10802747553874027, 0.08237724093646094, 7.038948052140417e-10, -0.10816733366268695, 0.9941327013675316, 1.5031166034074062e-09, 0.0, 0.0, 0.0, 1.0], "right_foot_pose": [0.9999204981182724, 0.011943202438195263, 0.004044423126421747, 0.0270305982069019, -0.012609415782755174, 0.9473121666470802, 0.32006352737547633, -0.09226296981182425, -8.747734200196336e-06, -0.3200890795355804, 0.9473874503525693, 0.022916658656112844, 0.0, 0.0, 0.0, 1.0]}, {"left_foot_pose": [0.9987070203673545, 0.05043381845181431, 0.006381020712308259, 0.014459280999567592, -0.050835887608671096, 0.9908080862305847, 0.12535967769233428, 0.0823772406566853, 3.057532230757162e-10, -0.1255219750340827, 0.99209083948172, 7.015576244939759e-10, 0.0, 0.0, 0.0, 1.0], "right_foot_pose": [0.9997506502698931, 0.021367815399103006, 0.006484886274668537, 0.022814306392448077, -0.022330186058097248, 0.9567769851634857, 0.28996407269191454, -0.08376363901771854, -8.691161352484967e-06, -0.2900365789457273, 0.95701556037398, 0.025000007454046423, 0.0, 0.0, 0.0, 1.0]}, {"left_foot_pose": [0.9987070203679859, 0.050360716475868206, 0.00693438560634888, 0.014459280897773184, -0.05083588759626697, 0.9893719469382897, 0.13623091845773821, 0.0823772406760658, 7.152281248855285e-11, -0.13640729030215543, 0.9906528408844467, 2.3730488407647243e-10, 0.0, 0.0, 0.0, 1.0], "right_foot_pose": [0.9994665610659376, 0.031665470768287275, 0.00799320161455012, 0.018333327788894224, -0.032658739325234, 0.9691256100895269, 0.24439508713206273, -0.07473074123249752, -7.530903776007647e-06, -0.24452576516519672, 0.9696427951125407, 0.02500001026588438, 0.0, 0.0, 0.0, 1.0]}, {"left_foot_pose": [0.9987070203682065, 0.050330514546788316, 0.0071502987850493365, 0.014459280817376966, -0.050835887591935684, 0.9887786089534847, 0.14047268420854292, 0.0823772406828628, -1.0298779485805677e-11, -0.1406545476743235, 0.990058734731699, 6.441390476563669e-11, 0.0, 0.0, 0.0, 1.0], "right_foot_pose": [0.9990754651030218, 0.04220490631582999, 0.008182964747130497, 0.013849270296061096, -0.04299087108856284, 0.9808353531476814, 0.1900362992133592, -0.06569163903030843, -5.676912640065488e-06, -0.19021239680561006, 0.9817429623222353, 0.02500001170308984, 0.0, 0.0, 0.0, 1.0]}, {"left_foot_pose": [0.9987070203680288, 0.05034519142328082, 0.007046216585341636, 0.01445928085507549, -0.050835887595421236, 0.9890669463915136, 0.13842791657809875, 0.08237724074726602, 3.677280983694356e-11, -0.13860713277577263, 0.990347445467337, 1.907102184506293e-10, 0.0, 0.0, 0.0, 1.0], "right_foot_pose": [0.9986091681622966, 0.05228360801120469, 0.0067936437599128196, 0.009623739533588135, -0.05272313771027528, 0.9902927294583119, 0.12861018906754731, -0.05717368435120496, -3.49