{"LoopMode": "Wrap", "FrameDuration": 0.0167, "EnableCycleOffsetPosition": true, "EnableCycleOffsetRotation": false, "Debug_info": [{"left_foot_pose": [1.0000000000000004, 7.899994305086712e-14, -4.67176297647143e-12, 6.46273271384551e-13, -3.0278485697408834e-14, 0.9999463552655815, 0.010357924071961512, -1.257986770308861e-13, 4.672048058077919e-12, -0.010357924071961682, 0.9999463552655816, 1.008089445253546e-11, 0.0, 0.0, 0.0, 1.0], "right_foot_pose": [0.9999999999999998, -1.1652411692668304e-13, -4.714395540617033e-12, 4.735389828312368e-14, 5.0165281546922093e-14, 0.9999007661197873, -0.01408750911490566, -0.14000000000134422, 4.7152595010863745e-12, 0.014087509114905505, 0.9999007661197872, 8.05454314356524e-12, 0.0, 0.0, 0.0, 1.0]}, {"left_foot_pose": [1.0000000000000004, 1.3690313622371118e-13, -1.041067232421256e-11, 1.6815275452892119e-12, -5.16195550757168e-14, 0.9999667079273906, 0.008159842943185799, 3.517689611820529e-13, 1.041136794712018e-11, -0.008159842943185969, 0.9999667079273907, 2.1744724076899757e-11, 0.0, 0.0, 0.0, 1.0], "right_foot_pose": [1.0, -2.8028000723071097e-13, -1.0482503753905801e-11, 4.881908716274433e-13, 1.095919466104201e-13, 0.9998673745457829, -0.016285985353147722, -0.1400000000023541, 1.0485610367987527e-11, 0.01628598535314757, 0.9998673745457828, 1.8762942588512743e-11, 0.0, 0.0, 0.0, 1.0]}, {"left_foot_pose": [1.0000000000000007, 1.525844685197122e-13, -1.8284096459098016e-11, 3.185536192487952e-12, -5.905448926861008e-14, 0.9999870089060189, 0.0050972560456515785, 1.2338394195232638e-12, 1.828432308303495e-11, -0.00509725604565175, 0.999987008906019, 3.7629295512875416e-11, 0.0, 0.0, 0.0, 1.0], "right_foot_pose": [0.9999999999999998, -5.642035540268241e-13, -1.840028129862503e-11, 1.2194784472856802e-12, 2.0812356184361897e-13, 0.9998127743889444, -0.019349836399352022, -0.14000000000350496, 1.8407582197164843e-11, 0.019349836399351873, 0.9998127743889444, 3.368626211308623e-11, 0.0, 0.0, 0.0, 1.0]}, {"left_foot_pose": [1.0000000000000002, 6.678437577455778e-14, -2.8189228729047506e-11, 5.160035238629003e-12, -3.303553067631453e-14, 0.9999992972953057, 0.0011854994289311354, 2.5734553377176894e-12, 2.8188994838923727e-11, -0.0011854994289313089, 0.9999992972953056, 5.760245752606252e-11, 0.0, 0.0, 0.0, 1.0], "right_foot_pose": [0.9999999999999999, -1.024453917035593e-12, -2.8375912730638213e-11, 2.2586035923985217e-12, 3.6409166931841265e-13, 0.9997293468423806, -0.023264416221071827, -0.14000000000471266, 2.8392079442076994e-11, 0.023264416221071678, 0.9997293468423805, 5.2638005065830384e-11, 0.0, 0.0, 0.0, 1.0]}, {"left_foot_pose": [1.0000000000000004, -1.9385654026853725e-13, -4.0242531529344205e-11, 7.656468391755915e-12, 5.0595434300840016e-14, 0.999993634100473, -0.0035681589832930005, 4.469327685718838e-12, 4.024262269356577e-11, 0.0035681589832928266, 0.9999936341004731, 8.19849813038509e-11, 0.0, 0.0, 0.0, 1.0], "right_foot_pose": [0.9999999999999998, -1.740131533793879e-12, -4.054173663448067e-11, 3.654160108823549e-12, 6.033989974863573e-13, 0.9996072693654606, -0.028023330132718266, -0.14000000000590282, 4.0574549246032037e-11, 0.028023330132718117, 0.9996072693654607, 7.585553019051616e-11, 0.0, 0.0, 0.0, 1.0]}, {"left_foot_pose": [1.0000000000000004, -7.261810150267805e-13, -5.4805382454503615e-11, 1.0786409597410843e-11, 2.2369770521665548e-13, 0.9999579176346287, -0.009174037269278871, 7.084031278248304e-12, 5.4809415413287695e-11, 0.009174037269278694, 0.9999579176346287, 1.1160857654735068e-10, 0.0, 0.0, 0.0, 1.0], "right_foot_pose": [1.0, -2.8237966332119367e-12, -5.527911461911115e-11, 5.496446953459869e-12, 9.627885627577988e-13, 0.9994340830953459, -0.0336379777538022, -0.14000000000699747, 5.5342681603016556e-11, 0.033637977753802055, 0.999434083095346, 1.0405976080818391e-10, 0.0, 0.0, 0.0, 1.0]}, {"left_foot_pose": [1.0000000000000004, -1.6661940961474133e-12, -7.24894033687917e-11, 1.4730297821308988e-11, 5.309153439554843e-13, 0.9998773258919753, -0.01566311485987238, 1.0663459698578848e-11, 7.250637975357161e-11, 0.015663114859872207, 0.9998773258919753, 1.4784903856757126e-10, 0.0, 0.0, 0.0, 1.0], "right_foot_pose": [0.9999999999999998, -4.43806251578713e-12, -7.322981110391422e-11, 7.92822352065907e-12, 1.4950582453858834e-12, 0.9991940381564997, -0.04014067902399813, -0.14000000000789364, 7.334878837592976e-11, 0.04014067902399798, 0.9991940381564997, 1.3847748642215052e-10, 0.0, 0.0, 0.0, 1.0]}, {"left_foot_pose": [1.0000000000000007, -3.2108072145149148e-12, -9.414824475584279e-11, 1.9745698239784542e-11, 1.0366563555964672e-12, 0.9997334509320912, -0.023087379396822875, 1.555968028033039e-11, 9.41969366801294e-11, 0.023087379396822687, 0.9997334509320913, 1.9264323469769806e-10, 0.0, 0.0, 0.0, 1.0], "right_foot_pose": [0.9999999999999998, -6.818082547572695e-12, -9.528977606976237e-11, 1.1156437287124196e-11, 2.2760534471520734e-12, 0.9988671877595884, -0.047585094486098815, -0.14000000000843432, 9.550625058705031e-11, 0.04758509448609868, 0.9988671877595887, 1.8083907288302115e-10, 0.0, 0.0, 0.0, 1.0]}, {"left_foot_pose": [1.0000000000000004, -5.645414490588315e-12, -1.208568245480989e-10, 2.6177308798618054e-11, 1.833755841044402e-12, 0.9995031742204691, -0.031518323610359236, 2.2255433607121233e-11, 1.2097437903081656e-10, 0.03151832361035906, 0.9995031742204692, 2.4849938773385816e-10, 0.0, 0.0, 0.0, 1.0], "right_foot_pose": [1.0, -1.030024897579157e-11, -1.2259432358163728e-10, 1.5466783947958566e-11, 3.413361505919173e-12, 0.9984282542463792, -0.056044813520323505, -0.14000000000837098, 1.2297869372915709e-10, 0.05604481352032337, 0.9984282542463793, 2.333624890549224e-10, 0.0, 0.0, 0.0, 1.0]}, {"left_foot_pose": [1.0000000000000002, -9.372138775808254e-12, -1.5380663409558777e-10, 3.445531838149727e-11, 3.0519478950133608e-12, 0.9991573936856041, -0.041042692935428095, 3.137260937147168e-11, 1.5406150731171625e-10, 0.041042692935427914, 0.9991573936856041, 3.1836411285013355e-10, 0.0, 0.0, 0.0, 1.0], "right_foot_pose": [1.0, -1.534935390662852e-11, -1.5641965500634561e-10, 2.1230436654954876e-11, 5.0537917981439394e-12, 0.9978453953929889, -0.06560919823477332, -0.14000000000731652, 1.5708944903574494e-10, 0.06560919823477314, 0.9978453953929889, 2.985915611986023e-10, 0.0, 0.0, 0.0, 1.0]}, {"left_foot_pose": [1.0000000000000004, -1.4912913446797263e-11, -1.939225446889734e-10, 4.504117236298982e-11, 4.857318269713518e-12, 0.9986599468829526, -0.051752395999987696, 4.360089199406669e-11, 1.944342639909769e-10, 0.051752395999987495, 0.9986599468829525, 4.049439533693189e-10, 0.0, 0.0, 0.0, 1.0], "right_foot_pose": [0.9999999999999998, -2.255092960800345e-11, -1.977982777567887e-10, 2.8868944196568998e-11, 7.378619099006371e-12, 0.9970792898145048, -0.07637335807075088, -0.1400000000047023, 1.9894263426133142e-10, 0.07637335807075071, 0.9970792898145047, 3.7871385194510054e-10, 0.0, 0.0, 0.0, 1.0]}, {"left_foot_pose": [1.0, -2.2809628986403518e-11, -2.408443999790673e-10, 5.823697291649941e-11, 7.416772976402426e-12, 0.9979677518282957, -0.06372100368621263, 5.939981319313947e-11, 2.4180809964250787e-10, 0.06372100368621246, 0.9979677518282958, 5.087070278908534e-10, 0.0, 0.0, 0.0, 1.0], "right_foot_pose": [1.0, -3.247483156523364e-11, -2.464773385391082e-10, 3.870175287866621e-11, 1.0555535190028137e-11, 0.9960837626680445, -0.08841457882652042, -0.13999999999980406, 2.483830965139195e-10, 0.08841457882652022, 0.9960837626680444, 4.736601874610891e-10, 0.0, 0.0, 0.0, 1.0]}, {"left_foot_pose": [1.0000000000000004, -3.318960347666757e-11, -2.9030605697144495e-10, 7.362051188888282e-11, 1.0752982844798247e-11, 0.9970350822253933, -0.07694832559454773, 7.807131850723348e-11, 2.9199919430725796e-10, 0.07694832559454753, 0.9970350822253932, 6.223645349079376e-10, 0.0, 0.0, 0.0, 1.0], "right_foot_pose": [1.0, -4.5131962114532014e-11, -2.982025182340917e-10, 5.045284898442888e-11, 1.4559809293021115e-11, 0.9948113896887707, -0.10173641897323134, -0.13999999999203147, 3.0124661130343136e-10, 0.10173641897323119, 0.9948113896887707, 5.76034560328953e-10, 0.0, 0.0, 0.0, 1.0]}, {"left_foot_pose": [1.0000000000000007, -4.440245420633404e-11, -3.279020388546875e-10, 8.852620222329732e-11, 1.430262708017125e-11, 0.9958297057597802, -0.09123155773300368, 9.52918785546153e-11, 3.305852492685664e-10, 0.0912315577330035, 0.9958297057597806, 7.169201204915154e-10, 0.0, 0.0, 0.0, 1.0], "right_foot_pose": [0.9999999999999998, -5.831976325872536e-11, -3.3818958744546954e-10, 6.188501969392738e-11, 1.864845189635567e-11, 0.9932330554815089, -0.11613826888182104, -0.1399999999820257, 3.426740071494376e-10, 0.11613826888182091, 0.9932330554815088, 6.586397330310412e-10, 0.0, 0.0, 0.0, 1.0]}, {"left_foot_pose": [1.0000000000000002, -4.9776196953436385e-11, -3.1739855188561617e-10, 9.459056487155115e-11, 1.5894953552183383e-11, 0.9943803555656313, -0.10586646525302308, 9.803156203469499e-11, 3.2088437773379587e-10, 0.1058664652530229, 0.9943803555656315, 7.135409346714638e-10, 0.0, 0.0, 0.0, 1.0], "right_foot_pose": [1.0, -6.375987425839636e-11, -3.2874242217317787e-10, 6.574045281856811e-11, 2.017486484586315e-11, 0.9913939736913066, -0.13091214202113252, -0.13999999997453133, 3.342599979471059e-10, 0.13091214202113238, 0.9913939736913064, 6.500631907768728e-10, 0.0, 0.0, 0.0, 1.0]}, {"left_foot_pose": [0.9999999980094854, 6.262000382824396e-05, -7.73080509586364e-06, -2.138554937653831e-05, -6.30951035088607e-05, 0.9928398368778479, -0.11945314699653894, 5.6617760466289024e-05, 1.9529474773469598e-07, 0.11945314724654142, 0.9928398388526015, 0.0001638610307928487, 0.0, 0.0, 0.0, 1.0], "right_foot_pose": [1.0, -4.749995084399069e-11, -2.2281693157211151e-10, 1.689507904572422e-11, 1.4875961137167405e-11, 0.9895502017569242, -0.14418875893366492, -0.14000000002070664, 2.273372724212202e-10, 0.1441887589336648, 0.9895502017569243, 4.2650612902539464e-10, 0.0, 0.0, 0.0, 1.0]}, {"left_foot_pose": [0.9999984126771594, 0.001763535453638276, -0.0002541374958852988, -0.0006039622967845585, -0.001781752448236032, 0.989867711705008, -0.14198147302414305, 0.0015989913696626105, 1.1731400722279467e-06, 0.14198170046381312, 0.9898692826489915, 0.004191209249790641, 0.0, 0.0, 0.0, 1.0], "right_foot_pose": [0.9999999999999999, -2.556779942286366e-11, -1.0609119138749163e-10, -8.679127562686365e-11, 8.880347783688793e-12, 0.9880077812976437, -0.1544040935186224, -0.14000000011799207, 1.0876661113771075e-10, 0.15440409351862222, 0.9880077812976437, 1.9771776577082179e-10, 0.0, 0.0, 0.0, 1.0]}, {"left_foot_pose": [0.999984731100924, 0.005439533640997845, -0.0009741862152206556, -0.0018732018599249684, -0.005526079919583962, 0.9843997639673325, -0.1758595096711659, 0.004959309358966563, 2.394961377586169e-06, 0.17586220792094281, 0.9844147925643115, 0.011469802199491834, 0.0, 0.0, 0.0, 1.0], "right_foot_pose": [0.9999999999999998, -3.4021967237557547e-12, 4.006572851267286e-12, -1.1800055315014534e-10, 4.001287219071681e-12, 0.9870329511742342, -0.1605177662948321, -0.1400000000650625, -3.4086517886406924e-12, 0.16051776629483197, 0.9870329511742338, 9.012726676083105e-11, 0.0, 0.0, 0.0, 1.0]}, {"left_foot_pose": [0.9999410158493524, 0.010602191789545235, -0.0023576156224926277, -0.0036817188005869687, -0.010861160502025808, 0.9761754077663763, -0.21671088681628156, 0.009747361681343974, 3.836006734259672e-06, 0.2167237107503644, 0.9762329809957655, 0.019120927205202906, 0.0, 0.0, 0.0, 1.0], "right_foot_pose": [0.9999999999999998, 3.760387781743513e-12, 5.124278779078393e-11, -7.860157512596767e-11, 4.570985383478582e-12, 0.9868530272786783, -0.1616202417734501, -0.13999999992724024, -5.1177096527795936e-11, 0.16162024177344997, 0.9868530272786781, 1.0374905795584866e-10, 0.0, 0.0, 0.0, 1.0]}, {"left_foot_pose": [0.9998494450224951, 0.016768014807961744, -0.004463291118567289, -0.005882125655837415, -0.017351866195400193, 0.9662847484298144, -0.25689043908146536, 0.01557293315315034, 5.267449131943062e-06, 0.2569292093774685, 0.9664302258005613, 0.024265880363786532, 0.0, 0.0, 0.0, 1.0], "right_foot_pose": [1.0, -1.5821080460434704e-11, -8.46234193829777e-12, 6.238803895309863e-11, 1.4296379175834496e-11, 0.9875983959701694, -0.15700130024031242, -0.13999999983739778, 1.0841025268239805e-11, 0.15700130024031225, 0.9875983959701694, 2.7431439758585086e-10, 0.0, 0.0, 0.0, 1.0]}, {"left_foot_pose": [0.9996982872130049, 0.02352535470878678, -0.007063443155485467, -0.008327024782768424, -0.024562868386343903, 0.9575459210411353, -0.28723244001003756, 0.022045798389718325, 6.326146934283322e-06, 0.287319276734629, 0.957834867384076, 0.025000004459899597, 0.0, 0.0, 0.0, 1.0], "right_foot_pose": [1.0, -6.452527672120426e-11, -2.0265705780175794e-10, 2.6608984183940956e-10, 3.4222340899493794e-11, 0.9892681243646636, -0.14611152629419932, -0.1399999998406534, 2.0990989895353274e-10, 0.14611152629419916, 0.9892681243646635, 6.933974644462992e-10, 0.0, 0.0, 0.0, 1.0]}, {"left_foot_pose": [0.999485982690245, 0.03047235969608837, -0.009960205834614964, -0.010869024395383644, -0.03205885771520197, 0.9500912744931697, -0.31032047914042316, 0.028775742611113014, 6.907394193949394e-06, 0.3104802818642393, 0.9505798201759763, 0.025000003244363127, 0.0, 0.0, 0.0, 1.0], "right_foot_pose": [1.0, -1.345002275202645e-10, -5.515089496199712e-10, 4.587602554091591e-10, 6.239801734173487e-11, 0.991682541311027, -0.12870795336304294, -0.13999999979302036, 5.64232738765191e-10, 0.12870795336304286, 0.991682541311027, 1.3908552712327271e-09, 0.0, 0.0, 0.0, 1.0]}, {"left_foot_pose": [0.9992233317280379, 0.037261166665492104, -0.012819469140588567, -0.013360738570435281, -0.0394047368079603, 0.9449236094752307, -0.3249102013993992, 0.035372554840274885, 6.885886219528091e-06, 0.32516300176223795, 0.9456579837539344, 0.02491027095615616, 0.0, 0.0, 0.0, 1.0], "right_foot_pose": [0.9999999999999998, -2.097370361500698e-10, -1.0959890217598897e-09, 7.158465207512994e-10, 9.433200648810888e-11, 0.9945506172559211, -0.10425483065962214, -0.1399999998686949, 1.1118824729528196e-09, 0.10425483065962202, 0.9945506172559212, 2.4312142646309987e-09, 0.0, 0.0, 0.0, 1.0]}, {"left_foot_pose": [0.9989337893719396, 0.043716397117642816, -0.014837825786517224, -0.015654775066430374, -0.046165836010673825, 0.9459749848755272, -0.3209361986052403, 0.04144601454862133, 6.037716332775736e-06, 0.321279013651373, 0.9469845803130842, 0.02116383372086747, 0.0, 0.0, 0.0, 1.0], "right_foot_pose": [0.9999999999999998, -2.521345297834777e-10, -1.8604348062112292e-09, 1.1420210947721127e-09, 1.1730846145888878e-10, 0.9973961532508233, -0.07211735907852164, -0.14000000049384145, 1.8737736429214976e-09, 0.07211735907852149, 0.9973961532508234, 3.9938717333320994e-09, 0.0, 0.0, 0.0, 1.0]}, {"left_foot_pose": [0.9986518619871982, 0.04954333229125666, -0.015489247075988317, -0.017603743676869937, -0.05190817401123391, 0.953181012298709, -0.29791189849354605, 0.046605910591709473, 4.5080270504147865e-06, 0.29831429067124404, 0.9544676966566186, 0.013996811212893097, 0.0, 0.0, 0.0, 1.0], "right_foot_pose": [1.0, -1.9887512747790107e-10, -2.8296039400466083e-09, 1.5190988791924972e-09, 1.0823714100896157e-10, 0.9994879943292048, -0.03199608088162907, -0.14000000113469924, 2.8345182768875605e-09, 0.031996080881628926, 0.9994879943292048, 6.113566472509824e-09, 0.0, 0.0, 0.0, 1.0]}, {"left_foot_pose": [0.9984196217131994, 0.05423863777060799, -0.014711531220827441, -0.01906025970725073, -0.056198389398729266, 0.963615083862079, -0.2613191749230591, 0.05046203600218505, 2.6573199310493366e-06, 0.26173295613328534, 0.9651403315925987, 0.006287908641207929, 0.0, 0.0, 0.0, 1.0], "right_foot_pose": [0.9999999999999998, 2.3986183423781717e-11, -3.9536230400649686e-09, 1.7598554462844713e-09, 3.9408053279326055e-11, 0.9998714524103478, 0.016033672530696225, -0.1400000016418027, 3.953499254728238e-09, -0.016033672530696375, 0.9998714524103476, 8.662407881276923e-09, 0.0, 0.0, 0.0, 1.0]}, {"left_foot_pose": [0.9982813427659533, 0.05723365005892239, -0.0125964275228633, -0.019876932687059833, -0.058603418711631376, 0.9749510871570628, -0.214560054452295, 0.05262417699297447, 8.456345644662529e-07, 0.214929492978966, 0.9766295679770759, 0.0009158391928426254, 0.0, 0.0, 0.0, 1.0], "right_foot_pose": [0.9999999999999999, 4.6514749690246045e-10, -5.024523186403232e-09, 1.7254286107710952e-09, -1.0705471303977535e-10, 0.997473813877696, 0.07103513657538552, -0.1400000018230401, 5.044871912804492e-09, -0.07103513657538568, 0.9974738138776958, 1.1135017352614796e-08, 0.0, 0.0, 0.0, 1.0]}, {"left_foot_pose": [0.9982600048526246, 0.05821326367236126, -0.009390348462708639, -0.02000000034716641, -0.05896577576559876, 0.9855203800449851, -0.1589736387089063, 0.05295000184519781, 5.438606935089364e-09, 0.15925073453080482, 0.9872381696183551, 1.3465935928824724e-08, 0.0, 0.0, 0.0, 1.0], "right_foot_pose": [0.9999999999999998, 1.028373141594095e-09, -5.482178211391193e-09, 1.643682526922601e-09, -3.055633816450464e-10, 0.991481289971958, 0.13024919053699427, -0.1400000018978955, 5.569421994567331e-09, -0.1302491905369944, 0.9914812899719578, 1.267038800961684e-08, 0.0, 0.0, 0.0, 1.0]}, {"left_foot_pose": [0.9982600048444951, 0.05866344363491542, -0.005963481262070261, -0.02000000033165611, -0.05896577590322965, 0.9931416852273526, -0.1009585575169586, 0.05295000150697763, 5.182075502275545e-09, 0.10113453141567443, 0.9948727589774149, 1.1956461085094183e-08, 0.0, 0.0, 0.0, 1.0], "right_foot_pose": [1.0, 1.3772726388659363e-09, -5.079121234707892e-09, 1.6355259545723721e-09, -3.9719148166328994e-10, 0.9821457961813433, 0.18812133064412181, -0.14000000194229234, 5.247531727270961e-09, -0.18812133064412198, 0.9821457961813433, 1.3211435209714573e-08, 0.0, 0.0, 0.0, 1.0]}, {"left_foot_pose": [0.9982600048357826, 0.05890538462393997, -0.002668034401987061, -0.02000000020506706, -0.05896577605072652, 0.997237612588309, -0.04516836607523243, 0.05295000099569022, 4.280844464714512e-09, 0.045247096055728915, 0.9989758256827463, 9.490551601543107e-09, 0.0, 0.0, 0.0, 1.0], "right_foot_pose": [0.9999999999700678, -7.483951577117652e-06, -1.963322967757319e-06, -1.1426104984411002e-05, 7.736480548949095e-06, 0.970625810847164, 0.24059412972354938, -0.1399831418554635, 1.050571307810788e-07, -0.2405941297315373, 0.9706258108760105, 3.740917918775705e-05, 0.0, 0.0, 0.0, 1.0]}, {"left_foot_pose": [0.9982600048307884, 0.05896532312318568, 0.0002311367858983997, -0.02000000042888641, -0.05896577613527563, 0.9982523353669663, 0.003913077965320251, 0.052950000983837564, 3.0703186268087493e-09, -0.003919898388537924, 0.9999923171687994, 6.6164133963320104e-09, 0.0, 0.0, 0.0, 1.0], "right_foot_pose": [0.9999996838216203, -0.0007628023971510004, -0.00022469793491924434, -0.001175488106790268, 0.0007952077206145559, 0.9596582473735699, 0.28116794961831887, -0.13826578192429412, 1.1576404421590875e-06, -0.2811680394006251, 0.9596585505367357, 0.003492989352725351, 0.0, 0.0, 0.0, 1.0]}, {"left_foot_pose": [0.9982600048291136, 0.05890708510607596, 0.0026302248733224075, -0.02000000055723362, -0.058965776163624604, 0.9972663941442635, 0.04452837692888333, 0.05295000076380828, 2.0141781559802408e-09, -0.04460599101920015, 0.9990046574291813, 4.2949369477573995e-09, 0.0, 0.0, 0.0, 1.0], "right_foot_pose": [0.9999963303819129, -0.0025769579098532005, -0.0008357694888238394, -0.004004845898621252, 0.002709099097536077, 0.9514682507022272, 0.3077349975022724, -0.134091593352725, 2.187997569230436e-06, -0.30773613241472764, 0.9514717404114731, 0.01053850108625242, 0.0, 0.0, 0.0, 1.0]}, {"left_foot_pose": [0.9982600048293836, 0.05879225275721797, 0.004520373189410601, -0.020000000568123222, -0.058965776159057785, 0.9953223421146707, 0.07652759325450376, 0.052950000427305785, 1.1754036189372583e-09, -0.07666098292546436, 0.9970572168621531, 2.5906889689064627e-09, 0.0, 0.0, 0.0, 1.0], "right_foot_pose": [0.9999848003821282, -0.0052256202138002104, -0.0017583793947987996, -0.008150854946090497, 0.005513528430071074, 0.9479400080132732, 0.31840122834569384, -0.12797494039619373, 2.99428265382018e-06, -0.31840608364347744, 0.9479544112929993, 0.018295215468279037, 0.0, 0.0, 0.0, 1.0]}, {"left_foot_pose": [0.9982600048303363, 0.05866823655939613, 0.005916145294764349, -0.02000000043613145, -0.0589657761429288, 0.9932228130630176, 0.10015728058932448, 0.05295000005585497, 5.586047702324877e-10, -0.10033185750397261, 0.9949540282695496, 1.4431722553109871e-09, 0.0, 0.0, 0.0, 1.0], "right_foot_pose": [0.9999597455581807, -0.008533853929242928, -0.002771389603045231, -0.013264875852530734, 0.008972583335906305, 0.9511816387771777, 0.30850118768238577, -0.12043017800509082, 3.390831635127931e-06, -0.30851363566344503, 0.9512199202067968, 0.023884426379820703, 0.0, 0.0, 0.0, 1.0]}, {"left_foot_pose": [0.9982600048311273, 0.058567545099180905, 0.0068414483564174676, -0.020000000241294717, -0.058965776129531924, 0.9915181597320069, 0.11582217476415002, 0.052949999859797085, 1.597277929737912e-10, -0.11602405605179851, 0.993246403676998, 7.734270515702413e-10, 0.0, 0.0, 0.0, 1.0], "right_foot_pose": [0.9999174308722543, -0.012356179764625486, -0.0035293426377608576, -0.01899826240854597, 0.012850347358161433, 0.961534563622629, 0.27438322020818784, -0.11197166004315065, 3.2565397849449643e-06, -0.27440591790386865, 0.9616139517544087, 0.02500001158104407, 0.0, 0.0, 0.0, 1.0]}, {"left_foot_pose": [0.9982600048313706, 0.058507429220424394, 0.007337811668986052, -0.020000000138335635, -0.058965776125413955, 0.9905004295574986, 0.12422534480668133, 0.05294999985876225, -4.148322793813009e-11, -0.12444187306702047, 0.9922268995686281, 4.2352685247770694e-10, 0.0, 0.0, 0.0, 1.0], "right_foot_pose": [0.9998569994770342, -0.016473132811922267, -0.003823152121237292, -0.02500235748767948, 0.016910960628594755, 0.9740068616108732, 0.2258863717570304, -0.10311375649736954, 2.7201967103724403e-06, -0.22591872306273783, 0.9741461546207029, 0.025000013993028147, 0.0, 0.0, 0.0, 1.0]}, {"left_foot_pose": [0.9982600048310161, 0.0584948375943638, 0.0074375217370868316, -0.020000000006710515, -0.058965776131418825, 0.9902872598457227, 0.12591338384965256, 0.052949999852728906, -8.182086696583126e-11, -0.1261328544117655, 0.9920133582961177, 3.7606225772313095e-10, 0.0, 0.0, 0.0, 1.0], "right_foot_pose": [0.9997811823273466, -0.020619507403465416, -0.0035246813432134073, -0.030928521715868827, 0.02091859126154623, 0.9855024175649196, 0.16836685396280088, -0.09437082693178743, 1.9403930984941394e-06, -0.16840374368801084, 0.9857181032669013, 0.02499256440187532, 0.0, 0.0, 0.0, 1.0]}, {"left_foot_pose": [0.9982600048301188, 0.058530476433652986, 0.007151649112026031, -0.01999999962879295, -0.05896577614660825, 0.9908906064293488, 0.12107371033178997, 0.05294999997225266, 2.3724087624735984e-11, -0.12128474520123202, 0.9926177565314219, 7.024988160631018e-10, 0.0, 0.0, 0.0, 1.0], "right_foot_pose": [0.9996964516706577, -0.024505694813633665, -0.002544688349744712, -0.03642811278724101, 0.024637461637915567, 0.9943543119509385, 0.10321093831864593, -0.08625722107501052, 1.0660772743586572e-06, -0.10324230347234692, 0.9946562354766529, 0.021837803763973714, 0.0, 0.0, 0.0, 1.0]}, {"left_foot_pose": [0.9982600048290269, 0.05860701599500786, 0.006494646634945139, -0.019999999362784203, -0.05896577616509322, 0.9921863807731777, 0.1099510029489145, 0.05295000018821157, 2.4936709221561826e-10, -0.11014265061448741, 0.9939157894487923, 1.2428830811761493e-09, 0.0, 0.0, 0.0, 1.0], "right_foot_pose": [0.9996126182777788, -0.02781011631091712, -0.0011003684004736326, -0.041152465448518145, 0.027831877042909157, 0.9988315325647096, 0.03950893790905954, -0.07928732233265068, 3.3449725899165185e-07, -0.03952425818667322, 0.9992186112231304, 0.014923787357786635, 0.0, 0.0, 0.0, 1.0]}, {"left_foot_pose": [0.9982600048277194, 0.05870850305897964, 0.005502220455068699, -0.019999999179883828, -0.05896577618722881, 0.9939045034121705, 0.09314974683618389, 0.05295000026525056, 5.080156963888252e-10, -0.09331210942627625, 0.9956369068261882, 1.8848297159146377e-09, 0.0, 0.0, 0.0, 1.0], "right_foot_pose": [0.9995418733931183, -0.030263352384491703, 0.000415735766111735, -0.04475294593373269, 0.0302662077863912, 0.9994476092681661, -0.013727089800034514, -0.07397549327300339, -7.836169577117372e-08, 0.013733383800043285, 0.9999056926377579, 0.007129219579130819, 0.0, 0.0, 0.0, 1.0]}, {"left_foot_pose": [0.9982600048281104, 0.058813316359273685, 0.004237520431388578, -0.01999999939925823, -0.05896577618061522, 0.9956789381632053, 0.07173903635825152, 0.05295000024781546, 7.970770190804777e-10, -0.07186407946267032, 0.9974144344669293, 2.3261491344239715e-09, 0.0, 0.0, 0.0, 1.0], "right_foot_pose": [0.9994972741817646, -0.03165968862760054, 0.0016920458697889074, -0.046880913856888896, 0.03170487191590423, 0.9980730963947362, -0.05333756040371792, -0.07083609002144162, -1.3490596491530672e-07, 0.05336439233259863, 0.9985751056535277, 0.001332807186630175, 0.0, 0.0, 0.0, 1.0]}, {"left_foot_pose": [0.998260004834346, 0.05889815266182339, 0.002823182806219342, -0.020000000758168587, -0.05896577607504838, 0.9971151749539477, 0.047795032466006686, 0.05295000054850977, 7.009087966635526e-10, -0.04787834050574414, 0.9988531746510184, 2.216197211857285e-09, 0.0, 0.0, 0.0, 1.0], "right_foot_pose": [0.9994880436877198, -0.031893091390359354, 0.002545829307049969, -0.04730938857187228, 0.031994538991747534, 0.9963188867519422, -0.07953002814080112, -0.07020396746948104, 6.347117540182827e-10, 0.07957076487590922, 0.9968292197648819, 2.9883725979895637e-09, 0.0, 0.0, 0.0, 1.0]}, {"left_foot_pose": [0.9982600048373756, 0.05895007812371472, 0.0013605261084149104, -0.020000001861637744, -0.05896577602375559, 0.9979942475836282, 0.023032999107907053, 0.05295000083527693, -1.3305096764150872e-10, -0.023073146278661992, 0.9997337795237312, 2.0143912857206736e-09, 0.0, 0.0, 0.0, 1.0], "right_foot_pose": [0.999488043687275, -0.03182380388449575, 0.0033009138893557548, -0.04730938954310586, 0.03199453900564584, 0.994154393129728, -0.10311834024400549, -0.0702039666370577, -2.0762615146728606e-10, 0.10317115937694696, 0.9946636174470324, 3.3119409645343545e-09, 0.0, 0.0, 0.0, 1.0]}, {"left_foot_pose": [0.9982600048312181, 0.058965775828815445, -5.939951880090058e-06, -0.019999999674826987, -0.05896577612799738, 0.9982599997673915, -0.00010054864817329405, 0.052950000144467976, 6.873141510449661e-10, 0.00010072394788384011, 0.9999999949273437, 2.0484415691468527e-09, 0.0, 0.0, 0.0, 1.0], "right_foot_pose": [0.9994880436879271, -0.031744196927753904, 0.003994557083332673, -0.04730938743975862, 0.03199453898527103, 0.9916675224542276, -0.12478731660154474, -0.07020396808650238, 6.261547784311821e-10, 0.12485123495947538, 0.9921754729527908, 2.1196544450208243e-09, 0.0, 0.0, 0.0, 1.0]}, {"left_foot_pose": [0.9984678514324433, 0.05531891844259113, -0.0013292547622534112, -0.021050364539831695, -0.05533488642461731, 0.9981795040762559, -0.02399433238194773, 0.0537627247536785, -5.05656744291505e-07, 0.024031123661257755, 0.9997112108480742, 0.0028444580330427294, 0.0, 0.0, 0.0, 1.0], "right_foot_pose": [0.9994880436878113, -0.03166644628716269, 0.004570197441449649, -0.04730938739079243, 0.03199453898888992, 0.9892386450932569, -0.1427699286577742, -0.07020396848100818, 3.524749923559816e-10, 0.1428430580518343, 0.9897453514750147, 1.2534049284584903e-09, 0.0, 0.0, 0.0, 1.0]}, {"left_foot_pose": [0.9989803423955431, 0.045082948625657336, -0.0024089936696564626, -0.023996398243117202, -0.04514726462452146, 0.9975547862236522, -0.053349535885590486, 0.05604224873392418, -2.0512203847904035e-06, 0.05340389710031307, 0.998572993711673, 0.009617038256328286, 0.0, 0.0, 0.0, 1.0], "right_foot_pose": [0.9994880436879807, -0.031599687509265874, 0.005011015275327714, -0.04730938740911055, 0.03199453898359572, 0.9871531469535091, -0.15654077403351152, -0.07020396856103317, 4.3445607130308314e-11, 0.15662095711973037, 0.9876587851028814, 6.663438065213079e-10, 0.0, 0.0, 0.0, 1.0]}, {"left_foot_pose": [0.9995578278651459, 0.029620603215711572, -0.002601656904787784, -0.028450891481786193, -0.029734638603404594, 0.9957110301944494, -0.08760933521168883, 0.059488966115311126, -4.542879419157286e-06, 0.0876479561327388, 0.9961515124543642, 0.017439492914079507, 0.0, 0.0, 0.0, 1.0], "right_foot_pose": [0.9994880436881691, -0.03155342326755488, 0.005294525898973452, -0.047309387509711545, 0.03199453897771273, 0.9857078844328737, -0.16539744871814693, -0.07020396846942141, -2.1617507283243592e-10, 0.1654821683655581, 0.9862127822904311, 3.0543016033002246e-10, 0.0, 0.0, 0.0, 1.0]}, {"left_foot_pose": [0.9999455703541282, 0.01035393959054498, -0.00128540426063763, -0.03402648106802386, -0.010433420887617133, 0.9922377798083551, -0.1239166334660879, 0.06380314772647247, -7.598667440361297e-06, 0.12392329989127249, 0.9922917996669725, 0.02343311660839459, 0.0, 0.0, 0.0, 1.0], "right_foot_pose": [0.9994880436881369, -0.0315348714122901, 0.005403925376155703, -0.04730938768403768, 0.031994538978718505, 0.9851283376286356, -0.1688150108153315, -0.07020396833338499, -3.6395582595852735e-10, 0.16890148100609276, 0.9856329386307808, 1.3591557740388893e-10, 0.0, 0.0, 0.0, 1.0]}, {"left_foot_pose": [0.9999348799739729, -0.01127064610298747, 0.0017911861595769994, -0.040335799147178567, 0.011412085811233456, 0.9876845158380217, -0.1560418580742058, 0.06868505708588118, -1.0434275190757716e-05, 0.15605213779450347, 0.9877488193771186, 0.025000004893929006, 0.0, 0.0, 0.0, 1.0], "right_foot_pose": [0.9994880436877044, -0.03154841854239716, 0.005324266409454561, -0.04730938790648032, 0.03199453899222676, 0.9855515404375382, -0.166326518077757, -0.07020396828127824, -3.5452139784705216e-10, 0.1664117136161672, 0.9860563582125165, 1.8648705496504547e-10, 0.0, 0.0, 0.0, 1.0]}, {"left_foot_pose": [0.9994063988828616, -0.033867935300403704, 0.006309740920120277, -0.046991464559660974, 0.034450685266649926, 0.9825673673174921, -0.18268694252034556, 0.07383495655398989, -1.2515974830767762e-05, 0.18279587424573177, 0.9831508878102537, 0.025000004159135246, 0.0, 0.0, 0.0, 1.0], "right_foot_pose": [0.9994880436868787, -0.0315928443775526, 0.005053979730040252, -0.047309388189653946, 0.03199453901802492, 0.9869393721117918, -0.15788294793487467, -0.07020396821900377, -1.7745606515880024e-10, 0.15796381851461413, 0.9874449007616993, 4.763607217017629e-10, 0.0, 0.0, 0.0, 1.0]}, {"left_foot_pose": [0.9983553323609223, -0.056127233682228383, 0.011677499119829727, -0.05360611365852527, 0.05732913888745864, 0.9774725549840068, -0.20312748235396744, 0.07895312030130747, -1.3451231119697523e-05, 0.2034628661260311, 0.979082663479875, 0.025000002904244825, 0.0, 0.0, 0.0, 1.0], "right_foot_pose": [0.9994880436857757, -0.03166417771246989, 0.004585889114904225, -0.047309388420474205, 0.03199453905248638, 0.9891677751265601, -0.14326012048714049, -0.07020396816985383, 1.8144774938367123e-10, 0.14333350097225755, 0.9896744452086432, 1.0192593713487241e-09, 0.0, 0.0, 0.0, 1.0]}, {"left_foot_pose": [0.996898445586107, -0.07701388497941009, 0.016197243851418863, -0.05979238095024549, 0.07869872322385073, 0.9755882405872491, -0.20502218365536143, 0.08373981532447841, -1.2285761107177e-05, 0.2056609986075509, 0.9786232949919011, 0.022459723723465407, 0.0, 0.0, 0.0, 1.0], "right_foot_pose": [0.9994880436855161, -0.03177700635601014, 0.003724566652484683, -0.047309388048589626, 0.031994539060575804, 0.9926924636213549, -0.11635300657768238, -0.07020396850284126, 9.833826072056482e-10, 0.11641260471450236, 0.9932009391173496, 2.0802283090537443e-09, 0.0, 0.0, 0.0, 1.0]}, {"left_foot_pose": [0.9952627868723453, -0.0953371515949323, 0.019047640086334857, -0.06516288774909414, 0.09722131954231172, 0.9759938829974544, -0.19489472896413626, 0.08789530740524026, -9.671889493120913e-06, 0.19582330779893684, 0.9806391956418725, 0.015838561097638537, 0.0, 0.0, 0.0, 1.0], "right_foot_pose": [0.999488043685285, -0.031873515929864746, 0.0027802000702149233, -0.047309387797724194, 0.031994539067812265, 0.9957073571608454, -0.08685164572765995, -0.0702039689115235, 1.6493432068737605e-09, 0.08689613269894896, 0.9962173769423855, 3.3708503349716423e-09, 0.0, 0.0, 0.0, 1.0]}, {"left_foot_pose": [0.9937564140034598, -0.10990195903619869, 0.019228859222290624, -0.06933027123127394, 0.11157145508791319, 0.9788957063609122, -0.1712162564645583, 0.09111987142159703, -6.045726619773725e-06, 0.1722926448464275, 0.9850458083232844, 0.00799817575908008, 0.0, 0.0, 0.0, 1.0], "right_foot_pose": [0.9994880436863209, -0.03195395459092302, 0.0016109978558864453, -0.04730938739380975, 0.031994539035442277, 0.9982202089199741, -0.050326573255817034, -0.07020396917519135, 2.420260334456469e-09, 0.050352351382678934, 0.9987315158290717, 4.9864029502688645e-09, 0.0, 0.0, 0.0, 1.0]}, {"left_foot_pose": [0.992721417354814, -0.119290065655359, 0.016554992026269772, -0.07190716622598187, 0.1204333322617778, 0.9833002163894492, -0.13644228424058136, 0.09311377850579383, -2.3181965308072415e-06, 0.1374429506537289, 0.9905096846120305, 0.0018172758808890702, 0.0, 0.0, 0.0, 1.0], "right_foot_pose": [0.9994880436892003, -0.03199369983248, 0.00023171828602572183, -0.04730938684766634, 0.03199453894549667, 0.9994618296374856, -0.007238824169370764, -0.07020396913729454, 3.1855031011933854e-09, 0.007242531927380968, 0.9999737725217002, 6.666579899228253e-09, 0.0, 0.0, 0.0, 1.0]}, {"left_foot_pose": [0.9924450321149396, -0.12216809717440578, 0.011305497032962205, -0.0725638483927934, 0.12269009018815437, 0.9882226072321355, -0.0914506442019075, 0.09362190019145988, 3.4335514757192104e-09, 0.09214680997248982, 0.9957454320316488, 7.762260327559556e-09, 0.0, 0.0, 0.0, 1.0], "right_foot_pose": [0.9994880436972987, -0.031968171840734076, -0.0012986513418135335, -0.04730938492413976, 0.03199453869250641, 0.9986643650539754, 0.040568897756708355, -0.07020396850197513, 3.322822828612537e-09, -0.040589678004412044, 0.9991758994488897, 7.814438991726735e-09, 0.0, 0.0, 0.0, 1.0]}, {"left_foot_pose": [0.9924450321097004, -0.12257692719693025, 0.005268316593991434, -0.07256384573991642, 0.1226900902305322, 0.9915296511225719, -0.042615639194738035, 0.09362190037063992, 1.988580285395222e-09, 0.042940049647276844, 0.9990776507040332, 7.153442331542248e-09, 0.0, 0.0, 0.0, 1.0], "right_foot_pose": [0.9994880437049171, -0.031868125664022855, -0.002841312650761678, -0.04730938213814079, 0.031994538454513284, 0.9955389975901855, 0.08876065449404391, -0.0702039677322288, 1.856742417004849e-09, -0.08880611940508629, 0.9960489311053998, 8.30834035597805e-09, 0.0, 0.0, 0.0, 1.0]}, {"left_foot_pose": [0.9924450321284478, -0.12268877265340161, -0.0005685669415813874, -0.07256384877861453, 0.12269009007888615, 0.9924343755351271, 0.004599136075194882, 0.09362189940225482, 3.0172863188989434e-09, -0.004634147279188551, 0.9999892622818485, 6.191577264780257e-09, 0.0, 0.0, 0.0, 1.0], "right_foot_pose": [0.9994880436968977, -0.03170488976732231, -0.004295401237313229, -0.04730938536907225, 0.03199453870502847, 0.9904396161318415, 0.1341853803126964, -0.070203968831002, 2.8614165230392494e-09, -0.13425411264260217, 0.99094693765032, 7.234339863271266e-09, 0.0, 0.0, 0.0, 1.0]}, {"left_foot_pose": [0.9924450321427738, -0.12255292808583866, -0.005799826955770389, -0.0725638501981805, 0.12269008996300272, 0.9913355251483555, 0.046915012562140215, 0.09362189920282131, 2.3402939303703055e-09, -0.04727215244118537, 0.9988820468922135, 4.577344642209269e-09, 0.0, 0.0, 0.0, 1.0], "right_foot_pose": [0.9993930586751193, -0.034308980992222106, -0.006033912102833946, -0.047775138546433754, 0.034835531594552514, 0.9843030158871745, 0.17301461976936353, -0.06961419601031255, 3.242579373755716e-06, -0.1731198045825142, 0.9849007733019595, 0.002250300099269388, 0.0, 0.0, 0.0, 1.0]}, {"left_foot_pose": [0.9924450321465477, -0.12226877041954283, -0.010159032814760976, -0.07256385062131245, 0.12269008993247307, 0.9890369628203912, 0.08217680942564544, 0.0936218990861803, 1.5148291563111705e-09, -0.08280237892180557, 0.9965659867991131, 3.0772796741351804e-09, 0.0, 0.0, 0.0, 1.0], "right_foot_pose": [0.999017109171109, -0.04340265958312834, -0.009001373479159067, -0.049331445158046036, 0.0443262397253695, 0.9782356327774112, 0.20270725501665465, -0.06764348802980885, 7.430296732559533e-06, -0.20290701295344404, 0.9791980106388604, 0.008710107187654359, 0.0, 0.0, 0.0, 1.0]}, {"left_foot_pose": [0.9924450321458917, -0.12193154151206052, -0.013621943819948515, -0.07256385073841383, 0.12269008993778291, 0.986309104385201, 0.11018844058213421, 0.0936218988285594, 7.920489827948002e-10, -0.11102724796803888, 0.9938173626017232, 1.931062885984769e-09, 0.0, 0.0, 0.0, 1.0], "right_foot_pose": [0.9982470231121074, -0.05770073213283033, -0.013172181260185744, -0.05176943832404356, 0.05918513936307777, 0.9732524869359677, 0.22198359387920372, -0.06455633337620598, 1.1242281540228985e-05, -0.22237405915324204, 0.9749614236929178, 0.016558461845567113, 0.0, 0.0, 0.0, 1.0]}, {"left_foot_pose": [0.9924450321432369, -0.12161533300707097, -0.016203979504716196, -0.0725638505854623, 0.12269008995925502, 0.983751280511292, 0.13107463491531857, 0.09362189851625702, 2.1313646553007088e-10, -0.13207243796482812, 0.9912400673550416, 1.1353605486319474e-09, 0.0, 0.0, 0.0, 1.0], "right_foot_pose": [0.9969487690226921, -0.076005975524527, -0.017783240107006052, -0.0548693487757472, 0.07805864304750447, 0.9707726957420006, 0.22695202455010488, -0.060631023330396834, 1.3773914508325746e-05, -0.2276476770941759, 0.9737435673337744, 0.02291665640474129, 0.0, 0.0, 0.0, 1.0]}, {"left_foot_pose": [0.9924450321371082, -0.12138936184150532, -0.017817997027926035, -0.07256385003977758, 0.12269009000883145, 0.9819233901106098, 0.14413048868061543, 0.09362189848376797, 3.797454518492486e-12, -0.14522767912970394, 0.9893982621849507, 5.786224208104152e-10, 0.0, 0.0, 0.0, 1.0], "right_foot_pose": [0.9950286400689786, -0.09728794155464571, -0.02128525006990526, -0.058411403571284035, 0.09958918234982778, 0.972066612874528, 0.21252880956128067, -0.056145845324199584, 1.4190536363649648e-05, -0.21359203300381374, 0.9769229464169247, 0.025000005163792888, 0.0, 0.0, 0.0, 1.0]}, {"left_foot_pose": [0.9924450321365842, -0.12126332652858336, -0.01865646876118106, -0.07256384989014496, 0.12269009001306835, 0.9809038851905717, 0.15091292135078388, 0.09362189849434605, -1.6736381009484072e-10, -0.15206174291144, 0.9883709963079329, 3.4206189963859046e-10, 0.0, 0.0, 0.0, 1.0], "right_foot_pose": [0.9924783931673042, -0.12029855078544349, -0.022691359037470847, -0.062175811484813444, 0.1224199286699171, 0.9752992069542944, 0.18386086581645503, -0.05137909753241274, 1.2668770083948335e-05, -0.1852558112266555, 0.9826903297815928, 0.025000006474211113, 0.0, 0.0, 0.0, 1.0]}, {"left_foot_pose": [0.9924450321374593, -0.1212517128287123, -0.018731799747533938, -0.07256384971972796, 0.12269009000599149, 0.9808099415423395, 0.15152227686395, 0.09362189850833182, -1.8609894079272737e-10, -0.15267573712878316, 0.9882763375150614, 3.4586200570174697e-10, 0.0, 0.0, 0.0, 1.0], "right_foot_pose": [0.9894020878159601, -0.1435971843058768, -0.02152573540771575, -0.06594280505565923, 0.1452016133818867, 0.9784795631612174, 0.14660912641145485, -0.046609075295327575, 9.834432236289157e-06, -0.14818094727479955, 0.9889602655152668, 0.025000007030472983, 0.0, 0.0, 0.0, 1.0]}, {"left_foot_pose": [0.9924450321396794, -0.12135455250616042, -0.018053552761188828, -0.07256384937026054, 0.12269008998803257, 0.9816418161049415, 0.14603590891599671, 0.09362189867245027, -5.669167838333487e-11, -0.1471476043305578, 0.9891145447013597, 6.616570277784284e-10, 0.0, 0.0, 0.0, 1.0], "right_foot_pose": [0.9860245989036716, -0.16571073332785252, -0.01718846173452175, -0.06949261347465857, 0.166599790870374, 0.980766548079489, 0.10169310620780035, -0.042114065413412984, 6.229078081300059e-06, -0.10313549839016968, 0.9946673157056133, 0.0230249375