{"LoopMode": "Wrap", "FrameDuration": 0.0167, "EnableCycleOffsetPosition": true, "EnableCycleOffsetRotation": false, "Debug_info": [{"left_foot_pose": [1.0000000000000004, 9.627201578396892e-14, -6.0257909773042724e-12, 9.109936380681705e-13, -3.5128207529117394e-14, 0.9999490764945246, 0.010091799529730874, -4.769275252503036e-14, 6.026189740331571e-12, -0.010091799529731047, 0.9999490764945249, 1.280302946993217e-11, 0.0, 0.0, 0.0, 1.0], "right_foot_pose": [0.9999999999999999, -1.4776297406493585e-13, -6.0750848795976245e-12, 2.5166149045811855e-13, 6.061453429372271e-14, 0.9998969805271739, -0.014353687074771292, -0.14000000000161716, 6.076395618060318e-12, 0.014353687074771145, 0.9998969805271739, 1.0490379398486738e-11, 0.0, 0.0, 0.0, 1.0]}, {"left_foot_pose": [1.0000000000000007, 1.6041014310430465e-13, -1.34292577058659e-11, 2.2512479185439484e-12, -5.809652889388725e-14, 0.9999711651451605, 0.007594002780547667, 6.261605817181604e-13, 1.3429681426896354e-11, -0.007594002780547839, 0.9999711651451608, 2.7720929718366705e-11, 0.0, 0.0, 0.0, 1.0], "right_foot_pose": [0.9999999999999997, -3.6562463575963e-13, -1.3515077945669415e-11, 9.438025050642613e-13, 1.378821077286695e-13, 0.9998579940090914, -0.01685205673251271, -0.1400000000028601, 1.3519133967316485e-11, 0.016852056732512558, 0.999857994009091, 2.4300970957735757e-11, 0.0, 0.0, 0.0, 1.0]}, {"left_foot_pose": [1.0000000000000004, 1.5571572447773664e-13, -2.3581470109945722e-11, 4.172225322247671e-12, -5.835911886360003e-14, 0.9999915355093959, 0.004114475611989345, 1.833023316466509e-12, 2.3581484509226923e-11, -0.004114475611989517, 0.999991535509396, 4.806283843139525e-11, 0.0, 0.0, 0.0, 1.0], "right_foot_pose": [1.0, -7.529069159179511e-13, -2.3725632569693283e-11, 2.0260981992800594e-12, 2.7039885734760883e-13, 0.9997932570204943, -0.020333303134317686, -0.14000000000427154, 2.3735996515377416e-11, 0.020333303134317533, 0.9997932570204942, 4.3503090019214596e-11, 0.0, 0.0, 0.0, 1.0]}, {"left_foot_pose": [1.0000000000000004, -4.1983640358104985e-15, -3.634287315534835e-11, 6.67467961073903e-12, -7.420805991399644e-15, 0.9999999459389015, -0.00032881939559924016, 3.653168045847366e-12, 3.634259888515797e-11, 0.0003288193955990664, 0.9999999459389017, 7.365820453575367e-11, 0.0, 0.0, 0.0, 1.0], "right_foot_pose": [1.0, -1.3920374294782095e-12, -3.6585012797019083e-11, 3.518591503482432e-12, 4.850857734516167e-13, 0.9996929199069787, -0.024780352859858076, -0.14000000000572915, 3.660818922502142e-11, 0.024780352859857916, 0.9996929199069786, 6.784761641398518e-11, 0.0, 0.0, 0.0, 1.0]}, {"left_foot_pose": [1.0000000000000007, -4.2682813264958196e-13, -5.185896156945092e-11, 9.822130419480008e-12, 1.301604668009472e-13, 0.9999836008135127, -0.005726962898636919, 6.2292219993320685e-12, 5.1860184527481424e-11, 0.005726962898636745, 0.9999836008135128, 1.0492072488599291e-10, 0.0, 0.0, 0.0, 1.0], "right_foot_pose": [0.9999999999999998, -2.398068939453909e-12, -5.226014065939919e-11, 5.484616618182722e-12, 8.195445159110806e-13, 0.999544316663033, -0.030185410824271112, -0.1400000000071187, 5.230868476332492e-11, 0.030185410824270974, 0.9995443166630331, 9.763125030648467e-11, 0.0, 0.0, 0.0, 1.0]}, {"left_foot_pose": [1.0000000000000004, -1.2544216896683393e-12, -7.058920115099453e-11, 1.3753094368185607e-11, 4.011787860170122e-13, 0.9999269028337882, -0.012090863874388024, 9.790498273209991e-12, 7.059898090330794e-11, 0.012090863874387852, 0.9999269028337882, 1.4292621253186866e-10, 0.0, 0.0, 0.0, 1.0], "right_foot_pose": [1.0, -3.933991778480832e-12, -7.124001388802978e-11, 8.043901188553419e-12, 1.3268383265068683e-12, 0.9993314313079257, -0.03656077679771959, -0.1400000000083151, 7.133602890198265e-11, 0.036560776797719435, 0.9993314313079256, 1.3377260410507574e-10, 0.0, 0.0, 0.0, 1.0]}, {"left_foot_pose": [1.0000000000000002, -2.686726440873901e-12, -9.33144672643493e-11, 1.869174667481445e-11, 8.711447232560514e-13, 0.9998107389125412, -0.019454725779590776, 1.4680262214183948e-11, 9.33488565252683e-11, 0.019454725779590606, 0.9998107389125412, 1.894610440755784e-10, 0.0, 0.0, 0.0, 1.0], "right_foot_pose": [0.9999999999999998, -6.234879462481156e-12, -9.43493061456024e-11, 1.1386100498186754e-11, 2.082984294128242e-12, 0.99903406731881, -0.04394237517972286, -0.14000000000915222, 9.453227065472454e-11, 0.04394237517972271, 0.9990340673188101, 1.7784299033429818e-10, 0.0, 0.0, 0.0, 1.0]}, {"left_foot_pose": [1.0000000000000007, -5.012565526309213e-12, -1.2113027247906408e-10, 2.495886426027279e-11, 1.634273732133227e-12, 0.9996113763936303, -0.027876444974795554, 2.1388064930238926e-11, 1.2122258850944512e-10, 0.027876444974795373, 0.9996113763936304, 2.470566806689334e-10, 0.0, 0.0, 0.0, 1.0], "right_foot_pose": [1.0, -9.640911524254213e-12, -1.227444257345666e-10, 1.5786409775288735e-11, 3.197139634211474e-12, 0.9986266880986447, -0.05239024543874628, -0.1400000000093807, 1.2308079734724398e-10, 0.05239024543874614, 0.998626688098645, 2.3207179927764443e-10, 0.0, 0.0, 0.0, 1.0]}, {"left_foot_pose": [1.0000000000000004, -8.650254116774733e-12, -1.5542483966513017e-10, 3.298526303494128e-11, 2.8260478296052768e-12, 0.9992990266770291, -0.037436015844944354, 3.058563992353047e-11, 1.556395422809749e-10, 0.03743601584494418, 0.9992990266770292, 3.190324740498518e-10, 0.0, 0.0, 0.0, 1.0], "right_foot_pose": [0.9999999999999998, -1.4640202514462647e-11, -1.5790208029997636e-10, 2.1625778706355852e-11, 4.8242391241197445e-12, 0.9980769530532715, -0.06198706142331536, -0.1400000000086145, 1.5850572397941216e-10, 0.06198706142331522, 0.9980769530532717, 2.993466238776499e-10, 0.0, 0.0, 0.0, 1.0]}, {"left_foot_pose": [1.0000000000000004, -1.4190670096784918e-11, -1.977714658707439e-10, 4.331490595342526e-11, 4.635761469222286e-12, 0.9988362028738806, -0.04823110851399569, 4.314379409287028e-11, 1.9822547390188814e-10, 0.04823110851399553, 0.9988362028738808, 4.093933733684274e-10, 0.0, 0.0, 0.0, 1.0], "right_foot_pose": [0.9999999999999997, -2.1912406850983973e-11, -2.015199118687859e-10, 2.940387837347501e-11, 7.176820680981238e-12, 0.9973440897012509, -0.07283382962595923, -0.14000000000626564, 2.02580466315559e-10, 0.0728338296259591, 0.9973440897012508, 3.830626649214963e-10, 0.0, 0.0, 0.0, 1.0]}, {"left_foot_pose": [1.0000000000000004, -2.240992504333072e-11, -2.4950336241502627e-10, 5.655083029654602e-11, 7.307690687757667e-12, 0.998176264484676, -0.06036675425612382, 6.005172401013503e-11, 2.504010258039683e-10, 0.060366754256123624, 0.9981762644846761, 5.221284168910323e-10, 0.0, 0.0, 0.0, 1.0], "right_foot_pose": [1.0, -3.23314665883391e-11, -2.550917810317797e-10, 3.970601762164263e-11, 1.0521510776077304e-11, 0.9963775672787004, -0.0850396579472133, -0.14000000000148774, 2.5691695826184805e-10, 0.08503965794721317, 0.9963775672787003, 4.863954725098374e-10, 0.0, 0.0, 0.0, 1.0]}, {"left_foot_pose": [1.0000000000000007, -3.415119208427878e-11, -3.105684598381225e-10, 7.315094885795984e-11, 1.109724975604934e-11, 0.9972633137020616, -0.07393161126327905, 8.205542322003989e-11, 3.1224313732869536e-10, 0.07393161126327885, 0.9972633137020618, 6.590076123691446e-10, 0.0, 0.0, 0.0, 1.0], "right_foot_pose": [1.0000000000000002, -4.6808149235632985e-11, -3.1873376160618224e-10, 5.303401630420375e-11, 1.512128587069281e-11, 0.9951174375832705, -0.09869795042302534, -0.13999999999321816, 3.2179725291469354e-10, 0.0986979504230252, 0.9951174375832706, 6.101930141722001e-10, 0.0, 0.0, 0.0, 1.0]}, {"left_foot_pose": [1.0000000000000004, -4.9774565726931555e-11, -3.765560641078017e-10, 9.280806574735838e-11, 1.608583587000705e-11, 0.9960367665683405, -0.08894245130468476, 1.0851906352693508e-10, 3.7949055063053664e-10, 0.08894245130468457, 0.9960367665683406, 8.132973461361104e-10, 0.0, 0.0, 0.0, 1.0], "right_foot_pose": [0.9999999999999999, -6.561485781240366e-11, -3.8809760960489784e-10, 6.924075765625942e-11, 2.1011151871379395e-11, 0.9935002012895061, -0.11383035639806853, -0.13999999998059348, 3.9304391431101246e-10, 0.1138303563980684, 0.9935002012895058, 7.472311866485448e-10, 0.0, 0.0, 0.0, 1.0]}, {"left_foot_pose": [1.0000000000000004, -6.737938017999932e-11, -4.3148257189429154e-10, 1.1274767478640773e-10, 2.16068868587159e-11, 0.9944493979863652, -0.10521594387048347, 1.3436367643504532e-10, 4.361768134936105e-10, 0.10521594387048328, 0.9944493979863652, 9.532610811824327e-10, 0.0, 0.0, 0.0, 1.0], "right_foot_pose": [0.9999999999999998, -8.62536982941421e-11, -4.4676717880776044e-10, 8.591461329034921e-11, 2.7324467910180118e-11, 0.9914802940259756, -0.13025677164034627, -0.13999999996448453, 4.541958858846355e-10, 0.1302567716403461, 0.9914802940259754, 8.676247428840433e-10, 0.0, 0.0, 0.0, 1.0]}, {"left_foot_pose": [1.0000000000000002, -7.836842351586701e-11, -4.3346720657311127e-10, 1.2373871749749489e-10, 2.4867994285494305e-11, 0.992521110023969, -0.12207311807596773, 1.4354296917762355e-10, 4.397916460541915e-10, 0.12207311807596757, 0.9925211100239691, 9.864793149017004e-10, 0.0, 0.0, 0.0, 1.0], "right_foot_pose": [0.9999999999999998, -9.82089571230904e-11, -4.509959627974064e-10, 9.458396987498718e-11, 3.070844360550495e-11, 0.9890926211197156, -0.14729489755769098, -0.13999999995156803, 4.60542314609602e-10, 0.14729489755769085, 0.9890926211197157, 8.883511287693935e-10, 0.0, 0.0, 0.0, 1.0]}, {"left_foot_pose": [0.9999999952643375, -9.634138953391096e-05, 1.3771791902485643e-05, -2.1385645469420313e-05, 9.732011729077126e-05, 0.9904350808885467, -0.13797949512189595, 2.625012873187435e-05, -3.469295398274947e-07, 0.13797949580874377, 0.9904350855741358, 0.00016386109218218675, 0.0, 0.0, 0.0, 1.0], "right_foot_pose": [1.0, -7.9100897398159e-11, -3.2825941964631464e-10, 9.711445790689282e-11, 2.450200725700645e-11, 0.9866092177008988, -0.1631019667190458, -0.1400000000150433, 3.3676504128534613e-10, 0.16310196671904567, 0.9866092177008987, 6.332634486239108e-10, 0.0, 0.0, 0.0, 1.0]}, {"left_foot_pose": [0.9999962238378515, -0.0027131043886077476, 0.0004374638448835755, -0.000603964241918459, 0.002748145915518039, 0.9873615722839343, -0.1584600052727025, 0.0007413611003151965, -2.016453977930882e-06, 0.15846060911650672, 0.9873652998532817, 0.004191208949204196, 0.0, 0.0, 0.0, 1.0], "right_foot_pose": [0.9999999999999998, -4.276467544818066e-11, -1.4843998252800335e-10, 1.49376473571952e-10, 1.599958965569807e-11, 0.9844219876361805, -0.17582192769513105, -0.14000000015943737, 1.5364631613861234e-10, 0.17582192769513094, 0.9844219876361804, 3.0724261329551084e-10, 0.0, 0.0, 0.0, 1.0]}, {"left_foot_pose": [0.9999636765384233, -0.008376251544489463, 0.0015760754498469413, -0.001873206383335613, 0.008523238163475175, 0.9828026429214037, -0.18446224404444833, 0.002299354265948992, -3.868960976083113e-06, 0.18446897700363676, 0.9828383369141968, 0.01146980146480392, 0.0, 0.0, 0.0, 1.0], "right_foot_pose": [0.9999999999999999, -6.155612340187639e-12, 2.3664681325641403e-11, 1.2013110010994039e-10, 1.0414204106654818e-11, 0.9828485237266439, -0.18441469412266764, -0.14000000013668054, -2.2123828926002963e-11, 0.1844146941226675, 0.9828485237266437, 1.149670358913113e-10, 0.0, 0.0, 0.0, 1.0]}, {"left_foot_pose": [0.9998596839611553, -0.0163680016024991, 0.003563833980359064, -0.0036817242689629564, 0.01675148816015354, 0.9770436223428428, -0.21237972521782228, 0.00451931164510957, -5.789578895063835e-06, 0.2124096244587753, 0.9771807158370266, 0.019120925493454982, 0.0, 0.0, 0.0, 1.0], "right_foot_pose": [0.9999999999999998, 1.1963020050937572e-11, 1.276475591893699e-10, -2.5317675565539766e-12, 1.2268198066262982e-11, 0.9821393913331183, -0.18815476606190992, -0.14000000003168475, -1.2761879284194333e-10, 0.18815476606190976, 0.9821393913331183, 3.4043406982320334e-11, 0.0, 0.0, 0.0, 1.0]}, {"left_foot_pose": [0.9996418579955033, -0.02600134602997749, 0.00633133066015028, -0.005882128599928801, 0.02676108532291806, 0.9713281898863707, -0.23623164869341098, 0.007220310513710776, -7.459108786548488e-06, 0.23631647749722595, 0.9716761407010394, 0.024265877111678207, 0.0, 0.0, 0.0, 1.0], "right_foot_pose": [0.9999999999999998, -1.7506065456032765e-12, 1.2349804512368223e-10, -1.7879361733608847e-10, 2.475440874392889e-11, 0.9824517723403158, -0.1865167955583971, -0.1399999999681065, -1.2100443364191714e-10, 0.18651679555839698, 0.9824517723403154, 7.955744396603848e-11, 0.0, 0.0, 0.0, 1.0]}, {"left_foot_pose": [0.999282309957795, -0.036677171562091784, 0.00946837322981744, -0.008327025662917866, 0.03787961105685601, 0.9676171661313068, -0.24956392943332512, 0.01022142210908218, -8.461416973695524e-06, 0.24974347818156353, 0.9683120339199448, 0.025000000459292335, 0.0, 0.0, 0.0, 1.0], "right_foot_pose": [0.9999999999999998, -5.000222306061809e-11, -7.994660489174214e-12, -3.5675282716326203e-10, 4.7761651819381555e-11, 0.9838275895777533, -0.17911804483531996, -0.1399999999883878, 1.6821464617863223e-11, 0.17911804483531982, 0.9838275895777535, 3.261755240901998e-10, 0.0, 0.0, 0.0, 1.0]}, {"left_foot_pose": [0.9987773594192026, -0.04777569922737478, 0.012699168277538158, -0.010869025216333665, 0.0494346663232326, 0.965305212899774, -0.25640214451917814, 0.01334172682960735, -8.781599996998184e-06, 0.25671643599866806, 0.9664867673232913, 0.025000000151848903, 0.0, 0.0, 0.0, 1.0], "right_foot_pose": [1.0, -1.2447679038549286e-10, -2.7056873408426363e-10, -5.236198288877885e-10, 7.78501431475369e-11, 0.9861342358756617, -0.1659495972695467, -0.13999999996118315, 2.874738322442102e-10, 0.16594959726954656, 0.9861342358756618, 7.933206938592896e-10, 0.0, 0.0, 0.0, 1.0]}, {"left_foot_pose": [0.9981527301949451, -0.058713947057612084, 0.015614084196444, -0.01336073881169164, 0.06075464701999159, 0.9646609158884291, -0.2563945986614657, 0.016400305385503085, -8.357870033657482e-06, 0.2568695968350744, 0.9664460720350273, 0.024910268975636883, 0.0, 0.0, 0.0, 1.0], "right_foot_pose": [0.9999999999999998, -2.1374594654318434e-10, -6.873555058461975e-10, -6.287837625195214e-10, 1.1061390996495563e-10, 0.9891842206394196, -0.1466784838958469, -0.14000000001338167, 7.112730778720271e-10, 0.14667848389584678, 0.9891842206394196, 1.500112513375118e-09, 0.0, 0.0, 0.0, 1.0]}, {"left_foot_pose": [0.9974642299445717, -0.06904584640604576, 0.01725633434875893, -0.015654774621902734, 0.07116958572427053, 0.9677231716981345, -0.24175763281919269, 0.019216231468979376, -6.994224741617313e-06, 0.2423727172199389, 0.9701832125420979, 0.021163832214803953, 0.0, 0.0, 0.0, 1.0], "right_foot_pose": [1.0, -2.917007412313172e-10, -1.273033678472755e-09, -5.535452276992578e-10, 1.358604021940619e-10, 0.9926841353851905, -0.12074024745111739, -0.14000000047275835, 1.298940119914455e-09, 0.12074024745111722, 0.9926841353851905, 2.532540392674587e-09, 0.0, 0.0, 0.0, 1.0]}, {"left_foot_pose": [0.9967939170662005, -0.07816076701135385, 0.0171108562035453, -0.01760374385330377, 0.08001179210112741, 0.9737469337846466, -0.21310800564447663, 0.021608589160704888, -4.958585200027628e-06, 0.21379383397375382, 0.9768788033989768, 0.013996810893348574, 0.0, 0.0, 0.0, 1.0], "right_foot_pose": [1.0, -3.099938934573243e-10, -1.9837120834864647e-09, -3.1231930993300777e-10, 1.3437063491077692e-10, 0.9961268847341005, -0.08792741045849406, -0.14000000088287318, 2.003285648202317e-09, 0.0879274104584939, 0.9961268847341002, 3.923758741530836e-09, 0.0, 0.0, 0.0, 1.0]}, {"left_foot_pose": [0.9962417988378969, -0.08525946655131536, 0.015267665558864416, -0.01906025950946911, 0.08661569280854942, 0.9806482531613637, -0.17557541209082247, 0.023396462638800512, -2.743585761648524e-06, 0.176237983803016, 0.9843475875205475, 0.00628790950598726, 0.0, 0.0, 0.0, 1.0], "right_foot_pose": [0.9999999999999999, -2.2036100847751357e-10, -2.76340356153426e-09, 1.0154094648554267e-10, 8.641717994554419e-11, 0.9988291355613212, -0.04837724624060529, -0.14000000109970331, 2.770828278060138e-09, 0.048377246240605146, 0.9988291355613211, 5.5540045618140965e-09, 0.0, 0.0, 0.0, 1.0]}, {"left_foot_pose": [0.9959130825272277, -0.08951863597254758, 0.011981062754636567, -0.019876931661857063, 0.09031684256263837, 0.9871125206881572, -0.13210503188822506, 0.024398931418809916, -7.947965088918876e-07, 0.13264722128370332, 0.9911633138313188, 0.0009158381151001885, 0.0, 0.0, 0.0, 1.0], "right_foot_pose": [0.9999999999999998, 1.1313738966518867e-11, -3.450078056577155e-09, 6.584338163089511e-10, -2.1148525415265164e-11, 0.9999959369492315, -0.002850628883016288, -0.14000000098159326, 3.450031622543111e-09, 0.0028506288830161346, 0.9999959369492314, 7.061396328778002e-09, 0.0, 0.0, 0.0, 1.0]}, {"left_foot_pose": [0.9958623564846495, -0.09054461524013638, 0.007735605203071394, -0.019999999875640915, 0.09087445700988905, 0.9922477288183306, -0.08477191585674933, 0.024550001111569957, 3.81063532519339e-09, 0.08512412881129257, 0.9963703541826802, 7.858002963601063e-09, 0.0, 0.0, 0.0, 1.0], "right_foot_pose": [0.9999999999999996, 2.7821673034487735e-10, -3.714129448439964e-09, 1.065490607431675e-09, -1.1013956414245468e-10, 0.9989790004659239, 0.04517694797242974, -0.1400000008680183, 3.7229062486018025e-09, -0.0451769479724299, 0.9989790004659239, 7.824173378634391e-09, 0.0, 0.0, 0.0, 1.0]}, {"left_foot_pose": [0.995862356493153, -0.09081725247243941, 0.0032239065219745447, -0.019999999796436758, 0.09087445691670064, 0.9952354709779214, -0.035329738004277, 0.024550000767337907, 3.6103331649703284e-09, 0.03547652689755943, 0.9993705098907452, 7.198669355057419e-09, 0.0, 0.0, 0.0, 1.0], "right_foot_pose": [0.9999999999999998, 5.07671562197917e-10, -3.4492742551073296e-09, 1.1552639979020498e-09, -1.8118613343837197e-10, 0.9955720427976523, 0.09400163615442712, -0.14000000105173058, 3.481722958989314e-09, -0.09400163615442729, 0.9955720427976523, 7.748985897393368e-09, 0.0, 0.0, 0.0, 1.0]}, {"left_foot_pose": [0.9958623565008294, -0.09086851243661774, -0.0010393999098597135, -0.01999999976299825, 0.09087445683257989, 0.9957972142514173, 0.011390398785901628, 0.024550000460242527, 2.940996554135469e-09, -0.01143772427865269, 0.9999345870922391, 5.765794723611162e-09, 0.0, 0.0, 0.0, 1.0], "right_foot_pose": [0.9999999999351062, -1.1269440035176245e-05, -1.6693489838791994e-06, -9.186313256092683e-06, 1.1392068079479478e-05, 0.9903114956230405, 0.13886375159514147, -0.13999153459732858, 8.825876711179404e-08, -0.13886375160514763, 0.9903114956871583, 3.740494478882833e-05, 0.0, 0.0, 0.0, 1.0]}, {"left_foot_pose": [0.9958623565047541, -0.09075109526384355, -0.004733455948017196, -0.01999999989352021, 0.09087445678956811, 0.9945104805634577, 0.05187231585964248, 0.02455000066066268, 2.0714535988835744e-09, -0.05208783694735603, 0.9986425072277603, 3.987701634178276e-09, 0.0, 0.0, 0.0, 1.0], "right_foot_pose": [0.9999993136985978, -0.0011531677471640735, -0.00020689726818805897, -0.0009450536289914206, 0.0011715806442415798, 0.9844422294142646, 0.17570465089082296, -0.13912917989686485, 1.0614715205687142e-06, -0.1757047727013097, 0.9844429048191947, 0.003492989477708118, 0.0, 0.0, 0.0, 1.0]}, {"left_foot_pose": [0.9958623565054742, -0.09054356661523298, -0.007747866800470611, -0.019999999989819682, 0.09087445678167774, 0.9922362446237258, 0.08490623039354318, 0.024550000606919496, 1.330257218455903e-09, -0.08525900186842028, 0.9963588222123602, 2.521578008896075e-09, 0.0, 0.0, 0.0, 1.0], "right_foot_pose": [0.999992034089247, -0.003907372983419663, -0.0008149812382638181, -0.0032197637734230383, 0.003991460075928745, 0.9790338406693566, 0.20365855511289072, -0.13703316092893492, 2.1242756804646895e-06, -0.203660185752092, 0.9790416378964231, 0.010538498241828044, 0.0, 0.0, 0.0, 1.0]}, {"left_foot_pose": [0.9958623565045449, -0.0903137165672785, -0.010079657584534319, -0.020000000042891503, 0.09087445679186332, 0.9897173954522857, 0.11045954119915952, 0.024550000400725986, 7.556034706076115e-10, -0.11091848240464848, 0.9938295076425588, 1.4346244053831114e-09, 0.0, 0.0, 0.0, 1.0], "right_foot_pose": [0.999967004011415, -0.007921801424288262, -0.0017988748230043342, -0.006553019256820932, 0.008123477034654495, 0.9752245583288534, 0.22106802110020346, -0.13396175846290867, 3.0499403371028636e-06, -0.22107533986061575, 0.9752567324024026, 0.01829521052032579, 0.0, 0.0, 0.0, 1.0]}, {"left_foot_pose": [0.9958623565031429, -0.09011221673024608, -0.011745437240452346, -0.020000000029361507, 0.09087445680722556, 0.9875092264687131, 0.12871426004587236, 0.024550000146134492, 3.4632867324922e-10, -0.12924904655403033, 0.991612164086784, 7.137656993227992e-10, 0.0, 0.0, 0.0, 1.0], "right_foot_pose": [0.9999126122563764, -0.012883399446580571, -0.002964096713839917, -0.010664525736303786, 0.013219978728474415, 0.9745161317651234, 0.22392753535900622, -0.13017324858641052, 3.612178630607078e-06, -0.22394715213246238, 0.9746012892658777, 0.023884420442976298, 0.0, 0.0, 0.0, 1.0]}, {"left_foot_pose": [0.9958623565020197, -0.08997321406693058, -0.012766661768510603, -0.019999999990213, 0.09087445681953381, 0.9859859429458039, 0.13990551601359277, 0.024550000025561524, 1.0065929825086823e-10, -0.14048680031853977, 0.9900825515765138, 3.3214288958083316e-10, 0.0, 0.0, 0.0, 1.0], "right_foot_pose": [0.9998207502109536, -0.01851530945461814, -0.003956104574545623, -0.015273981533414051, 0.01893323623597865, 0.9777911134934095, 0.20872486899972098, -0.1259259058114881, 3.6383566366349863e-06, -0.20876235697346845, 0.9779663993704715, 0.025000004860192097, 0.0, 0.0, 0.0, 1.0]}, {"left_foot_pose": [0.9958623565015146, -0.08991221077374001, -0.013189437328014147, -0.02000000002297494, 0.0908744568250678, 0.9853174283336497, 0.14453857104147977, 0.024550000023276536, 4.7896617206341744e-12, -0.14513910491574133, 0.9894112593983647, 1.9229283443333856e-10, 0.0, 0.0, 0.0, 1.0], "right_foot_pose": [0.9996895594474003, -0.02449655712057569, -0.0045501012187630285, -0.0201010769279979, 0.024915551798671838, 0.9829018427899627, 0.18243679102270693, -0.12147801591228631, 3.2296006206995794e-06, -0.18249352352709283, 0.9832070554365626, 0.02500000600941358, 0.0, 0.0, 0.0, 1.0]}, {"left_foot_pose": [0.9958623565016657, -0.08993332667429697, -0.013044679231192964, -0.020000000028325114, 0.09087445682341426, 0.9855488303939771, 0.14295221581393738, 0.024550000018702393, 3.5557288318801763e-11, -0.14354615864717277, 0.9896436228954549, 3.071806142784794e-10, 0.0, 0.0, 0.0, 1.0], "right_foot_pose": [0.9995249716862131, -0.03047667102544746, -0.0045829574382832, -0.024865517826212907, 0.03081932785338987, 0.9884241507368845, 0.14855257409662673, -0.1170878588600627, 2.517883071980107e-06, -0.1486232510856737, 0.988893891795467, 0.02499255643439189, 0.0, 0.0, 0.0, 1.0]}, {"left_foot_pose": [0.9958623565024389, -0.09003369946939307, -0.012332877250065051, -0.01999999981840055, 0.09087445681493903, 0.986648782140788, 0.135151817592997, 0.024550000215458417, 1.911582876211075e-10, -0.1357133510748148, 0.9907481447573065, 7.610737318142213e-10, 0.0, 0.0, 0.0, 1.0], "right_foot_pose": [0.9993410403129419, -0.036090756288075336, -0.003865547412915384, -0.029287007092545482, 0.03629717817736761, 0.993662527855706, 0.10638277864282641, -0.11301370685375788, 1.6146766170573975e-06, -0.10645298514350335, 0.9943177369188531, 0.021837797615677952, 0.0, 0.0, 0.0, 1.0]}, {"left_foot_pose": [0.995862356503505, -0.09019832839712687, -0.011064739203957901, -0.019999999641235992, 0.0908744568032602, 0.9884528951773347, 0.12125471997517619, 0.024550000459061132, 4.4851128830167846e-10, -0.121758513336481, 0.9925597535816628, 1.4428421443724027e-09, 0.0, 0.0, 0.0, 1.0], "right_foot_pose": [0.9991590636676381, -0.040925420760230154, -0.0025050801197727245, -0.03308523110769419, 0.04100201812394699, 0.9972936247316015, 0.06102672020899336, -0.10951385393928688, 7.562307212039015e-07, -0.06107811396319775, 0.9981329891322731, 0.014923783121480863, 0.0, 0.0, 0.0, 1.0]}, {"left_foot_pose": [0.995862356505246, -0.09039879336539579, -0.009285744660469778, -0.01999999973900451, 0.09087445678417576, 0.9906497232680458, 0.10175931845844166, 0.02455000064849115, 7.759036528398545e-10, -0.10218211167824832, 0.9947657091260108, 2.1795775531630035e-09, 0.0, 0.0, 0.0, 1.0], "right_foot_pose": [0.999005503348367, -0.04457895199517715, -0.000849304826003031, -0.03597989918777878, 0.04458704161131322, 0.9988243194761838, 0.019025628591168374, -0.10684658257567584, 1.6373121628130008e-07, -0.019044575656857087, 0.9998186356224933, 0.0071292171869708765, 0.0, 0.0, 0.0, 1.0]}, {"left_foot_pose": [0.9958623565048267, -0.09059945789629542, -0.007064355989896192, -0.01999999965710346, 0.09087445678877341, 0.9928487378060646, 0.07741587008004687, 0.024550000477923363, 1.0661585507357932e-09, -0.07773752032193142, 0.9969738602060728, 2.8626114881302733e-09, 0.0, 0.0, 0.0, 1.0], "right_foot_pose": [0.9989086975012564, -0.04669879551508457, 0.0007978432071624169, -0.03769071545508691, 0.04670561054454705, 0.9987629652829568, -0.017062389130963636, -0.10527017119808987, -6.322639089459647e-08, 0.01708103265717968, 0.9998541085195181, 0.0013328068440176602, 0.0, 0.0, 0.0, 1.0]}, {"left_foot_pose": [0.9958623565011857, -0.09075867651449271, -0.0045857977761957274, -0.019999999035346033, 0.09087445682867411, 0.9945935598858103, 0.05025419116616732, 0.02454999998386167, 1.0555949956726464e-09, -0.05046298912083851, 0.9987259317395296, 3.292424055612031e-09, 0.0, 0.0, 0.0, 1.0], "right_foot_pose": [0.9988886620616615, -0.047080469249035584, 0.0022068574839457264, -0.03803519341476859, 0.047132163165547976, 0.9977930934423949, -0.04677073736849073, -0.10495276153711412, 1.1067391181036143e-09, 0.046822773240665354, 0.9989032124815964, 3.012097710142214e-09, 0.0, 0.0, 0.0, 1.0]}, {"left_foot_pose": [0.9958623564992237, -0.0908510812129966, -0.0020610556138797686, -0.01999999838838847, 0.09087445685017366, 0.99560619100253, 0.022586401431402794, 0.024549999748581935, 7.384252608020356e-10, -0.022680244263763708, 0.9997427701764776, 3.448152909035773e-09, 0.0, 0.0, 0.0, 1.0], "right_foot_pose": [0.9988886620614166, -0.04699883040468578, 0.0035427031690528194, -0.03803519283517552, 0.047132163170731295, 0.9960628921576948, -0.07508178248613964, -0.1049527616723648, 7.969242862520974e-10, 0.07516531651659548, 0.9971710862198925, 2.8031427665164976e-09, 0.0, 0.0, 0.0, 1.0]}, {"left_foot_pose": [0.9958623565010609, -0.09087398373818203, 0.0002932297857621138, -0.01999999950380875, 0.0908744568300394, 0.9958571720167385, -0.003213415421396476, 0.02455000021013564, 8.755473890796885e-10, 0.0032267665514761137, 0.9999947939752601, 2.6974254843659118e-09, 0.0, 0.0, 0.0, 1.0], "right_foot_pose": [0.9988886620610679, -0.046888694752656175, 0.004784465512664612, -0.03803519379927687, 0.04713216317812764, 0.9937287472982778, -0.10139889539411454, -0.10495276125839166, 9.339988485290583e-10, 0.10151170916396013, 0.9948343444526891, 2.5317701476956778e-09, 0.0, 0.0, 0.0, 1.0]}, {"left_foot_pose": [0.9960195796779059, -0.08909563483280719, 0.0026390816561154737, -0.021097779793449914, 0.08913471208321753, 0.9955828181055292, -0.029493311019546213, 0.025067096306841112, 3.009162015860105e-07, 0.029611149028579944, 0.9995614937827075, 0.002844458342737187, 0.0, 0.0, 0.0, 1.0], "right_foot_pose": [0.9988886620611452, -0.04676901323830777, 0.005839538201779931, -0.03803519419102095, 0.047132163176487656, 0.9911922948333821, -0.12375941926673108, -0.10495276145210156, 6.47061434092783e-10, 0.12389711079621078, 0.9922950699949847, 1.7317215786349927e-09, 0.0, 0.0, 0.0, 1.0]}, {"left_foot_pose": [0.9964443387016516, -0.08409863869103347, 0.005108702354215485, -0.024176805013441355, 0.08425366382640055, 0.9946100931034925, -0.06043246502080605, 0.02651744994273266, 1.121116828646054e-06, 0.060648014534508764, 0.9981592149210298, 0.009617039684031957, 0.0, 0.0, 0.0, 1.0], "right_foot_pose": [0.9988886620615952, -0.046657819308231374, 0.0066699851721231185, -0.038035194370034456, 0.04713216316694914, 0.9888357232495811, -0.14135937047356173, -0.10495276147085225, 3.533403978240217e-10, 0.14151664327165903, 0.9899358765481339, 1.1148243300729277e-09, 0.0, 0.0, 0.0, 1.0]}, {"left_foot_pose": [0.9970411594485887, -0.07652113405714776, 0.007310431452555028, -0.02883238704423445, 0.07686954117069335, 0.9925191890338426, -0.09485110985018316, 0.028710435799632675, 2.370995537410927e-06, 0.0951324100515296, 0.9954646274741094, 0.017439495860080957, 0.0, 0.0, 0.0, 1.0], "right_foot_pose": [0.9988886620621412, -0.0465708602142283, 0.007252294989261597, -0.038035194399784214, 0.04713216315537053, 0.9869927692532485, -0.15370046401393625, -0.10495276135694825, 1.095621360740915e-10, 0.1538714672078958, 0.9880908721262883, 6.994369597390637e-10, 0.0, 0.0, 0.0, 1.0]}, {"left_foot_pose": [0.9977110746499198, -0.06705477131283787, 0.008733221918964165, -0.034659679513087224, 0.06762108773457044, 0.9893481198001031, -0.12890960531161202, 0.03145534899157787, 3.8074188736945644e-06, 0.1292050908137329, 0.9916178923826052, 0.0234331208454273, 0.0, 0.0, 0.0, 1.0], "right_foot_pose": [0.9988886620625417, -0.04652045839795486, 0.007568867375579763, -0.03803519428192791, 0.04713216314688909, 0.9859245863792553, -0.16040969163360919, -0.1049527611874194, -5.03580398998336e-11, 0.16058815934974363, 0.9870215008178197, 4.760212848897716e-10, 0.0, 0.0, 0.0, 1.0]}, {"left_foot_pose": [0.9983656825868226, -0.056448916694928845, 0.008915359606763956, -0.04125382803710904, 0.05714861160008496, 0.9861285719799904, -0.15583477056449374, 0.03456147896985123, 5.0131440618770365e-06, 0.15608958750882346, 0.9877429020986151, 0.025000009884518642, 0.0, 0.0, 0.0, 1.0], "right_foot_pose": [0.9988886620625784, -0.04651502328519085, 0.007602197814440105, -0.038035194054517774, 0.047132163146112134, 0.9858093982726583, -0.16111607453779225, -0.10495276108438395, -9.425908223048039e-11, 0.16129532815948905, 0.9869061845555142, 4.776572332110263e-10, 0.0, 0.0, 0.0, 1.0]}, {"left_foot_pose": [0.9989370848676458, -0.045384908380286165, 0.008056709467523475, -0.048209955498022546, 0.04609447302082018, 0.9835379244175221, -0.17472392735228623, 0.037838117313709965, 5.750127404140701e-06, 0.1749095804231061, 0.9845845005093012, 0.025000009629701794, 0.0, 0.0, 0.0, 1.0], "right_foot_pose": [0.9988886620621639, -0.04655516202993651, 0.00735239362563662, -0.03803519393417033, 0.047132163154898266, 0.9866600724590628, -0.15582188745942346, -0.10495276102340348, -8.934332903982922e-12, 0.15599525090028699, 0.9877578051812886, 6.922181855495424e-10, 0.0, 0.0, 0.0, 1.0]}, {"left_foot_pose": [0.9993837031921876, -0.0344937159654702, 0.006511324962278622, -0.055123215397610635, 0.03510290243232112, 0.9820089393491362, -0.18554306583435665, 0.04109456344157576, 5.890492287797718e-06, 0.18565728264002682, 0.9826145599206357, 0.025000008105932225, 0.0, 0.0, 0.0, 1.0], "right_foot_pose": [0.9988886620613026, -0.04663715033779414, 0.0068130032841951125, -0.038035193783094334, 0.04713216317315038, 0.988397678688625, -0.1443904011960535, -0.10495276096711026, 2.1691799952289796e-10, 0.14455104624771037, 0.9894973446294296, 1.159088387769902e-09, 0.0, 0.0, 0.0, 1.0]}, {"left_foot_pose": [0.999691951214688, -0.02442520426836022, 0.004405913414867261, -0.06158875782497439, 0.024819400690398015, 0.9837777819145266, -0.1776661846292211, 0.04414010923847375, 5.093124563093063e-06, 0.17772080690730557, 0.9840809492954722, 0.02245972772897662, 0.0, 0.0, 0.0, 1.0], "right_foot_pose": [0.9988886620600562, -0.046784656551591065, 0.005712855609965675, -0.03803519340875624, 0.04713216319956742, 0.9915238284068744, -0.12107459227065323, -0.10495276134499723, 7.509772828787591e-10, 0.12120929672564391, 0.9926269724258329, 2.1091929522376596e-09, 0.0, 0.0, 0.0, 1.0]}, {"left_foot_pose": [0.9998737489141801, -0.01568766033055706, 0.0025265679600926204, -0.06720170797997489, 0.015889814916073212, 0.9871152678145906, -0.15921985375342826, 0.04678405026569017, 3.7731749859916786e-06, 0.15923989877126626, 0.9872399174593179, 0.015838563564959503, 0.0, 0.0, 0.0, 1.0], "right_foot_pose": [0.9988886620590277, -0.04691882458577618, 0.004479364844954734, -0.038035192996431474, 0.047132163221361455, 0.9943672980089756, -0.09493279644256007, -0.10495276173298203, 1.3060515051643271e-09, 0.09503841617903115, 0.9954736056019674, 3.367842137114163e-09, 0.0, 0.0, 0.0, 1.0]}, {"left_foot_pose": [0.9999598603015708, -0.008883663682788034, 0.0011654635278485232, -0.07155722164107235, 0.008959786874947846, 0.9914321772642355, -0.13031484989921066, 0.048835687232827135, 2.1952564404324814e-06, 0.13032006140525473, 0.9914719772088935, 0.00799817695777269, 0.0, 0.0, 0.0, 1.0], "right_foot_pose": [0.9988886620588195, -0.04704157291813317, 0.0029208265489509633, -0.038035192713004484, 0.04713216322577503, 0.9969687469166404, -0.06190215554504638, -0.10495276201260673, 1.979393109135123e-09, 0.06197102620460751, 0.9980779488151955, 4.912604670281873e-09, 0.0, 0.0, 0.0, 1.0]}, {"left_foot_pose": [0.9999890749828149, -0.004653699171884138, 0.00043931655209126125, -0.07425044820870119, 0.004674389204002781, 0.9955474669440302, -0.09414558485078336, 0.05010431736189222, 7.647496353927693e-07, 0.09414660984519897, 0.995558343772012, 0.0018172760381754277, 0.0, 0.0, 0.0, 1.0], "right_foot_pose": [0.9988886620602254, -0.04712024598159355, 0.0010598236491102652, -0.03803519264201316, 0.04713216319598642, 0.9986360950317829, -0.022461275389862694, -0.10495276202887416, 2.6710608220789386e-09, 0.022486265103534884, 0.999747151974785, 6.440928720929939e-09, 0.0, 0.0, 0.0, 1.0]}, {"left_foot_pose": [0.9999935834965799, -0.003577464951143343, 0.00018630671864468094, -0.07493677797291365, 0.003582312893936611, 0.9986402486530837, -0.052007891751522664, 0.050427613005796, 3.0220907643863423e-09, 0.05200822545166757, 0.9986466564733343, 7.971588451838318e-09, 0.0, 0.0, 0.0, 1.0], "right_foot_pose": [0.9988886620647203, -0.047121135109255315, -0.0010195217350996277, -0.038035193382876115, 0.04713216310072167, 0.9986549433577976, 0.021607019888940204, -0.10495276204350444, 3.1171227300829787e-09, -0.02163105945277288, 0.99976602126045, 7.217329602016154e-09, 0.0, 0.0, 0.0, 1.0]}, {"left_foot_pose": [0.9999935834967577, -0.0035822204877225157, 2.572336829832655e-05, -0.07493677898363059, 0.003582312844285061, 0.9999677966572346, -0.007181412337575004, 0.050427612260350335, 2.862486541835992e-09, 0.007181458407171929, 0.9999742129950888, 7.940164428732466e-09, 0.0, 0.0, 0.0, 1.0], "right_foot_pose": [0.9988886620702883, -0.04702635207715577, -0.0031564216677991254, -0.03803519449019974, 0.04713216298271871, 0.9966461781484859, 0.06689510291932738, -0.10495276258951731, 2.9297149599125546e-09, -0.06696952883463017, 0.9977550211387903, 7.264465841372303e-09, 0.0, 0.0, 0.0, 1.0]}, {"left_foot_pose": [0.9999935834970254, -0.003580006426350822, -0.0001285253521236965, -0.07493677720796883, 0.00358231276954533, 0.9993497991875826, 0.035876815619009364, 0.05042761276972337, 2.5543621408126027e-09, -0.03587704583332551, 0.9993562115593593, 6.461449333916569e-09, 0.0, 0.0, 0.0, 1.0], "right_foot_pose": [0.9988886620691698, -0.04684677751246526, -0.005178824805043793, -0.03803519296040146, 0.0471321630064201, 0.9928403920177913, 0.10975661797037618, -0.10495276208167573, 2.587052127520698e-09, -0.10987873049255925, 0.9939450007849245, 6.887868851668255e-09, 0.0, 0.0, 0.0, 1.0]}, {"left_foot_pose": [0.9999935834971322, -0.003572546099175436, -0.0002643462394133914, -0.07493677668106166, 0.0035823127397010667, 0.9972672878972672, 0.07379108025679842, 0.05042761330413366, 1.8213200235495294e-09, -0.07379155374702162, 0.9972736869062581, 4.478830653575905e-09, 0.0, 0.0, 0.0, 1.0], "right_foot_pose": [0.9989520812404785, -0.045277138156918015, -0.006687312287898111, -0.03906867689832097, 0.04576832292750673, 0.9882271588949209, 0.14598747562334283, -0.10451629652721552, -1.3114800652480081e-06, -0.14614055967729167, 0.9892638357968454, 0.0022503000378507956, 0.0, 0.0, 0.0, 1.0]}, {"left_foot_pose": [0.9999935834971092, -0.0035624623589252517, -0.00037659866172483445, -0.07493677660062857, 0.0035823127460863973, 0.9944524318255974, 0.10512624730078372, 0.05042761342671046, 1.1560302757925894e-09, -0.10512692185210017, 0.9944588127730097, 2.8823794948062975e-09, 0.0, 0.0, 0.0, 1.0], "right_foot_pose": [0.999150484757032, -0.0405832035892572, -0.007163267147059368, -0.04252205469896398, 0.04121054234606705, 0.9839277539928992, 0.17374655715159182, -0.10305786360425923, -3.054546558449678e-06, -0.17389415892697865, 0.9847643481979576, 0.008710108027620553, 0.0, 0.0, 0.0, 1.0]}, {"left_foot_pose": [0.9999935834970368, -0.0035520953357652063, -0.000464309682991147, -0.07493677659642384, 0.0035823127663684247, 0.9915584861534097, 0.1296107077845146, 0.050427613333346964, 6.157862369972568e-10, -0.12961153943952905, 0.9915648485319136, 1.7173647434698402e-09, 0.0, 0.0, 0.0, 1.0], "right_foot_pose": [0.9994194819586425, -0.03343251654296871, -0.006554839366648927, -0.047931851852880084, 0.03406903373606099, 0.9807207764873571, 0.1924215671548442, -0.10077319966895941, -4.67007371835351e-06, -0.19253318000708153, 0.9812904639170559, 0.016558463360220183, 0.0, 0.0, 0.0, 1.0]}, {"left_foot_pose": [0.9999935834969595, -0.003543249873442407, -0.0005275843489276219, -0.0749367766208205, 0.0035823127879744277, 0.9890892784807157, 0.14727377984416323, 0.0504276131406026, 2.2122406631850005e-10, -0.14727472483366702, 0.989095625015685, 9.313848720049478e-10, 0.0, 0.0, 0.0, 1.0], "right_foot_pose": [0.9996877955410685, -0.024486055478016494, -0.004974387737826072, -0.05481040401920571, 0.024986224459733315, 0.9796300954130405, 0.19925000564186834, -0.09786825554295789, -5.786757913812386e-06, -0.19931209007023204, 0.9799360646074566, 0.02291665835588942, 0.0, 0.0, 0.0, 1.0]}, {"left_foot_pose": [0.9999935834968827, -0.003537899979403737, -0.0005623422441911484, -0.07493677670829196, 0.0035823128093270995, 0.9875958554391286, 0.15697641018443673, 0.050427612942384265, 3.134274751208991e-11, -0.15697741743063617, 0.9876021923916577, 5.202594050013332e-10, 0.0, 0.0, 0.0, 1.0], "right_foot_pose": [0.9998933330391426, -0.014342729576058486, -0.002758378542158932, -0.06267004719547571, 0.014605564263575774, 0.9818215367687136, 0.1892436192574632, -0.09454897860984839, -6.034595752018154e-06, -0.18926372089079632, 0.9819262925078206, 0.025000007469988088, 0.0, 0.0, 0.0, 1.0]}, {"left_foot_pose": [0.9999935834968718, -0.0035355086432371304, -0.0005771860352234858, -0.07493677685220246, 0.0035823128123691045, 0.9869283157552494, 0.1611200378457681, 0.05042761292948436, -4.4782067043108864e-11, -0.1611210716794704, 0.9869346484245346, 3.508281928854551e-10, 0.0, 0.0, 0.0, 1.0], "right_foot_pose": [0.9999936218199506, -0.003520988269144262, -0.0005991335632727645, -0.07102309222348228, 0.0035715946764557126, 0.9855611704637736, 0.1692820811118049, -0.0910213249858132, -5.557445887862577e-06, -0.1692831412624576, 0.9855674599201365, 0.025000008948792285, 0.0, 0.0, 0.0, 1.0]}, {"left_foot_pose": [0.9999935834968909, -0.0035365819865869636, -0.0005705724316441995, -0.07493677697424406, 0.003582312807057206, 0.9872279404384077, 0.15927385426582977, 0.050427612903993536, 2.6320240721508162e-12, -0.15927487625357797, 0.9872342750302022, 4.4196121762318796e-10, 0.0, 0.0, 0.0, 1.0], "right_foot_pose": [0.9999720964642668, 0.007392892548326065, 0.001073048287769998, -0.07938187532851478, -0.00747035956820989, 0.9896897515633807, 0.14303282622648336, -0.0874912489292401, -4.558578162786224e-06, -0.14303685116144962, 0.9897173632856183, 0.025000009236975484, 0.0, 0.0, 0.0, 1.0]}, {"left_foot_pose": [0.9999935834969358, -0.0035409925436556797, -0.0005425281223703104, -0.07493677684009978, 0.003582312794521148, 0.9884591469633639, 0.15144530966491468, 0.05042761303404577, 1.7274630279947272e-10, -0.15144628142105546, 0.9884654894551129, 8.312368501850464e-10, 0.0, 0.0, 0.0, 1.0], "right_foot_pose": [0.9998402319331816, 0.01776572206532037, 0.0019722391587627054, -0.08725873303902924, -0.017874859372725163, 0.9937552646239814, 0.11014065296031954, -0.0841646