{"LoopMode": "Wrap", "FrameDuration": 0.0167, "EnableCycleOffsetPosition": true, "EnableCycleOffsetRotation": false, "Debug_info": [{"left_foot_pose": [1.0000000000000004, 1.0897697163671073e-13, -6.428357846033354e-12, 8.94164435013958e-13, -4.421595284564991e-14, 0.9999497758395719, 0.010022265132735719, 2.3619994848900205e-14, 6.428923837302543e-12, -0.010022265132735887, 0.999949775839572, 1.3785333985438797e-11, 0.0, 0.0, 0.0, 1.0], "right_foot_pose": [1.0, -1.6455683586642828e-13, -6.4789840159562565e-12, -8.316812414120984e-14, 7.115878118892701e-14, 0.9998959811299902, -0.01442313835800924, -0.14000000000165622, 6.480573011732516e-12, 0.014423138358009088, 0.9998959811299902, 1.1481399164736672e-11, 0.0, 0.0, 0.0, 1.0]}, {"left_foot_pose": [1.0000000000000007, 1.7833920802897062e-13, -1.4312051543896593e-11, 2.406287887472977e-12, -7.143687289593142e-14, 0.9999722769879433, 0.007446157099380018, 8.089605374461684e-13, 1.4312587764504623e-11, -0.00744615709938019, 0.9999722769879436, 2.9881042085122544e-11, 0.0, 0.0, 0.0, 1.0], "right_foot_pose": [0.9999999999999998, -4.0198507091165823e-13, -1.440059183011044e-11, 3.9634000580011635e-13, 1.5718575233971414e-13, 0.9998554936581273, -0.016999758870716884, -0.14000000000291926, 1.4405259966382521e-11, 0.01699975887071673, 0.9998554936581274, 2.6531603303237006e-11, 0.0, 0.0, 0.0, 1.0]}, {"left_foot_pose": [1.0000000000000004, 1.705318581781239e-13, -2.5116630997246157e-11, 4.633107037982096e-12, -7.330839563267509e-14, 0.9999925590808652, 0.0038576913955455402, 2.1818900852732526e-12, 2.5116814495770796e-11, -0.0038576913955457137, 0.9999925590808653, 5.1837617531802493e-11, 0.0, 0.0, 0.0, 1.0], "right_foot_pose": [1.0, -8.234019301598648e-13, -2.5267232750536544e-11, 1.2609218525117383e-12, 3.0304480917888664e-13, 0.999788005161207, -0.02058991830421858, -0.14000000000434384, 2.527870951125287e-11, 0.020589918304218427, 0.9997880051612071, 4.7438261652210656e-11, 0.0, 0.0, 0.0, 1.0]}, {"left_foot_pose": [1.0000000000000007, -9.04301970816782e-15, -3.869371489884089e-11, 7.591985222990584e-12, -1.8658562390008713e-14, 0.9999997375655519, -0.0007244783146157776, 4.227805605605539e-12, 3.8693278048623586e-11, 0.0007244783146156038, 0.9999997375655519, 7.947102004246531e-11, 0.0, 0.0, 0.0, 1.0], "right_foot_pose": [1.0, -1.5192143038450849e-12, -3.8949121705655885e-11, 2.5570039343950325e-12, 5.382165055768242e-13, 0.9996830365646756, -0.02517590921554406, -0.1400000000057998, 3.897491115298637e-11, 0.025175909215543912, 0.9996830365646756, 7.392902956482317e-11, 0.0, 0.0, 0.0, 1.0]}, {"left_foot_pose": [1.0000000000000004, -4.781700629720741e-13, -5.5196069936869214e-11, 1.1377745152013502e-11, 1.3125521602189824e-13, 0.9999802115174836, -0.0062909914520351395, 7.1008112584314276e-12, 5.519774261988695e-11, 0.006290991452034967, 0.9999802115174837, 1.1322980747463518e-10, 0.0, 0.0, 0.0, 1.0], "right_foot_pose": [0.9999999999999998, -2.6154169253832698e-12, -5.5623172734442486e-11, 4.375508561553919e-12, 9.038569320708695e-13, 0.9995271202714927, -0.030749566529899006, -0.14000000000716353, 5.567710711781021e-11, 0.03074956652989886, 0.9995271202714926, 1.0632551783462674e-10, 0.0, 0.0, 0.0, 1.0]}, {"left_foot_pose": [1.0000000000000004, -1.3927887437406878e-12, -7.511058441878048e-11, 1.6180976436275386e-11, 4.2761812345326755e-13, 0.9999173981448143, -0.012852894121784796, 1.1049447815048019e-11, 7.512209263099379e-11, 0.012852894121784622, 0.9999173981448144, 1.5428033156572596e-10, 0.0, 0.0, 0.0, 1.0], "right_foot_pose": [1.0, -4.290330959322082e-12, -7.580902572357215e-11, 6.870428968375336e-12, 1.4579646105449938e-12, 0.9993032386521659, -0.03732341382151971, -0.14000000000829774, 7.591626169188808e-11, 0.037323413821519574, 0.9993032386521659, 1.4562752392865974e-10, 0.0, 0.0, 0.0, 1.0]}, {"left_foot_pose": [1.0000000000000004, -2.971878856062989e-12, -9.926653943281845e-11, 2.230484475851923e-11, 9.420710204703566e-13, 0.9997909749768163, -0.020445203714017195, 1.6445780501306295e-11, 9.93062121499671e-11, 0.020445203714017014, 0.9997909749768165, 2.045611041667783e-10, 0.0, 0.0, 0.0, 1.0], "right_foot_pose": [1.0, -6.800998902442971e-12, -1.003824245948692e-10, 1.0279462496742823e-11, 2.2835839972099684e-12, 0.9989899444647264, -0.04493429490225439, -0.14000000000901913, 1.005864378468036e-10, 0.04493429490225425, 0.9989899444647266, 1.9354719910102958e-10, 0.0, 0.0, 0.0, 1.0]}, {"left_foot_pose": [1.0000000000000004, -5.532009895031653e-12, -1.2882678257497552e-10, 3.018384104509564e-11, 1.777627862742919e-12, 0.9995757097350543, -0.0291273154901606, 2.3819193145646622e-11, 1.289329888918716e-10, 0.029127315490160424, 0.9995757097350544, 2.6682571430125535e-10, 0.0, 0.0, 0.0, 1.0], "right_foot_pose": [0.9999999999999997, -1.0519431183459295e-11, -1.3057366299307197e-10, 1.494958408114648e-11, 3.499881674007112e-12, 0.9985601305958637, -0.05364387741738837, -0.14000000000905433, 1.3094973773697124e-10, 0.05364387741738823, 0.9985601305958633, 2.525192346891636e-10, 0.0, 0.0, 0.0, 1.0]}, {"left_foot_pose": [1.0000000000000004, -9.531646632146368e-12, -1.6526757740109572e-10, 4.0407697552277276e-11, 3.0823803672453933e-12, 0.9992399373141945, -0.03898137601888143, 3.3894132292489054e-11, 1.6551349272518245e-10, 0.03898137601888125, 0.9992399373141947, 3.446999283229779e-10, 0.0, 0.0, 0.0, 1.0], "right_foot_pose": [1.0, -1.5979665285348874e-11, -1.6795681512249409e-10, 2.1370649977898464e-11, 5.275961658668665e-12, 0.9979794742405048, -0.06353714657305176, -0.14000000000798282, 1.6863263894826424e-10, 0.06353714657305161, 0.997979474240505, 3.2571017410942815e-10, 0.0, 0.0, 0.0, 1.0]}, {"left_foot_pose": [1.0000000000000002, -1.5618700573039734e-11, -2.10271577927301e-10, 5.373548625396864e-11, 5.063178383491584e-12, 0.9987438149168031, -0.05010780543419937, 4.7606349418138905e-11, 2.107897200900865e-10, 0.05010780543419918, 0.9987438149168031, 4.4259806930568857e-10, 0.0, 0.0, 0.0, 1.0], "right_foot_pose": [1.0, -2.3926468944183845e-11, -2.143483723848759e-10, 3.020536326040854e-11, 7.843957326964827e-12, 0.9972046993296125, -0.07471805427697524, -0.14000000000517024, 2.1553689905613887e-10, 0.07471805427697509, 0.9972046993296128, 4.1687942681223333e-10, 0.0, 0.0, 0.0, 1.0]}, {"left_foot_pose": [1.0000000000000002, -2.464639801133828e-11, -2.6528806928993685e-10, 7.104445908113218e-11, 7.987388832505472e-12, 0.9980377614218124, -0.06261490857725775, 6.601444564602321e-11, 2.6631059972157227e-10, 0.06261490857725754, 0.9980377614218124, 5.650310427873784e-10, 0.0, 0.0, 0.0, 1.0], "right_foot_pose": [1.0, -3.532159942878699e-11, -2.713753666228056e-10, 4.2274213826635587e-11, 1.1495950503104041e-11, 0.9961821351938509, -0.08729921832765819, -0.13999999999971335, 2.734227777979607e-10, 0.08729921832765802, 0.996182135193851, 5.296513505559375e-10, 0.0, 0.0, 0.0, 1.0]}, {"left_foot_pose": [1.0000000000000007, -3.75503712014298e-11, -3.303568529844363e-10, 9.310144328539147e-11, 1.2136700058485868e-11, 0.9970622833546015, -0.07659505931657351, 8.990998050240062e-11, 3.32262372455021e-10, 0.07659505931657334, 0.9970622833546016, 7.143677246967961e-10, 0.0, 0.0, 0.0, 1.0], "right_foot_pose": [0.9999999999999999, -5.1181339712799256e-11, -3.392665592905072e-10, 5.839344450798339e-11, 1.6523537129814043e-11, 0.994847975374439, -0.10137803457051008, -0.13999999999049664, 3.4270716489638543e-10, 0.10137803457050995, 0.9948479753744389, 6.653622305896612e-10, 0.0, 0.0, 0.0, 1.0]}, {"left_foot_pose": [1.0000000000000004, -5.476694490004023e-11, -4.0104758403103254e-10, 1.1983601511810594e-10, 1.761057111366942e-11, 0.9957526166232464, -0.0920691397155364, 1.1860238312288995e-10, 4.043863339989268e-10, 0.09206913971553621, 0.9957526166232468, 8.843750037845766e-10, 0.0, 0.0, 0.0, 1.0], "right_foot_pose": [1.0, -7.186501117304348e-11, -4.1366710057388854e-10, 7.87634678231179e-11, 2.2980652418787084e-11, 0.9931342044677721, -0.1169805621296355, -0.13999999997665968, 4.1923355213639525e-10, 0.11698056212963538, 0.9931342044677721, 8.17142430109552e-10, 0.0, 0.0, 0.0, 1.0]}, {"left_foot_pose": [1.0000000000000002, -7.433947412497481e-11, -4.6098536099492414e-10, 1.4828373752223444e-10, 2.3715905398243606e-11, 0.9940572584945897, -0.1088584715776471, 1.4666281557274008e-10, 4.663380012440092e-10, 0.10885847157764691, 0.9940572584945896, 1.0430434224661944e-09, 0.0, 0.0, 0.0, 1.0], "right_foot_pose": [0.9999999999999998, -9.481069204588645e-11, -4.77761052941616e-10, 1.0112616810621843e-10, 2.9969270882503104e-11, 0.9909905757536274, -0.13393161974490736, -0.13999999995928153, 4.861545808996196e-10, 0.13393161974490722, 0.9909905757536271, 9.547248616681436e-10, 0.0, 0.0, 0.0, 1.0]}, {"left_foot_pose": [1.0000000000000004, -8.714666914413515e-11, -4.668549991038147e-10, 1.67576761088696e-10, 2.7490111172660563e-11, 0.9919933455363313, -0.1262901516811083, 1.5696524288677516e-10, 4.741224486474907e-10, 0.12629015168110808, 0.9919933455363315, 1.094786081234922e-09, 0.0, 0.0, 0.0, 1.0], "right_foot_pose": [0.9999999999999999, -1.0889713238736507e-10, -4.862591995724579e-10, 1.1620460587549919e-10, 3.394425603450506e-11, 0.9884488127701913, -0.15155508745403257, -0.13999999994581977, 4.971461886562358e-10, 0.15155508745403243, 0.9884488127701914, 9.921603608131768e-10, 0.0, 0.0, 0.0, 1.0]}, {"left_foot_pose": [0.9999999989145025, 4.609149861364633e-05, -6.824172880449452e-06, -3.158350249972331e-05, -4.659362389700297e-05, 0.9897522808459228, -0.14279502928788854, 1.8120317575677503e-05, 1.726037785866944e-07, 0.1427950294508476, 0.9897522819191186, 0.0001638611081364455, 0.0, 0.0, 0.0, 1.0], "right_foot_pose": [1.0, -9.118135534516267e-11, -3.6835395844647626e-10, 6.189435648203318e-11, 2.799531932543358e-11, 0.9857840176282252, -0.16801747108189463, -0.14000000000435756, 3.784372565733702e-10, 0.16801747108189444, 0.9857840176282251, 7.407661636871232e-10, 0.0, 0.0, 0.0, 1.0]}, {"left_foot_pose": [0.9999991344515864, 0.00129800941525552, -0.00021509913194386605, -0.0008919680854166339, -0.0013157108698364603, 0.9866680363359264, -0.16274045280112473, 0.0005117623314542241, 9.927981535925063e-07, 0.1627405949496497, 0.9866688901320694, 0.004191209215494131, 0.0, 0.0, 0.0, 1.0], "right_foot_pose": [0.9999999999999999, -5.883776087433403e-11, -2.1743340461455282e-10, -7.757560037371416e-11, 1.8408385310406768e-11, 0.9834005801165753, -0.18144778595062375, -0.1400000001448353, 2.244999736277344e-10, 0.18144778595062355, 0.9834005801165753, 3.903820253170487e-10, 0.0, 0.0, 0.0, 1.0]}, {"left_foot_pose": [0.9999916741515134, 0.004008635765708892, -0.0007631952254310781, -0.002766455888887379, -0.004080640162812954, 0.9824321857846187, -0.18657531645509587, 0.0015872496579270104, 1.875066960065555e-06, 0.18657687738236833, 0.9824403640031948, 0.011469802339542687, 0.0, 0.0, 0.0, 1.0], "right_foot_pose": [0.9999999999999999, -2.2794489648493515e-11, -7.192690887336525e-11, -1.40225896419641e-10, 8.652045065170056e-12, 0.9816286035157715, -0.19080168961431282, -0.1400000001288706, 7.495446980669379e-11, 0.19080168961431268, 0.9816286035157715, 1.7779218375313377e-10, 0.0, 0.0, 0.0, 1.0]}, {"left_foot_pose": [0.9999678372273859, 0.007839697004714041, -0.0016922356984141287, -0.005437378001264551, -0.008020255807788106, 0.9775279436750056, -0.21065325734793094, 0.00311969445365165, 2.7499718201994714e-06, 0.2106600543183025, 0.9775593800414626, 0.01912092689213908, 0.0, 0.0, 0.0, 1.0], "right_foot_pose": [1.0, 4.702881761993878e-13, 1.9199308809447754e-11, -1.3796636295607766e-10, 3.2899873539577946e-12, 0.9807284818915878, -0.19537565049570982, -0.14000000001374777, -1.8921502152582704e-11, 0.19537565049570962, 0.9807284818915878, 9.190728039731866e-11, 0.0, 0.0, 0.0, 1.0]}, {"left_foot_pose": [0.9999179057422428, 0.012471479218915758, -0.00294006498903178, -0.00868706455465125, -0.012813343203786009, 0.9733017196980251, -0.229171509286843, 0.004984204222404365, 3.4625942099272433e-06, 0.22919036768363468, 0.9733816185592639, 0.02426587897256656, 0.0, 0.0, 0.0, 1.0], "right_foot_pose": [0.9999999999999998, -1.358289002259651e-12, 2.3080259925478695e-11, -4.615293419394338e-11, 5.825244241342081e-12, 0.9808704719409973, -0.19466154544296946, -0.1399999999110923, -2.2374580513783463e-11, 0.19466154544296932, 0.9808704719409973, 1.44268721968821e-10, 0.0, 0.0, 0.0, 1.0]}, {"left_foot_pose": [0.9998354818058889, 0.01762391208180463, -0.004290343216992568, -0.012297832965866456, -0.018138613709779285, 0.9715140417926105, -0.23628681150769773, 0.007055881596742943, 3.8306873161608e-06, 0.2363257589064713, 0.9716738833902079, 0.025000002681512763, 0.0, 0.0, 0.0, 1.0], "right_foot_pose": [1.0, -3.303112001917576e-11, -7.841444160661106e-11, 8.511808511080181e-11, 1.7675238853999354e-11, 0.9821123607762361, -0.18829580667271506, -0.13999999989064255, 8.323126821427528e-11, 0.18829580667271492, 0.9821123607762361, 3.9094739945344514e-10, 0.0, 0.0, 0.0, 1.0]}, {"left_foot_pose": [0.9997197125313506, 0.023002404995758403, -0.0056022978005231235, -0.01605200538056993, -0.023674804355406896, 0.9713648422261607, -0.236410335911272, 0.009209838243003808, 3.868827294504541e-06, 0.23647670636102458, 0.9716371582713763, 0.025000002460799482, 0.0, 0.0, 0.0, 1.0], "right_foot_pose": [0.9999999999999999, -9.000860430233708e-11, -2.8830193787854284e-10, 1.7846150775539092e-10, 3.7761867737650705e-11, 0.9843310044421195, -0.1763305807112556, -0.13999999983631495, 2.9965569252763933e-10, 0.17633058071125537, 0.9843310044421193, 8.391451700173747e-10, 0.0, 0.0, 0.0, 1.0]}, {"left_foot_pose": [0.9995764838021229, 0.028321943949598076, -0.006687340330914994, -0.019731913658143356, -0.02910073911461103, 0.9728539804027823, -0.22958283863879497, 0.011321184807395083, 3.5733715209786106e-06, 0.22968021313421705, 0.9732661504860081, 0.024910271078666814, 0.0, 0.0, 0.0, 1.0], "right_foot_pose": [1.0, -1.6725170392279008e-10, -6.305761468539107e-10, 3.2636388772344123e-10, 6.520478180895966e-11, 0.9873622786130934, -0.15847943327750827, -0.13999999985375133, 6.491128089470507e-10, 0.15847943327750813, 0.9873622786130936, 1.5236951700359214e-09, 0.0, 0.0, 0.0, 1.0]}, {"left_foot_pose": [0.9994185822004744, 0.03333907013443877, -0.007141705326140367, -0.023119881105501953, -0.03409541822653141, 0.977265951085841, -0.2092576481379965, 0.01326502531240376, 2.8900404846870134e-06, 0.20937948144662735, 0.9778344608065265, 0.02116383367778466, 0.0, 0.0, 0.0, 1.0], "right_foot_pose": [1.0, -2.498428756697243e-10, -1.1311485081932898e-09, 6.657556844324969e-10, 9.581929904494693e-11, 0.9909585088927617, -0.13416867612462594, -0.14000000027453968, 1.15444206420046e-09, 0.13416867612462577, 0.9909585088927614, 2.5549075147179856e-09, 0.0, 0.0, 0.0, 1.0]}, {"left_foot_pose": [0.9992648241866182, 0.037731818388191694, -0.006791246160185951, -0.025998230815731417, -0.038338116012928705, 0.9834710473032364, -0.17696013103762948, 0.01491647585135232, 1.966447389693886e-06, 0.17709039781251903, 0.984194590006843, 0.013996811582551623, 0.0, 0.0, 0.0, 1.0], "right_foot_pose": [1.0, -2.9962173241952707e-10, -1.759106027510169e-09, 9.547181382100918e-10, 1.1653465889075066e-10, 0.9946636610680263, -0.10317073883010994, -0.14000000067080462, 1.7806308520108444e-09, 0.10317073883010981, 0.9946636610680265, 3.928342359738046e-09, 0.0, 0.0, 0.0, 1.0]}, {"left_foot_pose": [0.9991381574744063, 0.04111062545022884, -0.0057322555543469255, -0.02814929674799731, -0.04150833985581134, 0.9895682919838718, -0.13795525804599984, 0.01615065091741337, 1.031395711218096e-06, 0.13807429874967644, 0.9904218737607334, 0.006287909766834944, 0.0, 0.0, 0.0, 1.0], "right_foot_pose": [1.0, -2.7443598335004784e-10, -2.4718530000633604e-09, 1.1320879540107076e-09, 1.1167538758947646e-10, 0.9978455780696995, -0.06560641985924259, -0.14000000089200698, 2.484532076522082e-09, 0.06560641985924241, 0.9978455780696998, 5.497735232340428e-09, 0.0, 0.0, 0.0, 1.0]}, {"left_foot_pose": [0.9990627345694995, 0.04308920682194923, -0.004119787612285468, -0.029355405843606828, -0.04328570658356384, 0.994527998807673, -0.09508105591108985, 0.016842660418454954, 2.7684655635355213e-07, 0.09517026764206063, 0.9954610088581387, 0.0009158380577978242, 0.0, 0.0, 0.0, 1.0], "right_foot_pose": [0.9999999999999999, -1.3455520007773388e-10, -3.1274823841798126e-09, 1.1128664932819263e-09, 6.50656363444661e-11, 0.9997533626567823, -0.0222084185942256, -0.14000000079839078, 3.129699113282253e-09, 0.022208418594225447, 0.9997533626567823, 6.873205185553566e-09, 0.0, 0.0, 0.0, 1.0]}, {"left_foot_pose": [0.9990510948457231, 0.043501029248079914, -0.0021378358028957766, -0.029537159834333304, -0.04355352899091423, 0.9978468350798287, -0.0490385953470037, 0.016946945982997903, 3.3193648849200784e-09, 0.04908517266473948, 0.9987945964133335, 7.859265328813425e-09, 0.0, 0.0, 0.0, 1.0], "right_foot_pose": [0.9999999999999999, 1.1253424259416256e-10, -3.4093282641478603e-09, 1.0894150068851865e-09, -2.7461536925322755e-11, 0.9996888840319537, 0.024942637048787495, -0.14000000070605997, 3.4110743929348552e-09, -0.02494263704878765, 0.9996888840319534, 7.541048160919495e-09, 0.0, 0.0, 0.0, 1.0]}, {"left_foot_pose": [0.9990510948424733, 0.04355339660534426, -0.00010741598342261979, -0.02953715965723772, -0.04355352906545999, 0.9990480565896928, -0.002463885204943012, 0.016946945735680622, 3.159963870786909e-09, 0.002466225556720407, 0.999996958861128, 7.265484311402837e-09, 0.0, 0.0, 0.0, 1.0], "right_foot_pose": [0.9999999999999998, 3.279521704636399e-10, -3.1901954411495147e-09, 1.1811728002256264e-09, -9.760748957572969e-11, 0.9974091359506777, 0.07193758073581541, -0.14000000087483125, 3.2055221200854344e-09, -0.07193758073581558, 0.9974091359506777, 7.516792716044662e-09, 0.0, 0.0, 0.0, 1.0]}, {"left_foot_pose": [0.9990510948400828, 0.04351615207879639, 0.001803997529785605, -0.029537159431264063, -0.043553529120294886, 0.9981937204352563, 0.04138099303774331, 0.016946945567997144, 2.580289012696167e-09, -0.04142029685887391, 0.9991418112601052, 5.868267469177901e-09, 0.0, 0.0, 0.0, 1.0], "right_foot_pose": [0.999999999447342, 3.2999864384496536e-05, 4.0403780741102805e-06, -1.1944348501834839e-05, -3.3245657809842924e-05, 0.9933176965491906, 0.11541209909249747, -0.13999157816037916, -2.047954235650166e-07, -0.11541209916303923, 0.993317697097328, 3.7404777641490694e-05, 0.0, 0.0, 0.0, 1.0]}, {"left_foot_pose": [0.999051094839098, 0.04341582966461706, 0.0034605830915662716, -0.029537159045863067, -0.043553529142890894, 0.9958924769907254, 0.07938050373031014, 0.016946945941488815, 1.7617543367453054e-09, -0.07945589976717549, 0.9968383820821655, 3.951454198569682e-09, 0.0, 0.0, 0.0, 1.0], "right_foot_pose": [0.9999941543221803, 0.0033799988510307983, 0.0005166519466729728, -0.0012287552011671153, -0.0034192564221608847, 0.9886291181007517, 0.15033554313218583, -0.13913367194237128, -2.6431953485053204e-06, -0.1503364308845227, 0.9886348959762227, 0.003492989333846501, 0.0, 0.0, 0.0, 1.0]}, {"left_foot_pose": [0.9990510948395297, 0.043286519094747275, 0.0048153052445582, -0.029537158902868843, -0.04355352913298945, 0.992926291895179, 0.11045573304881928, 0.016946945970607148, 1.0169193875355632e-09, -0.11056064457097893, 0.9938693796832917, 2.4420158811766512e-09, 0.0, 0.0, 0.0, 1.0], "right_foot_pose": [0.9999321490978195, 0.011467195504346859, 0.0020495433346631965, -0.004186320903686196, -0.011648912917480532, 0.9844140549939979, 0.17548011613318115, -0.13704846424052652, -5.334466137039728e-06, -0.17549208460081311, 0.9844808419740857, 0.010538498016346529, 0.0, 0.0, 0.0, 1.0]}, {"left_foot_pose": [0.9990510948405202, 0.043157066513434865, 0.0058632335714873295, -0.029537158939423484, -0.04355352911026648, 0.9899568502313504, 0.134493586397515, 0.016946945808307023, 4.151876491587512e-10, -0.13462132925350162, 0.9908971176212097, 1.3500792150900054e-09, 0.0, 0.0, 0.0, 1.0], "right_foot_pose": [0.9997189591177992, 0.023273436844130264, 0.004511088326175451, -0.008520196992538642, -0.023706596593738975, 0.9815136182153973, 0.1899184417997913, -0.13399290336097358, -7.639764350787022e-06, -0.18997200950450924, 0.9817895067408559, 0.018295210158621775, 0.0, 0.0, 0.0, 1.0]}, {"left_foot_pose": [0.9990510948414135, 0.04304919790207524, 0.006608816547762249, -0.029537159083282954, -0.04355352908977632, 0.9874825116911733, 0.15159610551699085, 0.016946945584000433, -1.6305918460837476e-11, -0.15174009247420617, 0.9884204289349349, 6.256327261811023e-10, 0.0, 0.0, 0.0, 1.0], "right_foot_pose": [0.9992557295823109, 0.03786318313027526, 0.007373347961826836, -0.013865944266263515, -0.038574432158510946, 0.9808755248814277, 0.19077530729167216, -0.13022393349300504, -8.976155471228865e-06, -0.19091774158476418, 0.981606039033788, 0.023884420008942503, 0.0, 0.0, 0.0, 1.0]}, {"left_foot_pose": [0.9990510948418129, 0.04297751568129028, 0.007059960427670439, -0.02953715929935679, -0.04355352908061297, 0.9858382327106907, 0.16194464804521028, 0.01694694547078849, -2.6015823815914406e-10, -0.1620984641251339, 0.9867745882055711, 2.2302820007480406e-10, 0.0, 0.0, 0.0, 1.0], "right_foot_pose": [0.9984735224162573, 0.05436783462057943, 0.00973465933358092, -0.019859121752028943, -0.05523246286087879, 0.9828715841210732, 0.1758204316160486, -0.12599849791049023, -8.943891055495067e-06, -0.17608971487852831, 0.9843741220867225, 0.02500000428283971, 0.0, 0.0, 0.0, 1.0]}, {"left_foot_pose": [0.9990510948416501, 0.04294724750382353, 0.007241811068125334, -0.029537159574094637, -0.04355352908434717, 0.9851439273805709, 0.1661160210500002, 0.01694694545451358, -3.266168962669982e-10, -0.16627379912972032, 0.9860796234194126, 5.5935894804903796e-11, 0.0, 0.0, 0.0, 1.0], "right_foot_pose": [0.9973567384962927, 0.07181182661081033, 0.01107238614104015, -0.02613527688800785, -0.0726604164202714, 0.9857252208769999, 0.1518757808625927, -0.12157355038918713, -7.853032826506849e-06, -0.15227885764546742, 0.9883375685728643, 0.02500000556235977, 0.0, 0.0, 0.0, 1.0]}, {"left_foot_pose": [0.9990510948410523, 0.0429592821799367, 0.007170074719299488, -0.029537159807570202, -0.04355352909806206, 0.9854199837362887, 0.1644705011735471, 0.0169469454376745, -2.430901942412322e-10, -0.16462671632441112, 0.9863559419764465, 1.1392083804073749e-10, 0.0, 0.0, 0.0, 1.0], "right_foot_pose": [0.9959561728845476, 0.08915885408967099, 0.011045380508695551, -0.032329969215044094, -0.08984042328698556, 0.9884087036018178, 0.12238028022434459, -0.1172060384005484, -6.064681413419031e-06, -0.12287771718904392, 0.9924218188762423, 0.0249925560962228, 0.0, 0.0, 0.0, 1.0]}, {"left_foot_pose": [0.9990510948401936, 0.04301238419767151, 0.006844319121964878, -0.02953715987175253, -0.04355352911775777, 0.986638061209803, 0.15699817283506917, 0.016946945588879717, -2.048274253054361e-11, -0.15714729071095565, 0.9875751763902368, 4.131795877659883e-10, 0.0, 0.0, 0.0, 1.0], "right_foot_pose": [0.9943916839960123, 0.10535534922077097, 0.009242791252882134, -0.038078760071554904, -0.10576000560091775, 0.9905901516078129, 0.08686755869082453, -0.1131529025617812, -3.856006644259823e-06, -0.08735789562586453, 0.9961769913308339, 0.021837797320155866, 0.0, 0.0, 0.0, 1.0]}, {"left_foot_pose": [0.9990510948395335, 0.043099559646581555, 0.006271989971364695, -0.029537159833002383, -0.04355352913289709, 0.9886377307853349, 0.14386982785731836, 0.0169469457689982, 2.9428121488729646e-10, -0.14400647633316827, 0.9895767452674428, 8.958790445601217e-10, 0.0, 0.0, 0.0, 1.0], "right_foot_pose": [0.9928445325991292, 0.11926700737800178, 0.005925794386619307, -0.04301718893443174, -0.11941412849758375, 0.9916220646697331, 0.04925390111755736, -0.10967110427511059, -1.7830764848531699e-06, -0.049609090006079146, 0.9987687110565636, 0.01492378308441944, 0.0, 0.0, 0.0, 1.0]}, {"left_foot_pose": [0.9990510948399347, 0.043208108126985834, 0.005474421541591171, -0.029537159623465575, -0.04355352912369221, 0.9911276655795543, 0.1255748407273351, 0.016946945799425142, 6.532599114461442e-10, -0.1256941124910418, 0.9920690450190907, 1.478631599105551e-09, 0.0, 0.0, 0.0, 1.0], "right_foot_pose": [0.9915395258241717, 0.12979176789336697, 0.0018616432232862461, -0.04678081753104562, -0.12980511826677776, 0.9914375855572578, 0.014217778171815913, -0.1070175923469257, -3.524980284114148e-07, -0.014339139845524977, 0.9998971892491579, 0.007129217077638618, 0.0, 0.0, 0.0, 1.0]}, {"left_foot_pose": [0.9990510948407215, 0.043321079181077506, 0.004493773040928241, -0.029537159489352975, -0.04355352910564805, 0.9937190482677373, 0.10308027557348974, 0.01694694561370763, 9.107636549336591e-10, -0.10317818184311058, 0.9946628890189637, 1.9837320675009096e-09, 0.0, 0.0, 0.0, 1.0], "right_foot_pose": [0.9907170967948796, 0.13592060148265406, -0.002285653280296579, -0.049005206609421384, -0.13593981800152985, 0.990577071713697, -0.016656256386965496, -0.10544931191757118, 1.8734678325691226e-07, 0.01681234926210362, 0.9998586624679779, 0.001332806319402892, 0.0, 0.0, 0.0, 1.0]}, {"left_foot_pose": [0.9990510948458357, 0.04341980687482384, 0.0034103164503118126, -0.029537158412240676, -0.04355352898834079, 0.9959837138931373, 0.0782274361863887, 0.016946944889797446, 5.277929152440367e-10, -0.07830173708537257, 0.9969297056309505, 2.333483954675142e-09, 0.0, 0.0, 0.0, 1.0], "right_foot_pose": [0.9905469076164526, 0.13704285831696217, -0.006006562727528935, -0.04945309269875886, -0.13717442841682512, 0.9895968301798357, -0.043373838734180284, -0.1051335387095782, 5.991279676518027e-10, 0.04378776863849543, 0.9990408556799174, 2.0234290631915286e-09, 0.0, 0.0, 0.0, 1.0]}, {"left_foot_pose": [0.9990510948467191, 0.04349096985985674, 0.0023335437047468095, -0.02953715755610366, -0.043553528968074455, 0.9976160856959084, 0.05352789623366221, 0.016946944299944956, -6.147703815003033e-10, -0.053578737400424896, 0.9985636278668362, 2.420543848691281e-09, 0.0, 0.0, 0.0, 1.0], "right_foot_pose": [0.9905469076144251, 0.1368432755008905, -0.0095258472424545, -0.04945309186473222, -0.13717442843146518, 0.9881556270124174, -0.06878686639320536, -0.10513353878808462, -5.53996147075957e-10, 0.06944332044108525, 0.9975858986804679, 1.7846665326115563e-09, 0.0, 0.0, 0.0, 1.0]}, {"left_foot_pose": [0.999051094842725, 0.043532891119348244, 0.0013406283393971319, -0.029537159314800863, -0.04355352905969154, 0.9985776916985863, 0.030751971455021166, 0.01694694536134188, 6.724755452151915e-10, -0.03078117984604946, 0.9995261472154122, 1.5914811760109338e-09, 0.0, 0.0, 0.0, 1.0], "right_foot_pose": [0.9905469076164166, 0.1365815781884142, -0.012739556943472369, -0.049453093614254325, -0.13717442841708452, 0.9862658918296131, -0.09199329759272791, -0.10513353830620709, 7.223964700829819e-10, 0.09287121789392098, 0.9956781291596698, 1.5405963033066072e-09, 0.0, 0.0, 0.0, 1.0]}, {"left_foot_pose": [0.9988470574248932, 0.04800520242197045, 0.00023751643876871101, -0.02984733691348489, -0.04800579000098197, 0.9988348442422191, 0.004939438632520942, 0.018054874523617735, -1.2094371770133431e-07, -0.004945145907705866, 0.9999877726912155, 0.0028444588963230794, 0.0, 0.0, 0.0, 1.0], "right_foot_pose": [0.9905469076190885, 0.13630167396782844, -0.01544919026448059, -0.0494530941778988, -0.13717442839778954, 0.9842446823374904, -0.11155976642191572, -0.1051335383429562, 4.534681233247451e-10, 0.11262441548767517, 0.9936376306461321, 1.0563094496318648e-09, 0.0, 0.0, 0.0, 1.0]}, {"left_foot_pose": [0.9981689216091577, 0.06046004551280997, -0.0018403342634706053, -0.030717314352037305, -0.060488047840363976, 0.997707553276606, -0.030345250094066932, 0.021162383798289754, 1.440193433148284e-06, 0.030401003789325854, 0.99953778266083, 0.009617039251673329, 0.0, 0.0, 0.0, 1.0], "right_foot_pose": [0.9905469076197055, 0.1360479941671743, -0.017543291826982724, -0.049453094412964985, -0.13717442839333485, 0.9824128410639066, -0.12668143473968552, -0.1051335382400711, 7.080498740810223e-11, 0.1278903944627267, 0.9917883075556841, 6.818789491380706e-10, 0.0, 0.0, 0.0, 1.0]}, {"left_foot_pose": [0.9968473661056111, 0.07912444747909683, -0.005886467483514263, -0.03203275051441134, -0.07934310723708117, 0.9941045877421917, -0.07389681971433587, 0.025861041638237298, 4.719300597219233e-06, 0.07413090071660876, 0.9972485194457162, 0.01743949427967393, 0.0, 0.0, 0.0, 1.0], "right_foot_pose": [0.9905469076192464, 0.1358618136679228, -0.0189312279794693, -0.04945309437764644, -0.13717442839665123, 0.981068417217522, -0.13670382925272617, -0.10513353803175543, -3.078236499921891e-10, 0.13800843570292753, 0.9904310534685545, 4.43144528017303e-10, 0.0, 0.0, 0.0, 1.0]}, {"left_foot_pose": [0.9946914027929156, 0.1021352742758219, -0.012545874161059687, -0.03367925965742266, -0.10290293059894731, 0.9872818522111472, -0.121183873385347, 0.031742249417752263, 9.165733319712028e-06, 0.12183156423164833, 0.9925507895684033, 0.023433118995153178, 0.0, 0.0, 0.0, 1.0], "right_foot_pose": [0.9905469076191379, 0.13577623249314347, -0.019535570023183943, -0.04945309407546017, -0.1371744283974343, 0.9804504287793284, -0.1410678308483846, -0.10513353782257417, -5.928946278944874e-10, 0.1424140842627552, 0.9898071673834257, 3.595937853040354e-10, 0.0, 0.0, 0.0, 1.0]}, {"left_foot_pose": [0.9915803302976048, 0.12772328851605372, -0.0213356541389907, -0.0355424473969745, -0.12949304376893941, 0.9780457733845935, -0.1632728292766084, 0.038397398883887685, 1.3503672506500699e-05, 0.16466094477798288, 0.9863502284089934, 0.0250000085923104, 0.0, 0.0, 0.0, 1.0], "right_foot_pose": [0.9905469076209837, 0.13581269450271727, -0.019280451613427178, -0.04945309358139807, -0.13717442838410546, 0.9807137236933738, -0.13922560237604026, -0.10513353775418975, -7.061600992273061e-10, 0.14055427482431446, 0.9900729750016467, 4.958899055274024e-10, 0.0, 0.0, 0.0, 1.0]}, {"left_foot_pose": [0.9875282591985952, 0.15428186353574028, -0.03138540852263777, -0.03750790906015472, -0.15744185277183786, 0.9677289183633156, -0.19675569511233754, 0.04541787819592681, 1.6732138801482045e-05, 0.19924318594950097, 0.9799500765716228, 0.025000007815749382, 0.0, 0.0, 0.0, 1.0], "right_foot_pose": [0.9905469076256491, 0.13597009511081223, -0.018137172569617912, -0.04945309315314682, -0.13717442835041593, 0.9818503257616649, -0.13096989733694497, -0.10513353773607678, -6.016828121046331e-10, 0.1322197830782896, 0.9912204240040307, 8.485125033153018e-10, 0.0, 0.0, 0.0, 1.0]}, {"left_foot_pose": [0.9827208307014332, 0.1803731453016177, -0.04153669894788772, -0.039461258597425525, -0.1850939452673284, 0.95767869187246, -0.220435375016873, 0.05239509345245669, 1.8189585577831164e-05, 0.2243146263342089, 0.9745167767061191, 0.025000005957746235, 0.0, 0.0, 0.0, 1.0], "right_foot_pose": [0.9905469076331649, 0.13623091372630036, -0.016061193096148386, -0.049453092691352105, -0.1371744282961458, 0.9837337174475541, -0.11597909026389766, -0.10513353776737205, -2.486788388611515e-10, 0.11708591419172955, 0.993121789458819, 1.4802832293270285e-09, 0.0, 0.0, 0.0, 1.0]}, {"left_foot_pose": [0.9775241761033697, 0.20529972930592622, -0.04794273959988633, -0.04128810625658135, -0.21082334988332005, 0.9519307760349901, -0.22221906484682513, 0.05892044163450071, 1.6655452893861156e-05, 0.22733195724388552, 0.973817324213459, 0.022459725944514376, 0.0, 0.0, 0.0, 1.0], "right_foot_pose": [0.9905469076393977, 0.13663487016915818, -0.012154670702380526, -0.04945309235767436, -0.13717442825113574, 0.9866507184778361, -0.08776978956989673, -0.10513353845927227, 7.787078825472315e-10, 0.08860740364680161, 0.9960666283030333, 2.6624021459698e-09, 0.0, 0.0, 0.0, 1.0]}, {"left_foot_pose": [0.9724665418326205, 0.22757207886891573, -0.050197349884079784, -0.04287405011430566, -0.23304253870474306, 0.9496508355347753, -0.20941457858074813, 0.06458531613631131, 1.304426596886246e-05, 0.21534678889499168, 0.9765376389788897, 0.015838562182080067, 0.0, 0.0, 0.0, 1.0], "right_foot_pose": [0.9905469076445502, 0.1369507640521274, -0.007830196763605595, -0.049453091990258366, -0.13717442821392847, 0.9889318124977908, -0.05654243074025094, -0.10513353907724686, 1.5864048622343213e-09, 0.057082032684311744, 0.9983694914933186, 4.2479565212638626e-09, 0.0, 0.0, 0.0, 1.0]}, {"left_foot_pose": [0.9681938818340052, 0.2457097849239499, -0.04719437224741733, -0.04410470561881715, -0.2502011333173902, 0.95081999928382, -0.18259441899634085, 0.06898112490931674, 8.117566584972375e-06, 0.18859488475179845, 0.9820549726871517, 0.007998175889267753, 0.0, 0.0, 0.0, 1.0], "right_foot_pose": [0.990546907642413, 0.13715266240240695, -0.0024435539658281477, -0.04945309188774767, -0.13717442822936235, 0.9903897352954689, -0.01764506903694218, -0.10513353957909097, 2.5687057615260515e-09, 0.017813461687789883, 0.9998413277028999, 6.200826470348364e-09, 0.0, 0.0, 0.0, 1.0]}, {"left_foot_pose": [0.9654003561142726, 0.25778935107420375, -0.03932941503732349, -0.04486568167918411, -0.2607722232230132, 0.9543593235744094, -0.14558890446020673, 0.07169927036316662, 3.1247271959991766e-06, 0.1508075992095135, 0.9885631330425487, 0.001817275906926881, 0.0, 0.0, 0.0, 1.0], "right_foot_pose": [0.9905469076278602, 0.1371180774697998, 0.003931490794704653, -0.04945309216452085, -0.1371744283344488, 0.9901399930282819, 0.02838961812125171, -0.1051335397739196, 3.5888281670314653e-09, -0.028660548441007655, 0.9995892021040746, 8.17104320316453e-09, 0.0, 0.0, 0.0, 1.0]}, {"left_foot_pose": [0.9646700215528327, 0.26204563637383943, -0.027273319832542806, -0.04505960673904476, -0.2634610967814004, 0.9594872760570488, -0.09986199260663302, 0.07239195304871424, 3.952994189397835e-09, 0.1035193293161009, 0.9946274420394532, 1.0827727721374192e-08, 0.0, 0.0, 0.0, 1.0], "right_foot_pose": [0.9905469075623986, 0.13673206886819836, 0.011007509327291484, -0.04945309502296598, -0.13717442880715094, 0.9873525906116803, 0.0794860861650337, -0.1051335395991477, 4.15709718809692e-09, -0.08024464564957327, 0.9967751987507384, 9.127976083322942e-09, 0.0, 0.0, 0.0, 1.0]}, {"left_foot_pose": [0.9646700215945431, 0.26310763372595697, -0.0136426724622759, -0.04505961163928159, -0.2634610966286771, 0.9633758079059312, -0.04995301096841221, 0.07239195190435808, 2.091955015928594e-09, 0.05178248561746752, 0.9986583871290912, 1.1159352379663812e-08, 0.0, 0.0, 0.0, 1.0], "right_foot_pose": [0.9905469074749803, 0.13596258291564842, 0.01819340920931967, -0.04945309977595796, -0.1371744294384063, 0.9817960699808922, 0.13137599810590456, -0.10513353924973554, 2.37433571935259e-09, -0.13262975916807065, 0.9911656506270884, 9.217256118077e-09, 0.0, 0.0, 0.0, 1.0]}, {"left_foot_pose": [0.9646700215057602, 0.26346070853095643, -0.000452402965982901, -0.04505960543080406, -0.2634610969537571, 0.9646685993074298, -0.001656472808492332, 0.07239195249565404, 3.435729107275368e-09, 0.001717140241474788, 0.9999985257136093, 8.379340332709262e-09, 0.0, 0.0, 0.0, 1.0], "right_foot_pose": [0.9905469075660561, 0.1348845486636087, 0.024959616245792605, -0.04945309410325116, -0.13717442878074113, 0.9740115055327164, 0.18023529947978595, -0.10513353978983081, 3.6264978159751145e-09, -0.18195533963504726, 0.9833067956534697, 9.136312359436793e-09, 0.0, 0.0, 0.0, 1.0]}, {"left_foot_pose": [0.9646700214616969, 0.2632194721674944, 0.011280920394901209, -0.045059603290160115, -0.2634610971150965, 0.9637853047029985, 0.04130540818656421, 0.07239195284804496, 2.4404000094473927e-09, -0.042818172665525914, 0.9990828814916138, 5.673673558748149e-09, 0.0, 0.0, 0.0, 1.0], "right_foot_pose": [0.9900630185302456, 0.13710381091433085, 0.03126922403171701, -0.05010954494358906, -0.14062439088832362, 0.9652845222014558, 0.22011490609587264, -0.10415158860666347, -5.105514272047594e-06, -0.22232484393579216, 0.9749726476895952, 0.002250299665856416, 0.0, 0.0, 0.0, 1.0]}, {"left_foot_pose": [0.9646700214563366, 0.2626159204593258, 0.021086204607122978, -0.04505960288741837, -0.2634610971347236, 0.9615753834750689, 0.07720772106041439, 0.07239195281113195, 1.4517193887916097e-09, -0.0800353685321448, 0.9967920243380383, 3.6041205714321123e-09, 0.0, 0.0, 0.0, 1.0], "right_foot_pose": [0.9883590857674596, 0.14730886621234646, 0.03803176982660719, -0.05230307519213233, -0.15213913847124536, 0.956998077969322, 0.2469987070983387, -0.10087041774752833, -1.1231127262953222e-05, -0.24990953702941548, 0.9682691894176974, 0.008710107275424803, 0.0, 0.0, 0.0, 1.0]}, {"left_foot_pose": [0.9646700214622447, 0.2618737191308232, 0.028877411944709195, -0.04505960287893218, -0.2634610971130909, 0.9588577932584524, 0.10573543689557455, 0.0723919525998789, 6.114473522268158e-10, -0.10960788081211358, 0.9939749053491636, 2.0850824331009044e-09, 0.0, 0.0, 0.0, 1.0], "right_foot_pose": [0.9854207848001402, 0.1640919602920804, 0.044941133178608754, -0.055739291533072936, -0.1701348777158646, 0.9504456533437423, 0.2602060403307244, -0.09573039254687513, -1.638544824234698e-05, -0.2640584946701947, 0.9645066672263223, 0.016558462151740505, 0.0, 0.0, 0.0, 1.0]}, {"left_foot_pose": [0.9646700214716009, 0.2611692164357516, 0.03467549654031747, -0.04505960310782845, -0.2634610970788323, 0.9562782377506304, 0.12696528002004207, 0.07239195234534032, -2.7322904535769104e-11, -0.13161524376334713, 0.9913008764291068, 1.0467818278847574e-09, 0.0, 0.0, 0.0, 1.0], "right_foot_pose": [0.9812118207331831, 0.18620292562680577, 0.05051567421592482, -0.06010843537316646, -0.19293357011121215, 0.9470078103073156, 0.256812859376405, -0.08919486082983483, -1.9432270948510925e-05, -0.2617339827094708, 0.9651400530065184, 0.022916656497472987, 0.0, 0.0, 0.0, 1.0]}, {"left_foot_pose": [0.9646700214907095, 0.26068648237080744, 0.03813538443821184, -0.04505960364458032, -0.2634610970088665, 0.9545106940418098, 0.13963375423839386, 0.07239195221535025, -5.5032259559586794e-11, -0.14474768692092602, 0.9894685983552195, 4.5872811799130275e-10, 0.0, 0.0, 0.0, 1.0], "right_foot_pose": [0.9757571864504786, 0.2125599758600696, 0.05211688548457392, -0.06510074957070522, -0.2188559177040121, 0.9477081690402218, 0.23227422073998027, -0.08172716628059705, -1.939536525771182e-05, -0.23804932891482206, 0.9712530651828198, 0.02500000533821689, 0.0, 0.0, 0.0, 1.0]}, {"left_foot_pose": [0.9646700214906955, 0.26039401630923636, 0.040083736196710074, -0.045059603892413536, -0.26346109700891723, 0.9534398216337181, 0.14676769701103395, 0.07239195226644818, -2.0064418935885944e-10, -0.15214290254037538, 0.9883585064168725, 1.3641389406959803e-10, 0.0, 0.0, 0.0, 1.0], "right_foot_pose": [0.9692097410859052, 0.24114013595697514, 0.04983886650842017, -0.07040646770064718, -0.24623662907155708, 0.9491634181943511, 0.19610285073167993, -0.07379066921904176, -1.6960807076408607e-05, -0.2023369476696403, 0.9793159650082623, 0.025000007478515822, 0.0, 0.0, 0.0, 1.0]}, {"left_foot_pose": [0.9646700214879913, 0.26034859897934837, 0.04037767516648905, -0.04505960411445482, -0.26346109701881965, 0.9532735247919591, 0.14784396263748648, 0.0723919523020559, -1.8863935894149688e-10, -0.15325858520880667, 0.988186119139404, 8.405755952400895e-11, 0.0, 0.0, 0.0, 1.0], "right_foot_pose": [0.9618888528997067, 0.2699011905680378, 0.04385409897879636, -0.07571583154343044, -0.2734407330616325, 0.9494453668213296, 0.15421952186486565, -0.06584872119539045, -1.3038531381693118e-05, -0.1603335359538566, 0.9870628941858417, 0.02500000867722011, 0.0, 0.0, 0.0, 1.0]}, {"left_foot_pose": [0.9646700214834737, 0.26054766666124074, 0.03907253573110747, -0.04505960416319755, -0.26346109703536036, 0.9540024164076568, 0.1430651594109382, 0.07239195240892801, -3.761261828979709e-11, -0.1483047635301573, 0.9889417056198332, 3.00417857257429e-10, 0.0, 0.0, 0.0, 1.0], "right_foot_pose": [0.9542912782032654, 0.29696245511327746, 0.033785449505252495, -0.08071908459064994, -0.2988781629281271, 0.9481777553155194, 0.1078461313609843, -0.05836466436846366, -8.35973078925253e-06, -0.11301435562758204, 0.9935933551268331, 0.023024938811588236, 0.0, 0.0, 0.0, 1.0]}, {"left_foot_pose": [0.9646700214792687, 0.260960606352805, 0.036212036550910646, -0.045059604