{"LoopMode": "Wrap", "FrameDuration": 0.0167, "EnableCycleOffsetPosition": true, "EnableCycleOffsetRotation": false, "Debug_info": [{"left_foot_pose": [1.0000000000000007, 9.017103165837597e-14, -5.412503778501335e-12, 7.69110526479013e-13, -3.45820800341844e-14, 0.9999478867881505, 0.010209001318103449, -7.578833394195073e-14, 5.412734836993824e-12, -0.010209001318103619, 0.9999478867881508, 1.1600942428913186e-11, 0.0, 0.0, 0.0, 1.0], "right_foot_pose": [1.0, -1.3509626279801293e-13, -5.458855589779431e-12, 7.619554904943341e-14, 5.743416001260695e-14, 0.9998986567528753, -0.014236439997272263, -0.14000000000148724, 5.459998610423845e-12, 0.01423643999727211, 0.9998986567528754, 9.431268266357762e-12, 0.0, 0.0, 0.0, 1.0]}, {"left_foot_pose": [1.0000000000000004, 1.5267643872801402e-13, -1.20589649377223e-11, 1.9857983308234498e-12, -5.776344152744654e-14, 0.9999692416896336, 0.007843192886798451, 5.181289425282287e-13, 1.2059497191145875e-11, -0.007843192886798621, 0.9999692416896341, 2.508033364323481e-11, 0.0, 0.0, 0.0, 1.0], "right_foot_pose": [0.9999999999999998, -3.287108874221872e-13, -1.2138234861680529e-11, 5.946462321806875e-13, 1.2720887612880351e-13, 0.9998621654001931, -0.0166027166824288, -0.14000000000261628, 1.2141733253188513e-11, 0.01660271668242865, 0.9998621654001929, 2.189122494389295e-11, 0.0, 0.0, 0.0, 1.0]}, {"left_foot_pose": [1.0000000000000007, 1.5908564517662096e-13, -2.1173951481046067e-11, 3.752176500499262e-12, -6.247067528469746e-14, 0.9999896611310286, 0.004547266327304353, 1.5892981375387194e-12, 2.1174183600484238e-11, -0.004547266327304526, 0.9999896611310288, 4.3451228726176794e-11, 0.0, 0.0, 0.0, 1.0], "right_foot_pose": [1.0, -6.686486258472276e-13, -2.1304902286800594e-11, 1.4505394551582776e-12, 2.446113868456659e-13, 0.9998019729618378, -0.019900122150795566, -0.14000000000389903, 2.1313929589382573e-11, 0.019900122150795417, 0.9998019729618377, 3.923045222009591e-11, 0.0, 0.0, 0.0, 1.0]}, {"left_foot_pose": [1.0000000000000007, 3.579404429265213e-14, -3.2635505409217564e-11, 6.072525731234864e-12, -2.4431813998318838e-14, 0.999999942872266, 0.0003380169607121786, 3.2045564118954317e-12, 3.263511345369103e-11, -0.0003380169607123521, 0.9999999428722661, 6.656013934458471e-11, 0.0, 0.0, 0.0, 1.0], "right_foot_pose": [0.9999999999999999, -1.2249416368979153e-12, -3.285161032096084e-11, 2.667539163618457e-12, 4.3251645334589663e-13, 0.9997092475536453, -0.024112659656792292, -0.1400000000052319, 3.2871227291372965e-11, 0.02411265965679214, 0.9997092475536455, 6.122746754044783e-11, 0.0, 0.0, 0.0, 1.0]}, {"left_foot_pose": [1.0000000000000004, -3.0858532837264965e-13, -4.6575687751015955e-11, 9.009866737579602e-12, 8.645159922929856e-14, 0.9999885930407354, -0.004776378168776889, 5.485664006377178e-12, 4.657634609928466e-11, 0.004776378168776715, 0.9999885930407354, 9.4779351034191e-11, 0.0, 0.0, 0.0, 1.0], "right_foot_pose": [1.0, -2.0957039910654044e-12, -4.6928350094788116e-11, 4.306207975892655e-12, 7.230128028358062e-13, 0.9995726197884391, -0.029233162149798382, -0.14000000000652008, 4.696939057584342e-11, 0.02923316214979824, 0.9995726197884394, 8.815372737336347e-11, 0.0, 0.0, 0.0, 1.0]}, {"left_foot_pose": [1.0000000000000004, -9.948702724064424e-13, -6.340938885074364e-11, 1.2698619534104277e-11, 3.099084734309529e-13, 0.9999416071087274, -0.01080658932394382, 8.630736750281365e-12, 6.341599163495629e-11, 0.010806589323943646, 0.9999416071087275, 1.2907633989422962e-10, 0.0, 0.0, 0.0, 1.0], "right_foot_pose": [1.0, -3.420213022494148e-12, -6.397588014905861e-11, 6.4773195894119875e-12, 1.1614944900806568e-12, 0.9993776947104105, -0.03527354979734157, -0.14000000000766102, 6.405661659666675e-11, 0.03527354979734142, 0.9993776947104105, 1.2084218348196174e-10, 0.0, 0.0, 0.0, 1.0]}, {"left_foot_pose": [1.0000000000000007, -2.1927389433051495e-12, -8.384082317292038e-11, 1.7355489858941827e-11, 7.015807063099983e-13, 0.9998418267123419, -0.017785431018903286, 1.293793717993541e-11, 8.386631397003706e-11, 0.01778543101890311, 0.9998418267123421, 1.7105482308377162e-10, 0.0, 0.0, 0.0, 1.0], "right_foot_pose": [0.9999999999999998, -5.399461898065393e-12, -8.473605150882687e-11, 9.35480493680144e-12, 1.8130654926000114e-12, 0.999106300932021, -0.04226818470118749, -0.14000000000851917, 8.488846797839551e-11, 0.042268184701187345, 0.9991063009320211, 1.6071446951038126e-10, 0.0, 0.0, 0.0, 1.0]}, {"left_foot_pose": [1.0000000000000007, -4.147682731351349e-12, -1.088558687634133e-10, 2.3290140709172552e-11, 1.341623971469861e-12, 0.9996679437245592, -0.025768241878564933, 1.8833044498900442e-11, 1.0892612580157494e-10, 0.025768241878564746, 0.9996679437245594, 2.2298187601910158e-10, 0.0, 0.0, 0.0, 1.0], "right_foot_pose": [0.9999999999999998, -8.324277305168563e-12, -1.1024586799024401e-10, 1.319138065566619e-11, 2.7712844368236886e-12, 0.998735446099736, -0.05027433444573172, -0.14000000000888962, 1.105248752186628e-10, 0.050274334445731574, 0.998735446099736, 2.0978304510199663e-10, 0.0, 0.0, 0.0, 1.0]}, {"left_foot_pose": [1.0000000000000004, -7.215417160118557e-12, -1.3969975176664194e-10, 3.091915596253608e-11, 2.345441930614032e-12, 0.9993932049127373, -0.03483133609622729, 2.6900013466724104e-11, 1.3986591161033168e-10, 0.0348313360962271, 0.9993932049127372, 2.878149663043672e-10, 0.0, 0.0, 0.0, 1.0], "right_foot_pose": [0.9999999999999998, -1.261141122245927e-11, -1.4182710561527748e-10, 1.833817980382688e-11, 4.168853941411234e-12, 0.9982360025089231, -0.059370727593700476, -0.14000000000845264, 1.4232552924789014e-10, 0.05937072759370032, 0.9982360025089229, 2.706441737387877e-10, 0.0, 0.0, 0.0, 1.0]}, {"left_foot_pose": [1.0000000000000007, -1.1897921695688515e-11, -1.777731850616247e-10, 4.076844102888216e-11, 3.8743412677889486e-12, 0.9989839366218026, -0.045067664368223855, 3.789367777895514e-11, 1.781285736790254e-10, 0.04506766436822369, 0.9989839366218028, 3.6908592848661215e-10, 0.0, 0.0, 0.0, 1.0], "right_foot_pose": [0.9999999999999998, -1.8839406736643726e-11, -1.8098467169380673e-10, 2.5257569791433195e-11, 6.187524124355644e-12, 0.9975712577982582, -0.06965332450645381, -0.14000000000671745, 1.8185739980844806e-10, 0.06965332450645367, 0.9975712577982582, 3.4632176293403205e-10, 0.0, 0.0, 0.0, 1.0]}, {"left_foot_pose": [1.0000000000000007, -1.885139598177383e-11, -2.24222251876682e-10, 5.341921337227584e-11, 6.13581527050592e-12, 0.998398260813952, -0.05657661004051955, 5.2662461197394705e-11, 2.2492941863460116e-10, 0.056576610040519365, 0.9983982608139521, 4.702072689544146e-10, 0.0, 0.0, 0.0, 1.0], "right_foot_pose": [1.0, -2.774614294537403e-11, -2.2900042973006392e-10, 3.4491927142547954e-11, 9.053932703322772e-12, 0.996695775414525, -0.08122518864760449, -0.14000000000297302, 2.3049733102053408e-10, 0.08122518864760433, 0.9966957754145251, 4.395599093043323e-10, 0.0, 0.0, 0.0, 1.0]}, {"left_foot_pose": [1.0000000000000002, -2.8776159601891212e-11, -2.788492770022794e-10, 6.93048904826868e-11, 9.343662598653369e-12, 0.9975861038586183, -0.06944037289778156, 7.181467052974622e-11, 2.8017413385245786e-10, 0.06944037289778139, 0.9975861038586186, 5.923574547539445e-10, 0.0, 0.0, 0.0, 1.0], "right_foot_pose": [1.0, -4.008047877488474e-11, -2.8581803590554934e-10, 4.650356536154289e-11, 1.2986140792519901e-11, 0.9955558666675364, -0.09417280044604565, -0.13999999999632406, 2.8832209567405477e-10, 0.09417280044604548, 0.9955558666675364, 5.508035416657009e-10, 0.0, 0.0, 0.0, 1.0]}, {"left_foot_pose": [1.0000000000000007, -4.1918437827822096e-11, -3.3729719017827547e-10, 8.809635316144613e-11, 1.3550640646922538e-11, 0.9964936426815714, -0.08366851316483229, 9.467256839590377e-11, 3.3962166747405325e-10, 0.08366851316483208, 0.9964936426815718, 7.285313879945576e-10, 0.0, 0.0, 0.0, 1.0], "right_foot_pose": [0.9999999999999998, -5.598609133883114e-11, -3.471157805634558e-10, 6.113553347103701e-11, 1.79900388329613e-11, 0.9940953477065252, -0.10851009016788664, -0.13999999998605162, 3.5114087954130657e-10, 0.1085100901678865, 0.9940953477065252, 6.72746330865337e-10, 0.0, 0.0, 0.0, 1.0]}, {"left_foot_pose": [1.0000000000000004, -5.648078247624148e-11, -3.842582918522898e-10, 1.0701685906697005e-10, 1.8135016497108335e-11, 0.9950805194953133, -0.0990694691665322, 1.1647157370509031e-10, 3.8796309678759423e-10, 0.09906946916653203, 0.9950805194953134, 8.481693195006024e-10, 0.0, 0.0, 0.0, 1.0], "right_foot_pose": [0.9999999999999998, -7.308606548763552e-11, -3.9717645838877e-10, 7.607553195319153e-11, 2.3252602931426896e-11, 0.9922761860559721, -0.1240482591019078, -0.13999999997295165, 4.03174635973143e-10, 0.12404825910190767, 0.992276186055972, 7.766625884086942e-10, 0.0, 0.0, 0.0, 1.0]}, {"left_foot_pose": [1.0000000000000002, -6.472981811450846e-11, -3.803062864626827e-10, 1.1690655070059297e-10, 2.0583519978843448e-11, 0.9933708665404851, -0.11495356240067822, 1.2246357400380603e-10, 3.8522577858975026e-10, 0.11495356240067807, 0.9933708665404852, 8.648415109058227e-10, 0.0, 0.0, 0.0, 1.0], "right_foot_pose": [1.0, -8.186626679395242e-11, -3.948892324245885e-10, 8.327754493799742e-11, 2.5737324537496213e-11, 0.9901381933623951, -0.14009410424801047, -0.13999999996286416, 4.024639220447579e-10, 0.1400941042480103, 0.9901381933623953, 7.845805324868671e-10, 0.0, 0.0, 0.0, 1.0]}, {"left_foot_pose": [0.9999999904838666, 0.00013672862941487774, -1.8372533602819953e-05, -2.1385506489937748e-05, -0.00013795670712268637, 0.9915345477517802, -0.1298430652080432, 3.897459656673069e-05, 4.6373745168203105e-07, 0.12984306650705324, 0.9915345571788362, 0.00016386106002717893, 0.0, 0.0, 0.0, 1.0], "right_foot_pose": [1.0, -6.517699222771868e-11, -2.8420144015939245e-10, 5.630797200583685e-12, 2.0398270935784443e-11, 0.9879464842057997, -0.15479581501255044, -0.14000000000935522, 2.908647294536826e-10, 0.15479581501255027, 0.9879464842057998, 5.507470104970658e-10, 0.0, 0.0, 0.0, 1.0]}, {"left_foot_pose": [0.999992411710573, 0.003850538962324599, -0.0005914989198606186, -0.0006039615413765501, -0.0038957045354398763, 0.9885046744958683, -0.15114010713900805, 0.001100720482115316, 2.7285759326537116e-06, 0.1511412645491556, 0.9885121739983976, 0.004191209232668261, 0.0, 0.0, 0.0, 1.0], "right_foot_pose": [0.9999999999999996, -3.651549240649203e-11, -1.1629219809350366e-10, -1.979074986661349e-10, 1.6645739782322958e-11, 0.9860448936474308, -0.1664796315223784, -0.14000000010269043, 1.207482598010581e-10, 0.1664796315223783, 0.9860448936474306, 2.8330764817452447e-10, 0.0, 0.0, 0.0, 1.0]}, {"left_foot_pose": [0.9999270071876717, 0.011883252636255661, -0.0021837132344052546, -0.0018731997959242086, -0.012082229427207962, 0.9835397101537536, -0.18028770973846125, 0.003413913459772539, 5.364279591549513e-06, 0.18030093415580023, 0.9836114950089653, 0.011469802271965021, 0.0, 0.0, 0.0, 1.0], "right_foot_pose": [1.0, 1.9208980454614461e-13, 9.070189044280141e-11, -2.5184025150406676e-10, 1.5602878847628957e-11, 0.9847264283030074, -0.17410876313845416, -0.14000000003722646, -8.935010191458993e-11, 0.17410876313845403, 0.9847264283030075, 1.3629886802535296e-10, 0.0, 0.0, 0.0, 1.0]}, {"left_foot_pose": [0.999718035876087, 0.02319788008884153, -0.005070217297430066, -0.003681715856048271, -0.023745498018015204, 0.9767365685240256, -0.21312397103983569, 0.006709939047551584, 8.242320523064905e-06, 0.21318427256084344, 0.9770120090688594, 0.019120927158934285, 0.0, 0.0, 0.0, 1.0], "right_foot_pose": [1.0, 2.350928351054061e-11, 2.545336164061494e-10, -1.5772211349727648e-10, 2.1875202470286974e-11, 0.9842381251527659, -0.17684827676787962, -0.13999999987203987, -2.5467949111498285e-10, 0.1768482767678795, 0.9842381251527659, 1.1027850854716803e-10, 0.0, 0.0, 0.0, 1.0]}, {"left_foot_pose": [0.9992803408683802, 0.03679262682175093, -0.00922512685715269, -0.005882123717314684, -0.03793152034499555, 0.9693466137177337, -0.2427516060467596, 0.010720178048702745, 1.0876228438246142e-05, 0.24292683072381954, 0.9700446148483013, 0.024265880011234316, 0.0, 0.0, 0.0, 1.0], "right_foot_pose": [0.9999999999999996, 1.32296424759369e-11, 3.114816737870284e-10, 1.0065165886173897e-10, 4.118632550885831e-11, 0.9847364742395248, -0.17405193564654772, -0.1399999997337088, -3.090301544147891e-10, 0.17405193564654758, 0.9847364742395246, 2.305098265042993e-10, 0.0, 0.0, 0.0, 1.0]}, {"left_foot_pose": [0.9985579418539142, 0.051807683459854356, -0.014071271975167382, -0.008327024131671091, -0.05368460302591604, 0.9637077879219388, -0.2615057607330181, 0.015176003459115666, 1.258671345178648e-05, 0.26188406487056104, 0.9650993401761536, 0.025000004089839205, 0.0, 0.0, 0.0, 1.0], "right_foot_pose": [0.9999999999999999, -4.08409710121424e-11, 2.1938323380155137e-10, 4.4437427061488867e-10, 7.652821465460824e-11, 0.9862552212085521, -0.1652290490164189, -0.13999999969442642, -2.0961998558070217e-10, 0.16522904901641877, 0.9862552212085521, 5.682438755649777e-10, 0.0, 0.0, 0.0, 1.0]}, {"left_foot_pose": [0.997543550026885, 0.06737530797272068, -0.019168559553120544, -0.010869023781733963, -0.07004902300250329, 0.9595199264137709, -0.2727904785569092, 0.019808798008373464, 1.3272347070615499e-05, 0.2734631212622532, 0.9618824882143096, 0.02500000341633346, 0.0, 0.0, 0.0, 1.0], "right_foot_pose": [0.9999999999999999, -1.3476042485028622e-10, -4.399441921876159e-11, 7.68072415103838e-10, 1.266197035269765e-10, 0.9886460274242513, -0.1502632105947646, -0.1399999996288975, 6.374436118929866e-11, 0.15026321059476447, 0.9886460274242513, 1.13958061737085e-09, 0.0, 0.0, 0.0, 1.0]}, {"left_foot_pose": [0.9962889768781372, 0.08269913849422238, -0.02385638370391656, -0.013360738537482203, -0.08607133313426826, 0.957296471271769, -0.2759985356901558, 0.02434994622851058, 1.2790809821575935e-05, 0.2770276494917679, 0.9608619470316546, 0.024910271583306824, 0.0, 0.0, 0.0, 1.0], "right_foot_pose": [1.0, -2.5600328948657837e-10, -5.136369662928058e-10, 1.1345488935055559e-09, 1.8775217412613706e-10, 0.9916795178697824, -0.12873124654704465, -0.13999999967290275, 5.423187128509258e-10, 0.1287312465470445, 0.9916795178697825, 1.9938209278036467e-09, 0.0, 0.0, 0.0, 1.0]}, {"left_foot_pose": [0.9949064280234702, 0.09721787794059632, -0.026643642512014325, -0.015654776049518423, -0.10080277456732693, 0.959552465857033, -0.26286472929477805, 0.028530824182490897, 1.0821704348826683e-05, 0.2642115619658147, 0.964464748140893, 0.02116383410827552, 0.0, 0.0, 0.0, 1.0], "right_foot_pose": [0.9999999999999998, -3.6932837288312694e-10, -1.210758993064329e-09, 1.608543693473547e-09, 2.463718309093075e-10, 0.9949850680783237, -0.10002356872844305, -0.1400000002130121, 1.2416283664695517e-09, 0.10002356872844292, 0.9949850680783238, 3.2693613163936597e-09, 0.0, 0.0, 0.0, 1.0]}, {"left_foot_pose": [0.9935607129077194, 0.11010964604465337, -0.026701603214543665, -0.017603743948948255, -0.113300969572683, 0.9655914400833312, -0.23408558505745183, 0.03208281861549013, 7.758585633200125e-06, 0.23560355830445495, 0.9718492492429496, 0.013996811581487772, 0.0, 0.0, 0.0, 1.0], "right_foot_pose": [1.0, -4.082036905689054e-10, -2.1004090133835944e-09, 1.910555865530755e-09, 2.7321231516035103e-10, 0.997958081154982, -0.06387228082248778, -0.14000000076656494, 2.1221927893150956e-09, 0.06387228082248764, 0.997958081154982, 4.969536886167969e-09, 0.0, 0.0, 0.0, 1.0]}, {"left_foot_pose": [0.9924525157566084, 0.12023033298726048, -0.02413857904170178, -0.019060259503658937, -0.12262953946510487, 0.9730424972340661, -0.1953210040601608, 0.034737318405994186, 4.353872859876055e-06, 0.19680692469083905, 0.9804422646820053, 0.006287909280884955, 0.0, 0.0, 0.0, 1.0], "right_foot_pose": [0.9999999999999998, -2.9605905301450394e-10, -3.1175130810190394e-09, 1.9232129941650214e-09, 2.3247551848517808e-10, 0.9997923898028935, -0.020375899789193803, -0.14000000117787156, 3.1228982015906483e-09, 0.020375899789193644, 0.9997923898028933, 6.9408481184751736e-09, 0.0, 0.0, 0.0, 1.0]}, {"left_foot_pose": [0.9917928249631576, 0.1263858339793335, -0.019329079671534983, -0.019876932731326468, -0.1278553571420672, 0.9803950475016431, -0.14992851124561452, 0.03622570643586507, 1.2940516803789097e-06, 0.15116934809543986, 0.9885078796826692, 0.0009158385029860022, 0.0, 0.0, 0.0, 1.0], "right_foot_pose": [1.0, 2.885879629664559e-11, -4.061543268374379e-09, 1.5045124488542218e-09, 9.140092155993904e-11, 0.999561639124625, 0.029606242424410078, -0.14000000126994444, 4.060617043210432e-09, -0.029606242424410227, 0.999561639124625, 8.721667360545027e-09, 0.0, 0.0, 0.0, 1.0]}, {"left_foot_pose": [0.9916910320746776, 0.1280040193364311, -0.012801091218318317, -0.020000000174144054, -0.12864251592168519, 0.9867689353124361, -0.09868217366728875, 0.03645000121946551, 4.2860684952083195e-09, 0.09950899123235342, 0.9950366629747472, 1.0392380254964362e-08, 0.0, 0.0, 0.0, 1.0], "right_foot_pose": [0.9999999999999999, 5.057543627755911e-10, -4.492147043233533e-09, 1.1381626038380934e-09, -1.295165519198088e-10, 0.9965192747775615, 0.08336267148312179, -0.14000000131227086, 4.518671982202812e-09, -0.08336267148312194, 0.9965192747775614, 9.659372447734516e-09, 0.0, 0.0, 0.0, 1.0]}, {"left_foot_pose": [0.9916910320609469, 0.12850136149275734, -0.006024701187831546, -0.020000000093706116, -0.12864251602753596, 0.9906028887400334, -0.046443728209591494, 0.03645000089462423, 4.092729123934274e-09, 0.04683286148004443, 0.998902739552551, 9.362799424650348e-09, 0.0, 0.0, 0.0, 1.0], "right_foot_pose": [1.0, 7.995766894882898e-10, -4.1862303068462886e-09, 1.1124422001740088e-09, -2.1975784527085123e-10, 0.9906107251611411, 0.13671280552939374, -0.14000000150798295, 4.25623703501026e-09, -0.1367128055293939, 0.9906107251611415, 9.764296246550508e-09, 0.0, 0.0, 0.0, 1.0]}, {"left_foot_pose": [0.9916910320492999, 0.12864182720627004, 0.00042100597099696844, -0.019999999950677354, -0.12864251611732166, 0.9916857212236249, 0.0032455150876769907, 0.03645000054602472, 3.3811164651904963e-09, -0.0032727074742396113, 0.9999946446785549, 7.443316629718311e-09, 0.0, 0.0, 0.0, 1.0], "right_foot_pose": [0.9999999998970067, 1.4076035655991759e-05, 2.802067483265081e-06, -6.081957823045459e-06, -1.4351535038054084e-05, 0.9826235233765687, 0.18560983567971573, -0.13998698725734898, -1.4072675818076158e-07, -0.1856098357008133, 0.982623523477378, 3.74064709150676e-05, 0.0, 0.0, 0.0, 1.0]}, {"left_foot_pose": [0.991691032044396, 0.12849963827645355, 0.006061346842268763, -0.019999999927882123, -0.12864251615512506, 0.9905896012720398, 0.046726276215639274, 0.03645000071936519, 2.4400604047736433e-09, -0.04711777599295735, 0.9988893408108221, 5.144317589966807e-09, 0.0, 0.0, 0.0, 1.0], "right_foot_pose": [0.9999989113547876, 0.0014376230118237486, 0.0003324594947107147, -0.0006257091289842708, -0.0014755630578815562, 0.9745455078240072, 0.2241849145096734, -0.13866137114261767, -1.7035151010287635e-06, -0.2241851610167884, 0.9745465681931136, 0.003492989070619658, 0.0, 0.0, 0.0, 1.0]}, {"left_foot_pose": [0.9916910320446176, 0.1281948861607461, 0.010722318989647026, -0.01999999994487194, -0.1286425161534176, 0.9882403005346854, 0.08265719228738255, 0.036450000632605686, 1.6148900548488484e-09, -0.08334974241921266, 0.996520356259044, 3.2673224542589807e-09, 0.0, 0.0, 0.0, 1.0], "right_foot_pose": [0.9999873644688512, 0.004865684159014199, 0.0012633369722763403, -0.00213176695638886, -0.005027016190046398, 0.9680591432351564, 0.2506715466642351, -0.13543935259625386, -3.296333279594702e-06, -0.25067473011151253, 0.9680713711667411, 0.010538498060873841, 0.0, 0.0, 0.0, 1.0]}, {"left_foot_pose": [0.9916910320473906, 0.12783540522370979, 0.014387707533595964, -0.019999999970893464, -0.12864251613204056, 0.9854691018414603, 0.11091326502724502, 0.03645000039435678, 9.587518483755161e-10, -0.1118425611611082, 0.9937259388347098, 1.873198686441757e-09, 0.0, 0.0, 0.0, 1.0], "right_foot_pose": [0.9999476626241337, 0.009868072794528032, 0.0027005836134503616, -0.004338672102580222, -0.010230933070841487, 0.9646006678012169, 0.26351637460686667, -0.13071796342722233, -4.585989816565283e-06, -0.2635302123415237, 0.9646511427258043, 0.0182952103761284, 0.0, 0.0, 0.0, 1.0]}, {"left_foot_pose": [0.9916910320507357, 0.12750360239840772, 0.017080056369230934, -0.019999999979084398, -0.12864251610625196, 0.9829112708346339, 0.13166828287821902, 0.03645000011044724, 4.767772899335712e-10, -0.13277147676242382, 0.9911466768134402, 9.220386260055946e-10, 0.0, 0.0, 0.0, 1.0], "right_foot_pose": [0.9998613899539759, 0.016080751529346154, 0.0043139668003823045, -0.007060844280464661, -0.01664934988509888, 0.9657965597243565, 0.25876592583453023, -0.12489422907874766, -5.263736968084692e-06, -0.25880188302029317, 0.9659304246773905, 0.02388442014981204, 0.0, 0.0, 0.0, 1.0]}, {"left_foot_pose": [0.9916910320533487, 0.12725615958369646, 0.018835253992803728, -0.019999999979498497, -0.1286425160861081, 0.9810037617983249, 0.14519890630638788, 0.03644999997833235, 1.709359678922946e-10, -0.14641546771275463, 0.9892231855423003, 3.5701594458537045e-10, 0.0, 0.0, 0.0, 1.0], "right_foot_pose": [0.9997156875973164, 0.023183937636859248, 0.00557216362599365, -0.01011270221642097, -0.02384415956898843, 0.972084709349129, 0.23341545343885806, -0.11836517427898818, -5.125742814224232e-06, -0.2334819540891102, 0.9723611351182531, 0.025000004547781854, 0.0, 0.0, 0.0, 1.0]}, {"left_foot_pose": [0.9916910320546732, 0.12711882369208458, 0.0197408613155124, -0.020000000000219315, -0.1286425160758973, 0.9799450547321873, 0.1521801326178735, 0.036449999995366494, 2.5398981699307674e-11, -0.15345518684316906, 0.9881556080045941, 5.815220527338738e-11, 0.0, 0.0, 0.0, 1.0], "right_foot_pose": [0.9995076112215296, 0.0307658598199888, 0.0061641690249338126, -0.013308658546258177, -0.03137730216446861, 0.980057785399529, 0.19621978031444806, -0.11152783740965083, -4.371588341587825e-06, -0.19631657889059573, 0.9805405656236674, 0.025000006408058356, 0.0, 0.0, 0.0, 1.0]}, {"left_foot_pose": [0.9916910320547626, 0.1271005795993345, 0.019857985992386036, -0.019999999994186144, -0.12864251607520932, 0.9798044130526676, 0.15308303374429733, 0.036449999995217, 6.0464530150771645e-12, -0.15436565300620325, 0.9880137879462864, 9.546155532724754e-12, 0.0, 0.0, 0.0, 1.0], "right_foot_pose": [0.999246572834399, 0.03836007509405796, 0.005898416523619648, -0.01646313251688299, -0.038810909139716576, 0.987651812355729, 0.15178145763627549, -0.10477924813036968, -3.233656769001019e-06, -0.15189602427062435, 0.9883964780392136, 0.024992557410979645, 0.0, 0.0, 0.0, 1.0]}, {"left_foot_pose": [0.9916910320536644, 0.1272023374080066, 0.019195371897373976, -0.019999999943470115, -0.12864251608367577, 0.9805888526464117, 0.14797501519261877, 0.03645000010173656, 1.0551932335286703e-10, -0.14921483647256506, 0.988804800037129, 2.2892485823655662e-10, 0.0, 0.0, 0.0, 1.0], "right_foot_pose": [0.9989548647013553, 0.04547529016199293, 0.004601768592506768, -0.01939054502804696, -0.04570752985927416, 0.9938833929642363, 0.1005317009905875, -0.09851642791442912, -1.9131093313599124e-06, -0.1006369672365971, 0.9949232135304512, 0.02183779828310526, 0.0, 0.0, 0.0, 1.0]}, {"left_foot_pose": [0.9916910320518153, 0.12740749858498593, 0.017782751539709485, -0.019999999890179906, -0.12864251609792993, 0.9821704173248988, 0.13708528142666668, 0.03645000025337788, 2.9844877224598607e-10, -0.1382338621183373, 0.9903996159954069, 6.080704828548278e-10, 0.0, 0.0, 0.0, 1.0], "right_foot_pose": [0.99866626640317, 0.05156783778768224, 0.0025389868561545357, -0.0219053026167482, -0.05163030454855627, 0.9974587169942304, 0.04909602371319904, -0.09313642541047898, -7.587851427154255e-07, -0.04916163136153019, 0.998790835961813, 0.014923783989293338, 0.0, 0.0, 0.0, 1.0]}, {"left_foot_pose": [0.9916910320481058, 0.1276812035999498, 0.015697362919671772, -0.01999999964686217, -0.12864251612652658, 0.9842803788624479, 0.12100925101426456, 0.03645000028973945, 4.945134877051999e-10, -0.12202313728824223, 0.9925272560319621, 1.0442345113603757e-09, 0.0, 0.0, 0.0, 1.0], "right_foot_pose": [0.9984227415023216, 0.056142356066777, 0.00025515928233309015, -0.023821825563026238, -0.05614293589567756, 0.9984124336538891, 0.004536857318943533, -0.08903627245671719, -4.4341019568685165e-08, -0.004544026913415843, 0.9999896758564101, 0.007129217969084924, 0.0, 0.0, 0.0, 1.0]}, {"left_foot_pose": [0.9916910320480407, 0.1279769543715258, 0.013068898395877982, -0.01999999974974466, -0.12864251612703057, 0.9865602889714634, 0.10074670847749909, 0.03645000017337327, 7.359298567017788e-10, -0.1015908232781485, 0.9948262685643509, 1.4105120682561534e-09, 0.0, 0.0, 0.0, 1.0], "right_foot_pose": [0.998269224957016, 0.05878208682853377, -0.0017946508855977142, -0.024954533426282868, -0.05880947630864438, 0.9978043745935121, -0.0304610495280941, -0.08661299593076532, 1.464462688090303e-07, 0.030513870782526487, 0.9995343434269008, 0.0013328066967829497, 0.0, 0.0, 0.0, 1.0]}, {"left_foot_pose": [0.9916910320550301, 0.12824154921516448, 0.010148989926323886, -0.020000000613483875, -0.1286425160731474, 0.9886000221359307, 0.07823745452919692, 0.036449999931921745, 7.096538245523893e-10, -0.07889297362714129, 0.9968830917977635, 1.6135979288844915e-09, 0.0, 0.0, 0.0, 1.0], "right_foot_pose": [0.9982374528284618, 0.05925326264648206, -0.0033224443248478447, -0.025182607790798617, -0.059346337465295114, 0.9966718847889278, -0.055885295926042806, -0.08612506718073663, 7.29770088022993e-10, 0.055983970357889705, 0.9984316676983792, 1.5745062822980493e-09, 0.0, 0.0, 0.0, 1.0]}, {"left_foot_pose": [0.9916910320577422, 0.12844264085654392, 0.00716832937635701, -0.020000001421066727, -0.12864251605224064, 0.9901502160368104, 0.055259865598890436, 0.03644999979776337, 1.9027601549283444e-10, -0.0557228650740017, 0.9984462741219209, 1.645353769896829e-09, 0.0, 0.0, 0.0, 1.0], "right_foot_pose": [0.9982374528288045, 0.05915889678980219, -0.004713035165776144, -0.02518260853557506, -0.05934633745952906, 0.9950845998036422, -0.07927579368107938, -0.0861250669626411, 2.1548820768618122e-10, 0.07941576773058914, 0.9968415801097791, 1.5213759349541611e-09, 0.0, 0.0, 0.0, 1.0]}, {"left_foot_pose": [0.991691032053421, 0.12856544544303958, 0.0044523233097620634, -0.019999999954685568, -0.128642516085553, 0.9910969027842327, 0.034322475823861345, 0.03645000002562597, 5.505033523584604e-10, -0.034610049545387954, 0.9994008927704973, 1.088376611058095e-09, 0.0, 0.0, 0.0, 1.0], "right_foot_pose": [0.9982374528285344, 0.05904544080931609, -0.0059685584552122105, -0.02518260711109679, -0.059346337464073744, 0.9931762095238147, -0.10039436769813556, -0.08612506722722058, 5.673598421016721e-10, 0.10057162997357502, 0.9949298202609361, 1.0493884511353357e-09, 0.0, 0.0, 0.0, 1.0]}, {"left_foot_pose": [0.9921987747619951, 0.12466029278221613, 0.0011843834888960946, -0.019483386356524243, -0.12466591900254692, 0.9921539799398018, 0.009428081929122348, 0.03769809102944849, 2.1666137563434207e-07, -0.009502183594525739, 0.9999548532343296, 0.0028444593107138996, 0.0, 0.0, 0.0, 1.0], "right_foot_pose": [0.9982374528287573, 0.058933584876037046, -0.0069871556167858066, -0.025182606790047572, -0.059346337460320434, 0.9912947319441983, -0.1175277271528996, -0.08612506741513623, 2.707408971405156e-10, 0.11773524108498507, 0.9930450206343419, 6.647904934875548e-10, 0.0, 0.0, 0.0, 1.0]}, {"left_foot_pose": [0.9935377743685851, 0.11345824540155784, -0.003149198805893108, -0.01803440101724233, -0.11350194227997874, 0.9931549858499292, -0.02757685950393581, 0.0411987234481945, -1.1795974965702564e-06, 0.027756091796710024, 0.9996147254651574, 0.00961704018747049, 0.0, 0.0, 0.0, 1.0], "right_foot_pose": [0.998237452828597, 0.05883945645502082, -0.0077399053193189455, -0.0251826066952916, -0.05934633746301707, 0.9897114403027023, -0.13018938959714144, -0.0861250673380558, -7.871710398937135e-11, 0.1304192596897723, 0.9914589334420117, 3.820837535251087e-10, 0.0, 0.0, 0.0, 1.0]}, {"left_foot_pose": [0.9953237902881974, 0.09631690897031835, -0.007321579934749468, -0.015843490290791976, -0.096594784887832, 0.9924571195086185, -0.0754871742028409, 0.04649179637343953, -4.337153828046145e-06, 0.07584140678455305, 0.997119892990873, 0.017439495562172704, 0.0, 0.0, 0.0, 1.0], "right_foot_pose": [0.9982374528285708, 0.058780096182278044, -0.008178512280903764, -0.025182606844760487, -0.059346337463458826, 0.9887129677547066, -0.13756700048832302, -0.08612506711635821, -3.711405592677556e-10, 0.13780989691050174, 0.990458697934203, 2.0543829137853464e-10, 0.0, 0.0, 0.0, 1.0]}, {"left_foot_pose": [0.9971538538157114, 0.07475591959048127, -0.00978490197483635, -0.013101171941568929, -0.07539357892614022, 0.9887050483116933, -0.12953044313859544, 0.05311701945165639, -8.785412032786718e-06, 0.12989949934143147, 0.9915271655348948, 0.023433120618789008, 0.0, 0.0, 0.0, 1.0], "right_foot_pose": [0.9982374528292273, 0.05876750813584465, -0.008268479698224574, -0.025182607216436736, -0.05934633745242, 0.9885012298274519, -0.1390803036400154, -0.0861250669084471, -5.252020852774051e-10, 0.13932587203071364, 0.9902465861505815, 1.7858088618982748e-10, 0.0, 0.0, 0.0, 1.0]}, {"left_foot_pose": [0.998680121476446, 0.05052541525860328, -0.009230242723636973, -0.009997968624430267, -0.05136160814769854, 0.982374584979594, -0.17972801672152833, 0.06061409241423249, -1.3276813566920697e-05, 0.17996487768205602, 0.9836730364428059, 0.025000010357894578, 0.0, 0.0, 0.0, 1.0], "right_foot_pose": [0.9982374528309118, 0.05880700855584674, -0.007982700693704756, -0.02518260768485979, -0.05934633742407946, 0.9891656488313021, -0.1342733458527656, -0.08612506684471885, -4.872715307512302e-10, 0.1345104267960727, 0.9909121782898517, 3.900339703988287e-10, 0.0, 0.0, 0.0, 1.0]}, {"left_foot_pose": [0.9996625048869118, 0.025335097258197173, -0.005745360749652446, -0.006724420723711375, -0.02597837643462254, 0.9747656359045895, -0.2217139576511669, 0.06852271312038957, -1.6764455956224007e-05, 0.22178838541826304, 0.9750948219596461, 0.025000009352546017, 0.0, 0.0, 0.0, 1.0], "right_foot_pose": [0.9982374528335239, 0.05889422434137623, -0.007311504610264788, -0.025182608035861583, -0.0593463373801473, 0.9906326668027007, -0.12298346109510573, -0.08612506676077633, -2.3760735560905843e-10, 0.12320060796358627, 0.9923817865103143, 8.653842295536229e-10, 0.0, 0.0, 0.0, 1.0]}, {"left_foot_pose": [0.9999997296869312, 0.0007156955889115981, -0.00016854046900073482, -0.0034710462478130563, -0.0007350393869338957, 0.9672899116937331, -0.2536723998637424, 0.07638259649520904, -1.8524722234588508e-05, 0.2536724551766602, 0.9672901762870753, 0.0250000070537425, 0.0, 0.0, 0.0, 1.0], "right_foot_pose": [0.9982374528366262, 0.05901821810835236, -0.006231988892763194, -0.025182608338332652, -0.059346337327964585, 0.9927183107522985, -0.10482541553868752, -0.08612506670754647, 2.4868974106992413e-10, 0.10501050151493421, 0.9944711129900065, 1.648652048213961e-09, 0.0, 0.0, 0.0, 1.0]}, {"left_foot_pose": [0.9997383596494299, -0.022072398545409683, 0.006001788726773489, -0.0004283643169983872, 0.02287382668455743, 0.964908181283084, -0.2615893532729819, 0.08373344855914971, -1.727058411931668e-05, 0.2616581948180195, 0.9651606025871048, 0.02245972724617888, 0.0, 0.0, 0.0, 1.0], "right_foot_pose": [0.9982374528374165, 0.05918904034092784, -0.004318015306434242, -0.025182608400441068, -0.059346337314669845, 0.9955916343291139, -0.07263132864830087, -0.08612506729003332, 1.274611596099369e-09, 0.07275957089898259, 0.9973495098723396, 3.036370217757156e-09, 0.0, 0.0, 0.0, 1.0]}, {"left_foot_pose": [0.9990595416956196, -0.04194452778332727, 0.01098584252449396, 0.002213086287650533, 0.043359335283624074, 0.9665410009087256, -0.2528210070506841, 0.0901149722938558, -1.3809475004036805e-05, 0.2530595782644738, 0.9674506962413671, 0.01583856333117318, 0.0, 0.0, 0.0, 1.0], "right_foot_pose": [0.9982374528365592, 0.059304117262669605, -0.002238175612698635, -0.025182608465063774, -0.059346337329086535, 0.9975272899081018, -0.037647285881190734, -0.08612506780946877, 2.196754215337891e-09, 0.03771375828916241, 0.9992885831608936, 4.8123972098967904e-09, 0.0, 0.0, 0.0, 1.0]}, {"left_foot_pose": [0.9982435758390382, -0.0576876261163472, 0.013487071185083653, 0.004262787276266425, 0.05924325462304435, 0.972065238054439, -0.2271110075444092, 0.09506688353749045, -8.818172056837439e-06, 0.22751112227587464, 0.9737754819068987, 0.007998176214210583, 0.0, 0.0, 0.0, 1.0], "right_foot_pose": [0.9982374528309244, 0.059345487477597075, 0.0003176187566432123, -0.025182608237966503, -0.05934633742387293, 0.9982231559799799, 0.005342574261627063, -0.08612506828958538, 3.2762865212979683e-09, -0.005352007232390711, 0.9999856779067312, 7.068095622675408e-09, 0.0, 0.0, 0.0, 1.0]}, {"left_foot_pose": [0.9976126702851289, -0.06781377926458244, 0.013048043088154222, 0.005530217349524951, 0.06905765760721846, 0.9796531244965281, -0.18844308315774075, 0.09812889328845514, -3.5185346795584852e-06, 0.188894274677782, 0.9819974302316559, 0.0018172760051115566, 0.0, 0.0, 0.0, 1.0], "right_foot_pose": [0.998237452818994, 0.059253738078189296, 0.0033139573334319446, -0.025182607677115793, -0.05934633762454461, 0.9966798743230565, 0.05574262578969352, -0.08612506861486947, 4.369736008247782e-09, -0.05584104801252935, 0.9984396713657077, 9.565507580466814e-09, 0.0, 0.0, 0.0, 1.0]}, {"left_foot_pose": [0.9974364718267303, -0.07086436038718791, 0.009936151003277617, 0.005853205690332697, 0.07155756193334994, 0.9877739698449327, -0.1384994578579191, 0.09890920401091971, 4.173587530796615e-09, 0.13885541733651363, 0.9903126643016857, 1.2237341903698074e-08, 0.0, 0.0, 0.0, 1.0], "right_foot_pose": [0.9982374527865888, 0.05897630797994982, 0.006616868685234016, -0.025182604610124826, -0.05934633816962504, 0.9920133367515286, 0.11129937939159665, -0.08612506921570356, 4.493690458366824e-09, -0.1114958959072136, 0.9937648943265444, 1.1054876000726743e-08, 0.0, 0.0, 0.0, 1.0]}, {"left_foot_pose": [0.9974364718114499, -0.07130300795819848, 0.006030402676494426, 0.0058532099884990064, 0.07155756214634228, 0.9938882549660251, -0.0840574323915676, 0.09890920218918609, 1.3778778767528395e-09, 0.08427346970846518, 0.9964426638313403, 1.2047569601658648e-08, 0.0, 0.0, 0.0, 1.0], "right_foot_pose": [0.9982374527542636, 0.05851585668818363, 0.009893555211717477, -0.025182600142176992, -0.059346338713347255, 0.9842682920282427, 0.16641496744321405, -0.08612506989182073, 1.695351338815756e-09, -0.16670879947937164, 0.9860061745121815, 1.1308693280420723e-08, 0.0, 0.0, 0.0, 1.0]}, {"left_foot_pose": [0.9974364718349447, -0.07152340134134179, 0.0022108175012553717, 0.005853204002242114, 0.07155756181885001, 0.9969603093863039, -0.03081650296363782, 0.09890920354156524, 3.8093565280631825e-09, 0.0308957047003581, 0.999522613766727, 9.259745026302113e-09, 0.0, 0.0, 0.0, 1.0], "right_foot_pose": [0.9982374527964629, 0.05791523720158099, 0.012954270890857846, -0.02518260540193716, -0.05934633800352892, 0.9741655497222639, 0.2178978978785478, -0.0861250688818411, 4.017718392664423e-09, -0.21828263108686363, 0.9758855941993386, 1.1484133803640884e-08, 0.0, 0.0, 0.0, 1.0]}, {"left_foot_pose": [0.9974364718512552, -0.07154646644174628, -0.0012600637369734886, 0.005853201639953752, 0.0715575615914992, 0.9972818179813904, 0.017563909098282024, 0.0989092040748795, 3.0214951557622717e-09, -0.017609050611374466, 0.9998449486478226, 6.62488962299701e-09, 0.0, 0.0, 0.0, 1.0], "right_foot_pose": [0.9984185216953524, 0.054273996898990574, 0.014655674541802933, -0.024395738737442177, -0.05621792869281904, 0.9638696561690298, 0.2603744042913695, -0.08512733598840092, 5.3996295533968806e-06, -0.26078653948623365, 0.965396488906832, 0.002250299505694907, 0.0, 0.0, 0.0, 1.0]}, {"left_foot_pose": [0.997436471856105, -0.07143585804964948, -0.004171665849137836, 0.00585320093137255, 0.07155756152389887, 0.9957400562102957, 0.05814856702509293, 0.09890920404094947, 2.0073156751430716e-09, -0.05829801577265392, 0.9982992243595967, 4.398291258977949e-09, 0.0, 0.0, 0.0, 1.0], "right_foot_pose": [0.9989523976601873, 0.04381040618497346, 0.013219512807607801, -0.021766423487160083, -0.04576141466162296, 0.9562887186606446, 0.2888213625938177, -0.08179343028004675, 1.1710246027324071e-05, -0.2891237362657903, 0.9572917345253639, 0.008710107742387549, 0.0, 0.0, 0.0, 1.0]}, {"left_foot_pose": [0.9974364718568557, -0.07126031034813388, -0.006515579700717066, 0.005853200522359365, 0.07155756151343336, 0.9932931075113334, 0.09082025082948796, 0.09890920372008483, 1.1481581580119185e-09, -0.09105366955574896, 0.9958459867170393, 2.663650286449659e-09, 0.0, 0.0, 0.0, 1.0], "right_foot_pose": [0.999568554212834, 0.02800072756491963, 0.008869311399415474, -0.01764754508120532, -0.02937184268456243, 0.9527331833403246, 0.3023851455007747, -0.07657079499068185, 1.6916795244117853e-05, -0.3025151907227911, 0.9531445635871693, 0.016558463023353023, 0.0, 0.0, 0.0, 1.0]}, {"left_foot_pose": [0.9974364718554448, -0.07107316163826087, -0.008312057946436503, 0.005853200354576227, 0.07155756153309946, 0.9906844521155285, 0.11586126066978855, 0.09890920327573326, 4.654212066508968e-10, -0.11615903766516684, 0.9932306267774385, 1.4411093082755677e-09, 0.0, 0.0, 0.0, 1.0], "right_foot_pose": [0.9999636854028626, 0.008142177174884366, 0.002516510754459146, -0.012410402135555875, -0.008522175741335571, 0.9546810577117146, 0.29750874032047436, -0.06993022467018789, 1.990372595588102e-05, -0.2975193825573295, 0.9547157779185107, 0.0229166578294987, 0.0, 0.0, 0.0, 1.0]}, {"left_foot_pose": [0.9974364718503292, -0.07091919297939171, -0.009536911969838784, 0.005853200778081135, 0.07155756160440839, 0.9885382910493181, 0.13293442934968122, 0.09890920291822192, 2.1189661194045726e-10, -0.13327608636378052, 0.9910789498337431, 7.064180074234372e-10, 0.0, 0.0, 0.0, 1.0], "right_foot_pose": [0.9998828751360116, -0.01472969644368974, -0.004155965882854079, -0.006426286253811634, 0.015304757956292504, 0.9626636450579766, 0.27026740622499995, -0.062342509878532154, 1.9840413207113443e-05, -0.2702993572437173, 0.9627763276483232, 0.02500000718285377, 0.0, 0.0, 0.0, 1.0]}, {"left_foot_pose": [0.9974364718495397, -0.07081765990971728, -0.010263706409231615, 0.005853200907465145, 0.07155756161541088, 0.9871230272016661, 0.1430651758600825, 0.09890920293797473, -2.799354181329875e-11, -0.1434328700581958, 0.9896600485959155, 2.6940981390222163e-10, 0.0, 0.0, 0.0, 1.0], "right_foot_pose": [0.9991747742044311, -0.03954905342053673, -0.009254348548827097, -6.650004642018436e-05, 0.04061736449813897, 0.972990778734609, 0.22724254486923012, -0.05427845792159275, 1.716825475281709e-05, -0.22743090570755403, 0.9737942199634853, 0.02500000994133767, 0.0, 0.0, 0.0, 1.0]}, {"left_foot_pose": [0.9974364718494733, -0.07077943456440063, -0.010524080350299317, 0.005853201066454526, 0.07155756161633701, 0.9865902062680715, 0.14669451343335493, 0.09890920296419918, -1.1092956957872052e-10, -0.14707153544676266, 0.9891258582512809, 1.0979811504441273e-10, 0.0, 0.0, 0.0, 1.0], "right_foot_pose": [0.9978248294317892, -0.06487485660613797, -0.011698835401576969, 0.00629765575420196, 0.06592123785986345, 0.9820210540206038, 0.1768870822284237, -0.04620886750765535, 1.2978576822847672e-05, -0.17727352436445476, 0.9841616215799931, 0.025000011430889882, 0.0, 0.0, 0.0, 1.0]}, {"left_foot_pose": [0.9974364718501451, -0.07080753471469893, -0.010333327187426723, 0.005853201132134715, 0.07155756160697312, 0.9869818927994309, 0.1440356159528524, 0.09890920305446499, -5.037265010914133e-11, -0.144405804293595, 0.9895185514614272, 2.4996536091004273e-10, 0.0, 0.0, 0.0, 1.0], "right_foot_pose": [0.9959663251830283, -0.08906337821061495, -0.010899255163863907, 0.012294888974746478, 0.08972780525602957, 0.9886022118739626, 0.12089080875668269, -0.038604527414580744, 8.08394029077585e-06, -0.12138114079057669, 0.9926059734834504, 0.02302494095376966, 0.0, 0.0, 0.0, 1.0]}, {"left_foot_pose": [0.9974364718512743, 