{"LoopMode": "Wrap", "FrameDuration": 0.0167, "EnableCycleOffsetPosition": true, "EnableCycleOffsetRotation": false, "Debug_info": [{"left_foot_pose": [1.0000000000000007, 5.6303248918617126e-14, -4.876599124514771e-12, 1.0797347617596552e-12, -5.736022547671252e-15, 0.9999469373263372, 0.010301579086688384, -2.4105370477478516e-13, 4.876718235667066e-12, -0.010301579086688554, 0.9999469373263374, 1.0751385892682208e-11, 0.0, 0.0, 0.0, 1.0], "right_foot_pose": [0.9999999999999998, -9.6821058336601e-14, -4.922395824280556e-12, 1.3464449716430782e-12, 2.7251840882089624e-14, 0.9998999659565224, -0.014144188917906983, -0.1400000000015135, 4.923093823845091e-12, 0.014144188917906832, 0.9998999659565223, 8.420146524468208e-12, 0.0, 0.0, 0.0, 1.0]}, {"left_foot_pose": [1.0000000000000007, 1.0258317461514757e-13, -1.0917600157256407e-11, 1.9996600148320128e-12, -1.4472641319986644e-14, 0.9999676783821084, 0.008040036759677465, 1.214531947235642e-13, 1.091796391036089e-11, -0.00804003675967764, 0.9999676783821086, 2.324043735235648e-11, 0.0, 0.0, 0.0, 1.0], "right_foot_pose": [0.9999999999999998, -2.587279107460626e-13, -1.0995537813585086e-11, 2.7387261771104728e-12, 7.835869274530764e-14, 0.9998654038746109, -0.01640652719685599, -0.14000000000271579, 1.099820155607598e-11, 0.01640652719685584, 0.9998654038746109, 1.9621151925441893e-11, 0.0, 0.0, 0.0, 1.0]}, {"left_foot_pose": [1.0000000000000007, 1.0164462918930408e-13, -1.9217127888992997e-11, 3.12966405326688e-12, -7.35744379445355e-15, 0.9999880479796005, 0.004889161272590599, 8.573575877024453e-13, 1.921713454760948e-11, -0.00488916127259077, 0.9999880479796005, 4.025706851207289e-11, 0.0, 0.0, 0.0, 1.0], "right_foot_pose": [0.9999999999999997, -5.508534226914212e-13, -1.9344692514522418e-11, 4.557371086670197e-12, 1.7244725208183643e-13, 0.9998086992498223, -0.019559266458085502, -0.14000000000411933, 1.9351440416975553e-11, 0.019559266458085353, 0.9998086992498223, 3.5226890848782944e-11, 0.0, 0.0, 0.0, 1.0]}, {"left_foot_pose": [1.0000000000000004, -1.1035471572548277e-14, -2.9665381262589114e-11, 4.429970807828762e-12, 3.702189545034109e-14, 0.9999996260271572, 0.0008648384509996746, 2.026731213411459e-12, 2.9664873020755984e-11, -0.000864838450999848, 0.9999996260271575, 6.165391808199416e-11, 0.0, 0.0, 0.0, 1.0], "right_foot_pose": [0.9999999999999996, -1.03447768849385e-12, -2.987188274516938e-11, 6.755555620905238e-12, 3.296653457295563e-13, 0.9997217821626051, -0.023587248029919818, -0.1400000000056288, 2.988771965044022e-11, 0.023587248029919673, 0.9997217821626048, 5.503632966030736e-11, 0.0, 0.0, 0.0, 1.0]}, {"left_foot_pose": [1.0000000000000004, -3.156372527804699e-13, -4.238398521039244e-11, 5.883686954980268e-12, 1.4535803551205916e-13, 0.9999918983533986, -0.004025323287242831, 3.732732872796518e-12, 4.238441400951042e-11, 0.0040253232872426575, 0.9999918983533987, 8.77693057121931e-11, 0.0, 0.0, 0.0, 1.0], "right_foot_pose": [1.0, -1.7954722139332666e-12, -4.271566433899919e-11, 9.32995246247473e-12, 5.781049314173108e-13, 0.9995942546628038, -0.028483785652779783, -0.14000000000716356, 4.2749258757218587e-11, 0.028483785652779637, 0.999594254662804, 7.929081002888694e-11, 0.0, 0.0, 0.0, 1.0]}, {"left_foot_pose": [1.0000000000000007, -9.180843455990249e-13, -5.7754190319059256e-11, 7.493809057120238e-12, 3.5285903684875645e-13, 0.9999520593689063, -0.009791780424615253, 6.140123132158948e-12, 5.7760061318328044e-11, 0.009791780424615081, 0.9999520593689066, 1.1948873140932292e-10, 0.0, 0.0, 0.0, 1.0], "right_foot_pose": [0.9999999999999998, -2.9559212567232833e-12, -5.827904825395078e-11, 1.2321068561594564e-11, 9.575881244924188e-13, 0.9994129374011341, -0.034260480954543086, -0.1400000000086437, 5.834589668259941e-11, 0.034260480954542934, 0.9994129374011345, 1.0873629774366123e-10, 0.0, 0.0, 0.0, 1.0]}, {"left_foot_pose": [1.0000000000000007, -1.9670441127701205e-12, -7.642053656553569e-11, 9.276275128442949e-12, 7.087585474999188e-13, 0.9998644227024629, -0.01646621431512015, 9.496150393806246e-12, 7.644218391159457e-11, 0.01646621431511998, 0.9998644227024629, 1.5828114513505298e-10, 0.0, 0.0, 0.0, 1.0], "right_foot_pose": [1.0, -4.692171832557404e-12, -7.723927053504551e-11, 1.5807852819442864e-11, 1.5253206513347736e-12, 0.9991611790324372, -0.040950437293271635, -0.1400000000099668, 7.736658265710936e-11, 0.04095043729327149, 0.9991611790324371, 1.4464528880209215e-10, 0.0, 0.0, 0.0, 1.0]}, {"left_foot_pose": [1.0000000000000002, -3.677561154058953e-12, -9.92845805569686e-11, 1.125049257019829e-11, 1.2838854878366279e-12, 0.9997095072164807, -0.0241018916473839, 1.4154956720635603e-11, 9.934394075930537e-11, 0.02410189164738373, 0.9997095072164808, 2.062180010087289e-10, 0.0, 0.0, 0.0, 1.0], "right_foot_pose": [0.9999999999999998, -7.2594440080341976e-12, -1.0054485022337186e-10, 1.989828911819709e-11, 2.363574925122705e-12, 0.998817898574951, -0.04860869764063784, -0.1400000000109754, 1.0077859904471341e-10, 0.0486086976406377, 0.998817898574951, 1.8881503999201854e-10, 0.0, 0.0, 0.0, 1.0]}, {"left_foot_pose": [1.0000000000000007, -6.361114969775186e-12, -1.2748413436014506e-10, 1.3426341516195668e-11, 2.1801097254170993e-12, 0.9994628489658589, -0.03277214574985207, 2.0604126044210247e-11, 1.2762368378695017e-10, 0.03277214574985189, 0.9994628489658592, 2.659892028855637e-10, 0.0, 0.0, 0.0, 1.0], "right_foot_pose": [0.9999999999999999, -1.1023212032018742e-11, -1.293986029438087e-10, 2.4715741905082282e-11, 3.589218862918925e-12, 0.9983563841034879, -0.0573108220130306, -0.14000000001141577, 1.298174027876339e-10, 0.05731082201303046, 0.9983563841034878, 2.435514220855417e-10, 0.0, 0.0, 0.0, 1.0]}, {"left_foot_pose": [1.0000000000000002, -1.0456699996895171e-11, -1.622865175576747e-10, 1.5779108705086184e-11, 3.539671144929423e-12, 0.9990936531003974, -0.0425660937191003, 2.947538393915927e-11, 1.6258392753747797e-10, 0.04256609371910011, 0.9990936531003978, 3.4077348581851297e-10, 0.0, 0.0, 0.0, 1.0], "right_foot_pose": [0.9999999999999998, -1.6489545929642207e-11, -1.6516166212454656e-10, 3.036967415812895e-11, 5.362006106168047e-12, 0.997742978571142, -0.06714870595912951, -0.14000000001088497, 1.6589597565399805e-10, 0.06714870595912938, 0.997742978571142, 3.1150715340544366e-10, 0.0, 0.0, 0.0, 1.0]}, {"left_foot_pose": [1.0000000000000007, -1.6535683542281894e-11, -2.046968705649019e-10, 1.8192360599549736e-11, 5.5449350241299546e-12, 0.9985636402354066, -0.05357850688302575, 4.147540470789135e-11, 2.0528843314888911e-10, 0.05357850688302557, 0.9985636402354068, 4.33551236578289e-10, 0.0, 0.0, 0.0, 1.0], "right_foot_pose": [1.0, -2.4299203443997745e-11, -2.0895701835499368e-10, 3.6876337158140427e-11, 7.880103879368358e-12, 0.9969360813844342, -0.07822051926348178, -0.14000000000877993, 2.102170787447271e-10, 0.07822051926348163, 0.9969360813844345, 3.9499047782554086e-10, 0.0, 0.0, 0.0, 1.0]}, {"left_foot_pose": [1.0000000000000004, -2.5198033189075005e-11, -2.544130461856748e-10, 2.033621357172444e-11, 8.381308928369727e-12, 0.9978271390114778, -0.06588627058932556, 5.708818834326834e-11, 2.5552004176580586e-10, 0.06588627058932539, 0.997827139011478, 5.45053065181822e-10, 0.0, 0.0, 0.0, 1.0], "right_foot_pose": [1.0, -3.508671192146719e-11, -2.6060115176917954e-10, 4.397610929049041e-11, 1.1330139877309565e-11, 0.9958867175548898, -0.0906070957361931, -0.14000000000431273, 2.6270827081869334e-10, 0.09060709573619294, 0.9958867175548898, 4.940348408144501e-10, 0.0, 0.0, 0.0, 1.0]}, {"left_foot_pose": [1.0000000000000007, -3.6614117421769476e-11, -3.0713009913085836e-10, 2.1388168220445597e-11, 1.2083935190989391e-11, 0.9968354279042827, -0.0794929536178321, 7.563915119246367e-11, 3.0906839913645023e-10, 0.0794929536178319, 0.9968354279042827, 6.680637501532694e-10, 0.0, 0.0, 0.0, 1.0], "right_foot_pose": [0.9999999999999999, -4.8909729289713154e-11, -3.1580993375968066e-10, 5.0700609916268946e-11, 1.5698943158307143e-11, 0.9945442020771175, -0.10431601082667073, -0.1399999999967968, 3.1918878510297367e-10, 0.10431601082667058, 0.9945442020771175, 6.012412998024352e-10, 0.0, 0.0, 0.0, 1.0]}, {"left_foot_pose": [1.0000000000000004, -4.9077313908235776e-11, -3.480946642042673e-10, 1.944643697996067e-11, 1.6068903993101866e-11, 0.995553283904118, -0.09420010035943449, 9.280079829587784e-11, 3.5116931340717733e-10, 0.09420010035943431, 0.995553283904118, 7.728980927490525e-10, 0.0, 0.0, 0.0, 1.0], "right_foot_pose": [0.9999999999999998, -6.349725358486962e-11, -3.5943642506808224e-10, 5.4399590178743375e-11, 2.0217711135712133e-11, 0.9928761155749481, -0.11915124473039415, -0.13999999998676588, 3.6444134772655023e-10, 0.11915124473039403, 0.992876115574948, 6.890359949274227e-10, 0.0, 0.0, 0.0, 1.0]}, {"left_foot_pose": [1.0000000000000004, -5.551982051531152e-11, -3.3985497749355783e-10, 1.0791601623994551e-11, 1.8038247413663295e-11, 0.9940078070487213, -0.10930910083882729, 9.546273320448773e-11, 3.4388712297984416e-10, 0.10930910083882711, 0.9940078070487213, 7.775850657809613e-10, 0.0, 0.0, 0.0, 1.0], "right_foot_pose": [1.0, -7.010728575141508e-11, -3.524746605698677e-10, 4.9108353498466325e-11, 2.209487783856586e-11, 0.9909257305040797, -0.1344105525059547, -0.13999999997893867, 3.58699261658436e-10, 0.13441055250595454, 0.99092573050408, 6.844879454903641e-10, 0.0, 0.0, 0.0, 1.0]}, {"left_foot_pose": [0.9999999901867771, -0.00013896799315534682, 1.7729725961704202e-05, 2.1385736631723304e-05, 0.00014009370718765914, 0.9923579704814552, -0.12339221529610991, 4.977434139244452e-05, -4.4666634217923623e-07, 0.12339221656905741, 0.9923579802117662, 0.0001638610431444476, 0.0, 0.0, 0.0, 1.0], "right_foot_pose": [1.0, -5.178096711390584e-11, -2.3517632286029735e-10, 8.434330706342188e-11, 1.6349408786093273e-11, 0.9889532592038813, -0.14822770021160286, -0.14000000002243337, 2.402535368066759e-10, 0.14822770021160278, 0.9889532592038812, 4.671438166847786e-10, 0.0, 0.0, 0.0, 1.0]}, {"left_foot_pose": [0.9999921746309879, -0.003913580811615264, 0.0005784133636950937, 0.0006039645121749214, 0.003956092729139206, 0.9893443980007521, -0.14554041182726096, 0.0014057226920877412, -2.6658580591810992e-06, 0.14554156117673459, 0.9893521385043512, 0.004191209317150238, 0.0, 0.0, 0.0, 1.0], "right_foot_pose": [1.0, -2.0457537045196887e-11, -5.188399709865609e-11, 2.5965983081440825e-10, 1.195078909714443e-11, 0.9872872814262358, -0.15894597803654248, -0.14000000007708596, 5.447602939537641e-11, 0.1589459780365423, 0.9872872814262356, 2.708599525225175e-10, 0.0, 0.0, 0.0, 1.0]}, {"left_foot_pose": [0.9999247264295131, -0.012072794346848067, 0.0021884038756165938, 0.001873204826428442, 0.01226953324302938, 0.9839690923950107, -0.17791650784943538, 0.004359883217769235, -5.372365108834022e-06, 0.17792996613274173, 0.9840431530797518, 0.01146980245036621, 0.0, 0.0, 0.0, 1.0], "right_foot_pose": [1.0, 9.825172043951941e-12, 1.385895842531681e-10, 2.71061628241666e-10, 1.3265136849515785e-11, 0.9861880497616895, -0.16562949769662227, -0.13999999997123738, -1.3830280715417365e-10, 0.1656294976966222, 0.9861880497616896, 1.709011612782696e-10, 0.0, 0.0, 0.0, 1.0]}, {"left_foot_pose": [0.9997092250082852, -0.02354103952146069, 0.005223494192933442, 0.0036817196641933283, 0.0241135928734632, 0.9760482615610497, -0.2162136113716865, 0.00856921019548845, -8.48925590852091e-06, 0.2162766990729763, 0.9763321101787193, 0.019120927622738093, 0.0, 0.0, 0.0, 1.0], "right_foot_pose": [1.0, 1.945479738762827e-11, 2.605217153117677e-10, 9.678790928288424e-11, 2.445668049333742e-11, 0.9858726131812684, -0.1674968375198087, -0.13999999980650596, -2.600999717733612e-10, 0.1674968375198086, 0.9858726131812683, 1.59320105719285e-10, 0.0, 0.0, 0.0, 1.0]}, {"left_foot_pose": [0.9992578525676695, -0.03726175261360781, 0.00976247274069938, 0.005882124323858169, 0.038519397052521255, 0.9667081117655912, -0.252965773766564, 0.013690652918900259, -1.1513507525175565e-05, 0.2531540804308087, 0.9674259720664274, 0.024265880825072084, 0.0, 0.0, 0.0, 1.0], "right_foot_pose": [0.9999999999999999, -6.6709785122777294e-12, 2.5927715530116307e-10, -2.324301178119593e-10, 4.908879378291006e-11, 0.9864689396789166, -0.16394825722999892, -0.1399999997180586, -2.5467512479334127e-10, 0.16394825722999884, 0.9864689396789169, 2.8051892059233197e-10, 0.0, 0.0, 0.0, 1.0]}, {"left_foot_pose": [0.9985128824037948, -0.0523340074718711, 0.015270079750951585, 0.008327024249998935, 0.05451626809270255, 0.9586130636947052, -0.27944403845331234, 0.01938115131592963, -1.367153653689807e-05, 0.2798609400680734, 0.9600405481214345, 0.025000005113862245, 0.0, 0.0, 0.0, 1.0], "right_foot_pose": [1.0, -7.173917196168337e-11, 1.033936269934092e-10, -5.574434723871766e-10, 8.68518278397159e-11, 0.9879934081924565, -0.15449603673963255, -0.13999999971546917, -9.106909147540959e-11, 0.1544960367396324, 0.9879934081924567, 6.279711126100374e-10, 0.0, 0.0, 0.0, 1.0]}, {"left_foot_pose": [0.9974668048882734, -0.06786803872533541, 0.02130498687060301, 0.010869023788937142, 0.07113348668343306, 0.9517393363131763, -0.29855026844136934, 0.025297655572144948, -1.4772884350706914e-05, 0.29930948036059934, 0.9541560851076885, 0.02500000418764156, 0.0, 0.0, 0.0, 1.0], "right_foot_pose": [0.9999999999999999, -1.6546695473693067e-10, -2.2359958329332042e-10, -7.902434153628647e-10, 1.327936749627302e-10, 0.9902999402005057, -0.13894613502676148, -0.13999999965476898, 2.444216645079131e-10, 0.1389461350267613, 0.9902999402005055, 1.2300608726034667e-09, 0.0, 0.0, 0.0, 1.0]}, {"left_foot_pose": [0.9961730601634436, -0.08307661869731489, 0.02715712853786677, 0.01336073858261604, 0.08740271158132483, 0.9469182202386981, -0.3093649142811918, 0.031097119252781674, -1.458879980448803e-05, 0.310554600039668, 0.9505555429228583, 0.024910272067528536, 0.0, 0.0, 0.0, 1.0], "right_foot_pose": [1.0, -2.6822444190197377e-10, -7.538350499380884e-10, -1.0036489975807877e-09, 1.7833426003669507e-10, 0.993154487293643, -0.11680823758836995, -0.13999999969670174, 7.800052406974465e-10, 0.1168082375883698, 0.993154487293643, 2.1280033152271116e-09, 0.0, 0.0, 0.0, 1.0]}, {"left_foot_pose": [0.9947473692239551, -0.09750664523822766, 0.031146838626213456, 0.015654778937111632, 0.10236049658584831, 0.9476149312399985, -0.30256944794495105, 0.036436486868493725, -1.2677522427964591e-05, 0.30416836821964266, 0.9526182885153325, 0.021163835036059397, 0.0, 0.0, 0.0, 1.0], "right_foot_pose": [0.9999999999999999, -3.373699169990246e-10, -1.503734248231579e-09, -1.2177444445156663e-09, 2.0465867157768436e-10, 0.9961736449558473, -0.08739604736703971, -0.14000000018287997, 1.5274650932111062e-09, 0.08739604736703954, 0.9961736449558473, 3.427973446767929e-09, 0.0, 0.0, 0.0, 1.0]}, {"left_foot_pose": [0.9933596895975644, -0.11043955925725561, 0.032243306804585405, 0.017603748652171354, 0.11505010645165133, 0.9535743981427169, -0.2783151814260586, 0.0409727120947816, -9.38590901669968e-06, 0.2801766781118999, 0.9599484511962539, 0.01399681233217255, 0.0, 0.0, 0.0, 1.0], "right_foot_pose": [1.0, -3.02461007287533e-10, -2.417653632846849e-09, -1.1794851057836757e-09, 1.8017632510928243e-10, 0.9987280624984738, -0.050420801045250215, -0.1400000006655854, 2.4298287367742155e-09, 0.05042080104525007, 0.9987280624984737, 5.154843413235355e-09, 0.0, 0.0, 0.0, 1.0]}, {"left_foot_pose": [0.9922169572175445, -0.12074437762736726, 0.030435260494000242, 0.01906026318310107, 0.12452112182182579, 0.9621336524854336, -0.2424733489999963, 0.04436275235813762, -5.494727210065405e-06, 0.24437600133077625, 0.9696805504615371, 0.006287909113668902, 0.0, 0.0, 0.0, 1.0], "right_foot_pose": [1.0, -9.412706205504454e-11, -3.4147011329643813e-09, -8.54406271893607e-10, 7.347801552704008e-11, 0.9999817190278882, -0.0060466197193056875, -0.14000000104934424, 3.4152076222842125e-09, 0.006046619719305537, 0.9999817190278881, 7.21232366190927e-09, 0.0, 0.0, 0.0, 1.0]}, {"left_foot_pose": [0.9915367217112908, -0.1271893496735499, 0.02603456985715422, 0.019876934271543144, 0.12982653617426865, 0.9713981666476754, -0.1988232188114039, 0.046263558598153384, -1.7375280764123823e-06, 0.20052050060568719, 0.9796895063405684, 0.0009158381281223621, 0.0, 0.0, 0.0, 1.0], "right_foot_pose": [0.9999999999999998, 3.213875079385717e-10, -4.277847076572529e-09, -2.2883835120241585e-10, -1.2950481279806818e-10, 0.9989968910307587, 0.04477959033843892, -0.14000000120555478, 4.287947322107374e-09, -0.04477959033843909, 0.9989968910307588, 9.221332190889608e-09, 0.0, 0.0, 0.0, 1.0]}, {"left_foot_pose": [0.9914317637678821, -0.12910935990095337, 0.01984517518373337, 0.020000001853917367, 0.13062563987252668, 0.9799233892749949, -0.15062235345293423, 0.04655000175838839, 4.314283172176158e-09, 0.1519240742534693, 0.9883921669369032, 1.0976924286199008e-08, 0.0, 0.0, 0.0, 1.0], "right_foot_pose": [1.0, 7.125535754839984e-10, -4.56412901916892e-09, 1.765563337788106e-10, -2.650827762256067e-10, 0.9952550984788526, 0.09729999461381825, -0.14000000125477483, 4.611803954385828e-09, -0.09729999461381839, 0.9952550984788527, 1.0257546312342214e-08, 0.0, 0.0, 0.0, 1.0]}, {"left_foot_pose": [0.9914317637819708, -0.1299650767159979, 0.013120083779308149, 0.020000001658612564, 0.1306256397655964, 0.9864181723321939, -0.09957977469669074, 0.046550001465375655, 3.995386470515938e-09, 0.1004403710020015, 0.9949430797151069, 9.529216631054549e-09, 0.0, 0.0, 0.0, 1.0], "right_foot_pose": [1.0, 9.695417549110464e-10, -4.142810539065071e-09, 1.6062155353233112e-10, -3.3501241693328743e-10, 0.9886102493106317, 0.15049842177900336, -0.14000000133277132, 4.241539319022477e-09, -0.15049842177900344, 0.9886102493106315, 1.0192170024625469e-08, 0.0, 0.0, 0.0, 1.0]}, {"left_foot_pose": [0.9914317637980604, -0.1304496157050802, 0.006779048212290674, 0.020000001181965214, 0.13062563964347787, 0.9900957635445312, -0.05145212608731569, 0.046550001052396685, 3.1594463901453234e-09, 0.051896789626811816, 0.9986524536726633, 7.277617238010681e-09, 0.0, 0.0, 0.0, 1.0], "right_foot_pose": [0.999999999233345, -3.829253395968024e-05, -8.184814215328326e-06, 9.928321276077828e-06, 3.9155200357607384e-05, 0.9801158246563932, 0.1984262299319019, -0.1399936272523225, 4.2382278596912225e-07, -0.19842623010025576, 0.980115825404335, 3.74067003846984e-05, 0.0, 0.0, 0.0, 1.0]}, {"left_foot_pose": [0.9914317638119855, -0.1306189405097824, 0.001322907690686864, 0.020000000467790744, 0.1306256395377884, 0.9913809188859706, -0.01004071532080481, 0.04655000121584311, 2.1551691999326475e-09, 0.01012748976358478, 0.9999487156605031, 4.995385861905621e-09, 0.0, 0.0, 0.0, 1.0], "right_foot_pose": [0.9999918973321529, -0.003907568527407624, -0.0009675630439927443, 0.001021272772989403, 0.00402557391536852, 0.9709734179419502, 0.23915354148491821, -0.1393444279493813, 4.969143975320536e-06, -0.23915549869975866, 0.9709812806727929, 0.0034929890467269922, 0.0, 0.0, 0.0, 1.0]}, {"left_foot_pose": [0.9914317638178654, -0.1305896793180614, -0.0030648570281626877, 0.019999999995813974, 0.13062563949316097, 0.9911588309545524, 0.023261859938730853, 0.04655000102852477, 1.2793358470752231e-09, -0.0234628957379991, 0.9997247083690531, 3.0277274576384627e-09, 0.0, 0.0, 0.0, 1.0], "right_foot_pose": [0.9999059565911808, -0.013191361429762264, -0.0037504609189966676, 0.003479434241239519, 0.013714148803461777, 0.9619842113410886, 0.2727605163014992, -0.1377665042324177, 9.801635024912884e-06, -0.2727862993518798, 0.9620746513601917, 0.010538496939551646, 0.0, 0.0, 0.0, 1.0]}, {"left_foot_pose": [0.9914317638185108, -0.130470543606952, -0.00636356367331222, 0.01999999974304006, 0.13062563948826403, 0.9902546062948064, 0.04829862337790838, 0.04655000064726113, 5.923643370883076e-10, -0.048716033939816494, 0.9988126691413037, 1.5462025063084361e-09, 0.0, 0.0, 0.0, 1.0], "right_foot_pose": [0.9996104807749331, -0.0266438335963665, -0.008306193845332746, 0.007081503907399003, 0.027908538570075726, 0.9544625637781005, 0.29702243656164784, -0.13545429676286175, 1.4134698718183983e-05, -0.297138554343634, 0.9548343727174812, 0.018295208338591717, 0.0, 0.0, 0.0, 1.0]}, {"left_foot_pose": [0.9914317638167519, -0.13034314586156445, -0.008586152928784417, 0.019999999671443648, 0.130625639501614, 0.9892876735614495, 0.06516779299754089, 0.04655000025007338, 1.0760526738659567e-10, -0.06573099167277814, 0.9978373799040173, 5.799136310047359e-10, 0.0, 0.0, 0.0, 1.0], "right_foot_pose": [0.9989684936148422, -0.04320414892690184, -0.013976776466493134, 0.011524579700161944, 0.045408682784275, 0.9505856740328691, 0.3071236360999809, -0.13260223953542002, 1.7108165172804934e-05, -0.3074415031172249, 0.9515669823340508, 0.023884417980767438, 0.0, 0.0, 0.0, 1.0]}, {"left_foot_pose": [0.9914317638147064, -0.13026139427531994, -0.009748172172806288, 0.019999999785100107, 0.13062563951713732, 0.9886671892920658, 0.07398737134178075, 0.046550000082777314, -1.6692277742382984e-10, -0.07462679129359151, 0.9972115332371679, 1.236377389357557e-10, 0.0, 0.0, 0.0, 1.0], "right_foot_pose": [0.9978845413598392, -0.06203331957624347, -0.019450176796494165, 0.016505762166851186, 0.06501108976167141, 0.9522600473503915, 0.2982857026882621, -0.12940476307400237, 1.79739573177576e-05, -0.29891916881087127, 0.9542784343127295, 0.0250000021504011, 0.0, 0.0, 0.0, 1.0]}, {"left_foot_pose": [0.9914317638136938, -0.13025271784709425, -0.009863427128252073, 0.020000000045014843, 0.13062563952482362, 0.9886013362277272, 0.07486214201773991, 0.046550000097957504, -2.228912383351854e-10, -0.07550912198005365, 0.9971451110534526, 5.6825003036387045e-11, 0.0, 0.0, 0.0, 1.0], "right_foot_pose": [0.9963371547137612, -0.08209615098028573, -0.02392689137997589, 0.02172214149322479, 0.08551183453478296, 0.956595294343932, 0.278591401506835, -0.12605631049798355, 1.7069942448657e-05, -0.2796169966816552, 0.9601116262577745, 0.0250000035368749, 0.0, 0.0, 0.0, 1.0]}, {"left_foot_pose": [0.9914317638141924, -0.130319062681206, -0.008944249670708686, 0.02000000031958608, 0.13062563952103798, 0.9891048850923392, 0.06788570236943649, 0.04655000014221636, -5.945712394818087e-11, -0.068472389971168, 0.9976530117288462, 3.5989509289402477e-10, 0.0, 0.0, 0.0, 1.0], "right_foot_pose": [0.9943969027156099, -0.10227169022703277, -0.026745116333785904, 0.026870813293339804, 0.10571092493868468, 0.9620801956057417, 0.25144959250678, -0.12275132071909414, 1.4771921339857443e-05, -0.25286794696308157, 0.9675008016433198, 0.02499255471576242, 0.0, 0.0, 0.0, 1.0]}, {"left_foot_pose": [0.9914317638158149, -0.13043860811522004, -0.006987646959233717, 0.02000000050233605, 0.13062563950872322, 0.9900122197834722, 0.05303533710970771, 0.046550000472284976, 3.2366228425933735e-10, -0.053493683667955094, 0.9985681878608159, 1.1280993084117341e-09, 0.0, 0.0, 0.0, 1.0], "right_foot_pose": [0.9922299997699052, -0.1215207241797996, -0.026689719957899566, 0.03164887808323298, 0.12441715087194807, 0.9691502311308269, 0.21276325356595718, -0.11968422274979756, 1.1203613829886943e-05, -0.2144307419515261, 0.9767391958862905, 0.021837795752117847, 0.0, 0.0, 0.0, 1.0]}, {"left_foot_pose": [0.9914317638171184, -0.13056441096823646, -0.0039990352581205126, 0.02000000062642555, 0.13062563949883002, 0.9909670473752303, 0.030352155144909156, 0.04655000084176045, 9.039774756189833e-10, -0.030614467248938657, 0.9995312673423804, 2.2637084845511524e-09, 0.0, 0.0, 0.0, 1.0], "right_foot_pose": [0.990087555507853, -0.13847625491450968, -0.023472521239431096, 0.03575341981688684, 0.1404515303506971, 0.9761716742687194, 0.16541532570337025, -0.11704946769365056, 7.1155487368670785e-06, -0.1670724069984527, 0.9859446286527009, 0.014923781879489728, 0.0, 0.0, 0.0, 1.0]}, {"left_foot_pose": [0.9914317638148047, -0.13062563672302402, -2.7014278090984023e-05, 0.02000000020560719, 0.1306256395163934, 0.9914317426162017, 0.0002050217935882835, 0.04655000100007981, 1.7104734830062978e-09, -0.00020679387578957293, 0.9999999786181468, 3.640183543485165e-09, 0.0, 0.0, 0.0, 1.0], "right_foot_pose": [0.9882807606709119, -0.1515756926403011, -0.018054015850670683, 0.0388815324830106, 0.15264710306972518, 0.9813468443997673, 0.11686416435776752, -0.11504149835229541, 3.4848264402733907e-06, -0.11825049846504491, 0.9929837962427306, 0.0071292170146592115, 0.0, 0.0, 0.0, 1.0]}, {"left_foot_pose": [0.9914317638093326, -0.13053680591240122, 0.004816639088099877, 0.02000000018106275, 0.13062563955792525, 0.990757527223059, -0.036557687849939666, 0.04655000094839162, 2.3710218031854536e-09, 0.036873629507259226, 0.9993199364802858, 4.951881592274443e-09, 0.0, 0.0, 0.0, 1.0], "right_foot_pose": [0.9871422544213746, -0.15943429558423508, -0.011440058017536564, 0.0407303152350574, 0.15984420394569665, 0.9846112161843216, 0.07064406152676578, -0.11385475104761887, 9.232511365403572e-07, -0.07156436512391977, 0.9974359837320678, 0.0013328080430373077, 0.0, 0.0, 0.0, 1.0]}, {"left_foot_pose": [0.9914317637982825, -0.1302252308261012, 0.01021993092522622, 0.01999999950215724, 0.13062563964179397, 0.9883927108450387, -0.0775679793250332, 0.04655000060887843, 2.780483070613618e-09, 0.07823834357068873, 0.996934682712622, 5.7497493016756e-09, 0.0, 0.0, 0.0, 1.0], "right_foot_pose": [0.9869066727275142, -0.1612277359331581, -0.004564700622622818, 0.04110257204082921, 0.1612923411880004, 0.986511370154854, 0.027930220716751768, -0.1136158020551342, 2.815294933203778e-09, -0.028300772446359874, 0.9995994529204884, 5.402366110018875e-09, 0.0, 0.0, 0.0, 1.0]}, {"left_foot_pose": [0.9914317637886614, -0.12967135937961716, 0.01576059350236264, 0.019999998813945638, 0.13062563971481492, 0.9841888965685963, -0.11962089332631223, 0.04655000059389548, 2.719470299941371e-09, 0.1206546908650121, 0.992694537897872, 5.992235381502287e-09, 0.0, 0.0, 0.0, 1.0], "right_foot_pose": [0.9869066727185412, -0.16127380207484682, 0.00244542592217657, 0.04110257136858669, 0.161292341242905, 0.9867932360196771, -0.014962954327130507, -0.1136158018855791, 2.7754174935588785e-09, 0.015161467941351682, 0.9998850583391388, 5.308956510519103e-09, 0.0, 0.0, 0.0, 1.0]}, {"left_foot_pose": [0.9914317637920329, -0.12893070257413497, 0.02097454833742045, 0.02000000001000161, 0.1306256396892238, 0.9785674067866739, -0.15919413503828184, 0.04655000083766242, 2.3010959195095806e-09, 0.16056993588011875, 0.987024465599235, 5.2878468478900764e-09, 0.0, 0.0, 0.0, 1.0], "right_foot_pose": [0.9869066727094311, -0.1610315975725663, 0.00916754846330549, 0.041102572443453084, 0.1612923412986494, 0.9853112475562881, -0.05609390410259538, -0.11361580151196209, 2.3783107339804084e-09, 0.05683810361278953, 0.9983834083044961, 4.4304924867732964e-09, 0.0, 0.0, 0.0, 1.0]}, {"left_foot_pose": [0.991269156326481, -0.12935853981393552, 0.025530920331892915, 0.020029925408748057, 0.13185393325140515, 0.9725109886977737, -0.19192945878164078, 0.04574654802267128, -1.3860390615876508e-06, 0.19362010494596332, 0.9810765795587999, 0.0028444569114403837, 0.0, 0.0, 0.0, 1.0], "right_foot_pose": [0.9869066727076975, -0.1605888665631077, 0.015047767309410225, 0.04110257261187729, 0.16129234130925674, 0.9826022892928165, -0.09207345823577112, -0.11361580178839968, 1.6916559248384982e-09, 0.09329499993296748, 0.9956385101971036, 3.1175524037307945e-09, 0.0, 0.0, 0.0, 1.0]}, {"left_foot_pose": [0.9908049769947556, -0.13204473024460128, 0.029490452303299424, 0.020113855932319777, 0.13529781060411936, 0.9669868100869397, -0.21594214865009068, 0.04349305619536005, -2.855633847929619e-06, 0.21794654925581253, 0.9759607070263279, 0.009617036568176827, 0.0, 0.0, 0.0, 1.0], "right_foot_pose": [0.9869066727098974, -0.160063814820016, 0.01986943748429267, 0.04110257261682304, 0.1612923412957931, 0.9793896319197054, -0.12157602365394705, -0.11361580180920058, 1.0725060509231437e-09, 0.12318897707768858, 0.9923832303735048, 1.9777618293082e-09, 0.0, 0.0, 0.0, 1.0]}, {"left_foot_pose": [0.9900804123760879, -0.13667070233499756, 0.03258674811107896, 0.02024075942612432, 0.14050187547630122, 0.9630898980922638, -0.22960198426902886, 0.0400857132110507, -4.103469900166162e-06, 0.23190292649272828, 0.9727389334591633, 0.01743949087003948, 0.0, 0.0, 0.0, 1.0], "right_foot_pose": [0.9869066727135815, -0.1595557354518491, 0.023604801160498415, 0.04110257250821748, 0.1612923412732518, 0.9762808243670852, -0.14443175765640115, -0.1136158016658691, 5.794777221285884e-10, 0.14634793902731952, 0.9892331781447969, 1.1020407364448204e-09, 0.0, 0.0, 0.0, 1.0]}, {"left_foot_pose": [0.9891349883762195, -0.14300919620105954, 0.03406383084597948, 0.020399600736062055, 0.14701011783710946, 0.9622230409157433, -0.22916117643348796, 0.03582082225951866, -4.847259615819876e-06, 0.2316790653744695, 0.972792275176832, 0.023433113996889583, 0.0, 0.0, 0.0, 1.0], "right_foot_pose": [0.9869066727170851, -0.15913883700114947, 0.02626880097023233, 0.041102572331696514, 0.1612923412518155, 0.9737299295747761, -0.1607320904605222, -0.11361580147138989, 2.2589272755897173e-10, 0.1628645290056221, 0.9866484405256905, 4.99878617665761e-10, 0.0, 0.0, 0.0, 1.0]}, {"left_foot_pose": [0.9880135712798632, -0.15080677360930023, 0.03296209945323383, 0.02057934628622936, 0.1543670396916568, 0.9652331058437382, -0.2109404381338166, 0.03099468448492179, -4.862731682129804e-06, 0.2135002773225486, 0.9769430032297431, 0.02500000195274501, 0.0, 0.0, 0.0, 1.0], "right_foot_pose": [0.9869066727193861, -0.1588637443479843, 0.02788422625228321, 0.04110257216731266, 0.161292341237736, 0.972046708132799, -0.17061646422968316, -0.11361580138195915, 1.757918444438858e-11, 0.17288003915989622, 0.9849428877148525, 1.6950115616642947e-10, 0.0, 0.0, 0.0, 1.0]}, {"left_foot_pose": [0.9867712971550272, -0.15935041809953807, 0.02983037650597936, 0.020768959395103426, 0.1621184970712794, 0.9699276110333417, -0.18154344455943702, 0.025903613321534194, -4.282026893059009e-06, 0.18397791608412686, 0.9829303771758239, 0.025000003166694665, 0.0, 0.0, 0.0, 1.0], "right_foot_pose": [0.9869066727201238, -0.1587484898474359, 0.028533073995859855, 0.041102572073243325, 0.16129234123322372, 0.9713414953623085, -0.17458659755783054, -0.1136158014081988, -5.251431707407498e-11, 0.17690284440469878, 0.9842283188577369, 2.4445064028544294e-11, 0.0, 0.0, 0.0, 1.0]}, {"left_foot_pose": [0.9854764291067373, -0.16795133348353367, 0.025071044177240636, 0.020957403868699463, 0.16981227183003736, 0.974679669624239, -0.1454762315882107, 0.020843915791024167, -3.3099704085064616e-06, 0.1476207681943429, 0.9890440378399522, 0.02500000413914894, 0.0, 0.0, 0.0, 1.0], "right_foot_pose": [0.9869066727195185, -0.15879437915202618, 0.028276571422493006, 0.041102571999065224, 0.16129234123692554, 0.9716222802370613, -0.1730171240231577, -0.11361580141783392, -1.0882301953479664e-11, 0.17531254860008177, 0.9845128289176043, 7.118918649018369e-11, 0.0, 0.0, 0.0, 1.0]}, {"left_foot_pose": [0.9842111343038996, -0.17611927215446416, 0.017619451978246797, 0.021133645677528755, 0.1769984268522956, 0.9793236690290115, -0.0979627897283907, 0.016111890746256206, -2.0111324323159742e-06, 0.0995346836803029, 0.9950340932554113, 0.022459725033183414, 0.0, 0.0, 0.0, 1.0], "right_foot_pose": [0.9869066727178893, -0.1591112182079781, 0.026435574237720905, 0.04110257199589961, 0.16129234124689512, 0.9735609372945296, -0.16175253330100223, -0.11361580157645204, 1.889540081336378e-10, 0.16389851010478976, 0.9864772062168646, 3.7674348363214705e-10, 0.0, 0.0, 0.0, 1.0]}, {"left_foot_pose": [0.9830701877213159, -0.18297278887681323, 0.009693531050089672, 0.021286646874755445, 0.18322938086672408, 0.9816937634581834, -0.05200335349289176, 0.012003859014145008, -8.80358220405229e-07, 0.0528990861731151, 0.9985998631490369, 0.01583856314029706, 0.0, 0.0, 0.0, 1.0], "right_foot_pose": [0.9869066727155735, -0.15946147158737523, 0.02423341553854845, 0.04110257203905564, 0.16129234126106312, 0.9757040480388122, -0.14827808769740733, -0.11361580174609642, 4.296219669986848e-10, 0.15024529849504087, 0.9886487496983628, 8.161418763030781e-10, 0.0, 0.0, 0.0, 1.0]}, {"left_foot_pose": [0.9821576521224676, -0.18804911429816568, 0.001969007099510115, 0.021405370509251564, 0.1880594224634018, 0.9821038234583396, -0.010282683076088525, 0.008816130517832374, -1.199557785389321e-07, 0.01046950620549058, 0.9999451932180082, 0.007998178507566622, 0.0, 0.0, 0.0, 1.0], "right_foot_pose": [0.986906672713703, -0.15989213504484717, 0.021206708937684317, 0.041102572111289454, 0.1612923412725084, 0.9783391675730299, -0.1297584441928294, -0.11361580180572037, 7.130314068065255e-10, 0.13147995415009558, 0.9913188294674368, 1.3261388584484557e-09, 0.0, 0.0, 0.0, 1.0]}, {"left_foot_pose": [0.981581510601816, -0.19098305571491161, -0.004817725028755049, 0.02147878147562883, 0.1910438118459638, 0.9812693656049709, 0.02475265805086677, 0.006845009909761054, 1.4771100467552776e-07, -0.025217148034899238, 0.9996819971595796, 0.0018172767780338175, 0.0, 0.0, 0.0, 1.0], "right_foot_pose": [0.9869066727133085, -0.16034251137129266, 0.01747851255379549, 0.041102572184969995, 0.16129234127492326, 0.9810949052891537, -0.10694656358069723, -0.11361580166424151, 9.684972663143193e-10, 0.10836542743335287, 0.9941111276598743, 1.7880597627528694e-09, 0.0, 0.0, 0.0, 1.0]}, {"left_foot_pose": [0.9814332402717388, -0.19152648066943384, -0.010315138976165303, 0.021497488402204674, 0.1918040533714466, 0.9800129417089547, 0.052781049565590224, 0.006342704770930283, 1.0228317814763771e-09, -0.05377956196681893, 0.998552832210023, 1.9887787944261603e-09, 0.0, 0.0, 0.0, 1.0], "right_foot_pose": [0.9869066727163274, -0.16074147570014596, 0.01331905919074908, 0.04110257248050478, 0.16129234125645048, 0.9835360664372088, -0.0814959303844969, -0.11361580136707514, 1.0284463293324544e-09, 0.08257713973589437, 0.9965846757767443, 1.985373442037197e-09, 0.0, 0.0, 0.0, 1.0]}, {"left_foot_pose": [0.9814332402733513, -0.19118603309274643, -0.01538491588572382, 0.02149748885031419, 0.19180405336319575, 0.9782709214364971, 0.07872235632421486, 0.006342704761403779, 8.184094825118414e-10, -0.08021162647676128, 0.9967778563842365, 1.940671193190191e-09, 0.0, 0.0, 0.0, 1.0], "right_foot_pose": [0.9869066727195018, -0.16103790990983974, 0.009055987720381051, 0.041102572925319936, 0.16129234123702632, 0.9853498720786378, -0.05541128272193836, -0.1136158013346245, 8.131408999187209e-10, 0.05614642612386171, 0.9984225452349912, 1.9307183490857582e-09, 0.0, 0.0, 0.0, 1.0]}, {"left_foot_pose": [0.9814332402733587, -0.19074655461235857, -0.020113348553922827, 0.021497488254998115, 0.19180405336315806, 0.9760221745345771, 0.10291705364155829, 0.006342704651227179, 7.997887976603472e-10, -0.10486403921417015, 0.9944865676718264, 1.5252445140223614e-09, 0.0, 0.0, 0.0, 1.0], "right_foot_pose": [0.9869066727196532, -0.16121314480314675, 0.005053838551336263, 0.04110257233807171, 0.1612923412361026, 0.9864220898046383, -0.03092315320317223, -0.11361580146965483, 7.897684007717677e-10, 0.03133341168991694, 0.9995089881095971, 1.5380677703680234e-09, 0.0, 0.0, 0.0, 1.0]}, {"left_foot_pose": [0.9814332402728109, -0.19028060317932596, -0.0241264780132623, 0.02149748797455203, 0.19180405336596165, 0.9736379692371344, 0.12345165034205602, 0.006342704843773724, 5.671070478952153e-10, -0.12578710948861863, 0.9920572579677543, 9.881384877008514e-10, 0.0, 0.0, 0.0, 1.0], "right_foot_pose": [0.9867500326036964, -0.16224435347392574, 0.0010690755033212593, 0.041280314004942656, 0.16224787566129303, 0.9867286131742432, -0.006501598775102221, -0.11421850963571534, -3.9698957832227215e-08, 0.006588908032643517, 0.9999782929098688, 0.0022503011940127743, 0.0, 0.0, 0.0, 1.0]}, {"left_foot_pose": [0.9814332402708795, -0.18985255048097732, -0.02729109684991429, 0.021497487899276125, 0.19180405337584386, 0.9714476861029523, 0.13964454258515638, 0.006342704895570902, 3.15519021379884e-10, -0.14228633891238118, 0.9898255390516614, 5.433004254817853e-10, 0.0, 0.0, 0.0, 1.0], "right_foot_pose": [0.9862199090516115, -0.16539276622276805, -0.003940034442975636, 0.04187423789634501, 0.16543968988770846, 0.9859402306290409, 0.023485541020215623, -0.11623247200596493, 2.99871821855276e-07, -0.023813746205377854, 0.9997164125348629, 0.008710108052177305, 0.0, 0.0, 0.0, 1.0]}, {"left_foot_pose": [0.9814332402687816, -0.18952339915269434, -0.029490270753755408, 0.021497487891780465, 0.1918040533865785, 0.9697634667760955, 0.1508973943144432, 0.006342704797671557, 1.0856967128808456e-10, -0.15375207211617806, 0.9881094576614387, 2.1517085335709396e-10, 0.0, 0.0, 0.0, 1.0], "right_foot_pose": [0.9853687023330285, -0.17013299929986686, -0.010162824988870438, 0.04280463254752222, 0.17043626510066828, 0.9836157461077663, 0.05874983870102692, -0.11938739987995728, 1.0284174011912601e-06, -0.05962236625708062, 0.9982210043075875, 0.016558460809650274, 0.0, 0.0, 0.0, 1.0]}, {"left_foot_pose": [0.981433240267355, -0.18934092756159998, -0.03063997468070959, 0.021497487938409415, 0.19180405339387824, 0.9688297862360535, 0.1567802615238355, 0.006342704657324735, -2.008342127722024e-11, -0.1597462314169471, 0.9871581137528498, 2.3416379946183952e-11, 0.0, 0.0, 0.0, 1.0], "right_foot_pose": [0.9842498366651758, -0.175929220228526, -0.01735420682017797, 0.04398762659910216, 0.17678308465597814, 0.979497021261755, 0.0966091420046072, -0.12339889169327445, 2.022866907099077e-06, -0.0981554624518264, 0.9951710934240284, 0.022916654089726846, 0.0, 0.0, 0.0, 1.0]}, {"left_foot_pose": [0.9814332402671038, -0.18937871697954622, -0.030405533279251027, 0.0214974880269954, 0.19180405339516382, 0.9690231491571618, 0.1555806591409211, 0.006342704620435181, -4.8771283849442184e-12, -0.15852393495216785, 0.9873551347145979, 3.858158237335374e-11, 0.0, 0.0, 0.0, 1.0], "right_foot_pose": [0.9829213473472153, -0.18242525801936468, -0.024220862199826453, 0.0453393505223361, 0.18402615281601595, 0.9743727705205032, 0.12935253823537884, -0.12798253955153271, 2.9784429913543735e-06, -0.13160064325362192, 0.9913028148282248, 0.02500000249247574, 0.0, 0.0, 0.0, 1.0]}, {"left_foot_pose": [0.9814332402690545, -0.18957784987065418, -0.029138183426645346, 0.02149748811841915, 0.19180405338518072, 0.9700420831362759, 0.14909581499710328, 0.006342704611933512, 1.181261008479433e-10, -0.15191641051267413, 0.9883933448870169, 2.7549113684743887e-10, 0.0, 0.0, 0.0, 1.0], "right_foot_pose": [0.9814510358875566, -0.1892750278514593, -0.030476679397053816, 0.046775932331379604, 0.19171297332599796, 0.9689733473273676, 0.15600252570936604, -0.13285393046017174, 3.7076522478332807e-06, -0.15895161528284507, 0.9872863738476428, 0.025000001635188056, 0.0, 0.0, 0.0, 1.0]}, {"left_foot_pose": [0.9814332402725806, -0.1899412604274462, -0.02666669224514398, 0.021497488231747824, 0.1918040533671389, 0.971901601988659, 0.13644955538152026, 0.006342704600898008, 3.7886305062275715e-10, -0.13903090893435113, 0.990288042117489, 7.571074669976419e-10, 0.0, 0.0, 0.0, 1.0], "right_foot_pose": [0.979919543773578, -0.19617680191357523, -0.035670017122851776, 0.04821350072744871, 0.1993932990702944, 0.9641156876427451, 0.17528049842187413, -0.1377286672950636, 4.05546840589537e-06, -0.1788731484379877, 0.9838721445144358, 0.02500000072009991, 0.0, 0.0, 0.0, 1.0]}, {"left_foot_pose": [0.9814332402772612, -0.19043265717390412, -0.022895369849876626, 0.021497488306245278, 0.1918040533431878, 0.9744160075031557, 0.11715224898709695, 0.006342704894170192, 8.109130319269027e-10, -0.1193685360691729, 0.9928500151567221, 1.5462402608301673e-09, 0.0, 0.0, 0.0, 1.0], "right_foot_pose": [0.978421355769854, -0.20299315958893346, -0.03854124717212179, 0.04956818536128164, 0.20661957932062125, 0.9612523741644934, 0.18248896570613335, -0.14232234504372573, 3.8536086581230795e-06, -0.1865144775164294, 0.9824522124062435, 0.023024932226015246, 0.0, 0.0, 0.0, 1.0]}, {"left_foot_pose": [0.9814332402811964, -0.19098195214555944, -0.017739470843969762, 0.021497488370050655, 0.19180405332305395, 0.9772266696749874, 0.09077026608301482, 0.006342705288693887, 1.4013429501390188e-09, -0.09248745877471921, 0