{"LoopMode": "Wrap", "FrameDuration": 0.0167, "EnableCycleOffsetPosition": true, "EnableCycleOffsetRotation": false, "Debug_info": [{"left_foot_pose": [1.0000000000000004, 9.283975409286818e-14, -6.70047350936898e-12, 1.1828006013108766e-12, -2.5736550744002326e-14, 0.9999503478363908, 0.009965031955889329, -7.331982243563573e-14, 6.700873539058792e-12, -0.009965031955889499, 0.9999503478363909, 1.4131765202485269e-11, 0.0, 0.0, 0.0, 1.0], "right_foot_pose": [1.0, -1.5231834371184983e-13, -6.754041770307139e-12, 9.731659457609505e-13, 5.456516821900672e-14, 0.9998951501402649, -0.014480632789253305, -0.1400000000018144, 6.7553537911029205e-12, 0.014480632789253151, 0.9998951501402649, 1.1549171341496134e-11, 0.0, 0.0, 0.0, 1.0]}, {"left_foot_pose": [1.0000000000000007, 1.529943834953299e-13, -1.495620294278411e-11, 2.543450359112119e-12, -4.311535122909934e-14, 0.999973175668616, 0.007324475627917959, 6.220458176331434e-13, 1.495668486808305e-11, -0.00732447562791813, 0.9999731756686163, 3.064853232315201e-11, 0.0, 0.0, 0.0, 1.0], "right_foot_pose": [0.9999999999999999, -3.937626188706735e-13, -1.5050849455633394e-11, 2.2471499782518883e-12, 1.3606826979912682e-13, 0.9998534074016215, -0.017122024044106177, -0.14000000000325064, 1.5055352293468818e-11, 0.017122024044106024, 0.9998534074016214, 2.6721319601463733e-11, 0.0, 0.0, 0.0, 1.0]}, {"left_foot_pose": [1.0000000000000004, 1.2857245459612563e-13, -2.627958961554101e-11, 4.382241457212314e-12, -3.241569386224092e-14, 0.9999933519740047, 0.003646369124937585, 1.8899066339672643e-12, 2.627966420329684e-11, -0.003646369124937758, 0.9999933519740047, 5.318188944780644e-11, 0.0, 0.0, 0.0, 1.0], "right_foot_pose": [0.9999999999999998, -8.324113743513786e-13, -2.6442847911312122e-11, 4.019017468476412e-12, 2.82226989737197e-13, 0.9997836082730421, -0.02080232267167841, -0.1400000000048941, 2.645438232861912e-11, 0.020802322671678256, 0.999783608273042, 4.7801609892594854e-11, 0.0, 0.0, 0.0, 1.0]}, {"left_foot_pose": [1.0000000000000004, -8.223985248305163e-14, -4.05138700365626e-11, 6.672813464032898e-12, 4.0029228158979726e-14, 0.9999994486928029, -0.0010500543278389497, 3.828699510211031e-12, 4.05136584841081e-11, 0.0010500543278387756, 0.9999994486928029, 8.154048963815441e-11, 0.0, 0.0, 0.0, 1.0], "right_foot_pose": [1.0, -1.5657105949494797e-12, -4.079142579271887e-11, 6.270063936567482e-12, 5.249496464436938e-13, 0.9996747382794158, -0.025503286964259447, -0.14000000000659696, 4.081799570275236e-11, 0.0255032869642593, 0.999674738279416, 7.451027989047176e-11, 0.0, 0.0, 0.0, 1.0]}, {"left_foot_pose": [1.0000000000000002, -6.064863200907398e-13, -5.781797263182398e-11, 9.440239012476014e-12, 2.1624133760966185e-13, 0.9999771843395299, -0.006755057393314852, 6.605500868506198e-12, 5.782048261906042e-11, 0.006755057393314677, 0.99997718433953, 1.1618234152521723e-10, 0.0, 0.0, 0.0, 1.0], "right_foot_pose": [1.0, -2.7291042727792157e-12, -5.828210136726851e-11, 9.034381037936499e-12, 9.084818755680929e-13, 0.9995126483784027, -0.03121643367829291, -0.14000000000822074, 5.83388715345149e-11, 0.031216433678292757, 0.9995126483784029, 1.0716640769237173e-10, 0.0, 0.0, 0.0, 1.0]}, {"left_foot_pose": [1.0000000000000004, -1.6124306126021842e-12, -7.870004647969607e-11, 1.2766552013311307e-11, 5.517597169807646e-13, 0.9999091436170222, -0.013479781566269975, 1.048342315734807e-11, 7.871439202448605e-11, 0.0134797815662698, 0.999909143617022, 1.5830152466644876e-10, 0.0, 0.0, 0.0, 1.0], "right_foot_pose": [1.0, -4.5140705505837325e-12, -7.945921698393474e-11, 1.2406840511878796e-11, 1.4950479546498692e-12, 0.9992794700421753, -0.0379544562894706, -0.14000000000961343, 7.957328719665395e-11, 0.03795445628947044, 0.9992794700421754, 1.4677092180503948e-10, 0.0, 0.0, 0.0, 1.0]}, {"left_foot_pose": [1.0000000000000004, -3.3362703708346958e-12, -1.0402967376421653e-10, 1.6793438045256636e-11, 1.124191437743761e-12, 0.99977398296956, -0.021259891278710807, 1.585362049971728e-11, 1.0407673760484297e-10, 0.021259891278710624, 0.99977398296956, 2.0988486643114257e-10, 0.0, 0.0, 0.0, 1.0], "right_foot_pose": [0.9999999999999999, -7.1965733482816335e-12, -1.052413156621412e-10, 1.6547895524352734e-11, 2.3737898234123375e-12, 0.9989526943348754, -0.04575493941742954, -0.140000000010574, 1.0546021418946576e-10, 0.0457549394174294, 0.9989526943348754, 1.9504145520876648e-10, 0.0, 0.0, 0.0, 1.0]}, {"left_foot_pose": [1.0000000000000007, -6.119229721677866e-12, -1.3502515772145774e-10, 2.172276744014425e-11, 2.0449700993144446e-12, 0.9995452048628172, -0.030155985073445562, 2.3273199339923778e-11, 1.3514791663989465e-10, 0.030155985073445385, 0.9995452048628172, 2.7375565009313263e-10, 0.0, 0.0, 0.0, 1.0], "right_foot_pose": [1.0, -1.1176165183180352e-11, -1.3692075251370276e-10, 2.1687682206058825e-11, 3.672570123317818e-12, 0.9985038819738612, -0.05468087127259186, -0.14000000001080157, 1.3732692477210405e-10, 0.054680871272591705, 0.9985038819738612, 2.544192981290827e-10, 0.0, 0.0, 0.0, 1.0]}, {"left_foot_pose": [1.0000000000000007, -1.0455266783427084e-11, -1.7323792400603093e-10, 2.781841072776248e-11, 3.4739701429239405e-12, 0.999189562258309, -0.040251940003552845, 3.350798458146009e-11, 1.735181579170631e-10, 0.040251940003552665, 0.999189562258309, 3.5363210970640324e-10, 0.0, 0.0, 0.0, 1.0], "right_foot_pose": [1.0, -1.7026700921146362e-11, -1.761523149568233e-10, 2.8130609389706626e-11, 5.572930691532603e-12, 0.9978970300324, -0.06481911332712925, -0.1400000000098319, 1.7688527269980525e-10, 0.06481911332712911, 0.9978970300324, 3.280775928704571e-10, 0.0, 0.0, 0.0, 1.0]}, {"left_foot_pose": [1.0000000000000007, -1.704254625254906e-11, -2.2043811220839845e-10, 3.5396228540412205e-11, 5.634425386741297e-12, 0.9986652280989389, -0.05165038418149285, 4.7555379772967754e-11, 2.2102388236684166e-10, 0.051650384181492655, 0.9986652280989388, 4.540429768273846e-10, 0.0, 0.0, 0.0, 1.0], "right_foot_pose": [1.0, -2.554953998214887e-11, -2.2485319162157664e-10, 3.6248879255965854e-11, 8.324286035399975e-12, 0.9970867420138825, -0.07627600474684999, -0.1400000000069586, 2.261465945844392e-10, 0.07627600474684985, 0.9970867420138826, 4.197730704702529e-10, 0.0, 0.0, 0.0, 1.0]}, {"left_foot_pose": [1.0000000000000004, -2.680212530428608e-11, -2.7817426140330734e-10, 4.4766544236961156e-11, 8.814988946921524e-12, 0.997920146826559, -0.06446224133288923, 6.656239275038e-11, 2.7932309816255613e-10, 0.06446224133288905, 0.9979201468265594, 5.796182908635039e-10, 0.0, 0.0, 0.0, 1.0], "right_foot_pose": [0.9999999999999998, -3.7783060397675694e-11, -2.8476193625337466e-10, 4.6423511815372296e-11, 1.2241262230829394e-11, 0.9960166898181233, -0.08916699840046485, -0.1400000000011642, 2.869962723265945e-10, 0.08916699840046473, 0.9960166898181233, 5.331008551268113e-10, 0.0, 0.0, 0.0, 1.0]}, {"left_foot_pose": [1.0000000000000004, -4.075135349859135e-11, -3.465635556310069e-10, 5.605743051904445e-11, 1.3321769915937343e-11, 0.9968918015258905, -0.0787828410916074, 9.143843321401945e-11, 3.486966926819711e-10, 0.0787828410916072, 0.9968918015258906, 7.327928056022337e-10, 0.0, 0.0, 0.0, 1.0], "right_foot_pose": [0.9999999999999998, -5.4835827821247217e-11, -3.5620256744195413e-10, 5.885269469258473e-11, 1.7640875620423365e-11, 0.9946198032787391, -0.1035926972607748, -0.1399999999911621, 3.599665478532248e-10, 0.10359269726077469, 0.9946198032787389, 6.692951332043506e-10, 0.0, 0.0, 0.0, 1.0]}, {"left_foot_pose": [1.0000000000000004, -5.939551224699827e-11, -4.2116143905701516e-10, 6.871623768742912e-11, 1.9272115044684563e-11, 0.9955119128404902, -0.09463631117424794, 1.2162656645720027e-10, 4.248919568703443e-10, 0.09463631117424776, 0.9955119128404907, 9.07160374596927e-10, 0.0, 0.0, 0.0, 1.0], "right_foot_pose": [1.0, -7.714535078745055e-11, -4.3482056844013026e-10, 7.29965937818208e-11, 2.4594852488653142e-11, 0.992824245847148, -0.11958267791800879, -0.1399999999758616, 4.409255044244205e-10, 0.11958267791800865, 0.992824245847148, 8.211921698197955e-10, 0.0, 0.0, 0.0, 1.0]}, {"left_foot_pose": [1.0000000000000007, -8.073694302528003e-11, -4.852796497978303e-10, 8.019584398374374e-11, 2.595333491869741e-11, 0.9937253689730046, -0.11184762429067019, 1.5178744199040306e-10, 4.912648139716798e-10, 0.11184762429067004, 0.9937253689730047, 1.0697375416035548e-09, 0.0, 0.0, 0.0, 1.0], "right_foot_pose": [1.0, -1.0210155649465524e-10, -5.034754835264715e-10, 8.610055312159359e-11, 3.218054095656883e-11, 0.9905757964034502, -0.13696565839534583, -0.13999999995610551, 5.127149210138693e-10, 0.13696565839534566, 0.9905757964034503, 9.577186474429844e-10, 0.0, 0.0, 0.0, 1.0]}, {"left_foot_pose": [1.0000000000000002, -9.521887774642311e-11, -4.944375464610556e-10, 8.307628245773749e-11, 3.026170666637365e-11, 0.9915469156511553, -0.12974865726735504, 1.6467771243866558e-10, 5.026124713513219e-10, 0.12974865726735485, 0.9915469156511553, 1.1215517542462194e-09, 0.0, 0.0, 0.0, 1.0], "right_foot_pose": [1.0, -1.1807880298416374e-10, -5.156152171892351e-10, 8.995173301982895e-11, 3.669386889123834e-11, 0.9879034190011889, -0.1550704186031671, -0.13999999993932566, 5.276883484963148e-10, 0.15507041860316692, 0.9879034190011889, 9.907441950174345e-10, 0.0, 0.0, 0.0, 1.0]}, {"left_foot_pose": [0.9999999994504079, -3.277640680184244e-05, 4.989208682971223e-06, 1.0134736475676259e-10, 3.315372258426128e-05, 0.9891742470708883, -0.14674572509130368, 1.2349448603742735e-05, -1.2539916053243395e-07, 0.14674572517606396, 0.9891742476139056, 0.00016386112080504778, 0.0, 0.0, 0.0, 1.0], "right_foot_pose": [1.0, -9.952510436354445e-11, -3.928410929887599e-10, 7.943078017695127e-11, 3.044535801577138e-11, 0.9850850537432322, -0.17206811701094973, -0.14000000000117632, 4.041068749942258e-10, 0.17206811701094954, 0.9850850537432319, 7.328815471163708e-10, 0.0, 0.0, 0.0, 1.0]}, {"left_foot_pose": [0.9999995617771738, -0.0009230191920090511, 0.00015646415741445542, 1.2006261110295339e-09, 0.0009361863819494368, 0.9860629605925054, -0.16636995312436162, 0.00034878399882573574, -7.208505795638031e-07, 0.16637002669686374, 0.9860633925952057, 0.004191208949494443, 0.0, 0.0, 0.0, 1.0], "right_foot_pose": [0.9999999999999998, -6.248688116795357e-11, -2.2727408843792282e-10, 1.1120741955767082e-10, 1.9122769294953368e-11, 0.9825491467175201, -0.18600315665244316, -0.14000000015506286, 2.3493056487260433e-10, 0.18600315665244302, 0.9825491467175202, 3.8541505403832943e-10, 0.0, 0.0, 0.0, 1.0]}, {"left_foot_pose": [0.9999957846724268, -0.0028510840782987636, 0.0005495061025967965, 1.902942198104716e-09, 0.002903555675379532, 0.9820120432112451, -0.1887959648735019, 0.0010817696660392374, -1.3484410703599507e-06, 0.188796764558228, 0.9820161819901584, 0.011469801540934639, 0.0, 0.0, 0.0, 1.0], "right_foot_pose": [1.0, -2.3906972513384705e-11, -7.84051712443555e-11, 1.1670949914200469e-10, 8.092437199363613e-12, 0.980643601602636, -0.19580124268198873, -0.14000000014239117, 8.15684518325683e-11, 0.1958012426819885, 0.9806436016026359, 1.5620824772577535e-10, 0.0, 0.0, 0.0, 1.0]}, {"left_foot_pose": [0.9999837161719803, -0.005578460898446833, 0.0012033972249080817, 1.1955521626811965e-09, 0.005706784300976956, 0.9775700599698869, -0.21053315763417174, 0.0021261910656295013, -1.9541096325017225e-06, 0.21053659687683104, 0.9775859764602322, 0.019120925465912875, 0.0, 0.0, 0.0, 1.0], "right_foot_pose": [0.9999999999999997, -6.777871596953598e-13, 7.1432304515894925e-12, 7.440547359401125e-11, 2.0984187733200692e-12, 0.9796333069732425, -0.2007948800857964, -0.1400000000374979, -6.861982985451622e-12, 0.2007948800857963, 0.9796333069732424, 3.672353393602279e-11, 0.0, 0.0, 0.0, 1.0]}, {"left_foot_pose": [0.9999584360217162, -0.008880720855631848, 0.002063740799848668, -1.0634894484148893e-10, 0.00911735834009337, 0.9740651537959689, -0.22608394444837307, 0.003396928136365683, -2.429599013492778e-06, 0.22609336336460867, 0.9741056364874282, 0.024265876766490842, 0.0, 0.0, 0.0, 1.0], "right_foot_pose": [0.9999999999999998, -3.858368878958235e-12, 1.6426304760841728e-12, -4.329255257420592e-12, 4.1095071155588584e-12, 0.9796881729389547, -0.2005270151464215, -0.13999999995690102, -8.358061302447802e-13, 0.2005270151464213, 0.9796881729389548, 4.1507831893827785e-11, 0.0, 0.0, 0.0, 1.0]}, {"left_foot_pose": [0.9999167046169815, -0.012559737394919189, 0.00297267968121935, -1.0622769650676586e-10, 0.012906735484884985, 0.9730812105977866, -0.23010079043903792, 0.0048088567458482185, -2.6532406430012316e-06, 0.23011999169589198, 0.9731622626339574, 0.025000000018292723, 0.0, 0.0, 0.0, 1.0], "right_foot_pose": [0.9999999999999998, -3.6337345124749105e-11, -1.0718542720056214e-10, -6.327723098282062e-11, 1.4775866724352477e-11, 0.9808677179119725, -0.19467542207006955, -0.13999999995549173, 1.1220859756146132e-10, 0.19467542207006938, 0.9808677179119725, 2.308562993547092e-10, 0.0, 0.0, 0.0, 1.0]}, {"left_foot_pose": [0.9998580894402563, -0.016404725299325126, 0.0038322276465006253, -7.171199392771652e-11, 0.016846393497851605, 0.9736801291542185, -0.2272954137600242, 0.006276861662307589, -2.6450852636017994e-06, 0.22732771735553642, 0.9738183141196954, 0.02500000011753361, 0.0, 0.0, 0.0, 1.0], "right_foot_pose": [0.9999999999999997, -9.189182829276044e-11, -3.1664715294255023e-10, -8.163705655300829e-11, 3.2280523438732954e-11, 0.9830497219077529, -0.18333915091188283, -0.13999999991347895, 3.2812687754817994e-10, 0.18333915091188271, 0.9830497219077527, 6.139053293496843e-10, 0.0, 0.0, 0.0, 1.0]}, {"left_foot_pose": [0.9997855696688212, -0.020209549414549697, 0.004515395270895771, 1.442930666986121e-10, 0.020707840934767383, 0.9757531624887988, -0.21789206322610594, 0.0077158259312047235, -2.410796657457749e-06, 0.21793884464585409, 0.975962427549657, 0.024910269274464, 0.0, 0.0, 0.0, 1.0], "right_foot_pose": [0.9999999999999997, -1.6499761690526795e-10, -6.467782420749292e-10, -8.566265672889623e-11, 5.515912171070806e-11, 0.9860797578989536, -0.16627300160260877, -0.13999999992630133, 6.652092895323873e-10, 0.16627300160260863, 0.9860797578989534, 1.1997001239660854e-09, 0.0, 0.0, 0.0, 1.0]}, {"left_foot_pose": [0.9997056186163248, -0.023792400419368056, 0.004753713205123303, 1.7513366087212878e-09, 0.02426264831515816, 0.9803452672079003, -0.1957919328261675, 0.009040626557691372, -1.9201776244452446e-06, 0.19584963299775654, 0.9806339384556086, 0.02116383252943476, 0.0, 0.0, 0.0, 1.0], "right_foot_pose": [0.9999999999999998, -2.4196534670276374e-10, -1.1213930894982113e-09, -8.039752268374718e-11, 7.922154799866462e-11, 0.9897354413213664, -0.14291170768135175, -0.14000000027764775, 1.1444621355828177e-09, 0.1429117076813516, 0.9897354413213664, 2.0361193911466735e-09, 0.0, 0.0, 0.0, 1.0]}, {"left_foot_pose": [0.999627763487888, -0.02691844690916435, 0.00444203559226376, 2.5094663610569085e-09, 0.02728249370130191, 0.9862967734980083, -0.16270937319299705, 0.010166152838960007, -1.2817484941030857e-06, 0.16276999663149833, 0.9866640401853816, 0.013996811418911508, 0.0, 0.0, 0.0, 1.0], "right_foot_pose": [0.9999999999999998, -2.869153968539753e-10, -1.7016713593775973e-09, 5.069106737739049e-12, 9.268129648255911e-11, 0.9935879293193095, -0.11306204805754604, -0.14000000058463818, 1.7231992812931977e-09, 0.1130620480575459, 0.9935879293193096, 3.143663329652213e-09, 0.0, 0.0, 0.0, 1.0]}, {"left_foot_pose": [0.9995636244354551, -0.02931183631092303, 0.003657452328979134, 1.8143906608267604e-09, 0.029539138528913073, 0.9918747694289096, -0.12374118580859947, 0.011007291369590116, -6.533021623520908e-07, 0.12379522616979316, 0.992307785909767, 0.006287910163852793, 0.0, 0.0, 0.0, 1.0], "right_foot_pose": [0.9999999999999996, -2.639799698411811e-10, -2.3451609543201345e-09, 1.560800524916776e-10, 8.28828442998671e-11, 0.9970397032109082, -0.07688842709474616, -0.1400000007278527, 2.358515493337717e-09, 0.07688842709474601, 0.9970397032109083, 4.41738087081367e-09, 0.0, 0.0, 0.0, 1.0]}, {"left_foot_pose": [0.9995254325502941, -0.030701755200654556, 0.002512352034903999, 6.625581983553917e-10, 0.030804377694109514, 0.9961960219177027, -0.08151427010176633, 0.011478924545357516, -1.6393680409401504e-07, 0.08155297752347304, 0.9966690081752468, 0.0009158379273577211, 0.0, 0.0, 0.0, 1.0], "right_foot_pose": [1.0, -1.4094014392114271e-10, -2.9224177522380038e-09, 3.494227772248025e-10, 3.8260536194492255e-11, 0.9993836135884036, -0.0351054538638201, -0.14000000059566967, 2.925564090314738e-09, 0.03510545386381995, 0.9993836135884033, 5.579979527048362e-09, 0.0, 0.0, 0.0, 1.0]}, {"left_foot_pose": [0.9995195384767571, -0.03097372627049562, 0.0011491232013011569, 6.170850235420917e-10, 0.03099503513808898, 0.9988323720997095, -0.03705671656335674, 0.011550000751819393, 3.1423261034011105e-09, 0.03707452935087245, 0.9993125033108572, 6.12253871906665e-09, 0.0, 0.0, 0.0, 1.0], "right_foot_pose": [0.9999999999999998, 5.48105509636201e-11, -3.1632220176547325e-09, 4.4989887448934054e-10, -2.3545806671477118e-11, 0.9999511623330245, 0.009882962553472544, -0.14000000049600417, 3.1636091080812855e-09, -0.009882962553472697, 0.9999511623330244, 6.139547023553682e-09, 0.0, 0.0, 0.0, 1.0]}, {"left_foot_pose": [0.9995195384789191, -0.03099395399289312, -0.0002588721232368458, 5.561231715476948e-10, 0.030995035068374675, 0.9994846770552235, 0.00834794183775003, 0.011550000465228607, 2.9952369749257725e-09, -0.008351954723454883, 0.9999651218179055, 5.69267666339357e-09, 0.0, 0.0, 0.0, 1.0], "right_foot_pose": [1.0, 2.522502930339168e-10, -2.9681582192075963e-09, 3.896304082575649e-10, -8.784311854186698e-11, 0.9984719755201394, 0.055260420744958925, -0.14000000069916282, 2.9775620824261315e-09, -0.055260420744959064, 0.9984719755201394, 5.995369520284122e-09, 0.0, 0.0, 0.0, 1.0]}, {"left_foot_pose": [0.9995195384804715, -0.0309545722615322, -0.0015832409457444292, 4.475152948950692e-10, 0.030995035018317275, 0.9982147104417914, 0.051055848458572986, 0.011550000255388718, 2.4517307520582723e-09, -0.051080390696597665, 0.9986945447364196, 4.596600093609293e-09, 0.0, 0.0, 0.0, 1.0], "right_foot_pose": [0.9999999999984212, 1.7677239349978042e-06, 1.7995559020710543e-07, 3.7238028993362143e-06, -1.7768464178879597e-06, 0.9952484499079763, 0.09736797703872045, -0.13999289299395665, -6.980818796935291e-09, -0.09736797703888665, 0.9952484499095463, 3.740372013798926e-05, 0.0, 0.0, 0.0, 1.0]}, {"left_foot_pose": [0.999519538480868, -0.030874480073824904, -0.0027310575176807306, 4.537968880335107e-10, 0.030995035005528016, 0.9956319204811883, 0.08807035099252991, 0.011550000519874344, 1.7444593625024797e-09, -0.08811268580126426, 0.9961105132468427, 3.241818445631761e-09, 0.0, 0.0, 0.0, 1.0], "right_foot_pose": [0.9999999833021689, 0.0001811293540740136, 2.4244981498887753e-05, 0.0003830242433743486, -0.00018274475917081002, 0.9912488643888788, 0.13200627050299982, -0.13926893935917362, -1.2259986803778955e-07, -0.13200627272942478, 0.9912488809376131, 0.0034929895379466544, 0.0, 0.0, 0.0, 1.0]}, {"left_foot_pose": [0.9995195384805584, -0.030776791737349447, -0.0036716870738525897, 4.043999830914257e-10, 0.030995035015506812, 0.9924816923519569, 0.11840353943435905, 0.011550000499604814, 1.1267072095931848e-09, -0.11846045515931526, 0.9929587708275953, 2.0806081857394076e-09, 0.0, 0.0, 0.0, 1.0], "right_foot_pose": [0.9999998061845601, 0.0006146998015838696, 9.886858119661678e-05, 0.0013049476800778715, -0.0006226000133598553, 0.9873759926338973, 0.15839274459219768, -0.13750931616780965, -2.5647482636852085e-07, -0.1583927754488183, 0.9873761839772898, 0.010538497099034337, 0.0, 0.0, 0.0, 1.0]}, {"left_foot_pose": [0.9995195384799643, -0.030680646436069773, -0.004403422653482613, 3.028188897281469e-10, 0.030995035034668713, 0.9893812225900288, 0.1420003668638236, 0.011550000304628617, 6.389417565948148e-10, -0.14206862539113183, 0.9898568106950999, 1.1896751361817337e-09, 0.0, 0.0, 0.0, 1.0], "right_foot_pose": [0.999999197177956, 0.0012474249761269675, 0.00022265303051443295, 0.0026558901697388447, -0.0012671398112108249, 0.9844928282359171, 0.17542025398665775, -0.13493085141897085, -3.7670558505662057e-07, -0.17542039528793013, 0.9844936185252213, 0.018295208163092144, 0.0, 0.0, 0.0, 1.0]}, {"left_foot_pose": [0.9995195384793751, -0.030600449570547753, -0.00492997809917436, 1.6276804624720982e-10, 0.03099503505366611, 0.986795053611144, 0.15898059620784735, 0.011550000060263617, 2.857224107165014e-10, -0.15905701699284122, 0.9872693985662373, 5.826476037751327e-10, 0.0, 0.0, 0.0, 1.0], "right_foot_pose": [0.9999978737459131, 0.00202844481085251, 0.0003713694956041089, 0.004322250568027628, -0.002062159898931027, 0.9836879169523933, 0.17987170299525243, -0.13175036958033987, -4.5186299067852767e-07, -0.17987208636559057, 0.983690008359486, 0.023884417361179133, 0.0, 0.0, 0.0, 1.0]}, {"left_foot_pose": [0.9995195384789771, -0.030546173691179835, -0.00525580361146202, 4.515647507611839e-11, 0.030995035066507075, 0.9850447781989451, 0.16948773626495175, 0.011549999959156718, 7.223529982739485e-11, -0.16956920774663106, 0.9855182818112412, 2.4577918866786064e-10, 0.0, 0.0, 0.0, 1.0], "right_foot_pose": [0.9999956385377093, 0.0029109549551131052, 0.0004992462399877945, 0.0061904268014323065, -0.0029534565087539827, 0.9856314440500992, 0.16888437936756376, -0.12818469391014747, -4.579714946032387e-07, -0.16888511728676886, 0.9856357426345823, 0.02500000134174518, 0.0, 0.0, 0.0, 1.0]}, {"left_foot_pose": [0.9995195384788377, -0.03052163565061902, -0.005396476282119558, -2.2828524552480356e-12, 0.030995035071001837, 0.984253481484006, 0.17402411323595737, 0.011549999976619443, -1.0188313492740362e-11, -0.17410776531741726, 0.9847266047264979, 9.343919388227206e-11, 0.0, 0.0, 0.0, 1.0], "right_foot_pose": [0.9999924462446164, 0.003843764778060225, 0.0005769974340492352, 0.008146811211112328, -0.0038868307837499057, 0.9889281214960921, 0.1483444069072664, -0.12445065738745785, -4.079822701353328e-07, -0.14834552904129306, 0.9889355914382354, 0.025000002099862216, 0.0, 0.0, 0.0, 1.0]}, {"left_foot_pose": [0.9995195384789348, -0.030527733130180628, -0.005361875491881243, -3.031657097671975e-11, 0.030995035067861772, 0.9844501116078704, 0.17290831546341065, 0.011549999983353695, 1.595350859986332e-11, -0.1729914311900587, 0.9849233293687466, 1.420081344183366e-10, 0.0, 0.0, 0.0, 1.0], "right_foot_pose": [0.9999884410932571, 0.0047725557461868245, 0.0005834308244283178, 0.010077802207047687, -0.004808084834512263, 0.9926071149758954, 0.12127653367182602, -0.12076508806716604, -3.1856977090113076e-07, -0.12127793703258227, 0.9926185883757265, 0.024992552701920717, 0.0, 0.0, 0.0, 1.0]}, {"left_foot_pose": [0.999519538479252, -0.030564167455474113, -0.005150132617488502, -1.239319029886811e-10, 0.030995035057634637, 0.9856250369573429, 0.16608008406974364, 0.01155000011721542, 1.509201148061549e-10, -0.16615991752101605, 0.9860988194949886, 4.191720512358721e-10, 0.0, 0.0, 0.0, 1.0], "right_foot_pose": [0.9999839649679967, 0.005641458462105407, 0.0004937137879501683, 0.011869798435013016, -0.005663020999661769, 0.9961795561701733, 0.08714483382137052, -0.11734480757951306, -2.0362196494862057e-07, -0.08714623236272043, 0.9961955300968487, 0.021837794811688474, 0.0, 0.0, 0.0, 1.0]}, {"left_foot_pose": [0.9995195384796666, -0.030626482816795326, -0.004765579468202186, -1.4333053437154929e-10, 0.030995035044265155, 0.987634567379294, 0.1536791108775696, 0.011550000264727973, 3.677969220551864e-10, -0.15375298328093712, 0.9881093158817061, 8.382637639581247e-10, 0.0, 0.0, 0.0, 1.0], "right_foot_pose": [0.9999795361523842, 0.006389412605879283, 0.0003204419049101598, 0.013409190104568341, -0.006397442962129548, 0.9987250551628224, 0.050073315384179716, -0.11440665562471171, -9.428662412580774e-08, -0.05007434070029357, 0.9987454933081912, 0.014923781403048238, 0.0, 0.0, 0.0, 1.0]}, {"left_foot_pose": [0.9995195384801068, -0.030705791805157305, -0.004224517266374038, -1.5079127277882985e-10, 0.030995035030074995, 0.9901921036504766, 0.1362310745451605, 0.01155000029116807, 6.265219158263077e-10, -0.13629655981668432, 0.9906680815399972, 1.3384350225353892e-09, 0.0, 0.0, 0.0, 1.0], "right_foot_pose": [0.999975798714065, 0.0069563371228946146, 0.00010658330243391235, 0.01458237622017161, -0.006957153596649404, 0.9998584851120156, 0.01531691102466967, -0.1121674619771149, -1.8622540941980453e-08, -0.015317281852132346, 0.9998826835567571, 0.007129216177528701, 0.0, 0.0, 0.0, 1.0]}, {"left_foot_pose": [0.9995195384801533, -0.03079075514927995, -0.0035526882441244334, 5.708044226084702e-12, 0.03099503502857948, 0.9929319791195274, 0.11456610600590741, 0.011550000160076887, 8.509987363785124e-10, -0.11462117709706517, 0.993409274046143, 1.7904172727734036e-09, 0.0, 0.0, 0.0, 1.0], "right_foot_pose": [0.9999734425049979, 0.007287134796011429, -0.0001093214003818809, 0.015275755614487904, -0.00728795476822683, 0.9998609555572534, -0.01499850884029973, -0.11084405288069245, 1.0044190242285208e-08, 0.014998907246897196, 0.9998875100637066, 0.00133280607271858, 0.0, 0.0, 0.0, 1.0]}, {"left_foot_pose": [0.9995195384793688, -0.03086750617994594, -0.0028087826939246128, 5.601334107370286e-10, 0.030995035053871287, 0.9954070241159004, 0.09057684109493797, 0.011550000106250211, 8.204894368552803e-10, -0.09062038072618848, 0.9958855087795192, 1.9245963434055824e-09, 0.0, 0.0, 0.0, 1.0], "right_foot_pose": [0.9999729548425013, 0.007348566645490986, -0.00029690371092848785, 0.015415370611287794, -0.007354562091435779, 0.9991577803195199, -0.04036880532556793, -0.11057758463253115, 7.964461504578682e-10, 0.04036989714164692, 0.9991848034296622, 2.037205772131845e-09, 0.0, 0.0, 0.0, 1.0]}, {"left_foot_pose": [0.9995195384789693, -0.03092637276153296, -0.0020619569840148633, 8.502678245725717e-10, 0.03099503506675277, 0.9973053361189876, 0.06649341583799419, 0.011550000250369317, 5.386119342438616e-10, -0.06652537873930794, 0.9977847332884946, 1.7477488484241022e-09, 0.0, 0.0, 0.0, 1.0], "right_foot_pose": [0.9999729548425177, 0.007339349664749991, -0.00047278961704815307, 0.015415370904923764, -0.007354562089169764, 0.9979045815996829, -0.06428340718131217, -0.110577584421977, 5.220399499217085e-10, 0.06428514578703501, 0.9979315708159252, 1.9803262710227365e-09, 0.0, 0.0, 0.0, 1.0]}, {"left_foot_pose": [0.9995195384791289, -0.030964056789639566, -0.0013854189252254412, 5.639848223853994e-11, 0.03099503506160973, 0.9985205603685587, 0.04467659703681653, 0.011550000028777627, 5.937449950780773e-10, -0.04469807275921937, 0.9990005416873469, 1.4488965444092727e-09, 0.0, 0.0, 0.0, 1.0], "right_foot_pose": [0.9999729548425327, 0.007327447911362503, -0.0006309442132962801, 0.015415370067686889, -0.007354562087168852, 0.996286346139315, -0.08578710225248873, -0.11057758469612564, 5.81660753246142e-10, 0.08578942244518972, 0.9963132915888059, 1.398561211285454e-09, 0.0, 0.0, 0.0, 1.0]}, {"left_foot_pose": [0.999600845661229, -0.02824655639126992, -0.000530476570069229, 0.0009361546722380073, 0.0282515371842143, 0.9994244198560136, 0.01877976683029875, 0.013000660213665702, -2.9250449842153676e-07, -0.01878725758343217, 0.999823503900768, 0.0028444594211396723, 0.0, 0.0, 0.0, 1.0], "right_foot_pose": [0.9999729548425415, 0.007315164288957802, -0.0007602334521332065, 0.015415369961260647, -0.007354562085956241, 0.9946161853047557, -0.10336611798040955, -0.11057758500271267, 3.6116336601546276e-10, 0.10336891361159631, 0.9946430855833456, 9.005450760102285e-10, 0.0, 0.0, 0.0, 1.0]}, {"left_foot_pose": [0.9997887121370359, -0.020551627143458023, 0.0004021257566292969, 0.0035618539016589092, 0.02055556087863385, 0.9995968320235857, -0.019586789562789222, 0.017069454101633227, 5.767636299406557e-07, 0.01959091703235125, 0.999808079568024, 0.009617040434635675, 0.0, 0.0, 0.0, 1.0], "right_foot_pose": [0.9999729548425124, 0.007304509779809682, -0.0008565748134409675, 0.015415369910009434, -0.007354562089910954, 0.9931675264595728, -0.11646533734394618, -0.11057758504208227, 9.305485180485547e-11, 0.11646848725320588, 0.9931943875581203, 4.789556459772193e-10, 0.0, 0.0, 0.0, 1.0]}, {"left_foot_pose": [0.9999602447028083, -0.008895156884319431, 0.0006206431376216163, 0.007531989427247169, 0.008916782287361124, 0.9975135636633043, -0.06990837790548184, 0.023221605127524483, 2.7460410252135867e-06, 0.06991113281687814, 0.9975532233924771, 0.01743949581424363, 0.0, 0.0, 0.0, 1.0], "right_foot_pose": [0.9999729548424812, 0.007297519234757119, -0.0009142191286486839, 0.015415369919386754, -0.007354562094158688, 0.992217043151462, -0.12430305586015701, -0.11057758491690264, -1.4045849992784316e-10, 0.1243064177457804, 0.9922438785435824, 1.8183272249006066e-10, 0.0, 0.0, 0.0, 1.0]}, {"left_foot_pose": [0.9999840225808336, 0.005605434784208775, -0.0007305367450813289, 0.01250131818164975, -0.005652835368292203, 0.9917337193399134, -0.1281884369844702, 0.030922118141777574, 5.945999707605805e-06, 0.12819051846803037, 0.9917495605945806, 0.02343312069480532, 0.0, 0.0, 0.0, 1.0], "right_foot_pose": [0.9999729548424969, 0.007295691829372259, -0.0009286895584089554, 0.015415370006315455, -0.0073545620919987864, 0.9919685754438538, -0.12627056564507094, -0.11057758478209309, -2.7578267637022296e-10, 0.1262739807427565, 0.9919954041160562, 6.738708202558286e-11, 0.0, 0.0, 0.0, 1.0]}, {"left_foot_pose": [0.9997549189093179, 0.021755653943219655, -0.004098004163890244, 0.01812459447074506, -0.022138248110462565, 0.9825550275397359, -0.1846497111478635, 0.039635986343128274, 9.33937766046917e-06, 0.18469517962819879, 0.9827958539467313, 0.025000010047971852, 0.0, 0.0, 0.0, 1.0], "right_foot_pose": [0.9999729548426054, 0.007299771499360454, -0.0008960577022298224, 0.015415370207227249, -0.007354562077282324, 0.9925232756805465, -0.12183372952105408, -0.110577584781373, -2.60602863764241e-10, 0.12183702462065897, 0.99255011935498, 2.2375457042755897e-10, 0.0, 0.0, 0.0, 1.0]}, {"left_foot_pose": [0.9992186977657745, 0.03841541290132927, -0.009287092488560075, 0.024056557439539494, -0.039522068359645675, 0.971311827608778, -0.23450232335708737, 0.04882819835949473, 1.2159200151365044e-05, 0.23468615127211234, 0.9720711960824876, 0.025000008499374816, 0.0, 0.0, 0.0, 1.0], "right_foot_pose": [0.9999729548428211, 0.007309352397164943, -0.0008142176926497079, 0.015415370543670611, -0.0073545620479375734, 0.9938259627149929, -0.11070621595331087, -0.11057758478779031, -6.270216919113549e-11, 0.11070921010084069, 0.993852841621358, 6.66115614056384e-10, 0.0, 0.0, 0.0, 1.0]}, {"left_foot_pose": [0.9983863233760553, 0.05458004310871874, -0.015676995563361683, 0.02995196331448132, -0.05678687440689509, 0.9596544734975969, -0.27538798519751434, 0.05796376345789162, 1.3810819678197758e-05, 0.27583384562141966, 0.9612053315597873, 0.025000005748671443, 0.0, 0.0, 0.0, 1.0], "right_foot_pose": [0.9999729548431315, 0.0073230900718502774, -0.0006796573370467104, 0.015415370891118477, -0.007354562005737165, 0.995693835328771, -0.09241047941649631, -0.11057758481339161, 3.562833256533871e-10, 0.092412978742612, 0.9957207647528085, 1.4641870424436654e-09, 0.0, 0.0, 0.0, 1.0]}, {"left_foot_pose": [0.9973379371173703, 0.06971220724486892, -0.02138334275826928, 0.03546556775046663, -0.07291802939230654, 0.9535435584147378, -0.29229718300952406, 0.06650768129146209, 1.326694547064434e-05, 0.2930783007436902, 0.9560884422777949, 0.022459726040265235, 0.0, 0.0, 0.0, 1.0], "right_foot_pose": [0.9999729548434286, 0.00734140319209376, -0.0004397509218073548, 0.01541537094970543, -0.007354561965345871, 0.9981838147117283, -0.059791157087316735, -0.11057758531289585, 1.2611528420861956e-09, 0.059792774201515325, 0.9982108114788614, 3.0744862211662394e-09, 0.0, 0.0, 0.0, 1.0]}, {"left_foot_pose": [0.9962164743528638, 0.08312427506974221, -0.02535924135459708, 0.04025211408700571, -0.08690647909503346, 0.9528973945803145, -0.2905749805013391, 0.07392494625860835, 1.0920407750442247e-05, 0.29167946498884517, 0.9565161209224684, 0.015838562442593546, 0.0, 0.0, 0.0, 1.0], "right_foot_pose": [0.9999729548435236, 0.007352478899044287, -0.00017503014496554454, 0.015415370970598804, -0.00735456195245728, 0.9996897368181911, -0.023797909968390304, -0.11057758588230107, 2.208671708346394e-09, 0.023798553620235936, 0.999716774314398, 5.095269733912389e-09, 0.0, 0.0, 0.0, 1.0]}, {"left_foot_pose": [0.9952110708130464, 0.09409772184244734, -0.02646777805581022, 0.04396635750020805, -0.09774929400915425, 0.9580534052006782, -0.269404432599202, 0.07968056823926815, 7.201532622554202e-06, 0.2707014804677791, 0.962663341163821, 0.007998175541502228, 0.0, 0.0, 0.0, 1.0], "right_foot_pose": [0.9999729548431653, 0.007352992576095652, 0.00015192894597589371, 0.015415370776524499, -0.0073545620011480585, 0.9997595563638236, 0.020657683243335567, -0.11057758635037403, 3.3758997952533877e-09, -0.020658241923905515, 0.9997865957496195, 7.749624719721737e-09, 0.0, 0.0, 0.0, 1.0]}, {"left_foot_pose": [0.9945303445629197, 0.10156294396559529, -0.02437954381449149, 0.046263053117208235, -0.10444804323026576, 0.9670657673784733, -0.2321086121410707, 0.08323955126324406, 2.9882784824413977e-06, 0.23338545365495006, 0.9723843016078286, 0.0018172757849739263, 0.0, 0.0, 0.0, 1.0], "right_foot_pose": [0.9999729548421137, 0.007334986976267511, 0.0005362372516114684, 0.015415370245053985, -0.007354562144139353, 0.9973113449824013, 0.07291084682721667, -0.11057758650745608, 4.617271938375446e-09, -0.07291281873204375, 0.9973383181571577, 1.0796023096337759e-08, 0.0, 0.0, 0.0, 1.0]}, {"left_foot_pose": [0.9943496756184729, 0.10440347498650188, -0.01919992208790967, 0.046848330261633084, -0.10615423965833308, 0.9779502246099263, -0.1798461442120927, 0.08414650853222085, 5.6996980777468136e-09, 0.18086810828926847, 0.9835073601167724, 1.3060212966653495e-08, 0.0, 0.0, 0.0, 1.0], "right_foot_pose": [0.9999729548390985, 0.007291619658235847, 0.0009601422402042096, 0.015415367525386105, -0.0073545625540724895, 0.9914147425547016, 0.1305477638829284, -0.11057758569299683, 5.469579468372759e-09, -0.1305512946238154, 0.9914415562563664, 1.3424037013931578e-08, 0.0, 0.0, 0.0, 1.0]}, {"left_foot_pose": [0.9943496756279933, 0.10537082691680875, -0.012872894521953861, 0.046848325987738255, -0.10615423956915394, 0.987011433220443, -0.12058071202983553, 0.08414650857037079, 4.735007709692083e-09, 0.1212659042228912, 0.9926200584679947, 1.1841484674757208e-08, 0.0, 0.0, 0.0, 1.0], "right_foot_pose": [0.9999729548353652, 0.007222566499606064, 0.0013871304865957492, 0.015415363409209046, -0.007354563061668173, 0.9820257502301994, 0.18860364865766993, -0.11057758433369583, 4.537731836801851e-09, -0.18860874957957988, 0.9820523100028974, 1.5144466597449835e-08, 0.0, 0.0, 0.0, 1.0]}, {"left_foot_pose": [0.9943496755854835, 0.10594663685643763, -0.006635721652940661, 0.0468483306394548, -0.10615423996734694, 0.992405054453028, -0.06215694034489054, 0.08414650740799748, 4.921494059607947e-09, 0.06251014345603069, 0.9980443286573537, 9.811268325554678e-09, 0.0, 0.0, 0.0, 1.0], "right_foot_pose": [0.9999729548388802, 0.007134969887378872, 0.0017837588135786492, 0.015415368758004503, -0.007354562583784278, 0.9701155852519734, 0.24253177453773392, -0.11057758547706834, 4.682675958006913e-09, -0.24253833399264388, 0.9701418229022357, 1.4243080589948498e-08, 0.0, 0.0, 0.0, 1.0]}, {"left_foot_pose": [0.9943496755639907, 0.10614942992665696, -0.0010105602569938413, 0.046848332022798735, -0.10615424016866776, 0.9943046182133873, -0.00946591219818805, 0.08414650710294738, 3.5469382827250303e-09, 0.00951970197941116, 0.9999546866104607, 7.260153797594704e-09, 0.0, 0.0, 0.0, 1.0], "right_foot_pose": [0.9999548737771315, 0.009100350307907842, 0.002726542432145012, 0.01588360208176771, -0.009500020676319583, 0.9580088793459857, 0.28658111714032686, -0.10945879912943934, -4.0633023000860035e-06, -0.28659408702644545, 0.9580521015398734, 0.002250299599360614, 0.0, 0.0, 0.0, 1.0]}, {"left_foot_pose": [0.9943496755579503, 0.10608869408977757, 0.0037298396916354533, 0.04684833202513301, -0.10615424022524786, 0.9937357023379909, 0.03493753255484649, 0.0841465068374181, 2.3378871436279684e-09, -0.03513606245933464, 0.999382537927722, 4.933920126626301e-09, 0.0, 0.0, 0.0, 1.0], "right_foot_pose": [0.9998610800423543, 0.015803821507524338, 0.005297154169456249, 0.01744819877011735, -0.016667949451158976, 0.9481923248853288, 0.3172593489397105, -0.10572039054503951, -8.810804976380904e-06, -0.3173035679823248, 0.9483240193457381, 0.008710108957272165, 0.0, 0.0, 0.0, 1.0]}, {"left_foot_pose": [0.9943496755578657, 0.10588509184466038, 0.007554471723173723, 0.04684833176494966, -0.10615424022604245, 0.9918285543761604, 0.07076295645412212, 0.08414650642863897, 1.3750731214950321e-09, -0.07116506199775448, 0.9974645527289961, 3.1009510237378635e-09, 0.0, 0.0, 0.0, 1.0], "right_foot_pose": [0.9996108739157712, 0.026294804102978433, 0.00931042569028072, 0.01989917146628449, -0.02789445439291686, 0.9424394427731432, 0.33321133852191875, -0.09986409335164527, -1.2785528203928115e-05, -0.3333413865433354, 0.9428061942169755, 0.016558465309709634, 0.0, 0.0, 0.0, 1.0]}, {"left_foot_pose": [0.9943496755604204, 0.10563454911895195, 0.010491174639826106, 0.046848331340598355, -0.10615424020211126, 0.989481714336289, 0.09827112638629956, 0.08414650599920766, 6.592115859117479e-10, -0.09882954531189257, 0.995104376924072, 1.7895734547024311e-09, 0.0, 0.0, 0.0, 1.0], "right_foot_pose": [0.9991107331400569, 0.03979268577542986, 0.013938618407721148, 0.023015577645837323, -0.042163286099171055, 0.9430551520514429, 0.3299533868511574, -0.09241782386816783, -1.5154458373646112e-05, -0.3302476681946567, 0.9438943147526284, 0.022916660515909328, 0.0, 0.0, 0.0, 1.0]}, {"left_foot_pose": [0.9943496755657566, 0.1054235126893919, 0.01243405302001808, 0.04684833063984506, -0.10615424015212456, 0.9875049310535587, 0.11647011823910872, 0.08414650588183098, 3.1786617317445745e-10, -0.11713195173451446, 0.9931163606964012, 8.762833722530949e-10, 0.0, 0.0, 0.0, 1.0], "right_foot_pose": [0.9982899781652617, 0.05573706780641473, 0.017620975204139005, 0.026576479630960367, -0.0584561311162881, 0.9519330161063607, 0.3006765930057783, -0.08390949340553865, -1.5156420646639796e-05, -0.30119248350347383, 0.9535633632073396, 0.025000009261116472, 0.0, 0.0, 0.0, 1.0]}, {"left_foot_pose": [0.9943496755670054, 0.10526877640695388, 0.013682376020803005, 0.0468483305105342, -0.10615424014042886, 0.9860555124460654, 0.12816319157595973, 0.08414650592762776, 5.893828755795058e-11, -0.12889147019299158, 0.991658705861795, 4.0250501542882233e-10, 0.0, 0.0, 0.0, 1.0], "right_foot_pose": [0.9971265063607672, 0.07323663067751186, 0.019368175953785427, 0.03036092496739593, -0.07575440672437195, 0.9640305435616788, 0.2547673074435032, -0.07486703039040675, -1.3213988582259518e-05, -0.2555024598847922, 0.9668084054341949, 0.02500001213872939, 0.0, 0.0, 0.0, 1.0]}, {"left_foot_pose": [0.9943496755673749, 0.1052006365319118, 0.014196787394959814, 0.04684833041900637, -0.10615424013696789, 0.9854172445158993, 0.13298169615265087, 0.08414650597314594, -3.3367534997497606e-11, -0.13373735560408584, 0.9910168110158509, 2.2103208846546707e-10, 0.0, 0.0, 0.0, 1.0], "right_foot_pose": [0.9956622119449152, 0.09116810903980739, 0.018577825466511322, 0.034147969988936315, -0.09304170895320961, 0.975633810292763, 0.19870055009659865, -0.06581835606596202, -1.0001229369913736e-05, -0.19956714185388977, 0.9798841542714345, 0.02500001334501569, 0.0, 0.0, 0.0, 1.0]}, {"left_foot_pose": [0.9943496755668976, 0.10522493299790268, 0.014015569042781709, 0.046848330263847236, -0.10615424014143775, 0.9856448300756926, 0.13128421932987122, 0.08414650609076793, 1.50806164532815e-11, -0.13203023297959737, 0.9912456898162808, 3.4076012150885404e-10, 0.0, 0.0, 0.0, 1.0], "right_foot_pose": [0.9940080595040932, 0.10830406293421409, 0.014771851368359474, 0.037716676464299215, -0.10930680492580828, 0.984896980926269, 0.1342756841696657, -0.057291381210230016, -