{"LoopMode": "Wrap", "FrameDuration": 0.0167, "EnableCycleOffsetPosition": true, "EnableCycleOffsetRotation": false, "Debug_info": [{"left_foot_pose": [1.0000000000000004, 1.166611802537396e-13, -8.64225357943838e-12, 1.5059204643788167e-12, -3.2951481880188127e-14, 0.9999534603227959, 0.009647651966557267, 6.00162280983696e-14, 8.642656780391335e-12, -0.009647651966557437, 0.9999534603227961, 1.8024803871696804e-11, 0.0, 0.0, 0.0, 1.0], "right_foot_pose": [0.9999999999999999, -1.9942377442163882e-13, -8.704204024212457e-12, 1.27219224259544e-12, 7.066194597008431e-14, 0.9998905024058954, -0.014798080905515607, -0.1400000000021846, 8.706240896645936e-12, 0.014798080905515456, 0.9998905024058954, 1.5084621052263714e-11, 0.0, 0.0, 0.0, 1.0]}, {"left_foot_pose": [1.0000000000000002, 1.7935606417569465e-13, -1.9281076735211406e-11, 3.2486410556683553e-12, -5.080951232508938e-14, 0.9999778904197084, 0.006649712155447679, 1.0486663620801195e-12, 1.9281509891600604e-11, -0.006649712155447855, 0.9999778904197085, 3.9219710812332664e-11, 0.0, 0.0, 0.0, 1.0], "right_foot_pose": [1.0, -5.25453282091187e-13, -1.939554072905025e-11, 2.9234967749869355e-12, 1.802522407172604e-13, 0.9998416190589651, -0.017797100818606266, -0.14000000000394267, 1.9401604698131962e-11, 0.017797100818606113, 0.999841619058965, 3.472639537038802e-11, 0.0, 0.0, 0.0, 1.0]}, {"left_foot_pose": [1.0000000000000004, 1.0850937580440886e-13, -3.3862856962940675e-11, 5.604972741245702e-12, -2.438354328589436e-14, 0.9999969383148585, 0.0024745425657758443, 2.8030668064449316e-12, 3.3862665703839796e-11, -0.0024745425657760178, 0.9999969383148586, 6.816793657327125e-11, 0.0, 0.0, 0.0, 1.0], "right_foot_pose": [0.9999999999999998, -1.1300870903540128e-12, -3.40696360012771e-11, 5.216353134468151e-12, 3.8119734422770257e-13, 0.9997585183140625, -0.021975100875095528, -0.14000000000593654, 3.4086122756870945e-11, 0.021975100875095376, 0.9997585183140623, 6.195782775719749e-11, 0.0, 0.0, 0.0, 1.0]}, {"left_foot_pose": [1.0000000000000004, -2.4393115170159706e-13, -5.217853926708927e-11, 8.539796594779745e-12, 9.527252808271622e-14, 0.9999959234056744, -0.002855375988041307, 5.469237909783153e-12, 5.2178623309178e-11, 0.002855375988041132, 0.9999959234056748, 1.0462548882816947e-10, 0.0, 0.0, 0.0, 1.0], "right_foot_pose": [1.0, -2.1559544000314797e-12, -5.254485735406432e-11, 8.12669041679587e-12, 7.201697552568195e-13, 0.9996269884479775, -0.027310876339415206, -0.14000000000795382, 5.258404655225483e-11, 0.027310876339415063, 0.9996269884479777, 9.640527959264844e-11, 0.0, 0.0, 0.0, 1.0]}, {"left_foot_pose": [1.0000000000000004, -1.0633666277787039e-12, -7.442318983308381e-11, 1.2084073476318476e-11, 3.6942458502985767e-13, 0.9999564918194033, -0.009328154599516216, 9.287560304160891e-12, 7.442961131131233e-11, 0.009328154599516041, 0.9999564918194034, 1.491895773586549e-10, 0.0, 0.0, 0.0, 1.0], "right_foot_pose": [1.0, -3.7998456961231165e-12, -7.505507326754921e-11, 1.1699346049322928e-11, 1.2613262025796644e-12, 0.9994288145812787, -0.03379415015442667, -0.14000000000978532, 7.514029117766426e-11, 0.03379415015442652, 0.9994288145812789, 1.3846995078337088e-10, 0.0, 0.0, 0.0, 1.0]}, {"left_foot_pose": [1.0000000000000007, -2.5957006920570926e-12, -1.0124184823823154e-10, 1.6343007133196082e-11, 8.790693927035773e-13, 0.9998562475840626, -0.016955358065184375, 1.4629413999656116e-11, 1.0127110549953701e-10, 0.0169553580651842, 0.9998562475840626, 2.0341710260662893e-10, 0.0, 0.0, 0.0, 1.0], "right_foot_pose": [0.9999999999999998, -6.338787816586091e-12, -1.0229600500011312e-10, 1.60584136604028e-11, 2.0944278890356584e-12, 0.9991410573768408, -0.041438478059508926, -0.1400000000111944, 1.0247061755148232e-10, 0.04143847805950878, 0.9991410573768407, 1.894358281351316e-10, 0.0, 0.0, 0.0, 1.0]}, {"left_foot_pose": [1.0000000000000004, -5.185903131797823e-12, -1.337415733715374e-10, 2.149941780396895e-11, 1.7371886142847777e-12, 0.9996677419344139, -0.02577606905155997, 2.2041313219034464e-11, 1.3383037121241947e-10, 0.025776069051559793, 0.9996677419344141, 2.699071521838903e-10, 0.0, 0.0, 0.0, 1.0], "right_foot_pose": [0.9999999999999998, -1.0171313664929243e-11, -1.3544765309347887e-10, 2.1414721837887417e-11, 3.3474710001463732e-12, 0.9987348890315505, -0.050285399781015844, -0.14000000001186508, 1.3578766718883242e-10, 0.0502853997810157, 0.9987348890315504, 2.515176400486041e-10, 0.0, 0.0, 0.0, 1.0]}, {"left_foot_pose": [1.0000000000000004, -9.33151475800313e-12, -1.7347862035776969e-10, 2.7816226516247272e-11, 3.105383638632367e-12, 0.9993569204293251, -0.0358572947950116, 3.229712330909962e-11, 1.737013008047996e-10, 0.035857294795011416, 0.9993569204293253, 3.5237851525593555e-10, 0.0, 0.0, 0.0, 1.0], "right_foot_pose": [0.9999999999999998, -1.5874349844699108e-11, -1.7617191039320793e-10, 2.8072001547927515e-11, 5.2037737060247274e-12, 0.9981739525434252, -0.06040497052259899, -0.14000000001133076, 1.7680901132369422e-10, 0.06040497052259883, 0.9981739525434252, 3.2788353282464655e-10, 0.0, 0.0, 0.0, 1.0]}, {"left_foot_pose": [1.0000000000000007, -1.5751801461512117e-11, -2.2244461828080352e-10, 3.564206649579142e-11, 5.214642499710097e-12, 0.998881102323408, -0.04729210738774526, 4.6456730823374315e-11, 2.229403058040164e-10, 0.047292107387745086, 0.9988811023234079, 4.557901764346006e-10, 0.0, 0.0, 0.0, 1.0], "right_foot_pose": [1.0, -2.4277970636060613e-11, -2.2661150733682676e-10, 3.643708220389906e-11, 7.923203938784886e-12, 0.9974122743290266, -0.07189405411992743, -0.14000000000888382, 2.277703070342695e-10, 0.07189405411992729, 0.9974122743290265, 4.2269404643136e-10, 0.0, 0.0, 0.0, 1.0]}, {"left_foot_pose": [1.0000000000000004, -2.5464498199893928e-11, -2.8294971921027876e-10, 4.540650442173565e-11, 8.386569304563394e-12, 0.9981866501538759, -0.06019477929675448, 6.589857999561577e-11, 2.8396889479089106e-10, 0.0601947792967543, 0.9981866501538759, 5.863340091227798e-10, 0.0, 0.0, 0.0, 1.0], "right_foot_pose": [1.0, -3.654715937980435e-11, -2.8928909268088866e-10, 4.701887230709663e-11, 1.1862912765768261e-11, 0.996391895089737, -0.08487161716076058, -0.14000000000346782, 2.9134708198309066e-10, 0.08487161716076046, 0.996391895089737, 5.409908215847636e-10, 0.0, 0.0, 0.0, 1.0]}, {"left_foot_pose": [1.0000000000000007, -3.9823270178796006e-11, -3.5713265678083355e-10, 5.756468272663802e-11, 1.3038194522420277e-11, 0.9972068104414487, -0.07468987353847606, 9.22174645673346e-11, 3.59109155977213e-10, 0.07468987353847588, 0.997206810441449, 7.507594892985914e-10, 0.0, 0.0, 0.0, 1.0], "right_foot_pose": [0.9999999999999997, -5.4213502700188515e-11, -3.666249526190765e-10, 6.037117652432803e-11, 1.7477285772034895e-11, 0.995040768826334, -0.09946792635567611, -0.1399999999935877, 3.701990987783418e-10, 0.099467926355676, 0.995040768826334, 6.879324124242636e-10, 0.0, 0.0, 0.0, 1.0]}, {"left_foot_pose": [1.0000000000000002, -6.037126614629227e-11, -4.4560705125817786e-10, 7.24098578124476e-11, 1.9621478251439825e-11, 0.9958611359632951, -0.09088783129713639, 1.2673276664210142e-10, 4.492495464419674e-10, 0.09088783129713618, 0.9958611359632951, 9.539170703343203e-10, 0.0, 0.0, 0.0, 1.0], "right_foot_pose": [1.0, -7.898756537689712e-11, -4.595487324010601e-10, 7.68835869558626e-11, 2.5240477215394806e-11, 0.9932725453455084, -0.11580004603995465, -0.13999999997738266, 4.656037256941231e-10, 0.11580004603995452, 0.9932725453455081, 8.663949765952417e-10, 0.0, 0.0, 0.0, 1.0]}, {"left_foot_pose": [1.0000000000000002, -8.807785957437988e-11, -5.439232952930679e-10, 8.951784353071692e-11, 2.8360451434011552e-11, 0.9940604885716086, -0.10882897160579988, 1.689466431337161e-10, 5.502779670382647e-10, 0.10882897160579966, 0.9940604885716083, 1.1912978034600563e-09, 0.0, 0.0, 0.0, 1.0], "right_foot_pose": [0.9999999999999998, -1.1184368839970615e-10, -5.637986189022109e-10, 9.615027545733009e-11, 3.5335172905009716e-11, 0.9909927978677906, -0.13391517678802706, -0.13999999995328383, 5.736977756491829e-10, 0.1339151767880269, 0.9909927978677906, 1.0701921154820937e-09, 0.0, 0.0, 0.0, 1.0]}, {"left_foot_pose": [1.0000000000000004, -1.2077271002708889e-10, -6.337594893324173e-10, 1.0621285361341115e-10, 3.842716123844093e-11, 0.9917281481353537, -0.128356068014033, 2.1242069214721937e-10, 6.440190105701096e-10, 0.12835606801403276, 0.9917281481353536, 1.4282045268654286e-09, 0.0, 0.0, 0.0, 1.0], "right_foot_pose": [1.0, -1.499851909910183e-10, -6.605659907954466e-10, 1.1522362909740283e-10, 4.6700671320788426e-11, 0.9881236091912776, -0.1536610977404605, -0.13999999992240844, 6.757677163719559e-10, 0.15366109774046038, 0.9881236091912776, 1.2660428885813424e-09, 0.0, 0.0, 0.0, 1.0]}, {"left_foot_pose": [1.0000000000000004, -1.4640214262356906e-10, -6.643652850080146e-10, 1.1397835164456498e-10, 4.589828222008387e-11, 0.9888636285278819, -0.14882447438063495, 2.35902734846416e-10, 6.787546518397186e-10, 0.14882447438063473, 0.9888636285278819, 1.5505071671029214e-09, 0.0, 0.0, 0.0, 1.0], "right_foot_pose": [0.9999999999999999, -1.7891702138747e-10, -6.965098497957446e-10, 1.245582986898529e-10, 5.471074883573793e-11, 0.9846765598562028, -0.17439057448656423, -0.1399999998949567, 7.170380793807094e-10, 0.17439057448656406, 0.9846765598562028, 1.3528800024698029e-09, 0.0, 0.0, 0.0, 1.0]}, {"left_foot_pose": [0.9999999994503415, -3.265726423404985e-05, 5.728923244686176e-06, 1.0789286223893105e-10, 3.315564381776215e-05, 0.9857006108992921, -0.16850609654688048, -1.97290279331519e-05, -1.4405502228136984e-07, 0.16850609664420563, 0.9857006114402658, 0.00016386122467389186, 0.0, 0.0, 0.0, 1.0], "right_foot_pose": [0.9999999999999999, -1.6223928790180033e-10, -5.68922131627402e-10, 1.1317180707240009e-10, 4.860278143782215e-11, 0.9809411265822949, -0.19430518824637263, -0.13999999996447193, 5.896027735722572e-10, 0.19430518824637252, 0.9809411265822952, 1.081207789965788e-09, 0.0, 0.0, 0.0, 1.0]}, {"left_foot_pose": [0.9999995617674772, -0.00091963466775468, 0.00017531951484985424, 1.2595691618956018e-09, 0.0009361966678514083, 0.9824698162692876, -0.1864193757515357, -0.0005571634920149907, -8.084108608888142e-07, 0.1864194581900477, 0.9824702466779727, 0.004191209255974944, 0.0, 0.0, 0.0, 1.0], "right_foot_pose": [0.9999999999999998, -1.1268601064032378e-10, -3.63264363034687e-10, 1.3811957015368748e-10, 3.342531969511964e-11, 0.977444274479169, -0.21119349016456712, -0.14000000015735958, 3.788690690122864e-10, 0.21119349016456695, 0.977444274479169, 6.204420241462394e-10, 0.0, 0.0, 0.0, 1.0]}, {"left_foot_pose": [0.9999957846389513, -0.0028439607778458303, 0.0005853130981128819, 2.1434787991585474e-09, 0.0029035671618808452, 0.9795667283186137, -0.20109846858915909, -0.0017280417341341628, -1.437079408073257e-06, 0.2010993203823985, 0.9795708567223067, 0.011469802632645042, 0.0, 0.0, 0.0, 1.0], "right_foot_pose": [0.9999999999999998, -5.6811190447061825e-11, -1.691897733024913e-10, 1.4107585549202136e-10, 1.7482279839886777e-11, 0.9746056607058025, -0.2239281271305735, -0.1400000001724967, 1.776146843008008e-10, 0.22392812713057328, 0.9746056607058028, 2.900648610193457e-10, 0.0, 0.0, 0.0, 1.0]}, {"left_foot_pose": [0.9999837161819588, -0.005579879096715506, 0.0011967957998548163, 1.6216197014481872e-09, 0.005706782556302942, 0.977818065979596, -0.2093782760383201, -0.0033963958829727053, -1.9430886141930838e-06, 0.209381696413965, 0.9778339865248272, 0.01912092684234422, 0.0, 0.0, 0.0, 1.0], "right_foot_pose": [0.9999999999999999, -1.444188943148026e-11, -3.3960834144863754e-11, 9.935857508078743e-11, 6.169573346268762e-12, 0.9727192337044146, -0.2319855434752279, -0.14000000008043215, 3.6384349244987786e-11, 0.23198554347522773, 0.9727192337044146, 8.311686061635015e-11, 0.0, 0.0, 0.0, 1.0]}, {"left_foot_pose": [0.9999584363035524, -0.008919845270469823, 0.0018873329610926695, 3.601693767177599e-10, 0.009117327482912864, 0.9783495640990113, -0.20675832454062115, -0.005426263026299616, -2.2191165112029876e-06, 0.20676693833305723, 0.9783902254251372, 0.024265877925271795, 0.0, 0.0, 0.0, 1.0], "right_foot_pose": [1.0, 2.2678246927684323e-12, 1.9945156637390924e-11, 2.2462413568377628e-11, 2.4842352517684572e-12, 0.971979012329156, -0.23506764896862928, -0.1399999999880983, -1.9919359147128227e-11, 0.2350676489686291, 0.9719790123291558, -1.32463484625589e-13, 0.0, 0.0, 0.0, 1.0]}, {"left_foot_pose": [0.9999167054685897, -0.012670430230027212, 0.0024581136322659597, 3.638348406462353e-10, 0.012906669595717414, 0.9816468319603995, -0.19027063667854646, -0.007681679919445808, -2.188632854602159e-06, 0.19028651423550325, 0.981728599204135, 0.025000001271589793, 0.0, 0.0, 0.0, 1.0], "right_foot_pose": [1.0, -1.1468911152559586e-11, -1.6166123995020534e-11, -3.740331221871057e-11, 7.386321750989141e-12, 0.9724729517426824, -0.23301578944113324, -0.13999999997573734, 1.8393306534502207e-11, 0.23301578944113302, 0.9724729517426824, 6.758311965615604e-11, 0.0, 0.0, 0.0, 1.0]}, {"left_foot_pose": [0.9998580910426471, -0.016611342872572356, 0.0028037589989396176, 4.875325248761622e-10, 0.01684629849062061, 0.9859320926865995, -0.16629525200013634, -0.010026674580514844, -1.9285281585602946e-06, 0.1663188861753039, 0.9860720197316665, 0.025000002020627098, 0.0, 0.0, 0.0, 1.0], "right_foot_pose": [0.9999999999999998, -4.969729093239348e-11, -1.2971113072524048e-10, -6.098945454009892e-11, 1.9068782015161865e-11, 0.9740811432053268, -0.22619886483314597, -0.13999999994728413, 1.3759050101234604e-10, 0.22619886483314586, 0.9740811432053267, 2.742103696884435e-10, 0.0, 0.0, 0.0, 1.0]}, {"left_foot_pose": [0.9997855719089713, -0.020513466664570736, 0.002829821205190754, 6.927846591211519e-10, 0.020707732864554032, 0.990416167706979, -0.13655403525429907, -0.012325281712912323, -1.5040232394189504e-06, 0.13658335341476857, 0.9906285820466293, 0.02491027142376808, 0.0, 0.0, 0.0, 1.0], "right_foot_pose": [0.9999999999999996, -1.0939183776445877e-10, -3.2609132061267525e-10, -7.490758469337623e-11, 3.685878135712511e-11, 0.9766986592910082, -0.21461530453149752, -0.13999999994725418, 3.4196995309836126e-10, 0.21461530453149744, 0.9766986592910079, 6.199412302954066e-10, 0.0, 0.0, 0.0, 1.0]}, {"left_foot_pose": [0.9997056209082328, -0.024142851148702866, 0.00240712751994066, 2.1735414932732428e-09, 0.02426255393711048, 0.9947773812186302, -0.09914277730754786, -0.014441539403249227, -9.666955410130875e-07, 0.09917199480809465, 0.9950703067848273, 0.021163834499889567, 0.0, 0.0, 0.0, 1.0], "right_foot_pose": [0.9999999999999998, -1.8699771409517766e-10, -6.235295058054636e-10, -8.99698703678341e-11, 5.995131996496835e-11, 0.9802369901794754, -0.1978268007219529, -0.14000000017812694, 6.481994921343333e-10, 0.19782680072195283, 0.9802369901794754, 1.1180148334899442e-09, 0.0, 0.0, 0.0, 1.0]}, {"left_foot_pose": [0.9996277651597306, -0.027235795101147698, 0.001594549143516325, 2.8080676403390535e-09, 0.027282432471366108, 0.9979199499822426, -0.05840755350025216, -0.01623946926283072, -4.562420501110068e-07, 0.05842931535323455, 0.9982915481497101, 0.013996813368810278, 0.0, 0.0, 0.0, 1.0], "right_foot_pose": [0.9999999999999998, -2.567426693184663e-10, -9.783699961296562e-10, -4.1218621735390196e-11, 8.073921822490824e-11, 0.9844245903384953, -0.17580735461545993, -0.14000000035610005, 1.0082685778394065e-09, 0.17580735461545977, 0.9844245903384953, 1.7625054263281648e-09, 0.0, 0.0, 0.0, 1.0]}, {"left_foot_pose": [0.9995636252246884, -0.029533769353965796, 0.0005617788049450213, 1.9237391457377004e-09, 0.02953911182939419, 0.9993829058131778, -0.019006536789774178, -0.01758310292535492, -9.746074361867862e-08, 0.019014837263495548, 0.9998192016378933, 0.006287911713312749, 0.0, 0.0, 0.0, 1.0], "right_foot_pose": [0.9999999999999996, -2.9710923336043515e-10, -1.3531917808506914e-09, 5.865887480079362e-11, 9.231836968776636e-11, 0.9888534882987776, -0.1488918355026213, -0.1400000003731898, 1.3823452980077943e-09, 0.1488918355026211, 0.9888534882987773, 2.4702756229455503e-09, 0.0, 0.0, 0.0, 1.0]}, {"left_foot_pose": [0.999525432688911, -0.03079960040839184, -0.0005422386274623518, 5.223260307347238e-10, 0.03080437319674382, 0.9993705894921945, 0.01759305118449866, -0.01833647508157039, 3.839032524276238e-08, -0.0176014054185464, 0.9998450832640484, 0.000915837458035626, 0.0, 0.0, 0.0, 1.0], "right_foot_pose": [1.0, -2.843779683027508e-10, -1.6621131138094808e-09, 2.0495688628083318e-10, 8.660651656001185e-11, 0.9930377204287733, -0.11779679879192688, -0.1400000001504605, 1.684039709076314e-09, 0.11779679879192671, 0.9930377204287731, 3.0821947355486046e-09, 0.0, 0.0, 0.0, 1.0]}, {"left_foot_pose": [0.9995195384800392, -0.03095357986001749, -0.0016025262869135025, 3.124153087922729e-10, 0.030995035032255498, 0.9981827062220984, 0.0516777786140069, -0.018449999860280716, 1.77854607116992e-09, -0.05170261978834894, 0.9986625251340029, 3.3338592025922154e-09, 0.0, 0.0, 0.0, 1.0], "right_foot_pose": [0.9999999999999999, -2.1966049401196802e-10, -1.7837876176152166e-09, 3.0083942267934e-10, 6.821423133712278e-11, 0.996426741083764, -0.08446152765129142, -0.13999999996397117, 1.795966451381776e-09, 0.08446152765129125, 0.9964267410837642, 3.3485176090253255e-09, 0.0, 0.0, 0.0, 1.0]}, {"left_foot_pose": [0.9995195384808068, -0.030881170978365336, -0.0026543312003852915, 2.776822008009744e-10, 0.030995035007503845, 0.995847686615491, 0.08559610310907333, -0.0184499999737191, 1.6902218283485075e-09, -0.08563724856381405, 0.9963263830986414, 3.1557810184490442e-09, 0.0, 0.0, 0.0, 1.0], "right_foot_pose": [0.9999999999999998, -1.2206108191005745e-10, -1.6808189284844837e-09, 2.6006524151427995e-10, 3.708768720957149e-11, 0.9987259676199054, -0.05046227899811366, -0.140000000072029, 1.6848369467129927e-09, 0.05046227899811352, 0.9987259676199054, 3.1869895264491355e-09, 0.0, 0.0, 0.0, 1.0]}, {"left_foot_pose": [0.9995195384810087, -0.03078173946715872, -0.0036299738412877347, 1.900581628384336e-10, 0.030995035000988252, 0.9926412467172, 0.11705837484354269, -0.01844999999884501, 1.362483454912194e-09, -0.11711464396521813, 0.9931184018881644, 2.5338767611904345e-09, 0.0, 0.0, 0.0, 1.0], "right_foot_pose": [0.9999999998581102, -1.6842514171524204e-05, 3.2983985792665484e-07, 4.38390934918771e-06, 1.684573653519989e-05, 0.9998258243997498, -0.01866334856294288, -0.1400001808944835, -1.5444695278455873e-08, 0.018663348565850987, 0.9998258245416094, 3.740177403781242e-05, 0.0, 0.0, 0.0, 1.0]}, {"left_foot_pose": [0.9995195384808394, -0.030670988989700314, -0.004470193445935155, 2.2534966324623887e-11, 0.03099503500643964, 0.9890697944358792, 0.14415356235458798, -0.018449999692733622, 9.888558327667517e-10, -0.1442228559173691, 0.9895452328373064, 1.7442508548626279e-09, 0.0, 0.0, 0.0, 1.0], "right_foot_pose": [0.9999984985825179, -0.0017327978759578964, -1.5627887311176938e-05, 0.0004509311256562512, 0.0017328683455610865, 0.9999582571731066, 0.00897112471321643, -0.14001866641507243, 8.208911086255834e-08, -0.008971138324884336, 0.9999597585288865, 0.0034929903877031904, 0.0, 0.0, 0.0, 1.0]}, {"left_foot_pose": [0.9995195384803844, -0.030563200378110413, -0.005155868366025186, -7.48322844120429e-11, 0.030995035021117907, 0.9855938546221874, 0.16626503401202183, -0.01844999963811594, 6.264123696368891e-10, -0.16634495638169072, 0.9860676221671487, 1.0777508052672857e-09, 0.0, 0.0, 0.0, 1.0], "right_foot_pose": [0.9999825724338526, -0.0059005063492499985, -0.00019711265034052074, 0.001536303205469157, 0.005903797787015261, 0.9994279710829806, 0.033299786615631564, -0.1400636073105356, 5.142938501144902e-07, -0.03330036999462665, 0.9994453888822323, 0.010538497667378598, 0.0, 0.0, 0.0, 1.0]}, {"left_foot_pose": [0.999519538479837, -0.030470287167396724, -0.005679242642369601, -1.2398735052434988e-10, 0.030995035038769436, 0.9825976123992239, 0.18314267637634501, -0.01844999974937812, 3.18835125993727e-10, -0.1832307116923405, 0.9830699396750566, 5.657496970901121e-10, 0.0, 0.0, 0.0, 1.0], "right_foot_pose": [0.9999278114560128, -0.0119976124383131, -0.0006551126378269987, 0.003126755272528731, 0.012015484824122217, 0.9984454957427844, 0.05442628184422094, -0.14012946543381394, 1.1088264171893867e-06, -0.05443022438613803, 0.9985175765463745, 0.0182952080423188, 0.0, 0.0, 0.0, 1.0]}, {"left_foot_pose": [0.9995195384793523, -0.030401643001451244, -0.006035917563675469, -1.3351061944368026e-10, 0.030995035054395277, 0.9803839920057547, 0.19464464035990847, -0.01844999991360425, 8.81257815123591e-11, -0.19473820457648686, 0.9808552552126777, 2.2402143334820934e-10, 0.0, 0.0, 0.0, 1.0], "right_foot_pose": [0.9998088124177064, -0.019504465820235597, -0.0013836274651699797, 0.005088544959247508, 0.019553480740420563, 0.9973086604528372, 0.07066185092892426, -0.14021070179826337, 1.6819976166389015e-06, -0.07067539599347704, 0.997499367618013, 0.023884416754526135, 0.0, 0.0, 0.0, 1.0]}, {"left_foot_pose": [0.9995195384790684, -0.030363999635751447, -0.006222517554072744, -8.643750751507855e-11, 0.030995035063549684, 0.9791700777728677, 0.20066207064536726, -0.018449999970103728, -4.2620914383058625e-11, -0.20075852739148387, 0.9796407574614298, 6.344997444118761e-11, 0.0, 0.0, 0.0, 1.0], "right_foot_pose": [0.9996078375409057, -0.02791464430773205, -0.002223456760699307, 0.007287929789749961, 0.0280030555945548, 0.9964576536312633, 0.07929674266352722, -0.14030177442033426, 2.04014050273238e-06, -0.0793279090412082, 0.9968485756838839, 0.025000000349266145, 0.0, 0.0, 0.0, 1.0]}, {"left_foot_pose": [0.9995195384790363, -0.030358235884433774, -0.006250576984625973, 1.830217431059676e-11, 0.030995035064598202, 0.9789842096578159, 0.20156692447424696, -0.018449999950673843, -7.049007485975877e-11, -0.20166381617595053, 0.9794548000011812, 3.2930831672661753e-11, 0.0, 0.0, 0.0, 1.0], "right_foot_pose": [0.9993208291365684, -0.03672668294418718, -0.003005197783579161, 0.009591162002398474, 0.03684942942932399, 0.9959967728385948, 0.08144045705813313, -0.14039714550091387, 2.1294489827661853e-06, -0.08149588489624202, 0.9966736781617361, 0.025000000268603537, 0.0, 0.0, 0.0, 1.0]}, {"left_foot_pose": [0.9995195384792473, -0.03038404868489173, -0.006123869997624015, 1.3722241973355281e-10, 0.030995035057790925, 0.9798166145445281, 0.19748090961980852, -0.01844999994091482, -3.2425486546193293e-12, -0.1975758372069187, 0.9802876050180305, 1.67537428374942e-10, 0.0, 0.0, 0.0, 1.0], "right_foot_pose": [0.9989607766403485, -0.04544001596089803, -0.0035456570032198344, 0.011864498578399198, 0.045578138732561016, 0.995936784445872, 0.07766952206169306, -0.14049127868713138, 1.945912376002577e-06, -0.07775041052682462, 0.9969728550262156, 0.02499255033256722, 0.0, 0.0, 0.0, 1.0]}, {"left_foot_pose": [0.9995195384797319, -0.030441349973290982, -0.005832358791107854, 1.8220356346192353e-10, 0.03099503504215817, 0.9816644526393238, 0.18808032918695383, -0.018449999786599423, 1.763969042649173e-10, -0.18817073799116907, 0.982136331353168, 5.036366532151781e-10, 0.0, 0.0, 0.0, 1.0], "right_foot_pose": [0.9985584352445307, -0.05355715733994882, -0.0035612216524390896, 0.013974197088486193, 0.05367542640524718, 0.9963600361353285, 0.0662240665666306, -0.14057863262563594, 1.4861815096315014e-06, -0.06631975037702276, 0.9977984218807526, 0.021837792993711178, 0.0, 0.0, 0.0, 1.0]}, {"left_foot_pose": [0.9995195384803509, -0.030525658848271582, -0.005373671734177656, 2.2406688928323232e-10, 0.030995035022206005, 0.9843832245694516, 0.1732887041622203, -0.018449999635033645, 4.439520303067549e-10, -0.1733720027516791, 0.9848564101745356, 9.919058976959327e-10, 0.0, 0.0, 0.0, 1.0], "right_foot_pose": [0.9981603996420737, -0.06055838264871604, -0.002915283407580691, 0.01578650852722395, 0.06062851297535111, 0.9970065025483135, 0.04798142651878022, -0.14065367304450072, 8.789269735492413e-07, -0.048069909167285964, 0.9988439737175555, 0.014923779971003831, 0.0, 0.0, 0.0, 1.0]}, {"left_foot_pose": [0.9995195384808377, -0.030627541080650668, -0.004758773203973577, 1.8271451916024826e-10, 0.030995035006494483, 0.9876686972078702, 0.15345961149649576, -0.01844999962151118, 7.753463073796258e-10, -0.15353337840047132, 0.9881434621131383, 1.5829442825965323e-09, 0.0, 0.0, 0.0, 1.0], "right_foot_pose": [0.9978245424020937, -0.06590373103379975, -0.0016972966376581128, 0.017167689899991945, 0.06592558365267258, 0.9974939166618846, 0.025684696661391684, -0.14071086441990363, 3.2573037735486735e-07, -0.025740715964359253, 0.9996686528753094, 0.007129215112694973, 0.0, 0.0, 0.0, 1.0]}, {"left_foot_pose": [0.9995195384810766, -0.030734570121484783, -0.004009787279176522, 2.107439175697435e-10, 0.03099503499879823, 0.9911201416804045, 0.12930650625873008, -0.01844999980471218, 1.0524722601013376e-09, -0.12936866295538224, 0.9915965656682854, 2.1550942141956853e-09, 0.0, 0.0, 0.0, 1.0], "right_foot_pose": [0.997612825893793, -0.069055392620058, -4.860340099723376e-05, 0.017983998820778297, 0.06905540972437234, 0.9976125788369861, 0.0007020925990035074, -0.14074466890649978, 4.084129027854424e-09, -0.0007037729095010147, 0.9999997523518153, 0.001332805691194039, 0.0, 0.0, 0.0, 1.0]}, {"left_foot_pose": [0.9995195384803637, -0.03083134889587628, -0.0031812138033790096, -2.2686573510088438e-10, 0.03099503502179146, 0.9942410361759001, 0.102586888966725, -0.018450000226116918, 1.1422927340400785e-09, -0.10263620174740493, 0.9947189603555707, 2.52393127231354e-09, 0.0, 0.0, 0.0, 1.0], "right_foot_pose": [0.9975690088985042, -0.06966109806465592, 0.0018449665803955985, 0.018148365024052763, 0.06968552565100156, 0.9972193203003638, -0.026411261507627192, -0.14075147865293544, 1.1586149716226393e-09, 0.026475623431886114, 0.9996494592425355, 2.3294656689709647e-09, 0.0, 0.0, 0.0, 1.0]}, {"left_foot_pose": [0.999519538479714, -0.030906225634175652, -0.0023446565526354557, -7.544768926368711e-10, 0.03099503504273567, 0.9966556388349045, 0.07560982331211195, -0.01845000039047158, 9.148709780687319e-10, -0.0756461684134671, 0.997134723698038, 2.4594353983942163e-09, 0.0, 0.0, 0.0, 1.0], "right_foot_pose": [0.9975690088977417, -0.06958385699165903, 0.0037628889089895414, 0.018148364501579427, 0.06968552566191244, 0.9961135909388354, -0.053866886490323604, -0.14075147868137, 9.426910821256553e-10, 0.053998155460189434, 0.9985410353144717, 2.1087278589959624e-09, 0.0, 0.0, 0.0, 1.0]}, {"left_foot_pose": [0.99951953847945, -0.030954505979139527, -0.0015845369719673275, 4.787004392057051e-11, 0.030995035051248697, 0.9982125691295762, 0.051097696953029854, -0.018449999982484557, 7.558151214888863e-10, -0.05112225925484147, 0.9986924023985975, 1.7568435248249692e-09, 0.0, 0.0, 0.0, 1.0], "right_foot_pose": [0.9975690088973853, -0.06946858787043954, 0.0054943413413364945, 0.018148365340444925, 0.06968552566701425, 0.9944634789849695, -0.07865314029091929, -0.14075147843679034, 7.825490446494419e-10, 0.07884481127124429, 0.9968869021787786, 1.6483626824603803e-09, 0.0, 0.0, 0.0, 1.0]}, {"left_foot_pose": [0.9994425136298645, -0.033377192639484986, -0.0007905445752317251, 0.0007043844538827115, 0.033386553417700686, 0.9991625247873047, 0.023655593662951162, -0.01718327622026056, 3.2520705554814996e-07, -0.023668799550596822, 0.9997198547231764, 0.0028444597041450553, 0.0, 0.0, 0.0, 1.0], "right_foot_pose": [0.9975690088975622, -0.06934138106788217, 0.006917033954936385, 0.018148365682215457, 0.06968552566448072, 0.9926424760593527, -0.09901940332895597, -0.1407514785739729, 4.67332620133835e-10, 0.09926070518768321, 0.9950614616221676, 1.1719298170786985e-09, 0.0, 0.0, 0.0, 1.0]}, {"left_foot_pose": [0.9991959457410646, -0.04008893520676675, 0.0005824848569816958, 0.002680020558653642, 0.04009316668067679, 0.9990906233472397, -0.014507388639595914, -0.013630382687385544, -3.693956601373043e-07, 0.01451907757443397, 0.9998945926377703, 0.009617040904374576, 0.0, 0.0, 0.0, 1.0], "right_foot_pose": [0.9975690088981642, -0.0692250389575372, 0.007997903929279692, 0.01814836577365674, 0.0696855256558673, 0.9909770047090942, -0.11449237377160817, -0.14075147849867, 1.5489153710609338e-10, 0.11477138196919816, 0.9933919316568264, 7.519223368945838e-10, 0.0, 0.0, 0.0, 1.0]}, {"left_foot_pose": [0.998737662163269, -0.05013157616378904, 0.0031475781138924487, 0.00566724205982659, 0.050230291379634334, 0.9967775541533521, -0.06254138920730119, -0.008258289714329129, -2.1367974375867854e-06, 0.06262054461114384, 0.9980374078099675, 0.01743949667717, 0.0, 0.0, 0.0, 1.0], "right_foot_pose": [0.9975690088986882, -0.06914173085041829, 0.008688701853398656, 0.018148365631966135, 0.06968552564836507, 0.989784424910149, -0.1243813479602028, -0.14075147831192972, -8.370556042948904e-11, 0.12468445476599821, 0.9921964456395246, 4.394724792411431e-10, 0.0, 0.0, 0.0, 1.0]}, {"left_foot_pose": [0.9980191181518407, -0.062483979687306034, 0.0073206615725206, 0.009406283960271641, 0.06291136448533181, 0.991247805176918, -0.11606010921301584, -0.0015341583721193604, -4.692209631732984e-06, 0.11629076065784275, 0.9932152128132173, 0.023433121967218917, 0.0, 0.0, 0.0, 1.0], "right_foot_pose": [0.9975690088986905, -0.06910760540772629, 0.008956079482332346, 0.018148365305423828, 0.0696855256483286, 0.9892959092752835, -0.12820893653059462, -0.14075147815891867, -1.995153834198363e-10, 0.12852137085325488, 0.9917067395324085, 3.005333273908839e-10, 0.0, 0.0, 0.0, 1.0]}, {"left_foot_pose": [0.997011836761443, -0.07617441446334616, 0.01283962377724381, 0.01363737640059139, 0.07724893076362131, 0.9831593347866647, -0.16562102860965777, 0.0060748399746935276, -7.311094588407996e-06, 0.16611797314863333, 0.9861058862736493, 0.02500001172692705, 0.0, 0.0, 0.0, 1.0], "right_foot_pose": [0.997569008897912, -0.06913100484839577, 0.008773634086769892, 0.018148364942466386, 0.06968552565947578, 0.9896308789837707, -0.12559717701991732, -0.14075147815686748, -1.596635102754123e-10, 0.1259032467034149, 0.9920425255348378, 4.2439705222330204e-10, 0.0, 0.0, 0.0, 1.0]}, {"left_foot_pose": [0.9957260306209136, -0.0903378137942205, 0.019202899333213258, 0.018100729062195606, 0.09235622261715674, 0.9739859173099781, -0.20693419491648085, 0.014101529337513838, -9.37075404925335e-06, 0.20782327174963466, 0.9781663905652593, 0.025000010684994245, 0.0, 0.0, 0.0, 1.0], "right_foot_pose": [0.9975690088964214, -0.06920935481895506, 0.008132508527845736, 0.018148364736957773, 0.06968552568081487, 0.9907524814229692, -0.11641927703270324, -0.14075147813962444, 4.776574837196696e-11, 0.11670298093781818, 0.9931668612273706, 8.228282222244587e-10, 0.0, 0.0, 0.0, 1.0]}, {"left_foot_pose": [0.994221364225162, -0.10421686516511694, 0.02574342505213159, 0.022536575699675293, 0.10734933073486744, 0.9652331901851404, -0.23832962416744116, 0.022078753873970805, -1.044198264964775e-05, 0.23971594352519268, 0.9708430698680365, 0.025000008159979187, 0.0, 0.0, 0.0, 1.0], "right_foot_pose": [0.9975690088945233, -0.06933219979985844, 0.007008463748241855, 0.018148364559589757, 0.0696855257079827, 0.9925110428796938, -0.10032824761085303, -0.14075147812901445, 4.451730814035669e-10, 0.10057273901398446, 0.9949297081539102, 1.5468710826138654e-09, 0.0, 0.0, 0.0, 1.0]}, {"left_foot_pose": [0.9926098732280492, -0.11755342382796044, 0.03011365332404284, 0.026685149252789583, 0.12134924587649264, 0.961580860172304, -0.24624502000141885, 0.02953934867035186, -9.767464512497089e-06, 0.24807950720810532, 0.9687396750458717, 0.022459728135034218, 0.0, 0.0, 0.0, 1.0], "right_foot_pose": [0.9975690088936381, -0.06951234852035473, 0.00490977577378978, 0.018148364438176943, 0.06968552572065567, 0.9950899245624497, -0.0702849168693668, -0.14075147861994042, 1.2327883057748495e-09, 0.07045619516751295, 0.9975148743565269, 2.9280909571993696e-09, 0.0, 0.0, 0.0, 1.0]}, {"left_foot_pose": [0.9910510416879555, -0.1295696933381512, 0.03208624841698044, 0.030286662176823416, 0.13348345481002533, 0.9620073120675163, -0.23816821538696756, 0.03601614318472659, -7.822963366140993e-06, 0.24031984124680655, 0.970693759041394, 0.01583856386387606, 0.0, 0.0, 0.0, 1.0], "right_foot_pose": [0.9975690088944461, -0.06963685306722936, 0.0026040714747535623, 0.018148364366317362, 0.069685525709092, 0.9968722444560861, -0.037278086588943334, -0.1407514790907402, 2.0626598096067556e-09, 0.03736892998171564, 0.9993015376111565, 4.701627920322693e-09, 0.0, 0.0, 0.0, 1.0]}, {"left_foot_pose": [0.9897392238725754, -0.13951769211690765, 0.030839622476368435, 0.033081348375373056, 0.14288550907359215, 0.9664185676691347, -0.21358577518439678, 0.041041982031966434, -4.989358341209498e-06, 0.2158007545184002, 0.976437419563792, 0.007998176407996674, 0.0, 0.0, 0.0, 1.0], "right_foot_pose": [0.9975690088990191, -0.06968502309545292, -0.0002646514959987035, 0.018148364471058765, 0.06968552564362375, 0.9975618149393711, 0.003788520903984386, -0.14075147948646372, 3.0599829508478867e-09, -0.0037977534219921037, 0.9999927885084701, 6.988366760274367e-09, 0.0, 0.0, 0.0, 1.0]}, {"left_foot_pose": [0.9888834389624859, -0.14631151079773502, 0.02650445158483532, 0.034809438551319, 0.14869278443088596, 0.9730491183364132, -0.17625512521036193, 0.044149704746860904, -1.9795912424246043e-06, 0.17823679505874868, 0.9839876243547314, 0.001817275881528628, 0.0, 0.0, 0.0, 1.0], "right_foot_pose": [0.9975690089086865, -0.06958955093606083, -0.0036560724086901835, 0.01814836475462915, 0.06968552550523079, 0.9961951075096702, 0.052337704466824675, -0.140751479684681, 4.095367403454425e-09, -0.05246524730061095, 0.9986227505047567, 9.569082339011548e-09, 0.0, 0.0, 0.0, 1.0]}, {"left_foot_pose": [0.9886599152768609, -0.14891244143280766, 0.01940764569112345, 0.035249818052304656, 0.1501718080225168, 0.9803688396772055, -0.12777075669032914, 0.04494166497980197, 4.235400766912935e-09, 0.12923630672721734, 0.9916138245423514, 1.1942571861989215e-08, 0.0, 0.0, 0.0, 1.0], "right_foot_pose": [0.9975690089285376, -0.06928962673564906, -0.0074175502809031395, 0.018148366592177306, 0.06968552522106214, 0.991901611273874, 0.10618437327101009, -0.14075147990477213, 4.486225536392377e-09, -0.10644313589483795, 0.9943187913445433, 1.1269532938784632e-08, 0.0, 0.0, 0.0, 1.0]}, {"left_foot_pose": [0.9886599152742056, -0.14974301194189477, 0.011340295612142613, 0.035249820747966336, 0.1501718080399957, 0.9858369237245702, -0.07465914472639133, 0.04494166406662346, 3.0599335061770242e-09, 0.07551549639542199, 0.9971446283283852, 1.1569750241191556e-08, 0.0, 0.0, 0.0, 1.0], "right_foot_pose": [0.9975690089460539, -0.0687803889524621, -0.011195109911724774, 0.018148369475784333, 0.06968552497030901, 0.9846117252639721, 0.16026128067102313, -0.14075148036985127, 3.2661302959641373e-09, -0.160651824042717, 0.9870111404800596, 1.162928364023541e-08, 0.0, 0.0, 0.0, 1.0]}, {"left_foot_pose": [0.9886599153018466, -0.15013218042191004, 0.0034496778269007106, 0.03524981677166964, 0.15017180785802126, 0.9883990264928835, -0.02271106674233813, 0.044941664368134376, 3.763911689818147e-09, 0.022971565677687857, 0.999736118768506, 9.137833427430575e-09, 0.0, 0.0, 0.0, 1.0], "right_foot_pose": [0.9975690089281514, -0.06811189018949157, -0.01472558456974201, 0.018148366233319873, 0.06968552522659187, 0.9750419673919932, 0.2108010659324224, -0.1407514795497037, 3.895261529748722e-09, -0.21131477051821565, 0.977418061916616, 1.177946104546912e-08, 0.0, 0.0, 0.0, 1.0]}, {"left_foot_pose": [0.9886599153217359, -0.1501270059434631, -0.0036679588970068683, 0.0352498152089337, 0.15017180772707914, 0.9883649621085522, 0.024148081500242242, 0.04494166469518802, 2.8813456955649992e-09, -0.024425064229444193, 0.9997016636163955, 6.634892399381975e-09, 0.0, 0.0, 0.0, 1.0], "right_foot_pose": [0.997436928342734, -0.06922147648167522, -0.01810969828319778, 0.018925021282326867, 0.07155119823198058, 0.9649712366836422, 0.2524102581211996, -0.1397139146630773, 3.127202034707185e-06, -0.25305908315438863, 0.967450825842472, 0.0022502995173131826, 0.0, 0.0, 0.0, 1.0]}, {"left_foot_pose": [0.988659915328057, -0.14986336321007526, -0.00961998913124433, 0.03524981468291563, 0.15017180768546504, 0.9866292641085662, 0.06333343020135908, 0.04494166463601979, 1.943685516382494e-09, -0.06405987489806464, 0.9979460568728379, 4.4625608902615355e-09, 0.0, 0.0, 0.0, 1.0], "right_foot_pose": [0.9969703133538959, -0.07463548185316077, -0.021902948193819632, 0.021520213838829242, 0.07778299457305123, 0.9566522256134311, 0.2806533894042939, -0.1362469093586437, 6.803185201058874e-06, -0.28150677447872563, 0.9595592404204654, 0.008710108349573725, 0.0, 0.0, 0.0, 1.0]}, {"left_foot_pose": [0.9886599153283991, -0.1494807693711694, -0.014389976061377641, 0.03524981433229165, 0.15017180768321273, 0.9841104477784614, 0.0947367655687776, 0.04494166431116924, 1.1803263784019282e-09, -0.09582341134336939, 0.9953983493247919, 2.747502114708311e-09, 0.0, 0.0, 0.0, 1.0], "right_foot_pose": [0.996161110476169, -0.08361988792409109, -0.02589896365587511, 0.025585638298345467, 0.08753880212517196, 0.9515985691486211, 0.2946135117688724, -0.13081577125677987, 9.86792232671641e-06, -0.2957496872996825, 0.9552654721933397, 0.016558464040086505, 0.0, 0.0, 0.0, 1.0]}, {"left_foot_pose": [0.9886599153258359, -0.14908658915473968, -0.018021119890782745, 0.035249814114762204, 0.15017180770008798, 0.9815153519066632, 0.11864249720748586, 0.044941663880147364, 5.938887381539044e-10, -0.12000334539397756, 0.9927734873042565, 1.5299002203983392e-09, 0.0, 0.0, 0.0, 1.0], "right_foot_pose": [0.9949943903806324, -0.09556456712395113, -0.02921603363712296, 0.030754815412190748, 0.0999307909253307, 0.9515547403732114, 0.2907875738375142, -0.1239100904886632, 1.1666683501428016e-05, -0.2922515861097795, 0.9563414715885779, 0.02291665923581874, 0.0, 0.0, 0.0, 1.0]}, {"left_foot_pose": [0.9886599153201632, -0.1487742695880759, -0.02043987641016986, 0.03524981424269792, 0.15017180773743322, 0.9794591875931324, 0.1345664445553706, 0.044941663526006564, 2.4341914596272464e-10, -0.13610994286949318, 0.9906937384742392, 8.069146392730708e-10, 0.0, 0.0, 0.0, 1.0], "right_foot_pose": [0.9934726138084926, -0.10994428913442002, -0.030404257913136553, 0.036661272757044006, 0.11407087917729969, 0.957560343375691, 0.2646998740421816, -0.11601945246256856, 1.167216184779971e-05, -0.26644031617035, 0.9638514189348919, 0.025000008755156705, 0.0, 0.0, 0.0, 1.0]}, {"left_foot_pose": [0.9886599153183524, -0.1485726190087541, -0.021857463795886538, 0.03524981430438488, 0.15017180774935415, 0.9781316156060739, 0.14389916854917423, 0.04494166355725038, 3.1188540697355787e-11, -0.1455497146432524, 0.9893509390339045, 3.8794527312813187e-10, 0.0, 0.0, 0.0, 1.0], "right_foot_pose": [0.9916350777662567, -0.12573738005630755, -0.029154481646655957, 0.04293852385525356, 0.1290731282644971, 0.9660251966304014, 0.22390946169202122, -0.10763346018025972, 1.0174782395169935e-05, -0.2257995366066321, 0.9741737879684012, 0.025000011628663013, 0.0, 0.0, 0.0, 1.0]}, {"left_foot_pose": [0.9886599153178948, -0.14850643065541694, -0.022302732962613748, 0.035249814396471055, 0.15017180775236708, 0.9776958628126248, 0.14683060987227525, 0.044941663594092324, -3.6127974648603675e-11, -0.14851478004921262, 0.9889101880893608, 2.489895789548058e-10, 0.0, 0.0, 0.0, 1.0], "right_foot_pose": [0.9895695179006024, -0.1417641215166279, -0.025594981785268346, 0.04922008788802338, 0.14405613205168366, 0.9738345074994029, 0.17576741114809505, -0.09924170818127576, 7.763848651178914e-06, -0.1776211863883765, 0.9840989351105449, 0.02500001294431263, 0.0, 0.0, 0.0, 1.0]}, {"left_foot_pose": [0.9886599153188439, -0.1485802784221417, -0.021805336634323918, 0.03524981435381053, 0.15017180774611927, 0.978182041568743, 0.14355598806970715, 0.04494166368647314, 2.949345565175181e-11, -0.14520259782939882, 0.9894019433898414, 4.06143285669458e-10, 0.0, 0.0, 0.0, 1.0], "right_foot_pose": [0.9874158662778422, -0.15694049478595823, -0.019483021303612933, 0.05513949189344766, 0.1581452085862292, 0.9798977746168058, 0.12161597058877285, -0.09133378027236475, 4.898620145275447e-06, -0.123166685420