{"LoopMode": "Wrap", "FrameDuration": 0.0167, "EnableCycleOffsetPosition": true, "EnableCycleOffsetRotation": false, "Debug_info": [{"left_foot_pose": [1.0000000000000004, 5.2484909044853653e-14, -4.98556751438173e-12, 1.1783195949118537e-12, -9.182254583453058e-16, 0.9999471935157614, 0.010276681368668548, -2.6106200534670165e-13, 4.985631363160972e-12, -0.010276681368668718, 0.9999471935157616, 1.1197154314857016e-11, 0.0, 0.0, 0.0, 1.0], "right_foot_pose": [0.9999999999999999, -9.430385448133546e-14, -5.031974836811059e-12, 1.6333777535110466e-12, 2.3060659862925664e-14, 0.9998996124394203, -0.014169158178842482, -0.140000000001566, 5.032950644357683e-12, 0.01416915817884233, 0.9998996124394204, 8.78486866584538e-12, 0.0, 0.0, 0.0, 1.0]}, {"left_foot_pose": [1.0000000000000004, 9.66911823332862e-14, -1.1170731006870942e-11, 2.083823490020301e-12, -7.138112123789016e-15, 0.9999681026083834, 0.007987099961193756, 8.632504433503385e-14, 1.1170873244315374e-11, -0.00798709996119393, 0.9999681026083836, 2.422956973946455e-11, 0.0, 0.0, 0.0, 1.0], "right_foot_pose": [0.9999999999999998, -2.584820795954681e-13, -1.1250667064643947e-11, 3.2443648151676434e-12, 7.333289665202119e-14, 0.9998645311669173, -0.016459626798950987, -0.14000000000282553, 1.1253275832353568e-11, 0.016459626798950834, 0.9998645311669173, 2.044813623980346e-11, 0.0, 0.0, 0.0, 1.0]}, {"left_foot_pose": [1.0000000000000007, 9.13617150209511e-14, -1.96699878607376e-11, 3.1473607159628354e-12, 3.3303475509868688e-15, 0.9999884932725701, 0.004797220284274022, 8.050331234965569e-13, 1.96699954380291e-11, -0.004797220284274196, 0.9999884932725701, 4.199118830428006e-11, 0.0, 0.0, 0.0, 1.0], "right_foot_pose": [0.9999999999999998, -5.573450022346592e-13, -1.9801271733399514e-11, 5.31630387373739e-12, 1.6817628674233118e-13, 0.999806890312229, -0.019651516078679463, -0.14000000000430368, 1.9808187101106155e-11, 0.019651516078679314, 0.999806890312229, 3.6689783156074185e-11, 0.0, 0.0, 0.0, 1.0]}, {"left_foot_pose": [1.0000000000000007, -3.0426097339900163e-14, -3.0370650438982245e-11, 4.318728982616873e-12, 5.2720071103241036e-14, 0.999999738509251, 0.00072317455074262, 1.956358686161508e-12, 3.0370365657260756e-11, -0.0007231745507427932, 0.9999997385092513, 6.432594040761686e-11, 0.0, 0.0, 0.0, 1.0], "right_foot_pose": [0.9999999999999998, -1.0545028888926335e-12, -3.0583924282012725e-11, 7.787132609607143e-12, 3.2853403184301077e-13, 0.9997184172322088, -0.02372943839891231, -0.14000000000590243, 3.06001512015221e-11, 0.02372943839891216, 0.9997184172322086, 5.7297930289301746e-11, 0.0, 0.0, 0.0, 1.0]}, {"left_foot_pose": [1.0000000000000007, -3.519127095238314e-13, -4.3397119231514125e-11, 5.565144400083455e-12, 1.687906252351191e-13, 0.9999910650367075, -0.004227274151531607, 3.644541266001333e-12, 4.339788311543399e-11, 0.004227274151531432, 0.9999910650367075, 9.158455244184793e-11, 0.0, 0.0, 0.0, 1.0], "right_foot_pose": [0.9999999999999998, -1.8389666612239655e-12, -4.373978956806467e-11, 1.0641366048392743e-11, 5.835319843450825e-13, 0.999588455516062, -0.028686575240235674, -0.14000000000753976, 4.3774551768605276e-11, 0.02868657524023553, 0.999588455516062, 8.252133004704731e-11, 0.0, 0.0, 0.0, 1.0]}, {"left_foot_pose": [1.0000000000000007, -9.830923762479192e-13, -5.913808331925451e-11, 6.8649458496921884e-12, 3.881733250789151e-13, 0.999949350246002, -0.010064638224960057, 6.0353597119977564e-12, 5.914456766758395e-11, 0.010064638224959881, 0.9999493502460024, 1.2469011240190397e-10, 0.0, 0.0, 0.0, 1.0], "right_foot_pose": [1.0, -3.037219826129714e-12, -5.968242566822821e-11, 1.3907879535018804e-11, 9.743626813227867e-13, 0.9994035023671566, -0.03453461243825898, -0.14000000000913587, 5.975160833373951e-11, 0.03453461243825884, 0.9994035023671566, 1.1313344705499162e-10, 0.0, 0.0, 0.0, 1.0]}, {"left_foot_pose": [1.0000000000000002, -2.0783305014981125e-12, -7.825479153567014e-11, 8.197800751440627e-12, 7.620526102242433e-13, 0.9998585186103482, -0.016820902541805818, 9.37731142736098e-12, 7.827855184952313e-11, 0.01682090254180564, 0.9998585186103482, 1.6517568562912643e-10, 0.0, 0.0, 0.0, 1.0], "right_foot_pose": [0.9999999999999998, -4.831956297939143e-12, -7.910427868296206e-11, 1.7651193797620734e-11, 1.5603412521943998e-12, 0.999146501962889, -0.04130699232965824, -0.14000000001058943, 7.923625734238593e-11, 0.0413069923296581, 0.9991465019628889, 1.504552871178788e-10, 0.0, 0.0, 0.0, 1.0]}, {"left_foot_pose": [1.0000000000000007, -3.8608597050144525e-12, -1.0166967268077082e-10, 9.53049352971759e-12, 1.3640525849995272e-12, 0.999698606021828, -0.024549890387019872, 1.4026059827476622e-11, 1.0173347825161273e-10, 0.024549890387019695, 0.9996986060218283, 2.152059086490965e-10, 0.0, 0.0, 0.0, 1.0], "right_foot_pose": [0.9999999999999999, -7.487620936199619e-12, -1.0297762642608173e-10, 2.1956998826109953e-11, 2.4266561482244623e-12, 0.9987958646836802, -0.049059358850066875, -0.14000000001174429, 1.0322092771603231e-10, 0.049059358850066744, 0.9987958646836801, 1.963549670080944e-10, 0.0, 0.0, 0.0, 1.0]}, {"left_foot_pose": [1.0000000000000004, -6.653964266702891e-12, -1.305487384861691e-10, 1.0799087224559101e-11, 2.299966047926958e-12, 0.9994445433556945, -0.03332573714905835, 2.047101897717507e-11, 1.3069778585132403e-10, 0.03332573714905817, 0.9994445433556949, 2.77598152798042e-10, 0.0, 0.0, 0.0, 1.0], "right_foot_pose": [1.0, -1.1383013656918406e-11, -1.325366483229117e-10, 2.691226744912621e-11, 3.694359396052634e-12, 0.9983242357037777, -0.05786812945368637, -0.14000000001234766, 1.3297321736205524e-10, 0.05786812945368624, 0.9983242357037775, 2.532343987282637e-10, 0.0, 0.0, 0.0, 1.0]}, {"left_foot_pose": [1.0000000000000004, -1.0913384403272015e-11, -1.6619416953744785e-10, 1.1878717068127209e-11, 3.717524830453369e-12, 0.9990647747158425, -0.04323859296951629, 2.934550345778941e-11, 1.6651029349483344e-10, 0.04323859296951611, 0.9990647747158428, 3.5569978906746513e-10, 0.0, 0.0, 0.0, 1.0], "right_foot_pose": [0.9999999999999998, -1.7043131128765152e-11, -1.6917967027296746e-10, 3.256739622910028e-11, 5.529137336932601e-12, 0.9976971448509167, -0.06782630136111746, -0.14000000001199658, 1.69945743021601e-10, 0.06782630136111732, 0.9976971448509169, 3.2387053455762427e-10, 0.0, 0.0, 0.0, 1.0]}, {"left_foot_pose": [1.0000000000000004, -1.7232967940984747e-11, -2.096475770763104e-10, 1.2525140943276483e-11, 5.806239305444971e-12, 0.9985200693879648, -0.05438447415811863, 4.1355448579527554e-11, 2.1027417524995537e-10, 0.05438447415811845, 0.9985200693879646, 4.5270264620311806e-10, 0.0, 0.0, 0.0, 1.0], "right_foot_pose": [0.9999999999999998, -2.513400768200908e-11, -2.1407059458411469e-10, 3.8847072249560355e-11, 8.136741341668323e-12, 0.9968719706919452, -0.07903337300633048, -0.14000000001008614, 2.1538734006442285e-10, 0.07903337300633033, 0.9968719706919451, 4.107260365149301e-10, 0.0, 0.0, 0.0, 1.0]}, {"left_foot_pose": [1.0000000000000007, -2.6239182725430144e-11, -2.606336813038008e-10, 1.2266944549279429e-11, 8.759642207436119e-12, 0.9977635925540861, -0.06684170384995207, 5.697562907580611e-11, 2.618043577210901e-10, 0.06684170384995188, 0.9977635925540863, 5.695783844572588e-10, 0.0, 0.0, 0.0, 1.0], "right_foot_pose": [1.0, -3.631993236697155e-11, -2.670600962595413e-10, 4.5359741064512376e-11, 1.1712254073710954e-11, 0.9957984841711836, -0.09157171464144097, -0.14000000000582635, 2.692636479145212e-10, 0.0915717146414408, 0.9957984841711833, 5.140073158771408e-10, 0.0, 0.0, 0.0, 1.0]}, {"left_foot_pose": [1.0000000000000007, -3.8122301600995587e-11, -3.148307725631121e-10, 1.018391090104025e-11, 1.2618357274350996e-11, 0.9967452758831471, -0.08061547621040277, 7.549821184893446e-11, 3.168789403532445e-10, 0.08061547621040259, 0.9967452758831473, 6.993148282674611e-10, 0.0, 0.0, 0.0, 1.0], "right_foot_pose": [1.0, -5.0680543704004136e-11, -3.238501133928648e-10, 5.097441093699867e-11, 1.624785439850987e-11, 0.9944245388552614, -0.10545063547698999, -0.1399999999985377, 3.2738868176811123e-10, 0.10545063547698984, 0.9944245388552613, 6.264649216047857e-10, 0.0, 0.0, 0.0, 1.0]}, {"left_foot_pose": [1.0000000000000004, -5.115130821112751e-11, -3.5733488390476876e-10, 4.505907736259351e-12, 1.6789054769580053e-11, 0.9954285462420521, -0.09550921068899908, 9.250147176009804e-11, 3.605863492049902e-10, 0.09550921068899891, 0.9954285462420523, 8.121416802953085e-10, 0.0, 0.0, 0.0, 1.0], "right_foot_pose": [0.9999999999999998, -6.591549331717627e-11, -3.691374983461056e-10, 5.292442915520718e-11, 2.096321414285363e-11, 0.9927162291171439, -0.12047609077090224, -0.1399999999887995, 3.7438990308397025e-10, 0.1204760907709021, 0.9927162291171437, 7.20498105621914e-10, 0.0, 0.0, 0.0, 1.0]}, {"left_foot_pose": [1.0000000000000002, -5.808154844988648e-11, -3.501624545876315e-10, -7.594133774628913e-12, 1.8916756396605063e-11, 0.9938397439681621, -0.11082672651169864, 9.464917911927717e-11, 3.544421949725359e-10, 0.11082672651169845, 0.9938397439681622, 8.249290278650179e-10, 0.0, 0.0, 0.0, 1.0], "right_foot_pose": [1.0, -7.307645230615088e-11, -3.6334513175972874e-10, 4.5456522071217116e-11, 2.3001937162308645e-11, 0.9907159317528517, -0.13594830845243702, -0.13999999998148926, 3.699061459374598e-10, 0.1359483084524369, 0.9907159317528519, 7.225011283695792e-10, 0.0, 0.0, 0.0, 1.0]}, {"left_foot_pose": [0.9999999962481763, -8.590731503185423e-05, 1.1116717217320424e-05, 3.207861819819693e-05, 8.66231482964962e-05, 0.9921405843463357, -0.1251281478698651, 4.7101130658980944e-05, -2.7992309806084883e-07, 0.12512814836337108, 0.9921405880655609, 0.0001638610508744101, 0.0, 0.0, 0.0, 1.0], "right_foot_pose": [0.9999999999999999, -5.504586431194988e-11, -2.481748140326087e-10, 6.876419965202055e-11, 1.7195756822920256e-11, 0.9886853032260379, -0.15000457054649177, -0.1400000000277402, 2.536237485696561e-10, 0.1500045705464917, 0.988685303226038, 5.07878447630894e-10, 0.0, 0.0, 0.0, 1.0]}, {"left_foot_pose": [0.9999970081952954, -0.0024192923812523105, 0.00036142057684900524, 0.00090594742432889, 0.0024461393431267184, 0.9891219342222932, -0.14707758375314725, 0.0013302270384017208, -1.66534221382608e-06, 0.14707802781083237, 0.989124892888913, 0.004191209383800465, 0.0, 0.0, 0.0, 1.0], "right_foot_pose": [1.0, -2.6714056108092734e-11, -9.963119218525648e-11, 2.155896667453464e-10, 1.0328604332406571e-11, 0.9869600746189175, -0.16096524813828977, -0.14000000010394345, 1.0263197345291077e-10, 0.1609652481382896, 0.9869600746189173, 2.9234521053966844e-10, 0.0, 0.0, 0.0, 1.0]}, {"left_foot_pose": [0.9999712211443108, -0.007463965486082873, 0.0013587135014603055, 0.002809809433381393, 0.007586624548251197, 0.983882412819685, -0.17865564886697508, 0.004125732144056005, -3.334721110739351e-06, 0.17866081541104217, 0.983910724113495, 0.011469802690704266, 0.0, 0.0, 0.0, 1.0], "right_foot_pose": [0.9999999999999998, -4.964998500969649e-13, 3.500283396462578e-11, 2.402779438803968e-10, 6.364559878908305e-12, 0.9858134923888013, -0.16784444650984157, -0.14000000002766244, -3.4422935651021196e-11, 0.1678444465098414, 0.9858134923888013, 1.6556662291167257e-10, 0.0, 0.0, 0.0, 1.0]}, {"left_foot_pose": [0.9998888274998454, -0.014558818250633463, 0.0032207843967189094, 0.005522583082713633, 0.014910822029690178, 0.9763598698768634, -0.21563643449202738, 0.00810899431744361, -5.232976498080806e-06, 0.21566048619341568, 0.976468409456976, 0.019120927977632055, 0.0, 0.0, 0.0, 1.0], "right_foot_pose": [0.9999999999999999, 7.628059831979421e-12, 9.936440559243916e-11, 1.2493834859697169e-10, 9.360312529414072e-12, 0.9854691580433304, -0.16985446283618716, -0.13999999989171935, -9.921630825523707e-11, 0.16985446283618708, 0.9854691580433304, 1.3360834660858245e-10, 0.0, 0.0, 0.0, 1.0]}, {"left_foot_pose": [0.9997162405012199, -0.023057618892857838, 0.005982030516400377, 0.008823189341299907, 0.023820966151088578, 0.9677544115931667, -0.250766745031301, 0.012955386449338113, -7.052384597464e-06, 0.2508380853318659, 0.968029056845562, 0.024265881204972896, 0.0, 0.0, 0.0, 1.0], "right_foot_pose": [0.9999999999999998, -1.3301692059475189e-11, 5.413347548000054e-11, -1.0327497460034595e-10, 2.2124422486015104e-11, 0.9860573361296039, -0.16640591896020326, -0.13999999982652095, -5.116527990223646e-11, 0.16640591896020307, 0.9860573361296036, 2.4481505711548834e-10, 0.0, 0.0, 0.0, 1.0]}, {"left_foot_pose": [0.9994313583670421, -0.03240887325599844, 0.009307247009004406, 0.01249053781233613, 0.03371883514078038, 0.9606720072770163, -0.2756307939819109, 0.018340272560749132, -8.32819875347991e-06, 0.2757878883646384, 0.9612185186324782, 0.025000005516378487, 0.0, 0.0, 0.0, 1.0], "right_foot_pose": [0.9999999999999999, -6.457180533464496e-11, -1.2274181671045844e-10, -3.080625963440367e-10, 4.44980637521e-11, 0.987595532705442, -0.15701931021455443, -0.13999999984233683, 1.313582882858946e-10, 0.15701931021455426, 0.9875955327054421, 5.873938904721321e-10, 0.0, 0.0, 0.0, 1.0]}, {"left_foot_pose": [0.9990312567688047, -0.04206480172220312, 0.012926734120227193, 0.016303537125857095, 0.04400622590883857, 0.9550167010159962, -0.2932687382960963, 0.023939026858332307, -8.955646664485806e-06, 0.2935534929729086, 0.955942648218606, 0.02500000463099785, 0.0, 0.0, 0.0, 1.0], "right_foot_pose": [0.9999999999999998, -1.3712355413068382e-10, -4.4327541637301165e-10, -4.275067439903882e-10, 7.3011871413635e-11, 0.9899355997261488, -0.14151857968065495, -0.13999999979504882, 4.5821950324391186e-10, 0.1415185796806548, 0.989935599726149, 1.1882925199380168e-09, 0.0, 0.0, 0.0, 1.0]}, {"left_foot_pose": [0.9985363084360915, -0.05153636470386672, 0.016408651618369213, 0.02004110868207485, 0.05408549396384401, 0.9515231757806293, -0.30278442049589227, 0.02942702634406847, -8.803976863670452e-06, 0.3032287075219895, 0.9529178090774852, 0.02491027251625337, 0.0, 0.0, 0.0, 1.0], "right_foot_pose": [0.9999999999999998, -2.1603479838377176e-10, -9.418787416670672e-10, -5.427934398141031e-10, 1.0200992294136775e-10, 0.9928438485813394, -0.11941981550058703, -0.1399999998363406, 9.609371476367933e-10, 0.1194198155005869, 0.9928438485813396, 2.0983625392823058e-09, 0.0, 0.0, 0.0, 1.0]}, {"left_foot_pose": [0.9979907278902871, -0.06052788153300769, 0.018731860616137658, 0.023482167616914504, 0.06336013720844993, 0.9534151401932903, -0.2949323031869108, 0.034479639209978416, -7.6120078616906535e-06, 0.2955265571946716, 0.9553345246219896, 0.02116383544606419, 0.0, 0.0, 0.0, 1.0], "right_foot_pose": [1.0, -2.678045964127891e-10, -1.6462976537567883e-09, -6.994383761630955e-10, 1.18535543405044e-10, 0.9959409233903698, -0.09000931683074548, -0.14000000029953888, 1.6637197382861351e-09, 0.09000931683074534, 0.9959409233903699, 3.4337895929437146e-09, 0.0, 0.0, 0.0, 1.0]}, {"left_foot_pose": [0.9974595385024227, -0.06857871458791238, 0.019272492210515385, 0.026405622379395723, 0.07123530739169068, 0.9602823348882086, -0.26978392888098895, 0.038772243261299744, -5.5987598937165625e-06, 0.2704714351038215, 0.9627280004038181, 0.013996812692078718, 0.0, 0.0, 0.0, 1.0], "right_foot_pose": [0.9999999999999998, -2.328572446673069e-10, -2.5129258673928226e-09, -6.890976068947978e-10, 9.941740202667984e-11, 0.9985960342797464, -0.05297131601879774, -0.14000000075278343, 2.521732358372141e-09, 0.0529713160187976, 0.9985960342797464, 5.217044588001762e-09, 0.0, 0.0, 0.0, 1.0]}, {"left_foot_pose": [0.9970219973612686, -0.07498141800585846, 0.018025640947779156, 0.028590394439437124, 0.07711768128782252, 0.9694129870472786, -0.2330049865922689, 0.04198021926214543, -3.246137504238844e-06, 0.2337011927609788, 0.972308465710116, 0.006287909462447977, 0.0, 0.0, 0.0, 1.0], "right_foot_pose": [0.9999999999999999, -5.0232392667950505e-11, -3.477563681464346e-09, -5.014716284515038e-10, 2.0847215797390856e-11, 0.9999643028883957, -0.008449434828722168, -0.1400000011037612, 3.4778638045976777e-09, 0.008449434828722013, 0.9999643028883957, 7.3609616596526095e-09, 0.0, 0.0, 0.0, 1.0]}, {"left_foot_pose": [0.9967614920103242, -0.07896871566153311, 0.015181238161662664, 0.029815400727817444, 0.08041472529540099, 0.9788401945455053, -0.18816308218612807, 0.04377894179726942, -1.0091804496526242e-06, 0.18877450963752015, 0.9820204603317063, 0.0009158383886558527, 0.0, 0.0, 0.0, 1.0], "right_foot_pose": [0.9999999999999999, 3.136752755645459e-10, -4.343371551307486e-09, -1.333198724711174e-10, -1.2819749910484495e-10, 0.9990905890101289, 0.042637952007498654, -0.14000000122468803, 4.352795970223528e-09, -0.042637952007498786, 0.999090589010129, 9.495331673714524e-09, 0.0, 0.0, 0.0, 1.0]}, {"left_foot_pose": [0.9967212931953937, -0.08013469098078788, 0.011184587266249229, 0.030000001695681146, 0.08091145586938078, 0.9871525773720633, -0.13777926294181922, 0.044050001693925894, 4.512682276849731e-09, 0.13823248637388835, 0.990399808012347, 1.112699281324847e-08, 0.0, 0.0, 0.0, 1.0], "right_foot_pose": [0.9999999999999998, 7.021671548485924e-10, -4.659223007408289e-09, 1.1135616996171016e-10, -2.4910193658220087e-10, 0.9953294327300102, 0.09653662694208637, -0.1400000012662662, 4.705246493596647e-09, -0.0965366269420865, 0.9953294327300103, 1.0674859447779017e-08, 0.0, 0.0, 0.0, 1.0]}, {"left_foot_pose": [0.9967212932046374, -0.08061796759093941, 0.006885272251929165, 0.030000001518822338, 0.080911455755517, 0.9931059057271652, -0.08481742944319424, 0.0440500013731691, 4.242067659219105e-09, 0.08509643536209004, 0.996372719763376, 9.732427370956476e-09, 0.0, 0.0, 0.0, 1.0], "right_foot_pose": [0.9999999999999998, 9.825625819517315e-10, -4.278169596361185e-09, 1.721027364657676e-10, -3.2787479878559966e-10, 0.9886226638275578, 0.15041684934375976, -0.1400000013634813, 4.3772892866710685e-09, -0.15041684934375993, 0.9886226638275579, 1.070417146586955e-08, 0.0, 0.0, 0.0, 1.0]}, {"left_foot_pose": [0.9967212932145397, -0.08086289061820566, 0.0028029580098334044, 0.03000000108527595, 0.08091145563353085, 0.9961230354864614, -0.03452874918820834, 0.04405000095402556, 3.42769297587806e-09, 0.03464233095660658, 0.9993997743175123, 7.511291491568706e-09, 0.0, 0.0, 0.0, 1.0], "right_foot_pose": [0.999999999633555, -2.64685192183384e-05, -5.683935245748197e-06, 5.197947055893063e-06, 2.7070322464732254e-05, 0.979943571034117, 0.19927517872554998, -0.1399900133856162, 2.954169044217972e-07, -0.19927517880639276, 0.9799435713915331, 3.740710621022436e-05, 0.0, 0.0, 0.0, 1.0]}, {"left_foot_pose": [0.9967212932217453, -0.08090808593626762, -0.0007384229832829444, 0.03000000049073337, 0.08091145554476668, 0.9966797844060646, 0.009096357397828892, 0.044050001140455375, 2.3937282354763227e-09, -0.009126279987556496, 0.9999583546396268, 5.20919159197053e-09, 0.0, 0.0, 0.0, 1.0], "right_foot_pose": [0.9999961271174715, -0.0027015434407332414, -0.0006688894491442187, 0.0005346735889671014, 0.002783116644085089, 0.9709814181313764, 0.23913874613982258, -0.13897267822870624, 3.435514843853546e-06, -0.23913968158090998, 0.9709851763449215, 0.003492988764264106, 0.0, 0.0, 0.0, 1.0]}, {"left_foot_pose": [0.996721293224509, -0.08083039860030179, -0.0036208141321945357, 0.030000000066422283, 0.08091145551072247, 0.995722780951659, 0.04460358574186449, 0.04405000097695097, 1.5024998437054507e-09, -0.04475030900465123, 0.9989982031235036, 3.2162596197427007e-09, 0.0, 0.0, 0.0, 1.0], "right_foot_pose": [0.9999550493123428, -0.009130009014087751, -0.0025577900914953914, 0.001821607709046972, 0.00948152467122648, 0.9630726234488888, 0.2690747529092685, -0.1364999655805029, 6.6826941228477445e-06, -0.26908690956395076, 0.9631158990779167, 0.010538496767281968, 0.0, 0.0, 0.0, 1.0]}, {"left_foot_pose": [0.9967212932245524, -0.08070048567896716, -0.005839113285039865, 0.029999999812255464, 0.08091145551018573, 0.994122426802638, 0.07193008338141921, 0.04405000060631176, 8.054898975592731e-10, -0.07216669688445959, 0.9973925846229196, 1.7053255821353197e-09, 0.0, 0.0, 0.0, 1.0], "right_foot_pose": [0.9998138141779475, -0.01848075362232796, -0.005549659853993279, 0.0037074131452675832, 0.019296033009193445, 0.9577109662339973, 0.28708425290365785, -0.13287657522730684, 9.436754275097085e-06, -0.2871378883057653, 0.9578892592623915, 0.01829520829523363, 0.0, 0.0, 0.0, 1.0]}, {"left_foot_pose": [0.9967212932234393, -0.08057137281389236, -0.007410635457262985, 0.02999999972110529, 0.08091145552389802, 0.9925319278433659, 0.09128914818606107, 0.044050000191652054, 3.0457961230358134e-10, -0.09158944313848122, 0.9957968537335234, 7.021445230792622e-10, 0.0, 0.0, 0.0, 1.0], "right_foot_pose": [0.999506925231856, -0.030058056738417882, -0.0090785262389231, 0.006033510051314349, 0.031399144740075095, 0.956919081460461, 0.28865197946049004, -0.12840720013208928, 1.109741328483039e-05, -0.288794710412046, 0.9573910460803724, 0.023884418199286717, 0.0, 0.0, 0.0, 1.0]}, {"left_foot_pose": [0.9967212932222611, -0.08047891513436073, -0.00835510958279299, 0.02999999979505964, 0.08091145553841045, 0.9913929719311205, 0.10292381438829856, 0.044049999987832884, -3.3653961411340944e-12, -0.10326238145799971, 0.9946541512383203, 1.8479871105592238e-10, 0.0, 0.0, 0.0, 1.0], "right_foot_pose": [0.9989886862060007, -0.04328850720064972, -0.012153599333008693, 0.00864132551063408, 0.04496225869297641, 0.9618679594705911, 0.2697932983546975, -0.12339653144711882, 1.1208652149861858e-05, -0.27006690594780475, 0.9628415581943612, 0.02500000270604775, 0.0, 0.0, 0.0, 1.0]}, {"left_foot_pose": [0.9967212932216614, -0.08044261675817689, -0.00869764609748373, 0.029999999963981894, 0.08091145554580045, 0.9909458240661938, 0.10714340916375842, 0.044049999974171875, -1.2201763761899736e-10, -0.10749585654744867, 0.9942055324856783, 5.806466418789569e-12, 0.0, 0.0, 0.0, 1.0], "right_foot_pose": [0.9982487077310067, -0.057433041562613335, -0.014176150755502184, 0.01137227693423324, 0.05915671907432359, 0.9692030905048636, 0.23905198586119794, -0.11814927371090708, 1.0086484104130262e-05, -0.2394719505342703, 0.9709032829306814, 0.02500000454244232, 0.0, 0.0, 0.0, 1.0]}, {"left_foot_pose": [0.9967212932218791, -0.08046800102066552, -0.008459577403388412, 0.030000000153234133, 0.08091145554311703, 0.991258524460417, 0.10421071944119935, 0.04404999997645901, -6.391719484985841e-11, -0.10455351977000259, 0.994519261504625, 1.4334144982086627e-10, 0.0, 0.0, 0.0, 1.0], "right_foot_pose": [0.9973205709509096, -0.07165974422483123, -0.01471597145222368, 0.014067781155271448, 0.07315516859743047, 0.9769557941193676, 0.2005135846871165, -0.11297012463374605, 8.101384062229464e-06, -0.20105287213623124, 0.9795803910553436, 0.02499255597935754, 0.0, 0.0, 0.0, 1.0]}, {"left_foot_pose": [0.9967212932228544, -0.08054950545286634, -0.007644658753665303, 0.03000000039284651, 0.08091145553110134, 0.9922625508622044, 0.09417200497106833, 0.044050000212535786, 1.6745838012250114e-10, -0.09448178304695003, 0.9955265906404861, 6.930947343830596e-10, 0.0, 0.0, 0.0, 1.0], "right_foot_pose": [0.9962836355631023, -0.08511684945458568, -0.013192401149632774, 0.01656926301193009, 0.0861331380986327, 0.9845382498854172, 0.15253038069132926, -0.1081637725019107, 5.5180890911117474e-06, -0.1530998251190556, 0.9882107282953697, 0.021837796655570486, 0.0, 0.0, 0.0, 1.0]}, {"left_foot_pose": [0.9967212932240602, -0.08066878097658445, -0.006261901429275551, 0.03000000058714684, 0.0809114555162504, 0.9937318668551298, 0.0771382730093254, 0.04405000049782377, 5.470750557810333e-10, -0.0773920187898675, 0.9970007399333412, 1.5062756250627807e-09, 0.0, 0.0, 0.0, 1.0], "right_foot_pose": [0.995258011731947, -0.09677406182033103, -0.00981178078465861, 0.018718134088034195, 0.09727019108950635, 0.9901847433361942, 0.10036276196700697, -0.10403493148972136, 2.963506873767491e-06, -0.1008412367190623, 0.9949025303858602, 0.014923782506801896, 0.0, 0.0, 0.0, 1.0]}, {"left_foot_pose": [0.9967212932242847, -0.08079452844406168, -0.004348310799873552, 0.030000000459254758, 0.08091145551348486, 0.9952809082753448, 0.053565380511064194, 0.04405000068078244, 1.0630432826516642e-09, -0.053741583490881706, 0.9985548769115764, 2.4020480118847054e-09, 0.0, 0.0, 0.0, 1.0], "right_foot_pose": [0.994392766762535, -0.1056065936608014, -0.005502071038544423, 0.02035580727091045, 0.10574982462979055, 0.9930464496056877, 0.051727396187199674, -0.10088830300871289, 1.0580000318355265e-06, -0.05201919165943815, 0.9986460853064911, 0.00712921754058473, 0.0, 0.0, 0.0, 1.0]}, {"left_foot_pose": [0.9967212932235012, -0.08088730823031748, -0.001976613802803033, 0.030000000450991104, 0.08091145552313263, 0.9964238312092734, 0.02434922921496141, 0.04405000056296725, 1.4895285895111988e-09, -0.024429325931923842, 0.9997015594838854, 3.1868609209895205e-09, 0.0, 0.0, 0.0, 1.0], "right_foot_pose": [0.9938474130335061, -0.11075256337157893, -0.0010905563863310237, 0.021323704031304788, 0.11075793247709005, 0.9937992430752318, 0.00978493007112601, -0.09902858242719767, 8.802347746295176e-08, -0.0098455152085022, 0.9999515317405498, 0.0013328077677002143, 0.0, 0.0, 0.0, 1.0]}, {"left_foot_pose": [0.9967212932201439, -0.080908597496165, 0.0006800682086653151, 0.029999999903572976, 0.080911455564493, 0.9966860854484854, -0.008377555240689873, 0.04405000036267827, 1.7242381696269874e-09, 0.00840511300216966, 0.999964676413833, 3.519792249329079e-09, 0.0, 0.0, 0.0, 1.0], "right_foot_pose": [0.9937345535874176, -0.11173084685465767, 0.0028026536633336276, 0.021518590314429015, 0.11176599217300212, 0.993422068907444, -0.02491898876836709, -0.09865412824588425, 1.717191253815063e-09, 0.025076101546982765, 0.9996855451246685, 3.5792114480570625e-09, 0.0, 0.0, 0.0, 1.0]}, {"left_foot_pose": [0.9967212932168286, -0.08083902473639994, 0.003422824541411214, 0.029999999440107096, 0.08091145560533211, 0.9958290405928861, -0.042164656570155924, 0.04405000047982612, 1.6362851970377468e-09, 0.04230335674057628, 0.9991048123237525, 3.5634888789770613e-09, 0.0, 0.0, 0.0, 1.0], "right_foot_pose": [0.9937345535844428, -0.11157195280401937, 0.006583035760597756, 0.021518589901692753, 0.11176599219945055, 0.992009308320365, -0.05853114720747991, -0.09865412802749848, 1.6422790192405808e-09, 0.05890018296447788, 0.9982638771621214, 3.6451941881621153e-09, 0.0, 0.0, 0.0, 1.0]}, {"left_foot_pose": [0.9967212932175449, -0.08068833695531326, 0.0060046587023589735, 0.03000000039829808, 0.08091145559651022, 0.9939727676813341, -0.07396940895507996, 0.04405000041569795, 1.3647870255202043e-09, 0.07421273062821264, 0.9972424332190774, 3.140356100161945e-09, 0.0, 0.0, 0.0, 1.0], "right_foot_pose": [0.9937345535828139, -0.11130432558614606, 0.01014810925141874, 0.02151859086648654, 0.1117659922139358, 0.9896297789848221, -0.09022895062499128, -0.09865412812390889, 1.3820648246368456e-09, 0.09079783946915154, 0.9958693450185792, 2.9172940937960412e-09, 0.0, 0.0, 0.0, 1.0]}, {"left_foot_pose": [0.9966202833448032, -0.08170871681686831, 0.008467373965181971, 0.029117237144996668, 0.08214627700135628, 0.9913126115087826, -0.10271949882303222, 0.04396454217274419, -7.361571447121897e-07, 0.10306789926926424, 0.9946743226502232, 0.00284445771926492, 0.0, 0.0, 0.0, 1.0], "right_foot_pose": [0.9937345535834365, -0.11098264274554491, 0.013209467193771156, 0.02151859089143316, 0.11176599220840198, 0.9867696304792841, -0.11744811343503571, -0.09865412845828511, 9.528728082303519e-10, 0.11818861778103801, 0.99299116341839, 1.9182183619292914e-09, 0.0, 0.0, 0.0, 1.0]}, {"left_foot_pose": [0.9963288125168224, -0.08488138165599242, 0.011137701602635231, 0.026641284232677843, 0.08560897935338692, 0.9878635162349181, -0.12960237631330587, 0.043724864872512564, -1.7003005811969448e-06, 0.1300800689581383, 0.9915034925087033, 0.009617037758329082, 0.0, 0.0, 0.0, 1.0], "right_foot_pose": [0.9937345535852458, -0.11066266488129772, 0.015665618790888815, 0.021518590869302294, 0.11176599219231163, 0.9839246415626692, -0.13928626175987746, -0.09865412853750638, 5.54019246600657e-10, 0.1401644545779796, 0.9901282369839056, 1.1216945358660801e-09, 0.0, 0.0, 0.0, 1.0]}, {"left_foot_pose": [0.9958652530406371, -0.08975849801247626, 0.01399320623921686, 0.022897566948640043, 0.09084270900251479, 0.9839841752836384, -0.1533712652763337, 0.04336247160578249, -2.719091393115131e-06, 0.1540082946659797, 0.9880695548222729, 0.0174394922490723, 0.0, 0.0, 0.0, 1.0], "right_foot_pose": [0.9937345535872477, -0.11039169568195768, 0.017473137417638927, 0.02151859080829286, 0.11176599217451462, 0.981515398884495, -0.15535728095540655, -0.0986541284557895, 2.38967980331925e-10, 0.15633680077663342, 0.9877038041452139, 5.513722395322773e-10, 0.0, 0.0, 0.0, 1.0]}, {"left_foot_pose": [0.9952462875160343, -0.09594614461120925, 0.01670821713401642, 0.018211638687014434, 0.09739007738323338, 0.9804967961928834, -0.17070795377714573, 0.042908874893943405, -3.583350612797229e-06, 0.17152367180578043, 0.985179998780641, 0.02343311561247454, 0.0, 0.0, 0.0, 1.0], "right_foot_pose": [0.9937345535887461, -0.11020557307579952, 0.018610982424639808, 0.0215185907310846, 0.11176599216119205, 0.979860544701152, -0.16547409445042033, -0.09865412831446121, 3.207641253965476e-11, 0.16651740029497464, 0.986038516184334, 1.9428206265992287e-10, 0.0, 0.0, 0.0, 1.0]}, {"left_foot_pose": [0.9944939592167705, -0.10312012762713134, 0.0186548749531493, 0.012909056960181228, 0.10479391711797365, 0.9786165849763233, -0.17699665122354882, 0.042395583457385144, -4.0527560642969006e-06, 0.17797701786310308, 0.9840346442560508, 0.025000003566055175, 0.0, 0.0, 0.0, 1.0], "right_foot_pose": [0.9937345535892913, -0.11012820919454633, 0.019063434692994145, 0.021518590661725928, 0.11176599215634342, 0.9791726865971265, -0.169496940442811, -0.09865412824561126, -4.9186820525810165e-11, 0.17056561013805752, 0.9853463211674526, 6.435069144217209e-11, 0.0, 0.0, 0.0, 1.0]}, {"left_foot_pose": [0.9936406401930049, -0.11083322586101246, 0.019856339090527347, 0.007315393189454477, 0.11259786028144544, 0.9780747300827791, -0.1751900232134806, 0.041854113057177914, -4.108084984092647e-06, 0.17631170811588617, 0.9843343850360928, 0.025000003764550374, 0.0, 0.0, 0.0, 1.0], "right_foot_pose": [0.9937345535888168, -0.11016344661614398, 0.018858738910295048, 0.021518590549737787, 0.11176599216056149, 0.9794859896991721, -0.16767694826480672, -0.09865412823155131, -7.100671110137092e-12, 0.16873414299626888, 0.9856615996310878, 1.3144350191618415e-10, 0.0, 0.0, 0.0, 1.0]}, {"left_foot_pose": [0.9927319103943129, -0.11862535258901764, 0.02028250004289932, 0.0017562003121994931, 0.12034680747952906, 0.9785370592481438, -0.1672778216246288, 0.04131597979472452, -3.787375634815542e-06, 0.16850296555588296, 0.9857011466892638, 0.025000003635706078, 0.0, 0.0, 0.0, 1.0], "right_foot_pose": [0.9937345535874731, -0.11030598454894752, 0.01800629831454948, 0.021518590459303162, 0.11176599217250836, 0.9807533236065076, -0.16009772399532732, -0.098654128205783, 1.5150521367312468e-10, 0.16110713208134675, 0.986936924019222, 4.1213595730615893e-10, 0.0, 0.0, 0.0, 1.0]}, {"left_foot_pose": [0.9918273510787329, -0.12622098445874924, 0.01862172748188107, -0.0034429675997674552, 0.12758724718160133, 0.981209795651928, -0.14473711090568198, 0.040812692451620836, -2.960790952229597e-06, 0.14593012025955024, 0.9892949004175994, 0.022459724422639188, 0.0, 0.0, 0.0, 1.0], "right_foot_pose": [0.9937345535855012, -0.11062371572959744, 0.01593833518286238, 0.021518590640964393, 0.11176599219003988, 0.9835783366579611, -0.1417110392557149, -0.09865412839991668, 5.141129152165341e-10, 0.14260452017848518, 0.9897797486434361, 1.0753636106586306e-09, 0.0, 0.0, 0.0, 1.0]}, {"left_foot_pose": [0.9909992498250313, -0.13293081879351942, 0.015807727892097497, -0.007956537698292939, 0.13386742263265353, 0.984067466018159, -0.11700741635593574, 0.04037577157115291, -1.9790691724168218e-06, 0.11807040162329058, 0.9930052267015513, 0.015838562020534595, 0.0, 0.0, 0.0, 1.0], "right_foot_pose": [0.9937345535836046, -0.1109366324744874, 0.013590459492401645, 0.021518590835549356, 0.11176599220690575, 0.98636054366109, -0.12083559448525488, -0.09865412866348916, 9.217173755291586e-10, 0.12159745673253014, 0.9925794973281389, 1.9249911109575635e-09, 0.0, 0.0, 0.0, 1.0]}, {"left_foot_pose": [0.990329260549718, -0.13823192635558595, 0.011827520241946663, -0.01145895827257165, 0.13873700190656219, 0.9867245650382842, -0.08441964849481748, 0.04003673504102587, -1.0141325166110912e-06, 0.08524416276809633, 0.9963600918909484, 0.007998177058093255, 0.0, 0.0, 0.0, 1.0], "right_foot_pose": [0.9937345535828007, -0.11126579615085283, 0.010562178871269291, 0.021518591032648186, 0.11176599221405335, 0.9892872057429875, -0.09391052942902896, -0.09865412880226063, 1.4017532795911316e-09, 0.09450263044037012, 0.9955246118704705, 2.957966170613613e-09, 0.0, 0.0, 0.0, 1.0]}, {"left_foot_pose": [0.9899029998120025, -0.14156935977796908, 0.007082890317918757, -0.01362467512018224, 0.14174643192376649, 0.9886664957330248, -0.04946220023273204, 0.039827096837365066, -2.843301207814389e-07, 0.04996675481795553, 0.9987508815580002, 0.0018172763000456685, 0.0, 0.0, 0.0, 1.0], "right_foot_pose": [0.9937345535842065, -0.1115517783359965, 0.00691648486400985, 0.021518591179197806, 0.11176599220155198, 0.9918299327648515, -0.061495914164054366, -0.09865412868144192, 1.867757962680777e-09, 0.061883642602442196, 0.9980833706551039, 3.961066238900024e-09, 0.0, 0.0, 0.0, 1.0]}, {"left_foot_pose": [0.9897929115261156, -0.14250093572437617, 0.0018642988852782439, -0.014176576281915133, 0.14251313024650222, 0.989708217022863, -0.012948083440031987, 0.039773678527546874, 2.0802953445802904e-09, 0.013081608276648237, 0.9999144321015161, 4.512578533066858e-09, 0.0, 0.0, 0.0, 1.0], "right_foot_pose": [0.9937345535893997, -0.11172985565593112, 0.0028418933092990107, 0.02151859159680688, 0.11176599215538079, 0.99341325603024, -0.02526787962850178, -0.09865412824754746, 2.057942573413647e-09, 0.025427192108093296, 0.9996766766817653, 4.533878272816594e-09, 0.0, 0.0, 0.0, 1.0]}, {"left_foot_pose": [0.9897929115301192, -0.14246995750093916, -0.003507633733868513, -0.014176575524209513, 0.14251313021869416, 0.9894930654426869, 0.02436146867709359, 0.0397736786570998, 1.848689566414668e-09, -0.024612692874124716, 0.9996970617889629, 4.279315853061849e-09, 0.0, 0.0, 0.0, 1.0], "right_foot_pose": [0.9937345535948242, -0.11175800830707003, -0.0013358783372300858, 0.021518592387891656, 0.1117659921071478, 0.9936635681696087, 0.011877554493519717, -0.0986541280639755, 1.8014580840671021e-09, -0.011952442080111135, 0.9999285670128251, 4.652309683328415e-09, 0.0, 0.0, 0.0, 1.0]}, {"left_foot_pose": [0.9897929115341938, -0.1422524487104647, -0.008615864004333826, -0.014176576227125143, 0.1425131301903956, 0.9879824076446653, 0.05983953465717442, 0.039773678220729095, 1.728262650646974e-09, -0.06045662098172846, 0.9981708255501527, 3.676521219408979e-09, 0.0, 0.0, 0.0, 1.0], "right_foot_pose": [0.993734553594973, -0.11164077412399435, -0.005289096746646175, 0.021518591567192377, 0.11176599210582847, 0.9926212153244492, 0.047026438270541406, -0.0986541284223023, 1.6678068029399087e-09, -0.047322937787170775, 0.9988796421787721, 3.941761896053553e-09, 0.0, 0.0, 0.0, 1.0]}, {"left_foot_pose": [0.9897929115357781, -0.141911902310514, -0.013076859567157643, -0.014176576717412213, 0.1425131301793912, 0.9856172193330078, 0.09082237984518239, 0.03977367833695824, 1.2679917384619848e-09, -0.09175897196940348, 0.9957812465913983, 2.6059877727968583e-09, 0.0, 0.0, 0.0, 1.0], "right_foot_pose": [0.993625864568603, -0.11237348491891876, -0.008935387371202717, 0.0209670044979555, 0.11272817420698097, 0.9904998642282952, 0.07875517572635729, -0.0987248335578658, 5.064262307046433e-07, -0.07926044947454199, 0.996853941733109, 0.0022503005982950353, 0.0, 0.0, 0.0, 1.0]}, {"left_foot_pose": [0.9897929115346337, -0.14152931402452187, -0.01671662488489067, -0.014176576899066378, 0.14251313018734085, 0.9829600381798759, 0.11610155496643577, 0.039773678372581965, 8.035105295683833e-10, -0.11729883466244022, 0.9930966636671552, 1.6607712982619205e-09, 0.0, 0.0, 0.0, 1.0], "right_foot_pose": [0.9932559237730726, -0.11524881510619457, -0.012664142541766014, 0.019123883474065993, 0.11594252838301834, 0.9873143063047325, 0.1084794481833195, -0.09896110983844271, 1.3612420662395927e-06, -0.10921616722181164, 0.994018022379637, 0.008710107498681945, 0.0, 0.0, 0.0, 1.0]}, {"left_foot_pose": [0.989792911532434, -0.14117486936429507, -0.019484571848558292, -0.014176576937462396, 0.14251313020261497, 0.9804983220977012, 0.13532571109529148, 0.039773678255028096, 4.187951313615244e-10, -0.1367212369150015, 0.9906095615208007, 9.557933056125734e-10, 0.0, 0.0, 0.0, 1.0], "right_foot_pose": [0.992655500531877, -0.11984542972219835, -0.01649637046475054, 0.016236589875508647, 0.12097544072377658, 0.983385916767903, 0.13534061269345132, -0.0993312488537775, 2.3445057092489913e-06, -0.13634225932282487, 0.990661793104615, 0.016558461167435645, 0.0, 0.0, 0.0, 1.0]}, {"left_foot_pose": [0.9897929115302364, -0.14090306285884233, -0.021361628250090817, -0.014176576851074568, 0.1425131302178786, 0.978610550747207, 0.1483623863442186, 0.039773678075711166, 1.3773104986385662e-10, -0.14989235084968922, 0.9887023228235859, 4.859752808505924e-10, 0.0, 0.0, 0.0, 1.0], "right_foot_pose": [0.991855239060948, -0.1257814089552515, -0.02005547078932632, 0.012565395719880908, 0.12737026629810955, 0.979486525214793, 0.15615044728017616, -0.09980188391845753, 3.240127090538127e-06, -0.15743310987172368, 0.9875296531778777, 0.02291665504125441, 0.0, 0.0, 0.0, 1.0]}, {"left_foot_pose": [0.9897929115284206, -0.14077866058552702, -0.022166664427414016, -0.014176576651066976, 0.14251313023049034, 0.9777465424856501, 0.15395358511338736, 0.03977367800992824, -2.2590261559949985e-12, -0.15554120798393806, 0.9878294046134172, 2.420772332589749e-10, 0.0, 0.0, 0.0, 1.0], "right_foot_pose": [0.9908904153335388, -0.13279752527884287, -0.022383075748018955, 0.008370575604612933, 0.13467065302435086, 0.9771128044394126, 0.1646644546176882, -0.10033964384546198, 3.7578415070642442e-06, -0.16617877325447114, 0.9860956420680085, 0.025000003550558973, 0.0, 0.0, 0.0, 1.0]}, {"left_foot_pose": [0.9897929115285152, -0.14077913474419762, -0.02216365287087365, -0.014176576608855738, 0.14251313022983395, 0.9777498356442111, 0.15393266907909234, 0.0397736779938331, -1.0047573529499473e-11, -0.15552007625510603, 0.987832731732254, 2.456068959322266e-10, 0.0, 0.0, 0.0, 1.0], "right_foot_pose": [0.98980613044543, -0.1404539771756208, -0.023590346080414146, 0.0039124222436566925, 0.1424212909566313, 0.9761380884530455, 0.16392256755395296, -0.10091115872162486, 3.858767089072796e-06, -0.1656113298261444, 0.9861911008614538, 0.025000003776852443, 0.0, 0.0, 0.0, 1.0]}, {"left_foot_pose": [0.989792911529887, -0.14091480802803488, -0.021284011924737854, -0.014176576543614068, 0.14251313022030768, 0.9786921241313955, 0.14782331980437957, 0.039773677971549085, 1.0835843985476394e-10, -0.14934772526423126, 0.9887847374218518, 4.860521568561538e-10, 0.0, 0.0, 0.0, 1.0], "right_foot_pose": [0.9886604192734321, -0.14829164776575332, -0.02366775369567612, -0.0005487932085044993, 0.15016848986840403, 0.9763076455649875, 0.15579732302576185, -0.10148306618690596, 3.5671374538245636e-06, -0.15758479753538523, 0.9875054590092185, 0.02500000366992127, 0.0, 0.0, 0.0, 1.0]}, {"left_foot_pose": [0.9897929115324644, -0.14117297187654684, -0.01949831509724339, -0.014176576325184306, 0.14251313020240544, 0.9804851434766757, 0.13542116208863456, 0.03977367819032675, 3.6864569024180903e-10, -0.1368176722250005, 0.9905962469982074, 1.0246436130123548e-09, 0.0, 0.0, 0.0, 1.0], "right_foot_pose": [0.9875252755565349, -0.15591039046703747, -0.022040423802761437, -0.004752797858882414, 0.157460566900605, 0.9778057977611672, 0.13820995527091098, -0.10202199616133563, 2.8860867337392605e-06, -0.13995632179027528, 0.9901576783435085, 0.023024934783410063, 0.0, 0.0, 0.0, 1.0]}, {"left_foot_pose": [0.9897929115354591, -0.141522390