{"LoopMode": "Wrap", "FrameDuration": 0.0167, "EnableCycleOffsetPosition": true, "EnableCycleOffsetRotation": false, "Debug_info": [{"left_foot_pose": [1.0000000000000007, 1.1377424259819992e-13, -7.359723941391399e-12, 1.152488010291003e-12, -4.088704752290766e-14, 0.9999514062070222, 0.009858256671441478, 4.761989413903933e-14, 7.360180549131855e-12, -0.00985825667144165, 0.9999514062070224, 1.5488485494152826e-11, 0.0, 0.0, 0.0, 1.0], "right_foot_pose": [0.9999999999999998, -1.8029395451389584e-13, -7.415290603773881e-12, 3.983287910112618e-13, 7.217072481525981e-14, 0.9998936001453033, -0.014587268026072022, -0.14000000000186824, 7.417103302097608e-12, 0.01458726802607187, 0.9998936001453033, 1.293501417087839e-11, 0.0, 0.0, 0.0, 1.0]}, {"left_foot_pose": [1.0000000000000007, 1.8189295139768632e-13, -1.640021451976282e-11, 2.800042289518802e-12, -6.515955778314788e-14, 0.9999748126735531, 0.007097465638756759, 9.304189363401605e-13, 1.6400809735649673e-11, -0.007097465638756933, 0.9999748126735531, 3.362715661481275e-11, 0.0, 0.0, 0.0, 1.0], "right_foot_pose": [0.9999999999999998, -4.546323161531093e-13, -1.6499246413559373e-11, 1.2995934946240124e-12, 1.6838790276566245e-13, 0.9998494984091842, -0.01734879047377252, -0.14000000000332546, 1.6504584209257215e-11, 0.01734879047377237, 0.9998494984091841, 2.984264224625832e-11, 0.0, 0.0, 0.0, 1.0]}, {"left_foot_pose": [1.0000000000000004, 1.5060671632589728e-13, -2.8790136941125875e-11, 5.151378419147576e-12, -5.664640329951665e-14, 0.9999947118168439, 0.003252128279841561, 2.479920782616496e-12, 2.8790104445836615e-11, -0.003252128279841734, 0.999994711816844, 5.83839851464596e-11, 0.0, 0.0, 0.0, 1.0], "right_foot_pose": [1.0, -9.511879482708736e-13, -2.896322071066492e-11, 2.6853277032855256e-12, 3.3713133941548485e-13, 0.9997753337969897, -0.021196271632482576, -0.1400000000049706, 2.8976868530878037e-11, 0.021196271632482423, 0.9997753337969897, 5.3310328373967764e-11, 0.0, 0.0, 0.0, 1.0]}, {"left_foot_pose": [1.0000000000000007, -9.61395360676498e-14, -4.435607436903412e-11, 8.208810236247318e-12, 2.295351985501825e-14, 0.999998626451711, -0.0016574361804686355, 4.806202311136154e-12, 4.435592439669471e-11, 0.0016574361804684611, 0.9999986264517111, 8.95517965338044e-11, 0.0, 0.0, 0.0, 1.0], "right_foot_pose": [1.0, -1.781277870241319e-12, -4.4655945607985346e-11, 4.582017255229484e-12, 6.147493437038004e-13, 0.999659063376764, -0.026110476990869467, -0.14000000000664048, 4.468696254283583e-11, 0.02611047699086931, 0.9996590633767644, 8.302532966686371e-11, 0.0, 0.0, 0.0, 1.0]}, {"left_foot_pose": [1.0000000000000007, -7.032468069636835e-13, -6.326872359352365e-11, 1.205126316255138e-11, 2.2140275992551434e-13, 0.9999709614436576, -0.007620778795370685, 8.09929553979849e-12, 6.327207489832306e-11, 0.007620778795370512, 0.9999709614436577, 1.2763902434986818e-10, 0.0, 0.0, 0.0, 1.0], "right_foot_pose": [0.9999999999999999, -3.099313950393014e-12, -6.377798289491918e-11, 7.0710969357763736e-12, 1.0516423214379328e-12, 0.999485229623711, -0.032082327908644764, -0.14000000000817664, 6.38444207475907e-11, 0.03208232790864464, 0.9994852296237109, 1.1934275095937252e-10, 0.0, 0.0, 0.0, 1.0]}, {"left_foot_pose": [1.0000000000000004, -1.862729727782078e-12, -8.608225243733611e-11, 1.6849681494387146e-11, 6.018291935490715e-13, 0.9998926946501203, -0.014649204255590699, 1.265944640782557e-11, 8.61002178918361e-11, 0.014649204255590522, 0.9998926946501205, 1.7396838830618933e-10, 0.0, 0.0, 0.0, 1.0], "right_foot_pose": [0.9999999999999999, -5.123275913623049e-12, -8.692274677812857e-11, 1.0305400995916648e-11, 1.7185832548514256e-12, 0.9992343310205617, -0.039124822170722356, -0.14000000000940097, 8.705653526876452e-11, 0.03912482217072221, 0.9992343310205616, 1.6337819291889488e-10, 0.0, 0.0, 0.0, 1.0]}, {"left_foot_pose": [1.0000000000000002, -3.8441308435058064e-12, -1.1374257091745216e-10, 2.288028372769519e-11, 1.252472518038519e-12, 0.9997405121470933, -0.022779560396739507, 1.8932674872296218e-11, 1.1380019706135735e-10, 0.02277956039673933, 0.9997405121470933, 2.307421059777326e-10, 0.0, 0.0, 0.0, 1.0], "right_foot_pose": [0.9999999999999999, -8.167116839157548e-12, -1.1509432296108453e-10, 1.4526681039238929e-11, 2.716751335387298e-12, 0.9988818222453133, -0.047276899093341374, -0.1400000000100754, 1.1535176159589874e-10, 0.047276899093341235, 0.9988818222453133, 2.1704819191947777e-10, 0.0, 0.0, 0.0, 1.0]}, {"left_foot_pose": [1.0000000000000007, -7.036694970226479e-12, -1.475779498605333e-10, 3.053869988404121e-11, 2.2999074329881395e-12, 0.9994854759265125, -0.032074653730845684, 2.7552517559148448e-11, 1.4772731779176106e-10, 0.032074653730845504, 0.9994854759265126, 3.010982158047071e-10, 0.0, 0.0, 0.0, 1.0], "right_foot_pose": [0.9999999999999998, -1.2685293278994673e-11, -1.4970363837463189e-10, 2.0086384533733264e-11, 4.191209009496235e-12, 0.9983967103543143, -0.05660396411633862, -0.1400000000098467, 1.5018143943528682e-10, 0.05660396411633847, 0.9983967103543142, 2.8308434069090893e-10, 0.0, 0.0, 0.0, 1.0]}, {"left_foot_pose": [1.0000000000000002, -1.2003759881814295e-11, -1.8928281164676246e-10, 4.0359298113250634e-11, 3.925669895857519e-12, 0.9990912895590964, -0.04262153360852308, 3.9386853153966506e-11, 1.896222441220036e-10, 0.04262153360852291, 0.9990912895590967, 3.89190964178443e-10, 0.0, 0.0, 0.0, 1.0], "right_foot_pose": [0.9999999999999998, -1.9330948291653887e-11, -1.925630210841688e-10, 2.747324504621607e-11, 6.347801623966111e-12, 0.9977397738111162, -0.06719630760200081, -0.14000000000817564, 1.9342662056540288e-10, 0.06719630760200065, 0.9977397738111163, 3.650546739897287e-10, 0.0, 0.0, 0.0, 1.0]}, {"left_foot_pose": [1.0000000000000004, -1.9542007590354108e-11, -2.4080232252643405e-10, 5.302376186981955e-11, 6.3830790654769485e-12, 0.9985123039666238, -0.054526863354365476, 5.556222842928449e-11, 2.4150941329211833e-10, 0.0545268633543653, 0.9985123039666237, 5.001333999721247e-10, 0.0, 0.0, 0.0, 1.0], "right_foot_pose": [0.9999999999999998, -2.901787139455218e-11, -2.457856140836155e-10, 3.733583858969516e-11, 9.469344091522822e-12, 0.9968615567742664, -0.07916461725787786, -0.14000000000425322, 2.4731130486196653e-10, 0.07916461725787773, 0.9968615567742661, 4.672319336984643e-10, 0.0, 0.0, 0.0, 1.0]}, {"left_foot_pose": [1.0000000000000007, -3.0705834905907775e-11, -3.0387609095683336e-10, 6.930948265327029e-11, 1.0000199258543386e-11, 0.9976917011539747, -0.06790632848629977, 7.737101931359902e-11, 3.0525944123222674e-10, 0.0679063284862996, 0.9976917011539747, 6.393019794104227e-10, 0.0, 0.0, 0.0, 1.0], "right_foot_pose": [1.0, -4.293656553312074e-11, -3.11327741364664e-10, 5.045470433987564e-11, 1.3913910409650832e-11, 0.995700647119872, -0.09262948410235414, -0.1399999999969309, 3.139663445876573e-10, 0.09262948410235398, 0.995700647119872, 5.938435021501931e-10, 0.0, 0.0, 0.0, 1.0]}, {"left_foot_pose": [1.0000000000000007, -4.667381658302187e-11, -3.787782310027402e-10, 8.987109735685376e-11, 1.5127878068926295e-11, 0.9965611482291706, -0.0828605928059769, 1.0584200876850858e-10, 3.8134284146599843e-10, 0.08286059280597671, 0.9965611482291709, 8.09987611705143e-10, 0.0, 0.0, 0.0, 1.0], "right_foot_pose": [1.0, -6.238013284745235e-11, -3.8970421334383295e-10, 6.756292332272128e-11, 2.0047290432281154e-11, 0.994183733344265, -0.1076972810875896, -0.13999999998478319, 3.9415557424996716e-10, 0.10769728108758944, 0.9941837333442652, 7.468016760547869e-10, 0.0, 0.0, 0.0, 1.0]}, {"left_foot_pose": [1.0000000000000002, -6.808974678046709e-11, -4.6104958739689886e-10, 1.1456193388986696e-10, 2.1915401913306204e-11, 0.9950456001524483, -0.09941958367069878, 1.4039058457426812e-10, 4.6553460506110547e-10, 0.09941958367069859, 0.9950456001524483, 1.0064790390007516e-09, 0.0, 0.0, 0.0, 1.0], "right_foot_pose": [0.9999999999999998, -8.794582047985135e-11, -4.765755567959213e-10, 8.87140170836307e-11, 2.7974850209668255e-11, 0.9922316673635316, -0.12440385155205612, -0.1399999999666527, 4.838140236198728e-10, 0.12440385155205601, 0.9922316673635313, 9.19391729414798e-10, 0.0, 0.0, 0.0, 1.0]}, {"left_foot_pose": [1.0000000000000002, -9.288484693996709e-11, -5.334329089556872e-10, 1.4052651901754757e-10, 2.9609821842963195e-11, 0.993082967044638, -0.11741473743027084, 1.7519256184650445e-10, 5.406490330235736e-10, 0.1174147374302707, 0.9930829670446379, 1.1952948561488874e-09, 0.0, 0.0, 0.0, 1.0], "right_foot_pose": [0.9999999999999998, -1.169445962848501e-10, -5.542191705565351e-10, 1.1142162033737486e-10, 3.672655215573069e-11, 0.9897825907237544, -0.1425847926679877, -0.13999999994362952, 5.652309692515093e-10, 0.1425847926679876, 0.9897825907237544, 1.0798198862849162e-09, 0.0, 0.0, 0.0, 1.0]}, {"left_foot_pose": [1.0000000000000004, -1.10676008490033e-10, -5.493024368696788e-10, 1.5761306834006457e-10, 3.483769335848718e-11, 0.9906832291068909, -0.13618641476426355, 1.9136885132109427e-10, 5.592571135945389e-10, 0.13618641476426338, 0.9906832291068915, 1.2725119014067587e-09, 0.0, 0.0, 0.0, 1.0], "right_foot_pose": [1.0, -1.3679997311245604e-10, -5.737695873975204e-10, 1.2612333861274337e-10, 4.229422023065984e-11, 0.9868600206088014, -0.16157753471320305, -0.13999999992431403, 5.883340137753023e-10, 0.16157753471320285, 0.9868600206088011, 1.1352537590547662e-09, 0.0, 0.0, 0.0, 1.0]}, {"left_foot_pose": [0.9999999994503868, -3.273804726171038e-05, 5.239077210950703e-06, -2.138559596473431e-05, 3.31543409568656e-05, 0.9880558740385725, -0.1540960371932481, 1.6566266356141113e-06, -1.3169766467717247e-07, 0.1540960372822527, 0.988055874580932, 0.00016386115733453555, 0.0, 0.0, 0.0, 1.0], "right_foot_pose": [1.0, -1.185719983827178e-10, -4.4894821193963635e-10, 1.0703626691230396e-10, 3.6029823785427694e-11, 0.9837462562783518, -0.17956420372203305, -0.13999999999174342, 4.62942276079214e-10, 0.17956420372203286, 0.9837462562783517, 8.681328919624143e-10, 0.0, 0.0, 0.0, 1.0]}, {"left_foot_pose": [0.9999995617740138, -0.0009219165013160061, 0.00016285498359354774, -0.0006039635263269505, 0.0009361897338721233, 0.9848923004997964, -0.1731654698980206, 4.680145421243759e-05, -7.505152826897791e-07, 0.17316554647557525, 0.9848927319831604, 0.004191209071485763, 0.0, 0.0, 0.0, 1.0], "right_foot_pose": [0.9999999999999999, -7.806833041016474e-11, -2.7202484709221106e-10, 8.708569327381348e-11, 2.3661827449849016e-11, 0.9808978308874963, -0.19452363702184128, -0.14000000016730926, 2.8201459862362555e-10, 0.19452363702184114, 0.9808978308874965, 4.645568998928873e-10, 0.0, 0.0, 0.0, 1.0]}, {"left_foot_pose": [0.9999957846610086, -0.00284865550078726, 0.0005619804732370771, -0.0018732044643945775, 0.0029035595933057366, 0.9811783531981795, -0.1930818700888247, 0.00014516567634414307, -1.379343929644179e-06, 0.19308268792708314, 0.9811824884398168, 0.011469801972518852, 0.0, 0.0, 0.0, 1.0], "right_foot_pose": [1.0, -3.439768734978699e-11, -1.0947698303453969e-10, 5.520304976094493e-11, 1.1176433182388386e-11, 0.978675753424389, -0.20541122086975838, -0.14000000017656003, 1.142079954049416e-10, 0.20541122086975824, 0.9786757534243891, 1.9816920326931609e-10, 0.0, 0.0, 0.0, 1.0]}, {"left_foot_pose": [0.9999837161722767, -0.005578440765013721, 0.0012034903056228842, -0.003681721450218653, 0.005706784249053844, 0.9775665531850654, -0.210549440054841, 0.00028532838634849275, -1.9542904068970128e-06, 0.21055287956355156, 0.9775824696176167, 0.019120926020010906, 0.0, 0.0, 0.0, 1.0], "right_foot_pose": [0.9999999999999998, -4.64673784790822e-12, -5.719869022868778e-12, -2.496077781877504e-12, 3.3310921813714198e-12, 0.9773508532830446, -0.21162539920081685, -0.1400000000875427, 6.573601137003288e-12, 0.21162539920081666, 0.9773508532830444, 5.093841320968906e-11, 0.0, 0.0, 0.0, 1.0]}, {"left_foot_pose": [0.9999584361061367, -0.008892417109445362, 0.0020127041813624577, -0.00588212638964385, 0.009117349097127317, 0.9753459841660896, -0.22049282327668757, 0.0004558639520202898, -2.368786390888869e-06, 0.22050200926303376, 0.9753865202602274, 0.024265877296774624, 0.0, 0.0, 0.0, 1.0], "right_foot_pose": [0.9999999999999998, -1.3364561038743492e-13, 1.3914869256836939e-11, -5.708826786241085e-11, 3.091295544945934e-12, 0.9771035560731914, -0.2127642843832676, -0.1400000000080726, -1.3567997985859954e-11, 0.21276428438326744, 0.9771035560731912, 2.7070311270360747e-11, 0.0, 0.0, 0.0, 1.0]}, {"left_foot_pose": [0.999916704885172, -0.01259455640036382, 0.0028214252885766667, -0.008327024393409294, 0.012906714734882635, 0.9757755749707034, -0.21839286619609755, 0.0006453440610580327, -2.5166124540779718e-06, 0.21841109046857524, 0.9758568519788113, 0.02500000060870894, 0.0, 0.0, 0.0, 1.0], "right_foot_pose": [0.9999999999999996, -2.466425552817415e-11, -6.158706877812377e-11, -9.996877662294011e-11, 1.1277210569753817e-11, 0.9780089296934323, -0.20856302030778984, -0.1400000000068216, 6.537642174772903e-11, 0.2085630203077897, 0.9780089296934321, 1.7244822930750914e-10, 0.0, 0.0, 0.0, 1.0]}, {"left_foot_pose": [0.9998580899613114, -0.01647183984451581, 0.0035324822795976605, -0.01086902396253995, 0.016846362603994722, 0.9776598756081906, -0.2095169866449814, 0.0008423491506118659, -2.4359373379679635e-06, 0.20954676355867466, 0.9777986264441938, 0.02500000085393985, 0.0, 0.0, 0.0, 1.0], "right_foot_pose": [0.9999999999999996, -7.27376406167243e-11, -2.2603258154063566e-10, -1.5643654532509542e-10, 2.625064013146118e-11, 0.9799557657143746, -0.19921520334340426, -0.1399999999763371, 2.359920712779207e-10, 0.19921520334340412, 0.9799557657143747, 4.875300788076409e-10, 0.0, 0.0, 0.0, 1.0]}, {"left_foot_pose": [0.9997855704218058, -0.020311602040620578, 0.004031376798114824, -0.01336073815861715, 0.020707804608965683, 0.9806768668591657, -0.19453552281156394, 0.0010354564127268671, -2.1498453915955783e-06, 0.1945772896045039, 0.980887189418612, 0.0249102700066857, 0.0, 0.0, 0.0, 1.0], "right_foot_pose": [0.9999999999999998, -1.4071199199516535e-10, -4.937305564389751e-10, -1.7287532045083237e-10, 4.717101014206989e-11, 0.9828209201798154, -0.18456174808692366, -0.13999999999320012, 5.112184873135024e-10, 0.18456174808692358, 0.9828209201798155, 9.86334493247032e-10, 0.0, 0.0, 0.0, 1.0]}, {"left_foot_pose": [0.9997056194203454, -0.023915241760824508, 0.004090930322747279, -0.01565477486915287, 0.024262615206547475, 0.9854040675917592, -0.16849376569165855, 0.0012132378705362913, -1.6502385621154466e-06, 0.16854342106750342, 0.9856942300795618, 0.02116383304813954, 0.0, 0.0, 0.0, 1.0], "right_foot_pose": [0.9999999999999998, -2.2004147951850408e-10, -8.862435785239583e-10, -4.3695666783548846e-11, 7.163898078576177e-11, 0.9864460334124642, -0.16408602367299865, -0.14000000032337134, 9.103370189083235e-10, 0.16408602367299854, 0.9864460334124642, 1.7294161935854646e-09, 0.0, 0.0, 0.0, 1.0]}, {"left_foot_pose": [0.9996277641123311, -0.027036905641422016, 0.0036522526089590923, -0.017603743413853793, 0.027282470831567342, 0.9906354355351885, -0.1337800457741468, 0.0013642788863559713, -1.0523796602441083e-06, 0.13382989051532881, 0.9910043190640235, 0.013996811765999866, 0.0, 0.0, 0.0, 1.0], "right_foot_pose": [1.0, -2.804929765069984e-10, -1.3640328311303999e-09, 1.2924965824364002e-10, 9.006896690970194e-11, 0.990481431783923, -0.13764640675030304, -0.14000000060315154, 1.389657835060781e-09, 0.13764640675030287, 0.990481431783923, 2.718011329894132e-09, 0.0, 0.0, 0.0, 1.0]}, {"left_foot_pose": [0.9995636247644782, -0.029404327040248906, 0.0028187938924291276, -0.019060258733495306, 0.02953912739816944, 0.9950037887031815, -0.09536718732808343, 0.0014771600056246326, -5.026374369402571e-07, 0.09540883616114955, 0.9954381718530405, 0.006287910377237041, 0.0, 0.0, 0.0, 1.0], "right_foot_pose": [0.9999999999999998, -2.9302394884583014e-10, -1.8858834494039895e-09, 3.187769036032079e-10, 9.250986303013586e-11, 0.9944238306017169, -0.10545731426225563, -0.14000000069506732, 1.9062687640669014e-09, 0.10545731426225549, 0.9944238306017167, 3.833987613499623e-09, 0.0, 0.0, 0.0, 1.0]}, {"left_foot_pose": [0.9995254326275715, -0.030756618217047536, 0.0017146330561877228, -0.019876931404279354, 0.03080437518688267, 0.9979760386662843, -0.055631975673148065, 0.001540457986116895, -1.1126874166386635e-07, 0.055658392752600275, 0.9984498702069055, 0.000915837597630316, 0.0, 0.0, 0.0, 1.0], "right_foot_pose": [1.0, -2.2866862634060634e-10, -2.337597393431422e-09, 4.845736699412451e-10, 6.862821285231385e-11, 0.9976692307151258, -0.06823566577889532, -0.14000000048484249, 2.3477521823428233e-09, 0.06823566577889517, 0.9976692307151258, 4.798312872034138e-09, 0.0, 0.0, 0.0, 1.0]}, {"left_foot_pose": [0.9995195384780152, -0.030991368601456643, 0.00047673148118419675, -0.019999999951492133, 0.03099503509752036, 0.9994013010463693, -0.015373589890739859, 0.001550000412868284, 2.5284860188144114e-09, 0.01538097978133379, 0.9998817057337169, 5.279225258336684e-09, 0.0, 0.0, 0.0, 1.0], "right_foot_pose": [0.9999999999999997, -9.976494999246402e-11, -2.508058705164017e-09, 6.127431008566338e-10, 2.8885645936544665e-11, 0.9996010365677915, -0.02824478168789145, -0.14000000030308848, 2.5098755373904793e-09, 0.028244781687891306, 0.9996010365677914, 5.215623238852274e-09, 0.0, 0.0, 0.0, 1.0]}, {"left_foot_pose": [0.9995195384795293, -0.03098514773416866, -0.0007828266483988638, -0.01999999984437317, 0.03099503504869312, 0.999200696964273, 0.02524430605983075, 0.0015500002245843296, 2.3799715783612646e-09, -0.02525644088156235, 0.9996810052181633, 4.927603020066229e-09, 0.0, 0.0, 0.0, 1.0], "right_foot_pose": [1.0, 4.735449627417355e-11, -2.3290822048771535e-09, 7.089552397145285e-10, -1.915389775398392e-11, 0.9999267134689578, 0.012106514410387443, -0.14000000044310304, 2.329484649425273e-09, -0.012106514410387596, 0.999926713468958, 5.052618226586425e-09, 0.0, 0.0, 0.0, 1.0]}, {"left_foot_pose": [0.9995195384804498, -0.030933354191685494, -0.0019544294003946577, -0.01999999979184495, 0.03099503501900603, 0.997530475652877, 0.06302585142555955, 0.0015500001257355229, 1.904026028503783e-09, -0.06305614753692024, 0.9980099810411736, 3.96480342307326e-09, 0.0, 0.0, 0.0, 1.0], "right_foot_pose": [0.9999999999982045, 1.89252296437735e-06, 9.690548791184542e-08, -1.1056380167647975e-05, -1.8949995780234067e-06, 0.9987773817557979, 0.049434215776546164, -0.13999789690476572, -3.231620915282313e-09, -0.049434215776641185, 0.9987773817575909, 3.740301268381763e-05, 0.0, 0.0, 0.0, 1.0]}, {"left_foot_pose": [0.9995195384805197, -0.030853517239903747, -0.002958491104738688, -0.01999999987547456, 0.030995035016755067, 0.9949559154196281, 0.09540458152416176, 0.0015500004340446866, 1.3245542895235204e-09, -0.09545044182934553, 0.9954341832359302, 2.6870184133276354e-09, 0.0, 0.0, 0.0, 1.0], "right_foot_pose": [0.999999981002443, 0.00019426553723658776, 1.6000443938678257e-05, -0.0011373777571671727, -0.0001949233353985808, 0.996659062723992, 0.08167419846577524, -0.1397836956927752, -8.050541577105865e-08, -0.0816742000330251, 0.9966590816567914, 0.003492990167111014, 0.0, 0.0, 0.0, 1.0]}, {"left_foot_pose": [0.9995195384801213, -0.030765047162870936, -0.0037688286711581513, -0.019999999938466552, 0.030995035029601724, 0.9921029549234659, 0.1215361453874596, 0.001550000477470244, 8.164174399293265e-10, -0.12159456692300975, 0.9925798513443677, 1.6636283184379153e-09, 0.0, 0.0, 0.0, 1.0], "right_foot_pose": [0.9999997794879454, 0.000660096146586706, 7.278143939820137e-05, -0.003875003461222266, -0.0006640963975257969, 0.9940071740765446, 0.10931283941210537, -0.13926307217273282, -1.8828883313098547e-07, -0.10931286364119837, 0.9940073932534531, 0.010538498670630732, 0.0, 0.0, 0.0, 1.0]}, {"left_foot_pose": [0.9995195384795793, -0.030683941728253745, -0.004380401532638323, -0.019999999986591084, 0.03099503504708507, 0.9894874868755411, 0.14125799488579968, 0.0015500003577362488, 4.2031009569113554e-10, -0.14132589655382977, 0.989963126062409, 9.207101817065855e-10, 0.0, 0.0, 0.0, 1.0], "right_foot_pose": [0.9999990865882666, 0.0013398295143121073, 0.00017798737138379278, -0.007886593846041732, -0.0013515999931412357, 0.9913197767719731, 0.1314658638515089, -0.13850017983881846, -3.0055675575813945e-07, -0.13146598433677648, 0.9913206822024204, 0.018295210503448733, 0.0, 0.0, 0.0, 1.0]}, {"left_foot_pose": [0.9995195384791186, -0.030622248763221113, -0.004792711046392586, -0.01999999999620949, 0.030995035061939038, 0.9874980271098142, 0.1545540496258016, 0.0015500001790708148, 1.4781526929676561e-10, -0.1546283425989848, 0.9879727099799328, 4.45265345427881e-10, 0.0, 0.0, 0.0, 1.0], "right_foot_pose": [0.999997580837167, 0.0021762821539567535, 0.000319555627966633, -0.012834813133242999, -0.0021996180718567107, 0.9894141597258554, 0.14510266094843777, -0.13755916975165186, -3.8853161673679334e-07, -0.1451030128218079, 0.9894165531614495, 0.023884420190399533, 0.0, 0.0, 0.0, 1.0]}, {"left_foot_pose": [0.9995195384788811, -0.03058805051303567, -0.00500633246775403, -0.019999999998281462, 0.030995035069599882, 0.9863952102190071, 0.16144286004043706, 0.0015500000968321302, 9.070073931716575e-12, -0.16152046440873633, 0.9868693629742423, 2.3349643052394953e-10, 0.0, 0.0, 0.0, 1.0], "right_foot_pose": [0.9999950376867444, 0.0031161988638840387, 0.0004625002998325564, -0.018382316919904173, -0.003150333586512594, 0.9891795892548666, 0.14667588622492475, -0.13650419007527673, -4.246266056393985e-07, -0.14667661540345875, 0.9891844977018219, 0.025000004347141405, 0.0, 0.0, 0.0, 1.0]}, {"left_foot_pose": [0.9995195384789008, -0.030583714252505355, -0.005032754856626768, -0.02000000008080145, 0.030995035068956053, 0.9862553756157655, 0.16229492250246294, 0.0015500000833422387, -2.943824469112737e-12, -0.16237293645040543, 0.9867294611536, 2.297614529189751e-10, 0.0, 0.0, 0.0, 1.0], "right_foot_pose": [0.9999914055851403, 0.004105151419749193, 0.0005800755780001868, -0.024191751202774288, -0.004145932426641879, 0.9901689633064024, 0.13981500401973368, -0.1353993961697251, -4.110714539577006e-07, -0.1398162073457344, 0.990177473063938, 0.025000004658904895, 0.0, 0.0, 0.0, 1.0]}, {"left_foot_pose": [0.9995195384791522, -0.030608971407129596, -0.004876788679134573, -0.020000000132194738, 0.03099503506085178, 0.9870698623118052, 0.1572653640104255, 0.001550000068325643, 9.971005569137927e-11, -0.15734096029055067, 0.9875443393665156, 4.5804814108318936e-10, 0.0, 0.0, 0.0, 1.0], "right_foot_pose": [0.9999868486353125, 0.005087563005307208, 0.0006475021878670977, -0.02992578008564321, -0.005128601787063265, 0.9919937437432648, 0.12618284280333764, -0.1343089424004075, -3.5495647365721785e-07, -0.12618450410763268, 0.9920067897564939, 0.02499255447940811, 0.0, 0.0, 0.0, 1.0]}, {"left_foot_pose": [0.9995195384796062, -0.030661911705363604, -0.004532037961941985, -0.01999999993680736, 0.030995035046213693, 0.9887770682890126, 0.14614792858015704, 0.0015500002919169985, 3.2733697312311886e-10, -0.14621818079965032, 0.9892523659833429, 1.0003610301234644e-09, 0.0, 0.0, 0.0, 1.0], "right_foot_pose": [0.9999817558330978, 0.006007988787992976, 0.0006261562731191444, -0.03524706398189687, -0.006040529851541892, 0.99459919483228, 0.10361444705297046, -0.1332969766079121, -2.60088915286446e-07, -0.10361633900936458, 0.9946173406341902, 0.0218377961111959, 0.0, 0.0, 0.0, 1.0]}, {"left_foot_pose": [0.9995195384800903, -0.030736134145207032, -0.003997781179111341, -0.019999999743591786, 0.030995035030601834, 0.9911705752018773, 0.1289193494299137, 0.0015500005439672854, 6.528398812301272e-10, -0.12898132001103219, 0.9916470234353615, 1.7945691668797004e-09, 0.0, 0.0, 0.0, 1.0], "right_foot_pose": [0.9999767168713115, 0.006805112774165294, 0.000506117974302961, -0.03981824659627852, -0.006823907623219793, 0.9972241561643298, 0.07414456586352206, -0.13242765933418535, -1.5093755126317114e-07, -0.07414629324835675, 0.9972473751269069, 0.014923781769460465, 0.0, 0.0, 0.0, 1.0]}, {"left_foot_pose": [0.9995195384804954, -0.030820477428135044, -0.003284869379575698, -0.019999999666401598, 0.03099503501754873, 0.9938904559200573, 0.10592954939620272, 0.0015500006856753882, 1.0391657492012425e-09, -0.10598046896538747, 0.9943682115785267, 2.7111598452367325e-09, 0.0, 0.0, 0.0, 1.0], "right_foot_pose": [0.9999724645437653, 0.007414320033878672, 0.0003130698052180763, -0.0433019952869519, -0.0074209267793388, 0.9990825349725142, 0.04217840867826008, -0.1317651464802146, -5.835416031932171e-08, -0.04217957054463537, 0.9991100459051878, 0.007129215995606217, 0.0, 0.0, 0.0, 1.0]}, {"left_foot_pose": [0.9995195384802942, -0.030900789674072855, -0.002415241946400939, -0.01999999956165528, 0.030995035024031812, 0.9964803433299242, 0.07788602673738447, 0.0015500005084469071, 1.3932129324532095e-09, -0.07792346600733467, 0.9969593439280285, 3.557332602099894e-09, 0.0, 0.0, 0.0, 1.0], "right_foot_pose": [0.9999697837316339, 0.007773407045534797, 7.593821820896854e-05, -0.0453609715499526, -0.007773777955957727, 0.9999220776904536, 0.00976764677381275, -0.13137359090620324, -4.406678010152645e-09, -0.009767941958823413, 0.9999522925169426, 0.001332806384752784, 0.0, 0.0, 0.0, 1.0]}, {"left_foot_pose": [0.9995195384789325, -0.030961207016257045, -0.0014477081748459884, -0.019999998928547456, 0.03099503506794366, 0.9984286627402524, 0.046685256986002274, 0.0015499999928464368, 1.4308986547092626e-09, -0.04670769828206698, 0.9989085998834892, 4.073676861116038e-09, 0.0, 0.0, 0.0, 1.0], "right_foot_pose": [0.9999692288850872, 0.007842842366659664, -0.0001763705644004331, -0.04577555258516065, -0.007844825234780918, 0.9997164796164432, -0.022481527980571687, -0.13129475439546645, 1.479636973570258e-09, 0.022482219795144913, 0.9997472429534793, 3.851597443760291e-09, 0.0, 0.0, 0.0, 1.0]}, {"left_foot_pose": [0.9995195384780418, -0.03099154392442066, -0.0004651943943719527, -0.019999998262659816, 0.030995035096671043, 0.9994069566443629, 0.015001426939120979, 0.001549999769678104, 1.1320142766749283e-09, -0.015008638047282757, 0.9998873640485548, 4.183806898150344e-09, 0.0, 0.0, 0.0, 1.0], "right_foot_pose": [0.9999692288851739, 0.007833063521768968, -0.0004294166438221053, -0.04577555197105448, -0.007844825223678126, 0.9984699890285418, -0.054737005093024774, -0.13129475453359682, 1.1937605326163788e-09, 0.054738689472874594, 0.9985007140081535, 3.570184252399411e-09, 0.0, 0.0, 0.0, 1.0]}, {"left_foot_pose": [0.9995195384784539, -0.03099174736100378, 0.0004514369623934974, -0.019999999361479334, 0.030995035083369715, 0.9994135163534813, -0.014557854586133567, 0.001550000247937765, 1.149453844421968e-09, 0.014564852401655804, 0.9998939269115095, 3.356932676279456e-09, 0.0, 0.0, 0.0, 1.0], "right_foot_pose": [0.9999692288853022, 0.007816564860358997, -0.0006652791275978241, -0.045775552906926996, -0.007844825207346166, 0.9963669339170915, -0.08480207376073284, -0.1312947540465229, 1.214719737421685e-09, 0.0848046833048645, 0.9963975941809383, 3.156730037090494e-09, 0.0, 0.0, 0.0, 1.0]}, {"left_foot_pose": [0.9995663642914008, -0.029418749105884896, 0.0012730193701668204, -0.021086036861119793, 0.029446279512368993, 0.9986312618308721, -0.04322637524660727, 0.0019344748188226887, 3.889481717691613e-07, 0.043245116430945404, 0.9990644923650942, 0.00284445825852344, 0.0, 0.0, 0.0, 1.0], "right_foot_pose": [0.9999692288853055, 0.007796761688849836, -0.0008670580684659169, -0.04577555329827436, -0.007844825206899548, 0.9938426494506868, -0.11052260786966919, -0.13129475425144527, 8.532018482543303e-10, 0.11052600888481735, 0.9938732320371612, 2.183419528511976e-09, 0.0, 0.0, 0.0, 1.0]}, {"left_foot_pose": [0.9996848955178574, -0.02503271774898404, 0.0018635223506816684, -0.024132125154589967, 0.025101985418891394, 0.9969227130262547, -0.07426300950273222, 0.0030128549058681536, 1.2171984451676307e-06, 0.07428638700645487, 0.99723694912696, 0.009617039304761169, 0.0, 0.0, 0.0, 1.0], "right_foot_pose": [0.9999692288852271, 0.007777185329802728, -0.001027945051984323, -0.04577555347724638, -0.007844825216918247, 0.9913472725486985, -0.13103069841671788, -0.13129475427093543, 4.981340246444093e-10, 0.13103473050532338, 0.9913777783475871, 1.4124317201935632e-09, 0.0, 0.0, 0.0, 1.0]}, {"left_foot_pose": [0.999828260561442, -0.01842711353199143, 0.0019725287226024465, -0.02873790509720318, 0.01853238724872008, 0.9941351683148232, -0.10654490951013285, 0.004643405150212434, 2.3549701483428154e-06, 0.10656316721333864, 0.9943059345030164, 0.017439495322892018, 0.0, 0.0, 0.0, 1.0], "right_foot_pose": [0.999969228885121, 0.007760863327633289, -0.0011446760703576638, -0.04577555350510718, -0.00784482523044658, 0.9892667228680088, -0.1459102797718313, -0.13129475415421554, 2.05462065976515e-10, 0.14591476973356765, 0.9892971646444763, 8.72828823106353e-10, 0.0, 0.0, 0.0, 1.0]}, {"left_foot_pose": [0.999946868371334, -0.010212455903207298, 0.0014022049737365686, -0.03450286089388993, 0.010308269576595716, 0.9906053823986194, -0.13636244329441458, 0.0066843307158149755, 3.5636447880708385e-06, 0.13636965244258406, 0.9906580226697761, 0.023433120156017846, 0.0, 0.0, 0.0, 1.0], "right_foot_pose": [0.9999692288850329, 0.007750153728030284, -0.0012150721230900672, -0.045775553386052395, -0.007844825241674314, 0.9879015795904036, -0.15488359422389847, -0.13129475398192705, 4.531495486933291e-12, 0.15488836031147563, 0.9879319793589145, 5.527202931454589e-10, 0.0, 0.0, 0.0, 1.0]}, {"left_foot_pose": [0.9999994988918021, -0.000989300671550746, 0.0001532981638621325, -0.041026469363838, 0.0010010974026243519, 0.9875094702597195, -0.15755647860802105, 0.008993831375008567, 4.4873415066182364e-06, 0.15755655312157135, 0.9875099657969606, 0.025000009086355433, 0.0, 0.0, 0.0, 1.0], "right_foot_pose": [0.9999692288850013, 0.007746682429986204, -0.0012370102927944846, -0.04577555316712, -0.007844825245697644, 0.9874590957966007, -0.15768003312221954, -0.13129475388122416, -7.693386629825209e-11, 0.15768488526136132, 0.9874894819491047, 4.761552194199048e-10, 0.0, 0.0, 0.0, 1.0]}, {"left_foot_pose": [0.9999611290986895, 0.008687448203110446, -0.0015061657921172603, -0.04790818493404068, -0.008817044121525572, 0.9853592077173322, -0.17026300684420984, 0.011430109162841061, 4.963278746475317e-06, 0.17026966849791714, 0.9853975035309236, 0.025000009011818078, 0.0, 0.0, 0.0, 1.0], "right_foot_pose": [0.999969228885043, 0.0077507613229166016, -0.0012111903100432894, -0.04577555306627144, -0.00784482524037099, 0.987979028404081, -0.15438878894102426, -0.13129475383540373, -2.8287257223086055e-11, 0.15439353980216672, 0.9880094305558813, 6.147118508659233e-10, 0.0, 0.0, 0.0, 1.0]}, {"left_foot_pose": [0.9998274920700337, 0.018285969714395493, -0.0032572093196172754, -0.054747491611061044, -0.018573800814260955, 0.984379981591519, -0.17507445777495234, 0.013851373475117765, 4.925417447483253e-06, 0.17510475479976426, 0.9845498081977649, 0.025000007775348977, 0.0, 0.0, 0.0, 1.0], "right_foot_pose": [0.999969228885158, 0.007761960498373979, -0.0011372124005609651, -0.04577555293697481, -0.007844825225733619, 0.989406577380177, -0.144958902293103, -0.13129475379203862, 1.5550640565276713e-10, 0.1449633629786, 0.9894370234602781, 1.0044391013375176e-09, 0.0, 0.0, 0.0, 1.0]}, {"left_foot_pose": [0.9996163637462722, 0.027329392761941487, -0.004497735201764634, -0.061143870617057984, -0.027697027163435077, 0.9863721762551014, -0.1621813941119131, 0.016115826035434898, 4.121840819837568e-06, 0.16224374934350858, 0.9867507110623092, 0.022459727523487363, 0.0, 0.0, 0.0, 1.0], "right_foot_pose": [0.9999692288853443, 0.007784426880533208, -0.0009715866359903903, -0.04577555258247915, -0.00784482520197879, 0.992270346486171, -0.12384675289148456, -0.13129475414744, 6.156600521281194e-10, 0.1238505639161794, 0.9923008806897452, 1.857840707664149e-09, 0.0, 0.0, 0.0, 1.0]}, {"left_foot_pose": [0.9993655723842273, 0.03526156190016091, -0.005007492936350845, -0.0666967775815371, -0.03561534394659122, 0.9894501035209025, -0.1404280595822728, 0.01808167313031197, 2.9516887725840673e-06, 0.14051731172648244, 0.9900782217059675, 0.015838563519342576, 0.0, 0.0, 0.0, 1.0], "right_foot_pose": [0.9999692288855124, 0.007805541383269594, -0.0007840955476897626, -0.045775552211836344, -0.007844825180578507, 0.9949617906865081, -0.09994745515411439, -0.1312947545221511, 1.1128406074968018e-09, 0.09995053075202548, 0.9949924077109275, 3.005504976838491e-09, 0.0, 0.0, 0.0, 1.0]}, {"left_foot_pose": [0.9991277442369723, 0.041503596028915686, -0.004604586040980644, -0.07100569887436638, -0.04175824102174133, 0.9930393315017373, -0.11013235399896781, 0.019607125717008934, 1.6463138909262403e-06, 0.11022856983220077, 0.9939062643881655, 0.007998177110900721, 0.0, 0.0, 0.0, 1.0], "right_foot_pose": [0.9999692288855763, 0.007825944255678815, -0.0005439471413127248, -0.04577555196476432, -0.00784482517240063, 0.9975625192223674, -0.06933598604432319, -0.13129475478299732, 1.718916210187394e-09, 0.06933811966898945, 0.9975932162764386, 4.408463039062838e-09, 0.0, 0.0, 0.0, 1.0]}, {"left_foot_pose": [0.99896179040897, 0.04542936684831355, -0.0033932183347753194, -0.07367011491181609, -0.04555591402461423, 0.9961877087581834, -0.07439561557312543, 0.020550390920994206, 5.366864583525385e-07, 0.07447295849423238, 0.9972230334548183, 0.0018172760770210072, 0.0, 0.0, 0.0, 1.0], "right_foot_pose": [0.9999692288854204, 0.007840674855577606, -0.0002551472255812842, -0.0457755519106257, -0.0078448251922909, 0.9994402007853184, -0.03252297298687252, -0.13129475477232477, 2.33783780769243e-09, 0.0325239738041271, 0.9994709556200162, 5.778437207892839e-09, 0.0, 0.0, 0.0, 1.0]}, {"left_foot_pose": [0.9989171917305663, 0.04649592989892972, -0.0016039226770304038, -0.07434910257930648, -0.046523586116292016, 0.9983233815376354, -0.03443808662138599, 0.020790772428677513, 2.6492564367583444e-09, 0.03447541701119737, 0.9994055461232468, 7.077766907281902e-09, 0.0, 0.0, 0.0, 1.0], "right_foot_pose": [0.9999692288848495, 0.007844526104608094, 6.851009507952351e-05, -0.04577555254491923, -0.007844825265039188, 0.9999310922712863, 0.008733236840557775, -0.1312947547048582, 2.730168891541857e-09, -0.008733505558846262, 0.9999618622130815, 6.448286085647403e-09, 0.0, 0.0, 0.0, 1.0]}, {"left_foot_pose": [0.9989171917284873, 0.04652225857611544, 0.00035146301448108077, -0.07434910340748756, -0.04652358616092979, 0.9988886864797534, 0.007546386783097385, 0.02079077183383317, 2.5283572813271638e-09, -0.0075545668129053745, 0.9999714638529797, 7.083826213116762e-09, 0.0, 0.0, 0.0, 1.0], "right_foot_pose": [0.9999692288841252, 0.007834517248114369, 0.0004020253435801941, -0.04577555345522549, -0.00784482535738525, 0.9986552513293643, 0.051245953083110696, -0.1312947551365592, 2.582791795453593e-09, -0.05124753000656004, 0.9986859820124778, 6.463909248133337e-09, 0.0, 0.0, 0.0, 1.0]}, {"left_foot_pose": [0.9989171917259705, 0.04647041975538624, 0.00222354717962142, -0.0743491019005403, -0.04652358621497016, 0.9977756417884024, 0.04774227245786573, 0.02079077221623201, 2.226998996161837e-09, -0.04779402411914167, 0.9988572126477838, 5.7793409710682475e-09, 0.0, 0.0, 0.0, 1.0], "right_foot_pose": [0.9999692288842011, 0.007811890160610601, 0.0007180925113619025, -0.04577555215540282, -0.007844825347725267, 0.9957709990505951, 0.09153456268013432, -0.1312947547525276, 2.252107019307128e-09, -0.09153737936984176, 0.9958016409798196, 6.076361434848021e-09, 0.0, 0.0, 0.0, 1.0]}, {"left_foot_pose": [0.9989171917251276, 0.04636278934073849, 0.0038646915183319632, -0.07434910149006423, -0.04652358623306603, 0.9954646867830723, 0.08297959563588628, 0.02079077270823543, 1.580236555358666e-09, -0.0830695439522036, 0.9965437526107793, 3.990873610748569e-09, 0.0, 0.0, 0.0, 1.0], "right_foot_pose": [0.9999589952650209, 0.008983349308720781, 0.0011433388679369858, -0.046783857767863785, -0.009055815124125753, 0.9919711717258005, 0.12613955239091257, -0.130956838003234, -1.0035357338996806e-06, -0.12614473393740883, 0.9920118477613328, 0.002250300132349628, 0.0, 0.0, 0.0, 1.0]}, {"left_foot_pose": [0.9989171917255888, 0.04623042585126738, 0.0052145757904557555, -0.07434910144720881, -0.04652358622316121, 0.9926226845659739, 0.11196321721876251, 0.020790772834504704, 9.917060408856654e-10, -0.1120845832871329, 0.9936986697129827, 2.554184017067307e-09, 0.0, 0.0, 0.0, 1.0], "right_foot_pose": [0.9999141628158369, 0.012945124917768353, 0.0020225580750622557, -0.05015310283101398, -0.013102175183468838, 0.9879568684724717, 0.1541737949313338, -0.12982770579827146, -2.401107709608994e-06, -0.1541870609971235, 0.9880416743312522, 0.008710108052214054, 0.0, 0.0, 0.0, 1.0]}, {"left_foot_pose": [0.9989171917265194, 0.046100654460478216, 0.0062588921959610445, -0.07434910146019129, -0.0465235862031835, 0.989836338498475, 0.13438593272633917, 0.020790772753634994, 5.146589146138396e-10, -0.13453160463715896, 0.990909303293572, 1.511515620999937e-09, 0.0, 0.0, 0.0, 1.0], "right_foot_pose": [0.9998110173642015, 0.019139670453166478, 0.0034062548501321995, -0.055431104642142605, -0.019440410052066325, 0.9843780106326366, 0.17499143590456082, -0.12805889940931456, -3.7639577413142914e-06, -0.17502458455279002, 0.9845640633234364, 0.016558463202931445, 0.0, 0.0, 0.0, 1.0]}, {"left_foot_pose": [0.9989171917274314, 0.04599454248053569, 0.006996151326899853, -0.07434910148777558, -0.046523586183597865, 0.9875579883813393, 0.15021576319687804, 0.020790772576596204, 1.7080003699449026e-10, -0.15037859437502896, 0.988628483482947, 8.15638646900485e-10, 0.0, 0.0, 0.0, 1.0], "right_foot_pose": [0.9996218513959054, 0.02701797348637436, 0.005116963993602512, -0.06214207987328163, -0.027498257925048425, 0.9821948213603358, 0.18584181096842967, -0.12580986743743627, -4.786414199035632e-06, -0.18591224274271897, 0.98256635296323, 0.022916658102529686, 0.0, 0.0, 0.0, 1.0]}, {"left_foot_pose": [0.9989171917282382, 0.04593633767362862, 0.007368646477120273, -0.07434910155117253, -0.046523586166270364, 0.9863082622564782, 0.15821367745816678, 0.020790772398648908, 1.027375355166599e-11, -0.15838517823881643, 0.9873774026755219, 4.722262303413771e-10, 0.0, 0.0, 0.0, 1.0], "right_foot_pose": [0.9993262143736785, 0.03609213772306001, 0.006668947454588673, -0.06981024480456323, -0.0367030957714206, 0.9827168768864082, 0.18143985957726622, -0.12324005489808924, -5.13481437775396e-06, -0.18156237902496178, 0.9833794295674635, 0.025000007146942303, 0.0, 0.0, 0.0, 1.0]}, {"left_foot_pose": [0.998917191728297, 0.04591738963105463, 0.007485813190549537, -0.07434910168066691, -0.04652358616501809, 0.9859014252360894, 0.1607293863852994, 0.020790772385299267, -3.379984973298208e-11, -0.16090361415120147, 0.9869701246507326, 3.645872770352554e-10, 0.0, 0.0, 0.0, 1.0], "right_foot_pose": [0.9989191133100654, 0.045820684205425774, 0.007814727300385335, -0.07795979034010958, -0.046482308891472104, 0.9847182853327767, 0.16783710403660346, -0.12050891487958387, -4.893925564442452e-06, -0.16801893771305246, 0.9857837676416807, 0.025000008307650368, 0.0, 0.0, 0.0, 1.0]}, {"left_foot_pose": [0.9989171917279726, 0.04594354949765828, 0.007323546262460354, -0.07434910178749568, -0.04652358617198531, 0.9864631085317869, 0.15724532245985218, 0.020790772358994392, 4.416642968911641e-11, -0.1574157735595812, 0.9875324168019194, 5.155104815246503e-10, 0.0, 0.0, 0.0, 1.0], "right_foot_pose": [0.9984159405387858, 0.05564144401377773, 0.0083450216364842, -0.08611493395701171, -0.05626375085675597, 0.9873839798636871, 0.14801103556179535, -0.11777589949359929, -4.1929268476127925e-06, -0.14824609949879913, 0.9889505012718338, 0.025000008382728707, 0.0, 0.0, 0.0, 1.0]}, {"left_foot_pose": [0.9989171917273181, 0.046012247367258834, 0.006878747256847515, -0.07434910162386904, -0.04652358618603447, 0.9879381332435757, 0.14769495865326815, 0.020790772500202417, 2.4846654656461206e-10, -0.14785505732106094, 0.9890090404160049, 9.671985851111842e-10, 0.0, 0.0, 0.0, 1.0], "right_foot_pose": [0.9978541251709425, 0.06499341273057142, 0.00793732832675505, -0.09379989251300377, 