{"LoopMode": "Wrap", "FrameDuration": 0.0167, "EnableCycleOffsetPosition": true, "EnableCycleOffsetRotation": false, "Debug_info": [{"left_foot_pose": [1.0000000000000007, 1.1292228059602082e-13, -6.731004642546172e-12, 9.530419119206578e-13, -4.5489358832270046e-14, 0.9999503101912527, 0.0099688087763064, 4.5760270572792194e-14, 6.7315156568004294e-12, -0.009968808776306572, 0.999950310191253, 1.4394645198034794e-11, 0.0, 0.0, 0.0, 1.0], "right_foot_pose": [1.0, -1.7188243155924308e-13, -6.783074102401087e-12, -5.101843075046684e-14, 7.373578124089365e-14, 0.9998952084800644, -0.014476603835456356, -0.14000000000171264, 6.784608127103632e-12, 0.014476603835456209, 0.9998952084800644, 1.2037093544137178e-11, 0.0, 0.0, 0.0, 1.0]}, {"left_foot_pose": [1.0000000000000007, 1.8322945152492236e-13, -1.49858458975416e-11, 2.539441824801586e-12, -7.301226945802016e-14, 0.9999731168266762, 0.007332504615976947, 8.791838784771855e-13, 1.4986383253766065e-11, -0.0073325046159771175, 0.9999731168266763, 3.122101882579997e-11, 0.0, 0.0, 0.0, 1.0], "right_foot_pose": [0.9999999999999999, -4.220473045867438e-13, -1.507721725246824e-11, 4.739893536221358e-13, 1.6402764272858195e-13, 0.9998535540720066, -0.01711345697329736, -0.14000000000302365, 1.5081997559522735e-11, 0.017113456973297213, 0.9998535540720065, 2.7791380308173075e-11, 0.0, 0.0, 0.0, 1.0]}, {"left_foot_pose": [1.0000000000000007, 1.6951718512962051e-13, -2.6298074828901018e-11, 4.870800363818797e-12, -7.292725704570946e-14, 0.9999933010382565, 0.0036603112725564417, 2.3306790525312593e-12, 2.629814927734681e-11, -0.003660311272556614, 0.9999933010382566, 5.417906401294914e-11, 0.0, 0.0, 0.0, 1.0], "right_foot_pose": [1.0000000000000002, -8.680884538825371e-13, -2.645517138688546e-11, 1.4055765568525696e-12, 3.180330545000493e-13, 0.9997839178002044, -0.02078744111415462, -0.14000000000450055, 2.646731627654155e-11, 0.020787441114154467, 0.9997839178002046, 4.9668109902700763e-11, 0.0, 0.0, 0.0, 1.0]}, {"left_foot_pose": [1.0000000000000007, -2.9472047539361585e-14, -4.0511372034757194e-11, 7.965529074871075e-12, -1.1865901842671322e-14, 0.9999994710142835, -0.001028577247532322, 4.492293689817295e-12, 4.051093822309863e-11, 0.001028577247532148, 0.9999994710142837, 8.307676768737338e-11, 0.0, 0.0, 0.0, 1.0], "right_foot_pose": [1.0, -1.6068958583476957e-12, -4.078004600671646e-11, 2.792354445677652e-12, 5.673515270679261e-13, 0.9996753231021971, -0.025480352833460312, -0.14000000000600393, 4.080744835237914e-11, 0.025480352833460163, 0.9996753231021973, 7.738013702018876e-11, 0.0, 0.0, 0.0, 1.0]}, {"left_foot_pose": [1.0000000000000004, -5.399307915412461e-13, -5.778422185187537e-11, 1.1922981524879252e-11, 1.516850326078684e-13, 0.9999773906327095, -0.0067244496725399495, 7.528686007951535e-12, 5.778634295522063e-11, 0.006724449672539775, 0.9999773906327096, 1.1838394153862453e-10, 0.0, 0.0, 0.0, 1.0], "right_foot_pose": [0.9999999999999996, -2.773305478426956e-12, -5.823552751138549e-11, 4.730421378793785e-12, 9.56018782039296e-13, 0.9995136691646199, -0.03118373218649175, -0.14000000000740057, 5.829368512714185e-11, 0.031183732186491602, 0.9995136691646198, 1.1126276289186166e-10, 0.0, 0.0, 0.0, 1.0]}, {"left_foot_pose": [1.0000000000000002, -1.5289827038751111e-12, -7.862499540323141e-11, 1.6942584451755073e-11, 4.725810394509428e-13, 0.9999097000519058, -0.013438442696560525, 1.1704354499486591e-11, 7.863817480078725e-11, 0.013438442696560351, 0.9999097000519057, 1.613229480557088e-10, 0.0, 0.0, 0.0, 1.0], "right_foot_pose": [1.0, -4.558022877110765e-12, -7.936640233907608e-11, 7.382779877175677e-12, 1.5460127852096277e-12, 0.9992811476455605, -0.03791026193752384, -0.14000000000854118, 7.94819153954167e-11, 0.037910261937523684, 0.9992811476455604, 1.5236052697265023e-10, 0.0, 0.0, 0.0, 1.0]}, {"left_foot_pose": [1.0000000000000004, -3.231288422207791e-12, -1.0390044380415016e-10, 2.3341482021550853e-11, 1.0275691946606531e-12, 0.9997751236816258, -0.021206179933938956, 1.7414457029185648e-11, 1.039452866620432e-10, 0.021206179933938772, 0.9997751236816261, 2.139267166190173e-10, 0.0, 0.0, 0.0, 1.0], "right_foot_pose": [1.0, -7.235781250181834e-12, -1.0508782732898677e-10, 1.1000579582871244e-11, 2.426047054959015e-12, 0.9989553246595914, -0.04569747623502, -0.14000000000922674, 1.0530855714404175e-10, 0.04569747623501986, 0.9989553246595916, 2.0246430920689562e-10, 0.0, 0.0, 0.0, 1.0]}, {"left_foot_pose": [1.0000000000000002, -5.9859974907719334e-12, -1.348263722888986e-10, 3.157409905909123e-11, 1.926947058068531e-12, 0.9995472481320596, -0.03008818292333124, 2.5220710936357804e-11, 1.3494518923811854e-10, 0.030088182923331062, 0.9995472481320596, 2.7908644839591545e-10, 0.0, 0.0, 0.0, 1.0], "right_foot_pose": [0.9999999999999998, -1.120430785469071e-11, -1.3668838283464871e-10, 1.59509208516039e-11, 3.723342476796182e-12, 0.9985078550380525, -0.05460827251715451, -0.14000000000916046, 1.3709605316110696e-10, 0.05460827251715435, 0.9985078550380524, 2.6412295267563834e-10, 0.0, 0.0, 0.0, 1.0]}, {"left_foot_pose": [1.0000000000000002, -1.0284155276262639e-11, -1.72948932952721e-10, 4.2257733987886995e-11, 3.329142611692201e-12, 0.9991929314667856, -0.04016821762055746, 3.5891645558394636e-11, 1.7322222713329462e-10, 0.040168217620557285, 0.9991929314667856, 3.6061714725477145e-10, 0.0, 0.0, 0.0, 1.0], "right_foot_pose": [0.9999999999999998, -1.7034738952728118e-11, -1.7581852640446972e-10, 2.275197975339112e-11, 5.618469568369539e-12, 0.9979028544800688, -0.06472938297659621, -0.14000000000788823, 1.7655214937536473e-10, 0.06472938297659608, 0.9979028544800688, 3.4065816834072393e-10, 0.0, 0.0, 0.0, 1.0]}, {"left_foot_pose": [1.0000000000000004, -1.6819945800501466e-11, -2.2003410204973735e-10, 5.618800323970321e-11, 5.455440230136226e-12, 0.9986704783183511, -0.05154877045475099, 5.042036232971725e-11, 2.2060843589570183e-10, 0.051548770454750814, 0.9986704783183511, 4.631841854507712e-10, 0.0, 0.0, 0.0, 1.0], "right_foot_pose": [0.9999999999999998, -2.552444774754288e-11, -2.243883412411661e-10, 3.2105779406514434e-11, 8.359392763199126e-12, 0.9970950761143607, -0.07616698227248762, -0.14000000000472673, 2.2568052185816954e-10, 0.07616698227248749, 0.9970950761143605, 4.3602908089690473e-10, 0.0, 0.0, 0.0, 1.0]}, {"left_foot_pose": [1.0000000000000002, -2.6509109393886564e-11, -2.7762342424963957e-10, 7.428873949826483e-11, 8.592071812792059e-12, 0.9979279971556662, -0.06434059754837164, 6.993332649085637e-11, 2.787537190689115e-10, 0.06434059754837147, 0.9979279971556664, 5.916121481597258e-10, 0.0, 0.0, 0.0, 1.0], "right_foot_pose": [0.9999999999999998, -3.770632034558311e-11, -2.8412955321854817e-10, 4.488503124452272e-11, 1.2258785016070087e-11, 0.9960283792474931, -0.08903632816784458, -0.13999999999870544, 2.8635817032432366e-10, 0.08903632816784444, 0.996028379247493, 5.540993150421336e-10, 0.0, 0.0, 0.0, 1.0]}, {"left_foot_pose": [1.0000000000000004, -4.036261059693555e-11, -3.458310304793592e-10, 9.737985151233963e-11, 1.3042211812805843e-11, 0.9969031712333342, -0.07863884018042643, 9.528502639688519e-11, 3.4793413455864917e-10, 0.07863884018042623, 0.9969031712333344, 7.486128592026908e-10, 0.0, 0.0, 0.0, 1.0], "right_foot_pose": [0.9999999999999998, -5.4682399207343723e-11, -3.5536101838928826e-10, 6.196871797244504e-11, 1.7631386903044937e-11, 0.9946359237453462, -0.10343780351130004, -0.13999999998862955, 3.5911084189388857e-10, 0.1034378035112999, 0.9946359237453458, 6.96446851577992e-10, 0.0, 0.0, 0.0, 1.0]}, {"left_foot_pose": [1.0000000000000004, -5.887995421734753e-11, -4.2021358614974143e-10, 1.254365324473063e-10, 1.8920504837140734e-11, 0.995527953657912, -0.09446742023412888, 1.257947981891938e-10, 4.2389630717430094e-10, 0.0944674202341287, 0.9955279536579121, 9.281796164994915e-10, 0.0, 0.0, 0.0, 1.0], "right_foot_pose": [0.9999999999999998, -7.688429505943789e-11, -4.3372783142814295e-10, 8.361462214182252e-11, 2.454692650053675e-11, 0.9928461422760595, -0.11940074441789196, -0.13999999997357496, 4.398048434677154e-10, 0.1194007444178918, 0.9928461422760595, 8.563159903385298e-10, 0.0, 0.0, 0.0, 1.0]}, {"left_foot_pose": [1.0000000000000007, -8.006491806104708e-11, -4.841030354363326e-10, 1.554850075230937e-10, 2.5514040035233833e-11, 0.9937474711958633, -0.11165107922374887, 1.5586238896747595e-10, 4.900152559935845e-10, 0.11165107922374864, 0.9937474711958634, 1.0978944073314345e-09, 0.0, 0.0, 0.0, 1.0], "right_foot_pose": [0.9999999999999998, -1.0170480199657518e-10, -5.021132953864076e-10, 1.0755670144502497e-10, 3.2083591729352856e-11, 0.9906050938480602, -0.13675360339777523, -0.1399999999546744, 5.113043805219378e-10, 0.1367536033977751, 0.9906050938480601, 1.0029995792248947e-09, 0.0, 0.0, 0.0, 1.0]}, {"left_foot_pose": [1.0000000000000004, -9.438890159827633e-11, -4.930945651793178e-10, 1.7645714549943462e-10, 2.972789382142237e-11, 0.991576628413259, -0.12952138813568445, 1.6771447078345325e-10, 5.011661260351167e-10, 0.12952138813568428, 0.9915766284132591, 1.1595322479962533e-09, 0.0, 0.0, 0.0, 1.0], "right_foot_pose": [1.0, -1.1755261548230297e-10, -5.140537995274023e-10, 1.242630691776905e-10, 3.65469349356911e-11, 0.9879419381520164, -0.15482482630520683, -0.13999999993982482, 5.260552079501415e-10, 0.15482482630520666, 0.9879419381520166, 1.0483006893102775e-09, 0.0, 0.0, 0.0, 1.0]}, {"left_foot_pose": [0.9999999991436807, 4.091427837971076e-05, -6.217803928399667e-06, -3.182793454552602e-05, -4.1383746880355095e-05, 0.9892126567553123, -0.14648657959855138, 1.2677397039737026e-05, 1.5733764637635343e-07, 0.14648657973042795, 0.9892126576014163, 0.00016386112444906342, 0.0, 0.0, 0.0, 1.0], "right_foot_pose": [1.0000000000000002, -9.98856073083542e-11, -3.949011118109518e-10, 7.148723525496214e-11, 3.05620808856894e-11, 0.985134178677285, -0.17178664092947146, -0.14000000000038598, 4.0618953952781293e-10, 0.1717866409294713, 0.9851341786772853, 7.935374093936964e-10, 0.0, 0.0, 0.0, 1.0]}, {"left_foot_pose": [0.9999993172025651, 0.0011521891541257032, -0.0001950757740667663, -0.0008988713136537305, -0.0011685861515905766, 0.9860958883944321, -0.16617320270730515, 0.00035804556911371577, 9.00456866676569e-07, 0.16617331720751644, 0.9860965615229781, 0.0041912092189348715, 0.0, 0.0, 0.0, 1.0], "right_foot_pose": [1.0, -6.671366882650459e-11, -2.420773026479135e-10, -6.64944535159119e-11, 2.05843464247495e-11, 0.9825951639318236, -0.1857599090702643, -0.1400000001498446, 2.5025658065246253e-10, 0.18575990907026416, 0.9825951639318237, 4.3138597555225644e-10, 0.0, 0.0, 0.0, 1.0]}, {"left_foot_pose": [0.9999934320744301, 0.003558792044542247, -0.0006861539089153115, -0.002787866306308412, -0.0036243351336628653, 0.9819972276411141, -0.1888605546428528, 0.0011104944981199724, 1.685796898964483e-06, 0.18886180107250572, 0.9820036762114533, 0.011469802366455409, 0.0, 0.0, 0.0, 1.0], "right_foot_pose": [0.9999999999999999, -2.929243982988022e-11, -9.471246009695715e-11, -1.3564890355918638e-10, 1.0181910218486994e-11, 0.9806459336807938, -0.19578956242691886, -0.14000000014334046, 9.861409438994989e-11, 0.19578956242691875, 0.9806459336807938, 2.0783288284809132e-10, 0.0, 0.0, 0.0, 1.0]}, {"left_foot_pose": [0.9999746280981787, 0.006962444659063861, -0.001505830096267723, -0.005479459253282923, -0.007123422907717827, 0.9774492576665725, -0.21105024409638906, 0.0021826487110242765, 2.4468649655878816e-06, 0.21105561601491923, 0.9774740543577498, 0.019120926854370217, 0.0, 0.0, 0.0, 1.0], "right_foot_pose": [1.0, -2.8274440198784323e-12, 3.877009824293527e-12, -1.4644719574836313e-10, 3.549909021516461e-12, 0.9795416653316678, -0.2012414616307084, -0.14000000003611174, -3.2289401691672242e-12, 0.20124146163070822, 0.9795416653316676, 1.0456359389454661e-10, 0.0, 0.0, 0.0, 1.0]}, {"left_foot_pose": [0.9999352391283921, 0.011082288614532568, -0.002588518555069407, -0.008754295580599088, -0.011380577312032018, 0.9737874535715763, -0.22717499362084453, 0.0034871281025922636, 3.048046952774617e-06, 0.2271897404057895, 0.9738505130896942, 0.024265878791040967, 0.0, 0.0, 0.0, 1.0], "right_foot_pose": [1.0, 9.898746782762063e-13, 2.4405422127671266e-11, -6.910663515069898e-11, 3.951858464740088e-12, 0.9794579515983619, -0.20164850867472572, -0.13999999993367873, -2.410395999771875e-11, 0.2016485086747256, 0.9794579515983619, 1.3116466940354954e-10, 0.0, 0.0, 0.0, 1.0]}, {"left_foot_pose": [0.9998702178819027, 0.015670812104212728, -0.0037380530750545033, -0.012393008322653307, -0.016110474284262814, 0.9726313183668759, -0.2317946745510996, 0.004936548291929344, 3.3366988679688617e-06, 0.23182481355521123, 0.9727575524296683, 0.02500000243108818, 0.0, 0.0, 0.0, 1.0], "right_foot_pose": [0.9999999999999998, -2.3203393352784077e-11, -5.0042969768071395e-11, 4.4205264991437726e-11, 1.2907947090210894e-11, 0.9804683552658843, -0.19667690337762553, -0.1399999999117271, 5.36290876225823e-11, 0.1966769033776254, 0.9804683552658842, 3.3602875343374805e-10, 0.0, 0.0, 0.0, 1.0]}, {"left_foot_pose": [0.9997788910702091, 0.020464985826294337, -0.004832527863700979, -0.016176235066203245, -0.02102781394473361, 0.9730553571451518, -0.22961076405915207, 0.006443533803785557, 3.3360942921134065e-06, 0.22966161256564285, 0.973270539830843, 0.025000002280382447, 0.0, 0.0, 0.0, 1.0], "right_foot_pose": [0.9999999999999998, -7.19397470606941e-11, -2.2037999203305911e-10, 1.1064214695270441e-10, 2.959349426779287e-11, 0.9824685101762968, -0.18642860969274064, -0.13999999986407075, 2.2992790421305557e-10, 0.1864286096927405, 0.9824685101762969, 7.192635098629552e-10, 0.0, 0.0, 0.0, 1.0]}, {"left_foot_pose": [0.9996659012534524, 0.025207723623469316, -0.0057145901730806655, -0.01988462290721798, -0.02584735695978095, 0.9749536982262389, -0.2209008837763549, 0.00792070758555483, 3.0523966775705943e-06, 0.22097478812005605, 0.9752795204483589, 0.024910270941766226, 0.0, 0.0, 0.0, 1.0], "right_foot_pose": [1.0, -1.4227864421876582e-10, -5.066724817481818e-10, 2.3242674124364457e-10, 5.372012266199405e-11, 0.9853291112733383, -0.17066500073914825, -0.13999999987714043, 5.235208395508926e-10, 0.1706650007391481, 0.9853291112733382, 1.3175668750475822e-09, 0.0, 0.0, 0.0, 1.0]}, {"left_foot_pose": [0.9995413348876578, 0.02967353146137196, -0.0060499075704681, -0.023298810398220456, -0.030283986610261746, 0.9794090307973021, -0.19960167972158946, 0.009280686396181983, 2.44738704402141e-06, 0.1996933447145933, 0.9798584428736172, 0.02116383353129893, 0.0, 0.0, 0.0, 1.0], "right_foot_pose": [1.0, -2.2433868405962035e-10, -9.34230859339634e-10, 5.62279927481823e-10, 8.280012725345704e-11, 0.9888630255271569, -0.14882848096140025, -0.14000000025057047, 9.572141448649144e-10, 0.14882848096140006, 0.9888630255271568, 2.2363218429855003e-09, 0.0, 0.0, 0.0, 1.0]}, {"left_foot_pose": [0.9994200358582553, 0.03357069350956739, -0.0057096814597299775, -0.02619943617755968, -0.03405278141874476, 0.9852793039964101, -0.16752641939108487, 0.010436099229336587, 1.652894550350907e-06, 0.1676236906097617, 0.9858510528186457, 0.01399681148063249, 0.0, 0.0, 0.0, 1.0], "right_foot_pose": [0.9999999999999999, -2.857599379496315e-10, -1.4708937956520153e-09, 8.366970348604521e-10, 1.0610709592004419e-10, 0.9926868600267111, -0.12071784429117641, -0.14000000059450246, 1.4946330815236097e-09, 0.12071784429117625, 0.9926868600267112, 3.452861767339055e-09, 0.0, 0.0, 0.0, 1.0]}, {"left_foot_pose": [0.9993201079659471, 0.036555779082960975, -0.0047955010756582685, -0.028367149589547808, -0.03686898173511782, 0.9908339092281352, -0.12995707948976154, 0.011299572763478708, 8.627894075523667e-07, 0.1300455279482166, 0.9915080234975037, 0.006287909630843705, 0.0, 0.0, 0.0, 1.0], "right_foot_pose": [1.0, -2.913664972018738e-10, -2.0739946426928648e-09, 9.95693113740192e-10, 1.1088807336856054e-10, 0.9962524355596478, -0.0864932635612166, -0.1400000007605216, 2.091423353072155e-09, 0.08649326356121644, 0.9962524355596477, 4.8206006617035335e-09, 0.0, 0.0, 0.0, 1.0]}, {"left_foot_pose": [0.9992606060725984, 0.038292418824594915, -0.0034542455016680676, -0.029582593106300323, -0.03844790178111243, 0.9952201479077151, -0.08976979473729792, 0.011783729220927658, 2.3214120099371417e-07, 0.08983622798798085, 0.9959565513318535, 0.0009158375257759949, 0.0, 0.0, 0.0, 1.0], "right_foot_pose": [0.9999999999999999, -2.0559291991640664e-10, -2.611000304852949e-09, 9.61665512621836e-10, 8.289451189888816e-11, 0.9988992969282797, -0.0469062319547067, -0.1400000006184032, 2.617769586362329e-09, 0.046906231954706556, 0.9988992969282797, 5.973863084762776e-09, 0.0, 0.0, 0.0, 1.0]}, {"left_foot_pose": [0.9992514233382532, 0.038641524569260566, -0.0018508202071615557, -0.029765754078836436, -0.03868582371458533, 0.9981071836649898, -0.04780645311949951, 0.011856692400852567, 2.7116536578168946e-09, 0.0478422668286748, 0.9988549031289253, 6.824272737182557e-09, 0.0, 0.0, 0.0, 1.0], "right_foot_pose": [1.0, -2.751260894296728e-11, -2.80597045598796e-09, 9.366965474718358e-10, 1.6233252665959765e-11, 0.9999919209162914, -0.00401971418706468, -0.1400000004740288, 2.8060582597284513e-09, 0.0040197141870645286, 0.9999919209162913, 6.4612434985678036e-09, 0.0, 0.0, 0.0, 1.0]}, {"left_foot_pose": [0.99925142333613, 0.0386851324845346, -0.00023126904861405436, -0.029765753908883374, -0.038685823769422444, 0.9992335678963578, -0.005973594261152652, 0.01185669222135691, 2.511188872181408e-09, 0.005978069401547149, 0.9999821311834685, 6.25498105394362e-09, 0.0, 0.0, 0.0, 1.0], "right_foot_pose": [0.9999999999999999, 1.370860282244642e-10, -2.5657910796006446e-09, 1.0566030924486024e-09, -3.823013493754255e-11, 0.9992590310218316, 0.03848881553530241, -0.1400000005891947, 2.5691661017265076e-09, -0.03848881553530255, 0.9992590310218314, 6.317585864168418e-09, 0.0, 0.0, 0.0, 1.0]}, {"left_foot_pose": [0.9992514233347197, 0.0386650740141945, 0.001266891871629796, -0.029765753774497444, -0.03868582380585311, 0.9987154563747818, 0.032723756425182646, 0.011856692099003573, 1.9704498646806033e-09, -0.032748270940449534, 0.9994636315296381, 4.993241091433287e-09, 0.0, 0.0, 0.0, 1.0], "right_foot_pose": [0.9999999999863743, -5.202680504617149e-06, -4.278568118131953e-07, -1.57829269456373e-05, 5.220189311161626e-06, 0.9969997813755848, 0.07740436621913235, -0.1399993569302301, 2.3862960768861458e-08, -0.07740436622031135, 0.9969997813891591, 3.740384602837071e-05, 0.0, 0.0, 0.0, 1.0]}, {"left_foot_pose": [0.9992514233344435, 0.03860217340895388, 0.0025426702882182317, -0.029765754006819953, -0.038685823812987456, 0.9970907384493092, 0.06567698481601138, 0.011856692318050803, 1.361532118675876e-09, -0.06572618585249866, 0.9978376964683606, 3.4250473637809087e-09, 0.0, 0.0, 0.0, 1.0], "right_foot_pose": [0.9999998558406241, -0.00053352327943717, -6.059406728875115e-05, -0.0016236086782670338, 0.0005369531017219776, 0.9936774947114774, 0.11227086970932586, -0.1399338753887273, 3.1183838508941654e-07, -0.11227088606059993, 0.9936776379405295, 0.0034929906338924607, 0.0, 0.0, 0.0, 1.0]}, {"left_foot_pose": [0.9992514233348192, 0.03852156653246839, 0.0035611620607963563, -0.02976575411613429, -0.03868582380328252, 0.9950086705441447, 0.09198452358215627, 0.011856692301588836, 8.174219318303274e-10, -0.09205343260226391, 0.9957540688072237, 2.176425255295822e-09, 0.0, 0.0, 0.0, 1.0], "right_foot_pose": [0.9999983266933572, -0.0018101334824480939, -0.0002646266444393668, -0.005531573503100542, 0.0018293742123969997, 0.9895351154175193, 0.14428065963817774, -0.13977472991526652, 6.901042670492935e-07, -0.14428090231355098, 0.9895367710333515, 0.010538500931615284, 0.0, 0.0, 0.0, 1.0]}, {"left_foot_pose": [0.9992514233354272, 0.03844481935435467, 0.004311476189711933, -0.02976575411240954, -0.038685823787576144, 0.9930262989135563, 0.11136506051684852, 0.011856692138294617, 3.9043329343303006e-10, -0.11144848823943652, 0.9937702121059702, 1.2847447689035008e-09, 0.0, 0.0, 0.0, 1.0], "right_foot_pose": [0.9999930687931204, -0.00366764495363606, -0.0006408948518300801, -0.0112581234930624, 0.003723219646625912, 0.9851167955220794, 0.1718459682848919, -0.13954153196704364, 1.0862843186462168e-06, -0.17184716337723832, 0.9851236229215177, 0.018295214560510725, 0.0, 0.0, 0.0, 1.0]}, {"left_foot_pose": [0.999251423335931, 0.03838820854932083, 0.004789405546652455, -0.02976575397822774, -0.038685823774561534, 0.9915640479343092, 0.12370992637218471, 0.011856691920918056, 1.0215871013195105e-10, -0.12380260210715163, 0.9923068656980557, 7.336476634534073e-10, 0.0, 0.0, 0.0, 1.0], "right_foot_pose": [0.9999816428141416, -0.005947591240881036, -0.001157667120302638, -0.018321712067833274, 0.006059210570826322, 0.9816049604588803, 0.1908271143464111, -0.13925388979936593, 1.4101140396589646e-06, -0.19083062584645932, 0.9816229786618995, 0.02388442551693229, 0.0, 0.0, 0.0, 1.0]}, {"left_foot_pose": [0.9992514233361047, 0.03836223914458204, 0.004993152169027668, -0.029765753790869008, -0.038685823770073, 0.9908932610368951, 0.12897268032765352, 0.011856691804027895, -2.977425153503893e-11, -0.12906929859374858, 0.9916355762882445, 5.215961274007697e-10, 0.0, 0.0, 0.0, 1.0], "right_foot_pose": [0.9999623449635591, -0.008508938021388439, -0.0017048837872389773, -0.02624078117100438, 0.008678055803108091, 0.9805105589274186, 0.1962746422218596, -0.138931407375196, 1.567789295899722e-06, -0.19628204656969797, 0.9805474788055666, 0.02500001023962034, 0.0, 0.0, 0.0, 1.0]}, {"left_foot_pose": [0.9992514233358816, 0.03836995029298627, 0.004933545958914086, -0.029765753712349755, -0.03868582377583462, 0.991092439098858, 0.12743305771997418, 0.011856691761395543, -7.42800016684627e-12, -0.12752852259628444, 0.9918349035622863, 5.892390811390591e-10, 0.0, 0.0, 0.0, 1.0], "right_foot_pose": [0.999934784247344, -0.0112070024121948, -0.002197805530612194, -0.034533756332643675, 0.011420475024321319, 0.9812701904548261, 0.1922976496865417, -0.13859369646869407, 1.5608277097990515e-06, -0.1923102088337543, 0.981334185471943, 0.025000010559661064, 0.0, 0.0, 0.0, 1.0]}, {"left_foot_pose": [0.9992514233352917, 0.03840980973301382, 0.004612968530996342, -0.029765753586394158, -0.03868582379107705, 0.9921220040018821, 0.11915257535150421, 0.011856691729379424, 1.6507992397881368e-10, -0.11924183700180022, 0.9928652397523229, 9.588535035409684e-10, 0.0, 0.0, 0.0, 1.0], "right_foot_pose": [0.9999002061232127, -0.01389467403561201, -0.0025526120347669976, -0.0427190900760765, 0.01412720045815201, 0.9834603123781707, 0.1805719695419138, -0.13826036922251872, 1.4039723388370304e-06, -0.1805900108269414, 0.9835584619063342, 0.024992559615472983, 0.0, 0.0, 0.0, 1.0]}, {"left_foot_pose": [0.9992514233344318, 0.0384761273029496, 0.0040225106438934064, -0.02976575311530127, -0.038685823813291026, 0.9938349795868651, 0.10390110868255185, 0.011856692008715135, 5.009255390370184e-10, -0.1039789448751223, 0.9945794985935802, 1.7484013611901439e-09, 0.0, 0.0, 0.0, 1.0], "right_foot_pose": [0.9998615625155358, -0.016431352366984214, -0.0026203937457997153, -0.050315230438971195, 0.016638984427815088, 0.9873950125102292, 0.1573983273962435, -0.13795102976217685, 1.0963359937845916e-06, -0.15742013825847115, 0.9875317210446873, 0.021837800044266227, 0.0, 0.0, 0.0, 1.0]}, {"left_foot_pose": [0.9992514233336531, 0.03855656566204529, 0.003159780058420925, -0.02976575272175795, -0.03868582383340414, 0.9959126940876324, 0.0816168658393948, 0.011856692353220757, 9.761603357837685e-10, -0.08167800805273957, 0.9966587695899422, 2.8937086615776764e-09, 0.0, 0.0, 0.0, 1.0], "right_foot_pose": [0.9998233279851885, -0.018650397893417364, -0.002339973298822593, -0.05684059997818275, 0.01879661714566834, 0.9920503699215896, 0.12442970192971, -0.137685295210269, 7.07925955208646e-07, -0.12445170226579688, 0.9922256667727581, 0.01492378388766314, 0.0, 0.0, 0.0, 1.0]}, {"left_foot_pose": [0.9992514233332004, 0.03863230268670824, 0.0020342457316380623, -0.029765752362800633, -0.03868582384509996, 0.9978689744466689, 0.05254442758447859, 0.011856692527142224, 1.5289410035211732e-09, -0.05258379052405044, 0.9986165154723428, 4.286509452944287e-09, 0.0, 0.0, 0.0, 1.0], "right_foot_pose": [0.9997910626297021, -0.02036294989848748, -0.0017836359501709755, -0.06181365563413582, 0.02044091694744491, 0.9959790663348487, 0.08722309520482938, -0.13748277997816474, 3.445506855445342e-07, -0.08724133019501011, 0.9961872064555367, 0.007129216601393373, 0.0, 0.0, 0.0, 1.0]}, {"left_foot_pose": [0.9992514233341661, 0.03867992490606855, 0.0006755545162498328, -0.029765752408895046, -0.038685823820147576, 0.999099053952915, 0.01744956806763127, 0.011856692507156963, 2.104420241218196e-09, -0.017462640111143665, 0.999847516474562, 5.52675719078799e-09, 0.0, 0.0, 0.0, 1.0], "right_foot_pose": [0.9997707216058475, -0.021387148620182983, -0.0010459893025126844, -0.06475284634767584, 0.02141271163854282, 0.9985773668664786, 0.048833780954322545, -0.13736309411967595, 8.591251788358101e-08, -0.048844981890756804, 0.9988063714975413, 0.0013328067624641393, 0.0, 0.0, 0.0, 1.0]}, {"left_foot_pose": [0.9992514233388606, 0.03867677127087788, -0.000836850836340728, -0.029765753715419823, -0.0386858236988959, 0.9990176012517081, -0.0216157219176594, 0.011856692772384237, 2.3826621172587235e-09, 0.021631915156634922, 0.9997660027459712, 5.9313193037646705e-09, 0.0, 0.0, 0.0, 1.0], "right_foot_pose": [0.999766511647411, -0.021607251183573414, -0.00022109874989009723, -0.0653446625986808, 0.0216083823635004, 0.9997141758220959, 0.010229588065030491, -0.13733899903005858, 2.275695917135249e-09, -0.010231977161693393, 0.9999476519515224, 6.83180800126193e-09, 0.0, 0.0, 0.0, 1.0]}, {"left_foot_pose": [0.9992514233427318, 0.0386122093259373, -0.0023854220790524646, -0.029765754770002206, -0.0386858235988999, 0.9973499763801014, -0.06161519023006332, 0.011856693228197629, 2.0313787373906073e-09, 0.06166134855468289, 0.998097128587403, 5.834055204212429e-09, 0.0, 0.0, 0.0, 1.0], "right_foot_pose": [0.9997665116469172, -0.02159923700130694, 0.0006286098280806991, -0.0653446634761927, 0.021608382386346867, 0.9993433746531759, -0.02908431445723528, -0.13733899830020546, 1.9340479381199635e-09, 0.029091106850088956, 0.9995767641868417, 6.860559488564011e-09, 0.0, 0.0, 0.0, 1.0]}, {"left_foot_pose": [0.9992514233393124, 0.03849476921180161, -0.0038400127199388397, -0.029765752498042135, -0.038685823687225895, 0.9943165079953996, -0.09918714116999404, 0.011856692375619673, 1.9302299684753774e-09, 0.09926144604611391, 0.9950613877187857, 5.631764207758572e-09, 0.0, 0.0, 0.0, 1.0], "right_foot_pose": [0.9997665116456487, -0.02156090401404406, 0.0014316459018161485, -0.06534466105801426, 0.021608382445037568, 0.9975697961176804, -0.06623880797416787, -0.13733899937357572, 1.8703482126338795e-09, 0.06625427753607196, 0.9978027714474306, 5.2474681752623376e-09, 0.0, 0.0, 0.0, 1.0]}, {"left_foot_pose": [0.9993419591461377, 0.03595706774333373, -0.004768434676275919, -0.031132886585346697, -0.03627187183753154, 0.9906620075971397, -0.13142731077294287, 0.011570462511936698, -1.8336472918560623e-06, 0.1315137862845842, 0.9913143416766107, 0.0028444572397643628, 0.0, 0.0, 0.0, 1.0], "right_foot_pose": [0.9997665116454579, -0.021503525542406504, 0.0021261659200075235, -0.06534466085214001, 0.021608382453861083, 0.9949150353627475, -0.09837250742392796, -0.13733899986725193, 1.284569389651959e-09, 0.09839548159539711, 0.9951473906922582, 3.5223145997131944e-09, 0.0, 0.0, 0.0, 1.0]}, {"left_foot_pose": [0.999564772205591, 0.029129392834221626, -0.004663114698955951, -0.034967385632110416, -0.02950027371573652, 0.9869764873335424, -0.15813648314490591, 0.010767665214762098, -4.0351733413836505e-06, 0.158205220912118, 0.9874062527956092, 0.009617037955731163, 0.0, 0.0, 0.0, 1.0], "right_foot_pose": [0.9997665116457427, -0.021440245645136104, 0.0026903639863363757, -0.06534466079084907, 0.021608382440681584, 0.9919872329500171, -0.1244765338225072, -0.13733899998950583, 7.357753653268635e-10, 0.12450560441540262, 0.9922189045110738, 2.1886555345851377e-09, 0.0, 0.0, 0.0, 1.0]}, {"left_foot_pose": [0.9998145285648704, 0.018951106216930958, -0.003429875181619474, -0.040765264464690996, -0.019258983172641086, 0.9837744198004852, -0.17837315524869604, 0.009553817050313782, -6.1451445815756085e-06, 0.17840612803201025, 0.9839569367827357, 0.017439493741438154, 0.0, 0.0, 0.0, 1.0], "right_foot_pose": [0.9997665116461892, -0.021382327733651722, 0.00311741102525293, -0.06534466081468955, 0.021608382420016163, 0.9893075174133611, -0.14423492572398264, -0.13733899990275703, 2.9031883763487777e-10, 0.1442686107582073, 0.9895385631444066, 1.2467623322631738e-09, 0.0, 0.0, 0.0, 1.0]}, {"left_foot_pose": [0.9999792787325269, 0.006322723802181956, -0.0012104830843518994, -0.048022339038195076, -0.006437549699885075, 0.9819161554135117, -0.189206822529767, 0.0080344740998387, -7.709583964618078e-06, 0.18921069446960576, 0.9819365117149341, 0.023433118137148365, 0.0, 0.0, 0.0, 1.0], "right_foot_pose": [0.9997665116465729, -0.021338344763611277, 0.0034054710088271068, -0.06534466087829179, 0.021608382402269307, 0.9872725368687298, -0.15756273593315143, -0.13733899973135028, -2.087837357881828e-11, 0.1575995335891954, 0.9875031073431965, 6.420026385511868e-10, 0.0, 0.0, 0.0, 1.0]}, {"left_foot_pose": [0.999967419338356, -0.007928276247403644, 0.0015174641789209337, -0.05623442192211606, 0.008072186375376655, 0.9823323828355908, -0.18697039722820447, 0.0063151889646082295, -8.301243435279395e-06, 0.18697655486262482, 0.9823643763201079, 0.02500000669519313, 0.0, 0.0, 0.0, 1.0], "right_foot_pose": [0.9997665116467476, -0.021314078346154845, 0.0035541882262432154, -0.06534466097319457, 0.02160838239419125, 0.9861497912069528, -0.1644435073597927, -0.13733899962700677, -1.778370279665776e-10, 0.16448191197434975, 0.986380099471427, 3.490835606689835e-10, 0.0, 0.0, 0.0, 1.0]}, {"left_foot_pose": [0.9997267331615843, -0.023008593713537872, 0.004130813163688275, -0.06489730500606235, 0.02337646119304672, 0.9840548039487662, -0.1763226698058035, 0.004501521876608433, -8.009865894345782e-06, 0.176371050460901, 0.9843237539017137, 0.02500000760375587, 0.0, 0.0, 0.0, 1.0], "right_foot_pose": [0.999766511646679, -0.02131114792845764, 0.003571717206313565, -0.06534466120232378, 0.02160838239735874, 0.986014207919562, -0.16525452971379845, -0.13733899959834564, -1.8351764242488582e-10, 0.1652931237369859, 0.9862444845195687, 3.00422547949708e-10, 0.0, 0.0, 0.0, 1.0]}, {"left_foot_pose": [0.9992554777712571, -0.03808041832173276, 0.0061945043853189816, -0.07350680346412736, 0.03858095507882483, 0.986320662845493, -0.1602593521428118, 0.0026990322345417823, -7.024501759163682e-06, 0.16037902538820284, 0.9870555040959895, 0.025000007503392575, 0.0, 0.0, 0.0, 1.0], "right_foot_pose": [0.9997665116464116, -0.021329140590294598, 0.003462651014022005, -0.06534466139974127, 0.021608382409737743, 0.9868466823989223, -0.16020831204364913, -0.13733899956343543, -5.4180208160130474e-11, 0.1602457275559012, 0.9870771534181512, 5.000612285366302e-10, 0.0, 0.0, 0.0, 1.0]}, {"left_foot_pose": [0.998605493583677, -0.05233418194473998, 0.006942736108808742, -0.08155873298491906, 0.05279269037955375, 0.9899454627295523, -0.13122847504890756, 0.001013271812301977, -5.195220303641271e-06, 0.1314120018162266, 0.991327839693642, 0.022459727745630285, 0.0, 0.0, 0.0, 1.0], "right_foot_pose": [0.9997665116461875, -0.021381472107526805, 0.0031232741358806684, -0.06534466116314241, 0.021608382420089018, 0.9892679294344475, -0.1445061991807552, -0.13733899969755842, 3.2968890313724795e-10, 0.14453994756812358, 0.9894989659201286, 1.143332956088372e-09, 0.0, 0.0, 0.0, 1.0]}, {"left_foot_pose": [0.9978773202544245, -0.06479730624434284, 0.006493290793250754, -0.08854888081498419, 0.0651218374376232, 0.9929094337419898, -0.09944849257233572, -0.00045019405461538785, -3.255255901005792e-06, 0.09966025029889751, 0.9950215246414348, 0.015838564235219114, 0.0, 0.0, 0.0, 1.0], "right_foot_pose": [0.9997665116458408, -0.021434927471420916, 0.0027324120848486117, -0.0653446609396291, 0.0216083824361405, 0.9917411745948362, -0.12642199342578095, -0.13733899995196303, 6.893690062194046e-10, 0.12645151836790888, 0.9919727886905215, 1.958992842943097e-09, 0.0, 0.0, 0.0, 1.0]}, {"left_foot_pose": [0.9972073829583922, -0.07452175006875005, 0.004893274973496054, -0.09397306497928565, 0.07468222928494361, 0.9950658885235085, -0.06531800766980314, -0.0015858042789783436, -1.5187667338883892e-06, 0.06550104017198528, 0.9978525009910445, 0.007998178056514982, 0.0, 0.0, 0.0, 1.0], "right_foot_pose": [0.9997665116457246, -0.021494455525658648, 0.0022159813613786515, -0.06534466071416668, 0.021608382441508582, 0.9944953892342258, -0.10252803811703091, -0.137339000074581, 1.1089192150046757e-09, 0.10255198278688368, 0.9947276465578297, 2.9658670797072517e-09, 0.0, 0.0, 0.0, 1.0]}, {"left_foot_pose": [0.9967472942523448, -0.08055167227702702, 0.0025018980804632895, -0.09732710080831763, 0.080590516815021, 0.9962669957483972, -0.03093932419998611, -0.0022880021567345046, -3.4418086194491735e-07, 0.0310403169416551, 0.9995181332642465, 0.0018172762257662733, 0.0, 0.0, 0.0, 1.0], "right_foot_pose": [0.99976651164604, -0.021549973532971146, 0.0015877127689992994, -0.06534466053065979, 0.02160838242693333, 0.9970640712061213, -0.0734596196475731, -0.13733899990880882, 1.501783107169919e-09, 0.07347677558659557, 0.9972969284267336, 3.9469038731754225e-09, 0.0, 0.0, 0.0, 1.0]}, {"left_foot_pose": [0.9966244500832928, -0.08209530181065776, -0.00025868280186795695, -0.09818182685605624, 0.08209570936519779, 0.9966195025209906, 0.0031403341603843176, -0.0024669416934998117, 1.6446250712856718e-09, -0.003150970553790895, 0.9999950356799628, 4.376669970884706e-09, 0.0, 0.0, 0.0, 1.0], "right_foot_pose": [0.9997665116475954, -0.021590277544768718, 0.000884366178694171, -0.06534465979212806, 0.021608382354960372, 0.9989288438299418, -0.04091751185711662, -0.13733899921905465, 1.5530310619210959e-09, 0.04092706781721947, 0.9991621365523636, 4.603161692096069e-09, 0.0, 0.0, 0.0, 1.0]}, {"left_foot_pose": [0.9966244500834807, -0.08203830923262811, -0.0030694159139070085, -0.09818182561308621, 0.0820957093629193, 0.9959276251610575, 0.037262044297865164, -0.0024669412532720113, 9.890204916215812e-10, -0.03738825028412833, 0.9993008149404726, 3.958018121585916e-09, 0.0, 0.0, 0.0, 1.0], "right_foot_pose": [0.9997665116489906, -0.021607741465878176, 0.0001664150003007688, -0.06534465845559412, 0.021608382290411246, 0.9997368619641271, -0.00769965225910339, -0.1373389985406145, 8.852070410905558e-10, 0.007701450438939278, 0.9999703433908111, 4.92829083098556e-09, 0.0, 0.0, 0.0, 1.0]}, {"left_foot_pose": [0.9966244500854978, -0.0818957097699671, -0.005726972415924996, -0.09818182686152847, 0.08209570933842707, 0.994196499027889, 0.06952421037962438, -0.002466941959755803, 1.3707059067367244e-09, -0.0697596878000687, 0.9975638255059359, 3.587407287897193e-09, 0.0, 0.0, 0.0, 1.0], "right_foot_pose": [0.9997665116478238, -0.02160231865870548, -0.0005118750912131621, -0.06534465986974282, 0.02160838234438805, 0.9994859612705406, 0.023683138211858024, -0.13733899937627136, 1.269100585071845e-09, -0.023688669267626233, 0.9997193841015235, 3.995799878475648e-09, 0.0, 0.0, 0.0, 1.0]}, {"left_foot_pose": [0.9966244500872221, -0.08170121005229551, -0.008038517545781873, -0.09818182761738985, 0.08209570931749847, 0.9918353141369457, 0.09758588085642127, -0.002466942017705159, 1.0252269797032824e-09, -0.0979164026445903, 0.9951946433201615, 2.638724572179285e-09, 0.0, 0.0, 0.0, 1.0], "right_foot_pose": [0.9997239350935453, -0.023462291436538496, -0.0012547834966516464, -0.06612811663726713, 0.02349582091850389, 0.998298799357527, 0.05336153671592667, -0.13761269664449208, 6.649322304032403e-07, -0.05337628763661392, 0.9985744698907995, 0.0022503007263718552, 0.0, 0.0, 0.0, 1.0]}, {"left_foot_pose": [0.996624450086892, -0.08149548536437144, -0.009909155071292464, -0.09818182787031557, 0.08209570932150746, 0.9893378598019752, 0.12029502763392495, -0.002466942029716883, 6.067307919164391e-10, -0.12070246487820255, 0.9926887301527741, 1.7712628447297263e-09, 0.0, 0.0, 0.0, 1.0], "right_foot_pose": [0.9995558198620474, -0.029694821539169476, -0.0025259757850863425, -0.06874602797024351, 0.029802063278805076, 0.9959648000643926, 0.0846519583767579, -0.13852727050357155, 2.0581708219713113e-06, -0.0846896369483962, 0.9964073792326674, 0.008710108750488617, 0.0, 0.0, 0.0, 1.0]}, {"left_foot_pose": [0.9966244500858795, -0.08131381628285429, -0.011303484973114723, -0.09818182790938684, 0.08209570933379685, 0.987132435156454, 0.13722190047900845, -0.002466942169460722, 2.417306475210674e-10, -0.13768666872144292, 0.9904758357761145, 1.1461215240760048e-09, 0.0, 0.0, 0.0, 1.0], "right_foot_pose": [0.9992124986803623, -0.03940748593258637, -0.0046295284229921595, -0.0728470494330865, 0.039678488701918604, 0.992399394335735, 0.11648630673344387, -0.13995997925520787, 3.908709100318104e-06, -0.11657826630439865, 0.9931815079884353, 0.016558463874034667, 0.0, 0.0, 0.0, 1.0]}, {"left_foot_pose": [0.9966244500848173, -0.08118394600122733, -0.012201327993533793, -0.09818182775026078, 0.08209570934668901, 0.98555583694249, 0.14812152704942122, -0.0024669423605504026, -3.112253522553517e-11, -0.14862321211795376, 0.988893897655225, 7.526404360858052e-10, 0.0, 0.0, 0.0, 1.0], "right_foot_pose": [0.9986350487296963, -0.051674918265836686, -0.0075988335194055266, -0.07806149932481407, 0.05223063674316838, 0.9880261071404977, 0.14517703742051224, -0.14178167052898744, 5.83435820553204e-06, -0.14537576975209027, 0.9893765135351394, 0.022916659099863956, 0.0, 0.0, 0.0, 1.0]}, {"left_foot_pose": [0.9966244500835622, -0.08114073685153628, -0.01248544427834847, -0.0981818273926218, 0.0820957093619274, 0.9850312867822771, 0.1515706388599519, -0.002466942353799334, -7.86047546564351e-11, -0.1520840060073437, 0.9883675708544667, 5.581076989447098e-10, 0.0, 0.0, 0.0, 1.0], "right_foot_pose": [0.9977822352057094, -0.06566325665233734, -0.010906320814421725, -0.084019692345839, 0.06656283539442973, 0.9843152428425151, 0.16337959374454986, -0.14386318703328915, 7.2216251627106175e-06, -0.16374321187056703, 0.9865029956944676, 0.02500000831652814, 0.0, 0.0, 0.0, 1.0]}, {"left_foot_pose": [0.996624450084131, -0.08116977361019435, -0.012295257076399061, -0.09818182728310575, 0.08209570935502651, 0.9853837869950891, 0.14926180634279138, -0.0024669423896513864, -4.9473312009531044e-11, -0.14976735351633794, 0.9887212649785143, 6.599702659371154e-10, 0.0, 0.0, 0.0, 1.0], "right_foot_pose": [0.9966504382335879, -0.08055021273633806, -0.014126825437011312, -0.09035191508357585, 0.08177960569247911, 0.9816843571673614, 0.17206951788648406, -0.14607537057313644, 7.847276752378948e-06, -0.172648446622132, 0.9849835094139319, 0.02500000853496978, 0.0, 0.0, 0.0, 1.0]}, {"left_foot_pose": [0.9966244500855367, -0.08127409928974196, -0.011585606429667331, -0.09818182714133084, 0.08209570933795522, 0.9866502790607956, 0.14064679639989305, -0.0024669424209123074, 1.2153054106569279e-10, -0.1411231646962899, 0.9899920466277016, 1.0257646260170006e-09, 0.0, 0.0, 0.0, 1.0], "right_foot_pose": [0.9952855802448907, -0.09552022255871, -0.016807761270487158, -0.09668848692967087, 0.09698769869454753, 0.980240036628887, 0.17240318121117693, -0.14828907351600595, 7.650284310514377e-06, -0.17322054633366332, 0.984883060200215, 0.025000007643158642, 0.0, 0.0, 0.0, 1.0]}, {"left_foot_pose": [0.996624450087663, -0.08144294063302228, -0.010332129911603432, -0.0981818267213962, 0.08209570931214548, 0.9886999778584955, 0.1254298540824592, -0.0024669421484430415, 4.551869073974914e-10, -0.12585468288330523, 0.9920486877146423, 1.7483769709780717e-09, 0.0, 0.0, 0.0, 1.0], "right_foot_pose": [0.9937870502820612, -0.10981910132508818, -0.0180849018750405, -0.10265972354779093, 0.11129824189523699, 0.9805892747916909, 0.16142297083914356, -0.15037514017235426, 6.535223544013627e