{"LoopMode": "Wrap", "FrameDuration": 0.0167, "EnableCycleOffsetPosition": true, "EnableCycleOffsetRotation": false, "Debug_info": [{"left_foot_pose": [1.0000000000000004, 1.250314738491661e-13, -7.795153411649385e-12, 1.1741294273312822e-12, -4.8389314713198946e-14, 0.9999520856451247, 0.00978909668794659, 1.1749282102790914e-13, 7.795888266193052e-12, -0.00978909668794676, 0.9999520856451252, 1.6488692355931533e-11, 0.0, 0.0, 0.0, 1.0], "right_foot_pose": [1.0, -1.9646407728024264e-13, -7.852329897417574e-12, 1.4398433479774406e-13, 8.142142336283916e-14, 0.9998925896749287, -0.014656367666126909, -0.14000000000191598, 7.854198804896051e-12, 0.014656367666126758, 0.9998925896749287, 1.3932431597307726e-11, 0.0, 0.0, 0.0, 1.0]}, {"left_foot_pose": [1.0000000000000004, 1.9683251376774458e-13, -1.7359058634980335e-11, 2.9997274170157113e-12, -7.584600968019405e-14, 0.9999758454468807, 0.0069504332812227185, 1.1117374382196843e-12, 1.7359655320015567e-11, -0.006950433281222891, 0.9999758454468812, 3.5828999489506685e-11, 0.0, 0.0, 0.0, 1.0], "right_foot_pose": [1.0, -4.918930364912031e-13, -1.7461365686699534e-11, 8.902254474496933e-13, 1.8638463664528487e-13, 0.9998469379856484, -0.01749573092851225, -0.14000000000340274, 1.7467149055866713e-11, 0.0174957309285121, 0.9998469379856485, 3.208818627475907e-11, 0.0, 0.0, 0.0, 1.0]}, {"left_foot_pose": [1.0000000000000004, 1.5877518454148873e-13, -3.0461244637791664e-11, 5.6537594573329675e-12, -6.715820833189371e-14, 0.9999955096025759, 0.002996794067941023, 2.8299168564061006e-12, 3.0461436738408616e-11, -0.002996794067941197, 0.9999955096025759, 6.223430798479868e-11, 0.0, 0.0, 0.0, 1.0], "right_foot_pose": [0.9999999999999998, -1.0268883238993828e-12, -3.064204445735185e-11, 2.12570896235818e-12, 3.6940143622675825e-13, 0.9997698893632453, -0.02145153427156702, -0.14000000000507146, 3.065697161236481e-11, 0.021451534271566867, 0.9997698893632452, 5.7271895559374286e-11, 0.0, 0.0, 0.0, 1.0]}, {"left_foot_pose": [1.0000000000000007, -1.1509195147404588e-13, -4.6917802976054203e-11, 9.154463442644914e-12, 1.9205067933635005e-14, 0.9999978971278267, -0.0020507900734382154, 5.389601959171486e-12, 4.691743488950481e-11, 0.002050790073438041, 0.9999978971278266, 9.548426632699503e-11, 0.0, 0.0, 0.0, 1.0], "right_foot_pose": [0.9999999999999998, -1.9224039813193507e-12, -4.723388347116496e-11, 3.901548436545032e-12, 6.699131238891455e-13, 0.9996487101057834, -0.026503893748717196, -0.14000000000674803, 4.7267957492884847e-11, 0.026503893748717047, 0.9996487101057835, 8.914644716861986e-11, 0.0, 0.0, 0.0, 1.0]}, {"left_foot_pose": [1.0000000000000002, -7.821146651898618e-13, -6.690675791176659e-11, 1.361071288713669e-11, 2.3503161230568514e-13, 0.9999665318076145, -0.008181397475495586, 8.994964495467883e-12, 6.691055890748176e-11, 0.008181397475495412, 0.9999665318076147, 1.3612373728211224e-10, 0.0, 0.0, 0.0, 1.0], "right_foot_pose": [0.9999999999999998, -3.3460394474533373e-12, -6.744771408051517e-11, 6.326668082137653e-12, 1.1426013854792927e-12, 0.9994670643053142, -0.032643335750454944, -0.1400000000082617, 6.752081893719647e-11, 0.0326433357504548, 0.9994670643053141, 1.280917455437347e-10, 0.0, 0.0, 0.0, 1.0]}, {"left_foot_pose": [1.0000000000000004, -2.050860716411437e-12, -9.101136511091566e-11, 1.9242883144244863e-11, 6.48794899844393e-13, 0.999881314044329, -0.015406421550348437, 1.3969152223847203e-11, 9.103189164449296e-11, 0.015406421550348258, 0.9998813140443288, 1.8557024666909783e-10, 0.0, 0.0, 0.0, 1.0], "right_foot_pose": [0.9999999999999998, -5.534149499185038e-12, -9.191020167165216e-11, 9.589167319891157e-12, 1.8641563339222293e-12, 0.9992043549770352, -0.039883041445295184, -0.1400000000094183, 9.205759805132345e-11, 0.03988304144529504, 0.9992043549770351, 1.753052494835039e-10, 0.0, 0.0, 0.0, 1.0]}, {"left_foot_pose": [1.0000000000000004, -4.214063739767256e-12, -1.202298816060931e-10, 2.6402135989514147e-11, 1.3561354528115226e-12, 0.9997176092980046, -0.02376345217941005, 2.0791561181066065e-11, 1.2029578874258556e-10, 0.023763452179409877, 0.9997176092980048, 2.4618447558300005e-10, 0.0, 0.0, 0.0, 1.0], "right_foot_pose": [1.0, -8.826973916696778e-12, -1.2168110963273188e-10, 1.3980662965369027e-11, 2.944089033395944e-12, 0.9988346717217425, -0.04826280727971471, -0.14000000000995774, 1.2196498153095693e-10, 0.048262807279714555, 0.9988346717217425, 2.32845707992535e-10, 0.0, 0.0, 0.0, 1.0]}, {"left_foot_pose": [1.0000000000000002, -7.694372804991956e-12, -1.5596407498819063e-10, 3.559140337786686e-11, 2.494237066446604e-12, 0.9994448449583833, -0.033316690803771455, 3.014188725003475e-11, 1.5613355036660754e-10, 0.03331669080377128, 0.9994448449583834, 3.213372901100797e-10, 0.0, 0.0, 0.0, 1.0], "right_foot_pose": [0.9999999999999998, -1.3717029095435772e-11, -1.5825224464194313e-10, 1.9926647579415578e-11, 4.5393014194613936e-12, 0.9983253110896224, -0.05784957422322994, -0.1400000000094953, 1.5878062893787852e-10, 0.0578495742232298, 0.9983253110896223, 3.0365299857892936e-10, 0.0, 0.0, 0.0, 1.0]}, {"left_foot_pose": [1.0000000000000002, -1.3103274514454846e-11, -2.0000301415024048e-10, 4.7494681697809904e-11, 4.259666169946272e-12, 0.9990246839360915, -0.04415519093372305, 4.29488389297461e-11, 2.0038620473696695e-10, 0.04415519093372287, 0.9990246839360917, 4.155061988919684e-10, 0.0, 0.0, 0.0, 1.0], "right_foot_pose": [0.9999999999999998, -2.0912404608915773e-11, -2.0354112839626724e-10, 2.802699801637588e-11, 6.872455252426299e-12, 0.9976348974284344, -0.06873580895688751, -0.14000000000744767, 2.0449683641937806e-10, 0.06873580895688734, 0.9976348974284343, 3.915793730935313e-10, 0.0, 0.0, 0.0, 1.0]}, {"left_foot_pose": [1.0000000000000002, -2.1305791407286313e-11, -2.544094934719961e-10, 6.299584293058728e-11, 6.9265620217002666e-12, 0.9984089221060509, -0.05638815708138064, 6.041417019431172e-11, 2.5520586476692064e-10, 0.056388157081380445, 0.9984089221060508, 5.342406586561488e-10, 0.0, 0.0, 0.0, 1.0], "right_foot_pose": [0.9999999999999999, -3.140476433253575e-11, -2.5979141060616924e-10, 3.9094847802053894e-11, 1.0249360942403296e-11, 0.996711260534547, -0.08103495001315701, -0.14000000000294505, 2.614819883830179e-10, 0.08103495001315685, 0.9967112605345466, 5.012716075558643e-10, 0.0, 0.0, 0.0, 1.0]}, {"left_foot_pose": [1.0000000000000004, -3.344887618907776e-11, -3.2105051950281847e-10, 8.313071840658798e-11, 1.0850224019557506e-11, 0.9975375612835641, -0.07013425574168833, 8.39112217210225e-11, 3.2260569905273785e-10, 0.07013425574168815, 0.9975375612835644, 6.834814381129206e-10, 0.0, 0.0, 0.0, 1.0], "right_foot_pose": [1.0, -4.6490326145503474e-11, -3.291073524813723e-10, 5.414598054742668e-11, 1.5058030341402523e-11, 0.9954895918520943, -0.09487082014060304, -0.1399999999947625, 3.3203330404399095e-10, 0.09487082014060291, 0.9954895918520942, 6.374237249140435e-10, 0.0, 0.0, 0.0, 1.0]}, {"left_foot_pose": [1.0000000000000004, -5.082341227734461e-11, -4.0030628811749037e-10, 1.0884832182035244e-10, 1.6412492208790134e-11, 0.9963383884719363, -0.08549745994557932, 1.1452475599804668e-10, 4.031858396892791e-10, 0.08549745994557913, 0.9963383884719363, 8.67187460729113e-10, 0.0, 0.0, 0.0, 1.0], "right_foot_pose": [1.0, -6.759084362938994e-11, -4.121336050211251e-10, 7.422557819851825e-11, 2.1697754267954648e-11, 0.9938924133247758, -0.11035339023089805, -0.13999999998139798, 4.170752117061887e-10, 0.11035339023089788, 0.9938924133247761, 8.024680434037812e-10, 0.0, 0.0, 0.0, 1.0]}, {"left_foot_pose": [1.0000000000000002, -7.417171696301417e-11, -4.877169779149414e-10, 1.4024240761529827e-10, 2.3784846889737697e-11, 0.994731844905613, -0.10251125172719451, 1.5161967514831787e-10, 4.927508097121898e-10, 0.10251125172719434, 0.9947318449056132, 1.080253310414836e-09, 0.0, 0.0, 0.0, 1.0], "right_foot_pose": [0.9999999999999998, -9.54176792424492e-11, -5.045487916355279e-10, 9.973311247112991e-11, 3.029749791911964e-11, 0.9918356952223004, -0.12752236542229073, -0.13999999996167156, 5.125971976184194e-10, 0.12752236542229056, 0.9918356952223005, 9.90101195474935e-10, 0.0, 0.0, 0.0, 1.0]}, {"left_foot_pose": [1.0000000000000002, -1.0138537439296111e-10, -5.656666801634439e-10, 1.7434696869589268e-10, 3.218879684383979e-11, 0.9926511680875325, -0.12101098501565087, 1.8901515075331332e-10, 5.737781795232713e-10, 0.1210109850156507, 0.9926511680875326, 1.2890681161392692e-09, 0.0, 0.0, 0.0, 1.0], "right_foot_pose": [0.9999999999999998, -1.272390277564804e-10, -5.882658804523536e-10, 1.2835130080622035e-10, 3.9856824371987135e-11, 0.9892524620215364, -0.14621753104306157, -0.1399999999368648, 6.005477554191548e-10, 0.14621753104306145, 0.9892524620215363, 1.1682425235526317e-09, 0.0, 0.0, 0.0, 1.0]}, {"left_foot_pose": [1.0000000000000002, -1.2153835986669936e-10, -5.861609531088141e-10, 1.9970639547761537e-10, 3.807274828461288e-11, 0.9901030608576301, -0.14034218496358503, 2.067515707249168e-10, 5.974164086538111e-10, 0.14034218496358483, 0.9901030608576301, 1.3866463255407524e-09, 0.0, 0.0, 0.0, 1.0], "right_foot_pose": [1.0, -1.4985487129595088e-10, -6.129396989962279e-10, 1.4981093629656529e-10, 4.616723864263212e-11, 0.9861624940185985, -0.16578158942119608, -0.13999999991637013, 6.293008972021598e-10, 0.16578158942119592, 0.9861624940185985, 1.2412696148711433e-09, 0.0, 0.0, 0.0, 1.0]}, {"left_foot_pose": [0.9999999979011716, -6.392403092658147e-05, 1.055348758383213e-05, -3.1987709197882885e-05, 6.478878894704526e-05, 0.9873043417705076, -0.1588399588375636, -4.758935018996796e-06, -2.658136713189934e-07, 0.15883995918793317, 0.9873043438398851, 0.00016386118704694863, 0.0, 0.0, 0.0, 1.0], "right_foot_pose": [0.9999999999999998, -1.3159959041806266e-10, -4.852981905223422e-10, 1.4085576932211638e-10, 3.985226505847363e-11, 0.9828506727845788, -0.18440324022885454, -0.1399999999897425, 5.012429653056853e-10, 0.18440324022885443, 0.9828506727845789, 9.696612054965748e-10, 0.0, 0.0, 0.0, 1.0]}, {"left_foot_pose": [0.9999983265656869, -0.00180008064438061, 0.0003264590329825414, -0.00090338323235241, 0.001829443511141274, 0.984094357092901, -0.1776371286481243, -0.00013438440141286603, -1.5053351773999952e-06, 0.17763742862241721, 0.9840960034214904, 0.0041912091982879845, 0.0, 0.0, 0.0, 1.0], "right_foot_pose": [1.0, -8.671663010488085e-11, -2.886426098136491e-10, 1.4228365516688573e-10, 2.722994968586068e-11, 0.9797917735868369, -0.20002020000880094, -0.14000000017935973, 3.001546435432683e-10, 0.20002020000880072, 0.9797917735868373, 5.256040186418787e-10, 0.0, 0.0, 0.0, 1.0]}, {"left_foot_pose": [0.9999839031451203, -0.005563134523162421, 0.0011157889265391804, -0.0028018592012678495, 0.005673926607434673, 0.9805524092010847, -0.19617537910452304, -0.0004167853007885705, -2.7394959872633e-06, 0.1961785522023929, 0.9805681902082433, 0.011469802411194954, 0.0, 0.0, 0.0, 1.0], "right_foot_pose": [1.0, -3.7581919111465486e-11, -1.018358175564058e-10, 1.1740576075800256e-10, 1.517983335845297e-11, 0.9773510119992995, -0.2116246661992525, -0.14000000019545378, 1.0748238246045939e-10, 0.21162466619925235, 0.9773510119992999, 2.3392822401380187e-10, 0.0, 0.0, 0.0, 1.0]}, {"left_foot_pose": [0.9999378184061661, -0.010898953277643255, 0.002360537771280464, -0.005506959937607387, 0.011151650390051745, 0.977351814397265, -0.21132693057902716, -0.0008191666998606136, -3.833531025896275e-06, 0.21134011382562132, 0.9774125824202791, 0.01912092666753413, 0.0, 0.0, 0.0, 1.0], "right_foot_pose": [1.0, -2.243273955858854e-12, 2.7896684962058784e-11, 4.587242392188176e-11, 8.28917018113466e-12, 0.9757997387237171, -0.21866611513155335, -0.14000000010816785, -2.673135330686186e-11, 0.21866611513155323, 0.9757997387237172, 6.368084531915841e-11, 0.0, 0.0, 0.0, 1.0]}, {"left_foot_pose": [0.9998412857460331, -0.01738496111235734, 0.0038944120020534215, -0.00879822922021663, 0.017815815914998593, 0.975717451825234, -0.21830723970348878, -0.0013087384628041217, -4.5828822100967534e-06, 0.21834197336012914, 0.9758723188246518, 0.024265878075641706, 0.0, 0.0, 0.0, 1.0], "right_foot_pose": [0.9999999999999998, 6.9721460785897265e-12, 7.361294906971235e-11, -5.0004301783290697e-11, 9.452466978489977e-12, 0.9753229701404479, -0.220782933933797, -0.14000000002196253, -7.333594103431838e-11, 0.2207829339337968, 0.9753229701404478, 7.72280156491334e-12, 0.0, 0.0, 0.0, 1.0]}, {"left_foot_pose": [0.999681938973676, -0.024638758410754143, 0.005380750301677029, -0.012455201470036389, 0.025219454133813258, 0.9767041166176068, -0.21310337330838783, -0.0018527123390233054, -4.798438677324167e-06, 0.21317129301619853, 0.9770148411415143, 0.025000001544194864, 0.0, 0.0, 0.0, 1.0], "right_foot_pose": [0.9999999999999997, -1.451347048207512e-11, 2.342137594979486e-11, -1.4918128328714065e-10, 1.926530753048383e-11, 0.9760043813723883, -0.21775088413575286, -0.1400000000133214, -1.9699265403923224e-11, 0.21775088413575266, 0.9760043813723881, 1.0753418294706663e-10, 0.0, 0.0, 0.0, 1.0]}, {"left_foot_pose": [0.9994581338707117, -0.032239771862362855, 0.006635943786540147, -0.016257414143122886, 0.03291562879157243, 0.9789642527480813, -0.2013592640596587, -0.0024182913968157603, -4.575014612136811e-06, 0.20146858055700556, 0.9794949775406796, 0.02500000187568735, 0.0, 0.0, 0.0, 1.0], "right_foot_pose": [1.0, -6.106925734355168e-11, -1.149222383922673e-10, -2.564727711602043e-10, 3.559636312902623e-11, 0.9777390781625476, -0.20982443860011163, -0.13999999998487658, 1.2517754297147642e-10, 0.2098244386001115, 0.9777390781625475, 3.6350138177265734e-10, 0.0, 0.0, 0.0, 1.0]}, {"left_foot_pose": [0.9991812546629498, -0.03976475153091932, 0.007455525860624073, -0.019984412312076164, 0.040457636045257775, 0.9820872005703678, -0.1840323617233892, -0.0029726828280759697, -3.9753836617499325e-06, 0.18418331903715668, 0.982891909099192, 0.02491027096780799, 0.0, 0.0, 0.0, 1.0], "right_foot_pose": [1.0, -1.2894206562028627e-10, -3.5121849872865513e-10, -3.263964267695725e-10, 5.7261516462827916e-11, 0.9804227964037248, -0.19690388592381974, -0.14000000000061075, 3.697316784597077e-10, 0.1969038859238196, 0.9804227964037249, 7.794312348319288e-10, 0.0, 0.0, 0.0, 1.0]}, {"left_foot_pose": [0.9988760236816178, -0.04681161605408328, 0.007440558877267312, -0.023415734209088348, 0.04739925426615119, 0.9865022716421066, -0.1567372921163856, -0.0034830983916070805, -3.0022948024208424e-06, 0.15691380005394506, 0.987612302142707, 0.021163833846109863, 0.0, 0.0, 0.0, 1.0], "right_foot_pose": [0.9999999999999999, -2.1054385317096277e-10, -7.024997805693531e-10, -2.5693142603912615e-10, 8.175573491599364e-11, 0.9839373122264528, -0.17851432886069382, -0.1400000003083014, 7.288006563511959e-10, 0.17851432886069366, 0.983937312226453, 1.400825656860949e-09, 0.0, 0.0, 0.0, 1.0]}, {"left_foot_pose": [0.9985788151814758, -0.052894591997335164, 0.006520123326745861, -0.026330917563908988, 0.05329493284754296, 0.9910820069559159, -0.12213150953382444, -0.003916736175806689, -1.8805454612960699e-06, 0.12230542762146793, 0.9924925099822138, 0.013996812249893374, 0.0, 0.0, 0.0, 1.0], "right_foot_pose": [0.9999999999999999, -2.763361040480591e-10, -1.1248819098419442e-09, -1.1356664848965383e-10, 9.914927961133219e-11, 0.9879827957166836, -0.15456388765764903, -0.14000000056532458, 1.1540754522361777e-09, 0.15456388765764884, 0.9879827957166833, 2.2386421813513913e-09, 0.0, 0.0, 0.0, 1.0]}, {"left_foot_pose": [0.9983339828055446, -0.05748984532404598, 0.004916956399699517, -0.02850950979816542, 0.05769972941744968, 0.9947038177345645, -0.08505913360384294, -0.00424080032562121, -8.788681334172988e-07, 0.0852011306785333, 0.9963637725902764, 0.006287910472469571, 0.0, 0.0, 0.0, 1.0], "right_foot_pose": [1.0, -2.995565943786245e-10, -1.5732042335514486e-09, 7.991091332024154e-11, 1.0003691649073899e-10, 0.9921160436665513, -0.12532260729585032, -0.14000000062607826, 1.5983422803593003e-09, 0.12532260729585015, 0.9921160436665514, 3.1762823690661968e-09, 0.0, 0.0, 0.0, 1.0]}, {"left_foot_pose": [0.9981882029556014, -0.060100095497106265, 0.0028792362714308677, -0.029731052445678117, 0.06016902425860327, 0.9970448432195036, -0.04776263318918048, -0.004422498415116051, -1.8886097815568716e-07, 0.0478493378285974, 0.9988545644233351, 0.0009158369944027162, 0.0, 0.0, 0.0, 1.0], "right_foot_pose": [1.0, -2.5359277918745183e-10, -1.9382098703779588e-09, 2.8355002628499554e-10, 7.511132184114467e-11, 0.9958017251896366, -0.09153646327744815, -0.14000000037356689, 1.953285458446961e-09, 0.09153646327744801, 0.9958017251896367, 3.955060869087479e-09, 0.0, 0.0, 0.0, 1.0]}, {"left_foot_pose": [0.9981657053599126, -0.06053724964807893, 0.0006826773726609132, -0.029915132100548282, 0.060541098795355644, 0.9981022425158664, -0.011255613774943446, -0.004449875573125062, 2.0844680442685166e-09, 0.011276297701188619, 0.9999364205339031, 4.2534559971385555e-09, 0.0, 0.0, 0.0, 1.0], "right_foot_pose": [0.9999999999999998, -1.6004561530462272e-10, -2.049075742416305e-09, 4.243264211446827e-10, 4.555883072324617e-11, 0.9984447056950954, -0.05575096115256117, -0.14000000014246217, 2.0548112735532444e-09, 0.05575096115256103, 0.9984447056950955, 4.203725520457446e-09, 0.0, 0.0, 0.0, 1.0]}, {"left_foot_pose": [0.9981657053621025, -0.060521514594078604, -0.0015397760279746231, -0.02991513203509636, 0.06054109875925305, 0.9978428140748462, 0.025386881655994637, -0.0044498757180856385, 1.9161575338635283e-09, -0.025433534367677015, 0.9996765153436233, 3.815961102660026e-09, 0.0, 0.0, 0.0, 1.0], "right_foot_pose": [0.9999999999999998, -4.503841092338542e-11, -1.867196897098466e-09, 4.652850179105011e-10, 8.662831684154194e-12, 0.9998103082799396, -0.019476844127634806, -0.14000000024614123, 1.86771973134138e-09, 0.01947684412763466, 0.9998103082799393, 3.891008668044371e-09, 0.0, 0.0, 0.0, 1.0]}, {"left_foot_pose": [0.9981657053633193, -0.06043542850392145, -0.003575418590296928, -0.029915132017239342, 0.06054109873919103, 0.9964234786757776, 0.05894935544274229, -0.004449875791087894, 1.4732531511195e-09, -0.05905768472612712, 0.9982545716773807, 2.8816161540268226e-09, 0.0, 0.0, 0.0, 1.0], "right_foot_pose": [0.9999999999979307, 2.0340630812836056e-06, 2.803793669457783e-08, -1.5967480806744648e-07, -2.0342563114717116e-06, 0.9999054124781297, 0.013753766495162321, -0.14000396260552236, -5.925612796968e-11, -0.01375376649519105, 0.9999054124801985, 3.740218653070643e-05, 0.0, 0.0, 0.0, 1.0]}, {"left_foot_pose": [0.9981657053631954, -0.060309520294614366, -0.00529021725730423, -0.02991513200367318, 0.06054109874123544, 0.994347578786759, 0.08722194634445685, -0.004449875532294976, 9.778591420594116e-10, -0.08738223116140267, 0.9961748569790628, 1.8575122828767832e-09, 0.0, 0.0, 0.0, 1.0], "right_foot_pose": [0.999999978105701, 0.0002090425074608203, 9.477716841675609e-06, -1.644629039740291e-05, -0.00020925724557368174, 0.998983926582073, 0.045067401101777996, -0.14040766980333388, -4.7084254784185394e-08, -0.04506740209833991, 0.9989839484536795, 0.0034929903022603986, 0.0, 0.0, 0.0, 1.0]}, {"left_foot_pose": [0.9981657053625244, -0.06017587033634324, -0.006639974954704377, -0.029915132001118075, 0.06054109875229824, 0.9921440369913197, 0.1094759572894085, -0.0044498755325095, 5.46286696885015e-10, -0.10967713750746565, 0.9939672658132005, 1.0349209336735221e-09, 0.0, 0.0, 0.0, 1.0], "right_foot_pose": [0.9999997458629033, 0.0007108149382952876, 5.4920412501763415e-05, -5.602691005164073e-05, -0.0007129334528736611, 0.9970434372405496, 0.07683668382642507, -0.14138893019894871, -1.413741825268096e-07, -0.07683670345397281, 0.9970436906185737, 0.010538497358639529, 0.0, 0.0, 0.0, 1.0]}, {"left_foot_pose": [0.9981657053618016, -0.06006124632713353, -0.0076073207642529264, -0.02991513203384092, 0.060541098764218676, 0.9902541836314266, 0.1254249861904677, -0.0044498756813426835, 2.218644369341957e-10, -0.12565547536852217, 0.9920739395377302, 4.444493037492059e-10, 0.0, 0.0, 0.0, 1.0], "right_foot_pose": [0.9999989473011486, 0.0014424588491138079, 0.00015719116701733369, -0.00011402237103700508, -0.0014509984577364713, 0.9941333442275184, 0.10815169207407621, -0.14282682951364595, -2.64615271344546e-07, -0.10815180630705526, 0.9941343907100546, 0.018295207792393825, 0.0, 0.0, 0.0, 1.0]}, {"left_foot_pose": [0.9981657053613784, -0.0599856353613192, -0.008182187404461987, -0.029915132107050695, 0.06054109877118947, 0.9890075543788459, 0.1349030494138362, -0.004449875857560313, 2.308779128034644e-11, -0.13515095608938069, 0.9908250193995544, 9.457677696556033e-11, 0.0, 0.0, 0.0, 1.0], "right_foot_pose": [0.9999972119250294, 0.0023395458031480894, 0.00032041785602191766, -0.00018555647746619147, -0.0023613856136089637, 0.9907708371853136, 0.135527015908624, -0.1446004515405763, -3.890061778635511e-07, -0.1355273946792589, 0.9907735994117428, 0.02388441687618901, 0.0, 0.0, 0.0, 1.0]}, {"left_foot_pose": [0.9981657053614577, -0.05996179336095678, -0.008355116827580517, -0.02991513219976359, 0.06054109876988225, 0.9886144615185186, 0.1377542080525533, -0.004449875930627232, -3.4426730428846816e-11, -0.1380073542003784, 0.9904312041664544, 9.134130951604646e-12, 0.0, 0.0, 0.0, 1.0], "right_foot_pose": [0.9999942809354163, 0.0033417942524453987, 0.000520103484285744, -0.0002657569680886896, -0.0033820254629279354, 0.9881204520136831, 0.15364418054727172, -0.1465888744737191, -4.77650511975633e-07, -0.15364506084950758, 0.9881261029222551, 0.02500000053980958, 0.0, 0.0, 0.0, 1.0]}, {"left_foot_pose": [0.9981657053620336, -0.05999217602358435, -0.008134092147873377, -0.02991513226344892, 0.06054109876038637, 0.989115393171034, 0.134110082965439, -0.004449875968207916, 4.9132743197519805e-11, -0.13435653243540882, 0.9909330563625044, 1.672767271920783e-10, 0.0, 0.0, 0.0, 1.0], "right_foot_pose": [0.9999900949186302, 0.004390577205659724, 0.0007299975543279733, -0.00034974522309447794, -0.00445084984690655, 0.9864674816832926, 0.16389660617921037, -0.14867118172998353, -5.181458776402372e-07, -0.16389823187949307, 0.986477252442502, 0.025000000141804354, 0.0, 0.0, 0.0, 1.0]}, {"left_foot_pose": [0.998165705362978, -0.060072864116762395, -0.007515027214757401, -0.02991513230166022, 0.06054109874481611, 0.990445731275334, 0.12390330407717219, -0.004449876000241581, 2.7582834107978437e-10, -0.12413099691567281, 0.9922658391805707, 5.940135883175657e-10, 0.0, 0.0, 0.0, 1.0], "right_foot_pose": [0.9999848430128292, 0.005428757408631608, 0.0009177895212037036, -0.0004326432989575105, -0.005505791891481599, 0.9860087910476044, 0.1666023716292454, -0.1507264608150698, -5.046769605193704e-07, -0.16660489959734015, 0.9860237357335296, 0.024992550066312777, 0.0, 0.0, 0.0, 1.0]}, {"left_foot_pose": [0.9981657053640257, -0.06019367986188553, -0.006476537641560711, -0.029915132402652506, 0.06054109872754005, 0.9924376704682776, 0.10678129798968314, -0.004449875749985219, 6.632629303585248e-10, -0.10697752633232877, 0.994261438888091, 1.346666791968154e-09, 0.0, 0.0, 0.0, 1.0], "right_foot_pose": [0.9999789735556502, 0.006404207902541483, 0.0010191014323611724, -0.0005095775594819918, -0.006484785764177978, 0.9875638661347275, 0.15708455639757318, -0.15263379221358098, -4.2559307775829177e-07, -0.15708786212235087, 0.9875846310942916, 0.021837792367381037, 0.0, 0.0, 0.0, 1.0]}, {"left_foot_pose": [0.998165705364545, -0.06033342387190674, -0.005010249294607815, -0.029915132423983495, 0.060541098718980314, 0.9947416873536028, 0.08260599740216769, -0.0044498754693699915, 1.1817535341183164e-09, -0.08275779966142818, 0.9965696897835095, 2.406550785039041e-09, 0.0, 0.0, 0.0, 1.0], "right_foot_pose": [0.9999731661796577, 0.007258550434039784, 0.0009901344489405264, -0.0005756666101473159, -0.007325770986169295, 0.9908030034464415, 0.1351138092164124, -0.15427226307386996, -2.9778729374650506e-07, -0.13511743709494872, 0.9908295908948239, 0.014923779092226114, 0.0, 0.0, 0.0, 1.0]}, {"left_foot_pose": [0.9981657053646273, -0.06046009739424493, -0.003130695931395043, -0.029915132544333423, 0.06054109871761885, 0.9968302051517918, 0.05161702687196529, -0.004449875334244338, 1.7956798654606578e-09, -0.051711881807917755, 0.9986620455789261, 3.7206787512067407e-09, 0.0, 0.0, 0.0, 1.0], "right_foot_pose": [0.9999682654169441, 0.00792260897290674, 0.0008369146254489355, -0.0006260310085199939, -0.007966690592872788, 0.9944372970820818, 0.10502853904097008, -0.15552096275499205, -1.5907220280591344e-07, -0.1050318734439484, 0.9944688560034595, 0.007129214574464131, 0.0, 0.0, 0.0, 1.0]}, {"left_foot_pose": [0.9981657053615073, -0.0605348050207294, -0.0008729382954833047, -0.029915132289427715, 0.06054109876906334, 0.9980619383444491, 0.01439244899092012, -0.0044498753437584495, 2.393808840295188e-09, -0.014418897642467616, 0.999896042291786, 4.998813328549456e-09, 0.0, 0.0, 0.0, 1.0], "right_foot_pose": [0.9999651758188248, 0.00832538707292583, 0.0005788607017238047, -0.0006557945701366488, -0.008345486781733536, 0.9975571741962347, 0.06935443071641903, -0.15625897680488382, -4.416492836044407e-08, -0.06935684637949335, 0.9975919144922382, 0.0013328067324882217, 0.0, 0.0, 0.0, 1.0]}, {"left_foot_pose": [0.9981657053516836, -0.06051907618391115, 0.001632812794906277, -0.02991513077855241, 0.060541098931034334, 0.9978026063098939, -0.026920887455777705, -0.004449875129056152, 2.3765009324141833e-09, 0.02697035889694172, 0.9996362337075281, 5.562928451219307e-09, 0.0, 0.0, 0.0, 1.0], "right_foot_pose": [0.999964536369, 0.008418156622223618, 0.0002462588368800097, -0.0006617842374548639, -0.008421757793419532, 0.9995369402782427, 0.029240024194205787, -0.1564075816845886, 2.2989727164896912e-09, -0.02924106116905617, 0.9995723887451612, 5.7911865095072734e-09, 0.0, 0.0, 0.0, 1.0]}, {"left_foot_pose": [0.998165705346226, -0.060397984223859454, 0.004160309167199208, -0.029915129641478508, 0.06054109902101462, 0.9958061116651885, -0.06859273503503666, -0.0044498747501053905, 1.633403766098184e-09, 0.06871878543712333, 0.9976360701819316, 5.488644920503827e-09, 0.0, 0.0, 0.0, 1.0], "right_foot_pose": [0.999964536368981, 0.008421131853258148, -0.0001026775452661041, -0.000661783221217788, -0.00842175779563015, 0.9998902168529042, -0.012191318119204736, -0.15640758104974542, 1.5756550630213721e-09, 0.012191750496214456, 0.9999256778480277, 5.7198171060646175e-09, 0.0, 0.0, 0.0, 1.0]}, {"left_foot_pose": [0.9981657053537077, -0.060187407335761486, 0.0065345737378438, -0.0299151321689814, 0.06054109889765986, 0.9923342449912875, -0.10773820845844961, -0.004449875336636322, 2.1416306188745753e-09, 0.10793619511438976, 0.994157823378275, 5.131239273759025e-09, 0.0, 0.0, 0.0, 1.0], "right_foot_pose": [0.9999645363696714, 0.008410563315353491, -0.00043408260296784224, -0.0006617859142311062, -0.008421757713670215, 0.9986353729121181, -0.05154091545255323, -0.1564075816196618, 2.109344220298008e-09, 0.051542743363090594, 0.9986707894028974, 4.4826158757116374e-09, 0.0, 0.0, 0.0, 1.0]}, {"left_foot_pose": [0.9983288640714317, -0.05720704491735917, 0.008175155880423753, -0.028908474780859002, 0.05778822680059463, 0.9882830484433792, -0.1412697313747893, -0.004823174357845947, 2.255893215756316e-06, 0.14150607821321756, 0.9899373868198061, 0.0028444572561823547, 0.0, 0.0, 0.0, 1.0], "right_foot_pose": [0.9999645363699221, 0.008390563870304029, -0.0007241825907770528, -0.0006617863485937769, -0.00842175768390613, 0.9962607280525957, -0.0859862531898295, -0.15640758205675945, 1.525772988100483e-09, 0.08598930269545287, 0.9962960603264223, 3.175127355481422e-09, 0.0, 0.0, 0.0, 1.0]}, {"left_foot_pose": [0.9987459679198646, -0.049350026046375804, 0.00843009448557708, -0.026085031122590155, 0.05006487331170437, 0.984468934573273, -0.16826890776506792, -0.005870180302064331, 4.908844433011783e-06, 0.16847994476906705, 0.985705081749362, 0.009617036829869821, 0.0, 0.0, 0.0, 1.0], "right_foot_pose": [0.9999645363699312, 0.008366699677252924, -0.0009614254931466465, -0.0006617866145715832, -0.008421757682824537, 0.9934271902221224, -0.11415555932547003, -0.1564075821207412, 9.44899367859213e-10, 0.11415960784747704, 0.9934624220050353, 2.0128089611715083e-09, 0.0, 0.0, 0.0, 1.0]}, {"left_foot_pose": [0.9992631605392955, -0.03769925009343954, 0.007204341150383491, -0.021815902882025038, 0.03838145300003799, 0.9814657905439139, -0.18775453671647246, -0.007453279713467903, 7.390853342715871e-06, 0.18789270484615284, 0.9821895598157075, 0.017439491347856946, 0.0, 0.0, 0.0, 1.0], "right_foot_pose": [0.9999645363698124, 0.00834367587001708, -0.0011441484527427949, -0.0006617867742506804, -0.008421757696931072, 0.990693431697189, -0.13585138346495262, -0.15640758194306434, 4.468936724725143e-10, 0.13585620142276716, 0.990728566528177, 1.1096829913292972e-09, 0.0, 0.0, 0.0, 1.0]}, {"left_foot_pose": [0.9997179175358577, -0.023288214408344766, 0.004663092047151544, -0.016472334986721966, 0.023750479448088762, 0.9801842094978099, -0.19665917262395974, -0.009434806490708082, 9.15178538160081e-06, 0.19671444919177983, 0.9804608229783693, 0.023433115177791716, 0.0, 0.0, 0.0, 1.0], "right_foot_pose": [0.999964536369659, 0.008325086831584092, -0.001272372688875085, -0.0006617868342470548, -0.00842175771515714, 0.988486238265502, -0.15107624153620103, -0.156407581683604, 6.391956263694306e-11, 0.15108159943872687, 0.9885212948192043, 4.986019166985933e-10, 0.0, 0.0, 0.0, 1.0]}, {"left_foot_pose": [0.9999741637845396, -0.007057341341452083, 0.0013659050487591323, -0.010425569503363622, 0.007188300866701311, 0.9814980477105784, -0.1913371648973974, -0.011677097348058427, 9.69854527141054e-06, 0.19134204000562505, 0.9815234198084248, 0.025000003466737843, 0.0, 0.0, 0.0, 1.0], "right_foot_pose": [0.9999645363695475, 0.008313476025912595, -0.0013461499181685545, -0.000661786763658012, -0.008421757728384691, 0.9871076133519978, -0.15983627141324128, -0.15640758155119666, -1.7752809969194152e-10, 0.15984193998725577, 0.9871426210133523, 1.8899116299708751e-10, 0.0, 0.0, 0.0, 1.0]}, {"left_foot_pose": [0.999947107756667, 0.010121191523205052, -0.0018284340917273632, -0.004046865529158638, -0.010285018471948943, 0.9841769923231123, -0.17688941793353574, -0.014042480623982646, 9.17108772351637e-06, 0.1768988673338073, 0.9842290336359257, 0.025000004348716957, 0.0, 0.0, 0.0, 1.0], "right_foot_pose": [0.9999645363695243, 0.008309910748997193, -0.00136798633984147, -0.0006617865406441738, -0.008421757731156283, 0.9866842851628355, -0.1624290473081156, -0.1564075815755571, -2.6233623403739795e-10, 0.1624348078339369, 0.9867192778110458, 7.84962095323749e-11, 0.0, 0.0, 0.0, 1.0]}, {"left_foot_pose": [0.9996177346748972, 0.02730458439741296, -0.0043409900151932905, 0.0022925300868308096, -0.027647503721377083, 0.9872636329078995, -0.1566720609281493, -0.01639328670643991, 7.836062487177155e-06, 0.15673218816944334, 0.9876411398530419, 0.02500000479346203, 0.0, 0.0, 0.0, 1.0], "right_foot_pose": [0.9999645363695971, 0.00831453093804829, -0.001339618757915766, -0.0006617862994819758, -0.00842175772249003, 0.9872328695381933, -0.15906079120967578, -0.15640758159651416, -1.990790907332208e-10, 0.1590664322811843, 0.9872678816417231, 1.93960861261111e-10, 0.0, 0.0, 0.0, 1.0]}, {"left_foot_pose": [0.99903689483446, 0.043538345714413305, -0.005449331332693514, 0.008221376134358704, -0.043878043805088085, 0.991318315654887, -0.12394641712852178, -0.0185918537953427, 5.599999166790544e-06, 0.12406614969285923, 0.992273949304843, 0.02245972557808732, 0.0, 0.0, 0.0, 1.0], "right_foot_pose": [0.999964536369707, 0.008332589608477374, -0.0012222738373222006, -0.0006617862681553469, -0.008421757709451513, 0.9893770895109816, -0.1451276980726379, -0.1564075817590992, 1.828927783110805e-10, 0.14513284501172055, 0.9894121776584338, 6.989776743515641e-10, 0.0, 0.0, 0.0, 1.0]}, {"left_foot_pose": [0.9983189568044204, 0.057727926986117166, -0.005171743499102175, 0.013368406373286313, -0.05795912761477983, 0.994341752471228, -0.0890236980729405, -0.02050050460001096, 3.3269518399687448e-06, 0.08917379513250476, 0.9960160813212801, 0.015838563192691543, 0.0, 0.0, 0.0, 1.0], "right_foot_pose": [0.9999645363699055, 0.008351949814152831, -0.001082098342057961, -0.0006617862179079849, -0.00842175768589968, 0.9916758474814156, -0.128483802556963, -0.15640758195512522, 5.195310497531865e-10, 0.1284883592249449, 0.9917110171535263, 1.3460692491196191e-09, 0.0, 0.0, 0.0, 1.0]}, {"left_foot_pose": [0.9976250942769536, 0.06878000304813697, -0.003671845530319038, 0.017362372986772512, -0.06887794470586568, 0.9962076046746459, -0.053162365649973155, -0.02198156710873553, 1.4127690430072462e-06, 0.05328901921694593, 0.9985791307797801, 0.007998177970762695, 0.0, 0.0, 0.0, 1.0], "right_foot_pose": [0.9999645363700453, 0.008374315101267247, -0.000892663892442016, -0.0006617862095887564, -0.00842175766928616, 0.994331414573871, -0.1059910939149366, -0.15640758201889549, 9.32539117026542e-10, 0.10599485288498561, 0.9943666784249613, 2.149431278797298e-09, 0.0, 0.0, 0.0, 1.0]}, {"left_foot_pose": [0.9971362876008251, 0.07561246334826503, -0.0014068887848321906, 0.0198320328013999, -0.07562555090436837, 0.9969637842364053, -0.018546939678504393, -0.02289737424487176, 2.3737026218762175e-07, 0.018600223316794243, 0.9998270008819077, 0.0018172764078966466, 0.0, 0.0, 0.0, 1.0], "right_foot_pose": [0.9999645363700241, 0.008395865207983766, -0.0006598861202455241, -0.0006617862615635924, -0.008421757671788115, 0.9968901851345126, -0.07835198006556926, -0.1564075818404348, 1.3331700884587452e-09, 0.0783547588209359, 0.9969255397320871, 2.989199388014896e-09, 0.0, 0.0, 0.0, 1.0]}, {"left_foot_pose": [0.9970044247789587, 0.07733653093881211, 0.0011126336005168546, 0.020461387589928458, -0.07734453420364484, 0.9969012589448818, 0.014342347887706608, -0.023130748772687885, 1.5940529679914623e-09, -0.014385440433334097, 0.9998965241981493, 3.2856242726531093e-09, 0.0, 0.0, 0.0, 1.0], "right_foot_pose": [0.9999645363694245, 0.008412326645968903, -0.0003984518584354998, -0.0006617870217124616, -0.008421757743010993, 0.9988447355928096, -0.047310338986830514, -0.15640758120828027, 1.515896719736364e-09, 0.04731201685547011, 0.9988801595091714, 3.6506266273828025e-09, 0.0, 0.0, 0.0, 1.0]}, {"left_foot_pose": [0.9970044247780898, 0.0772578551688636, 0.0036607086223772413, 0.020461386061511405, -0.07734453421484289, 0.9958870938177519, 0.04718812768400889, -0.02313074865154972, 1.0630478431204227e-09, -0.04732990790124451, 0.9988793119381647, 3.0910619411295137e-09, 0.0, 0.0, 0.0, 1.0], "right_foot_pose": [0.9999645363687093, 0.008420782475880725, -0.00012816944065639822, -0.0006617885496989819, -0.008421757827889375, 0.999848728872348, -0.015218191989813765, -0.15640758059407395, 9.678979156811678e-10, 0.01521873170945413, 0.9998841883964138, 3.926528498177095e-09, 0.0, 0.0, 0.0, 1.0]}, {"left_foot_pose": [0.9970044247763865, 0.07710677178917513, 0.0060599274384895135, 0.020461387693762805, -0.07734453423680074, 0.9939395629100318, 0.07811509653010944, -0.023130749028390237, 1.2919577017676075e-09, -0.07834979914759252, 0.9969259295321459, 2.620993179436315e-09, 0.0, 0.0, 0.0, 1.0], "right_foot_pose": [0.9999645363692149, 0.008420793715377113, 0.00012742489425639363, -0.0006617869287859457, -0.008421757767865825, 0.9998500666021679, 0.015130046653599278, -0.156407581417375, 1.2127647356366346e-09, -0.01513058322880418, 0.9998855261734496, 3.0242850029837953e-09, 0.0, 0.0, 0.0, 1.0]}, {"left_foot_pose": [0.9970044247753651, 0.07691769466190829, 0.008114507147219977, 0.020461388403370334, -0.07734453424997005, 0.9915022771135675, 0.10459951003836594, -0.02313074897562053, 8.60793109875764e-10, -0.10491378711355595, 0.9944813207262834, 1.9487686880870214e-09, 0.0, 0.0, 0.0, 1.0], "right_foot_pose": [0.9999440631199765, 0.010566702141399447, 0.0004641518793389632, -0.0002058338436871039, -0.01057689135458032, 0.9989833431184701, 0.04382247757850023, -0.15673961139537643, -6.209284664758818e-07, -0.04382493556982954, 0.9990392259675868, 0.0022503008496401744, 0.0, 0.0, 0.0, 1.0]}, {"left_foot_pose": [0.997004424776192, 0.07672599524632194, 0.009762101728434532, 0.02046138854372902, -0.07734453423930407, 0.9890311895188966, 0.12583770969841512, -0.02313074901131594, 4.3145011347812994e-10, -0.12621579858440446, 0.9920028085583742, 1.2997553033855525e-09, 0.0, 0.0, 0.0, 1.0], "right_foot_pose": [0.999841961081831, 0.017727609248875488, 0.0013359380065295513, 0.001317724967166353, -0.01777787545565445, 0.9970237226065604, 0.07501762262322015, -0.15784910398248758, -2.0787837976355423e-06, -0.0750295170587939, 0.9971813132854038, 0.008710107821331484, 0.0, 0.0, 0.0, 1.0]}, {"left_foot_pose": [0.9970044247773728, 0.07656386540397563, 0.010961363452706128, 0.020461388432968002, -0.07734453422408313, 0.9869412666427112, 0.14129670634286554, -0.023130749193403702, 7.631509258844503e-11, -0.1417212429810166, 0.9899066063462333, 7.76270062119444e-10, 0.0, 0.0, 0.0, 1.0], "right_foot_pose": [0.9995777728614016, 0.028886553263204974, 0.003137362269781831, 0.0037044136196183203, -0.02905642759235026, 0.9937491878431244, 0.10778810545093143, -0.1595871578219683, -4.124358317127841e-06, -0.10783375492721499, 0.9941689400103422, 0.016558461405833745, 0.0, 0.0, 0.0, 1.0]}, {"left_foot_pose": [0.9970044247782324, 0.07645594335950895, 0.011690410498956283, 0.020461388125046706, -0.07734453421300368, 0.9855501055086493, 0.1506944344004265, -0.023130749387508052, -1.5957381008220884e-10, -0.15114720724147906, 0.9885112653597339, 4.3072521938025687e-10, 0.0, 0.0, 0.0, 1.0], "right_foot_pose": [0.999058141700594, 0.04297103707638335, 0.00602656405715517, 0.006739087139267632, -0.04339158284020479, 0.9893957133269798, 0.1386120232476908, -0.16179709499059217, -6.354254030908644e-06, -0.1387429725167256, 0.9903284240780158, 0.022916655618911007, 0.0, 0.0, 0.0, 1.0]}, {"left_foot_pose": [0.9970044247791023, 0.07643809134327374, 0.011806572859638464, 0.020461387754944337, -0.07734453420179456, 0.9853199853601651, 0.15219181804207663, -0.023130749337886954, -1.0801390209126289e-10, -0.1526490898814748, 0.9882804537975839, 2.818535682624912e-10, 0.0, 0.0, 0.0, 1.0], "right_foot_pose": [0.9982127614216538, 0.058992674118174465, 0.009547111361212965, 0.010206601871599528, -0.059760211431777274, 0.9854135644935549, 0.15933870854797205, -0.16432223253714254, -8.036529288606281e-06, -0.15962446965454025, 0.9871778100336946, 0.025000004380499652, 0.0, 0.0, 0.0, 1.0]}, {"left_foot_pose": [0.9970044247781867, 0.07648202059789529, 0.011518571872465995, 0.020461387635236212, -0.07734453421359527, 0.9858862520910803, 0.1484793620847226, -0.023130749337866637, -2.3461555286670235e-11, -0.1489254795629927, 0.9888484219216482, 4.312780618742629e-10, 0.0, 0.0, 0.0, 1.0], "right_foot_pose": [0.9970203736804849, 0.07597991886939028, 0.013320149947628908, 0.013891792935703057, -0.07713866984741759, 0.9820635048130743, 0.17204911545379076, -0.1670058863196848, -8.955308474913695e-06, -0.17256397203026366, 0.9849983124233974, 0.025000004257544194, 0.0, 0.0, 0.0, 1.0]}, {"left_foot_pose": [0.9970044247766822, 0.07659493860167561, 0.010742083425642007, 0.02046138754008483, -0.07734453423298804, 0.9873418132297066, 0.13847009378403044, -0.023130749344548236, 2.0421764282381325e-10, -0.13888613764116875, 0.9903083564078006, 8.311142954409156e-10, 0.0, 0.0, 0.0, 1.0], "right_foot_pose": [0.9955243337875974, 0.093004037190688, 0.016779448828638407, 0.017579515189598736, -0.09450555939552938, 0.9797240601563857, 0.1766620083493447, -0.1696913832614098, -8.949738875792474e-06, -0.1774570793654597, 0.9841285408436149, 0.025000003703849666, 0.0, 0.0, 0.0, 1.0]}, {"left_foot_pose": [0.9970044247749098, 0.07676494373062355, 0.00945094668731863, 0.020461387354659282, -0.0773445342558367, 0.9895332518427737, 0.12182678900067279, -0.02313074909225185, 5.940238859298388e-10, -0.12219282675959753, 0.9925063793691706, 1.5278311255029209e-09, 0.0, 0.0, 0.0, 1.0], "right_foot_pose": [0.9938377217020468, 0.1092143119227664, 0.018942465344345426, 0.02105462475757533, -0.1108448594229