{"LoopMode": "Wrap", "FrameDuration": 0.0167, "EnableCycleOffsetPosition": true, "EnableCycleOffsetRotation": false, "Debug_info": [{"left_foot_pose": [1.0000000000000007, 9.578493964191632e-14, -7.855660566491455e-12, 1.496888809035531e-12, -1.8729153838954798e-14, 0.9999523063872373, 0.009766521942107831, -6.540427921475356e-14, 7.855840535089834e-12, -0.009766521942108001, 0.9999523063872375, 1.671245086765083e-11, 0.0, 0.0, 0.0, 1.0], "right_foot_pose": [0.9999999999999999, -1.6935177741385865e-13, -7.915390565216283e-12, 1.7702649302882957e-12, 5.320321034665068e-14, 0.9998922528402813, -0.01467932934391934, -0.14000000000210966, 7.916926637732485e-12, 0.01467932934391919, 0.9998922528402814, 1.3767702256028969e-11, 0.0, 0.0, 0.0, 1.0]}, {"left_foot_pose": [1.0000000000000004, 1.521850698062099e-13, -1.755207090781142e-11, 2.9378956598707157e-12, -3.069917468928876e-14, 0.9999761778818833, 0.00690243933263816, 7.212373059894972e-13, 1.7552446027797608e-11, -0.0069024393326383325, 0.9999761778818836, 3.6342519271759244e-11, 0.0, 0.0, 0.0, 1.0], "right_foot_pose": [1.0000000000000002, -4.562984154638059e-13, -1.7661039297678368e-11, 3.732619072385894e-12, 1.4643778173952617e-13, 0.9998460823639778, -0.01754455988065808, -0.1400000000038296, 1.7666101515104894e-11, 0.01754455988065793, 0.9998460823639779, 3.175278789901981e-11, 0.0, 0.0, 0.0, 1.0]}, {"left_foot_pose": [1.0000000000000004, 9.503302557520943e-14, -3.085109945288878e-11, 4.771619669365552e-12, -4.81941282565169e-15, 0.9999957559025175, 0.0029134476061204793, 2.1637830416310067e-12, 3.085090380824557e-11, -0.002913447606120653, 0.9999957559025177, 6.314404554785824e-11, 0.0, 0.0, 0.0, 1.0], "right_foot_pose": [1.0, -9.8944675338827e-13, -3.104366763651e-11, 6.336767914165474e-12, 3.2071674184772613e-13, 0.9997680656853664, -0.02153636078220538, -0.1400000000058085, 3.1057429914149377e-11, 0.021536360782205225, 0.9997680656853662, 5.670348912634182e-11, 0.0, 0.0, 0.0, 1.0]}, {"left_foot_pose": [1.0000000000000009, -2.0510298026813776e-13, -4.756312010911757e-11, 6.9353727155133646e-12, 1.0178525344451305e-13, 0.9999976255629199, -0.002179189877716308, 4.388468755056607e-12, 4.7563030861296106e-11, 0.0021791898777161335, 0.9999976255629202, 9.688566615650984e-11, 0.0, 0.0, 0.0, 1.0], "right_foot_pose": [1.0, -1.893220534835803e-12, -4.789935115212528e-11, 9.515916895889664e-12, 6.168319123970763e-13, 0.9996452352422621, -0.026634632669558022, -0.14000000000785887, 4.793264933820131e-11, 0.02663463266955787, 0.9996452352422625, 8.827786418530437e-11, 0.0, 0.0, 0.0, 1.0]}, {"left_foot_pose": [1.0000000000000002, -9.101882135390256e-13, -6.787026496368753e-11, 9.408226198977511e-12, 3.4279660834116976e-13, 0.9999650178248927, -0.008364396359747645, 7.602073484602734e-12, 6.787523352210473e-11, 0.008364396359747468, 0.9999650178248927, 1.381119871246561e-10, 0.0, 0.0, 0.0, 1.0], "right_foot_pose": [0.9999999999999998, -3.339587245836211e-12, -6.844197431021823e-11, 1.3268150147624864e-11, 1.0909169580442804e-12, 0.9994609577956723, -0.032829770668665686, -0.14000000000980242, 6.851452593826675e-11, 0.03282977066866555, 0.9994609577956723, 1.2684252259642648e-10, 0.0, 0.0, 0.0, 1.0]}, {"left_foot_pose": [1.0000000000000007, -2.234947969454602e-12, -9.236444942217757e-11, 1.2208956978107367e-11, 7.891782914272611e-13, 0.9998774750143826, -0.015653592522604613, 1.2124254725187633e-11, 9.238775398305058e-11, 0.01565359252260444, 0.9998774750143828, 1.8825053321736007e-10, 0.0, 0.0, 0.0, 1.0], "right_foot_pose": [0.9999999999999998, -5.5710089363974485e-12, -9.330902717152863e-11, 1.765895945958921e-11, 1.821625666171488e-12, 0.9991942656317712, -0.04013501624000701, -0.1400000000114428, 9.345725876305704e-11, 0.04013501624000688, 0.9991942656317709, 1.7357145581931022e-10, 0.0, 0.0, 0.0, 1.0]}, {"left_foot_pose": [1.0000000000000007, -4.4806495912571505e-12, -1.220585299499532e-10, 1.538940901398491e-11, 1.5399529100297996e-12, 0.9997099237700933, -0.02408460744116706, 1.8426172046503986e-11, 1.2213082407782294e-10, 0.02408460744116688, 0.9997099237700935, 2.496840303956027e-10, 0.0, 0.0, 0.0, 1.0], "right_foot_pose": [1.0, -8.936525107810329e-12, -1.2357814771490889e-10, 2.2816439784664955e-11, 2.921319164222106e-12, 0.9988187864987659, -0.04859044903201261, -0.14000000001252083, 1.2386635279134068e-10, 0.04859044903201246, 0.9988187864987661, 2.3048750408261043e-10, 0.0, 0.0, 0.0, 1.0]}, {"left_foot_pose": [1.0000000000000002, -8.08200548748767e-12, -1.5837875455559911e-10, 1.902454623337115e-11, 2.736886176865726e-12, 0.9994312484859796, -0.03372209290297211, 2.7176524919347855e-11, 1.5856089052727744e-10, 0.03372209290297192, 0.9994312484859795, 3.2581459752378805e-10, 0.0, 0.0, 0.0, 1.0], "right_foot_pose": [1.0, -1.3941543594864086e-11, -1.607665112146605e-10, 2.8920937660074215e-11, 4.551107684999644e-12, 0.9983012383888945, -0.05826351715438889, -0.1400000000126511, 1.6130555783103731e-10, 0.058263517154388746, 0.9983012383888946, 3.004786280902394e-10, 0.0, 0.0, 0.0, 1.0]}, {"left_foot_pose": [1.0000000000000002, -1.3667738914151159e-11, -2.0314483428762719e-10, 2.3200544851330702e-11, 4.582857538254443e-12, 0.9990024344824374, -0.04465574876949136, 3.929311390149515e-11, 2.0355223273786802e-10, 0.04465574876949118, 0.9990024344824376, 4.211601831172196e-10, 0.0, 0.0, 0.0, 1.0], "right_foot_pose": [0.9999999999999999, -2.1312837593743615e-11, -2.0682661139304046e-10, 3.619320983798459e-11, 6.939526570500577e-12, 0.9975995172854325, -0.06924740509125338, -0.14000000001124238, 2.078059168201674e-10, 0.06924740509125325, 0.9975995172854326, 3.8732334700641857e-10, 0.0, 0.0, 0.0, 1.0]}, {"left_foot_pose": [1.0000000000000007, -2.2127106668635423e-11, -2.584565339525109e-10, 2.799251154414507e-11, 7.360595954142408e-12, 0.9983744297174206, -0.05699559707921655, 5.597061529527547e-11, 2.592971537045116e-10, 0.056995597079216385, 0.9983744297174206, 5.413179002267121e-10, 0.0, 0.0, 0.0, 1.0], "right_foot_pose": [0.9999999999999999, -3.2068877391930915e-11, -2.640455076807767e-10, 4.486536276408552e-11, 1.0400851447243338e-11, 0.9966605355311784, -0.08165645666268334, -0.14000000000740123, 2.6578211047546453e-10, 0.0816564566626832, 0.9966605355311784, 4.955645893645055e-10, 0.0, 0.0, 0.0, 1.0]}, {"left_foot_pose": [1.0000000000000007, -3.463969477453573e-11, -3.2622160528461507e-10, 3.340306326701621e-11, 1.143648840520164e-11, 0.9974861813023059, -0.07086125959185494, 7.858689393680507e-11, 3.2785589548926674e-10, 0.07086125959185476, 0.997486181302306, 6.922744114068458e-10, 0.0, 0.0, 0.0, 1.0], "right_foot_pose": [0.9999999999999998, -4.754215101962209e-11, -3.3457442372153397e-10, 5.5092970150099686e-11, 1.533387694419968e-11, 0.9954183370396514, -0.09561555461960707, -0.13999999999984902, 3.375870357073882e-10, 0.09561555461960694, 0.9954183370396513, 6.297526736198655e-10, 0.0, 0.0, 0.0, 1.0]}, {"left_foot_pose": [1.0000000000000002, -5.2536327037712986e-11, -4.0685649294047633e-10, 3.921363175149199e-11, 1.7205193676224915e-11, 0.9962641901759087, -0.08635776382666105, 1.0825632924815753e-10, 4.0987322116312014e-10, 0.08635776382666088, 0.996264190175909, 8.780055224533179e-10, 0.0, 0.0, 0.0, 1.0], "right_foot_pose": [1.0, -6.919907997267846e-11, -4.1910241943554597e-10, 6.673646005513861e-11, 2.21504876950227e-11, 0.9937940364953238, -0.11123584416154239, -0.13999999998697732, 4.241986335813247e-10, 0.11123584416154224, 0.993794036495324, 7.921279326916775e-10, 0.0, 0.0, 0.0, 1.0]}, {"left_foot_pose": [1.0000000000000004, -7.659513986840673e-11, -4.958985444503114e-10, 4.4596856424022005e-11, 2.4848720894531346e-11, 0.994627401758974, -0.10351971633555265, 1.4442255724667064e-10, 5.011630351575115e-10, 0.10351971633555249, 0.9946274017589742, 1.0933168745341781e-09, 0.0, 0.0, 0.0, 1.0], "right_foot_pose": [1.0, -9.779114355856715e-11, -5.133136693480362e-10, 7.880563465831201e-11, 3.0989002254946493e-11, 0.9917019552673567, -0.1285582821871149, -0.1399999999674204, 5.216261523283843e-10, 0.12855828218711468, 0.9917019552673568, 9.761468716673605e-10, 0.0, 0.0, 0.0, 1.0]}, {"left_foot_pose": [1.0000000000000004, -1.0469819346453761e-10, -5.756172205551006e-10, 4.7135751325095915e-11, 3.3583061384050884e-11, 0.9925075026046509, -0.12218370297825919, 1.810840644100864e-10, 5.840967150542463e-10, 0.12218370297825906, 0.9925075026046511, 1.3041650606671062e-09, 0.0, 0.0, 0.0, 1.0], "right_foot_pose": [1.0, -1.3057460301132606e-10, -5.990010154555129e-10, 8.808996465835603e-11, 4.084078167275054e-11, 0.9890733864519372, -0.1474240014804136, -0.13999999994217086, 6.117056200080652e-10, 0.14742400148041346, 0.9890733864519372, 1.149487879881228e-09, 0.0, 0.0, 0.0, 1.0]}, {"left_foot_pose": [1.0000000000000002, -1.2574229715760262e-10, -5.975746564246242e-10, 4.081888823652684e-11, 3.9799471341864634e-11, 0.9899100938997639, -0.141696880683243, 1.986874484383172e-10, 6.093622554014536e-10, 0.14169688068324282, 0.9899100938997639, 1.402081464818572e-09, 0.0, 0.0, 0.0, 1.0], "right_foot_pose": [1.0, -1.5414297671660893e-10, -6.253291218172298e-10, 8.635953672542852e-11, 4.7432868343158435e-11, 0.9859268313448761, -0.16717740048897897, -0.13999999992025636, 6.42297792626842e-10, 0.16717740048897875, 0.9859268313448761, 1.2164616397525307e-09, 0.0, 0.0, 0.0, 1.0]}, {"left_foot_pose": [0.9999999972770097, 7.279170978750655e-05, -1.2138706758536858e-05, 2.1385859612533054e-05, -7.37962535124731e-05, 0.9870545857989145, -0.160384660137581, -7.00457467572857e-06, 3.0689253643185975e-07, 0.160384660596646, 0.9870545884829299, 0.00016386119199649635, 0.0, 0.0, 0.0, 1.0], "right_foot_pose": [0.9999999999999998, -1.3787198385447098e-10, -5.041604356215138e-10, 3.5933269520232814e-11, 4.168633305508159e-11, 0.9825475978669241, -0.18601133816500956, -0.1399999999902122, 5.210070607807728e-10, 0.18601133816500942, 0.9825475978669239, 9.569195019709653e-10, 0.0, 0.0, 0.0, 1.0]}, {"left_foot_pose": [0.9999978289213496, 0.0020497963836810986, -0.0003748164525265558, 0.0006039668976594888, -0.0020837825212698283, 0.9838366611387789, -0.1790560863241022, -0.00019780441664332335, 1.7296489700630122e-06, 0.17905647861522817, 0.983838796481885, 0.004191209107692523, 0.0, 0.0, 0.0, 1.0], "right_foot_pose": [0.9999999999999996, -9.813098744290195e-11, -3.230531953057886e-10, -4.847207199115124e-11, 3.088699778870155e-11, 0.9794068774173634, -0.20189643005157346, -0.14000000018535758, 3.3621259687222204e-10, 0.20189643005157326, 0.9794068774173632, 5.521200441283014e-10, 0.0, 0.0, 0.0, 1.0]}, {"left_foot_pose": [0.9999791163125371, 0.00633543440536271, -0.001276404988241619, 0.0018732105992440924, -0.0064627338619821124, 0.9803776390075759, -0.19702263323019967, -0.0006134835435701765, 3.134939587671461e-06, 0.19702676773684294, 0.9803981093338285, 0.01146980213764845, 0.0, 0.0, 0.0, 1.0], "right_foot_pose": [1.0, -4.870124439394879e-11, -1.317651543430995e-10, -6.785288538810806e-11, 1.939787600860514e-11, 0.9768682457118186, -0.21384206910688627, -0.14000000020603426, 1.3913147706118671e-10, 0.2138420691068861, 0.9768682457118187, 2.5681115567444124e-10, 0.0, 0.0, 0.0, 1.0]}, {"left_foot_pose": [0.9999193272718908, 0.012414593220393212, -0.0026864145812268286, 0.003681726701922406, -0.012701926196188137, 0.9773724729358814, -0.21114381406545524, -0.0012057703383061696, 4.363099959437343e-06, 0.21116090315769406, 0.9774513148789516, 0.019120926219947106, 0.0, 0.0, 0.0, 1.0], "right_foot_pose": [0.9999999999999998, -7.433548032024228e-12, 1.8966606063486366e-11, -4.689265620414022e-11, 1.1446755601369521e-11, 0.9752046675686781, -0.22130489455107974, -0.14000000011830277, -1.6851563039424843e-11, 0.22130489455107963, 0.975204667568678, 6.846995193043881e-11, 0.0, 0.0, 0.0, 1.0]}, {"left_foot_pose": [0.9997940894783152, 0.019808995126334293, -0.004402539757101626, 0.005882127465400721, -0.020292329028272566, 0.9760357640868874, -0.2166619685268626, -0.0019263979299689697, 5.180377134817294e-06, 0.21670669333320475, 0.976236758700344, 0.02426587739401897, 0.0, 0.0, 0.0, 1.0], "right_foot_pose": [1.0, 1.1712480261879599e-11, 9.761186303691709e-11, 6.4772709185939075e-12, 1.0442340314280262e-11, 0.974607450706822, -0.22392033634029349, -0.1400000000321026, -9.775615302153789e-11, 0.2239203363402933, 0.9746074507068219, -4.4372144847315553e-13, 0.0, 0.0, 0.0, 1.0]}, {"left_foot_pose": [0.9995873617308301, 0.028084271051604444, -0.006031582503735502, 0.008327024011665657, -0.02872466255801956, 0.9773417083336589, -0.20970951078187658, -0.002727101104933096, 5.378405258591642e-06, 0.20979623178442955, 0.9777451309518894, 0.02500000068041855, 0.0, 0.0, 0.0, 1.0], "right_foot_pose": [1.0, 2.1302072970417652e-13, 8.40960079351305e-11, 1.170639472772229e-10, 1.8414925603661845e-11, 0.9751730447399345, -0.22144419796564027, -0.14000000003491705, -8.205557049444816e-11, 0.22144419796564013, 0.9751730447399345, 8.23112064618492e-11, 0.0, 0.0, 0.0, 1.0]}, {"left_foot_pose": [0.9992970147984749, 0.0367601535765503, -0.007359845371036691, 0.01086902361182846, -0.03748968110176744, 0.9798778244838708, -0.19604584386220694, -0.0035596059300835245, 5.0739422898412115e-06, 0.19618394479106957, 0.9805671113087929, 0.025000001111440205, 0.0, 0.0, 0.0, 1.0], "right_foot_pose": [1.0, -3.959772755144714e-11, -1.967914720069053e-11, 2.761563307459114e-10, 3.4465092237836135e-11, 0.9768022751696073, -0.21414321194817004, -0.14000000003164764, 2.7701947828369373e-11, 0.21414321194816988, 0.9768022751696075, 3.0800038214318093e-10, 0.0, 0.0, 0.0, 1.0]}, {"left_foot_pose": [0.9989378225608314, 0.04535065862323142, -0.008157476317164293, 0.013360737853098943, -0.04607848346571265, 0.9831759757728878, -0.17675342719316953, -0.004375642898685635, 4.35040084861002e-06, 0.17694156782811135, 0.9842213580062186, 0.02491027035059809, 0.0, 0.0, 0.0, 1.0], "right_foot_pose": [0.9999999999999999, -1.0627920773272213e-10, -2.2550650236041688e-10, 4.2646110588825943e-10, 5.855393992716824e-11, 0.979400395412415, -0.20192787193947612, -0.1400000000569084, 2.42321702130426e-10, 0.20192787193947603, 0.979400395412415, 6.9734327340365e-10, 0.0, 0.0, 0.0, 1.0]}, {"left_foot_pose": [0.9985418610485978, 0.053387449388975855, -0.007995747703808386, 0.01565477771866059, -0.05398288361301446, 0.9875367448691802, -0.147841218237704, -0.005126947065002108, 3.229103944049645e-06, 0.1480572787164623, 0.9889787875423062, 0.021163833460561075, 0.0, 0.0, 0.0, 1.0], "right_foot_pose": [0.9999999999999997, -1.9578796139427567e-10, -5.566038741022784e-10, 4.907145274647534e-10, 8.986202076678513e-11, 0.9828731596877264, -0.18428334695643417, -0.1400000003051521, 5.831513330731545e-10, 0.184283346956434, 0.9828731596877266, 1.2828382037199937e-09, 0.0, 0.0, 0.0, 1.0]}, {"left_foot_pose": [0.9981563179169642, 0.06031033762042104, -0.006828482888575369, 0.017603748984874674, -0.06069567528707954, 0.9918229954898535, -0.11226388831222799, -0.005765239137413395, 1.9733465059926157e-06, 0.11247136877288297, 0.993654965872189, 0.013996812221915032, 0.0, 0.0, 0.0, 1.0], "right_foot_pose": [0.9999999999999999, -2.784359666435161e-10, -9.721646265781187e-10, 5.240526342022215e-10, 1.181731701565631e-10, 0.9869364440498708, -0.16111007233005953, -0.1400000004955784, 1.0043233631354982e-09, 0.1611100723300593, 0.9869364440498705, 2.0514914003677553e-09, 0.0, 0.0, 0.0, 1.0]}, {"left_foot_pose": [0.9978387261807424, 0.06552517073079912, -0.004932396445332411, 0.019060263339283533, -0.0657105511558829, 0.9950246681986513, -0.07488680219474612, -0.006242246361745037, 8.856371465920018e-07, 0.07504906179869662, 0.9971798425170616, 0.006287910555641464, 0.0, 0.0, 0.0, 1.0], "right_foot_pose": [0.9999999999999997, -3.248505541824409e-10, -1.4272229509337803e-09, 4.92943758722105e-10, 1.3257747544027326e-10, 0.9911555425373292, -0.132705276826255, -0.14000000051245165, 1.4577092940876984e-09, 0.13270527682625488, 0.9911555425373288, 2.9242573085230816e-09, 0.0, 0.0, 0.0, 1.0]}, {"left_foot_pose": [0.9976496269989551, 0.0684722720205464, -0.002601867250903479, 0.019876932890759556, -0.06852168816379643, 0.9969302434543962, -0.03787965069984374, -0.006509699704685108, 1.7440511606205983e-07, 0.03796890372795963, 0.9992789211975142, 0.0009158370506250693, 0.0, 0.0, 0.0, 1.0], "right_foot_pose": [1.0, -3.0209566632395483e-10, -1.8119309386221955e-09, 3.861025709976942e-10, 1.1966958683349678e-10, 0.995002766797092, -0.09984735382638861, -0.1400000002560201, 1.83303950697233e-09, 0.09984735382638844, 0.9950027667970921, 3.718702998312118e-09, 0.0, 0.0, 0.0, 1.0]}, {"left_foot_pose": [0.9976204443128076, 0.06894520461034388, -8.8602230834943e-05, 0.02000000053004938, -0.06894526154216432, 0.9976196205607981, -0.0012820230155650226, -0.006549999662588811, 1.9847828509231058e-09, 0.0012850810743851757, 0.9999991742829761, 3.942675755319591e-09, 0.0, 0.0, 0.0, 1.0], "right_foot_pose": [0.9999999999999999, -1.9782294169446101e-10, -1.9414574947695927e-09, 2.594611004803733e-10, 7.246246666040176e-11, 0.9979268051445264, -0.0643590830733215, -0.14000000002926521, 1.950164236164494e-09, 0.06435908307332137, 0.9979268051445265, 4.05194801322839e-09, 0.0, 0.0, 0.0, 1.0]}, {"left_foot_pose": [0.9976204443106506, 0.06890408731273147, 0.002382403202726104, 0.020000000424923864, -0.06894526157337308, 0.9970246622891212, 0.034472796432022314, -0.006549999803934878, 1.8266316115287432e-09, -0.03455502190513003, 0.9994027969048003, 3.584908224441019e-09, 0.0, 0.0, 0.0, 1.0], "right_foot_pose": [0.9999999999999997, -8.695769489837477e-11, -1.7659111950507618e-09, 1.3848611633746168e-10, 3.5583173906517946e-11, 0.9995773324052093, -0.02907157618164998, -0.14000000013045422, 1.767692564002084e-09, 0.02907157618164984, 0.9995773324052091, 3.784014157570681e-09, 0.0, 0.0, 0.0, 1.0]}, {"left_foot_pose": [0.9976204443098015, 0.06878872080201429, 0.004643380830588032, 0.020000000300731575, -0.06894526158566157, 0.9953553375084268, 0.06718856300272791, -0.00654999986808967, 1.4076726938101378e-09, -0.06734882318132542, 0.9977294904011267, 2.765782332325717e-09, 0.0, 0.0, 0.0, 1.0], "right_foot_pose": [0.9999999999771296, 6.763136806558419e-06, 2.1772658953502798e-08, 7.118400029033379e-06, -6.763171851346466e-06, 0.9999947487220124, 0.0032407534090976003, -0.14000473774434852, 1.4511388813766994e-10, -0.003240753409170887, 0.9999947487448827, 3.740211524847631e-05, 0.0, 0.0, 0.0, 1.0]}, {"left_foot_pose": [0.9976204443102176, 0.0686331472034342, 0.00655287717239252, 0.020000000326784582, -0.06894526157963789, 0.9931042271422865, 0.09481848415703485, -0.006549999592854756, 9.609087354680213e-10, -0.09504464812431242, 0.9954730106150175, 1.8979345317582386e-09, 0.0, 0.0, 0.0, 1.0], "right_foot_pose": [0.9999997579919175, 0.0006953042289452629, 2.3835589764483728e-05, 0.000732221701524032, -0.0006957126501180076, 0.9994186227837403, 0.03408712978471725, -0.1404874159676011, -1.2080680384968353e-07, -0.03408713811807783, 0.9994188646483039, 0.0034929906393993612, 0.0, 0.0, 0.0, 1.0]}, {"left_foot_pose": [0.9976204443112838, 0.06847241024474307, 0.008060901155152532, 0.02000000028720917, -0.06894526156421119, 0.9907784047270408, 0.11663920281956454, -0.006549999591907256, 5.589162441124968e-10, -0.11691741427955324, 0.9931416405720711, 1.1371730224141174e-09, 0.0, 0.0, 0.0, 1.0], "right_foot_pose": [0.9999971909015939, 0.002365059825164855, 0.00015710170015818922, 0.0024946464983150013, -0.0023702718736279015, 0.9978096325225253, 0.0661083886999835, -0.14166062269809773, -4.072954830645146e-07, -0.06610857536875554, 0.9978124354118604, 0.010538498361304272, 0.0, 0.0, 0.0, 1.0]}, {"left_foot_pose": [0.9976204443124425, 0.06833655849933949, 0.009141327163608848, 0.02000000019097238, -0.06894526154744601, 0.9888126651433002, 0.1322726886487096, -0.006549999752131291, 2.5011210514491015e-10, -0.13258818961231295, 0.9911712122410186, 5.553641435618317e-10, 0.0, 0.0, 0.0, 1.0], "right_foot_pose": [0.9999883640281375, 0.0048005672962478695, 0.0004757751187198498, 0.005077218179061072, -0.004824086201923989, 0.9951295146245697, 0.09845799772179496, -0.14337979128762193, -8.036190450271976e-07, -0.0984591472474894, 0.995141093675993, 0.018295209401181796, 0.0, 0.0, 0.0, 1.0]}, {"left_foot_pose": [0.9976204443132786, 0.0682480902839344, 0.009779941757138724, 0.020000000060462878, -0.06894526153534444, 0.9875325530458111, 0.14151327706842917, -0.00654999992979989, 5.767466875486918e-11, -0.14185081898748086, 0.9898880467773021, 1.9928445699202157e-10, 0.0, 0.0, 0.0, 1.0], "right_foot_pose": [0.9999691821759252, 0.007786386636088388, 0.0010034348830284577, 0.008262768234543891, -0.007850776835649243, 0.9917875085906693, 0.1276554076668504, -0.14550035335104516, -1.2198223903886677e-06, -0.12765935134829065, 0.9918180730415463, 0.023884418926990683, 0.0, 0.0, 0.0, 1.0]}, {"left_foot_pose": [0.9976204443135223, 0.06822102991444724, 0.009966953652093904, 0.01999999998981127, -0.06894526153181849, 0.9871409965368023, 0.14421929090325855, -0.006549999971425073, -1.6128221753515934e-12, -0.14456328729570914, 0.9894955563145593, 1.1374096803296041e-10, 0.0, 0.0, 0.0, 1.0], "right_foot_pose": [0.999936784919291, 0.01111958180754773, 0.0016676527504628016, 0.011834126886539502, -0.01124393894166625, 0.9888977474687938, 0.14817158596782867, -0.1478777344929396, -1.5319767695526907e-06, -0.14818097027476526, 0.9889602621167759, 0.02500000280619221, 0.0, 0.0, 0.0, 1.0]}, {"left_foot_pose": [0.9976204443131244, 0.06825732220538241, 0.009715299986895987, 0.020000000032016463, -0.0689452615375758, 0.9876661365483996, 0.14057792723992554, -0.006549999970443414, 7.111376130281768e-11, -0.14091323813222528, 0.9900219489077461, 2.590400463575726e-10, 0.0, 0.0, 0.0, 1.0], "right_foot_pose": [0.9998905159284959, 0.014604167767377581, 0.0023821083242044974, 0.015574111327883609, -0.014797167073019347, 0.9868673366387412, 0.1608536717708686, -0.15036736502693535, -1.6908889524827403e-06, -0.16087130931082624, 0.9869753906951083, 0.025000002466119345, 0.0, 0.0, 0.0, 1.0]}, {"left_foot_pose": [0.9976204443121408, 0.06835258071856942, 0.009020742738751052, 0.020000000085795482, -0.06894526155180818, 0.9890445024792459, 0.13052786302217081, -0.006549999969904981, 2.792035185796632e-10, -0.1308392021708072, 0.9914036025632084, 6.640530347823415e-10, 0.0, 0.0, 0.0, 1.0], "right_foot_pose": [0.9998324663250776, 0.018050470226928975, 0.0030364134928272724, 0.019265551384829403, -0.018304078221106582, 0.9859946400051117, 0.16576951047061012, -0.15282468040362063, -1.6698154846174645e-06, -0.16579731724541538, 0.9861598499185795, 0.0249925520426968, 0.0, 0.0, 0.0, 1.0]}, {"left_foot_pose": [0.9976204443107082, 0.06849620351299521, 0.007856156669267995, 0.020000000047145684, -0.06894526157253808, 0.991122687041642, 0.11367660330098812, -0.006549999681534073, 6.46505209889476e-10, -0.11394774826938156, 0.9934867440808351, 1.3976110338487224e-09, 0.0, 0.0, 0.0, 1.0], "right_foot_pose": [0.9997675921038559, 0.021286848892987646, 0.0034105487923293907, 0.022691279036884504, -0.021558334277610464, 0.9871879170902299, 0.15809887594232877, -0.15510510893914395, -1.4256760987766323e-06, -0.15813565826612358, 0.9874173958274722, 0.021837794142528726, 0.0, 0.0, 0.0, 1.0]}, {"left_foot_pose": [0.9976204443094233, 0.06866511591251119, 0.0062089413422107415, 0.020000000066977417, -0.06894526159113161, 0.9935668059124565, 0.0898418226276058, -0.00654999940969923, 1.147037453347272e-09, -0.09005611609236339, 0.9959366927442524, 2.4362809131206475e-09, 0.0, 0.0, 0.0, 1.0], "right_foot_pose": [0.9997034053343682, 0.02412234996913509, 0.003348670607044129, 0.02563410730119218, -0.02435367245093619, 0.9902134601893294, 0.13741980169549006, -0.15706408450698603, -1.0101596477650085e-06, -0.13746059614246525, 0.9905072359690956, 0.014923780389463029, 0.0, 0.0, 0.0, 1.0]}, {"left_foot_pose": [0.9976204443085731, 0.06882375484004848, 0.004091438290286808, 0.020000000314983623, -0.06894526160343638, 0.995862270793002, 0.05920209889387244, -0.0065499992438729625, 1.7137133555669314e-09, -0.05934330948576339, 0.9982376328406368, 3.6770867531399354e-09, 0.0, 0.0, 0.0, 1.0], "right_foot_pose": [0.9996492400198462, 0.026328920886571676, 0.0028609181554277055, 0.027876866048772025, -0.02648389940025636, 0.9938017269665743, 0.1079663398972634, -0.15855704416265032, -5.481820063251414e-07, -0.10800423789464461, 0.9941504335846242, 0.007129215023830404, 0.0, 0.0, 0.0, 1.0]}, {"left_foot_pose": [0.9976204443102443, 0.06892775732569555, 0.0015535006538616258, 0.020000000230802166, -0.06894526157925195, 0.9973671614458892, 0.022478793898673615, -0.006549999377178513, 2.3133754325591643e-09, -0.02253241086569737, 0.9997461130009863, 4.967587070858759e-09, 0.0, 0.0, 0.0, 1.0], "right_foot_pose": [0.999615092935854, 0.027669853038457013, 0.00201127016420726, 0.02920238574628631, -0.02774285448215368, 0.9969851609999099, 0.07246325117717167, -0.15943942130041133, -1.5899771550468582e-07, -0.0724911579353927, 0.9973690550749811, 0.0013328065681052145, 0.0, 0.0, 0.0, 1.0]}, {"left_foot_pose": [0.9976204443162018, 0.06893360657957769, -0.0012676617361015896, 0.01999999927542271, -0.06894526149305057, 0.9974518013805115, -0.018342705373753695, -0.00654999978114078, 2.64637619093801e-09, 0.018386457154805413, 0.9998309548085094, 5.8453961185311876e-09, 0.0, 0.0, 0.0, 1.0], "right_foot_pose": [0.9996080256087115, 0.02798205245811643, 0.0008943594834118701, 0.02946928182150721, -0.02799634152267645, 0.9990978321650467, 0.031933158698285655, -0.15961709453334869, 2.700795652947083e-09, -0.031945680511384744, 0.9994896064975688, 5.439792234718244e-09, 0.0, 0.0, 0.0, 1.0]}, {"left_foot_pose": [0.9976204443217264, 0.06882046285806673, -0.004146439837239376, 0.01999999833173173, -0.06894526141311187, 0.9958146430223725, -0.0599978972206809, -0.0065499998446502256, 2.449096193922814e-09, 0.06014100626217695, 0.9981898914363807, 6.002526649340201e-09, 0.0, 0.0, 0.0, 1.0], "right_foot_pose": [0.9996080256099907, 0.027994821012927613, -0.00029177482850756997, 0.029469280911782917, -0.02799634147699291, 0.9995537384541864, -0.010417715976321091, -0.15961709435713012, 2.5265007251118015e-09, 0.010421801126189118, 0.9999456915559395, 5.136133032768164e-09, 0.0, 0.0, 0.0, 1.0]}, {"left_foot_pose": [0.997620444319891, 0.06860479684543515, -0.006843312412916279, 0.019999999869814343, -0.06894526143966784, 0.9926940110060092, -0.0990209646378907, -0.00654999947476706, 2.0853235175470604e-09, 0.09925715270245837, 0.9950618159880329, 5.014442396034102e-09, 0.0, 0.0, 0.0, 1.0], "right_foot_pose": [0.9996080256116752, 0.02796052085440728, -0.0014157705600588214, 0.02946928229286678, -0.027996341416843464, 0.9983290580803533, -0.050549942232078995, -0.15961709400066482, 2.175712066129108e-09, 0.0505697643453599, 0.9987205309464979, 4.306078424387572e-09, 0.0, 0.0, 0.0, 1.0]}, {"left_foot_pose": [0.9977320805635413, 0.06671252443315989, -0.008951787425047706, 0.02066259179376339, -0.06731044059257679, 0.9888667783648016, -0.1327094541984584, -0.006982205510770945, -1.2575141126768284e-06, 0.13301102860355063, 0.9911145575907183, 0.0028444574076732024, 0.0, 0.0, 0.0, 1.0], "right_foot_pose": [0.9996080256120025, 0.027893997377420664, -0.0023916610091368512, 0.029469282530080847, -0.027996341405158113, 0.9959538416622439, -0.08539408730201474, -0.15961709426750842, 1.5227541194932643e-09, 0.08542757276504295, 0.9963443831384172, 3.12237347782629e-09, 0.0, 0.0, 0.0, 1.0]}, {"left_foot_pose": [0.9980308963328569, 0.06190330811052499, -0.0101148608496924, 0.022521010866269908, -0.06272423739868799, 0.9849615792467589, -0.16098558149873016, -0.008194431551899497, -2.7907364940607783e-06, 0.16130303113303449, 0.9869049255827576, 0.009617037029056606, 0.0, 0.0, 0.0, 1.0], "right_foot_pose": [0.9996080256116776, 0.02781424090920797, -0.003187967278433736, 0.02946928256260448, -0.027996341416760464, 0.9931061395288701, -0.1138261854642463, -0.15961709424216325, 9.325509093538662e-10, 0.1138708199351762, 0.9934955643420312, 2.052655156958849e-09, 0.0, 0.0, 0.0, 1.0]}, {"left_foot_pose": [0.9984426757634474, 0.05484877851010523, -0.01018993180927591, 0.02533099505269007, -0.055787303179983073, 0.9816316220952175, -0.18244762346113982, -0.010027348387673801, -4.269997936240847e-06, 0.1827319621704495, 0.9831627688145566, 0.017439491777777948, 0.0, 0.0, 0.0, 1.0], "right_foot_pose": [0.9996080256111063, 0.02773748029727794, -0.0037983312946746613, 0.02946928243692038, -0.027996341437158914, 0.9903654032937791, -0.1356192199685746, -0.15961709402994328, 4.6268298491882314e-10, 0.13567240008752215, 0.9907537533890504, 1.2091968745742143e-09, 0.0, 0.0, 0.0, 1.0]}, {"left_foot_pose": [0.998890141340815, 0.04621096902533914, -0.009112182716938524, 0.028848189167304566, -0.047100801516491216, 0.9799970300584122, -0.19335805018978894, -0.012321566082004794, -5.350868171225372e-06, 0.1935726411929949, 0.9810859455485732, 0.02343311573135449, 0.0, 0.0, 0.0, 1.0], "right_foot_pose": [0.999608025610572, 0.02767597310303334, -0.004223227170555229, 0.029469282187537853, -0.027996341456232005, 0.9881692896691823, -0.1507901184420586, -0.15961709377259095, 1.3103326377698064e-10, 0.15084924748736447, 0.9885567786083387, 6.332004226505816e-10, 0.0, 0.0, 0.0, 1.0]}, {"left_foot_pose": [0.9993053435478463, 0.036593570823869444, -0.007052725081852197, 0.032828237781303345, -0.03726701388880755, 0.9812181540564663, -0.18926728144566665, -0.014917697663313665, -5.703782340710687e-06, 0.1893986397110079, 0.9819002776469146, 0.025000004170067633, 0.0, 0.0, 0.0, 1.0], "right_foot_pose": [0.9996080256102546, 0.027638140845789156, -0.004464113143362308, 0.02946928192300107, -0.027996341467563496, 0.9868184893384037, -0.15939094693332673, -0.15961709365342727, -5.251860086049928e-11, 0.15945344860008293, 0.9872054485919032, 3.464289619059535e-10, 0.0, 0.0, 0.0, 1.0]}, {"left_foot_pose": [0.9996384103080425, 0.026477151824679992, -0.0046913823190021155, 0.03702676877355139, -0.02688956317744976, 0.9842717867643074, -0.17460240883769299, -0.017656346450759627, -5.3792302321698094e-06, 0.17466542362772244, 0.9846278432788774, 0.02500000496514726, 0.0, 0.0, 0.0, 1.0], "right_foot_pose": [0.9996080256102177, 0.027627195932942154, -0.004531355263588656, 0.029469281808331457, -0.027996341468878114, 0.9864277014765611, -0.1617918249604296, -0.15961709366589438, -9.129489213012237e-11, 0.1618552680778452, 0.9868145074913768, 2.6851784684644997e-10, 0.0, 0.0, 0.0, 1.0]}, {"left_foot_pose": [0.9998626546531879, 0.01637994429438533, -0.002523738257669181, 0.041199426486969976, -0.0165732256777525, 0.9881602993819183, -0.15252721369012417, -0.020378118335221587, -4.52931136227471e-06, 0.1525480912707573, 0.9882960486762732, 0.02500000524514081, 0.0, 0.0, 0.0, 1.0], "right_foot_pose": [0.9996080256104279, 0.027643321039850306, -0.004431922507120755, 0.029469281722252914, -0.027996341461365058, 0.9870034484142212, -0.1582415801337146, -0.1596170936705933, -3.856704620007695e-12, 0.1583036311027764, 0.9873904801949812, 4.109826437503905e-10, 0.0, 0.0, 0.0, 1.0]}, {"left_foot_pose": [0.9999760328424218, 0.006876730937109227, -0.000802690694717513, 0.04510185763748735, -0.006923419026419727, 0.9931802898824177, -0.11638289418150041, -0.02292362719395998, -3.117272103173063e-06, 0.11638566217836403, 0.9932040966637158, 0.022459725893094612, 0.0, 0.0, 0.0, 1.0], "right_foot_pose": [0.9996080256107597, 0.027704384548741266, -0.004032643219304894, 0.029469281599770455, -0.02799634144953111, 0.9891837199689317, -0.14398532221677152, -0.15961709390810438, 2.8491138308315867e-10, 0.1440417829145477, 0.9895716066939261, 8.588619190841307e-10, 0.0, 0.0, 0.0, 1.0]}, {"left_foot_pose": [0.9999989422321549, -0.0014498904756038618, 0.00011555163800660986, 0.04848968536745262, 0.0014544867060456296, 0.9969320131655729, -0.0782588371627218, -0.025133470313550982, -1.7303844688739357e-06, 0.07825892245136139, 0.9969330674893669, 0.015838563364628522, 0.0, 0.0, 0.0, 1.0], "right_foot_pose": [0.999608025611186, 0.027768207657605272, -0.0035667600410852845, 0.029469281545753498, -0.027996341434311827, 0.9914625228208649, -0.12735097450738145, -0.15961709410197905, 6.031115701670512e-10, 0.12740091241890839, 0.9918513031270513, 1.4894543029497775e-09, 0.0, 0.0, 0.0, 1.0]}, {"left_foot_pose": [0.9999683543306742, -0.007949143183967871, 0.00031852762065901803, 0.05111855458547447, 0.007955522409813615, 0.9991696604248577, -0.039958720570891254, -0.026848251110982012, -6.25543303811993e-07, 0.03995999010405747, 0.9992012806189219, 0.007998178015044606, 0.0, 0.0, 0.0, 1.0], "right_foot_pose": [0.9996080256114284, 0.027841436583654334, -0.0029410104012256616, 0.029469281602387827, -0.027996341425653427, 0.9940771593444844, -0.10500860029720967, -0.15961709418870662, 9.793397264253527e-10, 0.10504977714664239, 0.9944669649221338, 2.2540430355544316e-09, 0.0, 0.0, 0.0, 1.0]}, {"left_foot_pose": [0.999928293677957, -0.011975172558862823, 5.238774501087735e-05, 0.05274411070623705, 0.01197528714851856, 0.9999187364889855, -0.004371832108252381, -0.027908577572636376, -3.004390443167659e-08, 0.004372145978540702, 0.9999904421240946, 0.0018172764660023544, 0.0, 0.0, 0.0, 1.0], "right_foot_pose": [0.9996080256112693, 0.02791177198431261, -0.002174423655941698, 0.029469281775962124, -0.027996341431332956, 0.9965884812720905, -0.0776376446206903, -0.15961709408388872, 1.3348650035078048e-09, 0.07766808855948557, 0.9969792716097544, 3.0258712410691224e-09, 0.0, 0.0, 0.0, 1.0]}, {"left_foot_pose": [0.9999155011902802, -0.01299464996776991, -0.00035993278127047543, 0.05315836020357926, 0.01299963381760817, 0.9995321526850562, 0.027685470366006375, -0.028178780730175698, 1.3910854699369485e-09, -0.027687809971069535, 0.999616619099046, 3.4930537975985665e-09, 0.0, 0.0, 0.0, 1.0], "right_foot_pose": [0.9996080256101761, 0.02796548651909937, -0.0013140393735316055, 0.02946928237301573, -0.02799634147036203, 0.9985063534642816, -0.04691766144788121, -0.15961709399612758, 1.4344449816937926e-09, 0.04693605922116997, 0.9988978958556209, 3.3979354815971696e-09, 0.0, 0.0, 0.0, 1.0]}, {"left_foot_pose": [0.9999155011904276, -0.012977126626488138, -0.0007646329951157857, 0.053158360823624615, 0.012999633806270627, 0.9981842820187599, 0.05881452755566725, -0.028178781117967823, 1.0656703526562788e-09, -0.05881949774703606, 0.9982686345291973, 3.551786489919273e-09, 0.0, 0.0, 0.0, 1.0], "right_foot_pose": [0.9996080256090868, 0.02799303326363837, -0.0004303796045671161, 0.029469283002416097, -0.027996341509261276, 0.9994899054579877, -0.015366644060424022, -0.15961709430893806, 1.0919457448016238e-09, 0.015372669783865991, 0.9998818335302009, 3.259810171796218e-09, 0.0, 0.0, 0.0, 1.0]}, {"left_foot_pose": [0.9999155011905579, -0.012948990590292052, -0.0011463513985587068, 0.05315835974593817, 0.012999633796244291, 0.9960200971445147, 0.0881758221135269, -0.0281787808158473, 1.1405146897464508e-09, -0.08818327350991989, 0.9961042667678298, 2.8154033201999162e-09, 0.0, 0.0, 0.0, 1.0], "right_foot_pose": [0.9996080256094821, 0.027993406197458503, 0.0004053968136513597, 0.029469282022870146, -0.02799634149513864, 0.999503220349199, 0.014474715004726926, -0.15961709402013854, 1.1559556292372685e-09, -0.014480390914771208, 0.9998951536430983, 2.9333311266088735e-09, 0.0, 0.0, 0.0, 1.0]}, {"left_foot_pose": [0.9999155011906123, -0.012915584412782687, -0.001475858395712213, 0.05315835947614548, 0.012999633792069547, 0.9934505357934866, 0.11352111016417787, -0.028178780411533537, 8.330170755673435e-10, -0.11353070338420189, 0.9935344882736028, 1.9786598123849863e-09, 0.0, 0.0, 0.0, 1.0], "right_foot_pose": [0.9996430592519454, 0.02669204078865273, 0.0011353624744047594, 0.030182445105941, -0.026716176546838805, 0.9987393954178332, 0.04249548153791504, -0.15993473173380446, 3.598952761508375e-07, -0.04251064571325696, 0.9990960139050264, 0.0022503006524730723, 0.0, 0.0, 0.0, 1.0]}, {"left_foot_pose": [0.9999155011904884, -0.01288258998761013, -0.0017405040033784717, 0.05315835941272962, 0.012999633801559817, 0.9909126431183952, 0.13387734397254045, -0.02817878031870667, 4.913170370569413e-10, -0.13388865741102843, 0.9909963811319762, 1.244600839056531e-09, 0.0, 0.0, 0.0, 1.0], "right_foot_pose": [0.9997482321267266, 0.022380186112810386, 0.001612336515857737, 0.0325654710117936, -0.022438189723722444, 0.9971600423496492, 0.07189142913566142, -0.1609961323343105, 1.1860155374414256e-06, -0.07190950709608282, 0.9974111603485254, 0.008710107561662753, 0.0, 0.0, 0.0, 1.0]}, {"left_foot_pose": [0.9999155011903178, -0.012854997927625525, -0.0019337806486583772, 0.053158359332667146, 0.012999633814703732, 0.9887902927847116, 0.14874396261834766, -0.028178780434932875, 2.0256220166904172e-10, -0.1487565323708696, 0.9888738514476937, 6.613428554791412e-10, 0.0, 0.0, 0.0, 1.0], "right_foot_pose": [0.9998761845086994, 0.015653629068882687, 0.0016060975372171548, 0.0362985338645881, -0.01573580779368318, 0.9946393263928046, 0.10220075707130433, -0.16265884847479736, 2.3249692144503946e-06, -0.10221337627649996, 0.994762497134242, 0.016558460977897593, 0.0, 0.0, 0.0, 1.0]}, {"left_foot_pose": [0.9999155011901727, -0.012836675948445578, -0.0020518845486415015, 0.05315835925639525, 0.012999633825856914, 0.9873809860053957, 0.1578283814635607, -0.028178780617096406, 4.91306356187206e-13, -0.15784171890095544, 0.9874644255741029, 2.760498843401571e-10, 0.0, 0.0, 0.0, 1.0], "right_foot_pose": [0.9999739877945112, 0.007151275070232231, 0.0009396803778219492, 0.0410451178816782, -0.007212747165282935, 0.9913869666407739, 0.13076642785185566, -0.16477299382870234, 3.5598161393747676e-06, -0.13076980400564492, 0.99141275881827, 0.02291665499523929, 0.0, 0.0, 0.0, 1.0]}, {"left_foot_pose": [0.9999155011900679, -0.012832827681364, -0.0020758163494559484, 0.05315835925543482, 0.012999633833930034, 0.9870849810278217, 0.15966918847883382, -0.02817878072293525, -3.985232937446046e-11, -0.15968268147487402, 0.9871683955825347, 1.7202678170846752e-10, 0.0, 0.0, 0.0, 1.0], "right_foot_pose": [0.9999968082846401, -0.002496859333409965, -0.0003861528215067633, 0.04646871018885023, 0.0025265391566908105, 0.9885198326205, 0.15107004043101413, -0.16718867726042116, 4.519082032943389e-06, -0.15107053388866984, 0.9885229859594415, 0.025000003680029387, 0.0, 0.0, 0.0, 1.0]}, {"left_foot_pose": [0.9999155011901554, -0.012840404320765605, -0.002028422175068854, 0.0531583593782273, 0.012999633827191253, 0.9876677678659005, 0.15602368358409482, -0.028178780720178216, 2.110477977732936e-11, -0.15603686851404733, 0.9877512316693567, 2.8755098996358086e-10, 0.0, 0.0, 0.0, 1.0], "right_foot_pose": [0.9999170889687443, -0.012700914708269749, -0.0021217808192816267, 0.05223277785255787, 0.012876923645957336, 0.9863143692465335, 0.16437198622401877, -0.16975600662925994, 5.068332988803192e-06, -0.1643856799827349, 0.9863961416139695, 0.025000003492986866, 0.0, 0.0, 0.0, 1.0]}, {"left_foot_pose": [0.9999155011903602, -0.012859867895691197, -0.0019011251764244098, 0.053158359517004, 0.012999633811422218, 0.9891648849367795, 0.14623214396560522, -0.02817878072816233, 2.1288663476447196e-10, -0.1462445014546324, 0.9892484752549722, 6.536110749855162e-10, 0.0, 0.0, 0.0, 1.0], "right_foot_pose": [0.999730077397014, -0.02288904450073488, -0.003982962415514601, 0.05800080436775254, 0.02323300069811711, 0.9849672433573008, 0.17117171843409434, -0.1723250997260073, 5.130430299916043e-06, -0.17121805148687747, 0.985233159621983, 0.02500000296814197, 0.0, 0.0, 0.0, 1.0]}, {"left_foot_pose": [0.9999155011906683, -0.012889445044037898, -0.0016889893639682489, 0.053158359525744096, 0.012999633787721804, 0.9914399270670436, 0.1299148972931173, -0.028178780506196766, 5.627678108711866e-10, -0.12992587588218468, 0.9915237096389818, 1.3195255582632015e-09, 0.0, 0.0, 0.0, 1.0], "right_foot_pose": [0.9994556925447514, -0.03252100554903891, -0.005541014164404091, 0.06343627604377675, 0.03298967442845362, 0.9852802027801646, 0.16773372764766714, -0.17474606688174615, 4.582071920968125e-06, -0.1678252251824