{"LoopMode": "Wrap", "FrameDuration": 0.0167, "EnableCycleOffsetPosition": true, "EnableCycleOffsetRotation": false, "Debug_info": [{"left_foot_pose": [1.0000000000000007, 9.487030048592915e-14, -7.901457266257242e-12, 1.5195719431979655e-12, -1.7429815747421253e-14, 0.9999523833910948, 0.009758634662195015, -7.12277459236077e-14, 7.901637313665379e-12, -0.009758634662195185, 0.999952383391095, 1.6856842310897235e-11, 0.0, 0.0, 0.0, 1.0], "right_foot_pose": [1.0, -1.6905595028599628e-13, -7.961353798435765e-12, 1.858304854816699e-12, 5.217512156654571e-14, 0.9998921367167345, -0.014687237045922518, -0.14000000000212814, 7.962778928528358e-12, 0.014687237045922365, 0.9998921367167346, 1.3884796090657403e-11, 0.0, 0.0, 0.0, 1.0]}, {"left_foot_pose": [1.0000000000000004, 1.5055826996041187e-13, -1.7655932271765102e-11, 2.9496196418260713e-12, -2.865268211022244e-14, 0.9999762935307581, 0.006885664563989208, 7.116252032091097e-13, 1.7656196537062437e-11, -0.006885664563989381, 0.9999762935307583, 3.666303372007462e-11, 0.0, 0.0, 0.0, 1.0], "right_foot_pose": [1.0, -4.574449188129829e-13, -1.7765455773144364e-11, 3.890377599958688e-12, 1.4545362891747937e-13, 0.9998457870346701, -0.017561382320911718, -0.14000000000386792, 1.777046264934448e-11, 0.017561382320911572, 0.9998457870346702, 3.201802017960276e-11, 0.0, 0.0, 0.0, 1.0]}, {"left_foot_pose": [1.0000000000000007, 9.142140866468314e-14, -3.1035285452674095e-11, 4.753477337133349e-12, -1.5757619616046494e-15, 0.99999584038762, 0.0028843036349906204, 2.150666797429146e-12, 3.103497907693519e-11, -0.0028843036349907934, 0.9999958403876201, 6.37058739094698e-11, 0.0, 0.0, 0.0, 1.0], "right_foot_pose": [0.9999999999999999, -9.941700421488306e-13, -3.122951897083225e-11, 6.575178399803965e-12, 3.205214699058826e-13, 0.9997674354516247, -0.02156559784660748, -0.14000000000587218, 3.124372563299443e-11, 0.02156559784660733, 0.9997674354516246, 5.717210038724829e-11, 0.0, 0.0, 0.0, 1.0]}, {"left_foot_pose": [1.0000000000000004, -2.1316634371118744e-13, -4.7849335604865934e-11, 6.864147997646036e-12, 1.0707549052191709e-13, 0.9999975266646293, -0.002224109849984944, 4.373208392638439e-12, 4.7849302317036395e-11, 0.002224109849984769, 0.9999975266646294, 9.775179971027725e-11, 0.0, 0.0, 0.0, 1.0], "right_foot_pose": [0.9999999999999999, -1.904822967772506e-12, -4.818839771658644e-11, 9.839594584720016e-12, 6.185599126842706e-13, 0.9996440330113541, -0.026679716355209257, -0.14000000000795165, 4.82218628914645e-11, 0.026679716355209108, 0.9996440330113545, 8.900176429182949e-11, 0.0, 0.0, 0.0, 1.0]}, {"left_foot_pose": [1.0000000000000007, -9.267000832732484e-13, -6.828032583783283e-11, 9.254208667409239e-12, 3.515032764465953e-13, 0.9999644799675294, -0.008428452009090216, 7.58713057658067e-12, 6.828546156974823e-11, 0.00842845200909004, 0.9999644799675296, 1.3934965681361433e-10, 0.0, 0.0, 0.0, 1.0], "right_foot_pose": [0.9999999999999999, -3.362967777740802e-12, -6.885719772142804e-11, 1.3676082522087013e-11, 1.096216099755828e-12, 0.9994588428376044, -0.03289409481527987, -0.1400000000099269, 6.893036062177404e-11, 0.03289409481527973, 0.9994588428376046, 1.278759528822171e-10, 0.0, 0.0, 0.0, 1.0]}, {"left_foot_pose": [1.0000000000000007, -2.265944992799895e-12, -9.292361324853002e-11, 1.1932633068997212e-11, 8.033677183851676e-13, 0.9998761159927304, -0.0157401609678142, 1.2113360661758499e-11, 9.29475292970591e-11, 0.015740160967814026, 0.9998761159927307, 1.8993979999937238e-10, 0.0, 0.0, 0.0, 1.0], "right_foot_pose": [1.0, -5.6132641971271624e-12, -9.387718380438055e-11, 1.8144463244779622e-11, 1.8328602564506005e-12, 0.9991907677955779, -0.04022200333254643, -0.14000000001160037, 9.402685956428581e-11, 0.040222003332546295, 0.999190767795578, 1.7497736592986257e-10, 0.0, 0.0, 0.0, 1.0]}, {"left_foot_pose": [1.0000000000000007, -4.535015918503379e-12, -1.22798771151622e-10, 1.493722487208396e-11, 1.5626465874863168e-12, 0.9997072059010751, -0.024197158293203392, 1.8424935188665614e-11, 1.22872343160579e-10, 0.02419715829320321, 0.9997072059010752, 2.5192691682773827e-10, 0.0, 0.0, 0.0, 1.0], "right_foot_pose": [1.0, -9.007928433758035e-12, -1.2433271079359537e-10, 2.3365358760958117e-11, 2.9418579093122577e-12, 0.9988132741534438, -0.04870362794369016, -0.14000000001271173, 1.2462358154812415e-10, 0.048703627943690014, 0.9988132741534439, 2.3234475454714243e-10, 0.0, 0.0, 0.0, 1.0]}, {"left_foot_pose": [1.0000000000000007, -8.172732851083032e-12, -1.593402076949245e-10, 1.8322750912228117e-11, 2.772446508985115e-12, 0.9994264413535306, -0.03386426321978012, 2.7192911117301932e-11, 1.595252316670337e-10, 0.033864263219779936, 0.999426441353531, 3.2874487160272636e-10, 0.0, 0.0, 0.0, 1.0], "right_foot_pose": [0.9999999999999999, -1.4056989616717096e-11, -1.6175027983678084e-10, 2.9508205869558175e-11, 4.58577645005479e-12, 0.9982928773225322, -0.05840660140000843, -0.1400000000128738, 1.6229515656869305e-10, 0.058406601400008286, 0.9982928773225325, 3.0288880431550425e-10, 0.0, 0.0, 0.0, 1.0]}, {"left_foot_pose": [1.0000000000000002, -1.3813698206396844e-11, -2.043784030902882e-10, 2.214744764512277e-11, 4.637579371676738e-12, 0.9989945667615207, -0.04483141288162346, 3.9338211507700116e-11, 2.0479196503355276e-10, 0.04483141288162329, 0.9989945667615205, 4.249563548275326e-10, 0.0, 0.0, 0.0, 1.0], "right_foot_pose": [0.9999999999999998, -2.1493893110114005e-11, -2.080953742655821e-10, 3.677668569053047e-11, 6.995218999324212e-12, 0.9975872178990957, -0.06942436664703953, -0.14000000001149257, 2.0908522859792532e-10, 0.0694243666470394, 0.9975872178990957, 3.904196896331591e-10, 0.0, 0.0, 0.0, 1.0]}, {"left_foot_pose": [1.0000000000000004, -2.235556306402931e-11, -2.6002805464386783e-10, 2.6448998820826876e-11, 7.443360557782592e-12, 0.9983622281382242, -0.05720892785992085, 5.6059325584389974e-11, 2.6088094449189335e-10, 0.05720892785992067, 0.9983622281382241, 5.462185981297552e-10, 0.0, 0.0, 0.0, 1.0], "right_foot_pose": [0.9999999999999998, -3.234657730684155e-11, -2.6567009703271067e-10, 4.537624965994404e-11, 1.0487226318442105e-11, 0.9966428861137022, -0.08187159189212037, -0.14000000000766988, 2.6742635294649246e-10, 0.08187159189212025, 0.9966428861137022, 4.995220140302514e-10, 0.0, 0.0, 0.0, 1.0]}, {"left_foot_pose": [1.0000000000000004, -3.498927973341563e-11, -3.282122351677679e-10, 3.118246889353715e-11, 1.1559639494536543e-11, 0.9974679964167474, -0.0711167780791606, 7.87375512012467e-11, 3.298691209641133e-10, 0.07111677807916042, 0.9974679964167473, 6.985963266203932e-10, 0.0, 0.0, 0.0, 1.0], "right_foot_pose": [1.0, -4.79604721234551e-11, -3.366443235286451e-10, 5.542319978621942e-11, 1.5464312266854927e-11, 0.9953935224500294, -0.09587353891727822, -0.14000000000012028, 3.396916880988381e-10, 0.09587353891727805, 0.9953935224500295, 6.3479826950541e-10, 0.0, 0.0, 0.0, 1.0]}, {"left_foot_pose": [1.0000000000000004, -5.305950246781036e-11, -4.0935960177179616e-10, 3.607617984527573e-11, 1.7385002308113677e-11, 0.9962379130273016, -0.08666037529925358, 1.0848749676384273e-10, 4.1241735575889594e-10, 0.08666037529925338, 0.9962379130273017, 8.861599162801603e-10, 0.0, 0.0, 0.0, 1.0], "right_foot_pose": [1.0, -6.981779109050934e-11, -4.217222682179052e-10, 6.672269394747666e-11, 2.2342538674177307e-11, 0.993759746100254, -0.11154177258210742, -0.13999999998722715, 4.268779378936495e-10, 0.11154177258210726, 0.9937597461002542, 7.985495251161545e-10, 0.0, 0.0, 0.0, 1.0]}, {"left_foot_pose": [1.0000000000000004, -7.735680816270844e-11, -4.99008390164589e-10, 4.026223534771832e-11, 2.5104344622253265e-11, 0.994590387664008, -0.10387473593881687, 1.4474241770423557e-10, 5.043440497150259e-10, 0.10387473593881669, 0.9945903876640082, 1.1038078853720101e-09, 0.0, 0.0, 0.0, 1.0], "right_foot_pose": [1.0, -9.868443685178669e-11, -5.165913252724858e-10, 7.821870847700273e-11, 3.1263249434791e-11, 0.9916552966370027, -0.12891769720165785, -0.13999999996761975, 5.250026772391772e-10, 0.12891769720165766, 0.9916552966370028, 9.8428805384021e-10, 0.0, 0.0, 0.0, 1.0]}, {"left_foot_pose": [1.0000000000000002, -1.0575976318305037e-10, -5.7938764896903e-10, 4.134962443028911e-11, 3.393121517608821e-11, 0.9924565489514219, -0.12259689410190977, 1.8146300087562572e-10, 5.879826663024967e-10, 0.12259689410190962, 0.9924565489514218, 1.3175084287442296e-09, 0.0, 0.0, 0.0, 1.0], "right_foot_pose": [1.0000000000000002, -1.3181268248948402e-10, -6.030035915038915e-10, 8.665300508165446e-11, 4.1214440216105933e-11, 0.9890108538056854, -0.1478429269682829, -0.13999999994230322, 6.158643531503313e-10, 0.14784292696828272, 0.9890108538056858, 1.159692723795569e-09, 0.0, 0.0, 0.0, 1.0]}, {"left_foot_pose": [1.0000000000000002, -1.2710202760965253e-10, -6.019033049753351e-10, 3.356454448017857e-11, 4.0235900723195234e-11, 0.9898415955522873, -0.14217459588302916, 1.9900146808193853e-10, 6.138592740471827e-10, 0.14217459588302903, 0.9898415955522876, 1.4184517171944577e-09, 0.0, 0.0, 0.0, 1.0], "right_foot_pose": [0.9999999999999998, -1.5572359217107433e-10, -6.299528121367351e-10, 8.38668730598465e-11, 4.7899908101000145e-11, 0.9858444594426857, -0.16766246385568584, -0.13999999992037504, 6.471442540877026e-10, 0.16766246385568573, 0.9858444594426855, 1.2288546430427871e-09, 0.0, 0.0, 0.0, 1.0]}, {"left_foot_pose": [0.9999999990385691, -4.324923384851886e-05, 7.2364324733018015e-06, 2.138579502794765e-05, 4.385007436373221e-05, 0.9869661570208805, -0.1609279434175639, -8.50156913292932e-06, -1.8210369146137556e-07, 0.1609279435801607, 0.9869661579684627, 0.00016386118972125385, 0.0, 0.0, 0.0, 1.0], "right_foot_pose": [0.9999999999999998, -1.3791236477072033e-10, -5.029804905909421e-10, 8.420966820244209e-11, 4.165100785816331e-11, 0.982442066518193, -0.18656791239509338, -0.13999999998644563, 5.198790797991231e-10, 0.18656791239509324, 0.9824420665181928, 9.715047308289648e-10, 0.0, 0.0, 0.0, 1.0]}, {"left_foot_pose": [0.9999992334412322, -0.001217894278490619, 0.0002232721998834632, 0.0006039658150775157, 0.0012381905706100099, 0.9837565844669313, -0.1795033409217485, -0.00024008186467684364, -1.0294048855380087e-06, 0.17950347977542092, 0.9837573383449073, 0.004191209259955586, 0.0, 0.0, 0.0, 1.0], "right_foot_pose": [0.9999999999999999, -9.347513660983975e-11, -3.1227592733884483e-10, 1.7099502844911896e-10, 2.831071037762837e-11, 0.9792872109385203, -0.2024760689371813, -0.140000000155018, 3.247341733968994e-10, 0.20247606893718118, 0.9792872109385204, 5.770211877753617e-10, 0.0, 0.0, 0.0, 1.0]}, {"left_foot_pose": [0.9999926264312806, -0.003764481598855848, 0.0007587894055677448, 0.0018732078860685974, 0.0038401926513981287, 0.9803729614314793, -0.19711445764953991, -0.0007446077736250507, -1.862867949538002e-06, 0.19711591811003978, 0.9803801889186498, 0.011469802592102493, 0.0, 0.0, 0.0, 1.0], "right_foot_pose": [1.0000000000000002, -4.4607851407704433e-11, -1.3390516473421575e-10, 1.9869439456223107e-10, 1.486279335233721e-11, 0.9767481240022503, -0.21439007033462362, -0.14000000015054584, 1.4035494835746003e-10, 0.21439007033462343, 0.9767481240022504, 2.91193125168121e-10, 0.0, 0.0, 0.0, 1.0]}, {"left_foot_pose": [0.9999715160689392, -0.007377945413671153, 0.0015915314199476404, 0.0036817231739768573, 0.007547651562486014, 0.9775596146369527, -0.21052371074713863, -0.0014634905461468062, -2.5843953910312056e-06, 0.21052972652888335, 0.9775874560575109, 0.019120926976377003, 0.0, 0.0, 0.0, 1.0], "right_foot_pose": [1.0, -8.370433346567775e-12, -1.041861041883858e-11, 1.4685857674824473e-10, 5.851334897893401e-12, 0.9750953368699042, -0.22178612223168565, -0.14000000004915933, 1.2015350673573171e-11, 0.22178612223168553, 0.9750953368699041, 1.0864427413270761e-10, 0.0, 0.0, 0.0, 1.0]}, {"left_foot_pose": [0.9999272961451064, -0.011775914289765203, 0.0025942757327574416, 0.005882125776157325, 0.012058292359278, 0.9765656433649311, -0.21488169253013945, -0.002338146187939906, -3.052156352007978e-06, 0.2148973523379923, 0.9766366406954055, 0.0242658784051537, 0.0, 0.0, 0.0, 1.0], "right_foot_pose": [0.9999999999999999, 3.873639823844097e-12, 3.497369061022935e-11, 3.088168133064913e-11, 4.070545915446394e-12, 0.9745146934680163, -0.2243236773391042, -0.13999999996155554, -3.4951498587639646e-11, 0.2243236773391041, 0.9745146934680162, 4.472761050422491e-11, 0.0, 0.0, 0.0, 1.0]}, {"left_foot_pose": [0.999854300526633, -0.016701701511490957, 0.0035257460230307134, 0.008327024323346982, 0.01706978935199255, 0.9783317350971072, -0.20633864978079858, -0.0033099920496544935, -3.1426853004864273e-06, 0.2063687700901118, 0.9784742872051462, 0.025000001886699486, 0.0, 0.0, 0.0, 1.0], "right_foot_pose": [0.9999999999999996, -1.2691746466737615e-11, -8.50775006000497e-12, -5.964237652495048e-11, 1.0488837537500813e-11, 0.9750957836429278, -0.22178415795945544, -0.13999999995662854, 1.111051888870817e-11, 0.22178415795945533, 0.9750957836429277, 1.3391820291586143e-10, 0.0, 0.0, 0.0, 1.0]}, {"left_foot_pose": [0.999751773462424, -0.021870242971235996, 0.004252520560577629, 0.01086902405488671, 0.022279844033478404, 0.9813970405742831, -0.19069204834466408, -0.004320436827271391, -2.929663151888635e-06, 0.1907394590125987, 0.9816406973872872, 0.02500000233278639, 0.0, 0.0, 0.0, 1.0], "right_foot_pose": [0.9999999999999998, -5.3039732104450467e-11, -1.3219714212198113e-10, -8.722800968945835e-11, 2.3456780239987512e-11, 0.9767359040799074, -0.21444573598280334, -0.1399999999315629, 1.4049555866456382e-10, 0.21444573598280325, 0.9767359040799073, 3.6578877427029255e-10, 0.0, 0.0, 0.0, 1.0]}, {"left_foot_pose": [0.9996249268850244, -0.02699088400598047, 0.004636564534888513, 0.0133607390370337, 0.02738622909440381, 0.98520969289258, -0.16915039310181287, -0.00531089386083787, -2.4696817172177035e-06, 0.16921392735553603, 0.9855793457570104, 0.02491027146765478, 0.0, 0.0, 0.0, 1.0], "right_foot_pose": [0.9999999999999997, -1.1432484034188857e-10, -3.448821228602122e-10, -1.1116270226005092e-10, 4.221618926732231e-11, 0.9793374774296448, -0.20223279976734754, -0.13999999993664322, 3.608760937326157e-10, 0.20223279976734743, 0.9793374774296448, 7.541905572283625e-10, 0.0, 0.0, 0.0, 1.0]}, {"left_foot_pose": [0.9994850839670172, -0.031778376427877134, 0.0044386618539456035, 0.01565477972972913, 0.032086865291695896, 0.9898835622908343, -0.13820624509102838, -0.006222780866043429, -1.78832660208739e-06, 0.13827750322455531, 0.9903935238574545, 0.021163834467047123, 0.0, 0.0, 0.0, 1.0], "right_foot_pose": [0.9999999999999997, -1.9129781007958542e-10, -6.647933314951605e-10, -1.8104859656162588e-10, 6.52382015735591e-11, 0.98280003142656, -0.18467294936712586, -0.14000000016646053, 6.886864176756572e-10, 0.1846729493671257, 0.9828000314265598, 1.3210284810494244e-09, 0.0, 0.0, 0.0, 1.0]}, {"left_foot_pose": [0.9993489089387875, -0.03589403326190664, 0.003657400586368198, 0.017603749419704384, 0.03607988638768146, 0.9942040633758625, -0.10127448921212877, -0.006997501099655776, -1.0526399980980546e-06, 0.10134050889510403, 0.994851798639262, 0.013996812880680463, 0.0, 0.0, 0.0, 1.0], "right_foot_pose": [0.9999999999999998, -2.5717407670941517e-10, -1.048551412363706e-09, -1.6017397551174105e-10, 8.423026863145266e-11, 0.9868386597535785, -0.16170794543175918, -0.14000000034035057, 1.0763382077018872e-09, 0.16170794543175906, 0.9868386597535785, 2.0485964799532574e-09, 0.0, 0.0, 0.0, 1.0]}, {"left_foot_pose": [0.9992367259662431, -0.038984888020131114, 0.00247870658243033, 0.01906026294564511, 0.039063608129167725, 0.9972238032617322, -0.06339338079119744, -0.007576464610734107, -4.413539389281059e-07, 0.06344182149233048, 0.997985538615436, 0.0062879108278452375, 0.0, 0.0, 0.0, 1.0], "right_foot_pose": [0.9999999999999996, -2.885759536674907e-10, -1.4557951510951724e-09, -5.10242918116636e-11, 9.142789280167345e-11, 0.9910293011676777, -0.1336447687981255, -0.14000000036685276, 1.4813020424390436e-09, 0.1336447687981254, 0.9910293011676777, 2.8577433475174274e-09, 0.0, 0.0, 0.0, 1.0]}, {"left_foot_pose": [0.9991699267551091, -0.04072181985072409, 0.001091263596208086, 0.019876932917667404, 0.040736439071012806, 0.9988113974928507, -0.02676443106425959, -0.007901085026358485, -7.017735604732954e-08, 0.026786668819115563, 0.999641172808309, 0.0009158369886470008, 0.0, 0.0, 0.0, 1.0], "right_foot_pose": [0.9999999999999998, -2.6064413662127804e-10, -1.7875370073028295e-09, 1.530662588233466e-10, 7.835358865479326e-11, 0.9948630866607543, -0.10122963400030835, -0.14000000017333217, 1.8047393809128321e-09, 0.10122963400030825, 0.9948630866607543, 3.5661080199922424e-09, 0.0, 0.0, 0.0, 1.0]}, {"left_foot_pose": [0.9991596177334426, -0.04098720188188863, -0.0003279827050022818, 0.02000000052642075, 0.04098851413215048, 0.9991276299251586, 0.007995050304688752, -0.007949999656583369, 1.8418110125751076e-09, -0.008001774929931718, 0.999967985286515, 3.841760111422676e-09, 0.0, 0.0, 0.0, 1.0], "right_foot_pose": [1.0, -1.808512066960121e-10, -1.8861899264699376e-09, 2.718284512001776e-10, 5.461006556538328e-11, 0.9977720326590345, -0.0667155967031604, -0.14000000001031743, 1.894052811134565e-09, 0.06671559670316027, 0.9977720326590348, 3.821531577297144e-09, 0.0, 0.0, 0.0, 1.0]}, {"left_foot_pose": [0.9991596177346133, -0.04095150633708019, -0.001741383687284047, 0.020000000408998218, 0.04098851410361543, 0.9982574968619582, 0.042448930145249454, -0.007949999790435187, 1.6888989291955464e-09, -0.04248463354699694, 0.9990971203603675, 3.4618068481262476e-09, 0.0, 0.0, 0.0, 1.0], "right_foot_pose": [0.9999999999999999, -7.54542651777932e-11, -1.7139081265327145e-09, 1.761803510001137e-10, 2.065241239221074e-11, 0.9994893934071455, -0.03195234680921691, -0.14000000011207525, 1.7154439432457372e-09, 0.031952346809216776, 0.9994893934071454, 3.5277784582454785e-09, 0.0, 0.0, 0.0, 1.0]}, {"left_foot_pose": [0.999159617735113, -0.04087631954894413, -0.003030641443177051, 0.020000000295733036, 0.0409885140914442, 0.9964247013007155, 0.07387662925686574, -0.007949999855947179, 1.2900645935410903e-09, -0.07393876613734848, 0.9972627832532844, 2.634627946362933e-09, 0.0, 0.0, 0.0, 1.0], "right_foot_pose": [0.9999999999905484, 4.3477606681010605e-06, -1.961741047404653e-09, 3.932062374967547e-06, -4.3477609040178865e-06, 0.9999999897760531, -0.0001429300207169197, -0.14000511558273795, 1.3403153046328133e-09, 0.00014293002072394588, 0.9999999897855048, 3.7401924875592185e-05, 0.0, 0.0, 0.0, 1.0]}, {"left_foot_pose": [0.9991596177348686, -0.040781532157878726, -0.004113991099619131, 0.020000000422037662, 0.040988514097389114, 0.9941141089046341, 0.10028499483389497, -0.007949999602741014, 8.542679859900968e-10, -0.10036934348496115, 0.9949502474437598, 1.7994591025582984e-09, 0.0, 0.0, 0.0, 1.0], "right_foot_pose": [0.9999998999865294, 0.0004470351847045891, 1.3655574836455387e-05, 0.0004044507912276816, -0.00044724369908915354, 0.9995383422496902, 0.030379307856088632, -0.14052628282994123, -6.86511359165841e-08, -0.030379310925118565, 0.9995384422160613, 0.0034929905711461803, 0.0, 0.0, 0.0, 1.0]}, {"left_foot_pose": [0.9991596177343404, -0.04068685800241244, -0.004963655392875191, 0.02000000041163927, 0.04098851411026893, 0.9918062761659118, 0.12099691016278127, -0.007949999620310332, 4.688543554641609e-10, -0.12109867936439035, 0.992640473613786, 1.0617011853009117e-09, 0.0, 0.0, 0.0, 1.0], "right_foot_pose": [0.9999988390977105, 0.0015207657760987442, 9.52611448599069e-05, 0.001377941954478742, -0.0015237464260063889, 0.998052791708313, 0.06235625999105463, -0.1417930405325551, -2.4638544895165505e-07, -0.062356332755358804, 0.9980539503279581, 0.010538497925243508, 0.0, 0.0, 0.0, 1.0]}, {"left_foot_pose": [0.999159617733825, -0.040608939077236665, -0.005565281396188674, 0.02000000029563471, 0.04098851412283088, 0.9899068784901079, 0.13566249897438062, -0.00794999979389029, 1.7890375626558148e-10, -0.13577660323116292, 0.9907394783771406, 4.88768553408292e-10, 0.0, 0.0, 0.0, 1.0], "right_foot_pose": [0.9999951912546167, 0.0030871314331049706, 0.00029510533180003145, 0.0028044455735170087, -0.00310120418454609, 0.9954726296982693, 0.09499803184391567, -0.14364929435822127, -4.978704966795294e-07, -0.09499849020445868, 0.9954774165487762, 0.018295208586437142, 0.0, 0.0, 0.0, 1.0]}, {"left_foot_pose": [0.9991596177335363, -0.04056018394481356, -0.0059101411943416945, 0.020000000122211044, 0.04098851412986558, 0.9887183945747265, 0.14406900408832624, -0.007949999981991857, 6.8106656851856016e-12, -0.14419017895799718, 0.989549994842131, 1.2782965658209022e-10, 0.0, 0.0, 0.0, 1.0], "right_foot_pose": [0.9999872640312819, 0.005007350028380597, 0.0006310474814631668, 0.004564007660685151, -0.005046956968585684, 0.9921586482649384, 0.12488292476734926, -0.14593894828844195, -7.666993216273532e-07, -0.12488451913181033, 0.9921712840435509, 0.02388441791957429, 0.0, 0.0, 0.0, 1.0]}, {"left_foot_pose": [0.9991596177335927, -0.040548228146234926, -0.005991617866849324, 0.019999999983040896, 0.04098851412849079, 0.9884269530433439, 0.14605512728757755, -0.00795000002954052, -3.1254460799161573e-11, -0.1461779726622752, 0.9892583081826244, 3.482768240470335e-11, 0.0, 0.0, 0.0, 1.0], "right_foot_pose": [0.9999738752469313, 0.007150251785730853, 0.0010595862567217096, 0.006536676128494732, -0.007228334710547341, 0.9891915358210865, 0.14645086765612544, -0.14850590015236634, -9.731786415987553e-07, -0.14645470070748967, 0.9892173778496479, 0.025000001670739284, 0.0, 0.0, 0.0, 1.0]}, {"left_foot_pose": [0.9991596177339811, -0.04057390922664593, -0.005815168076140079, 0.019999999914059232, 0.04098851411902957, 0.989052970404984, 0.14175388334501715, -0.00795000003175992, 6.374509047502149e-11, -0.14187311099410813, 0.9898848520797024, 1.7452406880780202e-10, 0.0, 0.0, 0.0, 1.0], "right_foot_pose": [0.999954753550548, 0.009389353132943095, 0.0015267283346348452, 0.008602486744972708, -0.009512667895421911, 0.9870103948452278, 0.16037452920267237, -0.15119405229322283, -1.0836481759266202e-06, -0.16038179608425748, 0.9870550539273956, 0.025000001290223325, 0.0, 0.0, 0.0, 1.0]}, {"left_foot_pose": [0.9991596177346284, -0.04063432492818003, -0.005376795144230398, 0.01999999986560857, 0.04098851410324553, 0.9905256994362645, 0.13106784681190173, -0.007950000027017134, 2.9597226824631505e-10, -0.1311780865614802, 0.9913588198054577, 5.643318243264694e-10, 0.0, 0.0, 0.0, 1.0], "right_foot_pose": [0.9999307630030412, 0.011602611265979178, 0.001961787951538483, 0.010641483532958034, -0.01176729361375223, 0.9859520875721529, 0.16661336024797355, -0.1538473124667067, -1.0788755174991722e-06, -0.16662490937409058, 0.9860203545439173, 0.02499255103047842, 0.0, 0.0, 0.0, 1.0]}, {"left_foot_pose": [0.9991596177353806, -0.040722650777911505, -0.004660901255058303, 0.019999999848573074, 0.040988514084913635, 0.9926787825964737, 0.11361679583536281, -0.007949999704623185, 6.843645945373352e-10, -0.11371235771192133, 0.9935137138981007, 1.2770310781062832e-09, 0.0, 0.0, 0.0, 1.0], "right_foot_pose": [0.9999039516785504, 0.013680380337658574, 0.002221398531642788, 0.012533714679380184, -0.013859560482107057, 0.9869876568372121, 0.16019762118780853, -0.15630958135741854, -9.285446104337128e-07, -0.16021302208249752, 0.9870824623881892, 0.021837793267985732, 0.0, 0.0, 0.0, 1.0]}, {"left_foot_pose": [0.999159617735819, -0.040824783355891014, -0.0036599658410404446, 0.019999999931305926, 0.04098851407422626, 0.995168426099222, 0.08921740530403946, -0.00794999939009889, 1.2024929900356018e-09, -0.08929244514035248, 0.9960054514112152, 2.2930068954707394e-09, 0.0, 0.0, 0.0, 1.0], "right_foot_pose": [0.9998774241377448, 0.015501398871231526, 0.0022007573020869724, 0.014159211502700228, -0.015656841930202312, 0.9899564734696824, 0.14050282536747316, -0.15842476477274775, -6.635991805278571e-07, -0.14052006002171016, 0.9900778316531759, 0.014923779890084282, 0.0, 0.0, 0.0, 1.0]}, {"left_foot_pose": [0.9991596177357784, -0.040919298334317386, -0.0023810312726427704, 0.019999999963932237, 0.04098851407521621, 0.9974723775592975, 0.058041344919887904, -0.007949999219333892, 1.8160641625947592e-09, -0.05809016293685805, 0.9983113406998694, 3.5147213681141487e-09, 0.0, 0.0, 0.0, 1.0], "right_foot_pose": [0.9998550380809731, 0.016919901211387842, 0.0019025685513407503, 0.015398016653629703, -0.017026532940184195, 0.9935956542280906, 0.11170395281765855, -0.1600367721015996, -3.639978870176635e-07, -0.11172015414440573, 0.993739707950637, 0.007129215050631965, 0.0, 0.0, 0.0, 1.0]}, {"left_foot_pose": [0.9991596177339416, -0.04097974510375296, -0.0008478095284110628, 0.020000000248341008, 0.04098851411999527, 0.9989458603626594, 0.02066663433029501, -0.007949999303169867, 2.4117742401451016e-09, -0.020684016910131216, 0.9997860628376769, 4.696308376905822e-09, 0.0, 0.0, 0.0, 1.0], "right_foot_pose": [0.9998409252708697, 0.01778392977532345, 0.0013623491613594181, 0.01613017595873411, -0.01783603525113275, 0.9969204882413568, 0.07636370846897737, -0.16098950906488715, -1.0696230228791894e-07, -0.0763758598404038, 0.9970790981831018, 0.001332806676074702, 0.0, 0.0, 0.0, 1.0]}, {"left_foot_pose": [0.9991596177284888, -0.040979610606325746, 0.0008542922306046887, 0.020000001613661098, 0.04098851425291453, 0.9989425760625099, -0.020824779204984607, -0.007949999498789887, 2.4612323707769466e-09, 0.020842294599002706, 0.9997827757847447, 5.328872954013519e-09, 0.0, 0.0, 0.0, 1.0], "right_foot_pose": [0.9998380043730483, 0.017987568884240388, 0.000642165831413084, 0.016277598604562078, -0.017999028065990644, 0.9992014470252589, 0.03567216353556429, -0.16118134930552727, 2.4708675941587667e-09, -0.03567794316189042, 0.9993633395175836, 5.261000780854008e-09, 0.0, 0.0, 0.0, 1.0]}, {"left_foot_pose": [0.9991596177253174, -0.040907694026306445, 0.002572717716434865, 0.020000002711750085, 0.04098851433021682, 0.9971894926212497, -0.0627140933026779, -0.007949999457787226, 1.865653537104853e-09, 0.06276684136728104, 0.9980282178499642, 5.367661183586225e-09, 0.0, 0.0, 0.0, 1.0], "right_foot_pose": [0.9998380043732701, 0.017998635571130253, -0.00011886317459796611, 0.016277599600328, -0.017999028053665142, 0.9998162028408006, -0.006602690824688411, -0.16118134904978296, 1.9019418374588884e-09, 0.00660376063926415, 0.9999781949349791, 4.985721439865198e-09, 0.0, 0.0, 0.0, 1.0]}, {"left_foot_pose": [0.9991596177287237, -0.0407743830735296, 0.004184254433555528, 0.020000000485909056, 0.04098851424718503, 0.99393982765033, -0.1019978465961018, -0.0079499993121424, 2.1392511304093836e-09, 0.10208363578657749, 0.9947758196219862, 4.573263732987609e-09, 0.0, 0.0, 0.0, 1.0], "right_foot_pose": [0.9998380043746208, 0.017979322232753493, -0.0008420096356222486, 0.01627759744683899, -0.01799902797863422, 0.9987433646594309, -0.04677313909268365, -0.16118134882964583, 2.1969721881676636e-09, 0.04678071740375508, 0.9989051829273838, 4.127004911425036e-09, 0.0, 0.0, 0.0, 1.0]}, {"left_foot_pose": [0.9992534919656348, -0.03827250111776998, 0.00526065135478927, 0.01977364257459977, 0.038632354200038244, 0.9899390858695438, -0.13611813794177416, -0.008352113807336796, 1.8571932866317845e-06, 0.13621975600463862, 0.9906786452077124, 0.002844457484278258, 0.0, 0.0, 0.0, 1.0], "right_foot_pose": [0.9998380043751227, 0.017938510888349933, -0.0014747319352291185, 0.01627759697700211, -0.017999027950759687, 0.9964763156869819, -0.0819206156454295, -0.16118134910366438, 1.5897071939520868e-09, 0.08193388860542958, 0.9966377666424212, 2.890182433656907e-09, 0.0, 0.0, 0.0, 1.0]}, {"left_foot_pose": [0.9994871376117735, -0.031586063804209474, 0.005270893850289216, 0.01913875783248403, 0.03202283141418495, 0.9858337650713485, -0.16463998880426783, -0.009479939804290391, 4.104061373946832e-06, 0.16472434009158168, 0.9863396432084389, 0.009617036515917061, 0.0, 0.0, 0.0, 1.0], "right_foot_pose": [0.9998380043751206, 0.017888416300529186, -0.001992377834454047, 0.016277596731304345, -0.01799902795087162, 0.9936935825062548, -0.11067564808352848, -0.16118134911912854, 1.000775525447124e-09, 0.11069357997708913, 0.9938545825984082, 1.8174144827964867e-09, 0.0, 0.0, 0.0, 1.0]}, {"left_foot_pose": [0.9997573869647971, -0.021642418374828536, 0.004095477531472564, 0.018178790163678765, 0.022026510619941517, 0.9822709400781986, -0.1861682924340313, -0.011185241393217686, 6.263508075727755e-06, 0.18621333465888576, 0.9825093353022083, 0.01743949048168262, 0.0, 0.0, 0.0, 1.0], "right_foot_pose": [0.9998380043748559, 0.017839473497120586, -0.0023912743572557208, 0.016277596642947267, -0.017999027965591177, 0.9909748282810514, -0.1328342000602054, -0.1611813489516794, 5.04068906726618e-10, 0.1328557221149556, 0.9911353878766079, 9.987280030765433e-10, 0.0, 0.0, 0.0, 1.0]}, {"left_foot_pose": [0.9999547651619969, -0.009326614748120918, 0.001865981553153935, 0.01697721653409898, 0.009511444075413, 0.9803610253787335, -0.19698170562252568, -0.01331972593191327, 7.836891981053326e-06, 0.1969905433661706, 0.9804053884811554, 0.023433113587551853, 0.0, 0.0, 0.0, 1.0], "right_foot_pose": [0.9998380043745251, 0.0177996633733842, -0.002671514956281926, 0.01627759669925476, -0.01799902798396155, 0.9887633899177948, -0.14840146141431218, -0.1611813487099445, 1.2709633297409816e-10, 0.1484255056992065, 0.988923591213161, 4.447400364648857e-10, 0.0, 0.0, 0.0, 1.0]}, {"left_foot_pose": [0.999989178789796, 0.004563344258821789, -0.0009045399302388421, 0.015617518733306619, -0.0046521214050354795, 0.9812521097581821, -0.19267240295784505, -0.015735103847180562, 8.35121103618838e-06, 0.19267452603884308, 0.9812627206543441, 0.025000001571417095, 0.0, 0.0, 0.0, 1.0], "right_foot_pose": [0.9998380043742845, 0.017774566968832756, -0.002833686277353307, 0.016277596868091347, -0.017999027997310794, 0.9873692930785466, -0.1574100189845718, -0.1611813485659077, -1.0752989452613185e-10, 0.15743552284869408, 0.9875292685006144, 1.62297772443587e-10, 0.0, 0.0, 0.0, 1.0]}, {"left_foot_pose": [0.9998080574462765, 0.01927820621307348, -0.0034927110831259613, 0.014183184385887542, -0.01959204438860438, 0.9838640694380297, -0.17784162804449208, -0.018283076571839967, 7.885360905069844e-06, 0.17787592201882377, 0.984052923527884, 0.02500000212328378, 0.0, 0.0, 0.0, 1.0], "right_foot_pose": [0.9998380043742219, 0.017766442092250343, -0.0028841886824064176, 0.01627759702990484, -0.01799902800078392, 0.9869179588519417, -0.16021540964134617, -0.16118134855883162, -1.902947722684675e-10, 0.1602413680386561, 0.9870778611482985, 6.674494290592747e-11, 0.0, 0.0, 0.0, 1.0]}, {"left_foot_pose": [0.9994069215793535, 0.03401373538278895, -0.005373165230120688, 0.012757689141453565, -0.034435520250157434, 0.9871957952601869, -0.15575190774340247, -0.02081534748835467, 6.661947064559695e-06, 0.15584456238803435, 0.9877815914106223, 0.02500000262638328, 0.0, 0.0, 0.0, 1.0], "right_foot_pose": [0.9998380043743497, 0.017775583409775024, -0.002827303160391925, 0.016277597207023015, -0.01799902799371756, 0.9874257558948645, -0.15705544112426423, -0.16118134854662935, -1.3336961735593774e-10, 0.15708088753854788, 0.9875857404651522, 1.8285371827797547e-10, 0.0, 0.0, 0.0, 1.0]}, {"left_foot_pose": [0.9988323499790395, 0.04796085010287676, -0.00580460961304915, 0.011424511177992813, -0.04831083329737197, 0.9916079180846772, -0.11991580453754429, -0.02318362799803601, 4.632927298665054e-06, 0.12005621037323463, 0.992767095712461, 0.022459723672275216, 0.0, 0.0, 0.0, 1.0], "right_foot_pose": [0.9998380043745912, 0.017813327052446214, -0.002578834534721021, 0.01627759739245735, -0.017999027980279345, 0.989522401980933, -0.143253101082141, -0.16118134877224335, 2.0225504913396447e-10, 0.14327631122138623, 0.989682726252607, 6.240125291490095e-10, 0.0, 0.0, 0.0, 1.0]}, {"left_foot_pose": [0.9981773356599364, 0.0601458733892266, -0.004947776175043037, 0.010267138327814083, -0.06034903949526271, 0.9948205027042808, -0.08179340334771656, -0.02523961342917106, 2.613499898648771e-06, 0.08194291496798344, 0.9966370245378808, 0.015838561795190532, 0.0, 0.0, 0.0, 1.0], "right_foot_pose": [0.9998380043749843, 0.017853651892849466, -0.002283007126228755, 0.016277597555222706, -0.01799902795846085, 0.9917624322586538, -0.12682000218005834, -0.16118134901097622, 5.283989395380609e-10, 0.1268405498036349, 0.9919231194631526, 1.2582822353501832e-09, 0.0, 0.0, 0.0, 1.0]}, {"left_foot_pose": [0.9975690822236576, 0.06961817083212453, -0.0030391580149545855, 0.00936904456126604, -0.06968447596469858, 0.9966205082984665, -0.0434929448121505, -0.026835004235184645, 9.879437387532066e-07, 0.04359899917310697, 0.999049111540633, 0.007998177439530373, 0.0, 0.0, 0.0, 1.0], "right_foot_pose": [0.999838004375278, 0.017900411706457245, -0.0018815598850049932, 0.016277597613917213, -0.017999027942128647, 0.9943599217170438, -0.10451976404495704, -0.16118134914762747, 9.320927371448515e-10, 0.1045366985494296, 0.9945210297708068, 2.0019786800551387e-09, 0.0, 0.0, 0.0, 1.0]}, {"left_foot_pose": [0.997149280323611, 0.07545171055118766, -0.0005934012177925612, 0.008813707923658157, -0.07545404396119593, 0.9971184524920066, -0.00784085134719666, -0.027821505805246505, 8.565766820375295e-08, 0.007863273799555332, 0.9999690839846733, 0.0018172765417774697, 0.0, 0.0, 0.0, 1.0], "right_foot_pose": [0.9998380043752668, 0.017945510107787277, -0.0013869657008528408, 0.01627759752422006, -0.01799902794275381, 0.9968651180997823, -0.07704525494164702, -0.16118134905826076, 1.3258683605777741e-09, 0.07705773798184515, 0.9970266320500779, 2.6771165562156085e-09, 0.0, 0.0, 0.0, 1.0]}, {"left_foot_pose": [0.9970369644191253, 0.07690086760393995, 0.0018836516816817753, 0.008672187302386475, -0.07692393373909413, 0.9967379960115185, 0.024414662091592952, -0.02807289568252908, 1.494717049704868e-09, -0.024487218476269907, 0.9997001431085708, 3.1514585455139077e-09, 0.0, 0.0, 0.0, 1.0], "right_foot_pose": [0.9998380043742702, 0.01797985101274654, -0.000830642183230538, 0.016277596758368415, -0.017999027998120334, 0.9987727352646607, -0.04614171955043928, -0.1611813488395638, 1.5223821313038846e-09, 0.046149195545620685, 0.99893455829223, 2.9544770727141234e-09, 0.0, 0.0, 0.0, 1.0]}, {"left_foot_pose": [0.9970369644178723, 0.07680219973802495, 0.004325933401687212, 0.008672186172161471, -0.07692393375533563, 0.9954591280787801, 0.05606989156615548, -0.028072896098824286, 1.1191824066073547e-09, -0.05623652229678047, 0.9984174745866405, 3.293460476561094e-09, 0.0, 0.0, 0.0, 1.0], "right_foot_pose": [0.9998380043730353, 0.017997228124429485, -0.00025454112355644356, 0.01627759557708308, -0.01799902806671331, 0.9997380192700525, -0.014139583255755008, -0.16118134891481367, 1.1332489154647963e-09, 0.014141874197927347, 0.9998999986969548, 2.908388557765207e-09, 0.0, 0.0, 0.0, 1.0]}, {"left_foot_pose": [0.9970369644169096, 0.07663806870602205, 0.006625557435101542, 0.00867218765007184, -0.07692393376781208, 0.9933317699001347, 0.08587609283585257, -0.028072895799586807, 1.2093740729060824e-09, -0.08613130285835585, 0.9962837942413413, 2.52487750151964e-09, 0.0, 0.0, 0.0, 1.0], "right_foot_pose": [0.9998380043737131, 0.017996677255662875, 0.0002908912958555741, 0.01627759702562178, -0.01799902802904907, 0.9997074188633394, 0.0161589498300265, -0.16118134894919436, 1.218331772042304e-09, -0.016161567911416312, 0.9998693933322715, 2.475525257006339e-09, 0.0, 0.0, 0.0, 1.0]}, {"left_foot_pose": [0.9970369644164462, 0.07644245903925218, 0.00859313931407921, 0.008672188066946519, -0.07692393377381888, 0.9907964073523503, 0.1113785777896153, -0.028072895431008493, 8.102647382088941e-10, -0.11170957717988458, 0.993740896997951, 1.6241188602328371e-09, 0.0, 0.0, 0.0, 1.0], "right_foot_pose": [0.999803136533434, 0.019821956155253537, 0.0008821746350675485, 0.015819357368766787, -0.019841576994230288, 0.9988156613242787, 0.044425066299616386, -0.16147212846817277, -5.381251432839369e-07, -0.04443382436300643, 0.999012329879961, 0.0022503007992287632, 0.0, 0.0, 0.0, 1.0]}, {"left_foot_pose": [0.9970369644173575, 0.0762486529159399, 0.010170276000501723, 0.00867218810718611, -0.07692393376200805, 0.9882844216430579, 0.1318203715372763, -0.02807289534570657, 4.2148957667510875e-10, -0.13221212072329822, 0.9912214460623061, 9.262008590638082e-10, 0.0, 0.0, 0.0, 1.0], "right_foot_pose": [0.9996619963328436, 0.025926092731206215, 0.0019315288055353605, 0.014288151092062988, -0.025997943856050146, 0.9969042271322709, 0.074202889708337, -0.16244378278941585, -1.7582315642036836e-06, -0.07422802463694478, 0.9972412949509288, 0.008710107394230969, 0.0, 0.0, 0.0, 1.0]}, {"left_foot_pose": [0.9970369644185048, 0.07608701367518217, 0.011316268516010124, 0.008672188048203956, -0.07692393374713588, 0.9861893618262526, 0.14667396168917032, -0.02807289543740263, 1.0277831476037593e-10, -0.1471098534113969, 0.9891201600560361, 4.2219155949041465e-10, 0.0, 0.0, 0.0, 1.0], "right_foot_pose": [0.999364693589761, 0.03544251481071508, 0.003746645184045784, 0.011889478899251111, -0.03563999431043236, 0.9938373827691922, 0.1049621237210562, -0.1639659094961715, -3.4344193293248856e-06, -0.10502897102406668, 0.9944691625353853, 0.016558460147439433, 0.0, 0.0, 0.0, 1.0]}, {"left_foot_pose": [0.9970369644193203, 0.07598103545706066, 0.01200724083129061, 0.008672187911521877, -0.07692393373656653, 0.9848157430637589, 0.15562988348087278, -0.02807289558834505, -1.0647477880656142e-10, -0.15609239079676718, 0.9877424591133817, 1.0602357186639821e-10, 0.0, 0.0, 0.0, 1.0], "right_foot_pose": [0.998852378095241, 0.0474618607376669, 0.006426394696854764, 0.008839568546128962, -0.047894955328553215, 0.9898348570205847, 0.13391426018581556, -0.16590129561920636, -5.249508192329749e-06, -0.1340683691343964, 0.9909720845564148, 0.022916653252375255, 0.0, 0.0, 0.0, 1.0]}, {"left_foot_pose": [0.9970369644199937, 0.07596582358693717, 0.012103108151367602, 0.00867218774699071, -0.07692393372784131, 0.984618576952742, 0.1568724524554687, -0.028072895661365928, -7.582281030579496e-11, -0.157338652486657, 0.9875447070556775, 2.2682543343588435e-11, 0.0, 0.0, 0.0, 1.0], "right_foot_pose": [0.9980830461600708, 0.06114815801638456, 0.009546504021717776, 0.005354649903626401, -0.06188887560627827, 0.9861540057752938, 0.15385071975630293, -0.16811272327201526, -6.63505957404934e-06, -0.15414661742816532, 0.9880479848121908, 0.025000001470522802, 0.0, 0.0, 0.0, 1.0]}, {"left_foot_pose": [0.9970369644191841, 0.07601374913291432, 0.011798369571170794, 0.008672187621151005, -0.07692393373833342, 0.985239755750822, 0.15292263438183992, -0.028072895685138155, 1.2087075347427184e-11, -0.15337709617416762, 0.9881677319004, 1.6232212796118972e-10, 0.0, 0.0, 0.0, 1.0], "right_foot_pose": [0.997050532181356, 0.07566018895450724, 0.012875250841946777, 0.001650960623736792, -0.07674787437793422, 0.9829363951649414, 0.1671699938344756, -0.17046297427393975, -7.439328387345476e-06, -0.16766507945162015, 0.9858440145769198, 0.02500000103186368, 0.0, 0.0, 0.0, 1.0]}, {"left_foot_pose": [0.9970369644177995, 0.07613146306739713, 0.011013260904826166, 0.008672187523283465, -0.0769239337562776, 0.9867654849773534, 0.14274657989902767, -0.028072895717510888, 2.376467483498063e-10, -0.143170800055833, 0.9896979953558427, 5.398694755132105e-10, 0.0, 0.0, 0.0, 1.0], "right_foot_pose": [0.9957958844264546, 0.09019256241371311, 0.01599556952982267, -0.002055272349471242, -0.09159998090981782, 0.9805099887271692, 0.1738091065035638, -0.17281483980072543, -7.5270129767267345e-06, -0.17454358679566176, 0.9846494484088482, 0.02500000066665229, 0.0, 0.0, 0.0, 1.0]}, {"left_foot_pose": [0.9970369644161136, 0.07630719493071275, 0.009721295680567933, 0.008672187541253259, -0.07692393377813421, 0.98904320387307, 0.1260009892206846, -0.028072895483050093, 6.202189457804631e-10, -0.1263754441111885, 0.991982483275638, 1.1964148977083866e-09, 0.0, 0.0, 0.0, 1.0], "right_foot_pose": [0.9944111167943738, 0.10402074527715484, 0.01806143260517265, -0.005547820390825421, -0.10557713175976775, 0.9797626891325119, 0.17005452723526474, -0.1750311038045065, -