{"LoopMode": "Wrap", "FrameDuration": 0.0167, "EnableCycleOffsetPosition": true, "EnableCycleOffsetRotation": false, "Debug_info": [{"left_foot_pose": [1.0000000000000004, 1.154199189368701e-13, -7.913891764133046e-12, 1.3073823536147164e-12, -3.7805007714262944e-14, 0.9999523185256017, 0.00976527906791111, 5.525441215681326e-14, 7.914349300906386e-12, -0.009765279067911282, 0.9999523185256018, 1.65431557341833e-11, 0.0, 0.0, 0.0, 1.0], "right_foot_pose": [0.9999999999999998, -1.887973218279583e-13, -7.971789894867241e-12, 7.518821384406373e-13, 7.181336373923712e-14, 0.9998922381296473, -0.014680331334289946, -0.14000000000200177, 7.973659044412335e-12, 0.014680331334289795, 0.9998922381296476, 1.3827786138342901e-11, 0.0, 0.0, 0.0, 1.0]}, {"left_foot_pose": [1.0000000000000002, 1.8164865354153587e-13, -1.764394186309915e-11, 3.0080640498856422e-12, -5.957703523526716e-14, 0.9999761961447121, 0.006899793036954546, 9.871010259177027e-13, 1.7644483542980838e-11, -0.006899793036954717, 0.9999761961447122, 3.595052033844581e-11, 0.0, 0.0, 0.0, 1.0], "right_foot_pose": [1.0, -4.852983584579378e-13, -1.774985713964838e-11, 1.9574622291939742e-12, 1.738400021231234e-13, 0.9998460449034142, -0.01754669458900719, -0.14000000000358437, 1.7755418978998848e-11, 0.017546694589007043, 0.9998460449034142, 3.187321934161602e-11, 0.0, 0.0, 0.0, 1.0]}, {"left_foot_pose": [1.0000000000000007, 1.3420569252867472e-13, -3.097982981259407e-11, 5.3830238038185694e-12, -4.375987944261916e-14, 0.9999957693042334, 0.0029088440376592445, 2.6297505839600888e-12, 3.097963421394974e-11, -0.002908844037659417, 0.9999957693042334, 6.244700589963514e-11, 0.0, 0.0, 0.0, 1.0], "right_foot_pose": [1.0, -1.027855472419991e-12, -3.1166957903394626e-11, 3.7131002718743645e-12, 3.563522709268203e-13, 0.9997679856217097, -0.021540077202949506, -0.14000000000537405, 3.1181386352386994e-11, 0.021540077202949353, 0.9997679856217099, 5.690788118517531e-11, 0.0, 0.0, 0.0, 1.0]}, {"left_foot_pose": [1.0000000000000004, -1.5645283489718152e-13, -4.7732540142675374e-11, 8.420491889580713e-12, 5.242649984176231e-14, 0.99999761005243, -0.0021862958237774187, 5.108805739562072e-12, 4.7732395454705344e-11, 0.0021862958237772443, 0.99999761005243, 9.581037352379695e-11, 0.0, 0.0, 0.0, 1.0], "right_foot_pose": [1.0000000000000002, -1.9409981990801655e-12, -4.8060333490695926e-11, 6.026796909198071e-12, 6.600274735841892e-13, 0.9996450822427678, -0.02664037439395435, -0.14000000000718654, 4.80949084912421e-11, 0.026640374393954204, 0.9996450822427678, 8.859413203055055e-11, 0.0, 0.0, 0.0, 1.0]}, {"left_foot_pose": [1.0000000000000004, -8.522911045684692e-13, -6.80831502286594e-11, 1.2182121578388802e-11, 2.8242963077221427e-13, 0.999964932875844, -0.008374545874834934, 8.636022452712666e-12, 6.808767479928078e-11, 0.008374545874834763, 0.999964932875844, 1.3658583292164295e-10, 0.0, 0.0, 0.0, 1.0], "right_foot_pose": [1.0, -3.39695855829651e-12, -6.864342427803647e-11, 8.96722676011326e-12, 1.1410859979450399e-12, 0.999460688103784, -0.03283798007050106, -0.14000000000884158, 6.871775234583427e-11, 0.03283798007050092, 0.9994606881037839, 1.2730612397593433e-10, 0.0, 0.0, 0.0, 1.0]}, {"left_foot_pose": [1.0000000000000007, -2.168034175080309e-12, -9.262529632181325e-11, 1.6815401356005114e-11, 7.169121961080287e-13, 0.9998772597964374, -0.015667333594734382, 1.3542748519834724e-11, 9.264754630811376e-11, 0.01566733359473421, 0.9998772597964374, 1.861933870972443e-10, 0.0, 0.0, 0.0, 1.0], "right_foot_pose": [0.9999999999999998, -5.638663743200052e-12, -9.355566321644911e-11, 1.267874026435701e-11, 1.878282261892003e-12, 0.9991938186203994, -0.040146143411100454, -0.1400000000101357, 9.370633741100021e-11, 0.04014614341110031, 0.9991938186203994, 1.7422965153945924e-10, 0.0, 0.0, 0.0, 1.0]}, {"left_foot_pose": [1.0000000000000004, -4.405000807527562e-12, -1.2237383328894675e-10, 2.2563194014708205e-11, 1.4545432547349834e-12, 0.9997094923724699, -0.024102507346325103, 2.0319012097869127e-11, 1.2244418470537936e-10, 0.024102507346324933, 0.9997094923724701, 2.4699958051099813e-10, 0.0, 0.0, 0.0, 1.0], "right_foot_pose": [1.0, -9.015686739978854e-12, -1.238749103293912e-10, 1.7394649014672888e-11, 2.984159589214975e-12, 0.9988180803580029, -0.0486049621947601, -0.14000000001079732, 1.241665017325966e-10, 0.048604962194759946, 0.9988180803580029, 2.314055960739303e-10, 0.0, 0.0, 0.0, 1.0]}, {"left_foot_pose": [1.0000000000000002, -7.998114712617702e-12, -1.5875722958469383e-10, 2.977390204335544e-11, 2.6366784769534807e-12, 0.9994304837207877, -0.033744750845625164, 2.965995678227973e-11, 1.5893631266945277e-10, 0.03374475084562499, 0.9994304837207879, 3.2238263447670334e-10, 0.0, 0.0, 0.0, 1.0], "right_foot_pose": [0.9999999999999999, -1.4034190950408601e-11, -1.6112167156023808e-10, 2.3453171512258263e-11, 4.6199219714978484e-12, 0.9983001645736634, -0.058281913250996784, -0.14000000001042384, 1.6166571436596281e-10, 0.05828191325099664, 0.9983001645736634, 3.0174687054573823e-10, 0.0, 0.0, 0.0, 1.0]}, {"left_foot_pose": [1.0000000000000007, -1.3576497189856735e-11, -2.0359725017016194e-10, 3.8915038565677587e-11, 4.4657804237729606e-12, 0.9990011798346582, -0.044683807905789644, 4.251821637824005e-11, 2.0400009698636888e-10, 0.044683807905789456, 0.9990011798346587, 4.168287659478409e-10, 0.0, 0.0, 0.0, 1.0], "right_foot_pose": [0.9999999999999998, -2.1421997907896924e-11, -2.0725066107729604e-10, 3.131850354602126e-11, 7.014302623113371e-12, 0.9975979333530195, -0.06927021993457799, -0.14000000000840312, 2.0823668358404517e-10, 0.06927021993457784, 0.9975979333530195, 3.890671673723034e-10, 0.0, 0.0, 0.0, 1.0]}, {"left_foot_pose": [1.0000000000000007, -2.2030112112860132e-11, -2.589972680766546e-10, 5.0577189085253855e-11, 7.224056305842063e-12, 0.9983724790874119, -0.05702975539888524, 6.013214405575784e-11, 2.5983178194333004e-10, 0.057029755398885065, 0.9983724790874119, 5.358936905341949e-10, 0.0, 0.0, 0.0, 1.0], "right_foot_pose": [1.0, -3.219886262527044e-11, -2.6455121426849344e-10, 4.1594802360105533e-11, 1.048166057595826e-11, 0.9966582560466255, -0.08168427421541585, -0.14000000000381857, 2.662969766839229e-10, 0.08168427421541569, 0.9966582560466256, 4.979561693541079e-10, 0.0, 0.0, 0.0, 1.0]}, {"left_foot_pose": [1.0, -3.4539589577600634e-11, -3.268681436630055e-10, 6.542041042117638e-11, 1.1277321121891739e-11, 0.9974832664308171, -0.07090227916300419, 8.39300972471646e-11, 3.284941631159916e-10, 0.070902279163004, 0.9974832664308172, 6.855119943915966e-10, 0.0, 0.0, 0.0, 1.0], "right_foot_pose": [0.9999999999999998, -4.769908437305961e-11, -3.351789956695936e-10, 5.4986980006236164e-11, 1.5420908575488177e-11, 0.9954151224158193, -0.09564901497610771, -0.1399999999953708, 3.382044865802275e-10, 0.09564901497610756, 0.9954151224158191, 6.330210730598473e-10, 0.0, 0.0, 0.0, 1.0]}, {"left_foot_pose": [1.0000000000000002, -5.24369852617866e-11, -4.076294857213716e-10, 8.396754858488258e-11, 1.7019415404235822e-11, 0.9962599663501142, -0.08640647804459038, 1.1507569376567606e-10, 4.1063533424512686e-10, 0.0864064780445902, 0.9962599663501143, 8.695941050573808e-10, 0.0, 0.0, 0.0, 1.0], "right_foot_pose": [0.9999999999999998, -6.939111187902405e-11, -4.1982539666918187e-10, 7.21092174384756e-11, 2.2243903660738936e-11, 0.9937895802124566, -0.11127564990216547, -0.13999999998144358, 4.2493943029616967e-10, 0.11127564990216537, 0.9937895802124564, 7.965551204747179e-10, 0.0, 0.0, 0.0, 1.0]}, {"left_foot_pose": [1.0000000000000004, -7.65013022961681e-11, -4.96819474449238e-10, 1.059714321187583e-10, 2.46310790497578e-11, 0.9946214343765278, -0.10357703547977934, 1.5303717494641322e-10, 5.020710316309345e-10, 0.1035770354797791, 0.9946214343765277, 1.0828618557390257e-09, 0.0, 0.0, 0.0, 1.0], "right_foot_pose": [0.9999999999999998, -9.802843000751934e-11, -5.141774783723457e-10, 9.284918597540636e-11, 3.108856208553074e-11, 0.9916958715689329, -0.12860520328950367, -0.13999999996069573, 5.225143867326056e-10, 0.12860520328950353, 0.9916958715689329, 9.82013061145981e-10, 0.0, 0.0, 0.0, 1.0]}, {"left_foot_pose": [1.0000000000000004, -1.0461272588853147e-10, -5.767025190728229e-10, 1.2865131609220538e-10, 3.332615991892024e-11, 0.992499262260504, -0.12225062131685094, 1.9174628898555035e-10, 5.85165638451004e-10, 0.12225062131685077, 0.9924992622605042, 1.2911720304042973e-09, 0.0, 0.0, 0.0, 1.0], "right_foot_pose": [1.0, -1.308663062172555e-10, -6.000213104151433e-10, 1.1454002591821561e-10, 4.09448988975217e-11, 0.9890652049134632, -0.14747888129996553, -0.13999999993421827, 6.12760054879247e-10, 0.14747888129996536, 0.9890652049134631, 1.1568568533681933e-09, 0.0, 0.0, 0.0, 1.0]}, {"left_foot_pose": [1.0000000000000004, -1.25657104005429e-10, -5.988147755431305e-10, 1.424985542617289e-10, 3.949151579578821e-11, 0.9898989804831073, -0.1417744985478896, 2.1130977523320382e-10, 6.105808924799916e-10, 0.1417744985478894, 0.9898989804831074, 1.3859962899598344e-09, 0.0, 0.0, 0.0, 1.0], "right_foot_pose": [0.9999999999999998, -1.5448767733440195e-10, -6.265021279538975e-10, 1.2758086182294665e-10, 4.7535002297088413e-11, 0.9859160156604178, -0.16724117335239883, -0.139999999911286, 6.435149862829882e-10, 0.16724117335239866, 0.9859160156604178, 1.2245143649058932e-09, 0.0, 0.0, 0.0, 1.0]}, {"left_foot_pose": [0.9999999980090881, 6.224123381788494e-05, -1.0385248866319284e-05, -1.0692689706912376e-05, -6.310115372802394e-05, 0.9870402747616657, -0.16047271424345338, -7.539205734236054e-06, 2.626391654650445e-07, 0.1604727145792873, 0.9870402767240486, 0.00016386118647867404, 0.0, 0.0, 0.0, 1.0], "right_foot_pose": [0.9999999999999998, -1.381337090454995e-10, -5.050537210671272e-10, 7.137632659550409e-11, 4.17382198189002e-11, 0.9825336610730218, -0.1860849399023058, -0.13999999997601015, 5.219365402390421e-10, 0.18608493990230568, 0.9825336610730215, 9.582451984679885e-10, 0.0, 0.0, 0.0, 1.0]}, {"left_foot_pose": [0.9999984126179152, 0.0017526996973997982, -0.00032063284498382624, -0.0003019802570270877, -0.001781785469984328, 0.9838232533974953, -0.17913299895582577, -0.00021290343591655325, 1.479695633812783e-06, 0.1791332859022565, 0.9838248146289417, 0.0041912091385642655, 0.0, 0.0, 0.0, 1.0], "right_foot_pose": [1.0, -9.923210877817959e-11, -3.2898334056952137e-10, -6.480636365725044e-11, 3.073222238251565e-11, 0.9793856875698689, -0.20199919550160525, -0.14000000015495095, 3.4224616044658854e-10, 0.2019991955016051, 0.979385687569869, 5.468204292147227e-10, 0.0, 0.0, 0.0, 1.0]}, {"left_foot_pose": [0.9999847308997489, 0.0054172094581697895, -0.0010917000703747277, -0.0009365989945160009, -0.005526116192018394, 0.9803730119415281, -0.19707414720487676, -0.0006603134551519882, 2.68135193073748e-06, 0.19707717092140165, 0.9803879786566275, 0.011469802212955613, 0.0, 0.0, 0.0, 1.0], "right_foot_pose": [0.9999999999999999, -5.165537330696426e-11, -1.4755402455435243e-10, -1.1967636041819115e-10, 1.8872876853220715e-11, 0.9768207869929851, -0.2140587538467078, -0.14000000016914912, 1.5519096631859542e-10, 0.2140587538467077, 0.9768207869929851, 2.603242343912626e-10, 0.0, 0.0, 0.0, 1.0]}, {"left_foot_pose": [0.9999410160105217, 0.010615585208846175, -0.0022964865600489733, -0.0018408571343134794, -0.010861145700871084, 0.9774057659131534, -0.2110924069543661, -0.0012978129725547127, 3.729772169169748e-06, 0.21110489835718385, 0.9774634120393935, 0.019120926334387965, 0.0, 0.0, 0.0, 1.0], "right_foot_pose": [1.0, -1.1629801954824429e-11, -5.356270982303998e-12, -1.141872355236582e-10, 1.0152577795803329e-11, 0.9751035237063972, -0.22175012526573276, -0.14000000007324626, 7.801887398897522e-12, 0.2217501252657326, 0.9751035237063969, 8.156145203663812e-11, 0.0, 0.0, 0.0, 1.0]}, {"left_foot_pose": [0.9998494473736956, 0.016939747371248676, -0.0037586627295911204, -0.0029410617000485946, -0.017351730949895276, 0.9761650864799142, -0.21633455889132705, -0.0020734503986495935, 4.422553190216788e-06, 0.21636720845974047, 0.9763120562011829, 0.024265877606304533, 0.0, 0.0, 0.0, 1.0], "right_foot_pose": [1.0, 8.090182291179342e-12, 6.954764542044241e-11, -4.394151158987118e-11, 7.745398017784062e-12, 0.9744238193022587, -0.22471809089701497, -0.13999999996559487, -6.958717782333913e-11, 0.22471809089701483, 0.9744238193022587, 1.3037675106186697e-11, 0.0, 0.0, 0.0, 1.0]}, {"left_foot_pose": [0.9996982944629843, 0.02401945611845859, -0.0051367086324895055, -0.004163512256239807, -0.024562573701148872, 0.9776323359337529, -0.20888201384966235, -0.0029352758148560518, 4.580093794426817e-06, 0.20894516377386743, 0.9779273585060066, 0.025000000971795285, 0.0, 0.0, 0.0, 1.0], "right_foot_pose": [0.9999999999999998, -4.2817453495252063e-13, 5.897049515368735e-11, 6.636323025855663e-11, 1.3551875353773804e-11, 0.974880617681799, -0.22272804329126203, -0.1399999999393003, -5.7393951465583326e-11, 0.22272804329126192, 0.974880617681799, 8.447872956729441e-11, 0.0, 0.0, 0.0, 1.0]}, {"left_foot_pose": [0.9994859970873882, 0.031444688994105706, -0.0062428487323149965, -0.0054345120883378195, -0.03205840931349588, 0.980378142534608, -0.19450181498557037, -0.00383133061231029, 4.303363300818728e-06, 0.19460197628610199, 0.9808822920243925, 0.025000001369507766, 0.0, 0.0, 0.0, 1.0], "right_foot_pose": [0.9999999999999999, -3.5029881780088086e-11, -3.431560591238259e-11, 1.6908253302498864e-10, 2.6788613351920146e-11, 0.9763813315311862, -0.21605438074102531, -0.1399999999081269, 4.107304910960551e-11, 0.2160543807410252, 0.976381331531186, 2.8427121767649055e-10, 0.0, 0.0, 0.0, 1.0]}, {"left_foot_pose": [0.9992233533845156, 0.03879891139113682, -0.0068800091472822796, -0.0066803696674582, -0.03940418807113739, 0.9838908107206138, -0.1743736864953788, -0.004709660512509713, 3.6685664045694565e-06, 0.17450936093630304, 0.9846555148538729, 0.024910270556435916, 0.0, 0.0, 0.0, 1.0], "right_foot_pose": [0.9999999999999999, -9.477308399259749e-11, -2.208221938637672e-10, 2.8665044202716815e-10, 4.7584344652705777e-11, 0.9788423993142294, -0.20461563308985672, -0.13999999990930684, 2.355419302785278e-10, 0.20461563308985667, 0.9788423993142296, 6.291932530544386e-10, 0.0, 0.0, 0.0, 1.0]}, {"left_foot_pose": [0.9989338138701499, 0.04567741464000025, -0.006693974801441224, -0.00782738791448729, -0.04616530623239132, 0.9883852078571614, -0.14478758713932074, -0.0055183158365970375, 2.703023024913077e-06, 0.1449422460187586, 0.9894401170923547, 0.021163833458855245, 0.0, 0.0, 0.0, 1.0], "right_foot_pose": [0.9999999999999998, -1.7722778892060682e-10, -5.234616073934707e-10, 4.5384768338433875e-10, 7.570967375243348e-11, 0.9821871300333223, -0.18790540598105793, -0.1400000001597667, 5.474392141357004e-10, 0.18790540598105784, 0.982187130033322, 1.1613027622869865e-09, 0.0, 0.0, 0.0, 1.0]}, {"left_foot_pose": [0.9986518826250164, 0.051597429869401475, -0.005667676806543668, -0.008801870615524576, -0.051907777132419064, 0.9926845666974691, -0.10900886988603536, -0.00620533255757332, 1.6377757972390109e-06, 0.10915610963904712, 0.9940246192754921, 0.01399681203697984, 0.0, 0.0, 0.0, 1.0], "right_foot_pose": [0.9999999999999998, -2.5595822260238005e-10, -9.047414484264477e-10, 5.613923802165881e-10, 1.0238954772965652e-10, 0.9861558517127784, -0.16582109676589626, -0.14000000037479557, 9.346591918064258e-10, 0.16582109676589615, 0.9861558517127783, 1.8554810743420802e-09, 0.0, 0.0, 0.0, 1.0]}, {"left_foot_pose": [0.9984196339585902, 0.05605134258122312, -0.00405974393744948, -0.00953012803164556, -0.056198171904998616, 0.9958119935403832, -0.07211268262702022, -0.006718752920661359, 7.290252367897953e-07, 0.0722268683799284, 0.9973882290680485, 0.006287910389206071, 0.0, 0.0, 0.0, 1.0], "right_foot_pose": [0.9999999999999996, -3.0406593633347657e-10, -1.320673015392513e-09, 5.611781904365021e-10, 1.179960128606405e-10, 0.9903392010882529, -0.13866602607661724, -0.140000000428119, 1.3500776728733813e-09, 0.13866602607661704, 0.9903392010882529, 2.602095962311868e-09, 0.0, 0.0, 0.0, 1.0]}, {"left_foot_pose": [0.9982813462544278, 0.05856430903431154, -0.002139024960581561, -0.00993846542789589, -0.0586033592930277, 0.9976162323915773, -0.036434861717974214, -0.007006623068413204, 1.435208925909297e-07, 0.036497596854714716, 0.9993337407612188, 0.0009158367306704579, 0.0, 0.0, 0.0, 1.0], "right_foot_pose": [1.0, -2.9035866975893097e-10, -1.6637390354290441e-09, 4.1689101649824615e-10, 1.1025216847457834e-10, 0.9942323518931423, -0.10724751954721985, -0.14000000022273837, 1.6852832189502988e-09, 0.10724751954721967, 0.9942323518931423, 3.1888050394668355e-09, 0.0, 0.0, 0.0, 1.0]}, {"left_foot_pose": [0.9982600048310377, 0.058965637610876254, -0.000127811893440765, -0.009999999868692764, -0.058965776131051216, 0.9982576598193634, -0.0021637599754592025, -0.007049999743765023, 1.7150531767071537e-09, 0.0021675315710504503, 0.9999976509006858, 3.440747811667144e-09, 0.0, 0.0, 0.0, 1.0], "right_foot_pose": [1.0, -2.0147163262535437e-10, -1.7578236644055766e-09, 2.9297924731157685e-10, 7.184982423464449e-11, 0.9973003323004163, -0.07343056035112189, -0.14000000003636542, 1.7678722019055874e-09, 0.07343056035112176, 0.9973003323004163, 3.3345720490407516e-09, 0.0, 0.0, 0.0, 1.0]}, {"left_foot_pose": [0.9982600048296143, 0.05893753421517865, 0.001824778949291984, -0.009999999843321731, -0.058965776155148614, 0.9977818826268628, 0.030892587201704368, -0.007049999864255002, 1.5397932056982995e-09, -0.030946433756229432, 0.9995210444196623, 3.045081617414347e-09, 0.0, 0.0, 0.0, 1.0], "right_foot_pose": [0.9999999999999996, -1.0180771158990902e-10, -1.5647156348386196e-09, 2.8805569251389734e-10, 3.901154799570525e-11, 0.9991964578541237, -0.040080401841449564, -0.14000000013122224, 1.5675386151895483e-09, 0.04008040184144942, 0.9991964578541237, 3.006877059841262e-09, 0.0, 0.0, 0.0, 1.0]}, {"left_foot_pose": [0.998260004829106, 0.05885678582937299, 0.0035835067223653288, -0.009999999844621322, -0.0589657761637535, 0.9964148538291647, 0.0606669292943934, -0.007049999909288318, 1.1374440312361008e-09, -0.060772673385660635, 0.9981516328542279, 2.228028130046855e-09, 0.0, 0.0, 0.0, 1.0], "right_foot_pose": [0.9999999997740969, 2.125454559588312e-05, -2.2344926392539086e-07, -2.4460146731704545e-06, -2.1255716505180625e-05, 0.9999507079847046, -0.009928804010667779, -0.1400093691873392, 1.2406032135311648e-08, 0.009928804013174258, 0.9999507082105936, 3.740158736777188e-05, 0.0, 0.0, 0.0, 1.0]}, {"left_foot_pose": [0.9982600048291889, 0.05874980492766382, 0.005042140358013962, -0.009999999767652997, -0.05896577616235057, 0.9946037228034821, 0.08536083309707138, -0.00704999965558354, 7.219372659832699e-10, -0.08550961937943602, 0.9963373449758797, 1.3928056347145557e-09, 0.0, 0.0, 0.0, 1.0], "right_foot_pose": [0.9999976095596634, 0.0021860267495360406, 4.649740866667588e-05, -0.00025162673930437067, -0.002186521187219112, 0.9997737810623344, 0.021156696940244794, -0.14096383481491886, -2.3778462942275347e-07, -0.0211567480339924, 0.9997761709565647, 0.0034929911772357963, 0.0, 0.0, 0.0, 1.0]}, {"left_foot_pose": [0.9982600048298661, 0.058642852479466635, 0.006162678812695705, -0.009999999755063856, -0.05896577615089028, 0.9927930739497367, 0.10433096165739297, -0.0070499996625506154, 3.5129405982456867e-10, -0.10451281342737301, 0.9945235401082754, 7.281566183348076e-10, 0.0, 0.0, 0.0, 1.0], "right_foot_pose": [0.9999722531553213, 0.0074370333233048334, 0.0004283162588826243, -0.0008572821342647358, -0.007449356900383247, 0.9983265583372455, 0.05734622917228963, -0.143283765169535, -1.1136792900901303e-06, -0.0573478286760547, 0.9983542590407982, 0.0105384988585948, 0.0, 0.0, 0.0, 1.0]}, {"left_foot_pose": [0.998260004830639, 0.0585587030303493, 0.00691672284664839, -0.009999999820862592, -0.05896577613780685, 0.9913684681087555, 0.11709653147794692, -0.007049999813212572, 7.988598037999442e-11, -0.11730063400980921, 0.993096451136997, 2.6248007933826756e-10, 0.0, 0.0, 0.0, 1.0], "right_foot_pose": [0.9998850670933304, 0.015088177799093242, 0.0014830692730515816, -0.0017447809229987677, -0.01516089039178557, 0.9951057149069704, 0.09764611391148757, -0.14668329043084244, -2.50878112982762e-06, -0.09765737581048305, 0.995220094724537, 0.018295209514540015, 0.0, 0.0, 0.0, 1.0]}, {"left_foot_pose": [0.9982600048311144, 0.058514092862703176, 0.007284482894389697, -0.009999999947978696, -0.05896577612974894, 0.9906132415315532, 0.12332251598052155, -0.007049999973686506, -6.074625451239523e-11, -0.12353747058607235, 0.9923399081772313, 1.8801606105345314e-11, 0.0, 0.0, 0.0, 1.0], "right_foot_pose": [0.9996956085617054, 0.02443511971007766, 0.003408100232648234, -0.002839492224019471, -0.02467164780147938, 0.9901346799840065, 0.13792978390372493, -0.15087653896960843, -4.147451934062852e-06, -0.13797188270703098, 0.990436146132135, 0.023884418676293505, 0.0, 0.0, 0.0, 1.0]}, {"left_foot_pose": [0.9982600048310546, 0.05851849256330694, 0.007249053925974123, -0.010000000088005941, -0.05896577613076465, 0.9906877261349509, 0.12272272214572941, -0.0070500000195560224, -4.731959982704664e-11, -0.12293663129303498, 0.9924145226095401, 4.981200868447999e-11, 0.0, 0.0, 0.0, 1.0], "right_foot_pose": [0.9993756453691607, 0.03480988805068875, 0.006049060825597035, -0.0040667845884844196, -0.0353315639622783, 0.9846466471387094, 0.17094636839218758, -0.1555776304776927, -5.563513858395441e-06, -0.17105336001492824, 0.9852617662310106, 0.025000002416311402, 0.0, 0.0, 0.0, 1.0]}, {"left_foot_pose": [0.9982600048304574, 0.05857117499239297, 0.006810302189084336, -0.010000000200409477, -0.058965776140877946, 0.9915796118185211, 0.1152948857058973, -0.007050000055316329, 1.2538898867805324e-10, -0.11549584791602943, 0.9933079628766489, 3.526771652495597e-10, 0.0, 0.0, 0.0, 1.0], "right_foot_pose": [0.9989187340281874, 0.04558323260787509, 0.009139568509463271, -0.005352025484375828, -0.046490458863013326, 0.9794530481411734, 0.19624057613467827, -0.16050068870816592, -6.498406238608283e-06, -0.19645329061123004, 0.9805131842896303, 0.02500000139718487, 0.0, 0.0, 0.0, 1.0]}, {"left_foot_pose": [0.9982600048294931, 0.058664352196684665, 0.0059545393746493315, -0.010000000279442442, -0.058965776157198786, 0.9931570527193402, 0.10080727094814988, -0.00705000007078453, 4.712606873104849e-10, -0.10098298081943306, 0.9948881533040902, 9.59752478879583e-10, 0.0, 0.0, 0.0, 1.0], "right_foot_pose": [0.998345576549807, 0.05617270253413977, 0.012277510881455022, -0.00662058385702406, -0.057498780314334356, 0.9753461381938668, 0.21305821029163385, -0.16535984611882804, -6.767355692154753e-06, -0.21341166369325107, 0.9769623645534569, 0.024992550523560676, 0.0, 0.0, 0.0, 1.0]}, {"left_foot_pose": [0.9982600048285767, 0.05878182706832132, 0.004653983902086803, -0.01000000032331752, -0.058965776172716304, 0.9951458405504359, 0.07878955054775011, -0.007049999684470143, 1.0129380552759739e-09, -0.07892688288332042, 0.9968804076509495, 1.96361350790486e-09, 0.0, 0.0, 0.0, 1.0], "right_foot_pose": [0.9977051545972769, 0.06612311612597212, 0.014565644641234169, -0.007797828567746029, -0.06770837800983913, 0.9743651973507002, 0.21454145925440013, -0.16986922709643879, -6.107391282105424e-06, -0.21503533594626253, 0.9766062687988326, 0.02183779288081681, 0.0, 0.0, 0.0, 1.0]}, {"left_foot_pose": [0.9982600048285766, 0.05889466005808856, 0.0028951297540464114, -0.010000000241863094, -0.0589657761727134, 0.9970560444626363, 0.04901307418303874, -0.007049999272365048, 1.7216361759702683e-09, -0.049098505243691866, 0.9987939411023856, 3.375220970769366e-09, 0.0, 0.0, 0.0, 1.0], "right_foot_pose": [0.9970716440441039, 0.07493748260361396, 0.015248289878557223, -0.008809127297873106, -0.07647311044977999, 0.9770618588871095, 0.19875106864165898, -0.17374295863348832, -4.61770480876917e-06, -0.19933513892211482, 0.9799313763573334, 0.014923779234636822, 0.0, 0.0, 0.0, 1.0]}, {"left_foot_pose": [0.9982600048309217, 0.05896181150117969, 0.0006837685782287492, -0.00999999981077436, -0.0589657761330178, 0.9981928851691965, 0.01157589057598901, -0.007049998961966203, 2.548209416403538e-09, -0.01159606752721981, 0.9999327633485691, 5.0959536521122395e-09, 0.0, 0.0, 0.0, 1.0], "right_foot_pose": [0.996537140385561, 0.08192806494210045, 0.014195774266017782, -0.00957984902325586, -0.08314882936452132, 0.9819119159559485, 0.17010367861697656, -0.17669517507163007, -2.7346794016556064e-06, -0.1706949954701689, 0.9853239155292846, 0.007129214155518787, 0.0, 0.0, 0.0, 1.0]}, {"left_foot_pose": [0.9982600048354475, 0.05893406701744488, -0.0019335177051970293, -0.009999999613218754, -0.05896577605639516, 0.9977231891306086, -0.03273339464699169, -0.007049998909175823, 3.3772349862393764e-09, 0.032790450070592066, 0.9994622486038025, 6.871982018152867e-09, 0.0, 0.0, 0.0, 1.0], "right_foot_pose": [0.9962002232161294, 0.08632840869894823, 0.011511781601524197, -0.010035362754785112, -0.08709256721030975, 0.9874608675705516, 0.13166593999030604, -0.1784400061507015, -9.227683096564389e-07, -0.13216822942114567, 0.9912272994277487, 0.0013328068520274544, 0.0, 0.0, 0.0, 1.0]}, {"left_foot_pose": [0.9982600048424934, 0.0587679923964826, -0.0048255364006053085, -0.00999999879818328, -0.05896577593711923, 0.994911637270318, -0.0816937653204322, -0.00704999896440885, 3.741842321020529e-09, 0.08183616006255043, 0.9966457961112453, 7.934929775743615e-09, 0.0, 0.0, 0.0, 1.0], "right_foot_pose": [0.9961304980720518, 0.08756794194119208, 0.00747571768527192, -0.01012708076566458, -0.08788646545814573, 0.9925202572438588, 0.08473197831903959, -0.17879133685066928, 3.7179351548359404e-09, -0.08506112216969684, 0.9963757350995817, 7.824251822829975e-09, 0.0, 0.0, 0.0, 1.0]}, {"left_foot_pose": [0.9982600048470767, 0.0584557303653921, -0.007738883004919105, -0.009999998119725528, -0.058965775859520356, 0.9896252068727645, -0.13101521743417394, -0.00704999877173821, 3.470611666047927e-09, 0.13124358083155016, 0.9913501513040252, 8.151169045289564e-09, 0.0, 0.0, 0.0, 1.0], "right_foot_pose": [0.9961304980785466, 0.08783261545922494, 0.0030761110802934007, -0.01012708018157062, -0.08788646538453096, 0.9955201461330683, 0.03486556819281752, -0.17879133649898635, 3.4916718199324715e-09, -0.03500100433968017, 0.999387277132951, 7.407378287138666e-09, 0.0, 0.0, 0.0, 1.0]}, {"left_foot_pose": [0.9982600048462351, 0.05803147016245568, -0.010455199432804705, -0.009999999515402876, -0.0589657758737698, 0.9824427031115038, -0.1770010519137302, -0.007049998896602374, 3.1294793931670225e-09, 0.17730956988765897, 0.9841551282324624, 7.456531329885774e-09, 0.0, 0.0, 0.0, 1.0], "right_foot_pose": [0.9961304980867582, 0.0878788102521904, -0.0011599526223457254, -0.010127081635627089, -0.08788646529145741, 0.9960437341461271, -0.013147200721540481, -0.17879133608034078, 3.183837993354158e-09, 0.013198271739078078, 0.9999128990182603, 6.1007476362395785e-09, 0.0, 0.0, 0.0, 1.0]}, {"left_foot_pose": [0.9982029504308634, 0.05852418045959451, -0.012875948611772726, -0.009658967899725687, -0.059923866277897496, 0.9748914756939663, -0.21446617651636965, -0.008079487154318915, 1.1953261674731668e-06, 0.21485234678907922, 0.9766465425514993, 0.0028444568334283424, 0.0, 0.0, 0.0, 1.0], "right_foot_pose": [0.9961304980908805, 0.08774975478370718, -0.004900133530208213, -0.010127081948900434, -0.0878864652447383, 0.9945809838379271, -0.0555394977900118, -0.17879133632458574, 2.315527722026765e-09, 0.055755243012478875, 0.9984444665962248, 4.365471949208111e-09, 0.0, 0.0, 0.0, 1.0]}, {"left_foot_pose": [0.9980380269811637, 0.0607594488130069, -0.01511244783237709, -0.008702450835591964, -0.0626106755556051, 0.96853822256783, -0.24086015596528387, -0.010966956444187981, 2.453044753849559e-06, 0.24133379540605096, 0.9704421668440084, 0.009617036678806215, 0.0, 0.0, 0.0, 1.0], "right_foot_pose": [0.9961304980915573, 0.0875220918273664, -0.007994636578824184, -0.01012708215480012, -0.0878864652370626, 0.9920005865653855, -0.09061349503283435, -0.17879133627842536, 1.5425082626433826e-09, 0.0909654862906418, 0.9958540456833557, 2.8393109252622395e-09, 0.0, 0.0, 0.0, 1.0]}, {"left_foot_pose": [0.997774928185233, 0.064460900362272, -0.017028946222227188, -0.007256170923352243, -0.06667227814225225, 0.9646942740004734, -0.25479357338446135, -0.015332891885445635, 3.5037659615858125e-06, 0.25536199802473725, 0.9668455150397808, 0.017439491533393484, 0.0, 0.0, 0.0, 1.0], "right_foot_pose": [0.996130498090388, 0.08726448054359717, -0.010437490582106551, -0.010127082292271035, -0.08788646525031828, 0.989080745615855, -0.11830151257608128, -0.17879133603786543, 9.248347976530639e-10, 0.11876105880060284, 0.992922862518816, 1.6569167218816183e-09, 0.0, 0.0, 0.0, 1.0]}, {"left_foot_pose": [0.9974223274729909, 0.0694165281274977, -0.01816717592491501, -0.005445897605145263, -0.07175444684129378, 0.9649385863466635, -0.25247737312045065, -0.020797630444382573, 4.1063821260325065e-06, 0.25313014479122703, 0.9674322352398181, 0.023433115227595884, 0.0, 0.0, 0.0, 1.0], "right_foot_pose": [0.9961304980885993, 0.087028842345635, -0.012247913199300046, -0.010127082370205088, -0.08788646527059196, 0.9864099537013837, -0.13882136889209554, -0.1787913357296436, 4.6434452639172266e-10, 0.13936062513785166, 0.9902416958304611, 8.330194173344907e-10, 0.0, 0.0, 0.0, 1.0]}, {"left_foot_pose": [0.9969921137655299, 0.07540738854807881, -0.017901140793275806, -0.0033973971723633995, -0.07750306492456595, 0.9700456847578898, -0.2302273754571683, -0.02698151153354185, 4.079223257545174e-06, 0.2309222709808573, 0.9729722014263329, 0.02500000352417841, 0.0, 0.0, 0.0, 1.0], "right_foot_pose": [0.996130498087011, 0.08685160301526959, -0.013447298412724372, -0.010127082383123712, -0.08788646528859166, 0.9844010714447018, -0.15241554959255307, -0.17879133555845017, 1.5895583870470854e-10, 0.1530076128570105, 0.9882250100092586, 3.5036493845064243e-10, 0.0, 0.0, 0.0, 1.0]}, {"left_foot_pose": [0.9965023776839361, 0.08193899634602898, -0.016401589803072984, -0.0012364428525685383, -0.08356441382376394, 0.9771276578165683, -0.19554674395703778, -0.03350485990305463, 3.543090171049924e-06, 0.19623338453921138, 0.980557218513909, 0.02500000518100902, 0.0, 0.0, 0.0, 1.0], "right_foot_pose": [0.9961304980860943, 0.08675121976092261, -0.01408036408411591, -0.010127082332405706, -0.08788646529898181, 0.9832632983581443, -0.15959089986310068, -0.17879133559217317, 5.5639455563853095e-12, 0.16021083600011407, 0.9870828172084368, 7.839667109932336e-11, 0.0, 0.0, 0.0, 1.0]}, {"left_foot_pose": [0.9959791500755091, 0.08851256824162558, -0.013822368760038162, 0.0009111949256553203, -0.08958533701259012, 0.9840570965628261, -0.15364276128956503, -0.03998800821564426, 2.6846761490988078e-06, 0.15426326836811535, 0.9880297789161925, 0.025000006275739214, 0.0, 0.0, 0.0, 1.0], "right_foot_pose": [0.9961304980859196, 0.08673403134756655, -0.014185858778965901, -0.010127082261232219, -0.08788646530096318, 0.9830684798579602, -0.1607866074231999, -0.1787913356166472, -2.319509303456931e-11, 0.16141118832335918, 0.9868872419299181, 2.7406694969034362e-11, 0.0, 0.0, 0.0, 1.0]}, {"left_foot_pose": [0.9954568868257238, 0.09472890560270587, -0.00959275323112489, 0.0029197494589810425, -0.09521337337125114, 0.9903934457785081, -0.10027580012266774, -0.04605129862638013, 1.5831230204061993e-06, 0.10073359420912245, 0.994913434925475, 0.022459726744374173, 0.0, 0.0, 0.0, 1.0], "right_foot_pose": [0.9961304980865581, 0.08685845581882841, -0.013402963649651224, -0.010127082255194602, -0.08788646529372553, 0.9844787429443017, -0.1519130471980017, -0.17879133573929648, 1.0718557886706438e-10, 0.1525031584708203, 0.9883029832275242, 2.820212605114669e-10, 0.0, 0.0, 0.0, 1.0]}, {"left_foot_pose": [0.9949776997584358, 0.09997359749740985, -0.004965560072983143, 0.004663443138136062, -0.10009683802696613, 0.9937529897783282, -0.04935198398887496, -0.051315046921840295, 6.447854481410726e-07, 0.04960116037010432, 0.9987691048933802, 0.01583856434184571, 0.0, 0.0, 0.0, 1.0], "right_foot_pose": [0.9961304980877236, 0.08700712758328387, -0.012401230955424676, -0.0101270822322296, -0.08788646528051745, 0.986163831979132, -0.14055911822692313, -0.17879133590566973, 3.0769573895039484e-10, 0.14110512480395568, 0.989994618042977, 6.740423566520271e-10, 0.0, 0.0, 0.0, 1.0]}, {"left_foot_pose": [0.9945893514642496, 0.10388361266106186, -0.00046580512043623083, 0.006016504460719567, -0.10388465697070932, 0.9945793550698997, -0.004459205626731149, -0.05539958246900648, 4.176616823542559e-08, 0.004483468437487804, 0.9999899492048754, 0.007998179165343927, 0.0, 0.0, 0.0, 1.0], "right_foot_pose": [0.9961304980889021, 0.08720315134588665, -0.010938060728570788, -0.010127082203032522, -0.08788646526715871, 0.9883856221904135, -0.12397512278724918, -0.1787913359701225, 5.632235031455818e-10, 0.1244567083070068, 0.9922250388683935, 1.136118851774448e-09, 0.0, 0.0, 0.0, 1.0]}, {"left_foot_pose": [0.9943420009154319, 0.10617207380190845, 0.0033876186471033755, 0.006853165831393208, -0.10622610420925745, 0.9938362853610658, 0.031708873903726675, -0.05792524120413366, -1.414321755122171e-07, -0.031889318655635296, 0.9994914063440767, 0.0018172768357084881, 0.0, 0.0, 0.0, 1.0], "right_foot_pose": [0.9961304980895065, 0.08741526919487694, -0.009088536050360859, -0.010127082165290041, -0.08788646526030892, 0.9907898271801436, -0.10301207492517263, -0.1787913358408161, 8.027505776943449e-10, 0.10341222881230275, 0.994638583070289, 1.5653758983491528e-09, 0.0, 0.0, 0.0, 1.0]}, {"left_foot_pose": [0.994278086392688, 0.10663601192363087, 0.006312517747999247, 0.007066376164090385, -0.10682268915963256, 0.9925405422359823, 0.05875529847262804, -0.058568861702850625, 9.200298502589272e-10, -0.05909342585200517, 0.9982524565564939, 1.7379884129087309e-09, 0.0, 0.0, 0.0, 1.0], "right_foot_pose": [0.9961304980888988, 0.08760666165687134, -0.007007396841986359, -0.01012708224740252, -0.08788646526719911, 0.9929591242502608, -0.07942384271106899, -0.17879133554487187, 9.156155558700235e-10, 0.07973236733907803, 0.9968163068482109, 1.7960273962502882e-09, 0.0, 0.0, 0.0, 1.0]}, {"left_foot_pose": [0.9942780863914539, 0.10644798687955488, 0.00893940775664494, 0.007066375863680816, -0.10682268917111847, 0.9907904532469154, 0.08320571394455469, -0.058568861698214375, 8.833084228932516e-10, -0.08368454961378864, 0.99649229608459, 1.6921929135715885e-09, 0.0, 0.0, 0.0, 1.0], "right_foot_pose": [0.9961304980877361, 0.08775229789046879, -0.004854378891418805, -0.010127082549980867, -0.08788646528037757, 0.9946098068132279, -0.055020917944674216, -0.17879133548914294, 8.697039782597419e-10, 0.05523464859937109, 0.9984734015456316, 1.7976403074437819e-09, 0.0, 0.0, 0.0, 1.0]}, {"left_foot_pose": [0.9942780863917465, 0.10621479861717897, 0.011379959397114411, 0.007066376154580615, -0.1068226891683962, 0.9886199969645731, 0.10592173847044176, -0.05856886178074374, 6.96186931679375e-10, -0.1065313012991049, 0.9943093491683163, 1.3206750762440045e-09, 0.0, 0.0, 0.0, 1.0], "right_foot_pose": [0.996130498086724, 0.08784053692421126, -0.002840924913080557, -0.010127082267923986, -0.08788646529184954, 0.9956099329962843, -0.032199853068587705, -0.17879133561534988, 6.799340469594799e-10, 0.03232493452430164, 0.9994774127552859, 1.3763166370472923e-09, 0.0, 0.0, 0.0, 1.0]}, {"left_foot_pose": [0.9942780863925672, 0.10597685534100007, 0.0134161489097557, 0.0070663763531949265, -0.10682268916075807, 0.986405282449656, 0.12487406390391677, -0.05856886160407807, 4.5147365808712086e-10, -0.1255926944031709, 0.9920818893178894, 8.657975239523275e-10, 0.0, 0.0, 0.0, 1.0], "right_foot_pose": [0.9960642975227421, 0.08863036258113086, -0.0007576471893052626, -0.009989310293270735, -0.08863360085500513, 0.996027909896598, -0.008513959507172314, -0.17959274143938986, 4.242828086395927e-08, 0.008547604094214312, 0.9999634685648506, 0.002250301279540838, 0.0, 0.0, 0.0, 1.0]}, {"left_foot_pose": [0.9942780863937609, 0.1057656566241347, 0.014990423477265785, 0.007066376407718155, -0.10682268914964681, 0.9844394995119203, 0.13952700413739993, -0.05856886157735949, 2.2395878155374565e-10, -0.14032996002132198, 0.9901047936054119, 4.908677492254654e-10, 0.0, 0.0, 0.0, 1.0], "right_foot_pose": [0.9958390235059407, 0.09110465955858821, 0.002140156407345936, -0.009528950566445229, -0.09112979349632633, 0.9955644256158341, 0.023384507382681465, -0.18227065132751225, -2.2600036282817807e-07, -0.02348223700858839, 0.9997242542546526, 0.008710108569080582, 0.0, 0.0, 0.0, 1.0]}, {"left_foot_pose": [0.994278086394809, 0.10561351688475612, 0.016027225783361108, 0.00706637635311309, -0.1068226891398893, 0.9830234223009451, 0.14917729147782824, -0.05856886168369124, 5.27660689341743e-11, -0.15003578326176664, 0.9886805670898104, 2.1370856473357236e-10, 0.0, 0.0, 0.0, 1.0], "right_foot_pose": [0.9954735501343525, 0.0948484530290554, 0.00601514263367839, -0.008807788770464809, -0.09503899716537849, 0.9934782806009774, 0.06299599187190254, -0.18646566922683885, -8.411851956947284e-07, -0.06328251679666927, 0.9979956528297966, 0.0165584617888822, 0.0, 0.0, 0.0, 1.0]}, {"left_foot_pose": [0.9942780863952723, 0.10554497705413073, 0.01647254481855168, 0.007066376218357378, -0.10682268913557695, 0.9823854713586535, 0.1533222056627177, -0.05856886180815061, -2.748933063507436e-11, -0.15420455078265347, 0.9880389448386745, 6.634990473708413e-11, 0.0, 0.0, 0.0, 1.0], "right_foot_pose": [0.9949866890403111, 0.09942568515119175, 0.010771339973037707, -0.00789083261976493, -0.10000744287131082, 0.989200554339197, 0.10714837686762428, -0.1917996345389885, -1.7146894033321327e-06, -0.1076884229025622, 0.9941846928864971, 0.022916655580471276, 0.0, 0.0, 0.0, 1.0]}, {"left_foot_pose": [0.9942780863948851, 0.10560107519499609, 0.016108998497316146, 0.007066376086071573, -0.10682268913917904, 0.9829076182860514, 0.14993841069024572, -0.05856886181164976, 3.594790330791645e-11, -0.15080128259701042, 0.9885640966407276, 1.396218279881012e-10, 0.0, 0.0, 0.0, 1.0], "right_foot_pose": [0.9944000315723127, 0.10452706783329603, 0.015577846422290719, -0.00684308787973808, -0.10568148940244024, 0.9835412106882006, 0.14655411858992556, -0.19789437988209668, -2.581634996825785e-06, -0.14737971016446488, 0.9890799871725106, 0.02500000438237371, 0.0, 0.0, 0.0, 1.0]}, {"left_foot_pose": [0.9942780863935534, 0.10573844311298035, 0.015181191179122727, 0.0070663760562481, -0.10682268915157483, 0.9841862031446045, 0.14130262071962352, -0.05856886183439756, 2.1688347890718726e-10, -0.14211579499777954, 0.9898500395575838, 4.631598021775929e-10, 0.0, 0.0, 0.0, 1.0], "right_foot_pose": [0.9937410779645803, 0.10985681735452825, 0.020252151651794188, -0.005729569911306352, -0.1117079672855322, 0.9772787784480653, 0.1801319495258725, -0.2043717299151861, -3.2753484315874824e-06, -0.18126684439188234, 0.9834339485260212, 0.025000003402550833, 0.0, 0.0, 0.0, 1.0]}, {"left_foot_pose": [0.9942780863916032, 0.10595874503620885, 0.013558439135986611, 0.007066376048687, -0.10682268916972887, 0.9862367161942881, 0.12619846555666106, -0.05856886186219218, 5.456832293554872e-10, -0.12692471776868386, 0.9919123529926124, 1.057218423916595e-09, 0.0, 0.0, 0.0, 1.0], "right_foot_pose": [0.993045113553263, 0.11517857249456398, 0.024398747633864595, -0.004615287210467716, -0.11773445729574918, 0.9714936120484079, 0.20576384355472394, -0.2108535288004612, -3.641696652942604e-06, -0.20720535269932588, 0.9782974710176279, 0.025000002060174324, 0.0, 0.0, 0.0, 1.0]}, {"left_foot_pose": [0.9942780863895393, 0.10623595896692674, 0.011180695324280081, 0.0070663760342393155, -0.10682268918893988, 0.9888169515173435, 0.10406704313274127, -0.058568861544349475, 1.0576601350360627e-09, -0.10466593244378157, 0.9945074371696144, 1.9922526059423795e-09, 0.0, 0.0, 0.0, 1.0], "right_foot_pose": [0.9923558338183324, 0.12039828930662803, 0.027095221327012187, -0.0035652464699909726, -0.12340947724687384, 0.9681486358795142, 0.21784930518661047, -0.21696161263650324, -3.51789549524211e-06, -0.21952