{"LoopMode": "Wrap", "FrameDuration": 0.0167, "EnableCycleOffsetPosition": true, "EnableCycleOffsetRotation": false, "Debug_info": [{"left_foot_pose": [1.0000000000000007, 1.1413910079704556e-13, -8.744838186913744e-12, 1.557672262333582e-12, -2.958997851586857e-14, 0.999953626793497, 0.009630382263054276, 4.329696323690513e-14, 8.745241560425702e-12, -0.009630382263054448, 0.9999536267934972, 1.828789897295735e-11, 0.0, 0.0, 0.0, 1.0], "right_foot_pose": [1.0, -1.9838766039665897e-13, -8.807954365863678e-12, 1.4953985375516358e-12, 6.793514908985494e-14, 0.9998902459046771, -0.014815402278850738, -0.14000000000222843, 8.809935902115792e-12, 0.014815402278850587, 0.9998902459046772, 1.5280048060173357e-11, 0.0, 0.0, 0.0, 1.0]}, {"left_foot_pose": [1.0000000000000004, 1.748799531066197e-13, -1.9517054639095483e-11, 3.2648564293699906e-12, -4.548062950781254e-14, 0.9999781338153279, 0.00661300924049024, 1.019385964529107e-12, 1.951737713991801e-11, -0.0066130092404904145, 0.999978133815328, 3.980275831150237e-11, 0.0, 0.0, 0.0, 1.0], "right_foot_pose": [0.9999999999999998, -5.276577067931781e-13, -1.9633628056681115e-11, 3.322823503286264e-12, 1.7749431865353282e-13, 0.999840962941877, -0.017833923389434302, -0.1400000000040335, 1.9639803420011967e-11, 0.017833923389434153, 0.999840962941877, 3.517111601958334e-11, 0.0, 0.0, 0.0, 1.0]}, {"left_foot_pose": [1.0000000000000007, 9.89773045595436e-14, -3.4283076377761297e-11, 5.534121099076052e-12, -1.599600340188365e-14, 0.9999970939461618, 0.002410829573413641, 2.761379666593733e-12, 3.428310779988602e-11, -0.0024108295734138144, 0.9999970939461619, 6.918946665601666e-11, 0.0, 0.0, 0.0, 1.0], "right_foot_pose": [1.0, -1.1405823867591137e-12, -3.4493186085171595e-11, 5.818382712646657e-12, 3.801782771110007e-13, 0.9997571107420494, -0.02203904536748027, -0.14000000000608664, 3.450995104239842e-11, 0.022039045367480112, 0.9997571107420493, 6.274464281474934e-11, 0.0, 0.0, 0.0, 1.0]}, {"left_foot_pose": [1.0000000000000007, -2.644808294065127e-13, -5.2829740582183155e-11, 8.318405928648978e-12, 1.0878059257634414e-13, 0.9999956384542718, -0.0029534847949609687, 5.418410511937033e-12, 5.2829936626878254e-11, 0.002953484794960795, 0.999995638454272, 1.0619870260963893e-10, 0.0, 0.0, 0.0, 1.0], "right_foot_pose": [0.9999999999999999, -2.1825970358116055e-12, -5.320321960766704e-11, 8.941565282315417e-12, 7.235797961747666e-13, 0.9996242921363265, -0.02740938837237831, -0.1400000000081706, 5.3242909401189254e-11, 0.027409388372378163, 0.9996242921363268, 9.762036318194944e-11, 0.0, 0.0, 0.0, 1.0]}, {"left_foot_pose": [1.0000000000000004, -1.104522504784116e-12, -7.535450041729062e-11, 1.1631129483936321e-11, 3.9135753963032627e-13, 0.9999551783315536, -0.009467910430073443, 9.23428868093712e-12, 7.536131187001903e-11, 0.009467910430073272, 0.9999551783315536, 1.5143551690410817e-10, 0.0, 0.0, 0.0, 1.0], "right_foot_pose": [0.9999999999999998, -3.854243043950316e-12, -7.599870732732936e-11, 1.2722038715527366e-11, 1.2731028696145327e-12, 0.9994240569224574, -0.0339345612120828, -0.1400000000100721, 7.608564750118144e-11, 0.03393456121208265, 0.9994240569224575, 1.4020224564648132e-10, 0.0, 0.0, 0.0, 1.0]}, {"left_foot_pose": [1.0000000000000007, -2.671872435741914e-12, -1.0251038906616825e-10, 1.5550830799572375e-11, 9.14373500778088e-13, 0.999853030597512, -0.017144013677419905, 1.458459915337773e-11, 1.0254092496900027e-10, 0.01714401367741973, 0.9998530305975121, 2.064796042478001e-10, 0.0, 0.0, 0.0, 1.0], "right_foot_pose": [1.0000000000000002, -6.4377546645276596e-12, -1.0358558455436647e-10, 1.7267955014991664e-11, 2.1201636187928183e-12, 0.9991331730112641, -0.041628146589097074, -0.14000000001155052, 1.0376375173476589e-10, 0.04162814658909693, 0.9991331730112644, 1.9178789112395123e-10, 0.0, 0.0, 0.0, 1.0]}, {"left_foot_pose": [1.0000000000000004, -5.318217169805614e-12, -1.3541706644915045e-10, 2.022162474289681e-11, 1.793062852826285e-12, 0.9996613955095563, -0.02602103625698278, 2.2021278897610408e-11, 1.355092529179717e-10, 0.0260210362569826, 0.9996613955095566, 2.7396913904187414e-10, 0.0, 0.0, 0.0, 1.0], "right_foot_pose": [0.9999999999999998, -1.0339115422805912e-11, -1.3715778512946023e-10, 2.2769311875305566e-11, 3.3951451935770865e-12, 0.998722448751351, -0.050531874694148604, -0.14000000001228524, 1.3750468509632862e-10, 0.050531874694148445, 0.9987224487513511, 2.546171676276465e-10, 0.0, 0.0, 0.0, 1.0]}, {"left_foot_pose": [1.0000000000000004, -9.550697209902732e-12, -1.756496614824242e-10, 2.5851171616314436e-11, 3.1921919210911894e-12, 0.9993457853820744, -0.036166299770441536, 3.23257774714758e-11, 1.7587989453360152e-10, 0.036166299770441356, 0.9993457853820744, 3.5768051714901716e-10, 0.0, 0.0, 0.0, 1.0], "right_foot_pose": [1.0, -1.6146035373327693e-11, -1.7839735244606906e-10, 2.949863625324837e-11, 5.284713757608871e-12, 0.9981550724565107, -0.06071615377589195, -0.1400000000118026, 1.7904822328385817e-10, 0.060716153775891804, 0.9981550724565108, 3.3189475473482943e-10, 0.0, 0.0, 0.0, 1.0]}, {"left_foot_pose": [1.0000000000000004, -1.6102387210985866e-11, -2.252251718459772e-10, 3.271134808888248e-11, 5.347186070591219e-12, 0.998862980288966, -0.04767333225447388, 4.656824058313358e-11, 2.2573657283419017e-10, 0.0476733322544737, 0.9988629802889661, 4.6265271474998926e-10, 0.0, 0.0, 0.0, 1.0], "right_foot_pose": [1.0, -2.4704136223443875e-11, -2.2947549416230105e-10, 3.7814456843670403e-11, 8.053486885787902e-12, 0.9973844995681502, -0.0722783509855549, -0.14000000000938415, 2.306606655360576e-10, 0.07227835098555474, 0.9973844995681503, 4.278312010219665e-10, 0.0, 0.0, 0.0, 1.0]}, {"left_foot_pose": [1.0000000000000007, -2.601049301310245e-11, -2.864835035865094e-10, 4.112814765100311e-11, 8.58572255887076e-12, 0.9981586700281792, -0.06065698185351478, 6.614054269549197e-11, 2.875334369632351e-10, 0.0606569818535146, 0.9981586700281793, 5.951856230090868e-10, 0.0, 0.0, 0.0, 1.0], "right_foot_pose": [1.0, -3.720048864085542e-11, -2.929492759484729e-10, 4.8151313817819156e-11, 1.2065127760708994e-11, 0.99635205349589, -0.08533806591740419, -0.14000000000395593, 2.9505506506000725e-10, 0.08533806591740406, 0.9963520534958902, 5.475337266913627e-10, 0.0, 0.0, 0.0, 1.0]}, {"left_foot_pose": [1.0000000000000007, -4.06550054432341e-11, -3.615965860070951e-10, 5.142478194878949e-11, 1.3332686542596674e-11, 0.9971652669208183, -0.07524247767540657, 9.265289403759258e-11, 3.6363015618856484e-10, 0.07524247767540639, 0.9971652669208185, 7.621682521219419e-10, 0.0, 0.0, 0.0, 1.0], "right_foot_pose": [0.9999999999999999, -5.5196680378214994e-11, -3.7127739771491943e-10, 6.095209971850346e-11, 1.778240757874499e-11, 0.994984793590999, -0.10002629915515818, -0.13999999999399768, 3.7493653708176216e-10, 0.10002629915515802, 0.9949847935909991, 6.962413631739217e-10, 0.0, 0.0, 0.0, 1.0]}, {"left_foot_pose": [1.0000000000000002, -6.161126351402697e-11, -4.512066276163285e-10, 6.374624508092717e-11, 2.0049023824221645e-11, 0.9958013096988378, -0.09154098318283485, 1.2743693253436383e-10, 4.5495193597849676e-10, 0.09154098318283467, 0.995801309698838, 9.686163537914183e-10, 0.0, 0.0, 0.0, 1.0], "right_foot_pose": [0.9999999999999999, -8.044007138240436e-11, -4.6542503184809856e-10, 7.645264088518747e-11, 2.5688938264878805e-11, 0.9931952756123764, -0.11646091404954681, -0.13999999997761492, 4.716259151147877e-10, 0.11646091404954666, 0.9931952756123764, 8.76919321879388e-10, 0.0, 0.0, 0.0, 1.0]}, {"left_foot_pose": [1.0000000000000002, -8.987776307848278e-11, -5.508666856002249e-10, 7.755068207122966e-11, 2.8965318946997133e-11, 0.9939764835558705, -0.10959356795864968, 1.6998963348058282e-10, 5.573981124907942e-10, 0.10959356795864948, 0.9939764835558704, 1.2101724483626342e-09, 0.0, 0.0, 0.0, 1.0], "right_foot_pose": [0.9999999999999998, -1.1393889387966063e-10, -5.711381922957053e-10, 9.406356246246222e-11, 3.59741432486812e-11, 0.9908877936772381, -0.13468994150067465, -0.13999999995320428, 5.812802736562784e-10, 0.1346899415006745, 0.9908877936772381, 1.0834496771972013e-09, 0.0, 0.0, 0.0, 1.0]}, {"left_foot_pose": [1.0000000000000004, -1.2327778754277553e-10, -6.421697062997089e-10, 9.022156041580506e-11, 3.924772081485933e-11, 0.9916128469172057, -0.12924380769984814, 2.1381607248627255e-10, 6.527164511041732e-10, 0.12924380769984795, 0.991612846917206, 1.452107857569107e-09, 0.0, 0.0, 0.0, 1.0], "right_foot_pose": [1.0, -1.528900260067221e-10, -6.69523658736181e-10, 1.1070601951436281e-10, 4.7569896350457156e-11, 0.987983086194736, -0.15456203089091747, -0.13999999992187928, 6.851089199431001e-10, 0.15456203089091733, 0.987983086194736, 1.2824940762157233e-09, 0.0, 0.0, 0.0, 1.0]}, {"left_foot_pose": [1.0000000000000002, -1.4961980682206952e-10, -6.740388802661784e-10, 9.387363851253925e-11, 4.6927336036576776e-11, 0.9887090255876071, -0.14984813219258256, 2.374966855123173e-10, 6.888484767410995e-10, 0.1498481321925824, 0.9887090255876071, 1.5795139987617723e-09, 0.0, 0.0, 0.0, 1.0], "right_foot_pose": [0.9999999999999999, -1.8264016405719462e-10, -7.068820528921539e-10, 1.170410427320721e-10, 5.579876486336907e-11, 0.9844917200621666, -0.17543104950104124, -0.13999999989395479, 7.279600198991903e-10, 0.17543104950104105, 0.9844917200621666, 1.3724762853994932e-09, 0.0, 0.0, 0.0, 1.0]}, {"left_foot_pose": [0.9999999997929359, 2.0039609623253214e-05, -3.541664273687792e-06, 7.015715678668338e-06, -2.0349969082192108e-05, 0.9854992338576031, -0.16967987403330168, -2.0030201123993202e-05, 8.998899145531301e-08, 0.16967987407023954, 0.9854992340613468, 0.00016386123900907767, 0.0, 0.0, 0.0, 1.0], "right_foot_pose": [1.0, -1.671535678074556e-10, -5.82746295663127e-10, 8.313646926324742e-11, 5.0000265341390997e-11, 0.9807033557161893, -0.19550173423017495, -0.13999999996376286, 6.041797919033221e-10, 0.19550173423017475, 0.9807033557161893, 1.104443786426046e-09, 0.0, 0.0, 0.0, 1.0]}, {"left_foot_pose": [0.9999998349110831, 0.0005642943504963923, -0.00010839600244817427, 0.00019813236284872834, -0.000574610787160092, 0.9822096645481, -0.18778669998365954, -0.0005656690553993426, 5.006273035458094e-07, 0.1877867312676687, 0.9822098266457912, 0.00419120923728538, 0.0, 0.0, 0.0, 1.0], "right_foot_pose": [1.0, -1.2240291954572176e-10, -3.9340425361800085e-10, 4.123662076304682e-11, 3.5952089913770306e-11, 0.9771315525585693, -0.21263567197081454, -0.14000000016568426, 4.104347780506614e-10, 0.21263567197081443, 0.9771315525585695, 6.540465946613949e-10, 0.0, 0.0, 0.0, 1.0]}, {"left_foot_pose": [0.9999984120085835, 0.0017448974412616741, -0.000362371675949691, 0.0006145085828527581, -0.0017821278067453646, 0.9792088091390454, -0.20284706585251278, -0.0017544218561270676, 8.902110988091868e-07, 0.20284738952575318, 0.9792103637941113, 0.011469802575689463, 0.0, 0.0, 0.0, 1.0], "right_foot_pose": [0.9999999999999999, -6.949238537005084e-11, -2.096318119093606e-10, 2.785451931673867e-11, 2.0352147914489502e-11, 0.974162674160879, -0.22584748010931058, -0.14000000019426317, 2.199099265224729e-10, 0.22584748010931038, 0.9741626741608789, 3.249533836457985e-10, 0.0, 0.0, 0.0, 1.0]}, {"left_foot_pose": [0.9999938656274179, 0.0034229519774456683, -0.0007430392280962745, 0.001207791985056235, -0.003502671277551449, 0.9773073912229496, -0.21179705936323703, -0.003448244994056899, 1.2065664222251477e-06, 0.21179836274332522, 0.9773133855308602, 0.019120926750992785, 0.0, 0.0, 0.0, 1.0], "right_foot_pose": [0.9999999999999998, -2.52414738069984e-11, -7.122974432505188e-11, 1.6327615767630675e-11, 7.821067134596542e-12, 0.9720746716492239, -0.23467175530526338, -0.1400000001114041, 7.516402247325131e-11, 0.23467175530526327, 0.972074671649224, 1.0629024049801927e-10, 0.0, 0.0, 0.0, 1.0]}, {"left_foot_pose": [0.9999843422549448, 0.005470712299087703, -0.001177519378580674, 0.0019296322081058803, -0.005596002414957159, 0.977647492707447, -0.2101762706868108, -0.005509099777043284, 1.3849590608701237e-06, 0.2101795692016336, 0.9776627990714891, 0.024265877823542774, 0.0, 0.0, 0.0, 1.0], "right_foot_pose": [1.0, -9.893341032795596e-13, 1.2713718966495037e-12, 5.405133885200241e-12, 1.2644687815516308e-12, 0.9710633145166631, -0.2388221915985034, -0.14000000001744997, -9.986229751179931e-13, 0.2388221915985033, 0.9710633145166632, 1.0588266374789157e-12, 0.0, 0.0, 0.0, 1.0]}, {"left_foot_pose": [0.9999686214118609, 0.007769553501739762, -0.0015460368841097923, 0.002731680164422967, -0.007921880443729197, 0.980774506856213, -0.19498361600705985, -0.007798947432654222, 1.3779260646439395e-06, 0.19498974521583645, 0.9808052810108466, 0.025000001131601765, 0.0, 0.0, 0.0, 1.0], "right_foot_pose": [0.9999999999999996, -3.406672226130702e-12, -4.030720202052843e-12, 2.691435805024033e-11, 2.3488986951603353e-12, 0.9712318317885862, -0.23813594630082063, -0.14000000000550816, 4.725735536553218e-12, 0.2381359463008205, 0.9712318317885862, 2.996936726562538e-11, 0.0, 0.0, 0.0, 1.0]}, {"left_foot_pose": [0.9999465399547592, 0.010184528310962867, -0.0017867891842872302, 0.003565583198175493, -0.010340078867697413, 0.9849244453097745, -0.1726757649476139, -0.010179740455820215, 1.2311294933555375e-06, 0.17268500923449304, 0.9849771000303348, 0.025000001793970612, 0.0, 0.0, 0.0, 1.0], "right_foot_pose": [1.0, -2.9018551475491877e-11, -7.773631738317005e-11, 8.315179221014008e-11, 1.0107688342747057e-11, 0.9724775797211789, -0.23299647409271695, -0.13999999999110824, 8.235791772523118e-11, 0.23299647409271676, 0.9724775797211791, 1.7571498422963572e-10, 0.0, 0.0, 0.0, 1.0]}, {"left_foot_pose": [0.9999192198980826, 0.012575856877656378, -0.0018443161887348287, 0.004382990123788454, -0.012710376762491989, 0.9893478245386789, -0.1450149247599711, -0.01251343768968978, 9.832701805603695e-07, 0.14502665239319715, 0.9894277487996067, 0.024910271103786963, 0.0, 0.0, 0.0, 1.0], "right_foot_pose": [1.0, -7.637587202865485e-11, -2.2378721098448251e-10, 1.3951147471913736e-10, 2.4446553399473853e-11, 0.9747219861562723, -0.22342123825539092, -0.1399999999957164, 2.3519378734067815e-10, 0.22342123825539079, 0.9747219861562721, 4.4943370552941175e-10, 0.0, 0.0, 0.0, 1.0]}, {"left_foot_pose": [0.9998890995833718, 0.014802371210876485, -0.0016365637446560924, 0.005135550877515718, -0.014892566397948915, 0.9938382606469901, -0.10983498140505522, -0.01466200142302555, 6.614987295024129e-07, 0.10984717329408858, 0.9939484888659281, 0.02116383409617731, 0.0, 0.0, 0.0, 1.0], "right_foot_pose": [0.9999999999999998, -1.4548346232811646e-10, -4.61453042444048e-10, 1.605502939212403e-10, 4.584192707612404e-11, 0.9779221417804003, -0.20896957820609985, -0.14000000019243086, 4.816664838262772e-10, 0.2089695782060997, 0.9779221417804003, 8.674275672748699e-10, 0.0, 0.0, 0.0, 1.0]}, {"left_foot_pose": [0.9998597681602811, 0.016703786620155765, -0.0011947916214395215, 0.005774911606759709, -0.016746462741439382, 0.9973132341875076, -0.07131527816747434, -0.01648737806394022, 3.463068914321439e-07, 0.07132528602818884, 0.997453108458176, 0.01399681284778119, 0.0, 0.0, 0.0, 1.0], "right_foot_pose": [1.0, -2.1497240834616193e-10, -7.531431589491421e-10, 1.9643265250544e-10, 6.825304310376684e-11, 0.9818555315107611, -0.1896304702354592, -0.14000000034041582, 7.802430077839343e-10, 0.189630470235459, 0.9818555315107611, 1.406989101615519e-09, 0.0, 0.0, 0.0, 1.0]}, {"left_foot_pose": [0.9998356036956514, 0.018121244842567004, -0.0006213436319520003, 0.006252720656755598, -0.018131894069305293, 0.9992485931093644, -0.03425614669539227, -0.017851523429541938, 1.1272843504035019e-07, 0.03426178124838932, 0.9994128928254209, 0.0062879110423897655, 0.0, 0.0, 0.0, 1.0], "right_foot_pose": [0.9999999999999998, -2.653115880669518e-10, -1.0620045953757525e-09, 2.2889371090184972e-10, 8.557144984073619e-11, 0.9861612508970292, -0.16578898404057618, -0.14000000033557433, 1.0912932860661416e-09, 0.16578898404057607, 0.9861612508970293, 1.9915443669193955e-09, 0.0, 0.0, 0.0, 1.0]}, {"left_foot_pose": [0.9998212146579122, 0.018908692304261, -8.678760142907163e-06, 0.006520628073749548, -0.018908694295960284, 0.9998211093898008, -0.00045880123244468356, -0.018616396615572423, 1.8762608734789747e-09, 0.00045888330953162943, 0.9999998947130493, 0.0009158366992160702, 0.0, 0.0, 0.0, 1.0], "right_foot_pose": [1.0, -2.7229711391839657e-10, -1.3044154090202637e-09, 2.5934259192758525e-10, 8.934860584086717e-11, 0.9903975318271132, -0.13824879366838114, -0.1400000001054713, 1.3295344348837897e-09, 0.13824879366838094, 0.9903975318271131, 2.483200867153812e-09, 0.0, 0.0, 0.0, 1.0]}, {"left_foot_pose": [0.9998189939985666, 0.019017061483820562, 0.0005749888833760609, 0.0065610002840657605, -0.019025752013925853, 0.9993622972903473, 0.030216212781632466, -0.01873165483537795, 1.3648690266930304e-09, -0.03022168306168443, 0.9995432206127559, 2.6067982633604103e-09, 0.0, 0.0, 0.0, 1.0], "right_foot_pose": [0.9999999999999999, -2.2233635083833013e-10, -1.3618396410564047e-09, 2.6953314938677195e-10, 7.291516603718303e-11, 0.9940689297701563, -0.10875184074587561, -0.13999999990831852, 1.3779418595579116e-09, 0.10875184074587546, 0.9940689297701563, 2.640693913535941e-09, 0.0, 0.0, 0.0, 1.0]}, {"left_foot_pose": [0.9998189939982816, 0.018991836308952677, 0.0011355148079527885, 0.0065610002318348395, -0.019025752028898096, 0.9980366910472988, 0.059672305830214704, -0.018731654916797548, 1.222940540892582e-09, -0.05968310880788444, 0.9982173743844712, 2.3287888006873203e-09, 0.0, 0.0, 0.0, 1.0], "right_foot_pose": [0.9999999999999998, -1.4546022618800153e-10, -1.2112791325513677e-09, 2.0420345354877817e-10, 4.861234265733098e-11, 0.9968289384707774, -0.07957428873212283, -0.13999999998087576, 1.2190129725741198e-09, 0.07957428873212267, 0.996828938470777, 2.376247122681807e-09, 0.0, 0.0, 0.0, 1.0]}, {"left_foot_pose": [0.9998189939982594, 0.01895514964715332, 0.0016375414999007215, 0.0065610002128057305, -0.01902575203007389, 0.9961087764021671, 0.0860542057907021, -0.018731654939354293, 8.887557083302865e-10, -0.08606978492149513, 0.996289110712131, 1.7155337428409467e-09, 0.0, 0.0, 0.0, 1.0], "right_foot_pose": [0.9999999991763245, 4.052367729743372e-05, -2.2764940332822195e-06, 5.645472556837729e-06, -4.0587401496118256e-05, 0.998583324653168, -0.05321035686112631, -0.14001123878211277, 1.1698964978331958e-07, 0.053210356909695083, 0.9985833254754102, 3.740116732403598e-05, 0.0, 0.0, 0.0, 1.0]}, {"left_foot_pose": [0.9998189939983432, 0.01891487040886769, 0.0020510771701856257, 0.006561000590094612, -0.019025752025670455, 0.9939920707201814, 0.10778582515926939, -0.018731654804066983, 4.712005005646536e-10, -0.10780533856364762, 0.9941720218237781, 1.1622693918411642e-09, 0.0, 0.0, 0.0, 1.0], "right_foot_pose": [0.9999912849486283, 0.004173618799894281, -0.00010456053027693253, 0.0005807084517644883, -0.004174928323841639, 0.999680793913579, -0.024917468848328954, -0.14115616313875282, 5.311374880209384e-07, 0.02491768822402715, 0.9996895062034452, 0.0034929918457776363, 0.0, 0.0, 0.0, 1.0]}, {"left_foot_pose": [0.9998189939984954, 0.01887822521781814, 0.0023647098051599856, 0.0065610006791897175, -0.019025752017654177, 0.992066338475972, 0.12426745681409035, -0.01873165491759706, 3.901848998390371e-11, -0.1242899540409621, 0.9922459409463442, 7.114761349513721e-10, 0.0, 0.0, 0.0, 1.0], "right_foot_pose": [0.9998988424871631, 0.014222672492085022, 0.0001427585857377791, 0.001978449924717115, -0.014223388931234614, 0.9998487420604003, 0.010009405953693973, -0.14393901981145343, -3.764896486692092e-07, -0.0100104239379711, 0.9999498944509368, 0.010538500638247954, 0.0, 0.0, 0.0, 1.0]}, {"left_foot_pose": [0.9998189939985436, 0.018851614915647723, 0.0025682396332209747, 0.006561000489372801, -0.019025752015137475, 0.990667947688675, 0.13496309933669917, -0.018731655146173934, -3.1009829691596836e-10, -0.13498753289612123, 0.9908472969951626, 3.9269777013517526e-10, 0.0, 0.0, 0.0, 1.0], "right_foot_pose": [0.999581002690965, 0.028907405572841577, 0.0014768081704283561, 0.004026635671721387, -0.028945104129369754, 0.9982835372532872, 0.05091326149447165, -0.14801689508664706, -2.5029851630927028e-06, -0.050934675341183566, 0.9987019870019402, 0.018295212412652945, 0.0, 0.0, 0.0, 1.0]}, {"left_foot_pose": [0.9998189939983217, 0.018839663231319657, 0.0026544923272295564, 0.006561000077007358, -0.019025752026788478, 0.9900398777267572, 0.13949573925609166, -0.018731655336620502, -5.092885065770999e-10, -0.13952099340285282, 0.9902191133278949, 2.5448228246904847e-10, 0.0, 0.0, 0.0, 1.0], "right_foot_pose": [0.9988904093402137, 0.0468859929565861, 0.004433259818180973, 0.006553036459681087, -0.04709511757080359, 0.9944656385628017, 0.0939156196746368, -0.15304687452411325, -5.397473423769425e-06, -0.09402019667259706, 0.9955702901294882, 0.023884422633677863, 0.0, 0.0, 0.0, 1.0]}, {"left_foot_pose": [0.9998189939977505, 0.018844779744449664, 0.0026179224034620077, 0.0065609996235321, -0.019025752056813845, 0.9903087531555789, 0.13757395895341681, -0.018731655382648628, -5.161815845753223e-10, -0.13759886518364536, 0.9904880374341603, 3.6611196713165484e-10, 0.0, 0.0, 0.0, 1.0], "right_foot_pose": [0.9977243743235835, 0.06683583574673584, 0.00889066592831892, 0.009385415416483009, -0.06742457129073406, 0.9890284574414823, 0.1314406236944377, -0.15868603434926845, -8.177673022857451e-06, -0.13174096337494068, 0.9912841764611033, 0.025000007216308184, 0.0, 0.0, 0.0, 1.0]}, {"left_foot_pose": [0.9998189939968865, 0.018866251083240373, 0.002458416791026623, 0.006560999291348372, -0.01902575210219713, 0.9914370858217214, 0.12919181713359007, -0.018731655425270666, -3.1908843671419093e-10, -0.12921520586756585, 0.9916165743736857, 7.256947334721708e-10, 0.0, 0.0, 0.0, 1.0], "right_foot_pose": [0.9960598288762219, 0.08751650619447596, 0.014341493736145648, 0.012351525054285755, -0.0886838045815127, 0.9829678008693921, 0.16096423596233736, -0.16459145253868437, -1.0199005314483911e-05, -0.16160186755574102, 0.9868560362578106, 0.02500000627486767, 0.0, 0.0, 0.0, 1.0]}, {"left_foot_pose": [0.9998189939958777, 0.018901483464410694, 0.0021709831682291385, 0.006560999001143927, -0.019025752155226724, 0.9932885710632633, 0.11408696397936723, -0.018731655432554797, 9.418762773209715e-11, -0.11410761814158686, 0.9934683948078342, 1.3682601995856913e-09, 0.0, 0.0, 0.0, 1.0], "right_foot_pose": [0.9939727392020501, 0.10779256912323644, 0.0199738770644371, 0.015279135207570311, -0.10962752210018965, 0.9773538532567692, 0.18100069591666607, -0.17042021872562133, -1.10156874536069e-05, -0.1820994441670741, 0.9832801189451037, 0.024992554688268588, 0.0, 0.0, 0.0, 1.0]}, {"left_foot_pose": [0.999818993995037, 0.018945481897309237, 0.001745841468259038, 0.006560998669074814, -0.019025752199415203, 0.9956007197816551, 0.09174544960649138, -0.018731655039992228, 7.322567265227381e-10, -0.09176205907633926, 0.9957809621167054, 2.378225831545233e-09, 0.0, 0.0, 0.0, 1.0], "right_foot_pose": [0.9916419572116335, 0.12674487463447523, 0.024123960109644644, 0.017996013268104852, -0.12902026428019284, 0.9741681195893912, 0.1853381940689459, -0.17582941465021412, -1.0126684813374716e-05, -0.1869016092214304, 0.9823786379843007, 0.021837796482327518, 0.0, 0.0, 0.0, 1.0]}, {"left_foot_pose": [0.9998189939949629, 0.018989253152558106, 0.0011779268268499424, 0.006560998618352681, -0.019025752203298944, 0.9979009337288817, 0.061901108359428435, -0.01873165463560123, 1.5366829950615634e-09, -0.061912314831018334, 0.9980815924924507, 3.764698316977011e-09, 0.0, 0.0, 0.0, 1.0], "right_foot_pose": [0.9893376211959324, 0.14341117715049975, 0.025383174637572146, 0.02032991128166077, -0.1456402115731131, 0.974204947845595, 0.17237647277427565, -0.18047612118884082, -7.701450341720618e-06, -0.17423534044926076, 0.9847040398410162, 0.014923781368406198, 0.0, 0.0, 0.0, 1.0]}, {"left_foot_pose": [0.9998189939964888, 0.01901996744113612, 0.00046912939440104924, 0.006560998961229726, -0.019025752123123837, 0.9995150010119378, 0.024653265671238236, -0.018731654298062797, 2.4432648438659677e-09, -0.02465772882171728, 0.9996959519820794, 5.44390326567834e-09, 0.0, 0.0, 0.0, 1.0], "right_foot_pose": [0.9873944140380603, 0.15652528963993992, 0.023496911064394055, 0.022108600360951927, -0.15827909244696334, 0.9764579005728642, 0.14655271168763903, -0.18401742972014337, -4.538803459188412e-06, -0.14842439864108467, 0.9889237573581856, 0.007129214656018637, 0.0, 0.0, 0.0, 1.0]}, {"left_foot_pose": [0.9998189939995938, 0.019022219548722453, -0.0003666075307477165, 0.006560999543128411, -0.01902575195994568, 0.9996333661830121, -0.01926535688689123, -0.018731654176919688, 3.271642149881963e-09, 0.0192688447256412, 0.9998143385763879, 7.19558677225729e-09, 0.0, 0.0, 0.0, 1.0], "right_foot_pose": [0.9861700092747292, 0.1646829207791284, 0.018661415025001966, 0.023159847171548974, -0.16573687822818242, 0.9798997566562623, 0.11103041970637724, -0.18611042708518388, -1.5022292823853971e-06, -0.11258775470117965, 0.9936417852974432, 0.0013328064855757174, 0.0, 0.0, 0.0, 1.0]}, {"left_foot_pose": [0.9998189940123632, 0.018982267174232417, -0.0012855913165192574, 0.006561003352982149, -0.0190257512888987, 0.9975338766619741, -0.06755875738664117, -0.018731653652069587, 2.5070978161721923e-09, 0.06757098818768394, 0.9977144689515839, 7.746704701327989e-09, 0.0, 0.0, 0.0, 1.0], "right_foot_pose": [0.9859166618606775, 0.16684849033023197, 0.011398120021320027, 0.023371522719583572, -0.1672373638440223, 0.9836241297408725, 0.06719550227517888, -0.18653186096352178, 2.224942207755514e-09, -0.06815535684033941, 0.997674720203918, 9.093560938977507e-09, 0.0, 0.0, 0.0, 1.0]}, {"left_foot_pose": [0.9998189940188489, 0.01889921745874489, -0.0021906114636935613, 0.0065610062335890815, -0.019025750948064583, 0.9931695521634906, -0.11511846705127028, -0.018731653397205825, -3.359588870946212e-10, 0.11513930794832504, 0.9933493543387352, 7.599793107326835e-09, 0.0, 0.0, 0.0, 1.0], "right_foot_pose": [0.9859166618244719, 0.1671985078720202, 0.0036048442767436526, 0.023371525494731846, -0.16723736405746636, 0.9856875925188546, 0.02125168269795237, -0.18653185945371817, -6.396816367449198e-10, -0.021555252718398504, 0.999767658548848, 9.143058199434506e-09, 0.0, 0.0, 0.0, 1.0]}, {"left_foot_pose": [0.9998189940039776, 0.018781017254284493, -0.003041811922097313, 0.0065610001370199275, -0.019025751729567053, 0.9869580198514268, -0.1598495787360002, -0.0187316541094994, 2.9750625728593557e-09, 0.1598785177622248, 0.9871366975035195, 7.705674591462763e-09, 0.0, 0.0, 0.0, 1.0], "right_foot_pose": [0.9859166618820204, 0.16719296010041015, -0.003853558910426772, 0.02337151875945919, -0.16723736371819978, 0.9856548890209358, -0.022717920805250466, -0.18653186113278272, 2.7534357678988967e-09, 0.023042435678325028, 0.9997344878306488, 6.55622235667952e-09, 0.0, 0.0, 0.0, 1.0]}, {"left_foot_pose": [0.9996879621260942, 0.024490408296634295, -0.004919174894450445, 0.007716862359758658, -0.02497955832797957, 0.9801654082550924, -0.1966005954361992, -0.01964066747772052, 6.776215103110284e-06, 0.19666212742059178, 0.9804713191075458, 0.0028444567646246435, 0.0, 0.0, 0.0, 1.0], "right_foot_pose": [0.9859166619029757, 0.16690708831253476, -0.010505220279695178, 0.02337151744248929, -0.16723736359466193, 0.9839695863705906, -0.06193155347313727, -0.18653186159297463, 1.9884699680506603e-09, 0.06281621581025838, 0.9980251114231941, 4.615084578385442e-09, 0.0, 0.0, 0.0, 1.0]}, {"left_foot_pose": [0.9991313185841045, 0.04062778107757461, -0.009273167155951386, 0.01095879310455878, -0.04167262924758342, 0.9741549749508086, -0.22200332598901254, -0.022190232351354804, 1.3999391745400409e-05, 0.22219691308229944, 0.975001811085864, 0.009617036684320034, 0.0, 0.0, 0.0, 1.0], "right_foot_pose": [0.9859166619103705, 0.16646869978636178, -0.016015859606961468, 0.02337151674063314, -0.16723736355106686, 0.9813851487845997, -0.09441850442321834, -0.18653186157568308, 1.0961852215076063e-09, 0.09576722683918112, 0.9954037564041701, 2.9398539574954086e-09, 0.0, 0.0, 0.0, 1.0]}, {"left_foot_pose": [0.9977604143355687, 0.06499850570647513, -0.01579081507840266, 0.015860685721907485, -0.0668891260419352, 0.969629427180852, -0.2352543703361963, -0.026045246291001738, 2.0056446419694016e-05, 0.2357837318409805, 0.9718055522566645, 0.017439491631444523, 0.0, 0.0, 0.0, 1.0], "right_foot_pose": [0.9859166619094386, 0.16599267492816133, -0.020365844925837547, 0.023371516444037965, -0.1672373635565613, 0.9785788326033051, -0.12006303599111334, -0.18653186126281018, 2.483447419224172e-10, 0.12177807787506997, 0.9925573533801728, 1.6629672430767961e-09, 0.0, 0.0, 0.0, 1.0]}, {"left_foot_pose": [0.9951479718106174, 0.09563563686103875, -0.023115777369545856, 0.021996267705812776, -0.09838960129996259, 0.9673496931783477, -0.2335681002701178, -0.030870475946541735, 2.3606126253419724e-05, 0.23470917338259478, 0.9720656373788812, 0.023433115706146826, 0.0, 0.0, 0.0, 1.0], "right_foot_pose": [0.9859166619047324, 0.16556819790716584, -0.023569209159477796, 0.023371516469023565, -0.1672373635843068, 0.9760764068180738, -0.13894787610643342, -0.1865318608562773, -4.620437016441621e-10, 0.14093267859120515, 0.9900191816854397, 7.99165948695002e-10, 0.0, 0.0, 0.0, 1.0]}, {"left_foot_pose": [0.9909928571819334, 0.13073619552515856, -0.029003520372473463, 0.028939271754276744, -0.13391473575624305, 0.9675093954474784, -0.21445841850622516, -0.03633069038887063, 2.3700727574180405e-05, 0.21641075966888318, 0.9763024032223899, 0.025000004224625554, 0.0, 0.0, 0.0, 1.0], "right_foot_pose": [0.9859166619003914, 0.16526069306600813, -0.025636675184815147, 0.02337151675405165, -0.16723736360989738, 0.9742635687812627, -0.1511362390639951, -0.18653186062828422, -9.578619077867102e-10, 0.15329514627978524, 0.9881804481606883, 3.2127606824916555e-10, 0.0, 0.0, 0.0, 1.0]}, {"left_foot_pose": [0.9852357351569053, 0.16812739500271015, -0.03230673644050707, 0.036263417144198014, -0.1712032293039038, 0.9675582629602605, -0.18579683004087857, -0.04209064530452747, 2.1112757757565676e-05, 0.18858469404203224, 0.9820569294737074, 0.025000005823144565, 0.0, 0.0, 0.0, 1.0], "right_foot_pose": [0.9859166618991629, 0.16510502771599703, -0.02662077407798844, 0.023371517223011208, -0.1672373636171398, 0.9733458724748991, -0.15693781171682736, -0.18653186068447705, -1.1822979292705514e-09, 0.15917959152786387, 0.987249643018939, 7.284779723892854e-11, 0.0, 0.0, 0.0, 1.0]}, {"left_foot_pose": [0.9781244658544505, 0.20546293096415671, -0.03251942952398068, 0.04354242868314997, -0.20802050142383344, 0.9661112865961958, -0.15282818097072579, -0.04781510367247703, 1.6861900621063797e-05, 0.15624969091509364, 0.9877175880810342, 0.02500000671420212, 0.0, 0.0, 0.0, 1.0], "right_foot_pose": [0.9859166619017729, 0.1651128830796763, -0.026572008309168973, 0.023371517718084787, -0.16723736360175434, 0.9733921824449344, -0.1566503219614392, -0.18653186078225104, -1.1344060195534832e-09, 0.15888799512928922, 0.9872966145003209, 6.663603696610565e-11, 0.0, 0.0, 0.0, 1.0]}, {"left_foot_pose": [0.9702289266565826, 0.24059835282706762, -0.027717548515676718, 0.050350038363957884, -0.24218965658071462, 0.9638593138671799, -0.11099276245235797, -0.053168838052784495, 1.1141472636954766e-05, 0.11440129233707111, 0.9934346199863767, 0.022459727232554114, 0.0, 0.0, 0.0, 1.0], "right_foot_pose": [0.985916661900889, 0.16539166035615693, -0.024777701080638, 0.023371517962625755, -0.1672373636069637, 0.9750356626529827, -0.14607231349113223, -0.18653186101928598, -2.6818608762389876e-10, 0.14815888511828448, 0.9889635709976917, 4.597724215238408e-10, 0.0, 0.0, 0.0, 1.0]}, {"left_foot_pose": [0.9624065137396614, 0.2708790579424049, -0.0199559083909314, 0.05625995576745697, -0.2716131482026268, 0.9598070109249311, -0.07068804356330603, -0.057816596011352826, 5.910134771370878e-06, 0.07345092067214254, 0.9972988329570461, 0.015838564437179167, 0.0, 0.0, 0.0, 1.0], "right_foot_pose": [0.9859166619069464, 0.16571370108570516, -0.02252343328048784, 0.023371518078169284, -0.16723736357125152, 0.9769341941979081, -0.13278269628464862, -0.1865318612289738, 1.0097547761462429e-10, 0.13467943228036636, 0.9908892221235621, 9.808844916858739e-10, 0.0, 0.0, 0.0, 1.0]}, {"left_foot_pose": [0.9557213799227, 0.2940897970450314, -0.010384374447378842, 0.06084590440538839, -0.29427307718272977, 0.9551263758777336, -0.033718869317850016, -0.06142313730276259, 2.014497407629196e-06, 0.03528168613713655, 0.9993774074989206, 0.007998178806113719, 0.0, 0.0, 0.0, 1.0], "right_foot_pose": [0.9859166619095034, 0.16611639558002267, -0.01933077568859852, 0.023371518086983394, -0.16723736355617866, 0.9793082048140311, -0.11396097671877951, -0.18653186128895824, 5.479614553086468e-10, 0.11558885371618272, 0.9932971443110966, 1.6343956535380677e-09, 0.0, 0.0, 0.0, 1.0]}, {"left_foot_pose": [0.9513204650013741, 0.3082032056170812, -0.00039612741060773, 0.06368161497679774, -0.30820346018428973, 0.9513196793709147, -0.0012226087076613371, -0.06365322903000147, 3.1878332486597475e-08, 0.0012851805229100656, 0.9999991741551708, 0.001817276481888723, 0.0, 0.0, 0.0, 1.0], "right_foot_pose": [0.9859166619052294, 0.16653179460383283, -0.015345916840517915, 0.023371517983542686, -0.16723736358137564, 0.9817571122174155, -0.09046898271160224, -0.18653186106457675, 9.547290009746247e-10, 0.09176128811513189, 0.9957810331611322, 2.330035664410701e-09, 0.0, 0.0, 0.0, 1.0]}, {"left_foot_pose": [0.9501664592427684, 0.3116145460938166, 0.008948429627952545, 0.06440425201951638, -0.31174300269622984, 0.9497749342267835, 0.027274064318476916, -0.0642215286224968, 1.0114139433297056e-09, -0.02870451144428075, 0.9995879406149046, 2.4853011176828588e-09, 0.0, 0.0, 0.0, 1.0], "right_foot_pose": [0.9859166618652727, 0.16688273958139954, -0.010885177363920749, 0.023371516717667146, -0.1672373638169329, 0.9838260412005428, -0.06417152639006406, -0.18653185975910225, 8.266178764709133e-10, 0.06508818545231293, 0.9978795158307067, 3.063081698007064e-09, 0.0, 0.0, 0.0, 1.0]}, {"left_foot_pose": [0.9501664592558795, 0.3112180833634641, 0.018083260013576182, 0.06440424895278353, -0.31174300265626903, 0.9485665497186163, 0.0551162503239669, -0.06422152812554206, -1.7707369704550225e-09, -0.05800694219223072, 0.9983161797033586, 2.3524966141774684e-09, 0.0, 0.0, 0.0, 1.0], "right_foot_pose": [0.9859166618287524, 0.16711744809982143, -0.00633201935035911, 0.02337151414411613, -0.16723736403223352, 0.9852097193888133, -0.03732924983663589, -0.18653185739782613, -1.96484751305086e-09, 0.03786247961266259, 0.9992829592450685, 3.708368591370803e-09, 0.0, 0.0, 0.0, 1.0]}, {"left_foot_pose": [0.9501664592482703, 0.3106107078856481, 0.026545957627912186, 0.06440425245946325, -0.31174300267946053, 0.9467153196855973, 0.0809098495425131, -0.06422152897397393, 8.792520418631477e-10, -0.0851533417980471, 0.9963678579624226, 1.898503874941948e-09, 0.0, 0.0, 0.0, 1.0], "right_foot_pose": [0.9859166618785857, 0.16722508947740494, -0.0020261489234715, 0.023371517034848577, -0.16723736373844847, 0.9858443013195873, -0.011944778169074601, -0.18653186018306617, 7.717179231679178e-10, 0.01211540362383695, 0.9999266058041617, 2.3659352532678923e-09, 0.0, 0.0, 0.0, 1.0]}, {"left_foot_pose": [0.9501664592252618, 0.3099171477716631, 0.03369067052474319, 0.06440425367055294, -0.3117430027495879, 0.9446014065947488, 0.10268633256618648, -0.06422152939293906, 5.372519399943673e-10, -0.10807193981927173, 0.99414307613326, 1.4730221209457994e-09, 0.0, 0.0, 0.0, 1.0], "right_foot_pose": [0.9851276590932815, 0.17180714729692245, 0.002408199967909853, 0.023493878707482624, -0.1718240241910465, 0.9850309331364783, 0.013804545449728905, -0.1872038774105852, -4.3188812079711745e-07, -0.014013026153281406, 0.9999018127285506, 0.002250301225189405, 0.0, 0.0, 0.0, 1.0]}, {"left_foot_pose": [0.9501664592234376, 0.3092528579937271, 0.039323906081528005, 0.06440425385131869, -0.3117430027551493, 0.9425767073885871, 0.11985595905792008, -0.06422152962330825, -2.974413524213035e-11, -0.12614206479681028, 0.9920121871674755, 1.0536295169671916e-09, 0.0, 0.0, 0.0, 1.0], "right_foot_pose": [0.982336522199418, 0.1869140519493088, 0.00883710003581526, 0.023902739346603905, -0.18712283972071614, 0.9812411654771398, 0.04637691266049985, -0.18944943475026108, -2.8296763082466367e-06, -0.04721135834685954, 0.9988849221181774, 0.00871010858972368, 0.0, 0.0, 0.0, 1.0]}, {"left_foot_pose": [0.9501664592258884, 0.30873344759515775, 0.043212939013068816, 0.0644042535958561, -0.31174300274767835, 0.9409935884340994, 0.13170940271589668, -0.0642215298694332, -5.675138110058307e-10, -0.1386171881908066, 0.9903460380786481, 7.247718397662695e-10, 0.0, 0.0, 0.0, 1.0], "right_foot_pose": [0.9774868106518573, 0.21020513295715704, 0.018257521193312344, 0.02454322624405761, -0.2109965282902803, 0.9738234322390709, 0.08454813937376143, -0.19296716188547602, -7.149074307197242e-06, -0.08649696468998198, 0.9962521142001709, 0.016558462465252666, 0.0, 0.0, 0.0, 1.0]}, {"left_foot_pose": [0.9501664592266889, 0.30844754995212326, 0.04520850239889299, 0.06440425301318647, -0.3117430027452391, 0.940122196657324, 0.13779171089579603, -0.06422152999465096, -9.533159874469313e-10, -0.1450184963400924, 0.9894289442497929, 5.397593830225311e-10, 0.0, 0.0, 0.0, 1.0], "right_foot_pose": [0.9704830514761023, 0.23918864019817526, 0.030845440469879783, 0.02535760762219197, -0.2411693318762357, 0.9625193087525645, 0.12407229199485091, -0.19743995302296177, -1.2649230717880763e-05, -0.1278490308083462, 0.9917936404118367, 0.022916657183073362, 0.0, 0.0, 0.0, 1.0]}, {"left_foot_pose": [0.9501664592325395, 0.30854835436071526, 0.04451530939793988, 0.06440425255057548, -0.3117430027274064, 0.9404294398453772, 0.13567891848998143, -0.06422152961073796, -4.6012314531167965e-10, -0.1427948937931794, 0.9897523014909314, 4.5337412296619917e-10, 0.0, 0.0, 0.0, 1.0], "right_foot_pose": [0.9613409680901275, 0.271750312912647, 0.04444446538563325, 0.026288152961793942, -0.2753607502232991, 0.9487464725825256, 0.15510186329853215, -0.20255069609478618, -1.7549875725019804e-05, -0.16134403674785514, 0.9868982224616217, 0.025000006479342966, 0.0, 0.0, 0.0, 1.0]}, {"left_foot_pose": [0.9501664592192602, 0.30886497655136597, 0.04226258433483218, 0.06440425223768033, -0.31174300276788003, 0.9413944774437315, 0.128812802406089, -0.06422152955377974, -3.0063881397482265e-10, -0.13556866930957537, 0.9907679526012295, 7.663405465763162e-10, 0.0, 0.0, 0.0, 1.0], "right_foot_pose": [0.9503053034049195, 0.3058336505017432, 0.05818598234335049, 0.027277111038186544, -0.3113194980745648, 0.9335722847501883, 0.17754706211287777, -0.2079822700036181, -2.095433487486974e-05, -0.18683834554793802, 0.9823906718784663, 0.02500000622085518, 0.0, 0.0, 0.0, 1.0]}, {"left_foot_pose": [0.9501664592032005, 0.30942714611343425, 0.03792810374048168, 0.06440425196799521, -0.3117430028168286, 0.9431079226783282, 0.11560167116489277, -0.06422152948854347, 6.468237614202936e-11, -0.12166465151992494, 0.9925712632201961, 1.3517282779207385e-09, 0.0, 0.0, 0.0, 1.0], "right_foot_pose": [0.937916227492384, 0.3396334807075996, 0.0704432323853396, 0.028266748703784296, -0.3468618597027399, 0.9183836110164675, 0.19041636825627692, -0.2134175742310157, -2.213619514090897e-05, -0.2030286723563792, 0.9791727925709512, 0.02500000515614132, 0.0, 0.0, 0.0, 1.0]}, {"left_foot_pose": [0.9501664591885942, 0.31016022252430564, 0.031374132604489846, 0.06440425172361479, -0.31174300286134843, 0.9453422776028412, 0.09562572009487307, -0.0642215290708049, 6.495304230367665e-10, -0.10064101818019905, 0.9949228037690431, 2.2751621420180612e-09, 0.0, 0.0, 0.0, 1.0], "right_foot_pose": [0.9250251525154249, 0.37181237939555295, 0.07800013937187675, 0.02919933438143869, -0.3799058657060916, 0.9053295045385077, 0.18986843185260013, -0.21853950055102672, -2.0394112258315167e-05, -0.2052657856055848, 0.9787062668869564, 0.023024936275211787, 0.0, 0.0, 0.0, 1.0]}, {"left_foot_pose": 