{"LoopMode": "Wrap", "FrameDuration": 0.0167, "EnableCycleOffsetPosition": true, "EnableCycleOffsetRotation": false, "Debug_info": [{"left_foot_pose": [1.0000000000000004, 1.0285677356557449e-13, -8.333778112046278e-12, 1.555325538968122e-12, -2.1757531446447483e-14, 0.9999530385447722, 0.00969126952871025, -2.5689519955740536e-14, 8.334291899474703e-12, -0.009691269528710425, 0.9999530385447725, 1.762885670775205e-11, 0.0, 0.0, 0.0, 1.0], "right_foot_pose": [1.0, -1.822445625770903e-13, -8.395506512215432e-12, 1.7801482221757968e-12, 5.841722500506986e-14, 0.9998911452286227, -0.014754582115176862, -0.14000000000219312, 8.397154367192096e-12, 0.014754582115176707, 0.9998911452286224, 1.461120807677574e-11, 0.0, 0.0, 0.0, 1.0]}, {"left_foot_pose": [1.0000000000000007, 1.602422735844417e-13, -1.8614110253167844e-11, 3.0967751902536157e-12, -3.4404912095528155e-14, 0.9999772693524771, 0.006742460853739115, 8.407961826772947e-13, 1.8614320438206455e-11, -0.006742460853739287, 0.9999772693524773, 3.835885081793222e-11, 0.0, 0.0, 0.0, 1.0], "right_foot_pose": [0.9999999999999997, -4.907775873875039e-13, -1.8727519535133294e-11, 3.7892366775596145e-12, 1.5920078026281988e-13, 0.9998432616347033, -0.017704580302232424, -0.14000000000398316, 1.8733193991601243e-11, 0.017704580302232275, 0.999843261634703, 3.366106698932114e-11, 0.0, 0.0, 0.0, 1.0]}, {"left_foot_pose": [1.0000000000000004, 9.16414943660468e-14, -3.271038995222853e-11, 5.076962775246383e-12, -5.0977886071935664e-15, 0.9999965266811868, 0.0026356451891427664, 2.413883329333011e-12, 3.2710308105691535e-11, -0.0026356451891429403, 0.999996526681187, 6.666860813409059e-11, 0.0, 0.0, 0.0, 1.0], "right_foot_pose": [0.9999999999999998, -1.0658488214824254e-12, -3.2913671788037384e-11, 6.468991847136529e-12, 3.4767370135868544e-13, 0.9997620390675576, -0.02181433564149186, -0.14000000000603538, 3.292876914102543e-11, 0.02181433564149171, 0.9997620390675575, 6.00764438196677e-11, 0.0, 0.0, 0.0, 1.0]}, {"left_foot_pose": [1.0000000000000007, -2.439877265731178e-13, -5.042116724141011e-11, 7.432893874165977e-12, 1.1286376619392845e-13, 0.9999966014304099, -0.0026071301522536433, 4.8319716283717895e-12, 5.042135982532712e-11, 0.002607130152253469, 0.9999966014304101, 1.0231480246369884e-10, 0.0, 0.0, 0.0, 1.0], "right_foot_pose": [0.9999999999999998, -2.0432320749956976e-12, -5.077871456649062e-11, 9.75416646995055e-12, 6.683253585727657e-13, 0.9996337290057387, -0.027063034458119237, -0.14000000000814597, 5.081529223736777e-11, 0.027063034458119094, 0.9996337290057387, 9.349317153795056e-11, 0.0, 0.0, 0.0, 1.0]}, {"left_foot_pose": [1.0000000000000007, -1.023253422269934e-12, -7.193540207950376e-11, 1.014793944963743e-11, 3.779781617855364e-13, 0.999959730516616, -0.008974260144301471, 8.32070697065479e-12, 7.194137593240648e-11, 0.008974260144301294, 0.9999597305166161, 1.4587549224120977e-10, 0.0, 0.0, 0.0, 1.0], "right_foot_pose": [0.9999999999999996, -3.6102963459032842e-12, -7.254846723370176e-11, 1.3647653153950655e-11, 1.1822732606512348e-12, 0.9994407056934932, -0.03344063101814739, -0.1400000000101185, 7.262846352530698e-11, 0.03344063101814726, 0.9994407056934931, 1.342973232620892e-10, 0.0, 0.0, 0.0, 1.0]}, {"left_foot_pose": [1.0000000000000004, -2.4803515378212483e-12, -9.78792602523981e-11, 1.3251519449279412e-11, 8.675717276501798e-13, 0.9998642410352553, -0.016477241850312668, 1.3227609979571398e-11, 9.790645882376734e-11, 0.01647724185031249, 0.9998642410352555, 1.9886456370521444e-10, 0.0, 0.0, 0.0, 1.0], "right_foot_pose": [0.9999999999999998, -6.030965452590271e-12, -9.889722374367689e-11, 1.8224237164247127e-11, 1.9750892548309684e-12, 0.9991607645080994, -0.04096055013779098, -0.1400000000117343, 9.90609512830728e-11, 0.04096055013779084, 0.9991607645080993, 1.8373024629481094e-10, 0.0, 0.0, 0.0, 1.0]}, {"left_foot_pose": [1.0000000000000002, -4.943811773856531e-12, -1.2932360737849528e-10, 1.681319503287325e-11, 1.6894906732322907e-12, 0.9996835709085631, -0.025154682576105186, 2.006393662323802e-11, 1.2940662585075116e-10, 0.025154682576105016, 0.9996835709085632, 2.638103416274795e-10, 0.0, 0.0, 0.0, 1.0], "right_foot_pose": [0.9999999999999998, -9.684993028960782e-12, -1.3096579376536958e-10, 2.3626775927677434e-11, 3.1688506360382932e-12, 0.9987659930818256, -0.04966378019517374, -0.1400000000127037, 1.3128509592452608e-10, 0.0496637801951736, 0.9987659930818256, 2.4393385228416165e-10, 0.0, 0.0, 0.0, 1.0]}, {"left_foot_pose": [1.0000000000000004, -8.887493487393076e-12, -1.677752936579678e-10, 2.0933900469701e-11, 2.998036607402962e-12, 0.9993847632564511, -0.035072709773387216, 2.955423059058937e-11, 1.679834223437959e-10, 0.03507270977338703, 0.9993847632564512, 3.4432830198216635e-10, 0.0, 0.0, 0.0, 1.0], "right_foot_pose": [1.0, -1.512220405557916e-11, -1.7036150268268094e-10, 3.005793553300992e-11, 4.9385488730515845e-12, 0.9982211812016144, -0.059619404563060606, -0.1400000000125977, 1.7095973787595267e-10, 0.059619404563060446, 0.9982211812016144, 3.1796953264828787e-10, 0.0, 0.0, 0.0, 1.0]}, {"left_foot_pose": [1.0000000000000002, -1.499652018981781e-11, -2.151622768842285e-10, 2.5736494621093392e-11, 5.0137648380352616e-12, 0.9989265070028499, -0.046323143320443294, 4.2691832707886235e-11, 2.1562564723552883e-10, 0.04632314332044311, 0.9989265070028499, 4.452330379378644e-10, 0.0, 0.0, 0.0, 1.0], "right_foot_pose": [0.9999999999999999, -2.3133564285570168e-11, -2.1915658177107376e-10, 3.777045209665368e-11, 7.532148185138054e-12, 0.9974817988335196, -0.070922922922325, -0.14000000001076102, 2.2024531659201425e-10, 0.07092292292232484, 0.9974817988335197, 4.098525824280941e-10, 0.0, 0.0, 0.0, 1.0]}, {"left_foot_pose": [1.0000000000000007, -2.424009580502317e-11, -2.7371471755799307e-10, 3.1345601509496464e-11, 8.043908897643303e-12, 0.9982568782778561, -0.059018683236331165, 6.076918482311733e-11, 2.7466787862823103e-10, 0.059018683236331, 0.9982568782778564, 5.725210375229217e-10, 0.0, 0.0, 0.0, 1.0], "right_foot_pose": [1.0, -3.482847992306773e-11, -2.797839182555604e-10, 4.704115593933623e-11, 1.1290798502607034e-11, 0.9964917044817933, -0.08369159395644657, -0.14000000000620885, 2.8171682902331014e-10, 0.08369159395644643, 0.9964917044817933, 5.244346276689349e-10, 0.0, 0.0, 0.0, 1.0]}, {"left_foot_pose": [1.0000000000000007, -3.790604632483903e-11, -3.4548452987337374e-10, 3.7827396354535455e-11, 1.2486660018973663e-11, 0.9973112543781888, -0.07328207073087308, 8.527880485109662e-11, 3.473330617993893e-10, 0.0732820707308729, 0.9973112543781888, 7.326910675398146e-10, 0.0, 0.0, 0.0, 1.0], "right_foot_pose": [0.9999999999999998, -5.166308485371961e-11, -3.5456304559033893e-10, 5.808611875908346e-11, 1.6647985413063798e-11, 0.9951811250134239, -0.09805370169971085, -0.13999999999753876, 3.57920073364768e-10, 0.09805370169971073, 0.995181125013424, 6.66642893665248e-10, 0.0, 0.0, 0.0, 1.0]}, {"left_foot_pose": [1.0000000000000002, -5.745703808819487e-11, -4.310100609750113e-10, 4.5035421914063535e-11, 1.8772776368794036e-11, 0.9960117859350359, -0.08922175899690286, 1.174401392106672e-10, 4.344171722301738e-10, 0.08922175899690266, 0.9960117859350358, 9.303097389667947e-10, 0.0, 0.0, 0.0, 1.0], "right_foot_pose": [1.0, -7.52550276554763e-11, -4.4433112744712797e-10, 7.083863232748132e-11, 2.4054506814493326e-11, 0.9934664971112964, -0.11412413906536358, -0.1399999999829935, 4.5001645507393737e-10, 0.11412413906536341, 0.9934664971112964, 8.391159572740392e-10, 0.0, 0.0, 0.0, 1.0]}, {"left_foot_pose": [1.0000000000000007, -8.378939896884129e-11, -5.25833876441338e-10, 5.2196019923606175e-11, 2.7110849715414e-11, 0.9942723594820252, -0.10687598032321285, 1.5671379818837927e-10, 5.317769134858519e-10, 0.10687598032321266, 0.9942723594820253, 1.1606641966976916e-09, 0.0, 0.0, 0.0, 1.0], "right_foot_pose": [0.9999999999999999, -1.0649314212434615e-10, -5.448040907296552e-10, 8.437309964151923e-11, 3.367641595735413e-11, 0.9912566624112986, -0.13194782766386406, -0.13999999996108306, 5.540919943435286e-10, 0.13194782766386393, 0.9912566624112987, 1.0355529628247595e-09, 0.0, 0.0, 0.0, 1.0]}, {"left_foot_pose": [1.0000000000000004, -1.1475005787826184e-10, -6.118483497630202e-10, 5.6827869247213024e-11, 3.668958042374326e-11, 0.9920194085542212, -0.12608526104082904, 1.9682679444632534e-10, 6.214336653790891e-10, 0.12608526104082882, 0.9920194085542213, 1.3893539374532082e-09, 0.0, 0.0, 0.0, 1.0], "right_foot_pose": [1.0, -1.4259714749084806e-10, -6.373895855560355e-10, 9.544955565417343e-11, 4.447235693879412e-11, 0.9884771531485931, -0.15137013477979425, -0.13999999993286322, 6.516298348868041e-10, 0.1513701347797941, 0.9884771531485931, 1.2231133605933309e-09, 0.0, 0.0, 0.0, 1.0]}, {"left_foot_pose": [1.0000000000000002, -1.386373796127321e-10, -6.391519535853237e-10, 5.2424602277832286e-11, 4.370278517853168e-11, 0.98925476023972, -0.14620198132397208, 2.1723767576475872e-10, 6.525530846988392e-10, 0.14620198132397189, 0.9892547602397199, 1.5043681161897027e-09, 0.0, 0.0, 0.0, 1.0], "right_foot_pose": [0.9999999999999998, -1.694742690702352e-10, -6.696646570603084e-10, 9.544287130345786e-11, 5.194759812529382e-11, 0.9851421721572459, -0.1717407949128678, -0.13999999990804496, 6.888204022231236e-10, 0.1717407949128676, 0.9851421721572458, 1.3030069245800746e-09, 0.0, 0.0, 0.0, 1.0]}, {"left_foot_pose": [0.9999999873020553, 0.00015704800951686377, -2.7052032414878996e-05, 2.1385903486252527e-05, -0.0001593594135922271, 0.986205495585256, -0.1655255118766228, -1.342027021141931e-05, 6.83410869717049e-07, 0.16552551408578478, 0.9862055080895517, 0.00016386122515157225, 0.0, 0.0, 0.0, 1.0], "right_foot_pose": [0.9999999999999998, -1.550256627486864e-10, -5.503992261957071e-10, 3.7603176128330554e-12, 4.689377241560465e-11, 0.981539157956952, -0.1912612909011072, -0.1399999999808119, 5.698884571266472e-10, 0.19126129090110702, 0.9815391579569519, 1.0403073541498387e-09, 0.0, 0.0, 0.0, 1.0]}, {"left_foot_pose": [0.9999898760085458, 0.0044222675470793164, -0.0008315227934370416, 0.0006039675587048452, -0.004499762848462665, 0.9829248193340517, -0.18395257995317693, -0.00037899397813714875, 3.8368669828043776e-06, 0.18395445927420284, 0.9829347673667946, 0.004191209130675097, 0.0, 0.0, 0.0, 1.0], "right_foot_pose": [1.0000000000000002, -1.1043945397750339e-10, -3.1969160652067723e-10, -2.3178926831083578e-10, 4.156799382866465e-11, 0.9781534681588734, -0.20788408483760393, -0.1400000001810779, 3.3566565034228594e-10, 0.2078840848376037, 0.9781534681588735, 6.061210908181458e-10, 0.0, 0.0, 0.0, 1.0]}, {"left_foot_pose": [0.9999026183782095, 0.013670687916068198, -0.002804648338541034, 0.0018732121222202523, -0.013955418766671869, 0.9796006761995031, -0.20046885413081958, -0.0011754460025064813, 6.888267222120878e-06, 0.20048847219074326, 0.9796960612716448, 0.011469802249064215, 0.0, 0.0, 0.0, 1.0], "right_foot_pose": [0.9999999999999998, -4.4073879463351204e-11, -2.2334523119837722e-11, -3.240468545799088e-10, 3.806088799316785e-11, 0.9753621633138371, -0.22060972411875246, -0.14000000018471565, 3.1507024860994784e-11, 0.2206097241187523, 0.9753621633138372, 2.8711182736840257e-10, 0.0, 0.0, 0.0, 1.0]}, {"left_foot_pose": [0.9996238336905134, 0.026800102917065714, -0.005826285396093877, 0.0036817284626948924, -0.027426101223788506, 0.9768806893120264, -0.21201869686639355, -0.0023102880222593894, 9.462797503144593e-06, 0.2120987348686828, 0.9772482420437303, 0.019120926323456605, 0.0, 0.0, 0.0, 1.0], "right_foot_pose": [1.0, 1.9203248514192594e-11, 2.537719479001054e-10, -2.8760863307872395e-10, 3.939627538395684e-11, 0.973448862163048, -0.22890459312444442, -0.14000000006165528, -2.514299542159163e-10, 0.22890459312444425, 0.9734488621630479, 8.416788099818717e-11, 0.0, 0.0, 0.0, 1.0]}, {"left_foot_pose": [0.9990399409935254, 0.04278868600015581, -0.00939811949457095, 0.005882127943768667, -0.0438086313110383, 0.9758345523062503, -0.2140741234897734, -0.0036910364887707235, 1.1059278742540673e-05, 0.21428031845141832, 0.9767722073247437, 0.024265877426617802, 0.0, 0.0, 0.0, 1.0], "right_foot_pose": [1.0, 5.57417105147875e-11, 4.4793713183111064e-10, -1.2763504041282048e-10, 4.989070217029387e-11, 0.9726174341483986, -0.23241197643534997, -0.13999999993014187, -4.4862662228392195e-10, 0.23241197643534983, 0.9726174341483984, 3.3247155029059172e-12, 0.0, 0.0, 0.0, 1.0]}, {"left_foot_pose": [0.9980763158435787, 0.060695367880723536, -0.01263883182628603, 0.008327023303199335, -0.06199731949892331, 0.9771536184109869, -0.2032907730352381, -0.005225208784494298, 1.12719954127129e-05, 0.2036832794908307, 0.9790368335914658, 0.025000000704368218, 0.0, 0.0, 0.0, 1.0], "right_foot_pose": [1.0, 4.844236414028146e-11, 5.170333050585893e-10, 1.1940452070887956e-10, 7.224913084849744e-11, 0.9729777713033418, -0.2308988015334469, -0.1399999999037032, -5.142473686027592e-10, 0.23089880153344675, 0.972977771303342, 5.935387598077213e-11, 0.0, 0.0, 0.0, 1.0]}, {"left_foot_pose": [0.9967233250976825, 0.07946570180320765, -0.015093556345139078, 0.010869022799198401, -0.08088642097324251, 0.9792405043546417, -0.18586398664993412, -0.006820313568668069, 1.0409588839886168e-05, 0.18647583454214967, 0.9824595477796784, 0.02500000124435476, 0.0, 0.0, 0.0, 1.0], "right_foot_pose": [1.0, -3.0404266378098004e-12, 4.5152692695893393e-10, 3.867585117458936e-10, 1.0441520624761598e-10, 0.9744308888447244, -0.22468743370576105, -0.13999999990169315, -4.3929899484902935e-10, 0.22468743370576091, 0.9744308888447244, 2.3175517060991524e-10, 0.0, 0.0, 0.0, 1.0]}, {"left_foot_pose": [0.9950501842641977, 0.09802568053140313, -0.01631247228788051, 0.013360736767410699, -0.09937369229329612, 0.9815666249242698, -0.1632538823880658, -0.008383864797127327, 8.705447301722961e-06, 0.164066836353769, 0.9864492248124493, 0.024910270539482325, 0.0, 0.0, 0.0, 1.0], "right_foot_pose": [0.9999999999999998, -9.60990934372541e-11, 2.413675925794229e-10, 6.548102645985209e-10, 1.454694542846414e-10, 0.9768894603638976, -0.2137451338157977, -0.1399999999403349, -2.1524888230743527e-10, 0.2137451338157976, 0.9768894603638973, 5.484326742744017e-10, 0.0, 0.0, 0.0, 1.0]}, {"left_foot_pose": [0.993206618413235, 0.11532691480153318, -0.015502124451429608, 0.015654776850760166, -0.11636414009855532, 0.984360727337172, -0.13226241104470485, -0.009823380614316521, 6.266690282251143e-06, 0.1331677933983837, 0.9910935065684442, 0.021163833624635926, 0.0, 0.0, 0.0, 1.0], "right_foot_pose": [0.9999999999999999, -2.223921929824356e-10, -1.290510476259486e-10, 8.741455786164665e-10, 1.9251064545848131e-10, 0.9802871308153963, -0.1975781899849228, -0.14000000019461523, 1.7044659682579283e-10, 0.1975781899849227, 0.9802871308153964, 1.0465392510927707e-09, 0.0, 0.0, 0.0, 1.0]}, {"left_foot_pose": [0.9914124150853388, 0.1301542586715894, -0.012700085208620107, 0.017603749339218603, -0.13077240993862327, 0.986728811774293, -0.0962539807661858, -0.011046363942860694, 3.6744765214688996e-06, 0.0970882122821389, 0.9952757803856968, 0.013996812447446688, 0.0, 0.0, 0.0, 1.0], "right_foot_pose": [0.9999999999999998, -3.3728000946893287e-10, -6.034865940307535e-10, 9.60242991761723e-10, 2.2571245423195374e-10, 0.9843661574956529, -0.1761342328374682, -0.14000000040465221, 6.534581778551535e-10, 0.17613423283746812, 0.9843661574956528, 1.6887334863824321e-09, 0.0, 0.0, 0.0, 1.0]}, {"left_foot_pose": [0.9899350719563884, 0.14126283349853008, -0.008565347784396802, 0.019060264259839907, -0.14152227142161075, 0.9881209860207313, -0.05990295215668828, -0.011960325478445095, 1.5391417477135354e-06, 0.06051222072759499, 0.9981674564622145, 0.006287910760979752, 0.0, 0.0, 0.0, 1.0], "right_foot_pose": [1.0, -3.971287109028179e-10, -1.111933267683438e-09, 8.579459498901368e-10, 2.260905872840207e-10, 0.9887176760207835, -0.1497910448727193, -0.14000000044216246, 1.1588743986326875e-09, 0.14979104487271913, 0.9887176760207838, 2.393849507509316e-09, 0.0, 0.0, 0.0, 1.0]}, {"left_foot_pose": [0.9890557108016448, 0.1474951229052153, -0.0037402740314038075, 0.019876933326311293, -0.14754253939319364, 0.9887378958932096, -0.025071344081985816, -0.012472779662129615, 2.496991025370702e-07, 0.02534880557038063, 0.9996786674007274, 0.0009158368178734944, 0.0, 0.0, 0.0, 1.0], "right_foot_pose": [0.9999999999999999, -3.579120148807239e-10, -1.519509462699629e-09, 5.467057967781908e-10, 1.7391708691375084e-10, 0.992845834805024, -0.11940330108634004, -0.1400000001995042, 1.5513744576252358e-09, 0.11940330108633988, 0.9928458348050241, 2.9985027030776656e-09, 0.0, 0.0, 0.0, 1.0]}, {"left_foot_pose": [0.9889200216538448, 0.14844358893321993, 0.0013006447574606575, 0.02000000028479541, -0.14844928686982564, 0.9888820637873761, 0.008664476179254942, -0.012549999782467423, 1.6682626626196757e-09, -0.008761553757524215, 0.9999616168512445, 3.1794061550183272e-09, 0.0, 0.0, 0.0, 1.0], "right_foot_pose": [0.9999999999999997, -2.356718206797597e-10, -1.649428149619324e-09, 2.861459438389472e-10, 9.075549493600543e-11, 0.9961809369667143, -0.0873128903663119, -0.13999999996655105, 1.663705833282898e-09, 0.08731289036631176, 0.9961809369667141, 3.2003670061286904e-09, 0.0, 0.0, 0.0, 1.0]}, {"left_foot_pose": [0.9889200216506691, 0.14832132994962374, 0.006162293438010276, 0.020000000245396145, -0.1484492868909825, 0.9880676144303817, 0.04105116972041026, -0.012549999899797366, 1.512203835929421e-09, -0.04151111171517917, 0.9991380423165618, 2.85042797698587e-09, 0.0, 0.0, 0.0, 1.0], "right_foot_pose": [1.0, -1.4122547709253564e-10, -1.4894683264543567e-09, 2.182599848635115e-10, 5.92021584246421e-11, 0.9984904403250162, -0.054925773363290464, -0.14000000005917068, 1.4949766421174865e-09, 0.05492577336329031, 0.9984904403250163, 2.891930521442543e-09, 0.0, 0.0, 0.0, 1.0]}, {"left_foot_pose": [0.9889200216496028, 0.1480732473401154, 0.010559555042883086, 0.020000000236663835, -0.14844928689808712, 0.9864149700197112, 0.07034426871083392, -0.012549999941603896, 1.1287316190692041e-09, -0.07113241415252057, 0.997466881483709, 2.1187697082925006e-09, 0.0, 0.0, 0.0, 1.0], "right_foot_pose": [0.9999999984835278, 5.505244510597523e-05, -1.4739427324220301e-06, -5.824992920430744e-06, -5.507212038953959e-05, 0.9996777625517766, -0.02538440518380036, -0.14000765975758708, 7.599419991173957e-08, 0.025384405226478616, 0.9996777640676482, 3.740152551732351e-05, 0.0, 0.0, 0.0, 1.0]}, {"left_foot_pose": [0.9889200216468776, 0.14776522946229684, 0.014234737366567062, 0.02000000057754692, -0.14844928691624049, 0.9843630568460994, 0.09482711390031506, -0.012549999725738843, 6.571719690583309e-10, -0.09588956814251742, 0.9953919784293236, 1.3721387706611132e-09, 0.0, 0.0, 0.0, 1.0], "right_foot_pose": [0.9999839534890628, 0.005664992612549649, 2.4961645835621602e-05, -0.0005992197325072822, -0.0056650476049876376, 0.9999743478771813, 0.00438301531358635, -0.14078799675315812, -1.312561442755456e-07, -0.004383086390395295, 0.9999903942307031, 0.003492991163720288, 0.0, 0.0, 0.0, 1.0]}, {"left_foot_pose": [0.9889200216478777, 0.14746254812094328, 0.017087647165150398, 0.020000000635095903, -0.14844928690957762, 0.9823466942551204, 0.11383225159011472, -0.012549999760859513, 1.7253922072327157e-10, -0.11510764174335203, 0.9933530242629178, 7.585090472383982e-10, 0.0, 0.0, 0.0, 1.0], "right_foot_pose": [0.9998137462240312, 0.019285379445120276, 0.0007395952446633785, -0.0020415261790350764, -0.01929955589519193, 0.9990831530548433, 0.03821492410356172, -0.14268469069736253, -1.9278372190821783e-06, -0.03822208028941343, 0.9992692693036415, 0.010538498649699593, 0.0, 0.0, 0.0, 1.0]}, {"left_foot_pose": [0.9889200216504554, 0.14722374220250484, 0.019035769245118156, 0.02000000044779808, -0.14844928689240272, 0.9807558487017828, 0.12680999352725858, -0.012549999913566881, -2.2592894674776795e-10, -0.12823078791435705, 0.9917443546755706, 3.0236527170934835e-10, 0.0, 0.0, 0.0, 1.0], "right_foot_pose": [0.9992285650074532, 0.0391584646101738, 0.002981530231211588, -0.004155020386209173, -0.03927180728787615, 0.9963544272106915, 0.07573361558778732, -0.1454640244380592, -5.048739935387122e-06, -0.07579228210727408, 0.9971236282164223, 0.01829520916633652, 0.0, 0.0, 0.0, 1.0]}, {"left_foot_pose": [0.9889200216524796, 0.14709256240002105, 0.020024206887076266, 0.02000000010329337, -0.14844928687892187, 0.9798819725937705, 0.13339463636473917, -0.012550000041365247, -4.708257828088295e-10, -0.13488920591484507, 0.9908606875477822, 3.729325182000309e-11, 0.0, 0.0, 0.0, 1.0], "right_foot_pose": [0.9979572805032424, 0.0634686203094223, 0.007280146055610473, -0.006761973885117147, -0.0638847885805384, 0.9914720259579279, 0.11358677533455244, -0.14889227946400158, -8.865243145624214e-06, -0.11381984000560103, 0.9935014061099796, 0.02388441841708825, 0.0, 0.0, 0.0, 1.0]}, {"left_foot_pose": [0.9889200216524151, 0.14709386643353287, 0.02001462546793756, 0.019999999729921863, -0.14844928687935058, 0.9798906596731877, 0.133330807806215, -0.012550000016049164, -5.179669620125172e-10, -0.1348246622205289, 0.9908694719573922, 3.6410111037277204e-11, 0.0, 0.0, 0.0, 1.0], "right_foot_pose": [0.9958113380955312, 0.09045225577061383, 0.013347971620976076, -0.009684651627247005, -0.09143182580167947, 0.9851621481023632, 0.14524380598465667, -0.15273572968619448, -1.2286506908741178e-05, -0.14585585820372374, 0.9893058518358702, 0.02500000219816726, 0.0, 0.0, 0.0, 1.0]}, {"left_foot_pose": [0.9889200216499143, 0.1472258367168844, 0.01901956316394124, 0.019999999384672423, -0.14844928689600964, 0.9807698017520585, 0.1267020330985048, -0.012549999962866612, -3.5705178046914333e-10, -0.1281216179036224, 0.9917584640555174, 2.9364055631475594e-10, 0.0, 0.0, 0.0, 1.0], "right_foot_pose": [0.9927491708912191, 0.1184322346735603, 0.020564276914696034, -0.012745327647119168, -0.12020434052227141, 0.9781344461548974, 0.1697171817019643, -0.15676065169350054, -1.464251906991531e-05, -0.17095850676546798, 0.9852782291059303, 0.02500000133471486, 0.0, 0.0, 0.0, 1.0]}, {"left_foot_pose": [0.9889200216455543, 0.14747117790604405, 0.017013009009604865, 0.019999999103635185, -0.14844928692505366, 0.9824041830410013, 0.11333503586705604, -0.012549999882300423, 2.018803852566297e-11, -0.11460485517877421, 0.9934111571597398, 8.29550553249625e-10, 0.0, 0.0, 0.0, 1.0], "right_foot_pose": [0.9889117011422038, 0.1458513634684299, 0.02794686240764964, -0.015766275835495308, -0.14850470398480858, 0.9712623257058918, 0.18599959021128631, -0.16073333075748353, -1.5440741350917644e-05, -0.18808741169674836, 0.9821522923268067, 0.024992550606208454, 0.0, 0.0, 0.0, 1.0]}, {"left_foot_pose": [0.9889200216409428, 0.1477938996816888, 0.013933915980677796, 0.019999999065044804, -0.14844928695577345, 0.984554048125875, 0.0928231410870984, -0.012549999412631966, 6.169435576094582e-10, -0.09386314258446708, 0.9955851096034777, 1.7400993632121775e-09, 0.0, 0.0, 0.0, 1.0], "right_foot_pose": [0.9846288278601721, 0.17145051442809073, 0.03332855305959859, -0.018569763749085467, -0.1746598727527636, 0.9665516841119406, 0.187807802794133, -0.1644200456099378, -1.4024686105659865e-05, -0.1907421375646049, 0.9816401768268215, 0.021837792841976775, 0.0, 0.0, 0.0, 1.0]}, {"left_foot_pose": [0.9889200216394254, 0.14812825524508766, 0.009757602099161274, 0.019999999281755818, -0.14844928696588375, 0.986781413949035, 0.0650019252335267, -0.012549998995881134, 1.3762512889626496e-09, -0.06573021438266098, 0.9978374311064956, 3.0422793798057235e-09, 0.0, 0.0, 0.0, 1.0], "right_foot_pose": [0.9803973169172072, 0.19392314097965832, 0.03485565053366078, -0.02097807027696975, -0.19703071047176265, 0.9649440066199343, 0.17338386089616445, -0.1675870746123452, -1.0608179130467894e-05, -0.17685270560794877, 0.9842373293096611, 0.0149237792392874, 0.0, 0.0, 0.0, 1.0]}, {"left_foot_pose": [0.9889200216507941, 0.1483812707082918, 0.004493248400245731, 0.02000000029805849, -0.14844928689014833, 0.9884669198948021, 0.02993254909776423, -0.012549998940654188, 2.2641513970231295e-09, -0.0302679166226614, 0.999541821647961, 4.661639810277229e-09, 0.0, 0.0, 0.0, 1.0], "right_foot_pose": [0.9768310964441718, 0.21158069859438033, 0.03216546287542596, -0.022813471240138695, -0.21401170290613622, 0.9657394437831163, 0.14678664019825693, -0.17000070413058352, -6.23634887127865e-06, -0.15026954017295371, 0.9886450653582995, 0.0071292142643014575, 0.0, 0.0, 0.0, 1.0]}, {"left_foot_pose": [0.9889200216631612, 0.14843936588585077, -0.001716219432515212, 0.020000000751869536, -0.1484492868077645, 0.9888539319979424, -0.011432865715796534, -0.012549999065550163, 2.996902841499619e-09, 0.01156096136209984, 0.9999331698530584, 6.244198803850853e-09, 0.0, 0.0, 0.0, 1.0], "right_foot_pose": [0.974585045997292, 0.22255981423481774, 0.025516998377929742, -0.023898238103006255, -0.22401782990244204, 0.9682430272144963, 0.11100203663135565, -0.17142721697750524, -2.063102513202425e-06, -0.11389718757841097, 0.9934925418227717, 0.001332806713800254, 0.0, 0.0, 0.0, 1.0]}, {"left_foot_pose": [0.9889200216983598, 0.148201275023776, -0.008577456816790952, 0.02000000276995524, -0.14844928657328305, 0.9872678519838187, -0.05714015886520282, -0.0125499998896311, 2.9681127778050444e-09, 0.057780364489889637, 0.9983293191524611, 7.271808190323359e-09, 0.0, 0.0, 0.0, 1.0], "right_foot_pose": [0.9741204023888677, 0.22549186103733326, 0.01558403849040442, -0.02411665935151261, -0.226029736206877, 0.9718023207262404, 0.06716254746019325, -0.17171445330671872, 3.0475450189477415e-09, -0.06894686386640896, 0.9976203335753471, 6.939790721249839e-09, 0.0, 0.0, 0.0, 1.0]}, {"left_foot_pose": [0.9889200217174976, 0.14764266430428466, -0.01545426554053996, 0.02000000444152482, -0.148449286445793, 0.983546573345808, -0.10295118947081028, -0.012550000488845092, 2.0092080631939408e-09, 0.10410466721935265, 0.9945663468382334, 7.61884177274963e-09, 0.0, 0.0, 0.0, 1.0], "right_foot_pose": [0.9741204023858153, 0.2259777907641545, 0.004845589442916334, -0.024116657752346348, -0.22602973622003208, 0.973896532843231, 0.020883047197093427, -0.1717144534395829, 2.1119847036705625e-09, -0.021437849642287735, 0.9997701828934062, 6.469755682581013e-09, 0.0, 0.0, 0.0, 1.0]}, {"left_foot_pose": [0.9889200216879583, 0.1468258235124817, -0.021894480002281533, 0.020000001210686767, -0.14844928664257234, 0.9781050502635066, -0.1458537621878004, -0.012549999230573167, 2.7175072496624996e-09, 0.14748792560377838, 0.9890638562808244, 6.551747540328723e-09, 0.0, 0.0, 0.0, 1.0], "right_foot_pose": [0.9741204024187856, 0.22596396501787933, -0.0054523485638343526, -0.024116660697278962, -0.22602973607793933, 0.9738369491712889, -0.02349797517432407, -0.17171445219020978, 2.850940949409715e-09, 0.024122249939727485, 0.9997090161931346, 5.567456794197678e-09, 0.0, 0.0, 0.0, 1.0]}, {"left_foot_pose": [0.9884463708956139, 0.1489831344562768, -0.027889021332309097, 0.019288965644111356, -0.1515710125716507, 0.9715740127740762, -0.18185204384357198, -0.013227448942442977, 3.3608690777684514e-06, 0.18397815998009903, 0.9829303315286605, 0.002844457248017719, 0.0, 0.0, 0.0, 1.0], "right_foot_pose": [0.9741204024326436, 0.22556063648951186, -0.01455475286324888, -0.02411666140722197, -0.22602973601821488, 0.9720987246849058, -0.06272661238673527, -0.17171445221311715, 2.0816851417854027e-09, 0.06439307984889343, 0.9979246120161456, 3.9760970071966995e-09, 0.0, 0.0, 0.0, 1.0]}, {"left_foot_pose": [0.9870653643533285, 0.15668321853119832, -0.03394606788328693, 0.01729467353030084, -0.16031832847195487, 0.964693659511389, -0.20895974936452066, -0.015127529184786125, 7.070378444390727e-06, 0.21169910800291458, 0.9773348902094825, 0.009617037647127381, 0.0, 0.0, 0.0, 1.0], "right_foot_pose": [0.9741204024360232, 0.22494963655203043, -0.02207040038125428, -0.02411666173657774, -0.22602973600364926, 0.969465498168467, -0.09511680347386765, -0.17171445208956432, 1.3289526013877587e-09, 0.09764378565006175, 0.9952214281876797, 2.6105859557423727e-09, 0.0, 0.0, 0.0, 1.0]}, {"left_foot_pose": [0.9848302943064179, 0.16890868469227702, -0.03973849081005002, 0.014279241882072061, -0.1735202907724078, 0.9586703247619515, -0.22548152277087802, -0.018000502447510638, 1.0324456779520885e-05, 0.22895646891131935, 0.9734366621599306, 0.017439493175113938, 0.0, 0.0, 0.0, 1.0], "right_foot_pose": [0.9741204024333756, 0.22429221150453016, -0.027972225893644457, -0.02411666179361325, -0.22602973601506038, 0.966632193047618, -0.1205519050074055, -0.17171445185394243, 6.848015769982097e-10, 0.12375462505441794, 0.9923128502532055, 1.5806133693563318e-09, 0.0, 0.0, 0.0, 1.0]}, {"left_foot_pose": [0.9817839814318945, 0.18483273010713047, -0.04401222199438529, 0.010504890409070912, -0.1900005622393043, 0.9550954544893606, -0.22735975713065565, -0.021596533860506875, 1.2348541860700809e-05, 0.2315805144974577, 0.9728157405966491, 0.02343311728930436, 0.0, 0.0, 0.0, 1.0], "right_foot_pose": [0.9741204024284413, 0.223711406211996, -0.03229006508669215, -0.02411666161857526, -0.22602973603632653, 0.9641290959963993, -0.13916049971351196, -0.17171445159165805, 1.8162360391033786e-10, 0.14285759687121, 0.9897432530793949, 8.821301397676784e-10, 0.0, 0.0, 0.0, 1.0]}, {"left_foot_pose": [0.9780043029483031, 0.20369155171943565, -0.04491475451043971, 0.006233844213021185, -0.20858471482433272, 0.9550743217188418, -0.2105361174120652, -0.025665792083554566, 1.2500250577515655e-05, 0.21527376001599366, 0.9765537405039834, 0.02500000580556245, 0.0, 0.0, 0.0, 1.0], "right_foot_pose": [0.9741204024241611, 0.22329334587365027, -0.03506455859611034, -0.024116661316558596, -0.22602973605477136, 0.9623273809613848, -0.1511177364541047, -0.17171445145954328, -1.553277945208253e-10, 0.15513250317245658, 0.9878936716365013, 4.99144454935152e-10, 0.0, 0.0, 0.0, 1.0]}, {"left_foot_pose": [0.9736359604168068, 0.22411141539899992, -0.042509882040542235, 0.001728343735655011, -0.22810746691188863, 0.9565885607457005, -0.1813982055851486, -0.029958436317607622, 1.1058274105220995e-05, 0.1863126376237725, 0.9824905093380744, 0.02500000698910817, 0.0, 0.0, 0.0, 1.0], "right_foot_pose": [0.9741204024222468, 0.22307826934985833, -0.036407792141127326, -0.024116661116516978, -0.2260297360630221, 0.9614004654660925, -0.15690667104002032, -0.17171445149123513, -3.139829346756217e-10, 0.16107523318453595, 0.9869421306513098, 3.0906664033603093e-10, 0.0, 0.0, 0.0, 1.0]}, {"left_foot_pose": [0.9689084728015164, 0.2446486146487149, -0.03692460810758812, -0.002749391751892002, -0.24741942377387044, 0.9580629741797193, -0.14456474758846696, -0.03422462744069624, 8.53463941646077e-06, 0.14920587406793337, 0.9888061524236108, 0.025000007347076282, 0.0, 0.0, 0.0, 1.0], "right_foot_pose": [0.9741204024230006, 0.2230782972861408, -0.0364076209490183, -0.02411666090050613, -0.22602973605977417, 0.961400585877802, -0.156905933254827, -0.17171445153137993, -3.1377659973413327e-10, 0.1610744757984193, 0.9869422542612433, 3.384538482809063e-10, 0.0, 0.0, 0.0, 1.0]}, {"left_foot_pose": [0.964140508949668, 0.2640776083218363, -0.02638362722022486, -0.006937142018829754, -0.265392311448476, 0.9593662610212942, -0.09582952696355018, -0.03821453569951057, 5.129511299267261e-06, 0.09939514071141338, 0.9950480420445273, 0.02245972736348882, 0.0, 0.0, 0.0, 1.0], "right_foot_pose": [0.97412040242413, 0.22344459736756733, -0.03408743886385034, -0.02411666062301296, -0.22602973605490714, 0.9629792296792306, -0.14690664255010746, -0.1717144518702585, 2.3618297565508802e-11, 0.1508095325688722, 0.9885628381070969, 6.663488372193882e-10, 0.0, 0.0, 0.0, 1.0]}, {"left_foot_pose": [0.9597308679062372, 0.2805622110960649, -0.01419531235403743, -0.010572663383054133, -0.2809210942298708, 0.9585051768678193, -0.048488810402843224, -0.04167831266746064, 2.152518560788148e-06, 0.05052397077109258, 0.9987228486286319, 0.015838564222038234, 0.0, 0.0, 0.0, 1.0], "right_foot_pose": [0.9741204024288539, 0.22386681321060461, -0.031194414800990795, -0.024116660436617338, -0.22602973603454912, 0.9647988536399489, -0.13443857498200698, -0.17171445215139342, 2.861679836831053e-10, 0.1380102241066542, 0.9904308042675326, 1.2225272669197373e-09, 0.0, 0.0, 0.0, 1.0]}, {"left_foot_pose": [0.9561366815689153, 0.2929149199107235, -0.0018697197859446986, -0.013393738752913685, -0.29292088720053316, 0.956117207587867, -0.006102392648196013, -0.044366114892869735, 1.894068986734628e-07, 0.006382401434791789, 0.999979632268523, 0.007998178735731012, 0.0, 0.0, 0.0, 1.0], "right_foot_pose": [0.9741204024324639, 0.22440410833140542, -0.0270598915149525, -0.024116660404374577, -0.22602973601898946, 0.9671144347616489, -0.11662001762494559, -0.17171445231593782, 6.184758690931668e-10, 0.11971827863632013, 0.9928079037559867, 1.8477367969005343e-09, 0.0, 0.0, 0.0, 1.0]}, {"left_foot_pose": [0.953839111805313, 0.3001828255907615, 0.00901221453358935, -0.015138146901517952, -0.300318079359632, 0.9534095769055728, 0.028622191992911633, -0.04602810579467748, -4.4117841848664024e-07, -0.030007497147944585, 0.9995496736604551, 0.0018172767192171022, 0.0, 0.0, 0.0, 1.0], "right_foot_pose": [0.9741204024324166, 0.22496937324193642, -0.02186830281564716, -0.024116660554381955, -0.22602973601919388, 0.9695505571401454, -0.09424582528858949, -0.17171445223090792, 9.327771110543874e-10, 0.09674966797030442, 0.9953087469462104, 2.356691855553983e-09, 0.0, 0.0, 0.0, 1.0]}, {"left_foot_pose": [0.9532444589144765, 0.30168958805199825, 0.017561150584844105, -0.015582683993966466, -0.30220026728784977, 0.9516335992943755, 0.05539396307527672, -0.046451633294251726, 9.619418339670786e-10, -0.05811097275944281, 0.9983101295914775, 2.8695784151655523e-09, 0.0, 0.0, 0.0, 1.0], "right_foot_pose": [0.9741204024173544, 0.2254608656316792, -0.016026217983840036, -0.024116661496252925, -0.2260297360841083, 0.9716687416270037, -0.06906819058541525, -0.17171445199679897, 1.0243962289178708e-09, 0.07090313542861683, 0.9974832055660844, 2.4043943988583116e-09, 0.0, 0.0, 0.0, 1.0]}, {"left_foot_pose": [0.9532444589096193, 0.3011307405163217, 0.02540233599887633, -0.015582685431285612, -0.30220026730317073, 0.9498708004038893, 0.08012777909044762, -0.046451633781114485, 2.2605333547078018e-10, -0.08405795415168874, 0.9964608674422863, 3.2503458674559838e-09, 0.0, 0.0, 0.0, 1.0], "right_foot_pose": [0.974120402402789, 0.22580947523932673, -0.009976097171133656, -0.024116662881091332, -0.22602973614687938, 0.9731711439773661, -0.04299398687208254, -0.17171445194133897, 2.8242997001337954e-10, 0.04413621440410011, 0.9990255224858247, 2.2212297140500326e-09, 0.0, 0.0, 0.0, 1.0]}, {"left_foot_pose": [0.953244458913948, 0.30042592042080946, 0.03269966191209052, -0.015582683535212218, -0.30220026728951677, 0.9476475531965933, 0.10314607782487442, -0.0464516333302904, 7.669856706999231e-10, -0.1082052737153791, 0.9941285725398809, 2.315945477060488e-09, 0.0, 0.0, 0.0, 1.0], "right_foot_pose": [0.9741204024163331, 0.22598947907312358, -0.004265787676317123, -0.024116661133387802, -0.22602973608850918, 0.9739469068170321, -0.018384262435416614, -0.17171445207261452, 8.215638410953045e-10, 0.018872679984402944, 0.9998218951144283, 2.0808360381985302e-09, 0.0, 0.0, 0.0, 1.0]}, {"left_foot_pose": [0.9532444589111713, 0.2996959820683987, 0.03882421779260877, -0.015582683038778982, -0.3022002672982765, 0.9453450744974605, 0.12246505039496651, -0.04645163292448329, 4.857155719335791e-10, -0.12847181969385216, 0.9917131599129619, 1.3823460709438962e-09, 0.0, 0.0, 0.0, 1.0], "right_foot_pose": [0.9735596923462644, 0.22842880379095887, 0.0013442608669846903, -0.025054911956706657, -0.22843275911882147, 0.9735428375896429, 0.005728694377328736, -0.172104535749963, -9.673500761925174e-08, -0.005884299154358787, 0.9999826873618625, 0.002250300991634681, 0.0, 0.0, 0.0, 1.0]}, {"left_foot_pose": [0.9532444589134038, 0.2990343625888603, 0.043628563372720953, -0.015582683008936048, -0.3022002672912341, 0.9432580973314985, 0.13761962166663796, -0.046451632822998155, 1.6854340220434893e-10, -0.14436970530425056, 0.9895238189100678, 7.551289316065635e-10, 0.0, 0.0, 0.0, 1.0], "right_foot_pose": [0.9716430962014067, 0.2363020523772343, 0.008428146086225833, -0.028190074674920334, -0.2364523072479124, 0.9710258311597774, 0.03462862425222966, -0.17340801437846684, -1.1325767117757825e-06, -0.03563951827354224, 0.9993647105716448, 0.00871010887300984, 0.0, 0.0, 0.0, 1.0]}, {"left_foot_pose": [0.9532444589161599, 0.2985374145984279, 0.04690856670721327, -0.015582683102298735, -0.30220026728254, 0.9416905511685485, 0.1479658889549784, -0.04645163287517502, -9.966538373596555e-11, -0.1552234451516978, 0.9878793864006067, 3.4738965870584337e-10, 0.0, 0.0, 0.0, 1.0], "right_foot_pose": [0.9685079477371138, 0.24836614599418413, 0.017510359620508606, -0.03310138372118712, -0.2489826402795064, 0.9661107404334062, 0.06810052906300841, -0.17544995202693192, -3.0805546806679466e-06, -0.07031567921318396, 0.9975247892896192, 0.01655846281014496, 0.0, 0.0, 0.0, 1.0]}, {"left_foot_pose": [0.953244458917269, 0.29828028643330823, 0.04851672153791587, -0.015582683280967013, -0.302200267279041, 0.9408794798538582, 0.15303856653278594, -0.04645163296820364, -2.6406676279443034e-10, -0.1605449317642812, 0.9870285329638668, 1.2840010304993044e-10, 0.0, 0.0, 0.0, 1.0], "right_foot_pose": [0.964288323828864, 0.2633155934907212, 0.028511870369181784, -0.0393461107352502, -0.2648547309289902, 0.9586868953973033, 0.10378539443492148, -0.17804627722315258, -5.643754901341079e-06, -0.10763054779247999, 0.9941909601027555, 0.02291665678051391, 0.0, 0.0, 0.0, 1.0]}, {"left_foot_pose": [0.9532444589185162, 0.2983971190236732, 0.047792895910566735, -0.015582683431935106, -0.30220026727510724, 0.9412480102907237, 0.1507553699959239, -0.046451633020408195, -9.772130143717383e-11, -0.15814974701884993, 0.9874151394007864, 1.7825351611433504e-10, 0.0, 0.0, 0.0, 1.0], "right_foot_pose": [0.9591485347673828, 0.2801234273535662, 0.039559495715613006, -0.04648152360958213, -0.28290296603010956, 0.9497288253573664, 0.1340935125078149, -0.18101291338904063, -8.05908815157211e-06, -0.13980709471628502, 0.9901787597207098, 0.025000005444399787, 0.0, 0.0, 0.0, 1.0]}, {"left_foot_pose": [0.9532444589126804, 0.2987486294321274, 0.04554402227183934, -0.015582683607927496, -0.3022002672935154, 0.9423567958924978, 0.14366164304696555, -0.046451633023373184, 6.210115047452718e-11, -0.15070808089698304, 0.9885783096711911, 4.4151784311941e-10, 0.0, 0.0, 0.0, 1.0], "right_foot_pose": [0.9533158845814719, 0.2977118119273743, 0.050561855618290075, -0.054064871454241034, -0.30197487330180856, 0.9398631810684727, 0.15958814732369006, -0.18416578347290394, -9.949960262794832e-06, -0.16740632577883957, 0.9858879865330681, 0.025000004720007518, 0.0, 0.0, 0.0, 1.0]}, {"left_foot_pose": [0.9532444589048525, 0.2993554393194732, 0.041368134077348385, -0.015582683746637457, -0.3022002673182076, 0.9442708845203224, 0.13048944432410114, -0.04645163303336915, 3.760221223190105e-10, -0.1368898009241529, 0.990586282159685, 9.70146650514092e-10, 0.0, 0.0, 0.0, 1.0], "right_foot_pose": [0.9470996651603591, 0.3151694686645324, 0.06058407608316786, -0.061653427404048666, -0.32093959577179865, 0.9300783100912733, 0.17875153975167718, -0.18732081979551643, -1.0907295370753773e-05, -0.18873935233405212, 0.9820272179331654, 0.025000003418741742, 0.0, 0.0, 0.0, 1.0]}, {"left_foot_pose": [0.9532444588969329, 0.30015241692984285, 0.035121620029109596, -0.015582683599041457, -0.3022002673431895, 0.946784828079332, 0.11078577407093224, -0.046451632765321514, 8.677055230141908e-10, -0.11621968822004645, 0.9932235317742106, 1.8208171775890847e-09, 0.0, 0.0, 0.0, 1.0], "right_foot_pose": [0.9408966090044621, 0.33195108400760764, 0.06724618197398355, -0.06880446074803259, -0.3386939194236373, 0.9221710440358244, 0.18678060522263068, -0.19029394786113268, -1.045746312229145e-05, -0.19851711102081818, 0.9800974219548737, 0.023024934301882877, 0.0, 0.0, 0.0, 1.0]}, {"left_foot_pose": [0.9532444588935297, 0.3010189425761093,