{"LoopMode": "Wrap", "FrameDuration": 0.0167, "EnableCycleOffsetPosition": true, "EnableCycleOffsetRotation": false, "Debug_info": [{"left_foot_pose": [0.9999999999983908, -1.794025982509914e-06, -2.5906424727627798e-08, 6.316094446757472e-05, 1.7942130224552196e-06, 0.9998957538449114, 0.014438886373206235, -4.275149752803846e-05, -1.3411438601184167e-14, -0.014438886373229695, 0.9998957538465207, 2.693074929727146e-12, 0.0, 0.0, 0.0, 1.0], "right_foot_pose": [0.9999999999932018, 3.6871487529461376e-06, -3.492309502697491e-08, 9.856283053217196e-05, -3.6873141374858655e-06, 0.9999551476732957, -0.009471147136490702, -0.14026583258731307, 2.067046020023042e-16, 0.009471147136554926, 0.9999551476800936, 1.7780776850884195e-12, 0.0, 0.0, 0.0, 1.0]}, {"left_foot_pose": [0.9999999999983908, -1.7940544857616735e-06, -2.3851107089322444e-08, 6.316094448126902e-05, 1.794213023690654e-06, 0.9999116393322988, 0.013293363930036462, -4.2751497549080655e-05, -1.978377492425411e-14, -0.01329336393005808, 0.9999116393339083, 5.957810633727689e-12, 0.0, 0.0, 0.0, 1.0], "right_foot_pose": [0.9999999999932019, 3.68710633397945e-06, -3.914637874971231e-08, 9.856283059571696e-05, -3.687314138586143e-06, 0.9999436433478052, -0.010616502000238476, -0.1402658325877561, 5.513417861572281e-16, 0.01061650200031048, 0.999943643354603, 4.559595756514767e-12, 0.0, 0.0, 0.0, 1.0]}, {"left_foot_pose": [0.999999999998391, -1.7940908131841834e-06, -2.094112766522967e-08, 6.316094447988101e-05, 1.7942130246885204e-06, 0.9999318857506613, 0.011671497586346384, -4.2751497476161554e-05, -2.5540728952086238e-14, -0.011671497586365393, 0.9999318857522708, 1.041600833362466e-11, 0.0, 0.0, 0.0, 1.0], "right_foot_pose": [0.9999999999932018, 3.687037991937443e-06, -4.512658979829635e-08, 9.856283065513851e-05, -3.6873141394078154e-06, 0.9999251087594803, -0.012238335619902764, -0.14026583258826614, 1.733459337203711e-15, 0.012238335619985795, 0.9999251087662777, 8.537247297990547e-12, 0.0, 0.0, 0.0, 1.0]}, {"left_foot_pose": [0.999999999998391, -1.7941305681095923e-06, -1.720127895673469e-08, 6.31609444654459e-05, 1.7942130254254353e-06, 0.9999540426435625, 0.009587105797805933, -4.275149730449852e-05, -3.129306142233322e-14, -0.009587105797821583, 0.9999540426451722, 1.5937862141157666e-11, 0.0, 0.0, 0.0, 1.0], "right_foot_pose": [0.9999999999932019, 3.6869358953302244e-06, -5.281354586996937e-08, 9.856283070477086e-05, -3.687314139926601e-06, 0.9998974200144294, -0.01432303860539093, -0.14026583258881867, 3.1422968597284153e-15, 0.014323038605488132, 0.9998974200212267, 1.3580206403851491e-11, 0.0, 0.0, 0.0, 1.0]}, {"left_foot_pose": [0.999999999998391, -1.7941684471860983e-06, -1.2647701719236414e-08, 6.316094444049067e-05, 1.794213025931746e-06, 0.9999751541907653, 0.00704918420363092, -4.275149702233187e-05, -3.6707795312099534e-14, -0.007049184203642487, 0.9999751541923751, 2.2573290459071416e-11, 0.0, 0.0, 0.0, 1.0], "right_foot_pose": [0.9999999999932019, 3.6867899089647826e-06, -6.217504189278882e-08, 9.856283074263082e-05, -3.687314140165934e-06, 0.9998578284401282, -0.01686187692384956, -0.1402658325894058, 4.389187749756801e-15, 0.016861876923964028, 0.9998578284469253, 1.9721169142172812e-11, 0.0, 0.0, 0.0, 1.0]}, {"left_foot_pose": [0.999999999998391, -1.7941982421227521e-06, -7.28355842302048e-09, 6.316094440702867e-05, 1.794213026218227e-06, 0.999991760212779, 0.004059495452580694, -4.275149660863675e-05, -4.1451881326396745e-14, -0.00405949545258745, 0.9999917602143886, 3.045206448115678e-11, 0.0, 0.0, 0.0, 1.0], "right_foot_pose": [0.9999999999932017, 3.686587376863963e-06, -7.320574657579042e-08, 9.856283076721917e-05, -3.6873141401509886e-06, 0.9998029017291813, -0.019853404753663647, -0.14026583259002087, 6.473317741210375e-15, 0.019853404753798445, 0.9998029017359782, 2.7071581087945162e-11, 0.0, 0.0, 0.0, 1.0]}, {"left_foot_pose": [0.9999999999983908, -1.7942126968554664e-06, -1.0867609589673699e-09, 6.316094436636755e-05, 1.7942130263157859e-06, 0.9999998165443573, 0.0006057293401657379, -4.275149602428127e-05, -4.6857464091122905e-14, -0.0006057293401669347, 0.9999998165459669, 3.992101094141276e-11, 0.0, 0.0, 0.0, 1.0], "right_foot_pose": [0.9999999999932019, 3.686312213894831e-06, -8.595247880107876e-08, 9.856283077889611e-05, -3.6873141399225616e-06, 0.9997282775798693, -0.023310319465669114, -0.14026583259066774, 8.17356930460112e-15, 0.023310319465827414, 0.9997282775866655, 3.594954195440536e-11, 0.0, 0.0, 0.0, 1.0]}, {"left_foot_pose": [0.9999999999983908, -1.7942030481978677e-06, 5.983658457643098e-09, 6.316094431955124e-05, 1.7942130262400681e-06, 0.9999944390448482, -0.00333494769987274, -4.2751495210234525e-05, -5.225818163834395e-14, 0.0033349476998778852, 0.9999944390464581, 5.146467280114919e-11, 0.0, 0.0, 0.0, 1.0], "right_foot_pose": [0.9999999999932019, 3.6859442581468513e-06, -1.0050119209073145e-07, 9.856283077769266e-05, -3.6873141394980405e-06, 0.9996284880772043, -0.027255931664253573, -0.1402658325913472, 9.823244247980425e-15, 0.0272559316644387, 0.9996284880839997, 4.680556636715849e-11, 0.0, 0.0, 0.0, 1.0]}, {"left_foot_pose": [0.9999999999983908, -1.7941584271556457e-06, 1.399713311925983e-08, 6.316094426754946e-05, 1.794213026001286e-06, 0.9999695699134252, -0.007801233488435321, -4.275149408285335e-05, -5.865284802131662e-14, 0.007801233488447656, 0.9999695699150348, 6.570214511336658e-11, 0.0, 0.0, 0.0, 1.0], "right_foot_pose": [0.9999999999932019, 3.685457543825073e-06, -1.169968035230859e-07, 9.856283076341764e-05, -3.687314138893097e-06, 0.9994964912910972, -0.031729542751032985, -0.1402658325920508, 1.175580576014541e-14, 0.03172954275124852, 0.999496491297892, 6.021662335431444e-11, 0.0, 0.0, 0.0, 1.0]}, {"left_foot_pose": [0.9999999999983908, -1.7940650349716475e-06, 2.3044094910086038e-08, 6.316094421110619e-05, 1.7942130255963032e-06, 0.9999175184634171, -0.012843530151150223, -4.275149251072724e-05, -6.592993731917514e-14, 0.012843530151170672, 0.9999175184650266, 8.361908387932715e-11, 0.0, 0.0, 0.0, 1.0], "right_foot_pose": [0.9999999999932017, 3.684818937467482e-06, -1.356279902276178e-07, 9.856283073597801e-05, -3.6873141381320953e-06, 0.9993233014196496, -0.03678232219607159, -0.14026583259276754, 1.3416658297825877e-14, 0.03678232219632147, 0.9993233014264431, 7.710412863737304e-11, 0.0, 0.0, 0.0, 1.0]}, {"left_foot_pose": [0.9999999999983908, -1.7939050441819462e-06, 3.324259906237833e-08, 6.316094415216919e-05, 1.794213025018619e-06, 0.9998283486342279, -0.018527635146845148, -4.2751490324378916e-05, -7.514350395662964e-14, 0.01852763514687475, 0.9998283486358372, 1.0626224900001091e-10, 0.0, 0.0, 0.0, 1.0], "right_foot_pose": [0.9999999999932017, 3.6839854962830053e-06, -1.566410219866718e-07, 9.856283069401692e-05, -3.687314137170045e-06, 0.9990972723758988, -0.04248105833712986, -0.14026583259344952, 1.4861986483825958e-14, 0.04248105833741849, 0.9990972723826909, 9.8437383244665e-11, 0.0, 0.0, 0.0, 1.0]}, {"left_foot_pose": [0.9999999999983908, -1.7936552006922322e-06, 4.473696607613184e-08, 6.316094409318427e-05, 1.794213024232696e-06, 0.9996890998655773, -0.024933984975001978, -4.275148725440929e-05, -8.584865500174637e-14, 0.02493398497504189, 0.9996890998671863, 1.3536524678947615e-10, 0.0, 0.0, 0.0, 1.0], "right_foot_pose": [0.9999999999932017, 3.6829015766276524e-06, -1.80337225375051e-07, 9.856283063653875e-05, -3.6873141360070997e-06, 0.9988033135947896, -0.04890747119277375, -0.14026583259402878, 1.5426480447741565e-14, 0.04890747119310606, 0.9988033136015795, 1.2582263009264238e-10, 0.0, 0.0, 0.0, 1.0]}, {"left_foot_pose": [0.9999999999983908, -1.7932850814204375e-06, 5.7697384536793155e-08, 6.316094403971244e-05, 1.794213023214026e-06, 0.999482816001677, -0.03215743326416843, -4.275148295068004e-05, -9.92656880034715e-14, 0.032157433264219965, 0.999482816003286, 1.7282698883125391e-10, 0.0, 0.0, 0.0, 1.0], "right_foot_pose": [0.999999999993202, 3.681495146575215e-06, -2.0707248377107775e-07, 9.856283056177555e-05, -3.6873141346261256e-06, 0.9984218900155865, -0.05615807621445087, -0.14026583259436015, 1.5610713480282116e-14, 0.056158076214832466, 0.9984218900223739, 1.609933505952732e-10, 0.0, 0.0, 0.0, 1.0]}, {"left_foot_pose": [0.9999999999983907, -1.7927546024293975e-06, 7.232774124069727e-08, 6.316094400060563e-05, 1.7942130218900694e-06, 0.9991871564769806, -0.04031161530164222, -4.2751476881736084e-05, -1.1644817939058766e-13, 0.04031161530170688, 0.999187156478589, 2.2153531092916623e-10, 0.0, 0.0, 0.0, 1.0], "right_foot_pose": [0.9999999999932017, 3.679672086325973e-06, -2.3727379228069195e-07, 9.856283046866521e-05, -3.687314132933739e-06, 0.9979274763404097, -0.06434867482135989, -0.1402658325942162, 1.4139096214408436e-14, 0.06434867482179718, 0.9979274763471936, 2.0657524996137155e-10, 0.0, 0.0, 0.0, 1.0]}, {"left_foot_pose": [0.9999999999983907, -1.7920113921716476e-06, 8.885679975149194e-08, 6.316094399240101e-05, 1.7942130201757576e-06, 0.9987729322958603, -0.04952403164031157, -4.275146831814007e-05, -1.3783894438649967e-13, 0.04952403164039106, 0.9987729322974679, 2.850884042726598e-10, 0.0, 0.0, 0.0, 1.0], "right_foot_pose": [0.9999999999932018, 3.677310951787142e-06, -2.714215617816393e-07, 9.856283035778791e-05, -3.6873141308887045e-06, 0.9972871369121691, -0.07360955465109406, -0.14026583259321299, 1.0624363234758474e-14, 0.0736095546515943, 0.9972871369189487, 2.657904521474741e-10, 0.0, 0.0, 0.0, 1.0]}, {"left_foot_pose": [0.9999999999983908, -1.790986565910273e-06, 1.0755218904371453e-07, 6.316094404317942e-05, 1.7942130179750796e-06, 0.9982017509491606, -0.05994384371068945, -4.275145624459305e-05, -1.6482427134989812e-13, 0.05994384371078569, 0.9982017509507675, 3.6819902682339034e-10, 0.0, 0.0, 0.0, 1.0], "right_foot_pose": [0.9999999999932017, 3.674253179507118e-06, -3.1007911055483033e-07, 9.856283023398616e-05, -3.6873141283944152e-06, 0.9964578693073431, -0.08409348774949081, -0.14026583259073874, 4.790497471437437e-15, 0.08409348775006235, 0.9964578693141171, 3.4279266231118655e-10, 0.0, 0.0, 0.0, 1.0]}, {"left_foot_pose": [0.9999999999983906, -1.7895908046077738e-06, 1.2870545595958877e-07, 6.316094420060647e-05, 1.7942130151185404e-06, 0.997423831023836, -0.07173354377497228, -4.275143921672088e-05, -1.9906787119386343e-13, 0.0717335437750875, 0.9974238310254416, 4.774272852059447e-10, 0.0, 0.0, 0.0, 1.0], "right_foot_pose": [0.9999999999932017, 3.670295190827562e-06, -3.5386250363258675e-07, 9.856283011079336e-05, -3.687314125347507e-06, 0.9953844629368899, -0.09596755144445086, -0.14026583258584535, -4.360019940147438e-15, 0.0959675514451031, 0.9953844629436567, 4.432884129212944e-10, 0.0, 0.0, 0.0, 1.0]}, {"left_foot_pose": [0.9999999999983908, -1.7877084047775973e-06, 1.5264006258956048e-07, 6.316094454373522e-05, 1.794213011467045e-06, 0.9963746859138239, -0.08507341104546395, -4.2751415415155994e-05, -2.425663440115296e-13, 0.08507341104560065, 0.9963746859154278, 6.20370567416817e-10, 0.0, 0.0, 0.0, 1.0], "right_foot_pose": [0.9999999999932019, 3.6651749182810755e-06, -4.0345786622711005e-07, 9.856283001941387e-05, -3.687314121547708e-06, 0.9939958450341961, -0.10941782323350442, -0.14026583257710362, -1.8768207237301035e-14, 0.10941782323424809, 0.9939958450409535, 5.73658689995149e-10, 0.0, 0.0, 0.0, 1.0]}, {"left_foot_pose": [0.9999999999983906, -1.7851928331891008e-06, 1.796854493530184e-07, 6.316094519994873e-05, 1.7942130067730055e-06, 0.994972646301105, -0.10014705741736908, -4.275138248422024e-05, -2.980934127130766e-13, 0.10014705741753006, 0.9949726463027065, 8.070003901239353e-10, 0.0, 0.0, 0.0, 1.0], "right_foot_pose": [0.9999999999932017, 3.6585628683999994e-06, -4.5956842242847085e-07, 9.856283002215932e-05, -3.687314116899118e-06, 0.9922026568299783, -0.12463501821693708, -0.14026583256246078, -4.009748207748852e-14, 0.1246350182177842, 0.9922026568367234, 7.42065242587131e-10, 0.0, 0.0, 0.0, 1.0]}, {"left_foot_pose": [0.9999999999983906, -1.7818623697626841e-06, 2.10158954572249e-07, 6.316094636118703e-05, 1.7942130007808043e-06, 0.9931164317757282, -0.11713134906517204, -4.275133811375634e-05, -3.6792326725089345e-13, 0.11713134906536035, 0.9931164317773267, 1.0466560534938552e-09, 0.0, 0.0, 0.0, 1.0], "right_foot_pose": [0.9999999999932015, 3.650052681688309e-06, -5.228774001553544e-07, 9.856283023421106e-05, -3.6873141111396455e-06, 0.9898946934447442, -0.14180442826773623, -0.14026583253925576, -7.006683037481495e-14, 0.14180442826870007, 0.9898946934514737, 9.554459376448499e-10, 0.0, 0.0, 0.0, 1.0]}, {"left_foot_pose": [0.9999999999983908, -1.777507881318901e-06, 2.442662408453152e-07, 6.316094828652187e-05, 1.794212993449128e-06, 0.9906894834228739, -0.136140910207405, -4.2751280976374706e-05, -4.552188979191424e-13, 0.13614091020762395, 0.9906894834244687, 1.3453250458095312e-09, 0.0, 0.0, 0.0, 1.0], "right_foot_pose": [0.9999999999932017, 3.639181027609956e-06, -5.938406790751099e-07, 9.856283084378157e-05, -3.6873141042434307e-06, 0.9869462993237285, -0.16104968872246062, -0.14026583250466212, -1.1122852994503174e-13, 0.16104968872355532, 0.9869462993304378, 1.2168849400362447e-09, 0.0, 0.0, 0.0, 1.0]}, {"left_foot_pose": [0.9999999999983908, -1.7719122913089298e-06, 2.820054360031305e-07, 6.316095118161595e-05, 1.7942129849446058e-06, 0.9875708147476508, -0.1571746985218778, -4.275121549250985e-05, -5.581484471420827e-13, 0.15717469852213056, 0.9875708147492404, 1.683408197561409e-09, 0.0, 0.0, 0.0, 1.0], "right_foot_pose": [0.9999999999932019, 3.6254723276193843e-06, -6.724846823847011e-07, 9.85628320868373e-05, -3.687314096441529e-06, 0.9832284971591869, -0.18237796566606124, -0.1402658324582511, -1.6419314537187255e-13, 0.18237796566730086, 0.9832284971658709, 1.505584122651893e-09, 0.0, 0.0, 0.0, 1.0]}, {"left_foot_pose": [0.9999999999983908, -1.7649466367398536e-06, 3.227438168385338e-07, 6.31609549833666e-05, 1.794212975978164e-06, 0.9836885482806469, -0.17988007109820517, -4.275115393173948e-05, -6.704426784410896e-13, 0.17988007109849438, 0.9836885482822301, 2.0117725124668695e-09, 0.0, 0.0, 0.0, 1.0], "right_foot_pose": [0.9999999999932017, 3.6086635678990043e-06, -7.575172870089253e-07, 9.85628341121045e-05, -3.687314088304438e-06, 0.9786699572152947, -0.20543883476747304, -0.14026583240518128, -2.277984907460352e-13, 0.20543883476886945, 0.9786699572219478, 1.7750782163594714e-09, 0.0, 0.0, 0.0, 1.0]}, {"left_foot_pose": [0.9999999999983906, -1.756768910151017e-06, 3.646411635416574e-07, 6.316095765511803e-05, 1.7942129703583228e-06, 0.9791307334100787, -0.20323141216018592, -4.275114918104658e-05, -7.435950936002861e-13, 0.20323141216051283, 0.9791307334116548, 2.0636547887198375e-09, 0.0, 0.0, 0.0, 1.0], "right_foot_pose": [0.9999999999932019, 3.589160952189462e-06, -8.451087558092549e-07, 9.856283604437477e-05, -3.6873140833425255e-06, 0.97338084212325, -0.22919366521314802, -0.14026583237848722, -2.8134938774552553e-13, 0.2291936652147059, 0.9733808421298671, 1.791947590312759e-09, 0.0, 0.0, 0.0, 1.0]}, {"left_foot_pose": [0.9999999999984241, -1.73000245892716e-06, 3.99939252993009e-07, 6.321547027059349e-05, 1.775629440925027e-06, 0.9742960353861125, -0.22527147051446839, -4.309084830458887e-05, 6.096920462187976e-11, 0.22527147051482319, 0.9742960353876486, 0.00027808356136443946, 0.0, 0.0, 0.0, 1.0], "right_foot_pose": [0.9999999999932014, 3.5690087898107406e-06, -9.26531988409996e-07, 9.856282994479753e-05, -3.687314099283819e-06, 0.9679155623724615, -0.2512756735213443, -0.14026583247066185, -3.5701064306470613e-13, 0.2512756735230523, 0.9679155623790414, 1.4035463347106258e-09, 0.0, 0.0, 0.0, 1.0]}, {"left_foot_pose": [0.9999999999987524, -1.5307811510262277e-06, 3.904753226869079e-07, 6.380340115118849e-05, 1.5797980454567709e-06, 0.9689388261980486, -0.24730052786731552, -4.674434061607141e-05, 2.1628568458970194e-10, 0.2473005278676236, 0.9689388261992581, 0.003072153477740848, 0.0, 0.0, 0.0, 1.0], "right_foot_pose": [0.9999999999932017, 3.5507285057452057e-06, -9.942899367732185e-07, 9.856282735775983e-05, -3.687314117263768e-06, 0.9629579349439018, -0.2696516558728685, -0.1402658326242233, -4.3703915390885273e-13, 0.26965165587470147, 0.9629579349504481, 7.870498142104054e-10, 0.0, 0.0, 0.0, 1.0]}, {"left_foot_pose": [0.999999999999277, -1.1589267108659467e-06, 3.2225219376293965e-07, 6.497369735924328e-05, 1.2028954511250874e-06, 0.963366531022052, -0.2681882303627282, -5.401300930188424e-05, 3.635254471824038e-10, 0.2681882303629216, 0.9633665310227489, 0.008045765566639565, 0.0, 0.0, 0.0, 1.0], "right_foot_pose": [0.9999999999932018, 3.5367564392480797e-06, -1.0428994682287973e-06, 9.856284334843321e-05, -3.6873141187901932e-06, 0.9591687095986847, -0.28283455678752856, -0.14026583268282528, -4.0287805165545915e-13, 0.28283455678945096, 0.9591687096052055, 2.9612860080741044e-10, 0.0, 0.0, 0.0, 1.0]}, {"left_foot_pose": [0.9999999999997655, -6.567595447230487e-07, 1.9578050464154196e-07, 6.66477973389605e-05, 6.85319535097594e-07, 0.9581208958260615, -0.2863640148150543, -6.440882078008817e-05, 4.909071785476432e-10, 0.28636401481512097, 0.9581208958262866, 0.014175375683409673, 0.0, 0.0, 0.0, 1.0], "right_foot_pose": [0.9999999999932019, 3.5284502808617013e-06, -1.0706652200931588e-06, 9.856286794633715e-05, -3.687314117018492e-06, 0.9569160863584383, -0.29036460468668285, -0.14026583265689957, -2.9882983919448853e-13, 0.2903646046886565, 0.9569160863649437, 4.8048925949117915e-11, 0.0, 0.0, 0.0, 1.0]}, {"left_foot_pose": [0.9999999999999982, -6.45383405681797e-08, 1.967734231112082e-08, 6.874715067325844e-05, 6.7468901528583e-08, 0.9539623516205491, -0.29992637711709835, -7.744468049819889e-05, 5.853067467780295e-10, 0.29992637711709874, 0.9539623516205514, 0.02043744246183469, 0.0, 0.0, 0.0, 1.0], "right_foot_pose": [0.9999999999932015, 3.526427370622665e-06, -1.0773093241933873e-06, 9.856289112629282e-05, -3.687314114671302e-06, 0.9563674827493968, -0.2921664558534847, -0.14026583257632916, -1.8012885461375873e-13, 0.29216645585547074, 0.9563674827558982, 4.011121296221276e-11, 0.0, 0.0, 0.0, 1.0]}, {"left_foot_pose": [0.9999999999998144, 5.807307436118726e-07, -1.875267995887882e-07, 7.119321033181679e-05, -6.102574012655273e-07, 0.9519338464946362, -0.3063036922688905, -9.263430757089353e-05, 6.33136606179841e-10, 0.30630369226894755, 0.9519338464948135, 0.025808425377511393, 0.0, 0.0, 0.0, 1.0], "right_foot_pose": [0.9999999999932018, 3.5308562395850013e-06, -1.0627038923849643e-06, 9.856290587116523e-05, -3.687314110143937e-06, 0.9575686014728745, -0.2882054362077284, -0.140265832479961, -8.280218030159315e-14, 0.2882054362096875, 0.9575686014793842, 2.3947079735853194e-10, 0.0, 0.0, 0.0, 1.0]}, {"left_foot_pose": [0.9999999999991458, 1.2460743377095769e-06, -3.9592008549418396e-07, 7.390747161195744e-05, -1.3074607375375724e-06, 0.9531932067206945, -0.30236188691667265, -0.00010949228414287512, 6.229478835628547e-10, 0.3023618869169316, 0.953193206721509, 0.029264783741992477, 0.0, 0.0, 0.0, 1.0], "right_foot_pose": [0.9999999999932019, 3.541570093134763e-06, -1.0264339044830044e-06, 9.856290711368466e-05, -3.6873141016670936e-06, 0.960474206651217, -0.27836899673655996, -0.14026583241723617, -2.372634834048515e-14, 0.27836899673845217, 0.9604742066577466, 6.215037234857945e-10, 0.0, 0.0, 0.0, 1.0]}, {"left_foot_pose": [0.9999999999980328, 1.9009937228724039e-06, -5.669793761709295e-07, 7.681182724742461e-05, -1.9837445504013363e-06, 0.9583649969598391, -0.28554602535884316, -0.00012753297584265633, 5.51986201096342e-10, 0.2855460253594059, 0.9583649969617246, 0.030000001555715, 0.0, 0.0, 0.0, 1.0], "right_foot_pose": [0.9999999999932018, 3.5580370075154256e-06, -9.678108716104867e-07, 9.85629077868651e-05, -3.687314094244318e-06, 0.9649400390248681, -0.26247041942491245, -0.14026583239237642, -5.678818725611723e-15, 0.2624704194266966, 0.9649400390314281, 1.2009243599564456e-09, 0.0, 0.0, 0.0, 1.0]}, {"left_foot_pose": [0.9999999999966238, 2.509212418451582e-06, -6.761529780519478e-07, 7.982825069349532e-05, -2.598716917200546e-06, 0.9656021631674784, -0.2600239652023142, -0.00014626655783079798, 4.394156041428309e-10, 0.26002396520319304, 0.9656021631707385, 0.03000000260408231, 0.0, 0.0, 0.0, 1.0], "right_foot_pose": [0.9999999999932017, 3.5790466794385534e-06, -8.869668212674551e-07, 9.856293314627714e-05, -3.6873141004439746e-06, 0.9706378612058015, -0.24054550999806873, -0.14026583229017875, -3.0491134142975267e-14, 0.24054550999970387, 0.9706378612124, 2.0128556391108e-09, 0.0, 0.0, 0.0, 1.0]}, {"left_foot_pose": [0.9999999999951581, 3.0306912406559872e-06, -7.06656645199698e-07, 8.287789597174783e-05, -3.111985365870526e-06, 0.9738990646184696, -0.22698152331321209, -0.00016520640732282238, 3.013311187613053e-10, 0.2269815233143119, 0.9738990646231853, 0.03000000389032019, 0.0, 0.0, 0.0, 1.0], "right_foot_pose": [0.9999999999932017, 3.6031596894132643e-06, -7.83278756910667e-07, 9.856294978157116e-05, -3.6873141116786922e-06, 0.9771773049489771, -0.21242531553244248, -0.14026583220276928, -1.0937829741724644e-13, 0.2124253155338864, 0.97717730495562, 3.0116328736395914e-09, 0.0, 0.0, 0.0, 1.0]}, {"left_foot_pose": [0.9999999999939343, 3.422294928702785e-06, -6.482898135540871e-07, 8.588231548421357e-05, -3.4831569350230763e-06, 0.9825351856697215, -0.18607688977633552, -0.00018386548206532696, 1.5755582915223167e-10, 0.1860768897774645, 0.9825351856756815, 0.03000000531092293, 0.0, 0.0, 0.0, 1.0], "right_foot_pose": [0.9999999999932019, 3.6284261261998256e-06, -6.563606879117737e-07, 9.856294857367578e-05, -3.68731413164899e-06, 0.9840295541016555, -0.1780051590288922, -0.14026583217475613, -2.5460938923573286e-13, 0.17800515903010206, 0.984029554108345, 4.124719565901103e-09, 0.0, 0.0, 0.0, 1.0]}, {"left_foot_pose": [0.9999999999932592, 3.637498646839415e-06, -5.009986910332148e-07, 8.876227220204228e-05, -3.671838244050405e-06, 0.9906490576034338, -0.13643476337043667, -0.00020176192723159875, 3.261388704974871e-11, 0.13643476337135632, 0.990649057610112, 0.028901008956513263, 0.0, 0.0, 0.0, 1.0], "right_foot_pose": [0.9999999999932018, 3.652186618816679e-06, -5.077581928803158e-07, 9.856287281379766e-05, -3.6873141282865574e-06, 0.9904733980128926, -0.13770420405782108, -0.14026583256148592, -4.690113235597686e-13, 0.13770420405875708, 0.9904733980196259, 5.106247119579521e-09, 0.0, 0.0, 0.0, 1.0]}, {"left_foot_pose": [0.9999999999932023, 3.679105239261233e-06, -2.4590039271473015e-07, 9.907932285880339e-05, -3.6873137054229247e-06, 0.9977738633362767, -0.06668821207234299, -0.0002658317356742587, 3.4306106742770995e-14, 0.06668821207279613, 0.9977738633430598, 5.752541956671742e-09, 0.0, 0.0, 0.0, 1.0], "right_foot_pose": [0.9999999999932019, 3.6715718618556223e-06, -3.403624777576175e-07, 9.85628608076938e-05, -3.687314273638284e-06, 0.995730637757623, -0.09230653832313912, -0.1402658324746605, -7.416405683330099e-13, 0.09230653832376645, 0.9957306377643922, 5.555645513077856e-09, 0.0, 0.0, 0.0, 1.0]}, {"left_foot_pose": [0.9999999999932021, 3.6863815578539383e-06, -8.290621050795315e-08, 9.90792652981205e-05, -3.6873137142574597e-06, 0.999747197020074, -0.022484261982771488, -0.0002658319841301795, -3.1735463328591974e-13, 0.022484261982924116, 0.9997471970268705, 5.36785306481935e-09, 0.0, 0.0, 0.0, 1.0], "right_foot_pose": [0.9999999999932017, 3.6830847828735705e-06, -1.765607169357484e-07, 9.856278526696835e-05, -3.687314362007373e-06, 0.9988529244035694, -0.04788356082039911, -0.1402658327086873, -1.0258065222857773e-12, 0.04788356082072446, 0.9988529244103597, 5.313714655785784e-09, 0.0, 0.0, 0.0, 1.0]}, {"left_foot_pose": [0.9999999999932025, 3.686647288141145e-06, 7.009665631267532e-08, 9.907923848636323e-05, -3.6873136245724864e-06, 0.9998192928223305, 0.019010041732186334, -0.000265832055103124, -6.707091441966361e-13, -0.01901004173231579, 0.9998192928291277, 4.273155371214976e-09, 0.0, 0.0, 0.0, 1.0], "right_foot_pose": [0.999999999998026, 1.9869229900939484e-06, -1.2417760042472563e-08, 0.0001665772447733176, -1.9869617822223185e-06, 0.9999797972837563, -0.006356494347491, -0.14026591504024802, -2.1235562437152045e-10, 0.006356494347502958, 0.9999797972857302, 0.0003110447682205947, 0.0, 0.0, 0.0, 1.0]}, {"left_foot_pose": [0.9999999999932023, 3.6817632020592014e-06, 2.022372989628891e-07, 9.907931478167969e-05, -3.6873134120615634e-06, 0.9984947958288809, 0.05484653762131121, -0.00026583183009988576, -9.269181187472278e-13, -0.05484653762168428, 0.9984947958356691, 3.0473404563635675e-09, 0.0, 0.0, 0.0, 1.0], "right_foot_pose": [0.9999999995688283, -2.9351955528585056e-05, -8.975198468317567e-07, 0.001420679011342079, 2.936567410022718e-05, 0.9995374523951812, 0.030411846326846587, -0.14026748029531874, 4.457540140563258e-09, -0.030411846340090316, 0.9995374528261491, 0.005468985797918248, 0.0, 0.0, 0.0, 1.0]}, {"left_foot_pose": [0.9999999999932021, 3.674279175234171e-06, 3.0976207870951536e-07, 9.90793132420166e-05, -3.6873133851958793e-06, 0.9964651436679189, 0.08400724636171583, -0.00026583194124027085, -1.038564862129455e-12, -0.08400724636228711, 0.9964651436746933, 1.9417914845498707e-09, 0.0, 0.0, 0.0, 1.0], "right_foot_pose": [0.9999999955236938, -9.442274598072165e-05, -6.079233362931566e-06, 0.004030764740755345, 9.461824247768419e-05, 0.9979440463107279, 0.06409111857628826, -0.14027075045226267, 1.5075331668074315e-08, -0.06409111886460334, 0.9979440507777393, 0.014325217644930437, 0.0, 0.0, 0.0, 1.0]}, {"left_foot_pose": [0.9999999999932023, 3.6664816874440084e-06, 3.9139747526332965e-07, 9.907922619457357e-05, -3.6873133777613687e-06, 0.9943504741155175, 0.10614675978403801, -0.0002658322343450882, -1.1145032905868913e-12, -0.10614675978475983, 0.9943504741222774, 1.0768071087574604e-09, 0.0, 0.0, 0.0, 1.0], "right_foot_pose": [0.9999999826272761, -0.00018557137555359922, -1.757020537174044e-05, 0.007702059721786227, 0.0001864013056064282, 0.995561967278911, 0.09410810040744498, -0.1402753563684365, 2.845858187236202e-08, -0.09410810204764032, 0.9955619845740347, 0.02342528573591593, 0.0, 0.0, 0.0, 1.0]}, {"left_foot_pose": [0.9999999999932022, 3.660174849456482e-06, 4.46542095355814e-07, 9.907906699203534e-05, -3.6873133538446976e-06, 0.9926400733751995, 0.12110196000099706, -0.00026583252138229554, -1.230282451070171e-12, -0.12110196000182058, 0.9926400733819475, 5.236682892872935e-10, 0.0, 0.0, 0.0, 1.0], "right_foot_pose": [0.9999999557929207, -0.00029531549885586394, -3.468303400871759e-05, 0.01213979361612601, 0.0002973451783190775, 0.9931898337720714, 0.11650693403248623, -0.14028092627088531, 4.0533437816298966e-08, -0.116506939194888, 0.9931898776766894, 0.02931474455256234, 0.0, 0.0, 0.0, 1.0]}, {"left_foot_pose": [0.9999999999932022, 3.656598330475782e-06, 4.7494052424205887e-07, 9.907898733783117e-05, -3.6873133647322532e-06, 0.9916701265723495, 0.12880357157464445, -0.0002658325701245202, -1.4051640208558647e-12, -0.12880357157552022, 0.9916701265790915, 2.9463899375858915e-10, 0.0, 0.0, 0.0, 1.0], "right_foot_pose": [0.9999999117664035, -0.00041669827914848033, -5.31951971715036e-05, 0.017049175668477166, 0.00042007997171480553, 0.9919639599833069, 0.12652006017645387, -0.14028708284148733, 4.702708483502045e-08, -0.12652007135937102, 0.9919640475053606, 0.0300000041562328, 0.0, 0.0, 0.0, 1.0]}, {"left_foot_pose": [0.9999999999932022, 3.6562331568430085e-06, 4.777436756752539e-07, 9.90789993932686e-05, -3.6873133735123346e-06, 0.9915710974730413, 0.12956372425379367, -0.00026583253671273645, -1.6363755611851132e-12, -0.12956372425467466, 0.9915710974797821, 3.424564035126032e-10, 0.0, 0.0, 0.0, 1.0], "right_foot_pose": [0.9999998502663189, -0.0005427629499774637, -6.982635347546136e-05, 0.02213541889003431, 0.0005472360891208094, 0.9918369001443157, 0.12751181923561955, -0.14029345940899057, 4.766281412752035e-08, -0.1275118383543063, 0.9918370486523999, 0.030000003761628105, 0.0, 0.0, 0.0, 1.0]}, {"left_foot_pose": [0.9999999999932024, 3.6591240684492158e-06, 4.5507271395621354e-07, 9.907895403980319e-05, -3.6873134015348044e-06, 0.9923551131117138, 0.12341527242380572, -0.00026583247933792756, -1.9410148349184e-12, -0.12341527242464492, 0.9923551131184601, 7.121889675221205e-10, 0.0, 0.0, 0.0, 1.0], "right_foot_pose": [0.9999997745814335, -0.000666590122571758, -8.05896388339995e-05, 0.027103752491494788, 0.0006714440256592566, 0.9927783140037442, 0.11996152886156285, -0.14029968745253157, 4.24755399826312e-08, -0.11996155593143872, 0.9927785377910355, 0.02980337135762222, 0.0, 0.0, 0.0, 1.0]}, {"left_foot_pose": [0.9999999999932022, 3.6649160733711377e-06, 4.0579616089601764e-07, 9.907874193036071e-05, -3.6873134321667802e-06, 0.9939259015379027, 0.11005136182016013, -0.0002658322257796143, -2.3106410809785466e-12, -0.1100513618209085, 0.9939259015446597, 1.4678807405688055e-09, 0.0, 0.0, 0.0, 1.0], "right_foot_pose": [0.9999996916249497, -0.000781385839696995, -7.865223907537602e-05, 0.031659390293181704, 0.0007853343263934115, 0.9949759033856124, 0.10011161237329094, -0.14030539264269506, 3.128632940328132e-08, -0.10011164326967083, 0.9949762102089906, 0.024970567895866845, 0.0, 0.0, 0.0, 1.0]}, {"left_foot_pose": [0.9999999999932023, 3.672491730079983e-06, 3.3027897378128e-07, 9.907857949391865e-05, -3.6873133452041534e-06, 0.9959804416649186, 0.08957097636711397, -0.00026583199156314, -2.7285464318930306e-12, -0.08957097636772311, 0.9959804416716896, 2.533375884072875e-09, 0.0, 0.0, 0.0, 1.0], "right_foot_pose": [0.9999996114454233, -0.0008792790032925671, -6.306692170220747e-05, 0.035507550289007955, 0.0008815378618790091, 0.9974386525897043, 0.07152172544781789, -0.14031021296802, 1.783393999021493e-08, -0.07152175325360363, 0.9974390401480837, 0.016236265623308002, 0.0, 0.0, 0.0, 1.0]}, {"left_foot_pose": [0.9999999999932023, 3.680121403828004e-06, 2.3018460781891336e-07, 9.907846644651091e-05, -3.687313181460678e-06, 0.9980496435664473, 0.06242522697829618, -0.00026583192572245465, -3.2520784143872484e-12, -0.06242522697872078, 0.9980496435732327, 3.826549035967908e-09, 0.0, 0.0, 0.0, 1.0], "right_foot_pose": [0.9999995461951807, -0.000951957491964016, -3.72339327970239e-05, 0.03835346418470468, 0.0009526853794494294, 0.9992357726318591, 0.03907637500305232, -0.1403137820414497, 6.429663295480169e-09, -0.03907639274222859, 0.9992362260898346, 0.007054910896627686, 0.0, 0.0, 0.0, 1.0]}, {"left_foot_pose": [0.9999999999932023, 3.68569635121833e-06, 1.0917637144329412e-07, 9.907843909702506e-05, -3.6873129879379772e-06, 0.99956159958052, 0.02960757724699885, -0.00026583217252267727, -3.969232129858142e-12, -0.029607577247200357, 0.999561599587315, 5.112759188241611e-09, 0.0, 0.0, 0.0, 1.0], "right_foot_pose": [0.9999995085555966, -0.0009913963727217361, -4.668756814977358e-06, 0.03990235318995344, 0.0009914073658875311, 0.9999884213672211, 0.004708953485424273, -0.14031572987654664, 2.633521813370992e-10, -0.004708955799875499, 0.9999889128061746, 0.0008809549046777596, 0.0, 0.0, 0.0, 1.0]}, {"left_foot_pose": [0.9999999999932024, 3.6872341183828207e-06, -2.4070017423731036e-08, 9.907835452221713e-05, -3.6873126809395735e-06, 0.9999786857112426, -0.006529020571296611, -0.00026583241770908143, -4.523260920058346e-12, 0.006529020571340756, 0.9999786857180407, 5.8340951236690586e-09, 0.0, 0.0, 0.0, 1.0], "right_foot_pose": [0.9999995036805582, -0.0009958188288217635, 3.136076203286906e-05, 0.04009856333850748, 0.00099631251986078, 0.9995039857736098, -0.03147681343513879, -0.14031598047245433, -3.158655126797461e-12, 0.031476829057704006, 0.999504481847116, 5.618102372206835e-09, 0.0, 0.0, 0.0, 1.0]}, {"left_foot_pose": [0.9999999999932024, 3.6839236560534874e-06, -1.580453030115145e-07, 9.907822300753003e-05, -3.687312275745463e-06, 0.9990809508673265, -0.04286319633955427, -0.0002658323990504183, -4.69170727960593e-12, 0.042863196339845415, 0.9990809508741186, 5.779818797180258e-09, 0.0, 0.0, 0.0, 1.0], "right_foot_pose": [0.9999995036805576, -0.0009940086655821116, 6.771566039354876e-05, 0.040098563079471, 0.0009963125202038826, 0.997687123577081, -0.06796624757813632, -0.14031598039373433, -3.3794986121529132e-12, 0.06796628131112636, 0.9976876187488429, 5.302321998135184e-09, 0.0, 0.0, 0.0, 1.0]}, {"left_foot_pose": [0.9999999999968195, 2.5151028461410105e-06, -1.8928570671988e-07, 0.00014559870106774673, -2.5222136505489603e-06, 0.9970865152741848, -0.07627896860879861, -0.000265810752696341, -3.1152256479863674e-09, 0.07627896860903316, 0.9970865152773574, 0.00010768128609646432, 0.0, 0.0, 0.0, 1.0], "right_foot_pose": [0.9999995036805576, -0.0009911590712879791, 0.00010120441516049015, 0.04009856295863431, 0.0009963125203692536, 0.9948269839441826, -0.10157893176187194, -0.14031598041169616, -3.4283422195740155e-12, 0.10157898217749899, 0.9948274776964009, 4.378347906452973e-09, 0.0, 0.0, 0.0, 1.0]}, {"left_foot_pose": [0.9999999986873073, -5.093856959738174e-05, 5.536098086568037e-06, 0.002292231101258995, 5.1238515074247684e-05, 0.9942064439858875, -0.10748741373552533, -0.00026475289872007063, -2.876928693342027e-08, 0.10748741387808856, 0.9942064452908161, 0.0046034177816547395, 0.0, 0.0, 0.0, 1.0], "right_foot_pose": [0.999999503680558, -0.0009878468230577278, 0.00012960436509269074, 0.040098563259154056, 0.0009963125198834283, 0.9915024788710336, -0.13008397962069987, -0.14031598077527885, -3.2630754597260713e-12, 0.13008404418394312, 0.9915029709732341, 3.2648188735828754e-09, 0.0, 0.0, 0.0, 1.0]}, {"left_foot_pose": [0.9999999847690212, -0.00017285531112678763, 2.4145387951594023e-05, 0.0072153209964684085, 0.00017453353393572353, 0.9904337325487571, -0.13798909727794925, -0.00026231312504731985, -6.225837080109166e-08, 0.13798909939041984, 0.99043374763253, 0.013203857095539034, 0.0, 0.0, 0.0, 1.0], "right_foot_pose": [0.9999995036805579, -0.0009846275689045284, 0.00015214199864594513, 0.04009856329535074, 0.000996312519844562, 0.9882713115203039, -0.15270501690285412, -0.14031598075102414, -2.9868458334151175e-12, 0.1527050926933633, 0.9882718020188125, 2.2370454377806936e-09, 0.0, 0.0, 0.0, 1.0]}, {"left_foot_pose": [0.999999937828262, -0.00034772376389530414, 5.858034471640353e-05, 0.014326339869749651, 0.0003526236848880562, 0.98615046287743, -0.16585276670338803, -0.0002587816909541199, -9.808576723871479e-08, 0.16585277704885004, 0.9861505241823764, 0.022454539380934467, 0.0, 0.0, 0.0, 1.0], "right_foot_pose": [0.999999503680558, -0.0009819625320863176, 0.0001684880500216269, 0.04009856310288539, 0.0009963125199562186, 0.9855964122811789, -0.16911155921412102, -0.140315980504727, -2.722613828118017e-12, 0.1691116431475199, 0.9855969014520826, 1.4293989117342143e-09, 0.0, 0.0, 0.0, 1.0]}, {"left_foot_pose": [0.9999998371112628, -0.0005608068625783378, 0.00010617490834087209, 0.023036776718813073, 0.00057076915818258, 0.9825872977291639, -0.18580063660781354, -0.00025445294250127024, -1.2784419231892e-07, 0.18580066694434527, 0.9825874577680203, 0.028901017792679166, 0.0, 0.0, 0.0, 1.0], "right_foot_pose": [0.9999995036805578, -0.0009801984747287327, 0.00017846452768977664, 0.0400985627246274, 0.0009963125199976771, 0.9838258267555522, -0.17912495630178743, -0.1403159802488375, -2.5480413106761294e-12, 0.1791250452050322, 0.9838263150476794, 9.190824698523947e-10, 0.0, 0.0, 0.0, 1.0]}, {"left_foot_pose": [0.9999996685149902, -0.0007991297958694227, 0.0001560816453212303, 0.03275811235593154, 0.000814229630087849, 0.9814881224687146, -0.1915212846733961, -0.00024962662849565415, -1.4191589267776627e-07, 0.1915213482732612, 0.9814884477952727, 0.030000016471356895, 0.0, 0.0, 0.0, 1.0], "right_foot_pose": [0.999999503680558, -0.0009795560961770946, 0.00018195739027127654, 0.04009856248576507, 0.000996312519961582, 0.9831810710231241, -0.18263074479173982, -0.14031598020521052, -2.4375942833572605e-12, 0.18263083543497635, 0.9831815589952462, 7.334942236925102e-10, 0.0, 0.0, 0.0, 1.0]}, {"left_foot_pose": [0.9999994294035923, -0.0010491252165613658, 0.00020131758622018073, 0.04290179294181229, 0.0010682661047605488, 0.9821066343971832, -0.18832264197532977, -0.00024459224657304504, -1.413045021049167e-07, 0.18832274957986014, 0.9821071947555738, 0.03000001705843531, 0.0, 0.0, 0.0, 1.0], "right_foot_pose": [0.999999503680558, -0.0009800441633072894, 0.00017930999777316452, 0.04009856252921414, 0.0009963125199124224, 0.9836709443437744, -0.1799735553218579, -0.14031598023588374, -2.3972089565510037e-12, 0.17997364464627896, 0.9836714325590303, 8.044529070661e-10, 0.0, 0.0, 0.0, 1.0]}, {"left_foot_pose": [0.9999991312537999, -0.0012979681558003373, 0.00022971789885908249, 0.05287930396184511, 0.0013181394580924588, 0.9847127628477683, -0.17418104716956087, -0.0002396401041986941, -1.2469429137281688e-07, 0.1741811986506644, 0.9847136182853385, 0.029955136417970846, 0.0, 0.0, 0.0, 1.0], "right_foot_pose": [0.999999503680558, -0.0009821138180269812, 0.00016760395514320902, 0.04009856254124328, 0.0009963125199149603, 0.9857482580783211, -0.16822419284073953, -0.1403159802824875, -2.514344936933178e-12, 0.16822427633372078, 0.9857487473245892, 1.2562333187582375e-09, 0.0, 0.0, 0.0, 1.0]}, {"left_foot_pose": [0.9999988001263532, -0.00153162434606525, 0.00023210497138844962, 0.06210212357789203, 0.001549111308486245, 0.9887196653101374, -0.14976990246095784, -0.00023506952181773233, -9.552071117643255e-08, 0.14977008231243435, 0.9887208516280613, 0.02580843955006313, 0.0, 0.0, 0.0, 1.0], "right_foot_pose": [0.999999503680558, -0.0009847565758243308, 0.00015130473893482693, 0.04009856227695932, 0.000996312520072667, 0.9884007955746836, -0.15186465905106045, -0.14031598056393346, -2.7016380141776914e-12, 0.15186473442448317, 0.9884012861374579, 2.027110111713082e-09, 0.0, 0.0, 0.0, 1.0]}, {"left_foot_pose": [0.9999984749663277, -0.0017347660316337395, 0.00020162300418383275, 0.06998169247484291, 0.0017464435338063753, 0.9933159775435416, -0.11541368502782794, -0.00023116322289822022, -5.96111241605027e-08, 0.11541386114126362, 0.9933174923741465, 0.017353836748483308, 0.0, 0.0, 0.0, 1.0], "right_foot_pose": [0.9999995036805578, -0.000988023056215841, 0.00012825395956884161, 0.04009856212694261, 0.000996312520125767, 0.9916793639249896, -0.12872857696211132, -0.14031598077617286, -3.014010598193095e-12, 0.12872864085264132, 0.9916798561149822, 3.1324623936401785e-09, 0.0, 0.0, 0.0, 1.0]}, {"left_foot_pose": [0.9999982037314479, -0.001889677676103936, 0.00014714672797531077, 0.07592950601088327, 0.0018953980791309522, 0.9969812804451701, -0.07761915941332949, -0.00022820953059892596, -2.7340488985479267e-08, 0.07761929889009965, 0.9969830712904857, 0.008045776031431431, 0.0, 0.0, 0.0, 1.0], "right_foot_pose": [0.9999995036805578, -0.000991397405913036, 9.884240565433677e-05, 0.040098562042040174, 0.0009963125200491787, 0.9950662008764529, -0.0992081812889696, -0.1403159808085311, -3.5048605111861706e-12, 0.09920823052794653, 0.9950666947473993, 4.504569106611456e-09, 0.0, 0.0, 0.0, 1.0]}, {"left_foot_pose": [0.9999980373498965, -0.001979712055774588, 7.769512335501717e-05, 0.07935704591871193, 0.001981236067696467, 0.9992289287078573, -0.03921253290712784, -0.00022650144971060604, -5.690742263071993e-09, 0.0392126098790265, 0.9992308898480251, 0.0013387088551912799, 0.0, 0.0, 0.0, 1.0], "right_foot_pose": [0.999999503680558, -0.0009942615055965913, 6.389597704221052e-05, 0.040098562041879865, 0.0009963125199421497, 0.9979408995665648, -0.0641324280971648, -0.14031598054628222, -4.290752864649832e-12, 0.0641324599273556, 0.9979413948642809, 5.966203496521327e-09, 0.0, 0.0, 0.0, 1.0]}, {"left_foot_pose": [0.999998007368489, -0.001996311192209144, 8.224686494447356e-07, 0.07995901040054652, 0.0019963113616356305, 0.9999979224997653, -0.0004119916285288816, -0.00022619658177398978, -3.4418537931601494e-12, 0.0004119924494846675, 0.9999999151311076, 6.9614818770658005e-09, 0.0, 0.0, 0.0, 1.0], "right_foot_pose": [0.9999995036805581, -0.0009959875674332276, 2.5444103782306417e-05, 0.04009856202080255, 0.00099631251