{"LoopMode": "Wrap", "FrameDuration": 0.0167, "EnableCycleOffsetPosition": true, "EnableCycleOffsetRotation": false, "Debug_info": [{"left_foot_pose": [0.9999999999983908, -1.794025982509914e-06, -2.5906424727627798e-08, 6.316094446757472e-05, 1.7942130224552196e-06, 0.9998957538449114, 0.014438886373206235, -4.275149752803846e-05, -1.3411438601184167e-14, -0.014438886373229695, 0.9998957538465207, 2.693074929727146e-12, 0.0, 0.0, 0.0, 1.0], "right_foot_pose": [0.9999999999932018, 3.6871487529461376e-06, -3.492309502697491e-08, 9.856283053217196e-05, -3.6873141374858655e-06, 0.9999551476732957, -0.009471147136490702, -0.14026583258731307, 2.067046020023042e-16, 0.009471147136554926, 0.9999551476800936, 1.7780776850884195e-12, 0.0, 0.0, 0.0, 1.0]}, {"left_foot_pose": [0.9999999999983908, -1.7940544857616735e-06, -2.3851107089322444e-08, 6.316094448126902e-05, 1.794213023690654e-06, 0.9999116393322988, 0.013293363930036462, -4.2751497549080655e-05, -1.978377492425411e-14, -0.01329336393005808, 0.9999116393339083, 5.957810633727689e-12, 0.0, 0.0, 0.0, 1.0], "right_foot_pose": [0.9999999999932019, 3.68710633397945e-06, -3.914637874971231e-08, 9.856283059571696e-05, -3.687314138586143e-06, 0.9999436433478052, -0.010616502000238476, -0.1402658325877561, 5.513417861572281e-16, 0.01061650200031048, 0.999943643354603, 4.559595756514767e-12, 0.0, 0.0, 0.0, 1.0]}, {"left_foot_pose": [0.999999999998391, -1.7940908131841834e-06, -2.094112766522967e-08, 6.316094447988101e-05, 1.7942130246885204e-06, 0.9999318857506613, 0.011671497586346384, -4.2751497476161554e-05, -2.5540728952086238e-14, -0.011671497586365393, 0.9999318857522708, 1.041600833362466e-11, 0.0, 0.0, 0.0, 1.0], "right_foot_pose": [0.9999999999932018, 3.687037991937443e-06, -4.512658979829635e-08, 9.856283065513851e-05, -3.6873141394078154e-06, 0.9999251087594803, -0.012238335619902764, -0.14026583258826614, 1.733459337203711e-15, 0.012238335619985795, 0.9999251087662777, 8.537247297990547e-12, 0.0, 0.0, 0.0, 1.0]}, {"left_foot_pose": [0.999999999998391, -1.7941305681095923e-06, -1.720127895673469e-08, 6.31609444654459e-05, 1.7942130254254353e-06, 0.9999540426435625, 0.009587105797805933, -4.275149730449852e-05, -3.129306142233322e-14, -0.009587105797821583, 0.9999540426451722, 1.5937862141157666e-11, 0.0, 0.0, 0.0, 1.0], "right_foot_pose": [0.9999999999932019, 3.6869358953302244e-06, -5.281354586996937e-08, 9.856283070477086e-05, -3.687314139926601e-06, 0.9998974200144294, -0.01432303860539093, -0.14026583258881867, 3.1422968597284153e-15, 0.014323038605488132, 0.9998974200212267, 1.3580206403851491e-11, 0.0, 0.0, 0.0, 1.0]}, {"left_foot_pose": [0.999999999998391, -1.7941684471860983e-06, -1.2647701719236414e-08, 6.316094444049067e-05, 1.794213025931746e-06, 0.9999751541907653, 0.00704918420363092, -4.275149702233187e-05, -3.6707795312099534e-14, -0.007049184203642487, 0.9999751541923751, 2.2573290459071416e-11, 0.0, 0.0, 0.0, 1.0], "right_foot_pose": [0.9999999999932019, 3.6867899089647826e-06, -6.217504189278882e-08, 9.856283074263082e-05, -3.687314140165934e-06, 0.9998578284401282, -0.01686187692384956, -0.1402658325894058, 4.389187749756801e-15, 0.016861876923964028, 0.9998578284469253, 1.9721169142172812e-11, 0.0, 0.0, 0.0, 1.0]}, {"left_foot_pose": [0.999999999998391, -1.7941982421227521e-06, -7.28355842302048e-09, 6.316094440702867e-05, 1.794213026218227e-06, 0.999991760212779, 0.004059495452580694, -4.275149660863675e-05, -4.1451881326396745e-14, -0.00405949545258745, 0.9999917602143886, 3.045206448115678e-11, 0.0, 0.0, 0.0, 1.0], "right_foot_pose": [0.9999999999932017, 3.686587376863963e-06, -7.320574657579042e-08, 9.856283076721917e-05, -3.6873141401509886e-06, 0.9998029017291813, -0.019853404753663647, -0.14026583259002087, 6.473317741210375e-15, 0.019853404753798445, 0.9998029017359782, 2.7071581087945162e-11, 0.0, 0.0, 0.0, 1.0]}, {"left_foot_pose": [0.9999999999983908, -1.7942126968554664e-06, -1.0867609589673699e-09, 6.316094436636755e-05, 1.7942130263157859e-06, 0.9999998165443573, 0.0006057293401657379, -4.275149602428127e-05, -4.6857464091122905e-14, -0.0006057293401669347, 0.9999998165459669, 3.992101094141276e-11, 0.0, 0.0, 0.0, 1.0], "right_foot_pose": [0.9999999999932019, 3.686312213894831e-06, -8.595247880107876e-08, 9.856283077889611e-05, -3.6873141399225616e-06, 0.9997282775798693, -0.023310319465669114, -0.14026583259066774, 8.17356930460112e-15, 0.023310319465827414, 0.9997282775866655, 3.594954195440536e-11, 0.0, 0.0, 0.0, 1.0]}, {"left_foot_pose": [0.9999999999983908, -1.7942030481978677e-06, 5.983658457643098e-09, 6.316094431955124e-05, 1.7942130262400681e-06, 0.9999944390448482, -0.00333494769987274, -4.2751495210234525e-05, -5.225818163834395e-14, 0.0033349476998778852, 0.9999944390464581, 5.146467280114919e-11, 0.0, 0.0, 0.0, 1.0], "right_foot_pose": [0.9999999999932019, 3.6859442581468513e-06, -1.0050119209073145e-07, 9.856283077769266e-05, -3.6873141394980405e-06, 0.9996284880772043, -0.027255931664253573, -0.1402658325913472, 9.823244247980425e-15, 0.0272559316644387, 0.9996284880839997, 4.680556636715849e-11, 0.0, 0.0, 0.0, 1.0]}, {"left_foot_pose": [0.9999999999983908, -1.7941584271556457e-06, 1.399713311925983e-08, 6.316094426754946e-05, 1.794213026001286e-06, 0.9999695699134252, -0.007801233488435321, -4.275149408285335e-05, -5.865284802131662e-14, 0.007801233488447656, 0.9999695699150348, 6.570214511336658e-11, 0.0, 0.0, 0.0, 1.0], "right_foot_pose": [0.9999999999932019, 3.685457543825073e-06, -1.169968035230859e-07, 9.856283076341764e-05, -3.687314138893097e-06, 0.9994964912910972, -0.031729542751032985, -0.1402658325920508, 1.175580576014541e-14, 0.03172954275124852, 0.999496491297892, 6.021662335431444e-11, 0.0, 0.0, 0.0, 1.0]}, {"left_foot_pose": [0.9999999999983908, -1.7940650349716475e-06, 2.3044094910086038e-08, 6.316094421110619e-05, 1.7942130255963032e-06, 0.9999175184634171, -0.012843530151150223, -4.275149251072724e-05, -6.592993731917514e-14, 0.012843530151170672, 0.9999175184650266, 8.361908387932715e-11, 0.0, 0.0, 0.0, 1.0], "right_foot_pose": [0.9999999999932017, 3.684818937467482e-06, -1.356279902276178e-07, 9.856283073597801e-05, -3.6873141381320953e-06, 0.9993233014196496, -0.03678232219607159, -0.14026583259276754, 1.3416658297825877e-14, 0.03678232219632147, 0.9993233014264431, 7.710412863737304e-11, 0.0, 0.0, 0.0, 1.0]}, {"left_foot_pose": [0.9999999999983908, -1.7939050441819462e-06, 3.324259906237833e-08, 6.316094415216919e-05, 1.794213025018619e-06, 0.9998283486342279, -0.018527635146845148, -4.2751490324378916e-05, -7.514350395662964e-14, 0.01852763514687475, 0.9998283486358372, 1.0626224900001091e-10, 0.0, 0.0, 0.0, 1.0], "right_foot_pose": [0.9999999999932017, 3.6839854962830053e-06, -1.566410219866718e-07, 9.856283069401692e-05, -3.687314137170045e-06, 0.9990972723758988, -0.04248105833712986, -0.14026583259344952, 1.4861986483825958e-14, 0.04248105833741849, 0.9990972723826909, 9.8437383244665e-11, 0.0, 0.0, 0.0, 1.0]}, {"left_foot_pose": [0.9999999999983908, -1.7936552006922322e-06, 4.473696607613184e-08, 6.316094409318427e-05, 1.794213024232696e-06, 0.9996890998655773, -0.024933984975001978, -4.275148725440929e-05, -8.584865500174637e-14, 0.02493398497504189, 0.9996890998671863, 1.3536524678947615e-10, 0.0, 0.0, 0.0, 1.0], "right_foot_pose": [0.9999999999932017, 3.6829015766276524e-06, -1.80337225375051e-07, 9.856283063653875e-05, -3.6873141360070997e-06, 0.9988033135947896, -0.04890747119277375, -0.14026583259402878, 1.5426480447741565e-14, 0.04890747119310606, 0.9988033136015795, 1.2582263009264238e-10, 0.0, 0.0, 0.0, 1.0]}, {"left_foot_pose": [0.9999999999983908, -1.7932850814204375e-06, 5.7697384536793155e-08, 6.316094403971244e-05, 1.794213023214026e-06, 0.999482816001677, -0.03215743326416843, -4.275148295068004e-05, -9.92656880034715e-14, 0.032157433264219965, 0.999482816003286, 1.7282698883125391e-10, 0.0, 0.0, 0.0, 1.0], "right_foot_pose": [0.999999999993202, 3.681495146575215e-06, -2.0707248377107775e-07, 9.856283056177555e-05, -3.6873141346261256e-06, 0.9984218900155865, -0.05615807621445087, -0.14026583259436015, 1.5610713480282116e-14, 0.056158076214832466, 0.9984218900223739, 1.609933505952732e-10, 0.0, 0.0, 0.0, 1.0]}, {"left_foot_pose": [0.9999999999983907, -1.7927546024293975e-06, 7.232774124069727e-08, 6.316094400060563e-05, 1.7942130218900694e-06, 0.9991871564769806, -0.04031161530164222, -4.2751476881736084e-05, -1.1644817939058766e-13, 0.04031161530170688, 0.999187156478589, 2.2153531092916623e-10, 0.0, 0.0, 0.0, 1.0], "right_foot_pose": [0.9999999999932017, 3.679672086325973e-06, -2.3727379228069195e-07, 9.856283046866521e-05, -3.687314132933739e-06, 0.9979274763404097, -0.06434867482135989, -0.1402658325942162, 1.4139096214408436e-14, 0.06434867482179718, 0.9979274763471936, 2.0657524996137155e-10, 0.0, 0.0, 0.0, 1.0]}, {"left_foot_pose": [0.9999999999983907, -1.7920113921716476e-06, 8.885679975149194e-08, 6.316094399240101e-05, 1.7942130201757576e-06, 0.9987729322958603, -0.04952403164031157, -4.275146831814007e-05, -1.3783894438649967e-13, 0.04952403164039106, 0.9987729322974679, 2.850884042726598e-10, 0.0, 0.0, 0.0, 1.0], "right_foot_pose": [0.9999999999932018, 3.677310951787142e-06, -2.714215617816393e-07, 9.856283035778791e-05, -3.6873141308887045e-06, 0.9972871369121691, -0.07360955465109406, -0.14026583259321299, 1.0624363234758474e-14, 0.0736095546515943, 0.9972871369189487, 2.657904521474741e-10, 0.0, 0.0, 0.0, 1.0]}, {"left_foot_pose": [0.9999999999983908, -1.790986565910273e-06, 1.0755218904371453e-07, 6.316094404317942e-05, 1.7942130179750796e-06, 0.9982017509491606, -0.05994384371068945, -4.275145624459305e-05, -1.6482427134989812e-13, 0.05994384371078569, 0.9982017509507675, 3.6819902682339034e-10, 0.0, 0.0, 0.0, 1.0], "right_foot_pose": [0.9999999999932017, 3.674253179507118e-06, -3.1007911055483033e-07, 9.856283023398616e-05, -3.6873141283944152e-06, 0.9964578693073431, -0.08409348774949081, -0.14026583259073874, 4.790497471437437e-15, 0.08409348775006235, 0.9964578693141171, 3.4279266231118655e-10, 0.0, 0.0, 0.0, 1.0]}, {"left_foot_pose": [0.9999999999983906, -1.7895908046077738e-06, 1.2870545595958877e-07, 6.316094420060647e-05, 1.7942130151185404e-06, 0.997423831023836, -0.07173354377497228, -4.275143921672088e-05, -1.9906787119386343e-13, 0.0717335437750875, 0.9974238310254416, 4.774272852059447e-10, 0.0, 0.0, 0.0, 1.0], "right_foot_pose": [0.9999999999932017, 3.670295190827562e-06, -3.5386250363258675e-07, 9.856283011079336e-05, -3.687314125347507e-06, 0.9953844629368899, -0.09596755144445086, -0.14026583258584535, -4.360019940147438e-15, 0.0959675514451031, 0.9953844629436567, 4.432884129212944e-10, 0.0, 0.0, 0.0, 1.0]}, {"left_foot_pose": [0.9999999999983908, -1.7877084047775973e-06, 1.5264006258956048e-07, 6.316094454373522e-05, 1.794213011467045e-06, 0.9963746859138239, -0.08507341104546395, -4.2751415415155994e-05, -2.425663440115296e-13, 0.08507341104560065, 0.9963746859154278, 6.20370567416817e-10, 0.0, 0.0, 0.0, 1.0], "right_foot_pose": [0.9999999999932019, 3.6651749182810755e-06, -4.0345786622711005e-07, 9.856283001941387e-05, -3.687314121547708e-06, 0.9939958450341961, -0.10941782323350442, -0.14026583257710362, -1.8768207237301035e-14, 0.10941782323424809, 0.9939958450409535, 5.73658689995149e-10, 0.0, 0.0, 0.0, 1.0]}, {"left_foot_pose": [0.9999999999983906, -1.7851928331891008e-06, 1.796854493530184e-07, 6.316094519994873e-05, 1.7942130067730055e-06, 0.994972646301105, -0.10014705741736908, -4.275138248422024e-05, -2.980934127130766e-13, 0.10014705741753006, 0.9949726463027065, 8.070003901239353e-10, 0.0, 0.0, 0.0, 1.0], "right_foot_pose": [0.9999999999932017, 3.6585628683999994e-06, -4.5956842242847085e-07, 9.856283002215932e-05, -3.687314116899118e-06, 0.9922026568299783, -0.12463501821693708, -0.14026583256246078, -4.009748207748852e-14, 0.1246350182177842, 0.9922026568367234, 7.42065242587131e-10, 0.0, 0.0, 0.0, 1.0]}, {"left_foot_pose": [0.9999999999983906, -1.7818623697626841e-06, 2.10158954572249e-07, 6.316094636118703e-05, 1.7942130007808043e-06, 0.9931164317757282, -0.11713134906517204, -4.275133811375634e-05, -3.6792326725089345e-13, 0.11713134906536035, 0.9931164317773267, 1.0466560534938552e-09, 0.0, 0.0, 0.0, 1.0], "right_foot_pose": [0.9999999999932015, 3.650052681688309e-06, -5.228774001553544e-07, 9.856283023421106e-05, -3.6873141111396455e-06, 0.9898946934447442, -0.14180442826773623, -0.14026583253925576, -7.006683037481495e-14, 0.14180442826870007, 0.9898946934514737, 9.554459376448499e-10, 0.0, 0.0, 0.0, 1.0]}, {"left_foot_pose": [0.9999999999983908, -1.777507881318901e-06, 2.442662408453152e-07, 6.316094828652187e-05, 1.794212993449128e-06, 0.9906894834228739, -0.136140910207405, -4.2751280976374706e-05, -4.552188979191424e-13, 0.13614091020762395, 0.9906894834244687, 1.3453250458095312e-09, 0.0, 0.0, 0.0, 1.0], "right_foot_pose": [0.9999999999932017, 3.639181027609956e-06, -5.938406790751099e-07, 9.856283084378157e-05, -3.6873141042434307e-06, 0.9869462993237285, -0.16104968872246062, -0.14026583250466212, -1.1122852994503174e-13, 0.16104968872355532, 0.9869462993304378, 1.2168849400362447e-09, 0.0, 0.0, 0.0, 1.0]}, {"left_foot_pose": [0.9999999999983908, -1.7719122913089298e-06, 2.820054360031305e-07, 6.316095118161595e-05, 1.7942129849446058e-06, 0.9875708147476508, -0.1571746985218778, -4.275121549250985e-05, -5.581484471420827e-13, 0.15717469852213056, 0.9875708147492404, 1.683408197561409e-09, 0.0, 0.0, 0.0, 1.0], "right_foot_pose": [0.9999999999932019, 3.6254723276193843e-06, -6.724846823847011e-07, 9.85628320868373e-05, -3.687314096441529e-06, 0.9832284971591869, -0.18237796566606124, -0.1402658324582511, -1.6419314537187255e-13, 0.18237796566730086, 0.9832284971658709, 1.505584122651893e-09, 0.0, 0.0, 0.0, 1.0]}, {"left_foot_pose": [0.9999999999983908, -1.7649466367398536e-06, 3.227438168385338e-07, 6.31609549833666e-05, 1.794212975978164e-06, 0.9836885482806469, -0.17988007109820517, -4.275115393173948e-05, -6.704426784410896e-13, 0.17988007109849438, 0.9836885482822301, 2.0117725124668695e-09, 0.0, 0.0, 0.0, 1.0], "right_foot_pose": [0.9999999999932017, 3.6086635678990043e-06, -7.575172870089253e-07, 9.85628341121045e-05, -3.687314088304438e-06, 0.9786699572152947, -0.20543883476747304, -0.14026583240518128, -2.277984907460352e-13, 0.20543883476886945, 0.9786699572219478, 1.7750782163594714e-09, 0.0, 0.0, 0.0, 1.0]}, {"left_foot_pose": [0.9999999999983906, -1.756768910151017e-06, 3.646411635416574e-07, 6.316095765511803e-05, 1.7942129703583228e-06, 0.9791307334100787, -0.20323141216018592, -4.275114918104658e-05, -7.435950936002861e-13, 0.20323141216051283, 0.9791307334116548, 2.0636547887198375e-09, 0.0, 0.0, 0.0, 1.0], "right_foot_pose": [0.9999999999932019, 3.589160952189462e-06, -8.451087558092549e-07, 9.856283604437477e-05, -3.6873140833425255e-06, 0.97338084212325, -0.22919366521314802, -0.14026583237848722, -2.8134938774552553e-13, 0.2291936652147059, 0.9733808421298671, 1.791947590312759e-09, 0.0, 0.0, 0.0, 1.0]}, {"left_foot_pose": [0.9999999999984237, -1.7300023544674155e-06, 3.99939696027507e-07, 6.321547000132155e-05, 1.7756294389266742e-06, 0.9742959774543335, -0.22527172106847576, -4.309084827071666e-05, 6.097070342546655e-11, 0.2252717210688306, 0.9742959774558695, 0.0002780835616016941, 0.0, 0.0, 0.0, 1.0], "right_foot_pose": [0.9999999999932017, 3.569008546826817e-06, -9.265329256047622e-07, 9.85628302929024e-05, -3.687314099561355e-06, 0.9679154965446516, -0.2512759270903684, -0.14026583247058844, -3.549567279146426e-13, 0.25127592709207636, 0.9679154965512315, 1.4038339588018367e-09, 0.0, 0.0, 0.0, 1.0]}, {"left_foot_pose": [0.9999999999987524, -1.5307768156202431e-06, 3.90492210122802e-07, 6.380337102899262e-05, 1.5797980187302573e-06, 0.9689360925678084, -0.2473112381533286, -4.674434156536761e-05, 2.1631299618312496e-10, 0.24731123815363662, 0.9689360925690178, 0.0030721534763706107, 0.0, 0.0, 0.0, 1.0], "right_foot_pose": [0.9999999999932017, 3.5507174487920926e-06, -9.943294417280815e-07, 9.856282883873794e-05, -3.687314122675289e-06, 0.9629549368812327, -0.2696623620798143, -0.14026583262342351, -4.0967204851956954e-13, 0.26966236208164734, 0.962954936887779, 7.888952893719825e-10, 0.0, 0.0, 0.0, 1.0]}, {"left_foot_pose": [0.9999999999992771, -1.1589101032625772e-06, 3.2231162150344603e-07, 6.497357034214291e-05, 1.2028953726422713e-06, 0.963352747884527, -0.26823773623762404, -5.401301440404599e-05, 3.6363608140147077e-10, 0.2682377362378174, 0.963352747885224, 0.008045765557219288, 0.0, 0.0, 0.0, 1.0], "right_foot_pose": [0.9999999999932019, 3.536703797488555e-06, -1.04307802839545e-06, 9.856284038614804e-05, -3.6873141341908573e-06, 0.9591544342195014, -0.28288296396826684, -0.1402658326812345, -3.3670827191350913e-13, 0.28288296397018975, 0.959154434226022, 2.967621634542006e-10, 0.0, 0.0, 0.0, 1.0]}, {"left_foot_pose": [0.9999999999997657, -6.567337810331652e-07, 1.9586632732383614e-07, 6.664752152577987e-05, 6.853193683680603e-07, 0.9580833234625203, -0.28648969493254545, -6.440883299565006e-05, 4.911984468139501e-10, 0.28648969493261206, 0.9580833234627455, 0.014175375663522859, 0.0, 0.0, 0.0, 1.0], "right_foot_pose": [0.9999999999932017, 3.5283163999472954e-06, -1.071106430883284e-06, 9.85628536770081e-05, -3.6873141450147687e-06, 0.9568797790346429, -0.29048423100233284, -0.1402658326551496, -1.915255793071909e-13, 0.29048423100430737, 0.9568797790411481, 4.363632372106352e-11, 0.0, 0.0, 0.0, 1.0]}, {"left_foot_pose": [0.9999999999999982, -6.453318023175134e-08, 1.969323487616257e-08, 6.874672476979214e-05, 6.746859735168788e-08, 0.9538854054008608, -0.3001710068664727, -7.74447005206999e-05, 5.859001634290338e-10, 0.3001710068664732, 0.9538854054008629, 0.02043744243201897, 0.0, 0.0, 0.0, 1.0], "right_foot_pose": [0.9999999999932017, 3.52617218204868e-06, -1.078144439614648e-06, 9.856286134039187e-05, -3.687314156537192e-06, 0.9562982765294611, -0.29239289713190064, -0.14026583257548758, -3.0968111195881514e-14, 0.2923928971338882, 0.9562982765359623, 2.757971628852829e-11, 0.0, 0.0, 0.0, 1.0]}, {"left_foot_pose": [0.9999999999998141, 5.806499924591324e-07, -1.8777828209027804e-07, 7.119271893513596e-05, -6.102578916726671e-07, 0.9518016939848685, -0.3067140937863196, -9.263433228199128e-05, 6.341507435024198e-10, 0.3067140937863768, 0.9518016939850455, 0.025808425338516967, 0.0, 0.0, 0.0, 1.0], "right_foot_pose": [0.9999999999932018, 3.5304450306760943e-06, -1.0640693797747905e-06, 9.856286069592344e-05, -3.6873141659875408e-06, 0.9574570821078321, -0.2885757022134051, -0.1402658324812438, 1.0954768714196571e-13, 0.28857570221536666, 0.9574570821143412, 2.1668450367329228e-10, 0.0, 0.0, 0.0, 1.0]}, {"left_foot_pose": [0.9999999999991458, 1.245814557252188e-06, -3.967390481696368e-07, 7.390710608329065e-05, -1.3074614305666683e-06, 0.9529946585332838, -0.3029870967637421, -0.00010949230524463088, 6.244577931234463e-10, 0.3029870967640016, 0.952994658534098, 0.029264783693952183, 0.0, 0.0, 0.0, 1.0], "right_foot_pose": [0.9999999999932017, 3.540978722780487e-06, -1.028472395303593e-06, 9.856285208923527e-05, -3.6873141692093165e-06, 0.9603138272873791, -0.27892176879381303, -0.14026583242153884, 2.1320081198125159e-13, 0.278921768795709, 0.9603138272939077, 5.872251990224342e-10, 0.0, 0.0, 0.0, 1.0]}, {"left_foot_pose": [0.9999999999980327, 1.9004680292196011e-06, -5.687419367684029e-07, 7.681165690076175e-05, -1.983745400134433e-06, 0.9581001213471285, -0.2864335131765895, -0.000127532989577836, 5.539844448749983e-10, 0.2864335131771539, 0.9581001213490136, 0.0300000014943825, 0.0, 0.0, 0.0, 1.0], "right_foot_pose": [0.9999999999932018, 3.557257549464554e-06, -9.706721913471892e-07, 9.856284495176095e-05, -3.6873141683192166e-06, 0.9647286509942148, -0.263246329389958, -0.14026583240004434, 2.8087755950264023e-13, 0.2632463293917474, 0.9647286510007732, 1.1525693593972264e-09, 0.0, 0.0, 0.0, 1.0]}, {"left_foot_pose": [0.9999999999966238, 2.508365384429591e-06, -6.792922056520382e-07, 7.982800129414503e-05, -2.598717877189518e-06, 0.9652763091842591, -0.26123102212574695, -0.00014626658057168007, 4.4181958211897324e-10, 0.2612310221266299, 0.9652763091875182, 0.03000000251600274, 0.0, 0.0, 0.0, 1.0], "right_foot_pose": [0.9999999999932017, 3.5780901618662922e-06, -8.908179503497549e-07, 9.856284946277976e-05, -3.6873141752189505e-06, 0.9703784561969142, -0.24158984195387315, -0.14026583230272985, 3.1057990113871394e-13, 0.24158984195551533, 0.9703784562035109, 1.9436476803025293e-09, 0.0, 0.0, 0.0, 1.0]}, {"left_foot_pose": [0.9999999999951587, 3.02952874620034e-06, -7.116283348152492e-07, 8.28775604931076e-05, -3.111986377908881e-06, 0.9735255390260841, -0.22857826855212898, -0.00016520644123677042, 3.0392261730007536e-10, 0.22857826855323643, 0.9735255390307983, 0.03000000377066163, 0.0, 0.0, 0.0, 1.0], "right_foot_pose": [0.9999999999932018, 3.602062731915183e-06, -7.883082712712112e-07, 9.856285138865295e-05, -3.6873141790445896e-06, 0.9768798155207442, -0.21378920930337159, -0.14026583222102434, 2.9520071918723483e-13, 0.21378920930482478, 0.9768798155273849, 2.9179143684610054e-09, 0.0, 0.0, 0.0, 1.0]}, {"left_foot_pose": [0.9999999999939342, 3.420922874513869e-06, -6.554966600625427e-07, 8.588189987212198e-05, -3.483157928757746e-06, 0.9821412158490643, -0.18814524208278674, -0.0001838655282383958, 1.5992417757535323e-10, 0.18814524208392838, 0.9821412158550221, 0.030000005154056805, 0.0, 0.0, 0.0, 1.0], "right_foot_pose": [0.9999999999932017, 3.6272590082447573e-06, -6.627804655101839e-07, 9.856284923903963e-05, -3.6873141794298583e-06, 0.9837130421972136, -0.17974607255099406, -0.14026583219872682, 2.2702291220749244e-13, 0.17974607255221586, 0.9837130422039009, 4.002114507850596e-09, 0.0, 0.0, 0.0, 1.0]}, {"left_foot_pose": [0.999999999993259, 3.6361652668088555e-06, -5.105923365778615e-07, 8.876250027277536e-05, -3.671839100227059e-06, 0.990285765065719, -0.13904712688409748, -0.0002017619229880037, 3.398931294656068e-11, 0.1390471268850347, 0.9902857650723946, 0.028901008764641252, 0.0, 0.0, 0.0, 1.0], "right_foot_pose": [0.9999999999932017, 3.651059336932997e-06, -5.158015397577453e-07, 9.856283238344229e-05, -3.6873141322184717e-06, 0.9901676998550247, -0.13988540363530896, -0.14026583258065595, 1.1498799017747991e-13, 0.1398854036362598, 0.990167699861756, 4.956099912412082e-09, 0.0, 0.0, 0.0, 1.0]}, {"left_foot_pose": [0.9999999999932024, 3.678437266613157e-06, -2.557035962414558e-07, 9.907908641112914e-05, -3.687314070012444e-06, 0.9975926212326618, -0.06934668015522959, -0.00026583177030730515, 6.078738846964098e-13, 0.06934668015570077, 0.9975926212394438, 5.5603943810433876e-09, 0.0, 0.0, 0.0, 1.0], "right_foot_pose": [0.9999999999932018, 3.670648793860365e-06, -3.501760958979601e-07, 9.856283494045522e-05, -3.6873141805069514e-06, 0.9954803434379329, -0.0949678146273742, -0.14026583248796126, -7.387007100738756e-14, 0.09496781462801966, 0.9954803434447003, 5.358002784505711e-09, 0.0, 0.0, 0.0, 1.0]}, {"left_foot_pose": [0.9999999999932023, 3.686091635492226e-06, -9.494039987519108e-08, 9.907907283490443e-05, -3.6873140932512935e-06, 0.9996684721024268, -0.025747735255818197, -0.00026583201841575387, 4.1270512520486415e-13, 0.025747735255993012, 0.9996684721092228, 5.138707757923466e-09, 0.0, 0.0, 0.0, 1.0], "right_foot_pose": [0.9999999999932017, 3.682489649860676e-06, -1.885623120423637e-07, 9.856282779229522e-05, -3.6873141670371865e-06, 0.9986915872016393, -0.0511381818123631, -0.1402658327191213, -2.3085397303422127e-13, 0.05113818181271058, 0.9986915872084285, 5.074068373800422e-09, 0.0, 0.0, 0.0, 1.0]}, {"left_foot_pose": [0.9999999999932025, 3.6868956478417566e-06, 5.554840254433291e-08, 9.907927472409797e-05, -3.6873140821832737e-06, 0.999886520023225, 0.015064762269940826, -0.00026583208900552574, 1.0726355041908957e-13, -0.01506476227004346, 0.9998865200300224, 4.0233257281308e-09, 0.0, 0.0, 0.0, 1.0], "right_foot_pose": [0.9999999669652371, 0.00025702602447104405, -2.673525262787981e-06, 9.85625989605168e-05, -0.0002570399235954815, 0.9999479439582926, -0.010200161962482303, -0.14027849742007323, 5.1679011395595914e-08, 0.010200162312724933, 0.999947976991199, 0.0003110447486065204, 0.0, 0.0, 0.0, 1.0]}, {"left_foot_pose": [0.9999999999932022, 3.6826663376019263e-06, 1.8507902149737739e-07, 9.907981938625453e-05, -3.68731414391055e-06, 0.998739518577552, 0.05019336627367803, -0.0002658319022042395, -3.127517581541131e-13, -0.05019336627401948, 0.9987395185843421, 2.821865310864702e-09, 0.0, 0.0, 0.0, 1.0], "right_foot_pose": [0.9999878545683694, 0.00492670370439881, 0.000135300991649289, 9.85604444679019e-05, -0.004928561188941246, 0.9996142868609539, 0.027331059036805834, -0.14051206683793335, -5.967744776111429e-07, -0.027331393928513355, 0.9996264276746432, 0.0054689858217206525, 0.0, 0.0, 0.0, 1.0]}, {"left_foot_pose": [0.9999999999932022, 3.6759086703363324e-06, 2.8979751964801304e-07, 9.908001862257834e-05, -3.6873143550070765e-06, 0.9969067874048544, 0.0785929844994886, -0.000265832059955012, -4.814008490289237e-13, -0.0785929845000231, 0.9969067874116316, 1.748285453906373e-09, 0.0, 0.0, 0.0, 1.0], "right_foot_pose": [0.9998926728791087, 0.014620945630705344, 0.0009330978165517657, 9.855622962243101e-05, -0.014650690008137492, 0.9978723089640753, 0.06353119143373995, -0.14099819371778766, -2.2263768852708293e-06, -0.06353804334073432, 0.9979794171441984, 0.014325216967140439, 0.0, 0.0, 0.0, 1.0]}, {"left_foot_pose": [0.9999999999932023, 3.6688834779836566e-06, 3.682157324046834e-07, 9.907991266156028e-05, -3.6873145781672407e-06, 0.9950014983252561, 0.09985999357550594, -0.00026583238729677335, -5.251340917025013e-13, -0.099859993576185, 0.9950014983320202, 8.998406048066343e-10, 0.0, 0.0, 0.0, 1.0], "right_foot_pose": [0.9995988201337114, 0.028187067725633997, 0.002772724350262041, 9.855190446334458e-05, -0.02832311366882557, 0.9948125908716087, 0.09770215082289725, -0.14168197641915933, -4.403952471909641e-06, -0.09774148687403895, 0.9952118376126046, 0.02342528410566256, 0.0, 0.0, 0.0, 1.0]}, {"left_foot_pose": [0.9999999999932021, 3.6633652948907827e-06, 4.195771084457981e-07, 9.907957921383436e-05, -3.687314772483973e-06, 0.9935049165194824, 0.11378919473315925, -0.000265832697505213, -5.334334116120559e-13, -0.11378919473393301, 0.9935049165262365, 3.3990200931643955e-10, 0.0, 0.0, 0.0, 1.0], "right_foot_pose": [0.9989940680389502, 0.04448714790612803, 0.005634331740984837, 9.855135649567369e-05, -0.0448425242448115, 0.9910952667348741, 0.1253767134482398, -0.14250851070518164, -6.5071245481861055e-06, -0.12550325066270948, 0.9920932083381837, 0.029314741974306356, 0.0, 0.0, 0.0, 1.0]}, {"left_foot_pose": [0.9999999999932024, 3.66054010035552e-06, 4.4355073774975084e-07, 9.907919689789726e-05, -3.687314887704064e-06, 0.9927386937449243, 0.12029083891978647, -0.0002658327803086542, -5.406038034453226e-13, -0.12029083892060442, 0.992738693751673, 9.855411625681043e-11, 0.0, 0.0, 0.0, 1.0], "right_foot_pose": [0.9980070113592224, 0.0624712106050596, 0.008908037009973193, 9.855069730282191e-05, -0.06310313159238286, 0.9880303372204188, 0.14076237961664215, -0.14342288457357724, -7.814548635114993e-06, -0.14104396682468773, 0.9900033330051415, 0.030000000994654517, 0.0, 0.0, 0.0, 1.0]}, {"left_foot_pose": [0.9999999999932024, 3.6608412036464596e-06, 4.4105878782556257e-07, 9.907883885469529e-05, -3.687314899809334e-06, 0.9928203496740664, 0.11961502104446939, -0.00026583278228959305, -5.423178963564008e-13, -0.11961502104528277, 0.9928203496808158, 1.238418118054696e-10, 0.0, 0.0, 0.0, 1.0], "right_foot_pose": [0.9966323944581665, 0.08110277841155791, 0.012091718261162593, 9.85473505821288e-05, -0.081999208832432, 0.9857517839182811, 0.14686575588877557, -0.14437019738116633, -8.211990485054267e-06, -0.1473626812861792, 0.9890825244117457, 0.030000000667238798, 0.0, 0.0, 0.0, 1.0]}, {"left_foot_pose": [0.9999999999932023, 3.664214204615743e-06, 4.1209880868857363e-07, 9.907847832159327e-05, -3.6873148988471463e-06, 0.9937351064987217, 0.1117610759539251, -0.0002658327163275265, -5.318588344000921e-13, -0.11176107595468508, 0.9937351065054774, 4.348908039242261e-10, 0.0, 0.0, 0.0, 1.0], "right_foot_pose": [0.9949442488348106, 0.09937192713640011, 0.014531407630785616, 9.854528001609322e-05, -0.10042878896131076, 0.9844849533455997, 0.14388688259836818, -0.14529554861656305, -7.63534999106095e-06, -0.14461879799427915, 0.989487444694672, 0.02980336873645588, 0.0, 0.0, 0.0, 1.0]}, {"left_foot_pose": [0.9999999999932025, 3.6701141439888677e-06, 3.557438475464824e-07, 9.907817211899827e-05, -3.687314946209824e-06, 0.9953351542056313, 0.09647761807205144, -0.00026583236420324105, -4.866865783300139e-13, -0.09647761807270752, 0.995335154212398, 1.0860647867150242e-09, 0.0, 0.0, 0.0, 1.0], "right_foot_pose": [0.9930968370270067, 0.11633518891030224, 0.014993202064900856, 9.854253299980506e-05, -0.11729736677132661, 0.9849570562750062, 0.12688942053058314, -0.14614403011499572, -5.955461837030047e-06, -0.12777214530279538, 0.9918035485161637, 0.02497056647012219, 0.0, 0.0, 0.0, 1.0]}, {"left_foot_pose": [0.9999999999932021, 3.677235129594838e-06, 2.72457092942365e-07, 9.90780929680102e-05, -3.6873148853094223e-06, 0.9972663779726172, 0.07389026560908456, -0.000265832019904275, -4.1790461357048153e-13, -0.07389026560958711, 0.997266377979397, 2.0002101849825316e-09, 0.0, 0.0, 0.0, 1.0], "right_foot_pose": [0.9913134945848219, 0.1308591707452026, 0.01316939200970262, 9.853753733675809e-05, -0.13152017122919737, 0.9863341375587105, 0.09923413548853696, -0.14686074596397286, -3.724230415515451e-06, -0.10010417832534602, 0.994976961274952, 0.01623626550639376, 0.0, 0.0, 0.0, 1.0]}, {"left_foot_pose": [0.9999999999932023, 3.6836692909036746e-06, 1.639217885873029e-07, 9.907826957951148e-05, -3.6873147133185324e-06, 0.9990113657657883, 0.04445549524163608, -0.00026583185523516677, -3.874124348625968e-13, -0.04445549524193851, 0.9990113657725799, 3.0584708168857055e-09, 0.0, 0.0, 0.0, 1.0], "right_foot_pose": [0.9898635807622755, 0.14170098888851215, 0.009535262372037421, 9.85349619147043e-05, -0.14202144724569338, 0.9876308246527147, 0.06644744327690455, -0.14739079836851143, -1.6506183245902266e-06, -0.06712811589651928, 0.9977443640800275, 0.007054911347615218, 0.0, 0.0, 0.0, 1.0]}, {"left_foot_pose": [0.9999999999932023, 3.687159068445387e-06, 3.3842751934117084e-08, 9.907872234425792e-05, -3.6873143784381952e-06, 0.9999578810797543, 0.009178020096552124, -0.000265832021970799, -5.066864729795446e-13, -0.009178020096614743, 0.9999578810865524, 3.98432608433863e-09, 0.0, 0.0, 0.0, 1.0], "right_foot_pose": [0.9890277092881739, 0.14765745475442454, 0.004633175545169728, 9.853515222285657e-05, -0.14773012644721956, 0.9885412432849111, 0.031016448291361347, -0.14767928455852236, -2.753035548257793e-07, -0.03136058641300047, 0.999508135844705, 0.0008809548132036535, 0.0, 0.0, 0.0, 1.0]}, {"left_foot_pose": [0.9999999999932021, 3.6857285421515483e-06, -1.0807576755762901e-07, 9.908264413777488e-05, -3.6873127417418444e-06, 0.9995703667305056, -0.02931009963557055, -0.00026583253030558647, 2.635267458658519e-13, 0.029310099635769592, 0.9995703667373008, 4.2814923967293694e-09, 0.0, 0.0, 0.0, 1.0], "right_foot_pose": [0.9889194742723756, 0.14844958702574768, -0.0009967530955069476, 9.853926567757838e-05, -0.14845293329822895, 0.9888971830723216, -0.006639872497197302, -0.14771583244693717, -1.747312186490627e-12, 0.0067142701399658935, 0.9999774590341965, 4.838886895341954e-09, 0.0, 0.0, 0.0, 1.0]}, {"left_foot_pose": [0.9999999999932024, 3.6789646426194997e-06, -2.47974566436397e-07, 9.908378969401287e-05, -3.6873123307734113e-06, 0.9977361148377196, -0.06725061438334616, -0.00026583275647150927, 5.477343640086278e-13, 0.06725061438380307, 0.9977361148445024, 4.156385020881448e-09, 0.0, 0.0, 0.0, 1.0], "right_foot_pose": [0.9889194742724821, 0.14830278116116957, -0.006675215689369107, 9.854020737183958e-05, -0.14845293329751802, 0.9879192355534862, -0.04446696097978988, -0.14771583187860834, -2.0919276509195763e-12, 0.044965199024109094, 0.9989885539267815, 4.645596671237762e-09, 0.0, 0.0, 0.0, 1.0]}, {"left_foot_pose": [0.9999999842828461, 0.00017629878418204197, -1.8789542880818298e-05, 0.00011182984480121092, -0.0001772961365672047, 0.9947347756245584, -0.10248265574837451, -0.0002667853570966251, 6.230441132152809e-07, 0.10248265746895194, 0.9947347912472522, 0.00010768058497748201, 0.0, 0.0, 0.0, 1.0], "right_foot_pose": [0.988919474272179, 0.1479744878220339, -0.011909003276658853, 9.85352590985502e-05, -0.14845293329953674, 0.9857323088881674, -0.07933184611973841, -0.1477158327650413, -1.086986404894586e-12, 0.08022073402686677, 0.9967771234494655, 3.151569519244113e-09, 0.0, 0.0, 0.0, 1.0]}, {"left_foot_pose": [0.999966480729322, 0.008111169883320607, -0.0011163964077979703, 0.0007002029116068187, -0.008187636319369378, 0.9907172740283593, -0.13569172986339198, -0.00031071072539548897, 5.414533184890122e-06, 0.13569632222334496, 0.9907504772170145, 0.004603417374805352, 0.0, 0.0, 0.0, 1.0], "right_foot_pose": [0.988919474272089, 0.14754600375763025, -0.016384449352000684, 9.853465018623987e-05, -0.14845293330013687, 0.9828779615411457, -0.10914503796008114, -0.14771583310199307, -9.162629126148741e-13, 0.1103679731257025, 0.9938907940554255, 2.079217617523277e-09, 0.0, 0.0, 0.0, 1.0]}, {"left_foot_pose": [0.9996473356536215, 0.026175980329785523, -0.004474636788765081, 0.0020495785923746596, -0.026555680988055802, 0.9854256687688485, -0.16802097231812796, -0.0004114342130092305, 1.130828367541828e-05, 0.1680805443388471, 0.9857732652526549, 0.013203853201738815, 0.0, 0.0, 0.0, 1.0], "right_foot_pose": [0.988919474272042, 0.14710517264013873, -0.01995849663733757, 9.85343977298477e-05, -0.14845293330044917, 0.9799413642806374, -0.13295356018661444, -0.14771583304312805, -5.90003017758079e-13, 0.13444326221242284, 0.9909212931639333, 1.1903346919250879e-09, 0.0, 0.0, 0.0, 1.0]}, {"left_foot_pose": [0.9985908248699379, 0.05202213840068805, -0.010491024821149244, 0.003998644226813825, -0.0530694279460037, 0.9789490475196843, -0.19708474871939757, -0.0005569131832089853, 1.7408681624060702e-05, 0.19736377447881298, 0.9803303219937733, 0.022454530505645186, 0.0, 0.0, 0.0, 1.0], "right_foot_pose": [0.9889194742720231, 0.14672532686609535, -0.022582113753647114, 9.853446728969257e-05, -0.14845293330057566, 0.9774110209933556, -0.1504307901833299, -0.14771583274857616, -2.3388724872126556e-13, 0.15211631896927963, 0.9883625981911883, 5.445957990124484e-10, 0.0, 0.0, 0.0, 1.0]}, {"left_foot_pose": [0.9963387137929756, 0.08343713829125475, -0.018638973982657667, 0.0063860885999552156, -0.08549366583436273, 0.9724289794223148, -0.21696246929337412, -0.0007351096465819974, 2.235089299147381e-05, 0.2177616218102768, 0.9760019854318926, 0.02890100390041251, 0.0, 0.0, 0.0, 1.0], "right_foot_pose": [0.9889194742720215, 0.14646445597492153, -0.024216451877145787, 9.853482173431249e-05, -0.1484529333005846, 0.9756732290967597, -0.16131793644339257, -0.14771583241935649, 6.259781820520402e-14, 0.16312545221354183, 0.986605334893405, 1.6506678662819851e-10, 0.0, 0.0, 0.0, 1.0]}, {"left_foot_pose": [0.9925825745934882, 0.11851633066147645, -0.02708711833884822, 0.009050607370828485, -0.12157233241112102, 0.9676767729268344, -0.22095662725980578, -0.0009339923026021636, 2.4606563855948397e-05, 0.22261074211378135, 0.9749074093933585, 0.030000000197574615, 0.0, 0.0, 0.0, 1.0], "right_foot_pose": [0.98891947427202, 0.1463619673652825, -0.02482836914731414, 9.853533654277831e-05, -0.1484529333005963, 0.9749905010449487, -0.16539422440511217, -0.1477158323044693, 2.814088328586036e-13, 0.16724741367532073, 0.9859149570926066, 6.584191525327299e-11, 0.0, 0.0, 0.0, 1.0]}, {"left_foot_pose": [0.9872710192667348, 0.15520153417674326, -0.03476231156308489, 0.011830892095710217, -0.15904695507418962, 0.9634344550815699, -0.21563422001924537, -0.0011415178830390844, 2.444693016403018e-05, 0.21841825599263628, 0.9758552478987261, 0.030000000308067404, 0.0, 0.0, 0.0, 1.0], "right_foot_pose": [0.9889194742720142, 0.14642544926548418, -0.024451200644630494, 9.853583774666833e-05, -0.14845293330063522, 0.975413385833842, -0.16288171576514762, -0.14771583231707977, 4.368144354138435e-13, 0.16470675318141106, 0.9863425801700124, 1.8127822160041163e-10, 0.0, 0.0, 0.0, 1.0]}, {"left_foot_pose": [0.9806667191131059, 0.19157859808371888, -0.03988015521804223, 0.014565629767514547, -0.19568542498315053, 0.9601082232111442, -0.19974837714360716, -0.0013456440582363671, 2.1750905109011696e-05, 0.20369055078382473, 0.9790353206336743, 0.029955121647993167, 0.0, 0.0, 0.0, 1.0], "right_foot_pose": [0.9889194742713135, 0.14672466926770636, -0.022586386059540928, 9.853602584960781e-05, -0.1484529333053019, 0.9774066403819676, -0.15045925006554753, -0.147715832534572, 1.2691329494225756e-11, 0.15214509773738205, 0.9883581684968675, 5.469707464733631e-10, 0.0, 0.0, 0.0, 1.0]}, {"left_foot_pose": [0.973352906404155, 0.22565511989669784, -0.04079076438352126, 0.017093513681743826, -0.22931227465732665, 0.9578426386488288, -0.17307039110643105, -0.0015343385370287337, 1.691353392441232e-05, 0.17781239116174458, 0.9840644050382455, 0.025808427791355025, 0.0, 0.0, 0.0, 1.0], "right_foot_pose": [0.9889194742721287, 0.14709506789262553, -0.02003283322449339, 9.853628010794962e-05, -0.14845293329987277, 0.9798740514922519, -0.13344875348546076, -0.14771583293894258, 4.227474767570321e-13, 0.1349440039935958, 0.9908532261572228, 1.2736184815120843e-09, 0.0, 0.0, 0.0, 1.0]}, {"left_foot_pose": [0.9661908397787512, 0.2552353682075176, -0.03647146752745145, 0.01925323270652647, -0.2578279678564698, 0.956481242541024, -0.13663224970036486, -0.001695550377082855, 1.0892016657240986e-05, 0.14141619243620135, 0.9899502312733768, 0.017353830271515762, 0.0, 0.0, 0.0, 1.0], "right_foot_pose": [0.9889194742721719, 0.14754339606846578, -0.016407915219023236, 9.853633405746331e-05, -0.14845293329958414, 0.9828605904199712, -0.10930135586558382, -0.14771583333027877, 4.3393641381261094e-13, 0.1105260425234235, 0.9938732282963004, 2.26260599839323e-09, 0.0, 0.0, 0.0, 1.0]}, {"left_foot_pose": [0.9602310789408319, 0.2777626064760457, -0.02835858740770645, 0.02088347341854637, -0.27920650960834226, 0.9552672298671566, -0.09751022784434815, -0.001817232931792017, 5.334191786070478e-06, 0.1015502534982733, 0.9948304106660512, 0.008045774495173477, 0.0, 0.0, 0.0, 1.0], "right_foot_pose": [0.9889194742722105, 0.1479858638867711, -0.011766796287006049, 9.853613516421899e-05, -0.1484529332993249, 0.9858080905654677, -0.07838453400061056, -0.14771583349885523, 3.238753453476076e-13, 0.07926280757929752, 0.9968537542361201, 3.375978448183492e-09, 0.0, 0.0, 0.0, 1.0]}, {"left_foot_pose": [0.956581638031892, 0.29091668191406467, -0.01786208174694057, 0.021822927899146426, -0.2914645257633627, 0.9547839028242681, -0.05861850500650318, -0.0018873470570659554, 1.3271476551074592e-06, 0.0612795487236197, 0.9981206424608546, 0.0013387093472133627, 0.0, 0.0, 0.0, 1.0], "right_foot_pose": [0.9889194742722227, 0.148321186854191, -0.0062529141457689985, 9.85356687563158e-05, -0.14845293329924533, 0.9880418450985471, -0.04165379849555812, -0.147715833265374, -1.8226300525581833e-14, 0.042120515956276014, 0.9991125372727425, 4.342985207572703e-09, 0.0, 0.0, 0.0, 1.0]}, {"left_foot_pose": [0.9559245358378429, 0.2935486509079371, -0.006121383286110081, 0.021987917049573633, -0.29361246871208524, 0.9557167619479002, -0.019929604828396473, -0.001899655357762292, 2.338893119862387e-12, 0.020848512703584003, 0.999782646137674, 5.158225721557663e-09, 0.0, 0.0, 0.0, 1.0], "right_foot_pose": [0.988919474272384, 0.1484527555788957, -0.0002297082148916408, 9.853227854866344e-05, -0.14845293329817136, 0.9889182903951076, -0.0015302016816378173, -0.14771583215777095, -1.0704614075830416e-12, 0.0015473471008391616, 0.9999988028577582, 4.732039933508236e-09, 0.0, 0.0