{"LoopMode": "Wrap", "FrameDuration": 0.0167, "EnableCycleOffsetPosition": true, "EnableCycleOffsetRotation": false, "Debug_info": [{"left_foot_pose": [0.9999999999929869, -3.7449776484008147e-06, -4.9041328276028795e-08, 5.484950842642767e-05, 3.745298738591103e-06, 0.9999142984774446, 0.01309181753360667, -4.869648332571884e-05, 8.561243018559094e-12, -0.013091817533698695, 0.9999142984844578, 1.6933697499776912e-11, 0.0, 0.0, 0.0, 1.0], "right_foot_pose": [0.9999999999111469, -1.3329891080025777e-05, 1.421496743093382e-07, -8.214657627792773e-05, 1.3330648999088792e-05, 0.9999431376514287, -0.010664018290942216, -0.14029878861850428, 8.610942000420152e-12, 0.01066401829188948, 0.999943137740277, 1.4449295926421968e-11, 0.0, 0.0, 0.0, 1.0]}, {"left_foot_pose": [0.9999999999929867, -3.745107133679118e-06, -3.788036417866123e-08, 5.4849510105642455e-05, 3.745298701949603e-06, 0.9999489026308678, 0.010109011489591363, -4.869648241055506e-05, 1.9097511371076288e-11, -0.010109011489662508, 0.9999489026378812, 3.696757483462321e-11, 0.0, 0.0, 0.0, 1.0], "right_foot_pose": [0.9999999999111469, -1.3329407956851645e-05, 1.8190266659620605e-07, -8.21465747582652e-05, 1.3330649086285106e-05, 0.9999068768206295, -0.013646886425410898, -0.14029878862034975, 1.918901057757402e-11, 0.013646886426623062, 0.9999068769094744, 3.32108021638966e-11, 0.0, 0.0, 0.0, 1.0]}, {"left_foot_pose": [0.9999999999929868, -3.745232069636677e-06, -2.2340822636230346e-08, 5.484951237625224e-05, 3.745298702258885e-06, 0.999982262343996, 0.005956087923866902, -4.869648076659752e-05, 3.349470300585266e-11, -0.005956087923908978, 0.9999822623510098, 6.426171400564229e-11, 0.0, 0.0, 0.0, 1.0], "right_foot_pose": [0.9999999999111469, -1.33285375306533e-05, 2.3726958842126797e-07, -8.214657263790154e-05, 1.3330649255163574e-05, 0.9998415437260231, -0.017801327530742563, -0.14029878862246356, 3.367046860906489e-11, 0.017801327532323673, 0.9998415438148622, 5.913107503641157e-11, 0.0, 0.0, 0.0, 1.0]}, {"left_foot_pose": [0.9999999999929867, -3.7452979408770705e-06, -2.51853460301927e-09, 5.484951519837095e-05, 3.7452987876510146e-06, 0.9999997830499974, 0.0006587001834970711, -4.869647826048415e-05, 5.150551548782451e-11, -0.0006587001835020573, 0.9999997830570112, 9.84814174653792e-11, 0.0, 0.0, 0.0, 1.0], "right_foot_pose": [0.9999999999111467, -1.3327092644798552e-05, 3.0792709293522815e-07, -8.214656994136576e-05, 1.3330649551191928e-05, 0.9997330883866664, -0.023103069214964293, -0.14029878862463901, 5.183993258133093e-11, 0.023103069217016232, 0.9997330884754959, 9.177654469727514e-11, 0.0, 0.0, 0.0, 1.0]}, {"left_foot_pose": [0.9999999999929868, -3.7452371375452767e-06, 2.152934458495243e-08, 5.484951859791661e-05, 3.7452990169331323e-06, 0.9999833653201385, -0.005767934550965829, -4.869647466952329e-05, 7.32960380294256e-11, 0.005767934551005833, 0.9999833653271519, 1.4010015370047313e-10, 0.0, 0.0, 0.0, 1.0], "right_foot_pose": [0.9999999999111469, -1.3324835250869823e-05, 3.93695206046901e-07, -8.214656662765582e-05, 1.333065003570363e-05, 0.9995636395013144, -0.029538625715825027, -0.1402987886266826, 7.39079006416099e-11, 0.029538625718448498, 0.9995636395901291, 1.3147134075852662e-10, 0.0, 0.0, 0.0, 1.0]}, {"left_foot_pose": [0.9999999999929868, -3.7449678990456346e-06, 4.9835113980006356e-08, 5.4849522674784655e-05, 3.7452994668076323e-06, 0.9999111168417356, -0.013332606732606564, -4.8696469644914087e-05, 9.949943090943394e-11, 0.013332606732699525, 0.9999111168487488, 1.9051005217818329e-10, 0.0, 0.0, 0.0, 1.0], "right_foot_pose": [0.9999999999111469, -1.3321467785865716e-05, 4.947187322580092e-07, -8.21465625787432e-05, 1.3330650793777874e-05, 0.9993108557071299, -0.03711891011570377, -0.14029878862838518, 1.0056554224165698e-10, 0.03711891011900041, 0.9993108557959218, 1.794031659341222e-10, 0.0, 0.0, 0.0, 1.0]}, {"left_foot_pose": [0.9999999999929867, -3.7443906838465957e-06, 8.2536897483348e-08, 5.484952760533358e-05, 3.7453002440404306e-06, 0.9997563729885179, -0.02207248637596473, -4.86964626676481e-05, 1.3122303094401366e-10, 0.02207248637611886, 0.99975637299553, 2.5208334725190795e-10, 0.0, 0.0, 0.0, 1.0], "right_foot_pose": [0.9999999999111466, -1.3316618052390658e-05, 6.115267693896641e-07, -8.214655759273232e-05, 1.3330651946815443e-05, 0.9989467883245225, -0.045883699920726696, -0.14029878862947182, 1.3300418259681663e-10, 0.04588369992480168, 0.9989467884132821, 2.376594823716438e-10, 0.0, 0.0, 0.0, 1.0]}, {"left_foot_pose": [0.9999999999929867, -3.743382442061466e-06, 1.1988018649995942e-07, 5.4849533643649096e-05, 3.7453015019216186e-06, 0.9994861535471127, -0.03205353106243995, -4.869645299634094e-05, 1.7003863703932652e-10, 0.032053531062663954, 0.9994861535541231, 3.2821157597284767e-10, 0.0, 0.0, 0.0, 1.0], "right_foot_pose": [0.9999999999111466, -1.3309817530389974e-05, 7.45039991090296e-07, -8.214655137773691e-05, 1.3330653669365504e-05, 0.9984362502348272, -0.055902182777699684, -0.14029878862953213, 1.7291707904819414e-10, 0.05590218278266431, 0.9984362503235417, 3.092273451188454e-10, 0.0, 0.0, 0.0, 1.0]}, {"left_foot_pose": [0.9999999999929867, -3.741789149569533e-06, 1.6220979148780464e-07, 5.484954112356191e-05, 3.7453034605150712e-06, 0.9990591514423691, -0.04336832836560106, -4.8696439608152814e-05, 2.179635253562521e-10, 0.043368328365904235, 0.9990591514493764, 4.233596667679862e-10, 0.0, 0.0, 0.0, 1.0], "right_foot_pose": [0.9999999999111466, -1.3300473811027749e-05, 8.965441624098902e-07, -8.214654354398144e-05, 1.333065620985726e-05, 0.9977347426071632, -0.06727096860393614, -0.14029878862793177, 2.224968675293855e-10, 0.06727096860991028, 0.9977347426958153, 3.979918061780552e-10, 0.0, 0.0, 0.0, 1.0]}, {"left_foot_pose": [0.9999999999929868, -3.739417295429242e-06, 2.0994902688594118e-07, 5.484955044727082e-05, 3.7453064265655954e-06, 0.9984234408017014, -0.05613049833793412, -4.869642116611152e-05, 2.773262788019316e-10, 0.056130498338326576, 0.9984234408087042, 5.42943655312822e-10, 0.0, 0.0, 0.0, 1.0], "right_foot_pose": [0.9999999999111466, -1.328783976155544e-05, 1.0676179933445106e-06, -8.214653360911406e-05, 1.3330659909759922e-05, 0.9967861361599647, -0.08010866733120746, -0.14029878862370548, 2.843203768726337e-10, 0.08010866733832145, 0.9967861362485325, 5.085457541187388e-10, 0.0, 0.0, 0.0, 1.0]}, {"left_foot_pose": [0.9999999999929865, -3.736026290834613e-06, 2.6355383669914247e-07, 5.4849562016313394e-05, 3.745310794923936e-06, 0.9975144435576638, -0.07046229402891897, -4.869639612391577e-05, 3.502239988691329e-10, 0.0704622940294117, 0.9975144435646602, 6.924598117130643e-10, 0.0, 0.0, 0.0, 1.0], "right_foot_pose": [0.9999999999111467, -1.3270987551115985e-05, 1.2599699243943383e-06, -8.214652106575891e-05, 1.333066519960322e-05, 0.9955207214790279, -0.09454360331703739, -0.1402987886154668, 3.6081427834273864e-10, 0.09454360332543298, 0.9955207215674837, 6.45279600586246e-10, 0.0, 0.0, 0.0, 1.0]}, {"left_foot_pose": [0.9999999999929867, -3.7313273915542608e-06, 3.2341207140136826e-07, 5.484957602296663e-05, 3.7453169802368805e-06, 0.9962546882513325, -0.08646731245513313, -4.869636322479831e-05, 4.370588093725172e-10, 0.08646731245573781, 0.9962546882583202, 8.747765012362407e-10, 0.0, 0.0, 0.0, 1.0], "right_foot_pose": [0.9999999999111466, -1.3248810725328163e-05, 1.4750743072001468e-06, -8.214650560704528e-05, 1.3330672512844859e-05, 0.9938553811639542, -0.11068640907421501, -0.1402987886014733, 4.527456261359095e-10, 0.11068640908404376, 0.9938553812522624, 8.097728668166049e-10, 0.0, 0.0, 0.0, 1.0]}, {"left_foot_pose": [0.9999999999929865, -3.725004545402331e-06, 3.896175171936461e-07, 5.484959186484768e-05, 3.74532513836152e-06, 0.9945595945899318, -0.1041691547200226, -4.869632306742956e-05, 5.327347868648774e-10, 0.10416915472075106, 0.9945595945969076, 1.0824970780864973e-09, 0.0, 0.0, 0.0, 1.0], "right_foot_pose": [0.9999999999111464, -1.3220118108621311e-05, 1.7133472856035445e-06, -8.214648778398829e-05, 1.333068195633557e-05, 0.9917007073188333, -0.12856790783713795, -0.1402987885802597, 5.552111760765223e-10, 0.12856790784855418, 0.9917007074069503, 9.937789618996717e-10, 0.0, 0.0, 0.0, 1.0]}, {"left_foot_pose": [0.9999999999929864, -3.716796611822593e-06, 4.614678283388511e-07, 5.4849606619325555e-05, 3.745334328429389e-06, 0.9923601245878994, -0.12337496955972097, -4.869628226592329e-05, 6.173969228914513e-10, 0.12337496956058384, 0.99236012459486, 1.278057777664987e-09, 0.0, 0.0, 0.0, 1.0], "right_foot_pose": [0.9999999999111461, -1.3183981693396469e-05, 1.972304602360169e-06, -8.214647074915031e-05, 1.3330692342079932e-05, 0.9889873305392519, -0.14800020221316282, -0.14029878855293382, 6.476925059623864e-10, 0.14800020222630447, 0.9889873306271285, 1.1615581552160137e-09, 0.0, 0.0, 0.0, 1.0]}, {"left_foot_pose": [0.9999999999929867, -3.706738249132805e-06, 5.363466253905538e-07, 5.484961172263606e-05, 3.7453405380900585e-06, 0.989668838108736, -0.14337221091438096, -4.869626225458348e-05, 6.377162579672672e-10, 0.143372210915384, 0.9896688381156779, 1.3504401277786293e-09, 0.0, 0.0, 0.0, 1.0], "right_foot_pose": [0.9999999999111462, -1.3140735963926576e-05, 2.2424524476206398e-06, -8.214646408063239e-05, 1.3330698938986938e-05, 0.9857414586174521, -0.16826698007936786, -0.1402987885291737, 6.736098676670296e-10, 0.16826698009431007, 0.9857414587050406, 1.2127776075065988e-09, 0.0, 0.0, 0.0, 1.0]}, {"left_foot_pose": [0.9999999999929479, -3.7057511005726055e-06, 6.098510975661322e-07, 5.4701259973962e-05, 3.755597052317474e-06, 0.9867014412964377, -0.16254311960039727, -4.8965432993423874e-05, 6.033873544009933e-10, 0.16254311960154114, 0.9867014413033962, 0.00026217775093586443, 0.0, 0.0, 0.0, 1.0], "right_foot_pose": [0.9999999999111463, -1.3094447323219793e-05, 2.498560660535524e-06, -8.214649173230393e-05, 1.333069224707589e-05, 0.9822705341118385, -0.1874689244593257, -0.14029878863819462, 5.394412740880774e-10, 0.1874689244759758, 0.9822705341991181, 9.212832649541092e-10, 0.0, 0.0, 0.0, 1.0]}, {"left_foot_pose": [0.9999999999918604, -3.964855594290605e-06, 7.483703515221634e-07, 5.066016369565885e-05, 4.034865210164796e-06, 0.9826075208779868, -0.18569453383914608, -5.626127974123207e-05, 8.976751800235991e-10, 0.18569453384065387, 0.982607520885986, 0.006705937603253484, 0.0, 0.0, 0.0, 1.0], "right_foot_pose": [0.9999999999111463, -1.3051169874902754e-05, 2.7155063085927114e-06, -8.214648057189285e-05, 1.3330679258339989e-05, 0.9790271368929487, -0.20372988256387084, -0.1402987889400717, 3.5893949129022795e-10, 0.20372988258196817, 0.9790271369799395, 5.37349512108598e-10, 0.0, 0.0, 0.0, 1.0]}, {"left_foot_pose": [0.9999999999892205, -4.536223907848513e-06, 9.910919469558762e-07, 4.1851463663858226e-05, 4.643230508592643e-06, 0.9769074140318282, -0.2136630627602422, -7.213832538773002e-05, 1.018422316442852e-09, 0.2136630627625406, 0.9769074140423603, 0.01835168423171652, 0.0, 0.0, 0.0, 1.0], "right_foot_pose": [0.9999999999111464, -1.3015990469069424e-05, 2.879340476602625e-06, -8.214647362836854e-05, 1.3330664253595197e-05, 0.9763918916651293, -0.21600665201072816, -0.14029878895286738, 1.7582886624425714e-10, 0.21600665202991862, 0.9763918917518856, 2.8619933506446316e-10, 0.0, 0.0, 0.0, 1.0]}, {"left_foot_pose": [0.9999999999848206, -5.346742796639035e-06, 1.3313180198816087e-06, 2.929425782479095e-05, 5.5099969130719376e-06, 0.9703504717870575, -0.24170221735076353, -9.474802297090856e-05, 4.745206175992903e-10, 0.24170221735442982, 0.9703504718017881, 0.030593480281319155, 0.0, 0.0, 0.0, 1.0], "right_foot_pose": [0.9999999999111466, -1.2993400727129904e-05, 2.9795702583546846e-06, -8.214651200325413e-05, 1.3330652698953802e-05, 0.9747002937404179, -0.2235158544815935, -0.14029878877741342, 4.305997943133172e-11, 0.22351585450145295, 0.9747002938270233, 1.0102551434298945e-10, 0.0, 0.0, 0.0, 1.0]}, {"left_foot_pose": [0.9999999999784539, -6.338848397887181e-06, 1.7063632645754077e-06, 1.4010914187041326e-05, 6.564501053442437e-06, 0.9656540352375264, -0.2598312609875685, -0.0001222521278535678, -7.255999262752458e-10, 0.25983126099317133, 0.9656540352583316, 0.03882540265096895, 0.0, 0.0, 0.0, 1.0], "right_foot_pose": [0.9999999999111469, -1.2986846324733513e-05, 3.007993724213425e-06, -8.2146562677681e-05, 1.3330649035577247e-05, 0.9742095873678428, -0.22564503030838395, -0.14029878860633482, 1.0074172504367752e-12, 0.22564503032843305, 0.9742095874544043, 8.04937366760683e-12, 0.0, 0.0, 0.0, 1.0]}, {"left_foot_pose": [0.9999999999700757, -7.475224650799849e-06, 1.9926833157991812e-06, -2.9659965521491636e-06, 7.736263293869224e-06, 0.9662842200739257, -0.2574777776358115, -0.00015282259626141909, -7.942134535587912e-10, 0.25747777764352225, 0.9662842201028402, 0.04000000017146609, 0.0, 0.0, 0.0, 1.0], "right_foot_pose": [0.9999999999111464, -1.2998028497211994e-05, 2.9593291933639185e-06, -8.214656572210428e-05, 1.3330655426008959e-05, 0.975046786775309, -0.22199946716476374, -0.14029878859715564, 7.097940868375792e-11, 0.22199946718448801, 0.9750467868619451, 1.1725181936483864e-10, 0.0, 0.0, 0.0, 1.0]}, {"left_foot_pose": [0.9999999999599081, -8.679403668471002e-06, 2.202835983955585e-06, -2.061536571666284e-05, 8.954581742986995e-06, 0.9692826711060276, -0.24594939197603397, -0.00018460918395480502, -4.766916710868509e-10, 0.24594939198589857, 0.9692826711448874, 0.04000000057470019, 0.0, 0.0, 0.0, 1.0], "right_foot_pose": [0.9999999999111465, -1.302481938417877e-05, 2.8391624741775647e-06, -8.214653750996061e-05, 1.3330670031568476e-05, 0.9770528143269382, -0.21299717800502113, -0.1402987885614001, 2.3808697899818816e-10, 0.2129971780239434, 0.9770528144137536, 4.0371316012421943e-10, 0.0, 0.0, 0.0, 1.0]}, {"left_foot_pose": [0.9999999999485011, -9.88360190630041e-06, 2.305042287265199e-06, -3.7915483525235705e-05, 1.0148832763205186e-05, 0.9738574951748551, -0.22715980936063332, -0.00021576845110371848, 3.744165471423027e-10, 0.227159809372328, 0.9738574952250093, 0.03985643125624282, 0.0, 0.0, 0.0, 1.0], "right_foot_pose": [0.9999999999111462, -1.306550322502417e-05, 2.6457509652023376e-06, -8.214649762348534e-05, 1.3330692871119289e-05, 0.9800990908182156, -0.19850887133727843, -0.14029878859708747, 5.201829571983989e-10, 0.19850887135490972, 0.9800990909053022, 8.687850022726096e-10, 0.0, 0.0, 0.0, 1.0]}, {"left_foot_pose": [0.9999999999367366, -1.1041479004725992e-05, 2.1477538074689863e-06, -5.383768965001419e-05, 1.1248426469117162e-05, 0.9815571091957963, -0.19116914306620159, -0.00024446908416925553, 2.6470608710774537e-09, 0.19116914307826618, 0.9815571092578986, 0.03386213180753359, 0.0, 0.0, 0.0, 1.0], "right_foot_pose": [0.9999999999111456, -1.3118473937153895e-05, 2.3693507792411367e-06, -8.214642753129788e-05, 1.3330723185568572e-05, 0.9840654900541658, -0.1778063865746862, -0.14029878911729265, 9.521121851426471e-10, 0.17780638659047238, 0.9840654901416062, 1.5890352575431699e-09, 0.0, 0.0, 0.0, 1.0]}, {"left_foot_pose": [0.9999999999257942, -1.2054775744802313e-05, 1.759187973404908e-06, -6.736688848860758e-05, 1.2182460745887426e-05, 0.9894799815412296, -0.14466985166494184, -0.0002688483478982054, 3.2813353723389512e-09, 0.14466985167563742, 0.9894799816146609, 0.022394899307878108, 0.0, 0.0, 0.0, 1.0], "right_foot_pose": [0.9999999999111455, -1.317851639668247e-05, 2.008873697390085e-06, -8.214632081124284e-05, 1.3330748884559326e-05, 0.9885638495563223, -0.15080290173825125, -0.14029878952234445, 1.458597488527048e-09, 0.1508029017516313, 0.9885638496441632, 2.530984852255891e-09, 0.0, 0.0, 0.0, 1.0]}, {"left_foot_pose": [0.9999999999170477, -1.281840195737796e-05, 1.262418147130149e-06, -7.74823290683444e-05, 1.2880416127380924e-05, 0.9951628763378955, -0.09823873672326142, -0.00028705743226735414, 2.951940507754526e-09, 0.09823873673137255, 0.9951628764204506, 0.010060658885103872, 0.0, 0.0, 0.0, 1.0], "right_foot_pose": [0.9999999999111453, -1.3237939979775167e-05, 1.5703772672238387e-06, -8.214623285608868e-05, 1.3330759008321557e-05, 0.9930196810693857, -0.11794877206290412, -0.14029878959601888, 1.9832321592037006e-09, 0.117948772073358, 0.993019681157623, 3.5290854474845368e-09, 0.0, 0.0, 0.0, 1.0]}, {"left_foot_pose": [0.9999999999119311, -1.3251701677915279e-05, 7.290190622846509e-07, -8.315692264515125e-05, 1.3271739128384115e-05, 0.998479489149649, -0.055124491574235435, -0.0002972574297217725, 2.582736631362908e-09, 0.05512449157905582, 0.9984794892375868, 0.0014653390886448237, 0.0, 0.0, 0.0, 1.0], "right_foot_pose": [0.9999999999111453, -1.3288025295780116e-05, 1.06634208446596e-06, -8.21461929937944e-05, 1.3330742511008808e-05, 0.9967810907052366, -0.08017142280619942, -0.1402987891792384, 2.4102681286809e-09, 0.08017142281329084, 0.9967810907938073, 4.3342994748840624e-09, 0.0, 0.0, 0.0, 1.0]}, {"left_foot_pose": [0.9999999999111471, -1.3329353291355827e-05, 1.871578040327002e-07, -8.40124985720915e-05, 1.3330666932011883e-05, 0.9998987640588598, -0.014228895103222358, -0.0002987881577166847, 2.5231125833747384e-09, 0.014228895104452839, 0.9998987641477047, 4.651250280762742e-09, 0.0, 0.0, 0.0, 1.0], "right_foot_pose": [0.9999999999111462, -1.3320342733932002e-05, 5.253613388212787e-07, -8.214617967549579e-05, 1.3330698729009954e-05, 0.999215582637933, -0.03960074792006156, -0.14029878880295538, 2.5462983502681662e-09, 0.039600747923546155, 0.9992155827267185, 4.619792999538408e-09, 0.0, 0.0, 0.0, 1.0]}, {"left_foot_pose": [0.9999999999111477, -1.3325966550693644e-05, -3.521750415733333e-07, -8.401251896952645e-05, 1.3330619126595045e-05, 0.999655594342238, 0.026242951864491694, -0.00029878836555868003, 2.341051812197385e-09, -0.02624295186685483, 0.9996555944310597, 4.244893242466574e-09, 0.0, 0.0, 0.0, 1.0], "right_foot_pose": [0.999999999911147, -1.3330640814276628e-05, -1.4273412507398731e-08, -8.21462136565744e-05, 1.3330648252290827e-05, 0.9999995985033873, 0.000895999641726614, -0.1402987889589914, 2.329157246901262e-09, -0.000895999641837427, 0.9999995985922403, 4.313496324015453e-09, 0.0, 0.0, 0.0, 1.0]}, {"left_foot_pose": [0.999999999911148, -1.3303540756248974e-05, -8.488254721880875e-07, -8.401265223313966e-05, 1.3330592558181768e-05, 0.9979794754464463, 0.06353712623287286, -0.0002987884482942363, 1.84165102963914e-09, -0.06353712623854295, 0.9979794755351177, 3.286358470078188e-09, 0.0, 0.0, 0.0, 1.0], "right_foot_pose": [0.9999999987597608, -4.976523095132265e-05, -1.9748582782416458e-06, -8.214616839798498e-05, 4.980434045891296e-05, 0.9992737436806849, 0.038104890892330275, -0.1403006112306782, 7.712532929324042e-08, -0.038104890943427755, 0.9992737449198712, 5.9842103284669934e-05, 0.0, 0.0, 0.0, 1.0]}, {"left_foot_pose": [0.9999999999111482, -1.3269684838980817e-05, -1.2728001883008622e-06, -8.401319730872243e-05, 1.3330587174673312e-05, 0.9954405251251283, 0.09538427942226665, -0.0002987879403449252, 1.2775612140874918e-09, -0.09538427943075889, 0.995440525213574, 2.257426141849539e-09, 0.0, 0.0, 0.0, 1.0], "right_foot_pose": [0.9999929115034816, -0.003754990267877529, -0.0002774723016341939, -8.213814166580791e-05, 0.0037652278523997284, 0.9973015530707334, 0.07331736016744257, -0.14048636947858648, 1.4175834586544345e-06, -0.07331788520402881, 0.9973086220960887, 0.0055887868036496105, 0.0, 0.0, 0.0, 1.0]}, {"left_foot_pose": [0.999999999911148, -1.3232482805751404e-05, -1.6143828526768691e-06, -8.4013495172212e-05, 1.3330597614378534e-05, 0.9926459753763014, 0.12105357240299446, -0.0002987879237680534, 6.713257844269109e-10, -0.12105357241375941, 0.9926459754644995, 1.3903255907665724e-09, 0.0, 0.0, 0.0, 1.0], "right_foot_pose": [0.9999181327296688, -0.012717198437951547, -0.001414461841763546, -8.212367709942313e-05, 0.012795617408846443, 0.993821759108622, 0.11024782672402293, -0.14093789423578343, 3.6794659710138206e-06, -0.1102568999479559, 0.9939031220397326, 0.01686159782474765, 0.0, 0.0, 0.0, 1.0]}, {"left_foot_pose": [0.9999999999111473, -1.319909454631374e-05, -1.8679312645539503e-06, -8.401356524939414e-05, 1.333061379098011e-05, 0.9901353059238548, 0.14011450954619248, -0.00029878823505179956, 1.2003491419655844e-10, -0.14011450955864377, 0.9901353060118305, 7.071010166281866e-10, 0.0, 0.0, 0.0, 1.0], "right_foot_pose": [0.9996612589594251, -0.025738366393085216, -0.0038605480274674065, -8.21110490218465e-05, 0.026026280812385418, 0.9886397507286276, 0.14803403658048356, -0.1415995499047552, 6.536967395277904e-06, -0.1480843670839445, 0.9889747318221108, 0.029272332251272987, 0.0, 0.0, 0.0, 1.0]}, {"left_foot_pose": [0.999999999911148, -1.317533694431842e-05, -2.0287930104776197e-06, -8.401338539549488e-05, 1.3330622813341098e-05, 0.9883477454017173, 0.1522127917805771, -0.00029878865174548085, -3.018215898488454e-10, -0.15221279179409777, 0.9883477454895359, 2.429928758207467e-10, 0.0, 0.0, 0.0, 1.0], "right_foot_pose": [0.9991032810941314, -0.04164482324746541, -0.007638219925363574, -8.210948085016987e-05, 0.04233950425289283, 0.9827501930013095, 0.18002617736181534, -0.1424156966909059, 9.303769687728114e-06, -0.1801881429300384, 0.9836321634944964, 0.03821506665744545, 0.0, 0.0, 0.0, 1.0]}, {"left_foot_pose": [0.9999999999111477, -1.3165192344894239e-05, -2.093554291482142e-06, -8.40130271920348e-05, 1.3330613593573682e-05, 0.9875846883640911, 0.1570875015114081, -0.0002987888328838421, -5.250103283088878e-10, -0.157087501525359, 0.9875846884518419, 8.536492346333802e-11, 0.0, 0.0, 0.0, 1.0], "right_foot_pose": [0.9981612389880775, -0.05944297184008518, -0.011860610465103382, -8.210581354990221e-05, 0.06061469180551083, 0.9789013560800736, 0.19513583525820158, -0.14333068019768416, 1.0913707982250838e-05, -0.19549595434026742, 0.9807045078500858, 0.040000001065562334, 0.0, 0.0, 0.0, 1.0]}, {"left_foot_pose": [0.9999999999111482, -1.31693572840687e-05, -2.0669991001584794e-06, -8.401269087631725e-05, 1.333058349373476e-05, 0.9878993938814442, 0.1550960585926396, -0.0002987888527012485, -5.282511604415592e-10, -0.15509605860641343, 0.9878993939692226, 1.570973490183647e-10, 0.0, 0.0, 0.0, 1.0], "right_foot_pose": [0.9968164321169796, -0.07812648056153264, -0.01591394660805298, -8.209309220839293e-05, 0.07973080040684916, 0.9767870926812204, 0.19882146523414396, -0.144288860434738, 1.1316301533207316e-05, -0.19945733530366144, 0.9799065114925525, 0.040000000824682934, 0.0, 0.0, 0.0, 1.0]}, {"left_foot_pose": [0.999999999911149, -1.3187159741558786e-05, -1.9498603859300087e-06, -8.4012328342693e-05, 1.3330534028506467e-05, 0.98924124782223, 0.14629338135888179, -0.00029878884575782697, -3.118679388518868e-10, -0.14629338137187628, 0.9892412479101261, 4.852348731154699e-10, 0.0, 0.0, 0.0, 1.0], "right_foot_pose": [0.9951301203877423, -0.0966847571499728, -0.01918596445133637, -8.20809630670971e-05, 0.09856999231667002, 0.9761182732712949, 0.19358996151804314, -0.14523460346677433, 1.0572075237999846e-05, -0.19453836207986502, 0.9808949105625508, 0.03998808082783747, 0.0, 0.0, 0.0, 1.0]}, {"left_foot_pose": [0.9999999999111497, -1.3216865073368521e-05, -1.7366401626192908e-06, -8.401185091511585e-05, 1.3330470412146061e-05, 0.9914791795107751, 0.13026525407390724, -0.0002987883235052108, 1.4427645479732438e-10, -0.13026525408548342, 0.9914791795988684, 1.203575752950492e-09, 0.0, 0.0, 0.0, 1.0], "right_foot_pose": [0.9932466964898684, -0.11427911599958088, -0.020032063256627125, -8.206368980000016e-05, 0.116021549039427, 0.9783424203415679, 0.1714208526367034, -0.14611225827487792, 8.393747706978378e-06, -0.17258734660037203, 0.9849942171012922, 0.03494046693069572, 0.0, 0.0, 0.0, 1.0]}, {"left_foot_pose": [0.9999999999111506, -1.325395580727224e-05, -1.4257373681656186e-06, -8.401157769926426e-05, 1.333041900999453e-05, 0.9942702695757311, 0.10689542020172806, -0.0002987877907012562, 7.811015589234341e-10, -0.10689542021123617, 0.9942702696640708, 2.2180380032654767e-09, 0.0, 0.0, 0.0, 1.0], "right_foot_pose": [0.9913843876799029, -0.1297597141896455, -0.017872113416299996, -8.204503894617527e-05, 0.13098471603692002, 0.9821183468581643, 0.13522779643739521, -0.1468661973984862, 5.410267066083598e-06, -0.13640369986920348, 0.9906533352453425, 0.023878046257635642, 0.0, 0.0, 0.0, 1.0]}, {"left_foot_pose": [0.9999999999111505, -1.3291142133874474e-05, -1.0224434104919282e-06, -8.401161077253893e-05, 1.33304106266302e-05, 0.9970629016126296, 0.07658700966942616, -0.00029878753496283966, 1.5115623316540741e-09, -0.07658700967625118, 0.997062901701217, 3.3291905135457434e-09, 0.0, 0.0, 0.0, 1.0], "right_foot_pose": [0.9898137227836917, -0.14170566186125633, -0.013722229613016937, -8.203952699141655e-05, 0.14236851541717277, 0.9852070399585776, 0.09538497907934801, -0.14744079195531323, 2.6456266110337303e-06, -0.09636697469839298, 0.9953458726394961, 0.011406745550469694, 0.0, 0.0, 0.0, 1.0]}, {"left_foot_pose": [0.9999999999111495, -1.3319560027746352e-05, -5.393840351028663e-07, -8.401202159975827e-05, 1.3330476725988546e-05, 0.9991876521265555, 0.040299325802309514, -0.0002987877813891947, 2.176578347896716e-09, -0.04029932580591929, 0.9991876522153333, 4.260229134744886e-09, 0.0, 0.0, 0.0, 1.0], "right_foot_pose": [0.9888239511457956, -0.1488487660125273, -0.008440290099537093, -8.204335793425771e-05, 0.14908787220949093, 0.9872383398247438, 0.055975590574196814, -0.14778040040801657, 6.804017143976534e-07, -0.056608349531067616, 0.9983964617139351, 0.002132490449027191, 0.0, 0.0, 0.0, 1.0]}, {"left_foot_pose": [0.9999999999111425, -1.3331014323485755e-05, -5.912256850506632e-09, -8.401530749709669e-05, 1.3331015503381427e-05, 0.9999999539910578, 0.0003030514265575088, -0.00029878853811672774, 1.872273277828171e-09, -0.0003030514266095745, 0.9999999540799159, 4.6537683706660005e-09, 0.0, 0.0, 0.0, 1.0], "right_foot_pose": [0.9886191400740664, -0.15041864791194157, -0.0025350028710598655, -8.204873297902983e-05, 0.1504400075751558, 0.9884787748861472, 0.016658803089307943, -0.14784878866238094, 1.8957928523083945e-09, -0.016850577435940248, 0.9998580189407271, 5.234781857987869e-09, 0.0, 0.0, 0.0, 1.0]}, {"left_foot_pose": [0.999999999911138, -1.332057540853768e-05, 5.358451517503453e-07, -8.40183777310596e-05, 1.3331348734153832e-05, 0.9991931525723079, -0.04016271498403496, -0.0002987891496240066, -4.2233310019797486e-10, 0.04016271498760936, 0.9991931526610984, 4.720897124610435e-09, 0.0, 0.0, 0.0, 1.0], "right_foot_pose": [0.9886191400945398, -0.1503973734723826, 0.003581325360989167, -8.205171667065195e-05, 0.15044000744061597, 0.9883389702997911, -0.023534739174582785, -0.14784878760952608, -4.6237384298737216e-10, 0.023805668219079642, 0.999716604923937, 5.4972787016938085e-09, 0.0, 0.0, 0.0, 1.0]}, {"left_foot_pose": [0.9999999999111464, -1.3290015442829098e-05, 1.040780696570907e-06, -8.401264704712482e-05, 1.3330706326034422e-05, 0.9969361635484382, -0.07821947092390207, -0.00029878806887347585, 1.9460615385549647e-09, 0.07821947093082611, 0.9969361636370219, 3.829028288881986e-09, 0.0, 0.0, 0.0, 1.0], "right_foot_pose": [0.988619140056898, -0.15015299800519588, 0.009288331562291186, -8.204582326148523e-05, 0.15044000768797983, 0.9867330501191246, -0.06103844599471721, -0.14784878865389356, 1.9267075842025972e-09, 0.06174111266134618, 0.9980921976487639, 3.7207468078781503e-09, 0.0, 0.0, 0.0, 1.0]}, {"left_foot_pose": [0.9999817095424038, -0.006008405728348767, 0.0006925613733211351, -0.000527536302570879, 0.006048186911066153, 0.9934791438428097, -0.11385345925551785, -0.00033235654185178806, -3.967503442864673e-06, 0.11385556556428218, 0.9934973126155386, 0.004551134454454882, 0.0, 0.0, 0.0, 1.0], "right_foot_pose": [0.9886191400473849, -0.1497670488598185, 0.014213620502518733, -8.20450310893301e-05, 0.15044000775049468, 0.9841967781842411, -0.09340506345905886, -0.14784878922689598, 1.1979147222215073e-09, 0.09448033069152757, 0.9955267284771513, 2.465916811023039e-09, 0.0, 0.0, 0.0, 1.0]}, {"left_foot_pose": [0.9997360934038068, -0.02270875882601912, 0.0034721489422456543, -0.0017715209822995626, 0.022972667528586403, 0.9883142232110993, -0.15068925889148044, -0.0004264809250053153, -9.6081468906533e-06, 0.15072925552534322, 0.988575081334979, 0.015387260292822835, 0.0, 0.0, 0.0, 1.0], "right_foot_pose": [0.9886191400469188, -0.14933280332980986, 0.018218391327187847, -8.204475047164043e-05, 0.1504400077535568, 0.9813431265239242, -0.11972247947381945, -0.147848789209263, 3.761619363556793e-10, 0.12110070963421161, 0.9926402259258337, 1.4863410918719566e-09, 0.0, 0.0, 0.0, 1.0]}, {"left_foot_pose": [0.9988208035752827, -0.0476838268944449, 0.009124417676083975, -0.0036524649401428154, 0.04854896584022376, 0.9810843324723355, -0.18739405138146073, -0.0005687858241176826, -1.6157717817612504e-05, 0.18761605802812636, 0.9822424418181674, 0.02790318324706144, 0.0, 0.0, 0.0, 1.0], "right_foot_pose": [0.988619140050457, -0.14893719846164152, 0.02121100752656959, -8.204490015471886e-05, 0.15044000773030622, 0.9787434030274225, -0.13938850420463586, -0.147848788879894, -3.741979703447519e-10, 0.14099312729597122, 0.9900105747189282, 7.426366327445422e-10, 0.0, 0.0, 0.0, 1.0]}, {"left_foot_pose": [0.9967533669870474, -0.07857921469931058, 0.017550852321895846, -0.006006797078073352, 0.08051537062835305, 0.9728444158828109, -0.21700464874793024, -0.0007468968903496867, -2.2193790628444826e-05, 0.2177132276708816, 0.9760127816809389, 0.03749297932882363, 0.0, 0.0, 0.0, 1.0], "right_foot_pose": [0.9886191400537045, -0.14865034735025018, 0.023135906122802273, -8.204538903224022e-05, 0.15044000770896404, 0.9768583566766155, -0.15203800535257372, -0.14784878850558741, -9.292460708871356e-10, 0.1537882480026101, 0.9881038279332227, 2.4746601295921877e-10, 0.0, 0.0, 0.0, 1.0]}, {"left_foot_pose": [0.9931805185249751, -0.1134772263737167, 0.026746527194958788, -0.008670945707049182, 0.11658669295328822, 0.9667416174074323, -0.22763608720648632, -0.0009484529985601259, -2.5469161728949517e-05, 0.22920201628037967, 0.9733788754048096, 0.040000000241345056, 0.0, 0.0, 0.0, 1.0], "right_foot_pose": [0.9886191400533281, -0.14852083724403087, 0.02395322159020237, -8.20460086390926e-05, 0.1504400077114371, 0.9760072790524582, -0.15740900646532346, -0.14784878836974857, -1.1988134400330106e-09, 0.1592210794491406, 0.9872429528029308, 7.7110269558478e-11, 0.0, 0.0, 0.0, 1.0]}, {"left_foot_pose": [0.9879973412893325, -0.15039197753964748, 0.035263390320915605, -0.01148134681617318, 0.15447088053224323, 0.9619469418761077, -0.22538151672841122, -0.0011610801196197014, -2.5938477717531875e-05, 0.22812350625685124, 0.9736322022305328, 0.040000000250531006, 0.0, 0.0, 0.0, 1.0], "right_foot_pose": [0.9886191400485299, -0.14855849459118295, 0.02371855000850915, -8.204652347906143e-05, 0.15044000774296934, 0.9762547447048229, -0.15586685828493616, -0.14784878837187826, -1.1598584498772616e-09, 0.15766117824665168, 0.9874932672549609, 1.6695426291457593e-10, 0.0, 0.0, 0.0, 1.0]}, {"left_foot_pose": [0.9814149310666361, -0.18722261318665073, 0.042100192292100706, -0.014274428788860748, 0.19189771364226765, 0.9575327274976817, -0.2151890872458956, -0.001372396688920495, -2.404871020547826e-05, 0.21926871387047675, 0.9756645071638342, 0.040000000520784874, 0.0, 0.0, 0.0, 1.0], "right_foot_pose": [0.9886191400403881, -0.14875428373318586, 0.022457938837519564, -8.204696050940997e-05, 0.15044000779647324, 0.9775413757219001, -0.1475827320723272, -0.1478487883966908, -8.263016300715631e-10, 0.14928168615996415, 0.988794709824662, 5.023302607209956e-10, 0.0, 0.0, 0.0, 1.0]}, {"left_foot_pose": [0.9739761388173924, -0.2225556171031549, 0.04288913976985081, -0.016886620110067096, 0.22665056952053952, 0.9563946902432015, -0.18422463410365914, -0.0015700382733831036, -1.871841644118537e-05, 0.18915124575441133, 0.9819479649549545, 0.035935554226298565, 0.0, 0.0, 0.0, 1.0], "right_foot_pose": [0.9886191400411851, -0.14919495303095548, 0.019314811267984833, -8.204677843790757e-05, 0.1504400077912351, 0.9804372406503876, -0.12692762190172507, -0.14784878900559, 3.246924035309926e-10, 0.12838879676959788, 0.9917239116125287, 1.1630145527186109e-09, 0.0, 0.0, 0.0, 1.0]}, {"left_foot_pose": [0.9665203225032264, -0.2537003111136571, 0.03840075948589662, -0.019154356328323276, 0.25659007392865546, 0.9556423300668844, -0.14460038362889888, -0.0017416191209967957, -1.2228957634811678e-05, 0.14961246313449603, 0.9887447146383556, 0.0253416965450974, 0.0, 0.0, 0.0, 1.0], "right_foot_pose": [0.9886191400379276, -0.1496107279217929, 0.01577422078518013, -8.20466915976677e-05, 0.15044000781264402, 0.9831695120836274, -0.10366057379048987, -0.1478487894894477, 9.487207171191166e-10, 0.10485390121475298, 0.9944876366250349, 2.092855479196576e-09, 0.0, 0.0, 0.0, 1.0]}, {"left_foot_pose": [0.9601003798621907, -0.2780524822936102, 0.029901131731740672, -0.02091406540559662, 0.27965561061771954, 0.9545989678095744, -0.10263308485535592, -0.0018747528441877808, -6.2054779756269835e-06, 0.10690008300865636, 0.9942697683296197, 0.012797084214312221, 0.0, 0.0, 0.0, 1.0], "right_foot_pose": [0.9886191400424644, -0.15001942136063579, 0.011241403663153264, -8.204638701023257e-05, 0.15044000778283, 0.9858552482157269, -0.07387309133784488, -0.14784878971188603, 1.6179937164566115e-09, 0.07472350888527317, 0.9972042906144521, 3.1482473086819063e-09, 0.0, 0.0, 0.0, 1.0]}, {"left_foot_pose": [0.9558549829745294, -0.29320534320500136, 0.019284144751583663, -0.022002178486946678, 0.29383881894571395, 0.9537947010065932, -0.06272492975151513, -0.0019570661526397293, -1.8305222022167989e-06, 0.06562236697789636, 0.9978445294477835, 0.002907642700578743, 0.0, 0.0, 0.0, 1.0], "right_foot_pose": [0.9886191400575214, -0.1503266435417255, 0.005839191160254957, -8.204592229011146e-05, 0.15044000768388385, 0.9878741650462158, -0.038372361437819566, -0.14784878946383975, 2.207735053808496e-09, 0.03881409892964986, 0.9992464489425414, 4.1200445347056025e-09, 0.0, 0.0, 0.0, 1.0]}, {"left_foot_pose": [0.9547395733992292, -0.29734515342844386, 0.007629332741035312, -0.02227946679787619, 0.2974430146859368, 0.9544254558782831, -0.024488817571983224, -0.0019780335831289693, 1.8388125254094225e-09, 0.025649734972262268, 0.9996709914246054, 4.773852702033565e-09, 0.0, 0.0, 0.0, 1.0], "right_foot_pose": [0.9886191401207226, -0.1504399349216565, -0.00014753891108558974, -8.204374311586676e-05, 0.1504400072685538, 0.9886186647038646, 0.0009695422553265368, -0.14784878856383873, 1.847474052713624e-09, -0.0009807037856278686, 0.9999995191099269, 4.511347927171894e-09, 0.0, 0.0, 0.0, 1.0]}, {"left_foot_pose": [0.9547395733544523, -0.2974131592556814, -0.004214234510970929, -0.022279463594640902, 0.2974430148296628, 0.9546437421526388, 0.013526954492719415, -0.001978034092855841, -1.6669256836120646e-09, -0.014168213379306559, 0.9998996258273325, 4.9821745271017015e-09, 0.0, 0.0, 0.0, 1.0], "right_foot_pose": [0.9886191401785135, -0.15031615990226305, -0.00610309306283856, -8.204084237765593e-05, 0.15044000688878062, 0.9878052770957935, 0.04010659383450916, -0.14784878753293007, -1.6378847936302663e-09, -0.04056829567457775, 0.9991767678374333, 4.566598356403606e-09, 0.0, 0.0, 0.0, 1.0]}, {"left_foot_pose": [0.9547395733940672, -0.2970414174242111, -0.015451321300499487, -0.0222794677345274, 0.2974430147025071, 0.9534505173196951, 0.04959600818101164, -0.0019780340941964285, 1.718563272218939e-09, -0.05194715928154542, 0.998649834848321, 3.776022675094914e-09, 0.0, 0.0, 0.0, 1.0], "right_foot_pose": [0.9886191400959864, -0.14998010464560224, -0.01175432032770989, -8.204448319287013e-05, 0.15044000743110922, 0.9855968818038463, 0.07724371005242024, -0.1478487889237993, 1.7458377950914426e-09, -0.07813293024729587, 0.9969429498276073, 3.882085000683766e-09, 0.0, 0.0, 0.0, 1.0]}, {"left_foot_pose": [0.9547395734401048, -0.2963508024785913, -0.025466620853628132, -0.022279469553995512, 0.2974430145547341, 0.9512337658815063, 0.08174335287643202, -0.0019780338613578762, 1.4366516636706398e-09, -0.08561848233403435, 0.9963279959344803, 2.638064433568843e-09, 0.0, 0.0, 0.0, 1.0], "right_foot_pose": [0.9878985755571309, -0.15409449863183494, -0.017643409636315544, 0.0002567073280247815, 0.15510127143165978, 0.9814886491822404, 0.11235491589914347, -0.14777070595517258, 3.531856615739839e-06, -0.11373177664058738, 0.9935114911110496, 0.0036004822247050275, 0.0, 0.0, 0.0, 1.0]}, {"left_foot_pose": [0.9547395734505755, -0.29552439942382935, -0.03372945645276753, -0.0222794700821379, 0.2974430145211253, 0.9485811579231431, 0.1082655990875021, -0.0019780338870558556, 7.094889447252365e-10, -0.11339804309764301, 0.993549638327963, 1.6698992744146324e-09, 0.0, 0.0, 0.0, 1.0], "right_foot_pose": [0.9853315078014631, -0.1687111070642749, -0.02565895724384778, 0.0013886469947738205, 0.17065116363626093, 0.9741377537355973, 0.14810069917645396, -0.1475098210099685, 9.12605766693172e-06, -0.15030701613734224, 0.9886393684335067, 0.01393617197498398, 0.0, 0.0, 0.0, 1.0]}, {"left_foot_pose": [0.9547395734491932, -0.29472752961023413, -0.040100251618934726, -0.02227947020758022, 0.2974430145255617, 0.9460233461778753, 0.128714729523717, -0.0019780342595550303, -3.7855289291312197e-11, -0.13481658568687138, 0.9908705708737824, 8.995176964399221e-10, 0.0, 0.0, 0.0, 1.0], "right_foot_pose": [0.9808183900664811, -0.1914808267951972, -0.03647435643330526, 0.0031618495300228438, 0.1949237939846827, 0.9635091035763891, 0.18345277829468823, -0.14710115435712703, 1.5684804836542265e-05, -0.18704357859934875, 0.982351617018436, 0.026493533133465703, 0.0, 0.0, 0.0, 1.0]}, {"left_foot_pose": [0.9547395734425336, -0.2940997929656895, -0.044470874517019844, -0.022279469951400514, 0.2974430145469382, 0.944008421952962, 0.1427436596809451, -0.0019780347234452473, -6.83650908767259e-10, -0.1495105717312928, 0.9887601270988746, 3.5663091230153654e-10, 0.0, 0.0, 0.0, 1.0], "right_foot_pose": [0.9742170399387184, -0.22019290820679618, -0.04915528728910722, 0.005416461675026526, 0.22561285117336977, 0.950834342391759, 0.21216242531101925, -0.1465815473087796, 2.1873823175495333e-05, -0.2177823144882624, 0.9759973683456689, 0.03666664191354274, 0.0, 0.0, 0.0, 1.0]}, {"left_foot_pose": [0.9547395734194332, -0.2937941845117609, -0.0464470030674602, -0.022279469246901128, 0.2974430146210857, 0.9430274725893956, 0.14908668282170018, -0.001978034689932814, -4.891064280128457e-10, -0.15615429257220861, 0.9877326748221272, 6.218130177426673e-11, 0.0, 0.0, 0.0, 1.0], "right_foot_pose": [0.9654995168757821, -0.2533692034656754, -0.06012262176419536, 0.007992645461499968, 0.2604048430111453, 0.9394361489359385, 0.2228206449338888, -0.14598782507853295, 2.5474931480303904e-05, -0.23078944691554373, 0.9730037155856319, 0.04000000011627382, 0.0, 0.0, 0.0, 1.0]}, {"left_foot_pose": [0.9547395734267665, -0.2938002827355117, -0.04640841300249439, -0.022279468919385547, 0.2974430145975476, 0.9430470468618832, 0.1489628157366961, -0.0019780346211011653, -5.489707624273042e-10, -0.15602455341905322, 0.9877531770287488, 7.286786452009864e-11, 0.0, 0.0, 0.0, 1.0], "right_foot_pose": [0.9548736245088435, -0.289174252701497, -0.06778357317134347, 0.010730564586629781, 0.29701239122996514, 0.9296944983262322, 0.2178342930711177, -0.14535682083331355, 2.594614269215847e-05, -0.22813678212087193, 0.9736290915797103, 0.04000000017642534, 0.0, 0.0, 0.0, 1.0]}, {"left_foot_pose": [0.9547395734401978, -0.2941211562640886, -0.04432936211029921, -0.022279468570473596, 0.29744301455443634, 0.9440769944927645, 0.14228942884936735, -0.0019780345338910226, -3.884601988005325e-10, -0.149034807704057, 0.9888319503801523, 3.421688835048009e-10, 0.0, 0.0, 0.0, 1.0], "right_foot_pose": [0.9428516375997443, -0.32522460024192423, -0.07252412614406746, 0.013470364358433476, 0.3332128282310047, 0.9202640205251014, 0.2051422521794827, -0.14472538339763416, 2.403695260879422e-05, -0.21758467759577205, 0.9760414476331261, 0.0400000005228817, 0.0, 0.0, 0.0, 1.0]}, {"left_foot_pose": [0.9547395734586335, -0.29472381253877916, -0.04012756153361547, -0.022279468268485852, 0.29