{"LoopMode": "Wrap", "FrameDuration": 0.0167, "EnableCycleOffsetPosition": true, "EnableCycleOffsetRotation": false, "Debug_info": [{"left_foot_pose": [0.9999999999929869, -3.7449776484008147e-06, -4.9041328276028795e-08, 5.484950842642767e-05, 3.745298738591103e-06, 0.9999142984774446, 0.01309181753360667, -4.869648332571884e-05, 8.561243018559094e-12, -0.013091817533698695, 0.9999142984844578, 1.6933697499776912e-11, 0.0, 0.0, 0.0, 1.0], "right_foot_pose": [0.9999999999111469, -1.3329891080025777e-05, 1.421496743093382e-07, -8.214657627792773e-05, 1.3330648999088792e-05, 0.9999431376514287, -0.010664018290942216, -0.14029878861850428, 8.610942000420152e-12, 0.01066401829188948, 0.999943137740277, 1.4449295926421968e-11, 0.0, 0.0, 0.0, 1.0]}, {"left_foot_pose": [0.9999999999929867, -3.745107133679118e-06, -3.788036417866123e-08, 5.4849510105642455e-05, 3.745298701949603e-06, 0.9999489026308678, 0.010109011489591363, -4.869648241055506e-05, 1.9097511371076288e-11, -0.010109011489662508, 0.9999489026378812, 3.696757483462321e-11, 0.0, 0.0, 0.0, 1.0], "right_foot_pose": [0.9999999999111469, -1.3329407956851645e-05, 1.8190266659620605e-07, -8.21465747582652e-05, 1.3330649086285106e-05, 0.9999068768206295, -0.013646886425410898, -0.14029878862034975, 1.918901057757402e-11, 0.013646886426623062, 0.9999068769094744, 3.32108021638966e-11, 0.0, 0.0, 0.0, 1.0]}, {"left_foot_pose": [0.9999999999929868, -3.745232069636677e-06, -2.2340822636230346e-08, 5.484951237625224e-05, 3.745298702258885e-06, 0.999982262343996, 0.005956087923866902, -4.869648076659752e-05, 3.349470300585266e-11, -0.005956087923908978, 0.9999822623510098, 6.426171400564229e-11, 0.0, 0.0, 0.0, 1.0], "right_foot_pose": [0.9999999999111469, -1.33285375306533e-05, 2.3726958842126797e-07, -8.214657263790154e-05, 1.3330649255163574e-05, 0.9998415437260231, -0.017801327530742563, -0.14029878862246356, 3.367046860906489e-11, 0.017801327532323673, 0.9998415438148622, 5.913107503641157e-11, 0.0, 0.0, 0.0, 1.0]}, {"left_foot_pose": [0.9999999999929867, -3.7452979408770705e-06, -2.51853460301927e-09, 5.484951519837095e-05, 3.7452987876510146e-06, 0.9999997830499974, 0.0006587001834970711, -4.869647826048415e-05, 5.150551548782451e-11, -0.0006587001835020573, 0.9999997830570112, 9.84814174653792e-11, 0.0, 0.0, 0.0, 1.0], "right_foot_pose": [0.9999999999111467, -1.3327092644798552e-05, 3.0792709293522815e-07, -8.214656994136576e-05, 1.3330649551191928e-05, 0.9997330883866664, -0.023103069214964293, -0.14029878862463901, 5.183993258133093e-11, 0.023103069217016232, 0.9997330884754959, 9.177654469727514e-11, 0.0, 0.0, 0.0, 1.0]}, {"left_foot_pose": [0.9999999999929868, -3.7452371375452767e-06, 2.152934458495243e-08, 5.484951859791661e-05, 3.7452990169331323e-06, 0.9999833653201385, -0.005767934550965829, -4.869647466952329e-05, 7.32960380294256e-11, 0.005767934551005833, 0.9999833653271519, 1.4010015370047313e-10, 0.0, 0.0, 0.0, 1.0], "right_foot_pose": [0.9999999999111469, -1.3324835250869823e-05, 3.93695206046901e-07, -8.214656662765582e-05, 1.333065003570363e-05, 0.9995636395013144, -0.029538625715825027, -0.1402987886266826, 7.39079006416099e-11, 0.029538625718448498, 0.9995636395901291, 1.3147134075852662e-10, 0.0, 0.0, 0.0, 1.0]}, {"left_foot_pose": [0.9999999999929868, -3.7449678990456346e-06, 4.9835113980006356e-08, 5.4849522674784655e-05, 3.7452994668076323e-06, 0.9999111168417356, -0.013332606732606564, -4.8696469644914087e-05, 9.949943090943394e-11, 0.013332606732699525, 0.9999111168487488, 1.9051005217818329e-10, 0.0, 0.0, 0.0, 1.0], "right_foot_pose": [0.9999999999111469, -1.3321467785865716e-05, 4.947187322580092e-07, -8.21465625787432e-05, 1.3330650793777874e-05, 0.9993108557071299, -0.03711891011570377, -0.14029878862838518, 1.0056554224165698e-10, 0.03711891011900041, 0.9993108557959218, 1.794031659341222e-10, 0.0, 0.0, 0.0, 1.0]}, {"left_foot_pose": [0.9999999999929867, -3.7443906838465957e-06, 8.2536897483348e-08, 5.484952760533358e-05, 3.7453002440404306e-06, 0.9997563729885179, -0.02207248637596473, -4.86964626676481e-05, 1.3122303094401366e-10, 0.02207248637611886, 0.99975637299553, 2.5208334725190795e-10, 0.0, 0.0, 0.0, 1.0], "right_foot_pose": [0.9999999999111466, -1.3316618052390658e-05, 6.115267693896641e-07, -8.214655759273232e-05, 1.3330651946815443e-05, 0.9989467883245225, -0.045883699920726696, -0.14029878862947182, 1.3300418259681663e-10, 0.04588369992480168, 0.9989467884132821, 2.376594823716438e-10, 0.0, 0.0, 0.0, 1.0]}, {"left_foot_pose": [0.9999999999929867, -3.743382442061466e-06, 1.1988018649995942e-07, 5.4849533643649096e-05, 3.7453015019216186e-06, 0.9994861535471127, -0.03205353106243995, -4.869645299634094e-05, 1.7003863703932652e-10, 0.032053531062663954, 0.9994861535541231, 3.2821157597284767e-10, 0.0, 0.0, 0.0, 1.0], "right_foot_pose": [0.9999999999111466, -1.3309817530389974e-05, 7.45039991090296e-07, -8.214655137773691e-05, 1.3330653669365504e-05, 0.9984362502348272, -0.055902182777699684, -0.14029878862953213, 1.7291707904819414e-10, 0.05590218278266431, 0.9984362503235417, 3.092273451188454e-10, 0.0, 0.0, 0.0, 1.0]}, {"left_foot_pose": [0.9999999999929867, -3.741789149569533e-06, 1.6220979148780464e-07, 5.484954112356191e-05, 3.7453034605150712e-06, 0.9990591514423691, -0.04336832836560106, -4.8696439608152814e-05, 2.179635253562521e-10, 0.043368328365904235, 0.9990591514493764, 4.233596667679862e-10, 0.0, 0.0, 0.0, 1.0], "right_foot_pose": [0.9999999999111466, -1.3300473811027749e-05, 8.965441624098902e-07, -8.214654354398144e-05, 1.333065620985726e-05, 0.9977347426071632, -0.06727096860393614, -0.14029878862793177, 2.224968675293855e-10, 0.06727096860991028, 0.9977347426958153, 3.979918061780552e-10, 0.0, 0.0, 0.0, 1.0]}, {"left_foot_pose": [0.9999999999929868, -3.739417295429242e-06, 2.0994902688594118e-07, 5.484955044727082e-05, 3.7453064265655954e-06, 0.9984234408017014, -0.05613049833793412, -4.869642116611152e-05, 2.773262788019316e-10, 0.056130498338326576, 0.9984234408087042, 5.42943655312822e-10, 0.0, 0.0, 0.0, 1.0], "right_foot_pose": [0.9999999999111466, -1.328783976155544e-05, 1.0676179933445106e-06, -8.214653360911406e-05, 1.3330659909759922e-05, 0.9967861361599647, -0.08010866733120746, -0.14029878862370548, 2.843203768726337e-10, 0.08010866733832145, 0.9967861362485325, 5.085457541187388e-10, 0.0, 0.0, 0.0, 1.0]}, {"left_foot_pose": [0.9999999999929865, -3.736026290834613e-06, 2.6355383669914247e-07, 5.4849562016313394e-05, 3.745310794923936e-06, 0.9975144435576638, -0.07046229402891897, -4.869639612391577e-05, 3.502239988691329e-10, 0.0704622940294117, 0.9975144435646602, 6.924598117130643e-10, 0.0, 0.0, 0.0, 1.0], "right_foot_pose": [0.9999999999111467, -1.3270987551115985e-05, 1.2599699243943383e-06, -8.214652106575891e-05, 1.333066519960322e-05, 0.9955207214790279, -0.09454360331703739, -0.1402987886154668, 3.6081427834273864e-10, 0.09454360332543298, 0.9955207215674837, 6.45279600586246e-10, 0.0, 0.0, 0.0, 1.0]}, {"left_foot_pose": [0.9999999999929867, -3.7313273915542608e-06, 3.2341207140136826e-07, 5.484957602296663e-05, 3.7453169802368805e-06, 0.9962546882513325, -0.08646731245513313, -4.869636322479831e-05, 4.370588093725172e-10, 0.08646731245573781, 0.9962546882583202, 8.747765012362407e-10, 0.0, 0.0, 0.0, 1.0], "right_foot_pose": [0.9999999999111466, -1.3248810725328163e-05, 1.4750743072001468e-06, -8.214650560704528e-05, 1.3330672512844859e-05, 0.9938553811639542, -0.11068640907421501, -0.1402987886014733, 4.527456261359095e-10, 0.11068640908404376, 0.9938553812522624, 8.097728668166049e-10, 0.0, 0.0, 0.0, 1.0]}, {"left_foot_pose": [0.9999999999929865, -3.725004545402331e-06, 3.896175171936461e-07, 5.484959186484768e-05, 3.74532513836152e-06, 0.9945595945899318, -0.1041691547200226, -4.869632306742956e-05, 5.327347868648774e-10, 0.10416915472075106, 0.9945595945969076, 1.0824970780864973e-09, 0.0, 0.0, 0.0, 1.0], "right_foot_pose": [0.9999999999111464, -1.3220118108621311e-05, 1.7133472856035445e-06, -8.214648778398829e-05, 1.333068195633557e-05, 0.9917007073188333, -0.12856790783713795, -0.1402987885802597, 5.552111760765223e-10, 0.12856790784855418, 0.9917007074069503, 9.937789618996717e-10, 0.0, 0.0, 0.0, 1.0]}, {"left_foot_pose": [0.9999999999929864, -3.716796611822593e-06, 4.614678283388511e-07, 5.4849606619325555e-05, 3.745334328429389e-06, 0.9923601245878994, -0.12337496955972097, -4.869628226592329e-05, 6.173969228914513e-10, 0.12337496956058384, 0.99236012459486, 1.278057777664987e-09, 0.0, 0.0, 0.0, 1.0], "right_foot_pose": [0.9999999999111461, -1.3183981693396469e-05, 1.972304602360169e-06, -8.214647074915031e-05, 1.3330692342079932e-05, 0.9889873305392519, -0.14800020221316282, -0.14029878855293382, 6.476925059623864e-10, 0.14800020222630447, 0.9889873306271285, 1.1615581552160137e-09, 0.0, 0.0, 0.0, 1.0]}, {"left_foot_pose": [0.9999999999929867, -3.706738249132805e-06, 5.363466253905538e-07, 5.484961172263606e-05, 3.7453405380900585e-06, 0.989668838108736, -0.14337221091438096, -4.869626225458348e-05, 6.377162579672672e-10, 0.143372210915384, 0.9896688381156779, 1.3504401277786293e-09, 0.0, 0.0, 0.0, 1.0], "right_foot_pose": [0.9999999999111462, -1.3140735963926576e-05, 2.2424524476206398e-06, -8.214646408063239e-05, 1.3330698938986938e-05, 0.9857414586174521, -0.16826698007936786, -0.1402987885291737, 6.736098676670296e-10, 0.16826698009431007, 0.9857414587050406, 1.2127776075065988e-09, 0.0, 0.0, 0.0, 1.0]}, {"left_foot_pose": [0.9999999999929479, -3.7057511201229353e-06, 6.098509632291462e-07, 5.4701260315040543e-05, 3.755597049791708e-06, 0.9867014489096391, -0.16254307338522853, -4.896543297649297e-05, 6.033470533047376e-10, 0.16254307338637242, 0.9867014489165978, 0.00026217775089995565, 0.0, 0.0, 0.0, 1.0], "right_foot_pose": [0.9999999999111462, -1.3094447431730213e-05, 2.498560075003901e-06, -8.214649175725229e-05, 1.3330692243925628e-05, 0.9822705430133923, -0.1874688778183412, -0.1402987886382083, 5.394037485493749e-10, 0.1874688778349913, 0.982270543100672, 9.212121829249575e-10, 0.0, 0.0, 0.0, 1.0]}, {"left_foot_pose": [0.9999999999918604, -3.964861093075328e-06, 7.48340535705681e-07, 5.066023074650239e-05, 4.0348650839309805e-06, 0.9826089951876467, -0.18568673232098346, -5.626127438802808e-05, 8.959581645269122e-10, 0.1856867323224911, 0.9826089951956459, 0.006705937604971381, 0.0, 0.0, 0.0, 1.0], "right_foot_pose": [0.9999999999111464, -1.3051190709229512e-05, 2.7154057830048575e-06, -8.214647724172923e-05, 1.333067917887525e-05, 0.9790287202751198, -0.20372227344783572, -0.140298788940299, 3.57993581196548e-10, 0.20372227346593233, 0.9790287203621106, 5.368059677324233e-10, 0.0, 0.0, 0.0, 1.0]}, {"left_foot_pose": [0.9999999999892206, -4.53626878301967e-06, 9.908841147044674e-07, 4.185177031090746e-05, 4.643229994189546e-06, 0.9769174770944083, -0.21361704736733406, -7.213830219592043e-05, 1.0123339084271727e-09, 0.2136170473696319, 0.9769174771049404, 0.018351684235915197, 0.0, 0.0, 0.0, 1.0], "right_foot_pose": [0.9999999999111465, -1.3016114144139956e-05, 2.8787806179987037e-06, -8.214645834918746e-05, 1.3330664095635298e-05, 0.9764012115877388, -0.2159645198459443, -0.14029878895300127, 1.7395780695622857e-10, 0.21596451986513104, 0.9764012116744959, 2.8696583997955827e-10, 0.0, 0.0, 0.0, 1.0]}, {"left_foot_pose": [0.9999999999848207, -5.346919836391948e-06, 1.3306029287841613e-06, 2.92948312714176e-05, 5.509995978125813e-06, 0.9703832309207256, -0.2415706627831576, -9.474798355528502e-05, 4.641994279363683e-10, 0.24157066278682193, 0.9703832309354573, 0.03059348028294684, 0.0, 0.0, 0.0, 1.0], "right_foot_pose": [0.9999999999111466, -1.2993744315456385e-05, 2.9780709598915256e-06, -8.214648547963339e-05, 1.3330652571325845e-05, 0.9747261054878071, -0.2234032656495114, -0.14029878877692817, 4.140441372238807e-11, 0.22340326566936086, 0.9747261055744145, 1.0415761309001681e-10, 0.0, 0.0, 0.0, 1.0]}, {"left_foot_pose": [0.9999999999784541, -6.339326073793063e-06, 1.7045863600074785e-06, 1.4011297369527347e-05, 6.56450068170829e-06, 0.9657270064174681, -0.2595599141486675, -0.00012225210303283204, -7.301512882759961e-10, 0.2595599141542646, 0.9657270064382749, 0.03882540265677946, 0.0, 0.0, 0.0, 1.0], "right_foot_pose": [0.9999999999111469, -1.2987530607392655e-05, 3.0050381054636803e-06, -8.214654166714274e-05, 1.3330649095028172e-05, 0.9742609108910766, -0.22542332916533667, -0.1402987886052971, 1.2251297514106304e-12, 0.22542332918536612, 0.9742609109776428, 1.3654452568623299e-11, 0.0, 0.0, 0.0, 1.0]}, {"left_foot_pose": [0.9999999999700755, -7.4761657710464125e-06, 1.989152263848348e-06, -2.9659543676550388e-06, 7.736264004797312e-06, 0.9664054783825371, -0.25702227781336506, -0.00015282259208915586, -7.864893034609241e-10, 0.2570222778210622, 0.9664054784114553, 0.04000000018462569, 0.0, 0.0, 0.0, 1.0], "right_foot_pose": [0.9999999999111469, -1.2999147599745154e-05, 2.9544111854185866e-06, -8.214655368395414e-05, 1.333065578915116e-05, 0.9751306529040081, -0.22163079566995303, -0.1402987885954048, 7.451724165864046e-11, 0.2216307956896445, 0.975130652990652, 1.2849424996241865e-10, 0.0, 0.0, 0.0, 1.0]}, {"left_foot_pose": [0.999999999959908, -8.680973324952237e-06, 2.1966475837188906e-06, -2.061527870665946e-05, 8.954583087467503e-06, 0.9694573364667317, -0.24526001037806144, -0.00018460917353152473, -4.6050801245634723e-10, 0.24526001038789821, 0.9694573365055983, 0.04000000059895255, 0.0, 0.0, 0.0, 1.0], "right_foot_pose": [0.9999999999111466, -1.302643112680734e-05, 2.831761843624741e-06, -8.214651469123738e-05, 1.3330670762681067e-05, 0.9771735472855818, -0.21244260003023452, -0.1402987885571015, 2.4613164944510844e-10, 0.21244260004910742, 0.9771735473724078, 4.266028155730517e-10, 0.0, 0.0, 0.0, 1.0]}, {"left_foot_pose": [0.9999999999485008, -9.885924225014364e-06, 2.2950715436455637e-06, -3.791557007576203e-05, 1.014883495863484e-05, 0.9740854880163018, -0.22618015371169295, -0.00021576845009986523, 4.039761143619187e-10, 0.2261801537233369, 0.9740854880664678, 0.0398564312908696, 0.0, 0.0, 0.0, 1.0], "right_foot_pose": [0.9999999999111462, -1.3067612320079773e-05, 2.6353198608886905e-06, -8.214647539979198e-05, 1.3330693989211817e-05, 0.9802570446246354, -0.19772740398353647, -0.14029878859087724, 5.342017909638407e-10, 0.19772740400109814, 0.9802570447117362, 9.048604920902648e-10, 0.0, 0.0, 0.0, 1.0]}, {"left_foot_pose": [0.9999999999367368, -1.1044273253154471e-05, 2.1333474690689905e-06, -5.3838192711880906e-05, 1.1248428152428211e-05, 0.9818049947022996, -0.18989194888433603, -0.00024446913490144134, 2.687371335494171e-09, 0.18989194889631936, 0.981804994764418, 0.03386213177100322, 0.0, 0.0, 0.0, 1.0], "right_foot_pose": [0.9999999999111457, -1.3120992934744297e-05, 2.355368865170154e-06, -8.214645907266623e-05, 1.3330724554150032e-05, 0.9842541424826311, -0.17675910960420885, -0.14029878911790786, 9.734655381047472e-10, 0.1767591096199017, 0.9842541425700881, 1.6343251058037467e-09, 0.0, 0.0, 0.0, 1.0]}, {"left_foot_pose": [0.9999999999257945, -1.2057516593847511e-05, 1.7403043784394181e-06, -6.736714999164361e-05, 1.2182460947191218e-05, 0.9897049154792318, -0.14312295458044189, -0.0002688484066685967, 3.319601746939007e-09, 0.14312295459102226, 0.9897049155526799, 0.02239489923143819, 0.0, 0.0, 0.0, 1.0], "right_foot_pose": [0.9999999999111455, -1.318126343187037e-05, 1.9907781397821837e-06, -8.214638446002608e-05, 1.3330750205754e-05, 0.9887696309455112, -0.14944770571062307, -0.1402987895290193, 1.4886115216617815e-09, 0.14944770572388238, 0.9887696310333706, 2.5905013967264523e-09, 0.0, 0.0, 0.0, 1.0]}, {"left_foot_pose": [0.9999999999170479, -1.2820688080297105e-05, 1.2389800957415475e-06, -7.74826198964872e-05, 1.2880415583103594e-05, 0.9953405309907154, -0.09642213024620895, -0.00028705749427164126, 2.9909493413073617e-09, 0.09642213025416886, 0.9953405310732851, 0.01006065886740068, 0.0, 0.0, 0.0, 1.0], "right_foot_pose": [0.9999999999111453, -1.3240634954345548e-05, 1.5474967899887493e-06, -8.21463039448716e-05, 1.3330759776447433e-05, 0.9932216902695374, -0.11623542403421637, -0.14029878960510556, 2.0234406451097616e-09, 0.11623542404451753, 0.9932216903577928, 3.6108891154906786e-09, 0.0, 0.0, 0.0, 1.0]}, {"left_foot_pose": [0.9999999999119309, -1.3253241198555703e-05, 7.004534132162607e-07, -8.315733246491776e-05, 1.3271738029998877e-05, 0.9985957959937399, -0.05297580624672862, -0.00029725747775448397, 2.631303704683515e-09, 0.052975806251359114, 0.9985957960816876, 0.0014653391782382882, 0.0, 0.0, 0.0, 1.0], "right_foot_pose": [0.9999999999111454, -1.3290277889373955e-05, 1.0378841860948212e-06, -8.214624010403593e-05, 1.3330742061114551e-05, 0.9969501829878754, -0.07804058215270708, -0.14029878918302235, 2.462194070700714e-09, 0.07804058215960846, 0.9969501830764612, 4.45634139312201e-09, 0.0, 0.0, 0.0, 1.0]}, {"left_foot_pose": [0.9999999999111473, -1.3329797377237652e-05, 1.5205319797732019e-07, -8.401236856707491e-05, 1.333066433453366e-05, 0.9999327122814272, -0.011600462568477196, -0.000298788133528554, 2.5888484738214183e-09, 0.01160046256947325, 0.9999327123702753, 4.768887611195094e-09, 0.0, 0.0, 0.0, 1.0], "right_foot_pose": [0.999999999911146, -1.3321675033294348e-05, 4.903578351146108e-07, -8.214621438997077e-05, 1.3330696519290782e-05, 0.9993160147500754, -0.036979757791524695, -0.14029878879813584, 2.6098784094401553e-09, 0.03697975779477558, 0.9993160148388694, 4.791241209334274e-09, 0.0, 0.0, 0.0, 1.0]}, {"left_foot_pose": [0.9999999999111479, -1.332476114623136e-05, -3.950104703329349e-07, -8.40124276201002e-05, 1.3330614653797643e-05, 0.9995662345565322, 0.029450680073151853, -0.00029878834429693593, 2.4158506139392075e-09, -0.029450680075800987, 0.9995662346453456, 4.386289970126356e-09, 0.0, 0.0, 0.0, 1.0], "right_foot_pose": [0.9999999999111469, -1.3330523317846428e-05, -5.6826247207739765e-08, -8.214629977703009e-05, 1.3330644222591777e-05, 0.9999916654293884, 0.004082755693375534, -0.14029878895649087, 2.4005035879582802e-09, -0.004082755693770451, 0.9999916655182408, 4.519538375491461e-09, 0.0, 0.0, 0.0, 1.0]}, {"left_foot_pose": [0.9999999999111482, -1.3300145100778628e-05, -9.003894323453503e-07, -8.401252763587897e-05, 1.3330587278598323e-05, 0.9977260224501749, 0.06740017765591338, -0.0002987884272430824, 1.909824013822005e-09, -0.06740017766192764, 0.9977260225388237, 3.442412639664827e-09, 0.0, 0.0, 0.0, 1.0], "right_foot_pose": [0.9999999999078979, -1.3560125707808353e-05, -5.714023803004321e-07, -7.489990763545872e-05, 1.3572159145818672e-05, 0.9991209477894409, 0.04192053797515073, -0.14029879954751673, 2.452322754237456e-09, -0.04192053797904509, 0.9991209478814602, 5.9842231151401026e-05, 0.0, 0.0, 0.0, 1.0]}, {"left_foot_pose": [0.9999999999111482, -1.3263853515405245e-05, -1.3321877416203288e-06, -8.4012478111951e-05, 1.3330586351204269e-05, 0.9950040484072922, 0.09983458055901963, -0.0002987879053523868, 1.3409434690289934e-09, -0.0998345805679081, 0.9950040484956988, 2.3913821201038132e-09, 0.0, 0.0, 0.0, 1.0], "right_foot_pose": [0.9999999992712327, -3.806413445656961e-05, -2.942103123959355e-06, 0.0006632611726187507, 3.817766581096226e-05, 0.9970496784761449, 0.07675895513281647, -0.14030000857585564, 1.1659784694638103e-08, -0.07675895518919984, 0.9970496792027276, 0.005588786681173644, 0.0, 0.0, 0.0, 1.0]}, {"left_foot_pose": [0.999999999911148, -1.3224299883661041e-05, -1.6801266432550886e-06, -8.401248455493121e-05, 1.3330601346953555e-05, 0.992033587172401, 0.12597365496068597, -0.00029878788005445814, 8.286698729843616e-10, -0.12597365497189014, 0.9920335872605444, 1.4886827326421326e-09, 0.0, 0.0, 0.0, 1.0], "right_foot_pose": [0.9999999951995876, -9.736833831052252e-05, -1.0964992839922892e-05, 0.002457424073788337, 9.798379287893861e-05, 0.9937490893874895, 0.11163663261094518, -0.14030296915423307, 2.657823781446916e-08, -0.1116366331494351, 0.9937490941576035, 0.016861598116991422, 0.0, 0.0, 0.0, 1.0]}, {"left_foot_pose": [0.9999999999111479, -1.3188751135502448e-05, -1.9396715838501917e-06, -8.401258946059621e-05, 1.3330621973482035e-05, 0.9893620870730465, 0.14547391685371258, -0.0002987881634545211, 4.1824004341467303e-10, -0.14547391686664402, 0.9893620871609534, 7.70314735609734e-10, 0.0, 0.0, 0.0, 1.0], "right_foot_pose": [0.9999999827723967, -0.00018363452187340643, -2.7084470058612263e-05, 0.005086503173216773, 0.0001856211307631543, 0.9893322014682268, 0.14567690511137255, -0.14030731902400148, 4.422957042090987e-08, -0.14567690762915872, 0.9893322185108516, 0.02927233328749363, 0.0, 0.0, 0.0, 1.0]}, {"left_foot_pose": [0.9999999999111475, -1.31629702558119e-05, -2.1076474139844737e-06, -8.40127803436768e-05, 1.3330640028403019e-05, 0.9874238285212348, 0.15809548599109982, -0.0002987885112660481, 1.3509879564013836e-10, -0.15809548600514897, 0.9874238286089702, 3.01188775309047e-10, 0.0, 0.0, 0.0, 1.0], "right_foot_pose": [0.9999999568643021, -0.0002893027916217324, -5.074730176263013e-05, 0.00832942307493517, 0.0002937199181535546, 0.9849964288374143, 0.17257447350680183, -0.14031269108267963, 5.963406105377252e-08, -0.1725744809681749, 0.9849964713228985, 0.03821506805477078, 0.0, 0.0, 0.0, 1.0]}, {"left_foot_pose": [0.9999999999111472, -1.3150945101971804e-05, -2.181478185258904e-06, -8.401291302509241e-05, 1.33306490522965e-05, 0.9865195720522778, 0.16364331266533694, -0.0002987886129001763, 6.704389499330035e-12, -0.16364331267987736, 0.9865195721399332, 1.5352025206638586e-10, 0.0, 0.0, 0.0, 1.0], "right_foot_pose": [0.9999999139249407, -0.00040794125601220323, -7.5723462526097e-05, 0.011965103694474505, 0.0004149097571664195, 0.9832343125071781, 0.18234613941191563, -0.1403187062914077, 6.739347656489583e-08, -0.18234615513486455, 0.9832343971340339, 0.04000000260170742, 0.0, 0.0, 0.0, 1.0]}, {"left_foot_pose": [0.9999999999111475, -1.3153380029589092e-05, -2.1667375206255424e-06, -8.401289091938412e-05, 1.3330647309591683e-05, 0.9867026354962661, 0.16253586966272085, -0.0002987885889935808, 2.9559618283295684e-11, -0.16253586967716313, 0.9867026355839379, 2.336592447305108e-10, 0.0, 0.0, 0.0, 1.0], "right_foot_pose": [0.9999998532149711, -0.0005328627085964404, -9.811916169155198e-05, 0.015772442070497064, 0.0005418210327034745, 0.9834888348800924, 0.1809680029623099, -0.14032500111443774, 6.799978358344987e-08, -0.18096802956194205, 0.9834889792348785, 0.04000000254904322, 0.0, 0.0, 0.0, 1.0]}, {"left_foot_pose": [0.9999999999111473, -1.3169741824674334e-05, -2.0648853166213817e-06, -8.401285581719993e-05, 1.3330635808883637e-05, 0.9879327619077617, 0.15488336828593546, -0.00029878856950741033, 1.938803074193866e-10, -0.1548833682997, 0.9879327619955419, 5.858837442973552e-10, 0.0, 0.0, 0.0, 1.0], "right_foot_pose": [0.9999997774991882, -0.0006572339091238772, -0.00011421542252964513, 0.01953036228327302, 0.0006670843801310121, 0.9852492045132807, 0.17112439920822842, -0.14033121415385486, 6.189635225616614e-08, -0.1711244373242352, 0.9852494237250076, 0.039988082458634853, 0.0, 0.0, 0.0, 1.0]}, {"left_foot_pose": [0.9999999999111477, -1.3198798850219423e-05, -1.8700289027837288e-06, -8.401302723130067e-05, 1.3330615098844798e-05, 0.9901173342691293, 0.1402414496576842, -0.0002987881877840543, 5.293473857325738e-10, -0.14024144967015215, 0.9901173343571031, 1.3163953260786343e-09, 0.0, 0.0, 0.0, 1.0], "right_foot_pose": [0.9999996931968415, -0.0007749271226640157, -0.00011442979119773855, 0.023017782038678877, 0.0007833302114555302, 0.9892813907613895, 0.14601957501304547, -0.14033696910689694, 4.873386307852016e-08, -0.14601961985009138, 0.9892816942705615, 0.03494046941314775, 0.0, 0.0, 0.0, 1.0]}, {"left_foot_pose": [0.9999999999111482, -1.323645149571667e-05, -1.5814869720462658e-06, -8.401309610939212e-05, 1.3330594446018064e-05, 0.9929465664982887, 0.11856270873067681, -0.0002987878275695936, 9.825153279137373e-10, -0.11856270874122454, 0.9929465665865131, 2.31154296398417e-09, 0.0, 0.0, 0.0, 1.0], "right_foot_pose": [0.9999996099878048, -0.0008779089488272153, -9.643710859551872e-05, 0.026013600802490034, 0.0008831898082427573, 0.9940241415464142, 0.10915688708769992, -0.14034191429932033, 3.100608431791318e-08, -0.10915692968745436, 0.9940245292251128, 0.02387804850577494, 0.0, 0.0, 0.0, 1.0]}, {"left_foot_pose": [0.9999999999111482, -1.3275921004842066e-05, -1.2059829710417642e-06, -8.401309366127197e-05, 1.3330584053700344e-05, 0.9959095908453801, 0.09035533567246527, -0.00029878770138844213, 1.4997081763134849e-09, -0.0903553356805136, 0.995909590933867, 3.4579685087576806e-09, 0.0, 0.0, 0.0, 1.0], "right_foot_pose": [0.9999995398772483, -0.0009569391955757073, -6.717638978769661e-05, 0.028296749767621327, 0.0009592941629914298, 0.9975457389292821, 0.07001127408311682, -0.1403456909302514, 1.4989086874641325e-08, -0.0700113063112555, 0.9975461979219766, 0.01140674653673858, 0.0, 0.0, 0.0, 1.0]}, {"left_foot_pose": [0.9999999999111482, -1.330918595454384e-05, -7.551954787629825e-07, -8.401300746236459e-05, 1.3330594400644345e-05, 0.9984024263338345, 0.05650305224505982, -0.0002987879969644173, 1.9793687150132855e-09, -0.05650305225010677, 0.9984024264225437, 4.581223796151779e-09, 0.0, 0.0, 0.0, 1.0], "right_foot_pose": [0.9999994957170357, -0.0010037637099647974, -3.200138819125325e-05, 0.029646146981083196, 0.0010042737048568573, 0.9994918190584051, 0.03186055664369325, -0.14034793116080463, 4.655157270792044e-09, -0.03186057271511013, 0.9994923230852076, 0.0021324905893900237, 0.0, 0.0, 0.0, 1.0]}, {"left_foot_pose": [0.9999999999111476, -1.3328182123895045e-05, -2.553834942961802e-07, -8.401293237662394e-05, 1.3330628437773951e-05, 0.9998196490808395, 0.018991291008302682, -0.0002987884622202078, 2.2180503312689627e-09, -0.018991291010019846, 0.9998196491696759, 5.263209298944638e-09, 0.0, 0.0, 0.0, 1.0], "right_foot_pose": [0.9999994865805364, -0.0010133123269652016, 6.065591179167948e-06, 0.029917854946317667, 0.0010133304808260725, 0.999981558442317, -0.005987982682989799, -0.14034838913584094, 2.217345922971156e-09, 0.005987985755091216, 0.9999820718525892, 5.0212743407662686e-09, 0.0, 0.0, 0.0, 1.0]}, {"left_foot_pose": [0.9999999999111471, -1.3328226895375898e-05, 2.5521147145627215e-07, -8.401310266195062e-05, 1.3330669921164091e-05, 0.9998136536673928, -0.019304345690871062, -0.0002987883813444694, 2.128785507581456e-09, 0.019304345692557772, 0.9998136537562303, 5.273608098821381e-09, 0.0, 0.0, 0.0, 1.0], "right_foot_pose": [0.9999994865804953, -0.0010123333221604021, 4.494430334340428e-05, 0.029917854731216394, 0.0010133305213773098, 0.9990153117650165, -0.04435515776436023, -0.14034838901162888, 2.1569977510057792e-09, 0.0443551805349913, 0.999015824679323, 4.8343872793843445e-09, 0.0, 0.0, 0.0, 1.0]}, {"left_foot_pose": [0.9999999999111469, -1.3310480957388848e-05, 7.338667213921147e-07, -8.401315910522156e-05, 1.3330696184455717e-05, 0.9984764741950205, -0.05517907485065382, -0.00029878837384973884, 1.7113682100463314e-09, 0.05517907485553372, 0.9984764742837401, 4.565572343795399e-09, 0.0, 0.0, 0.0, 1.0], "right_foot_pose": [0.9999994865804738, -0.00101004851896459, 8.149097078553188e-05, 0.02991785449767109, 0.0010133305428038821, 0.9967605006142307, -0.08042062904802029, -0.1403483888684769, 1.7564282600626161e-09, 0.08042067033578854, 0.9967610123709406, 4.028311607895407e-09, 0.0, 0.0, 0.0, 1.0]}, {"left_foot_pose": [0.9999999985797414, -5.308548100047411e-05, 4.738077343636636e-06, 0.0011121547597662091, 5.329650383008026e-05, 0.9960716472619663, -0.08855094962967311, -0.00029818585186673803, -1.8694750639804364e-08, 0.08855094975643062, 0.9960716486765574, 0.004551133875096924, 0.0, 0.0, 0.0, 1.0], "right_foot_pose": [0.9999994865804762, -0.0010070029416226482, 0.000113065729748625, 0.029917854833638943, 0.0010133305401885495, 0.9937549934213036, -0.11157950623408168, -0.14034838949020323, 1.2574799698734413e-09, 0.1115795635199416, 0.993755503634923, 3.0185027602436243e-09, 0.0, 0.0, 0.0, 1.0]}, {"left_foot_pose": [0.999999986322802, -0.000164134365034349, 2.035453059929009e-05, 0.004467117778524256, 0.00016539163887834332, 0.9924352317180843, -0.12276922859690573, -0.00029647056680242104, -4.990391055401326e-08, 0.12276923028423564, 0.9924352452908023, 0.015387260049641312, 0.0, 0.0, 0.0, 1.0], "right_foot_pose": [0.999999486580493, -0.0010037886669333699, 0.0001387337833002112, 0.029917854895561792, 0.001013330523813509, 0.9905830525509322, -0.1369094195449208, -0.1403483895724959, 7.891819363944493e-10, 0.13690948983613127, 0.9905835611359654, 2.0517254076257707e-09, 0.0, 0.0, 0.0, 1.0]}, {"left_foot_pose": [0.9999999439266138, -0.0003307176955668123, 5.2655251375550424e-05, 0.009539906908852211, 0.0003348832064537548, 0.98760236351776, -0.15697598360059278, -0.00029386476322661864, -8.771515456997401e-08, 0.15697599243177704, 0.9876024188913531, 0.027903185227996105, 0.0, 0.0, 0.0, 1.0], "right_foot_pose": [0.999999486580514, -0.00100093107099489, 0.0001580370182356971, 0.029917854706336205, 0.0010133305028547253, 0.9877631148901507, -0.1559583342556565, -0.140348389289368, 4.051364999012958e-10, 0.15595841432733973, 0.9877636220273055, 1.2315285735642334e-09, 0.0, 0.0, 0.0, 1.0]}, {"left_foot_pose": [0.999999850378221, -0.0005375544550830726, 0.00010138414125921891, 0.015889394891978683, 0.0005470315538343187, 0.9827172384571511, -0.1851122092019626, -0.0002905959769942158, -1.24050575072132e-07, 0.18511223696546858, 0.9827173854804979, 0.03749298679462374, 0.0, 0.0, 0.0, 1.0], "right_foot_pose": [0.9999994865805324, -0.000998850058766332, 0.00017069631328004526, 0.029917854314495066, 0.0010133304847210907, 0.9857095371031962, -0.1684508285082968, -0.14034838889981724, 1.360059636849384e-10, 0.16845091499413986, 0.9857100431859449, 6.69022802435304e-10, 0.0, 0.0, 0.0, 1.0]}, {"left_foot_pose": [0.999999690239906, -0.0007717483444491202, 0.00015467574436935124, 0.02307447459180482, 0.0007870959739695898, 0.9805366292025446, -0.1963346614127024, -0.0002869027282933652, -1.442831004483253e-07, 0.1963347223407146, 0.9805369329114408, 0.04000001075461303, 0.0, 0.0, 0.0, 1.0], "right_foot_pose": [0.9999994865805422, -0.0009978393360967298, 0.0001765086717130446, 0.02991785394960173, 0.0010133304751422864, 0.9847121416713583, -0.17418659881390208, -0.14034838875302696, 7.97088347562508e-12, 0.174186688244729, 0.9847126472419933, 4.691838306758456e-10, 0.0, 0.0, 0.0, 1.0]}, {"left_foot_pose": [0.9999994588491181, -0.001020248183892404, 0.00020345789419048006, 0.030653974744679572, 0.0010403371808490114, 0.9807169876680262, -0.1954305702747233, -0.00028301211030162116, -1.4692870813473473e-07, 0.19543067618210966, 0.9807175183542827, 0.04000001149735591, 0.0, 0.0, 0.0, 1.0], "right_foot_pose": [0.999999486580541, -0.0009979592404530976, 0.00017582948656847465, 0.02991785397901556, 0.001013330476178819, 0.9848304652377312, -0.17351636205551352, -0.14034838879000744, 2.1823184906735718e-11, 0.17351645114221403, 0.9848309708691193, 4.791873980947159e-10, 0.0, 0.0, 0.0, 1.0]}, {"left_foot_pose": [0.9999991653464182, -0.0012693334837846084, 0.0002410372897310378, 0.038186766459086335, 0.0012920164278684312, 0.9824624229125113, -0.18645621002913504, -0.0002791449561669636, -1.3496903208608828e-07, 0.18645636582692923, 0.9824632428964443, 0.04000001078278444, 0.0, 0.0, 0.0, 1.0], "right_foot_pose": [0.9999994865805304, -0.0009991712152311533, 0.0001688062739257429, 0.029917854033025208, 0.0010133304867926151, 0.9860264618985429, -0.16658568244949998, -0.14034838881396913, 1.657477649943233e-10, 0.16658576797771085, 0.986026968144014, 7.479076802319184e-10, 0.0, 0.0, 0.0, 1.0]}, {"left_foot_pose": [0.9999988335327311, -0.001508355561511332, 0.00024040939578642509, 0.04523173348081045, 0.0015273942409480352, 0.9875444636729654, -0.15733276624946457, -0.00027553825145841884, -1.0121484365522123e-07, 0.15733294992586877, 0.9875456155882698, 0.035935562581896154, 0.0, 0.0, 0.0, 1.0], "right_foot_pose": [0.9999994865805065, -0.0010021350728050935, 0.00015021324547987477, 0.02991785379728959, 0.0010133305103782763, 0.9889512548315446, -0.14823760902143035, -0.14034838920231027, 5.294993864014673e-10, 0.14823768512901672, 0.9889517625787371, 1.5101811468021253e-09, 0.0, 0.0, 0.0, 1.0]}, {"left_foot_pose": [0.9999985005483508, -0.0017192490835728296, 0.00020756598923596468, 0.0513476857585154, 0.0017317335382140422, 0.9927935972636805, -0.11982434782294743, -0.00027240725658048137, -6.228493906366069e-08, 0.11982452760111618, 0.9927950858989819, 0.025341701497382817, 0.0, 0.0, 0.0, 1.0], "right_foot_pose": [0.9999994865804842, -0.001005164923610521, 0.00012838319253061803, 0.02991785371146013, 0.0010133305323439805, 0.9919411799707555, -0.1266951800166737, -0.14034838955231738, 9.754559406004435e-10, 0.12669524506350438, 0.9919416892531024, 2.475513266597673e-09, 0.0, 0.0, 0.0, 1.0]}, {"left_foot_pose": [0.9999982133884868, -0.0018843050906022585, 0.00015038005514270684, 0.05609351124434753, 0.001890296229342019, 0.9968299845132992, -0.0795387248790296, -0.0002699698356546567, -2.8123849842465414e-08, 0.079538867037079, 0.9968317654601794, 0.012797085968333115, 0.0, 0.0, 0.0, 1.0], "right_foot_pose": [0.9999994865804713, -0.001008384268851022, 9.999979744801934e-05, 0.029917853725415628, 0.0010133305448637032, 0.9951181371145394, -0.09868569474293346, -0.140348389671734, 1.489990961225538e-09, 0.09868574540861971, 0.9951186480280353, 3.6273200207381784e-09, 0.0, 0.0, 0.0, 1.0]}, {"left_foot_pose": [0.9999980232431738, -0.0019867139103399733, 8.048344167647414e-05, 0.05902808714508026, 0.0019883434677882444, 0.9991785764418168, -0.040474916552840676, -0.0002684544103947976, -5.250946162022076e-09, 0.0404749965724984, 0.9991805515783708, 0.0029076425571427367, 0.0, 0.0, 0.0, 1.0], "right_foot_pose": [0.9999994865804792, -0.0010111891612063746, 6.584267691834261e-05, 0.029917853840079636, 0.0010133305373081615, 0.9978861546152884, -0.0649784240216322, -0.1403483893980312, 1.9824031761624157e-09, 0.0649784573808359, 0.9978866669499132, 4.8280032402536754e-09, 0.0, 0.0, 0.0, 1.0]}, {"left_foot_pose": [0.9999979732505261, -0.0020133241755027438, 4.539310328714661e-06, 0.05977592282125023, 0.002013329292738372, 0.9999954290704913, -0.002255735641407853, -0.0002680602073568041, 2.23752035821885e-09, 0.0022557402087231074, 0.9999974558148195, 5.461483279511903e-09, 0.0, 0.0, 0.0, 1.0], "right_foot_pose": [0.999999486580512, -0.0010129513453781382, 2.7717930032594136e-05, 0.029917854024029668, 0.0010133305046941764, 0.9996252546544127, -0.02735550069709655, -0.14034838884545683, 2.248367213406334e-09, 0.02735551473967329, 0.9996257678818246, 5.638063300950069e-09, 0.0, 0.0, 0.0, 1.0]}, {"left_foot_pose": [0.9999979732506115, -0.0020119871442354264, -7.350103512206574e-05, 0.059775922617183654, 0.002013329250452854, 0.9993314043338604, 0.03650603809569615, -0.00026806033385293367, 2.2133128346146687e-09, -0.03650611208888985, 0.9993334297321164, 5.29374068192201e-09, 0.0, 0.0, 0.0, 1.0], "right_foot_pose": [0.9999994865805558, -0.0010132646564594379, -1.154819564163724e-05, 0.029917853853535455, 0.00101333046181774, 0.9999345716007347, 0.0113941072063786, -0.140348388945504, 2.1939373610136757e-09, -0.011394113058560985, 0.9999350849868249, 5.674335744332293e-09, 0.0, 0.0, 0.0, 1.0]}, {"left_foot_pose": [0.9999979732506639, -0.0020079054355475055, -0.0001476831991219686, 0.05977592228090051, 0.0020133292242954185, 0.9973041058249434, 0.07335166671688702, -0.00026806046193883666, 1.8505383223939708e-09, -0.07335181538634607, 0.9973061271142017, 4.470200473671859e-09, 0.0, 0.0, 0.0, 1.0], "right_foot_pose": [0.9999994865805866, -0.0010121574457208605, -4.874287806260884e-05, 0.02991785371143995, 0.0010133304313435232, 0.9988420182091279, 0.048099852612587854, -0.1403483889390021, 1.8107373513657983e-09, -0.04809987730983157, 0.9988425310341862, 5.005675110525409e-09, 0.0, 0.0, 0.0, 1.0]}, {"left_foot_pose": [0.9999979732506659, -0.002002097609914633, -0.00021236695158201711, 0.05977592255407314, 0.0020133292233883346, 0.9944194275245367, 0.10547961256665667, -0.0002680598925106038, 1.3422026275761868e-09, -0.10547982635051195, 0.9944214429672499, 3.406129177319084e-09, 0.0, 0.0, 0.0, 1.0], "right_foot_pose": [0.9999994544408345, -0.0010410640596587336, -8.546143454629227e-05, 0.03085710287361216, 0.0010445659542429517, 0.9966484219545815, 0.08179750544735206, -0.1403469572478951, 1.8560787468432584e-08, -0.08179755009207836, 0.9966489656839733, 0.003600481937990868, 0.0, 0.0, 0.0, 1.0]}, {"left_foot_pose": [0.9999979732506363, -0.0019957592777952228, -0.0002654044559729686, 0.05977592263907456, 0.002013329237893403, 0.9912712281531705, 0.13182298259819958, -0.00026805975365945967, 8.604823671273823e-10, -0.13182324977260468, 0.9912732372153454, 2.369890297893029e-09, 0.0, 0.0, 0.0, 1.0], "right_foot_pose": [0.999999339968922, -0.0011411783441274846, -0.00013331806708599109, 0.03399557989338447, 0.0011489393882030765, 0.9932492775476378, 0.1159937609933281, -0.14034220001735148, 4.850571765777753e-08, -0.11599383760821963, 0.9932499331169952, 0.013936172545324685, 0.0, 0.0, 0.0, 1.0]}, {"left_foot_pose": [0.9999979732505953, -0.001989966913216539, -0.0003058208416724285, 0.05977592245559797, 0.00201332925844205, 0.9883941940597708, 0.1518975432791258, -0.00026806001100584, 4.5900703562400373e-10, -0.1518978511389188, 0.9883961972910357, 1.4706200632264022e-09, 0.0, 0.0, 0.0, 1.0], "right_foot_pose": [0.9999991387460175, -0.0012974969475086553, -0.0001975066949154093, 0.03891206149613993, 0.0013124432239382175, 0.9886207887996147, 0.1504234471284689, -0.14033476038799705, 8.526103754125948e-08, -0.15042357679199952, 0.9886216402371002, 0.026493535996693983, 0.0, 0.0, 0.0, 1.0]}, {"left_foot_pose": [0.9999979732505571, -0.0019855920683644304, -0.00033304491730841836, 0.05977592205480871, 0.0020133292773160134, 0.9862212278977226, 0.16541957607589883, -0.0002680604129235058, 1.690843145727405e-10, -0.16541991134094794, 0.9862232267250423, 8.24841285551603e-10, 0.0, 0.0, 0.0, 1.0], "right_foot_pose": [0.9999988442854253, -0.0014955257860543106, -0.00027355152563334314, 0.04516335377809896, 0.0015203380543245364, 0.9836928781220187, 0.1798499655385559, -0.14032530895747267, 1.2042648080049824e-07, -0.17985017357412386, 0.983694014958586, 0.03666664919378327, 0.0, 0.0, 0.0, 1.0]}, {"left_foot_pose": [0.9999979732505339, -0.0019836845929697804, -0.00034422414385778096, 0.059775921605102755, 0.002013329288914608, 0.9852737877563483, 0.17097224823179252, -0.0002680606110513316, 1.1412827623677179e-11, -0.17097259475043045, 0.9852757846635153, 5.612361408946498e-10, 0.0, 0.0, 0.0, 1.0], "right_foot_pose": [0.9999984549224576, -0.0017251653766089013, -0.00033757535634647393, 0.052306287804944014, 0.0017578830103893864, 0.9814018380007944, 0.191956615452514, -0.1403145055960617, 1.4016839244993798e-07, -0.19195691228264214, 0.9814033542977598, 0.0400000100190913, 0.0, 0.0, 0.0, 1.0]}, {"left_foot_pose": [0.9999979732505347, -0.001983811859307752, -0.0003434899276743186, 0.0597759216402364, 0.0020133292884039313, 0.9853370003644766, 0.17060756787995293, -0.0002680605755920589, 1.8541850864447558e-11, -0.17060791365948763, 0.9853389973997567, 5.503759947789177e-10, 0.0, 0.0, 0.0, 1.0], "right_foot_pose": [0.9999979792673672, -0.001973120540659918, -0.0003850409252498085, 0.05989762959795123, 0.0020103385688327122, 0.9814984237220529, 0.19145966355857857, -0.14030301714800708, 1.440663257089176e-07, -0.19146005073241135, 0.981500407016483, 0.04000001098547675, 0.0, 0.0, 0.0, 1.0]}, {"left_foot_pose": [0.999997973250556, -0.0019861268444929074, -0.0003298407783660815, 0.05977592170061132, 0.002013329277959692, 0.9864868441316917, 0.16382811987053628, -0.00026806055194124583, 1.6175835731317181e-10, -0.16382845191008163, 0.9864888434973543, 8.125161099492573e-10, 0.0, 0.0, 0.0, 1.0], "right_foot_pose": [0.9999974394889705, -0.0022248398407401617, -0.0004136462084042646, 0.0674941858177905, 0.00226296608122306, 0.9831603815622226, 0.1827307940959595, -0.14029152132289716, 1.33813251629