{"LoopMode": "Wrap", "FrameDuration": 0.0167, "EnableCycleOffsetPosition": true, "EnableCycleOffsetRotation": false, "Debug_info": [{"left_foot_pose": [0.9999999999929869, -3.7449776484008147e-06, -4.9041328276028795e-08, 5.484950842642767e-05, 3.745298738591103e-06, 0.9999142984774446, 0.01309181753360667, -4.869648332571884e-05, 8.561243018559094e-12, -0.013091817533698695, 0.9999142984844578, 1.6933697499776912e-11, 0.0, 0.0, 0.0, 1.0], "right_foot_pose": [0.9999999999111469, -1.3329891080025777e-05, 1.421496743093382e-07, -8.214657627792773e-05, 1.3330648999088792e-05, 0.9999431376514287, -0.010664018290942216, -0.14029878861850428, 8.610942000420152e-12, 0.01066401829188948, 0.999943137740277, 1.4449295926421968e-11, 0.0, 0.0, 0.0, 1.0]}, {"left_foot_pose": [0.9999999999929867, -3.745107133679118e-06, -3.788036417866123e-08, 5.4849510105642455e-05, 3.745298701949603e-06, 0.9999489026308678, 0.010109011489591363, -4.869648241055506e-05, 1.9097511371076288e-11, -0.010109011489662508, 0.9999489026378812, 3.696757483462321e-11, 0.0, 0.0, 0.0, 1.0], "right_foot_pose": [0.9999999999111469, -1.3329407956851645e-05, 1.8190266659620605e-07, -8.21465747582652e-05, 1.3330649086285106e-05, 0.9999068768206295, -0.013646886425410898, -0.14029878862034975, 1.918901057757402e-11, 0.013646886426623062, 0.9999068769094744, 3.32108021638966e-11, 0.0, 0.0, 0.0, 1.0]}, {"left_foot_pose": [0.9999999999929868, -3.745232069636677e-06, -2.2340822636230346e-08, 5.484951237625224e-05, 3.745298702258885e-06, 0.999982262343996, 0.005956087923866902, -4.869648076659752e-05, 3.349470300585266e-11, -0.005956087923908978, 0.9999822623510098, 6.426171400564229e-11, 0.0, 0.0, 0.0, 1.0], "right_foot_pose": [0.9999999999111469, -1.33285375306533e-05, 2.3726958842126797e-07, -8.214657263790154e-05, 1.3330649255163574e-05, 0.9998415437260231, -0.017801327530742563, -0.14029878862246356, 3.367046860906489e-11, 0.017801327532323673, 0.9998415438148622, 5.913107503641157e-11, 0.0, 0.0, 0.0, 1.0]}, {"left_foot_pose": [0.9999999999929867, -3.7452979408770705e-06, -2.51853460301927e-09, 5.484951519837095e-05, 3.7452987876510146e-06, 0.9999997830499974, 0.0006587001834970711, -4.869647826048415e-05, 5.150551548782451e-11, -0.0006587001835020573, 0.9999997830570112, 9.84814174653792e-11, 0.0, 0.0, 0.0, 1.0], "right_foot_pose": [0.9999999999111467, -1.3327092644798552e-05, 3.0792709293522815e-07, -8.214656994136576e-05, 1.3330649551191928e-05, 0.9997330883866664, -0.023103069214964293, -0.14029878862463901, 5.183993258133093e-11, 0.023103069217016232, 0.9997330884754959, 9.177654469727514e-11, 0.0, 0.0, 0.0, 1.0]}, {"left_foot_pose": [0.9999999999929868, -3.7452371375452767e-06, 2.152934458495243e-08, 5.484951859791661e-05, 3.7452990169331323e-06, 0.9999833653201385, -0.005767934550965829, -4.869647466952329e-05, 7.32960380294256e-11, 0.005767934551005833, 0.9999833653271519, 1.4010015370047313e-10, 0.0, 0.0, 0.0, 1.0], "right_foot_pose": [0.9999999999111469, -1.3324835250869823e-05, 3.93695206046901e-07, -8.214656662765582e-05, 1.333065003570363e-05, 0.9995636395013144, -0.029538625715825027, -0.1402987886266826, 7.39079006416099e-11, 0.029538625718448498, 0.9995636395901291, 1.3147134075852662e-10, 0.0, 0.0, 0.0, 1.0]}, {"left_foot_pose": [0.9999999999929868, -3.7449678990456346e-06, 4.9835113980006356e-08, 5.4849522674784655e-05, 3.7452994668076323e-06, 0.9999111168417356, -0.013332606732606564, -4.8696469644914087e-05, 9.949943090943394e-11, 0.013332606732699525, 0.9999111168487488, 1.9051005217818329e-10, 0.0, 0.0, 0.0, 1.0], "right_foot_pose": [0.9999999999111469, -1.3321467785865716e-05, 4.947187322580092e-07, -8.21465625787432e-05, 1.3330650793777874e-05, 0.9993108557071299, -0.03711891011570377, -0.14029878862838518, 1.0056554224165698e-10, 0.03711891011900041, 0.9993108557959218, 1.794031659341222e-10, 0.0, 0.0, 0.0, 1.0]}, {"left_foot_pose": [0.9999999999929867, -3.7443906838465957e-06, 8.2536897483348e-08, 5.484952760533358e-05, 3.7453002440404306e-06, 0.9997563729885179, -0.02207248637596473, -4.86964626676481e-05, 1.3122303094401366e-10, 0.02207248637611886, 0.99975637299553, 2.5208334725190795e-10, 0.0, 0.0, 0.0, 1.0], "right_foot_pose": [0.9999999999111466, -1.3316618052390658e-05, 6.115267693896641e-07, -8.214655759273232e-05, 1.3330651946815443e-05, 0.9989467883245225, -0.045883699920726696, -0.14029878862947182, 1.3300418259681663e-10, 0.04588369992480168, 0.9989467884132821, 2.376594823716438e-10, 0.0, 0.0, 0.0, 1.0]}, {"left_foot_pose": [0.9999999999929867, -3.743382442061466e-06, 1.1988018649995942e-07, 5.4849533643649096e-05, 3.7453015019216186e-06, 0.9994861535471127, -0.03205353106243995, -4.869645299634094e-05, 1.7003863703932652e-10, 0.032053531062663954, 0.9994861535541231, 3.2821157597284767e-10, 0.0, 0.0, 0.0, 1.0], "right_foot_pose": [0.9999999999111466, -1.3309817530389974e-05, 7.45039991090296e-07, -8.214655137773691e-05, 1.3330653669365504e-05, 0.9984362502348272, -0.055902182777699684, -0.14029878862953213, 1.7291707904819414e-10, 0.05590218278266431, 0.9984362503235417, 3.092273451188454e-10, 0.0, 0.0, 0.0, 1.0]}, {"left_foot_pose": [0.9999999999929867, -3.741789149569533e-06, 1.6220979148780464e-07, 5.484954112356191e-05, 3.7453034605150712e-06, 0.9990591514423691, -0.04336832836560106, -4.8696439608152814e-05, 2.179635253562521e-10, 0.043368328365904235, 0.9990591514493764, 4.233596667679862e-10, 0.0, 0.0, 0.0, 1.0], "right_foot_pose": [0.9999999999111466, -1.3300473811027749e-05, 8.965441624098902e-07, -8.214654354398144e-05, 1.333065620985726e-05, 0.9977347426071632, -0.06727096860393614, -0.14029878862793177, 2.224968675293855e-10, 0.06727096860991028, 0.9977347426958153, 3.979918061780552e-10, 0.0, 0.0, 0.0, 1.0]}, {"left_foot_pose": [0.9999999999929868, -3.739417295429242e-06, 2.0994902688594118e-07, 5.484955044727082e-05, 3.7453064265655954e-06, 0.9984234408017014, -0.05613049833793412, -4.869642116611152e-05, 2.773262788019316e-10, 0.056130498338326576, 0.9984234408087042, 5.42943655312822e-10, 0.0, 0.0, 0.0, 1.0], "right_foot_pose": [0.9999999999111466, -1.328783976155544e-05, 1.0676179933445106e-06, -8.214653360911406e-05, 1.3330659909759922e-05, 0.9967861361599647, -0.08010866733120746, -0.14029878862370548, 2.843203768726337e-10, 0.08010866733832145, 0.9967861362485325, 5.085457541187388e-10, 0.0, 0.0, 0.0, 1.0]}, {"left_foot_pose": [0.9999999999929865, -3.736026290834613e-06, 2.6355383669914247e-07, 5.4849562016313394e-05, 3.745310794923936e-06, 0.9975144435576638, -0.07046229402891897, -4.869639612391577e-05, 3.502239988691329e-10, 0.0704622940294117, 0.9975144435646602, 6.924598117130643e-10, 0.0, 0.0, 0.0, 1.0], "right_foot_pose": [0.9999999999111467, -1.3270987551115985e-05, 1.2599699243943383e-06, -8.214652106575891e-05, 1.333066519960322e-05, 0.9955207214790279, -0.09454360331703739, -0.1402987886154668, 3.6081427834273864e-10, 0.09454360332543298, 0.9955207215674837, 6.45279600586246e-10, 0.0, 0.0, 0.0, 1.0]}, {"left_foot_pose": [0.9999999999929867, -3.7313273915542608e-06, 3.2341207140136826e-07, 5.484957602296663e-05, 3.7453169802368805e-06, 0.9962546882513325, -0.08646731245513313, -4.869636322479831e-05, 4.370588093725172e-10, 0.08646731245573781, 0.9962546882583202, 8.747765012362407e-10, 0.0, 0.0, 0.0, 1.0], "right_foot_pose": [0.9999999999111466, -1.3248810725328163e-05, 1.4750743072001468e-06, -8.214650560704528e-05, 1.3330672512844859e-05, 0.9938553811639542, -0.11068640907421501, -0.1402987886014733, 4.527456261359095e-10, 0.11068640908404376, 0.9938553812522624, 8.097728668166049e-10, 0.0, 0.0, 0.0, 1.0]}, {"left_foot_pose": [0.9999999999929865, -3.725004545402331e-06, 3.896175171936461e-07, 5.484959186484768e-05, 3.74532513836152e-06, 0.9945595945899318, -0.1041691547200226, -4.869632306742956e-05, 5.327347868648774e-10, 0.10416915472075106, 0.9945595945969076, 1.0824970780864973e-09, 0.0, 0.0, 0.0, 1.0], "right_foot_pose": [0.9999999999111464, -1.3220118108621311e-05, 1.7133472856035445e-06, -8.214648778398829e-05, 1.333068195633557e-05, 0.9917007073188333, -0.12856790783713795, -0.1402987885802597, 5.552111760765223e-10, 0.12856790784855418, 0.9917007074069503, 9.937789618996717e-10, 0.0, 0.0, 0.0, 1.0]}, {"left_foot_pose": [0.9999999999929864, -3.716796611822593e-06, 4.614678283388511e-07, 5.4849606619325555e-05, 3.745334328429389e-06, 0.9923601245878994, -0.12337496955972097, -4.869628226592329e-05, 6.173969228914513e-10, 0.12337496956058384, 0.99236012459486, 1.278057777664987e-09, 0.0, 0.0, 0.0, 1.0], "right_foot_pose": [0.9999999999111461, -1.3183981693396469e-05, 1.972304602360169e-06, -8.214647074915031e-05, 1.3330692342079932e-05, 0.9889873305392519, -0.14800020221316282, -0.14029878855293382, 6.476925059623864e-10, 0.14800020222630447, 0.9889873306271285, 1.1615581552160137e-09, 0.0, 0.0, 0.0, 1.0]}, {"left_foot_pose": [0.9999999999929867, -3.706738249132805e-06, 5.363466253905538e-07, 5.484961172263606e-05, 3.7453405380900585e-06, 0.989668838108736, -0.14337221091438096, -4.869626225458348e-05, 6.377162579672672e-10, 0.143372210915384, 0.9896688381156779, 1.3504401277786293e-09, 0.0, 0.0, 0.0, 1.0], "right_foot_pose": [0.9999999999111462, -1.3140735963926576e-05, 2.2424524476206398e-06, -8.214646408063239e-05, 1.3330698938986938e-05, 0.9857414586174521, -0.16826698007936786, -0.1402987885291737, 6.736098676670296e-10, 0.16826698009431007, 0.9857414587050406, 1.2127776075065988e-09, 0.0, 0.0, 0.0, 1.0]}, {"left_foot_pose": [0.999999999992948, -3.705751100898733e-06, 6.0985109601182e-07, 5.4701260034731856e-05, 3.755597052386861e-06, 0.9867014414051549, -0.16254311894044096, -4.896543299566514e-05, 6.03386244177962e-10, 0.1625431189415848, 0.9867014414121137, 0.0002621777509367526, 0.0, 0.0, 0.0, 1.0], "right_foot_pose": [0.9999999999111462, -1.3094447324670022e-05, 2.4985606527084517e-06, -8.214649173575328e-05, 1.3330692247020377e-05, 0.9822705342316211, -0.18746892383170713, -0.14029878863819661, 5.394408855100123e-10, 0.18746892384835728, 0.9822705343189009, 9.212812041026197e-10, 0.0, 0.0, 0.0, 1.0]}, {"left_foot_pose": [0.9999999999918605, -3.964855674347946e-06, 7.483699325239939e-07, 5.06601755003877e-05, 4.034865211052702e-06, 0.9826075417649096, -0.1856944233154083, -5.626127977568368e-05, 8.976479240472402e-10, 0.18569442331691613, 0.9826075417729089, 0.006705937603314879, 0.0, 0.0, 0.0, 1.0], "right_foot_pose": [0.9999999999111464, -1.3051170156045816e-05, 2.715504952566309e-06, -8.214647996901083e-05, 1.3330679257396203e-05, 0.9790271583004053, -0.20372977968997696, -0.1402987889401603, 3.589232820330315e-10, 0.20372977970807427, 0.9790271583873964, 5.37478048179274e-10, 0.0, 0.0, 0.0, 1.0]}, {"left_foot_pose": [0.9999999999892207, -4.536224539973773e-06, 9.91089068036551e-07, 4.185151752989461e-05, 4.643230511616321e-06, 0.9769075538917866, -0.213662423293399, -7.213832541263371e-05, 1.018330556503477e-09, 0.2136624232956974, 0.9769075539023186, 0.018351684231498265, 0.0, 0.0, 0.0, 1.0], "right_foot_pose": [0.9999999999111466, -1.3015992173618561e-05, 2.8793327647714513e-06, -8.214647092465483e-05, 1.3330664252151377e-05, 0.9763920202251951, -0.21600607089351928, -0.140298788953103, 1.7579300603470497e-10, 0.21600607091270965, 0.9763920203119512, 2.8665239626413097e-10, 0.0, 0.0, 0.0, 1.0]}, {"left_foot_pose": [0.9999999999848201, -5.346745213608358e-06, 1.3313083714884132e-06, 2.929435826051525e-05, 5.509996927236088e-06, 0.9703509148477437, -0.24170043860901036, -9.474802290872913e-05, 4.743669072037578e-10, 0.24170043861267662, 0.9703509148624745, 0.03059348028014687, 0.0, 0.0, 0.0, 1.0], "right_foot_pose": [0.9999999999111466, -1.2993405669695587e-05, 2.979548705761641e-06, -8.214650735822905e-05, 1.3330652699243814e-05, 0.9747006651894926, -0.2235142346729943, -0.1402987887776721, 4.301823502928207e-11, 0.22351423469285361, 0.9747006652760979, 1.0162134328473016e-10, 0.0, 0.0, 0.0, 1.0]}, {"left_foot_pose": [0.9999999999784541, -6.338854752545635e-06, 1.7063398302653597e-06, 1.4010981046044159e-05, 6.564501098215101e-06, 0.9656549998014421, -0.2598276761920964, -0.00012225212777167496, -7.256885776195814e-10, 0.2598276761976992, 0.9656549998222473, 0.03882540265045164, 0.0, 0.0, 0.0, 1.0], "right_foot_pose": [0.9999999999111469, -1.298685662369015e-05, 3.0079492804869483e-06, -8.214655906368034e-05, 1.3330649040459431e-05, 0.9742103599267092, -0.22564169480343205, -0.14029878860636352, 9.873221800781261e-13, 0.22564169482348087, 0.9742103600132712, 8.449158039880444e-12, 0.0, 0.0, 0.0, 1.0]}, {"left_foot_pose": [0.9999999999700755, -7.4752371211159015e-06, 1.9926368183266423e-06, -2.965989412819497e-06, 7.736263366931138e-06, 0.9662858201031945, -0.25747177283665057, -0.00015282259574067938, -7.941485055718507e-10, 0.2574717728443612, 0.9662858201321092, 0.040000000171391145, 0.0, 0.0, 0.0, 1.0], "right_foot_pose": [0.9999999999111465, -1.2998045433811966e-05, 2.959254850110143e-06, -8.214656377549296e-05, 1.3330655436454285e-05, 0.9750480561734995, -0.22199389175059275, -0.14029878859685213, 7.100122451000416e-11, 0.22199389177031653, 0.9750480562601358, 1.175827976651611e-10, 0.0, 0.0, 0.0, 1.0]}, {"left_foot_pose": [0.9999999999599081, -8.679424528828806e-06, 2.2027541826121087e-06, -2.061535090568252e-05, 8.95458183947903e-06, 0.9692849851451592, -0.24594027220438092, -0.00018460918271594531, -4.765241385235599e-10, 0.24594027221424514, 0.9692849851840188, 0.04000000057434075, 0.0, 0.0, 0.0, 1.0], "right_foot_pose": [0.9999999999111464, -1.3024843651703808e-05, 2.839051220671157e-06, -8.214653381439362e-05, 1.333067004808993e-05, 0.9770546324112581, -0.2129888379845161, -0.14029878856071176, 2.381671925276597e-10, 0.2129888380034377, 0.9770546324980733, 4.0451270805208495e-10, 0.0, 0.0, 0.0, 1.0]}, {"left_foot_pose": [0.999999999948501, -9.883632960883546e-06, 2.3049096558593413e-06, -3.7915499266879994e-05, 1.0148832883347185e-05, 0.9738605362611121, -0.22714677151617466, -0.00021576844896008945, 3.747643243744923e-10, 0.22714677152786875, 0.9738605363112662, 0.03985643125507317, 0.0, 0.0, 0.0, 1.0], "right_foot_pose": [0.9999999999111462, -1.3065534683415638e-05, 2.645595715611377e-06, -8.214649418387124e-05, 1.3330692892175911e-05, 0.9801014473636769, -0.19849723599566463, -0.14029878859590045, 5.20331227366047e-10, 0.1984972360132949, 0.9801014474507639, 8.698594899936296e-10, 0.0, 0.0, 0.0, 1.0]}, {"left_foot_pose": [0.999999999936737, -1.1041517208949026e-05, 2.1475579299325737e-06, -5.383777864556124e-05, 1.1248426571596595e-05, 0.9815604910983726, -0.19115177788395207, -0.00024446908032675976, 2.6476284724252802e-09, 0.19115177789601556, 0.9815604911604754, 0.033862131791998026, 0.0, 0.0, 0.0, 1.0], "right_foot_pose": [0.999999999911146, -1.311850998787187e-05, 2.3691512656132957e-06, -8.214643360874438e-05, 1.3330723203041365e-05, 0.9840681916375803, -0.1777914340721591, -0.14029878911615962, 9.523018665956389e-10, 0.177791434087944, 0.984068191725021, 1.5890428695097825e-09, 0.0, 0.0, 0.0, 1.0]}, {"left_foot_pose": [0.9999999999257942, -1.2054814259293806e-05, 1.7589245849272133e-06, -6.736693510397551e-05, 1.2182460825281073e-05, 0.9894831358242787, -0.14464827607317238, -0.00026884834425853696, 3.2818868754108506e-09, 0.14464827608386635, 0.9894831358977104, 0.022394899282966348, 0.0, 0.0, 0.0, 1.0], "right_foot_pose": [0.9999999999111455, -1.317855412925083e-05, 2.008626241556483e-06, -8.214633267162161e-05, 1.3330748898281292e-05, 0.9885666777644059, -0.15078436071468646, -0.14029878952133049, 1.4588888663728544e-09, 0.15078436072806495, 0.9885666778522474, 2.5299618927610013e-09, 0.0, 0.0, 0.0, 1.0]}, {"left_foot_pose": [0.9999999999170479, -1.281843474318516e-05, 1.262085910669584e-06, -7.74823808577486e-05, 1.2880416196838371e-05, 0.995165418307628, -0.09821298304552163, -0.0002870574301086018, 2.9524605914730808e-09, 0.09821298305363065, 0.9951654183901834, 0.010060658865803589, 0.0, 0.0, 0.0, 1.0], "right_foot_pose": [0.9999999999111451, -1.3237976451963638e-05, 1.570069821987902e-06, -8.214624622257686e-05, 1.3330759012741092e-05, 0.9930224161428386, -0.11792574299163955, -0.14029878959479727, 1.9836805225398355e-09, 0.11792574300209138, 0.9930224162310762, 3.527644558409815e-09, 0.0, 0.0, 0.0, 1.0]}, {"left_foot_pose": [0.9999999999119309, -1.3251724121652654e-05, 7.286118373086886e-07, -8.315699585470537e-05, 1.3271739175440532e-05, 0.9984811801041285, -0.05509385448240728, -0.0002972574276514598, 2.5833530823912053e-09, 0.05509385448722495, 0.9984811801920661, 0.0014653390816540268, 0.0, 0.0, 0.0, 1.0], "right_foot_pose": [0.9999999999111455, -1.3288055909307986e-05, 1.0659603056906996e-06, -8.214620225973002e-05, 1.3330742492885876e-05, 0.9967833899819288, -0.08014283048673365, -0.14029878917701483, 2.410884912793617e-09, 0.08014283049382251, 0.9967833900705, 4.335065847960173e-09, 0.0, 0.0, 0.0, 1.0]}, {"left_foot_pose": [0.9999999999111471, -1.3329360314447885e-05, 1.8665735890291955e-07, -8.401247756959414e-05, 1.3330666937574647e-05, 0.9998992966733798, -0.014191417630883746, -0.00029878815348429594, 2.5239570741439445e-09, 0.014191417632110884, 0.9998992967622249, 4.647784927758192e-09, 0.0, 0.0, 0.0, 1.0], "right_foot_pose": [0.9999999999111461, -1.3320361201057665e-05, 5.248915624368186e-07, -8.214618657934358e-05, 1.3330698676113905e-05, 0.9992169763835066, -0.039565564943459815, -0.14029878879916044, 2.5470559105937195e-09, 0.039565564946941294, 0.999216976472292, 4.623859031771538e-09, 0.0, 0.0, 0.0, 1.0]}, {"left_foot_pose": [0.9999999999111476, -1.3325950394858165e-05, -3.52784918722116e-07, -8.40125058899025e-05, 1.3330619102237237e-05, 0.9996543941361683, 0.02628863074688411, -0.00029878836156039916, 2.3420045496295436e-09, -0.026288630749251318, 0.9996543942249896, 4.24105586760426e-09, 0.0, 0.0, 0.0, 1.0], "right_foot_pose": [0.9999999999111469, -1.333064010401849e-05, -1.4844223183902697e-08, -8.214622786686409e-05, 1.3330648165284878e-05, 0.9999995592803507, 0.0009387552387286129, -0.14029878895515024, 2.330008398951126e-09, -0.0009387552388432364, 0.9999995593692037, 4.317482489579749e-09, 0.0, 0.0, 0.0, 1.0]}, {"left_foot_pose": [0.9999999999111482, -1.3303496580626906e-05, -8.495239413594769e-07, -8.401251748168697e-05, 1.3330592967548077e-05, 0.9979760710607375, 0.06359057644391712, -0.0002987884419873438, 1.8275488652239738e-09, -0.06359057644959178, 0.9979760711494089, 3.277116897293375e-09, 0.0, 0.0, 0.0, 1.0], "right_foot_pose": [0.9999999997432591, 2.2640748831082954e-05, 9.370995365796942e-07, -8.214629638419604e-05, -2.2660017727231223e-05, 0.9992717734977927, 0.03815654828597229, -0.14030058707369295, -7.252429012593866e-08, -0.038156548297410796, 0.9992717737542787, 5.984210443734511e-05, 0.0, 0.0, 0.0, 1.0]}, {"left_foot_pose": [0.999999999911148, -1.3269809995809134e-05, -1.2715647136338456e-06, -8.401208135244642e-05, 1.3330593865976764e-05, 0.9954485316589662, 0.09530068541361263, -0.00029878795843333965, 1.1552388959821595e-09, -0.0953006854220958, 0.9954485317474129, 2.2315623723900835e-09, 0.0, 0.0, 0.0, 1.0], "right_foot_pose": [0.9999931960831527, 0.003678814921262604, 0.00027222816985414774, -8.214248354936128e-05, -0.003688873195199222, 0.9972943633586566, 0.07341896912652328, -0.1404838847709709, -1.396820216624114e-06, -0.0734194738051612, 0.9973011485324893, 0.005588786819542765, 0.0, 0.0, 0.0, 1.0]}, {"left_foot_pose": [0.9999999999111477, -1.3233237054448935e-05, -1.6082840294526475e-06, -8.401193545555456e-05, 1.333060914627825e-05, 0.9927001760467852, 0.12060829282838605, -0.00029878799063571496, 5.057091573561096e-10, -0.12060829283910923, 0.992700176134988, 1.3648013136302595e-09, 0.0, 0.0, 0.0, 1.0], "right_foot_pose": [0.9999206210480485, 0.01252213157265156, 0.001395644568780794, -8.213664843681383e-05, -0.012599666252787516, 0.9937992627442137, 0.11047295496806295, -0.14092942910024936, -3.633666177789148e-06, -0.11048177039645286, 0.9938781506788755, 0.016861597943677233, 0.0, 0.0, 0.0, 1.0]}, {"left_foot_pose": [0.999999999911148, -1.320098822989731e-05, -1.8545755451346549e-06, -8.401209288505332e-05, 1.3330624167904015e-05, 0.9902750247768761, 0.1391235965803526, -0.000298788315460527, -2.911715547823028e-11, -0.13912359659271387, 0.990275024864865, 6.772598315496481e-10, 0.0, 0.0, 0.0, 1.0], "right_foot_pose": [0.9996708520809975, 0.025369682345726945, 0.003816636913484127, -8.213143522095803e-05, -0.02565516435059731, 0.9885842783411429, 0.14846864032133295, -0.14158232137889148, -6.465005552627878e-06, -0.14851768862461623, 0.9889097512532706, 0.02927233257478165, 0.0, 0.0, 0.0, 1.0]}, {"left_foot_pose": [0.9999999999111477, -1.317869963319984e-05, -2.0068539904325153e-06, -8.401248426842065e-05, 1.3330625897488737e-05, 0.9885988425303214, 0.1505733322006383, -0.0002987886845599785, -3.8718612223042073e-10, -0.15057333221401217, 0.9885988426181621, 2.1828575058613353e-10, 0.0, 0.0, 0.0, 1.0], "right_foot_pose": [0.9991279804530178, 0.041062034011018426, 0.00756227735223235, -8.212296670745937e-05, -0.04175258783543342, 0.982643143751664, 0.18074615748859307, -0.14238765830563851, -9.215125162162917e-06, -0.18090428795560623, 0.9835007059043508, 0.038215066797765214, 0.0, 0.0, 0.0, 1.0]}, {"left_foot_pose": [0.999999999911148, -1.317008822920471e-05, -2.0624887816509105e-06, -8.401291568670214e-05, 1.33306070257107e-05, 0.9879525583773523, 0.15475704254714776, -0.0002987888091067594, -5.228362107849528e-10, -0.1547570425608916, 0.9879525584651357, 7.813290292535413e-11, 0.0, 0.0, 0.0, 1.0], "right_foot_pose": [0.9982111942004036, 0.05861857559881796, 0.011759012193611086, -8.21070533248165e-05, -0.05978638353189148, 0.9787487063889252, 0.1961544240800678, -0.14329052274362317, -1.08250359285746e-05, -0.19650657072162042, 0.9805025076694335, 0.04000000102240857, 0.0, 0.0, 0.0, 1.0]}, {"left_foot_pose": [0.9999999999111483, -1.3175661641182486e-05, -2.026338559668354e-06, -8.401323834442648e-05, 1.3330570410061395e-05, 0.9883744452694969, 0.15203932307304846, -0.0002987888270171452, -4.374273924788817e-10, -0.1520393230865519, 0.988374445357317, 1.8590802508544613e-10, 0.0, 0.0, 0.0, 1.0], "right_foot_pose": [0.9969022458334909, 0.07704679173100314, 0.0158020294931166, -8.209443765981432e-05, -0.07865056977407463, 0.9766029260610634, 0.20015197396773887, -0.14423601179592033, -1.1240787839516082e-05, -0.20077479097966586, 0.9796374243467405, 0.04000000082279212, 0.0, 0.0, 0.0, 1.0]}, {"left_foot_pose": [0.999999999911149, -1.3194525340228299e-05, -1.8992981177798605e-06, -8.401351625436988e-05, 1.3330522580997502e-05, 0.9897965404203396, 0.14248792367855337, -0.0002987888213566072, -1.4181381890056383e-10, -0.1424879236912119, 0.9897965405082847, 5.491660459711056e-10, 0.0, 0.0, 0.0, 1.0], "right_foot_pose": [0.9952607427622445, 0.09535060637717983, 0.019087057914970174, -8.20814474924653e-05, -0.09724224290743151, 0.9759213315772973, 0.195247281073839, -0.14516922839412902, -1.0520332384674938e-05, -0.1961780223060136, 0.9805682961698404, 0.03998808087229015, 0.0, 0.0, 0.0, 1.0]}, {"left_foot_pose": [0.9999999999111497, -1.3224661779110328e-05, -1.676270219574696e-06, -8.401378415807265e-05, 1.3330474893686442e-05, 0.9920658039159265, 0.12571969027541308, -0.00029878833358378855, 3.6997962307470934e-10, -0.12571969028658847, 0.9920658040040716, 1.24440320548036e-09, 0.0, 0.0, 0.0, 1.0], "right_foot_pose": [0.9934272428822051, 0.11270860592395973, 0.01997706810666219, -8.206497614910466e-05, -0.11446533549250582, 0.9781936098075015, 0.1733059396049578, -0.14603525964210015, -8.369513409533026e-06, -0.17445352355984903, 0.9846654091860364, 0.03494046832588481, 0.0, 0.0, 0.0, 1.0]}, {"left_foot_pose": [0.99999999991115, -1.3261169983697825e-05, -1.3573649326745442e-06, -8.401376824860697e-05, 1.3330456402235611e-05, 0.994810082702712, 0.10174919741857051, -0.000298787859883411, 1.0069180314622708e-09, -0.10174919742762452, 0.9948100827911, 2.199626869536786e-09, 0.0, 0.0, 0.0, 1.0], "right_foot_pose": [0.9916142089522461, 0.12799004018473098, 0.017883238451760094, -8.205740490948622e-05, -0.12923335705128883, 0.9820799654684489, 0.13717755228441691, -0.14677921373377745, -5.40977184300111e-06, -0.13833832093458723, 0.9903850306480474, 0.023878048172624552, 0.0, 0.0, 0.0, 1.0]}, {"left_foot_pose": [0.9999999999111495, -1.3296637501337523e-05, -9.494420240560801e-07, -8.40134898255988e-05, 1.3330491595440974e-05, 0.997469374126347, 0.0710974507439784, -0.0002987876390619544, 1.6823115235575155e-09, -0.07109745075031802, 0.9974693742149715, 3.270456946924405e-09, 0.0, 0.0, 0.0, 1.0], "right_foot_pose": [0.9900850470742445, 0.13978887583425192, 0.013808321874405326, -8.205228605522984e-05, -0.14046921211755886, 0.9852916153626072, 0.09730792949814646, -0.14734619745672506, -2.657690775115082e-06, -0.0982827700522331, 0.9951585286293824, 0.011406746585378366, 0.0, 0.0, 0.0, 1.0]}, {"left_foot_pose": [0.999999999911148, -1.3322510912224429e-05, -4.6425655791911784e-07, -8.401297046948774e-05, 1.333059736292628e-05, 0.9993992700385164, 0.03465687332661298, -0.00029878787005706633, 2.261091745046229e-09, -0.03465687332972261, 0.9993992701273144, 4.231365514917318e-09, 0.0, 0.0, 0.0, 1.0], "right_foot_pose": [0.9891214063468665, 0.14684960374845518, 0.008604497970137816, -8.204810654348967e-05, -0.14710147350017144, 0.987428089096422, 0.05785261755069736, -0.14768130673156066, -6.890251564666505e-07, -0.05848899676272983, 0.998288053247766, 0.0021324906297454232, 0.0, 0.0, 0.0, 1.0]}, {"left_foot_pose": [0.9999999999111411, -1.3330925841765048e-05, 7.073282642958781e-08, -8.401001391335355e-05, 1.3331113422913123e-05, 0.9999853779714128, -0.005407741270869239, -0.00029878833243165287, 1.358405442208523e-09, 0.005407741271331481, 0.9999853780602712, 4.526227441459252e-09, 0.0, 0.0, 0.0, 1.0], "right_foot_pose": [0.9889220004895743, 0.14840972949297027, 0.0027980599566846797, -8.204405205372448e-05, -0.14843610392252213, 0.9887462866429124, 0.018641451181540158, -0.14774878897699176, 1.3352324562062984e-09, -0.018850274312989475, 0.9998223177936791, 4.969532188536796e-09, 0.0, 0.0, 0.0, 1.0]}, {"left_foot_pose": [0.9999999999111382, -1.3317820524493051e-05, 6.00088923774756e-07, -8.400787254370786e-05, 1.3331333324145972e-05, 0.9989912091744467, -0.04490616677532452, -0.0002987887073815972, -1.4312901928598125e-09, 0.044906166779333845, 0.9989912092632186, 4.472182658921131e-09, 0.0, 0.0, 0.0, 1.0], "right_foot_pose": [0.9889220004670564, 0.14840421656493816, -0.0030766049441128844, -8.20419556612894e-05, -0.1484361040725442, 0.9887095569459938, -0.020497195208645125, -0.1477487880661574, -1.4855262147145862e-09, 0.0207268065413714, 0.9997851766707667, 5.014714213325e-09, 0.0, 0.0, 0.0, 1.0]}, {"left_foot_pose": [0.999999999911146, -1.3285830108538478e-05, 1.0935620038956873e-06, -8.401249521297163e-05, 1.3330759760544985e-05, 0.9966176950973656, -0.08217767118327403, -0.0002987881043180086, 1.935333992618739e-09, 0.08217767119054997, 0.9966176951859218, 3.8273812036360155e-09, 0.0, 0.0, 0.0, 1.0], "right_foot_pose": [0.9889220004984683, 0.14818611428363584, -0.00861118247537772, -8.204679630203137e-05, -0.14843610386326841, 0.9872565021577668, -0.05737004459737002, -0.14774878880836914, 1.9049204744128658e-09, 0.05801270964821809, 0.9983158445698794, 3.642988841146e-09, 0.0, 0.0, 0.0, 1.0]}, {"left_foot_pose": [0.9999823484980119, 0.005899723846043188, -0.0007042378449783638, 0.0003533902548744232, -0.005941605502476804, 0.9930140517888039, -0.11784646907751105, -0.00033144147333467877, 4.056452076307157e-06, 0.11784857321378239, 0.9930315774309606, 0.004551134141532659, 0.0, 0.0, 0.0, 1.0], "right_foot_pose": [0.9889220005112609, 0.1478218511573492, -0.01348989344731725, -8.204769692016223e-05, -0.14843610377804126, 0.9848296820475976, -0.0898733578610629, -0.14774878938072178, 1.3458281451443337e-09, 0.09088012807232736, 0.9958618389724336, 2.529071264911753e-09, 0.0, 0.0, 0.0, 1.0]}, {"left_foot_pose": [0.9997436371566636, 0.02236794565086168, -0.0035121178976271574, 0.0015802000010374413, -0.022641993507491673, 0.9877097293234812, -0.15465067322757914, -0.00042299929656740287, 9.735164393889458e-06, 0.15469054789190195, 0.9879629721290827, 0.015387259400700244, 0.0, 0.0, 0.0, 1.0], "right_foot_pose": [0.9889220005154559, 0.14740292903698965, -0.017482946199807815, -8.204816994067041e-05, -0.14843610375009558, 0.9820387079372221, -0.11647617445848064, -0.14774878939235486, 6.18791763507678e-10, 0.11778095187383977, 0.9930396001044933, 1.5661826002766333e-09, 0.0, 0.0, 0.0, 1.0]}, {"left_foot_pose": [0.9988530942676428, 0.04699221501740833, -0.009177570469045484, 0.0034351637463323472, -0.0478800146968461, 0.9803971891071038, -0.19112523586256253, -0.0005614235443029171, 1.6266111777876305e-05, 0.19134545544289258, 0.9815227538966005, 0.027903182037464225, 0.0, 0.0, 0.0, 1.0], "right_foot_pose": [0.9889220005142344, 0.14700988233757045, -0.020527332852040045, -8.204831238659135e-05, -0.14843610375823235, 0.9794201224656242, -0.13675871749361113, -0.14774878902099434, -1.1153521719036776e-10, 0.13829070180064792, 0.9903916810007464, 8.065562315251462e-10, 0.0, 0.0, 0.0, 1.0]}, {"left_foot_pose": [0.9968408560592729, 0.07745857262250262, -0.017563519530589756, 0.005756965388725971, -0.07942485251659391, 0.9722243727684141, -0.22016235327090433, -0.0007346768072605987, 2.2220129657899167e-05, 0.22086180865498145, 0.9753051117388432, 0.03749297875949062, 0.0, 0.0, 0.0, 1.0], "right_foot_pose": [0.9889220005109083, 0.1467103082298627, -0.022569057680856035, -8.204810695367631e-05, -0.14843610378039127, 0.9774242768751739, -0.15036125188871155, -0.14774878853072312, -7.269562924378791e-10, 0.1520456130052502, 0.988373477773386, 2.8762450754449276e-10, 0.0, 0.0, 0.0, 1.0]}, {"left_foot_pose": [0.9933628142147609, 0.11189595966547469, -0.026638572519436653, 0.008384308099655593, -0.11502312242152476, 0.9664070458601638, -0.2298414736731282, -0.0009307359507045518, 2.5371906858731502e-05, 0.23138002489924417, 0.9728634454197018, 0.04000000023238341, 0.0, 0.0, 0.0, 1.0], "right_foot_pose": [0.9889220005090972, 0.14655442115525807, -0.02356010502803507, -8.204762859489274e-05, -0.14843610379245598, 0.9763857139338488, -0.15696388347898338, -0.14774878829269134, -1.1173896329270466e-09, 0.15872220785301555, 0.9873232807618101, 9.367672609839062e-11, 0.0, 0.0, 0.0, 1.0]}, {"left_foot_pose": [0.9883166043393304, 0.14835173596464085, -0.03495786068187927, 0.011155888986498769, -0.1524148579564396, 0.9620084279642644, -0.22651599413693346, -0.0011375644704081124, 2.5715645597848873e-05, 0.2291976155242511, 0.9733799116361013, 0.040000000254481506, 0.0, 0.0, 0.0, 1.0], "right_foot_pose": [0.9889220005110525, 0.14655912063722915, -0.02353085343245415, -8.204713697551212e-05, -0.1484361037794293, 0.9764170231515696, -0.156769002020839, -0.14774878831044075, -1.2186174943426021e-09, 0.1585251432986875, 0.9873549407088266, 1.1421132095623676e-10, 0.0, 0.0, 0.0, 1.0]}, {"left_foot_pose": [0.9819075255054074, 0.18474959640388905, -0.04153550269888056, 0.013910390034523773, -0.1893610593363025, 0.9580228418264809, -0.2152547879740373, -0.0013431181983465795, 2.3725130064736793e-05, 0.21922550300390375, 0.9756742172824925, 0.040000000540190025, 0.0, 0.0, 0.0, 1.0], "right_foot_pose": [0.988922000517225, 0.1467217883538192, -0.022494304062738012, -8.20466236304768e-05, -0.1484361037383083, 0.9775007605922404, -0.14986322480375885, -0.1477487883680274, -1.021358355804586e-09, 0.1515420069282733, 0.9884508182687447, 3.809452059355678e-10, 0.0, 0.0, 0.0, 1.0]}, {"left_foot_pose": [0.9746639651316844, 0.21964648494800804, -0.04225608505018576, 0.016486506991929453, -0.22367421562098697, 0.9571286345533799, -0.18405059680511537, -0.0015353725650168355, 1.8442344828728035e-05, 0.1888390811457404, 0.9820080453295248, 0.035935553297098105, 0.0, 0.0, 0.0, 1.0], "right_foot_pose": [0.9889220005203999, 0.14712778105713073, -0.019664509348939728, -8.20464001080089e-05, -0.14843610371715332, 0.980205596505887, -0.13101034955990645, -0.14774878905373656, 9.010481768251315e-11, 0.13247794012492564, 0.991185953986565, 1.0699143238035447e-09, 0.0, 0.0, 0.0, 1.0]}, {"left_foot_pose": [0.9674032191273311, 0.25044283717324134, -0.03754193562798733, 0.01872292637416899, -0.2532410146068354, 0.9567209298915325, -0.14336684005858152, -0.0017022768774127145, 1.1957383102261031e-05, 0.14820070045752068, 0.9889573055703277, 0.02534169503879114, 0.0, 0.0, 0.0, 1.0], "right_foot_pose": [0.9889220005282449, 0.147534998059783, -0.016330989520347526, -8.204621521225742e-05, -0.14843610366488952, 0.9829185885638952, -0.10880152289534664, -0.14774878961445453, 6.999251740168685e-10, 0.11002032813557819, 0.9939293372252072, 2.055408038215134e-09, 0.0, 0.0, 0.0, 1.0]}, {"left_foot_pose": [0.9611507832839319, 0.2745021943634416, -0.028943342625562123, 0.020458325342164574, -0.27602386084642816, 0.9558544263518166, -0.10076280994033363, -0.0018317792403704358, 6.009723212678272e-06, 0.10483730687735013, 0.9944893860924755, 0.012797083474694715, 0.0, 0.0, 0.0, 1.0], "right_foot_pose": [0.9889220005305147, 0.14795319269615076, -0.011963679941396814, -8.204625772683261e-05, -0.14843610364976742, 0.9857047161892888, -0.07970530481385112, -0.1477487898884312, 1.4191846954481375e-09, 0.08059817152522175, 0.9967466753126349, 3.1601571706674214e-09, 0.0, 0.0, 0.0, 1.0]}, {"left_foot_pose": [0.9570159286281376, 0.28945418098554165, -0.01835182448734702, 0.021531400171281963, -0.2900353639627009, 0.9550986076058073, -0.0605486366524678, -0.0019118449400669282, 1.7459828599235766e-06, 0.06326868782769625, 0.9979965296219794, 0.0029076426217596596, 0.0, 0.0, 0.0, 1.0], "right_foot_pose": [0.9889220005224402, 0.1482853512456076, -0.006688160334552283, -8.204657413652576e-05, -0.14843610370355945, 0.987917646972215, -0.04455834285729331, -0.14774878964069862, 2.09876772619033e-09, 0.04505749001940479, 0.9989843955703968, 4.134896917917796e-09, 0.0, 0.0, 0.0, 1.0]}, {"left_foot_pose": [0.9559295323965068, 0.293517180836811, -0.006811288116628873, 0.021804854570150075, -0.29359620074550824, 0.9556722490528411, -0.02217708948642052, -0.001932239071147368, 2.2481454573458938e-09, 0.023199503095894473, 0.9997308553086199, 4.930979555228809e-09, 0.0, 0.0, 0.0, 1.0], "right_foot_pose": [0.9889220004629898, 0.14843387844257014, -0.0008128534764577112, -8.204880333490244e-05, -0.1484361040996356, 0.9889071726074371, -0.005415437681893425, -0.14774878851916737, 2.2145603682311235e-09, 0.005476102269009793, 0.9999850060395601, 4.618368944220297e-09, 0.0, 0.0, 0.0, 1.0]}, {"left_foot_pose": [0.9559295324338879, 0.2935507233355382, 0.005167383275103053, 0.02180485038584894, -0.2935962006237978, 0.9557814614602587, 0.016824651799175718, -0.001932239572868177, -4.330868534938034e-10, -0.017600305624486407, 0.9998451026243644, 5.397472670198855e-09, 0.0, 0.0, 0.0, 1.0], "right_foot_pose": [0.9889220003898695, 0.14834538832877178, 0.005188728792708891, -8.205267116008106e-05, -0.148436104586783, 0.9883176239254845, 0.03456872999382939, -0.1477487870513553, -4.3663685795943003e-10, -0.03495597230618222, 0.9993888532498895, 4.825294601384922e-09, 0.0, 0.0, 0.0, 1.0]}, {"left_foot_pose": [0.9559295323838305, 0.2931329399947331, 0.01648661901289155, 0.021804855459934814, -0.293596200786781, 0.9544211859545016, 0.05367933200749898, -0.0019322395343920086, 1.9376471478575945e-09, -0.056154067450609135, 0.9984221154946205, 3.893679975663922e-09, 0.0, 0.0, 0.0, 1.0], "right_foot_pose": [0.9889220004752894, 0.14803562677065454, 0.010896338034918166, -8.204814062747769e-05, -0.14843610401769416, 0.9862539103468819, 0.07259440301795334, -0.14774878896961208, 1.9554047067337555e-09, -0.07340761222178702, 0.9973020216904686, 3.940766671317597e-09, 0.0, 0.0, 0.0, 1.0]}, {"left_foot_pose": [0.9559295323468749, 0.2924130564131742, 0.026331229105219196, 0.021804857193065984, -0.2935962009071057, 0.9520772928549136, 0.08573271979223666, -0.0019322392190700456, 1.3050221934577522e-09, -0.08968518756832548, 0.9959701637754189, 2.584081858214571e-09, 0.0, 0.0, 0.0, 1.0], "right_foot_pose": [0.9882204483424172, 0.1521258630770685, 0.016675348900968202, -0.00041632202906569994, -0.1530370721975371, 0.982338786956173, 0.10765761549783716, -0.1476728024956347, -3.334337020535163e-06, -0.10894140362842493, 0.9940481731608135, 0.00360048256115833, 0.0, 0.0, 0.0, 1.0]}, {"left_foot_pose": [0.9559295323445969, 0.29157321966379085, 0.0344062024398523, 0.021804857527877752, -0.29359620091452343, 0.9493428409217076, 0.11202428843452206, -0.0019322392472240152, 4.898216224850053e-10, -0.11718885597868561, 0.9931096475386835, 1.5993815785653176e-09, 0.0, 0.0, 0.0, 1.0], "right_foot_pose": [0.9857210470446014, 0.16659357939294767, 0.024507074862990353, -0.0015333051212362483, -0.16838651174426514, 0.9752328928828274, 0.1434112523548635, -0.1474189218316908, -8.711659708199342e-06, -0.14549015067844828, 0.9893596999977662, 0.013936172993310729, 0.0, 0.0, 0.0, 1.0]}, {"left_foot_pose": [0.955929532351052, 0.2907865492409747, 0.04052051282531221, 0.021804857376950728, -0.29359620089350597, 0.9467814952004564, 0.13193207027439885, -0.001932239538296564, -2.697282310058811e-10, -0.1380144308632805, 0.9904302180736843, 8.386439737106954e-10, 0.0, 0.0, 0.0, 1.0], "right_foot_pose": [0.9813266736162441, 0.18911919754785686, 0.03509827300783261, -0.003283088654379588, -0.1923485363127689, 0.9648654905017136, 0.17898778119531736, -0.1470212259813121, -1.5086850935776536e-05, -0.1823965853785156, 0.983225043118128, 0.02649353457094334, 0.0, 0.0, 0.0, 1.0]}, {"left_foot_pose": [0.9559295323579143, 0.29019479341332866, 0.04456131777423256, 0.0218048568603775, -0.29359620087116345, 0.944854778317684, 0.14508865815169872, -0.001932239847224555, -8.481673319217241e-10, -0.15177756674171805, 0.9884146752421091, 3.1232864905472724e-10, 0.0, 0.0, 0.0, 1.0], "right_foot_pose": [0.9748985659098481, 0.21750319047280403, 0.04759357436747734, -0.00550793560119119, -0.22264946830986418, 0.952385262391871, 0.20830152721499992, -0.14651556602799223, -2.117206251700166e-05, -0.21366954418661968, 0.9769059962139786, 0.036666642714941064, 0.0, 0.0, 0.0, 1.0]}, {"left_foot_pose": [0.9559295323745731, 0.2899903956517713, 0.04587264504974548, 0.021804856252822132, -0.29359620081692245, 0.9441892729440099, 0.14935825294684, -0.0019322397523341226, -5.116266368299015e-10, -0.15624399920378468, 0.9877184885952113, 4.3333045485205446e-11, 0.0, 0.0, 0.0, 1.0], "right_foot_pose": [0.9664090957097752, 0.2503795375715377, 0.05799609378981789, -0.008050106187897685, -0.25700867519587917, 0.9415036420178449, 0.21798493741814529, -0.14593778049413017, -2.4565697606399316e-05, -0.22556812548007896, 0.9742273965373431, 0.04000000010167483, 0.0, 0.0, 0.0, 1.0]}, {"left_foot_pose": [0.9559295323647129, 0.2900495809140965, 0.04549692038522929, 0.021804855918432366, -0.29359620084902804, 0.9443819760511798, 0.14813491876221263, -0.0019322396984702396, -4.719228282361592e-10, -0.1549642665946807, 0.9879200757544988, 1.0839495967474022e-10, 0.0, 0.0, 0.0, 1.0], "right_foot_pose": [0.9560601156306789, 0.2856820801948777, 0.06583923112992497, -0.010751868929127047, -0.29317069203042967, 0.9316582647109428, 0.21462484276102192, -0.14532371483072445, -2.5192282941450226e-05, -0.22449638494043064, 0.9744749214392474, 0.040000000129131755, 0.0, 0.0, 0.0, 1.0]}, {"left_foot_pose": [0.9559295323509412, 0.29041585237979173, 0.04309712131721837, 0.021804855631777358, -0.29359620089386684, 0.9455745310720248, 0.14032133483048623, -0.0019322396507559167, -2.1821741204478739e-10, -0.14679045907156407, 0.9891676102287018, 4.326908553675679e-10, 0.0, 0.0, 0.0, 1.0], "right_foot_pose": [0.9443500887885448, 0.321206404523051, 0.07091794905693412, -0.0134554874060965, -0.32894210623315606, 0.9221572868817551, 0.20352648230089138, -0.14470922764240648, -2.3493888467189424e-05, -0.2155281511641907, 0.9764976269831803, 0.040000000448849146, 0.0, 0.0, 0.0, 1.0]}, {"left_foot_pose": [0.955929532336098, 0.291048017191881, 0.03859767993499267, 0.021804855474556514, -0.29359620094219435, 0.9476