{"LoopMode": "Wrap", "FrameDuration": 0.0167, "EnableCycleOffsetPosition": true, "EnableCycleOffsetRotation": false, "Debug_info": [{"left_foot_pose": [0.9999999999929867, -3.744890035647634e-06, -5.533150843055111e-08, 5.48495072233371e-05, 3.745298780788623e-06, 0.9998908694794524, 0.014773256837889479, -4.869648358948181e-05, 1.2476320428872015e-12, -0.014773256837993265, 0.9998908694864654, 2.754643735336515e-12, 0.0, 0.0, 0.0, 1.0], "right_foot_pose": [0.999999999911147, -1.333011111122317e-05, 1.197468808556696e-07, -8.21465772941456e-05, 1.3330648954748396e-05, 0.9999596526749165, -0.008982919600767683, -0.14029878861684006, 1.2668552213198076e-12, 0.008982919601565673, 0.9999596527637664, 1.8034879145645277e-12, 0.0, 0.0, 0.0, 1.0]}, {"left_foot_pose": [0.9999999999929867, -3.7449514653314975e-06, -5.1003997192306516e-08, 5.4849507502644716e-05, 3.74529877151265e-06, 0.9999072794521345, 0.013617359678165165, -4.869648359664622e-05, 2.916808398992661e-12, -0.013617359678260854, 0.9999072794591477, 6.070872970997954e-12, 0.0, 0.0, 0.0, 1.0], "right_foot_pose": [0.9999999999111469, -1.3329963848001799e-05, 1.351504759773132e-07, -8.214657707889648e-05, 1.3330648965520567e-05, 0.9999486035142593, -0.010138547833713435, -0.14029878861728723, 2.946245753638505e-12, 0.010138547834614082, 0.999948603603108, 4.619145343998099e-12, 0.0, 0.0, 0.0, 1.0]}, {"left_foot_pose": [0.9999999999929867, -3.7450298435212726e-06, -4.488074506474092e-08, 5.484950788249846e-05, 3.745298761454675e-06, 0.9999282153563924, 0.011981824575307616, -4.869648350468159e-05, 5.23241690373191e-12, -0.011981824575391844, 0.9999282153634057, 1.0587149212870628e-11, 0.0, 0.0, 0.0, 1.0], "right_foot_pose": [0.9999999999111471, -1.3329725030515396e-05, 1.5694876454039286e-07, -8.214657676375265e-05, 1.3330648982909458e-05, 0.9999306848741837, -0.011773923277289784, -0.140298788617802, 5.273900356173399e-12, 0.011773923278335709, 0.9999306849630307, 8.638548210093688e-12, 0.0, 0.0, 0.0, 1.0]}, {"left_foot_pose": [0.999999999992987, -3.7451158232725526e-06, -3.7016560538933294e-08, 5.484950835014825e-05, 3.745298754154318e-06, 0.9999511786942359, 0.009881306289251551, -4.869648331063195e-05, 8.116575265497026e-12, -0.009881306289321058, 0.9999511787012494, 1.6167324423665974e-11, 0.0, 0.0, 0.0, 1.0], "right_foot_pose": [0.9999999999111467, -1.33293659530088e-05, 1.8494946268940396e-07, -8.21465763587259e-05, 1.3330649009504958e-05, 0.9999037427930595, -0.013874616056845673, -0.14029878861836023, 8.174878828737705e-12, 0.01387461605807822, 0.999903742881904, 1.3724646419355224e-11, 0.0, 0.0, 0.0, 1.0]}, {"left_foot_pose": [0.9999999999929867, -3.7451981726070832e-06, -2.7448075867670365e-08, 5.484950890804654e-05, 3.7452987532795293e-06, 0.9999731675632362, 0.007325581172940599, -4.869648300373855e-05, 1.158610326542569e-11, -0.007325581172992194, 0.9999731675702499, 2.2858326342856117e-11, 0.0, 0.0, 0.0, 1.0], "right_foot_pose": [0.9999999999111469, -1.3328849601714256e-05, 2.1902594815612036e-07, -8.214657586082533e-05, 1.333064904919192e-05, 0.9998649997991196, -0.016431128963043058, -0.14029878861895442, 1.1666944643466477e-11, 0.016431128964502714, 0.999864999887961, 1.990630577042296e-11, 0.0, 0.0, 0.0, 1.0]}, {"left_foot_pose": [0.9999999999929869, -3.7452637935512916e-06, -1.6184578011041965e-08, 5.484950956512573e-05, 3.7452987632601905e-06, 0.9999906812162438, 0.004317113230650477, -4.869648256357849e-05, 1.5699065543085452e-11, -0.004317113230680988, 0.9999906812232575, 3.0786956317641057e-11, 0.0, 0.0, 0.0, 1.0], "right_foot_pose": [0.9999999999111469, -1.3328129913956346e-05, 2.5914978740723646e-07, -8.214657526024136e-05, 1.3330649107117211e-05, 0.9998109993215716, -0.019441333747821306, -0.14029878861957853, 1.5813935602390153e-11, 0.019441333749548366, 0.999810999410408, 2.7291516269123406e-11, 0.0, 0.0, 0.0, 1.0]}, {"left_foot_pose": [0.9999999999929869, -3.7452974376238274e-06, -3.182266783347496e-09, 5.484951034840923e-05, 3.745298789835827e-06, 0.9999996436888012, 0.0008441612667120567, -4.869648195070589e-05, 2.0630599897929038e-11, -0.0008441612667182278, 0.999999643695815, 4.029949290940138e-11, 0.0, 0.0, 0.0, 1.0], "right_foot_pose": [0.9999999999111469, -1.3327148537548443e-05, 3.0548275348216105e-07, -8.214657452999339e-05, 1.3330649191087897e-05, 0.9997373622879792, -0.022917379164462532, -0.14029878862023712, 2.0793931600911645e-11, 0.02291737916649839, 0.9997373623768088, 3.619674698862596e-11, 0.0, 0.0, 0.0, 1.0]}, {"left_foot_pose": [0.9999999999929869, -3.74528074583503e-06, 1.1642331765387482e-08, 5.48495112957203e-05, 3.745298841318484e-06, 0.9999951464141268, -0.003115627410735115, -4.8696481105583306e-05, 2.6623956418000087e-11, 0.003115627410756694, 0.9999951464211407, 5.187975743448092e-11, 0.0, 0.0, 0.0, 1.0], "right_foot_pose": [0.9999999999111469, -1.332583247852504e-05, 3.5832923694920057e-07, -8.214657363146784e-05, 1.333064931234493e-05, 0.9996386104783749, -0.026882117906849464, -0.14029878862093192, 2.685928656280149e-11, 0.026882117909237526, 0.9996386105671959, 4.707079170884754e-11, 0.0, 0.0, 0.0, 1.0]}, {"left_foot_pose": [0.9999999999929866, -3.7451910057672967e-06, 2.8432459609000824e-08, 5.4849512455093086e-05, 3.7452989300958347e-06, 0.9999711151559117, -0.00760058154459276, -4.8696479943707155e-05, 3.399116366735056e-11, 0.007600581544645766, 0.9999711151629251, 6.614573472285556e-11, 0.0, 0.0, 0.0, 1.0], "right_foot_pose": [0.9999999999111467, -1.3324087870764625e-05, 4.182082701254806e-07, -8.214657251453027e-05, 1.3330649487009037e-05, 0.9995076988187553, -0.031374509148831206, -0.1402987886216559, 3.43310773796048e-11, 0.03137450915161832, 0.9995076989075646, 6.048852391193904e-11, 0.0, 0.0, 0.0, 1.0]}, {"left_foot_pose": [0.9999999999929868, -3.744999432316579e-06, 4.7375245504426915e-08, 5.4849513903685756e-05, 3.7452990751842475e-06, 0.9999198488898496, -0.012660797055234178, -4.869647833226701e-05, 4.3229213483512724e-11, 0.012660797055322635, 0.999919848896863, 8.408284485339479e-11, 0.0, 0.0, 0.0, 1.0], "right_foot_pose": [0.9999999999111467, -1.3321795035717973e-05, 4.857978179174381e-07, -8.214657109899334e-05, 1.3330649740110462e-05, 0.9993356438572308, -0.03644544880705756, -0.1402987886223997, 4.37238374252897e-11, 0.036445448810295114, 0.9993356439460248, 7.736935397906208e-11, 0.0, 0.0, 0.0, 1.0]}, {"left_foot_pose": [0.9999999999929868, -3.7446688814632495e-06, 6.871572638685272e-08, 5.4849515721585625e-05, 3.7452993047766216e-06, 0.999831407263739, -0.01836183637289756, -4.8696476100677094e-05, 5.4855692495667095e-11, 0.018361836373025953, 0.9998314072707514, 1.0673597422572456e-10, 0.0, 0.0, 0.0, 1.0], "right_foot_pose": [0.9999999999111469, -1.3318798932795287e-05, 5.619850910188738e-07, -8.214656929822848e-05, 1.3330650106171842e-05, 0.999110807228717, -0.04216153105705342, -0.1402987886231175, 5.557674718327619e-11, 0.042161531060798715, 0.999110807317491, 9.867868328017337e-11, 0.0, 0.0, 0.0, 1.0]}, {"left_foot_pose": [0.9999999999929867, -3.7441509504163953e-06, 9.275358525691566e-08, 5.4849518042952316e-05, 3.7452996628768017e-06, 0.999692830889013, -0.024783943493420262, -4.869647297738554e-05, 6.973107986084799e-11, 0.024783943493593644, 0.9996928308960245, 1.3583729974175895e-10, 0.0, 0.0, 0.0, 1.0], "right_foot_pose": [0.9999999999111469, -1.331489872906808e-05, 6.478567129986899e-07, -8.214656696861193e-05, 1.333065063988021e-05, 0.998818110763665, -0.048604335534978026, -0.14029878862374467, 7.078736728034995e-11, 0.048604335539295586, 0.998818110852413, 1.2601850118976188e-10, 0.0, 0.0, 0.0, 1.0]}, {"left_foot_pose": [0.9999999999929867, -3.7433823544720444e-06, 1.1984258302407076e-07, 5.4849521011679766e-05, 3.7453002137560347e-06, 0.9994871701795887, -0.03202181494499599, -4.869646861070144e-05, 8.877258727705787e-11, 0.03202181494522005, 0.9994871701865988, 1.7328315171649677e-10, 0.0, 0.0, 0.0, 1.0], "right_foot_pose": [0.9999999999111467, -1.3309834460731424e-05, 7.446971463377083e-07, -8.214656395005143e-05, 1.3330651417139947e-05, 0.9984380355254654, -0.05587028761643645, -0.14029878862413978, 9.032342458794686e-11, 0.05587028762139932, 0.9984380356141801, 1.6111531553342218e-10, 0.0, 0.0, 0.0, 1.0]}, {"left_foot_pose": [0.9999999999929869, -3.742279774633453e-06, 1.5040645190429976e-07, 5.4849524847677664e-05, 3.7453010562660924e-06, 0.9991920976701164, -0.04018895295434311, -4.869646246669253e-05, 1.1336743954768093e-10, 0.040188952954624366, 0.9991920976771242, 2.2195852794615334e-10, 0.0, 0.0, 0.0, 1.0], "right_foot_pose": [0.9999999999111469, -1.3303266496328538e-05, 8.54048051446371e-07, -8.214655999835976e-05, 1.3330652554732397e-05, 0.9979450765919915, -0.06407514282542076, -0.14029878862408093, 1.1565269062242248e-10, 0.06407514283111236, 0.9979450766806622, 2.0658588034683234e-10, 0.0, 0.0, 0.0, 1.0]}, {"left_foot_pose": [0.9999999999929867, -3.7407344164140546e-06, 1.8492060943627271e-07, 5.484952982232954e-05, 3.745302335917227e-06, 0.9987784446991168, -0.049412735103276026, -4.869645381398724e-05, 1.4519962422922634e-10, 0.04941273510362187, 0.9987784447061223, 2.854579905786636e-10, 0.0, 0.0, 0.0, 1.0], "right_foot_pose": [0.9999999999111466, -1.3294756616048062e-05, 9.77644358080093e-07, -8.214655480482758e-05, 1.3330654220651314e-05, 0.9973063209790737, -0.07334917830131864, -0.14029878862319128, 1.4857522679729252e-10, 0.07334917830783383, 0.9973063210676877, 2.656393160993531e-10, 0.0, 0.0, 0.0, 1.0]}, {"left_foot_pose": [0.9999999999929868, -3.7386032717480328e-06, 2.239411873717507e-07, 5.484953628911716e-05, 3.7453042662480832e-06, 0.998207849337446, -0.05984220506535394, -4.869644163567159e-05, 1.8641231733767598e-10, 0.059842205065772786, 0.9982078493444475, 3.6849064077859595e-10, 0.0, 0.0, 0.0, 1.0], "right_foot_pose": [0.9999999999111465, -1.3283732694673567e-05, 1.1175207682013466e-06, -8.214654796021537e-05, 1.3330656658090592e-05, 0.9964787921240388, -0.08384519467035992, -0.14029878862086814, 1.9140834765968372e-10, 0.08384519467780713, 0.9964787922125793, 3.4241224439179874e-10, 0.0, 0.0, 0.0, 1.0]}, {"left_foot_pose": [0.9999999999929867, -3.7357010586322486e-06, 2.6807349751141687e-07, 5.48495447408896e-05, 3.7453071629129286e-06, 0.9974305735180629, -0.07163973057879253, -4.8696424486649806e-05, 2.399147489091372e-10, 0.0716397305792939, 0.9974305735250587, 4.776132475625694e-10, 0.0, 0.0, 0.0, 1.0], "right_foot_pose": [0.9999999999111469, -1.3269460248358479e-05, 1.275902343445073e-06, -8.214653888900369e-05, 1.3330660224229172e-05, 0.9954073052490467, -0.09573033207466146, -0.1402987886161757, 2.4732246327236195e-10, 0.09573033208316395, 0.9954073053374921, 4.425869462587606e-10, 0.0, 0.0, 0.0, 1.0]}, {"left_foot_pose": [0.9999999999929869, -3.7317878875412996e-06, 3.1798926813937863e-07, 5.484955574370464e-05, 3.745311458277424e-06, 0.9963821918834582, -0.08498545571736955, -4.8696400550799976e-05, 3.0884996212632463e-10, 0.08498545571796429, 0.9963821918904466, 6.204226715711414e-10, 0.0, 0.0, 0.0, 1.0], "right_foot_pose": [0.9999999999111466, -1.325099377068425e-05, 1.4552677374824738e-06, -8.214652691029547e-05, 1.3330665399674824e-05, 0.9940208121954632, -0.1091907722500635, -0.14029878860769823, 3.198243814651711e-10, 0.10919077225976109, 0.9940208122837857, 5.725136198453384e-10, 0.0, 0.0, 0.0, 1.0]}, {"left_foot_pose": [0.9999999999929869, -3.726560177880487e-06, 3.743720261018706e-07, 5.484957004450027e-05, 3.7453177459696874e-06, 0.9949811190819692, -0.10006284353527801, -4.8696367480283165e-05, 3.97110289724436e-10, 0.10006284353597816, 0.994981119088948, 8.068945719919007e-10, 0.0, 0.0, 0.0, 1.0], "right_foot_pose": [0.9999999999111466, -1.3227144553742778e-05, 1.6581572604424663e-06, -8.214651111994432e-05, 1.3330672840387834e-05, 0.992229971109415, -0.12441737923016595, -0.14029878859339875, 4.1332946112543147e-10, 0.12441737924121525, 0.9922299711975785, 7.403130816707737e-10, 0.0, 0.0, 0.0, 1.0]}, {"left_foot_pose": [0.9999999999929867, -3.719641454398871e-06, 4.3788114473260406e-07, 5.484958833972297e-05, 3.7453267135590093e-06, 0.9931261878745418, -0.11704860077657463, -4.869632298504928e-05, 5.075951919202372e-10, 0.11704860077739355, 0.9931261878815075, 1.0463853256093003e-09, 0.0, 0.0, 0.0, 1.0], "right_foot_pose": [0.9999999999111464, -1.3196446289744247e-05, 1.887040686765567e-06, -8.214649064002912e-05, 1.3330683288994949e-05, 0.989924579329812, -0.14159564633486327, -0.14029878857062683, 5.313835344110005e-10, 0.1415956463474374, 0.9899245794177712, 9.528785191448286e-10, 0.0, 0.0, 0.0, 1.0]}, {"left_foot_pose": [0.9999999999929866, -3.710598178370514e-06, 5.089456517893435e-07, 5.484961107817573e-05, 3.7453389846581623e-06, 0.9907009816686246, -0.13605721188822287, -4.869626577438946e-05, 6.406854208439529e-10, 0.13605721188917458, 0.9907009816755737, 1.3449208760563103e-09, 0.0, 0.0, 0.0, 1.0], "right_foot_pose": [0.9999999999111459, -1.3157226300646058e-05, 2.1435693420835666e-06, -8.214646486522037e-05, 1.3330697393510783e-05, 0.9869789501247972, -0.1608494694826362, -0.14029878853655264, 6.750513619514147e-10, 0.16084946949691933, 0.9869789502124952, 1.213255551579806e-09, 0.0, 0.0, 0.0, 1.0]}, {"left_foot_pose": [0.9999999999929863, -3.6989775180744873e-06, 5.875745830997304e-07, 5.48496367544702e-05, 3.7453541833321094e-06, 0.9875846799188476, -0.15708755512630862, -4.86962003358668e-05, 7.836779156589161e-10, 0.15708755512740727, 0.9875846799257747, 1.6829837662379887e-09, 0.0, 0.0, 0.0, 1.0], "right_foot_pose": [0.999999999911146, -1.3107763616732626e-05, 2.4278562288372037e-06, -8.214643542022364e-05, 1.3330714617411164e-05, 0.9832640248020524, -0.18218632592036407, -0.14029878849068436, 8.316070123881232e-10, 0.18218632593654102, 0.9832640248894213, 1.5006866235789396e-09, 0.0, 0.0, 0.0, 1.0]}, {"left_foot_pose": [0.9999999999929865, -3.6845051984436357e-06, 6.724735306940665e-07, 5.484966163421953e-05, 3.74537025939797e-06, 0.9837055375785964, -0.1797871389259474, -4.8696139006994266e-05, 9.107118593523762e-10, 0.17978713892720485, 0.9837055375854967, 2.0115443269408395e-09, 0.0, 0.0, 0.0, 1.0], "right_foot_pose": [0.9999999999111457, -1.3047098395333577e-05, 2.735261309172535e-06, -8.214640664200561e-05, 1.3330732538798539e-05, 0.9787082949782742, -0.20525611601852725, -0.14029878843805643, 9.73809661465858e-10, 0.2052561160367523, 0.978708295065239, 1.7688588510589298e-09, 0.0, 0.0, 0.0, 1.0]}, {"left_foot_pose": [0.9999999999929864, -3.667474117679393e-06, 7.599181021667608e-07, 5.484966520044869e-05, 3.7453759643600595e-06, 0.9791515708327154, -0.2031309954728701, -4.869613472474263e-05, 9.026645854992126e-10, 0.20313099547429136, 0.9791515708395839, 2.0639501219221756e-09, 0.0, 0.0, 0.0, 1.0], "right_foot_pose": [0.9999999999111455, -1.2976651554189762e-05, 3.052064300568338e-06, -8.214640196760274e-05, 1.3330738205728175e-05, 0.9734216193279637, -0.2290204157869261, -0.14029878841122467, 9.727604626563146e-10, 0.22902041580726282, 0.9734216194144594, 1.7852803541051898e-09, 0.0, 0.0, 0.0, 1.0]}, {"left_foot_pose": [0.9999999999928643, -3.6810304142422036e-06, 8.499059907519245e-07, 5.463884433867776e-05, 3.7778730185604563e-06, 0.9743211419475304, -0.2251628573717009, -4.907683875315233e-05, 7.49950353446623e-10, 0.2251628573733047, 0.9743211419544842, 0.00027808355536492607, 0.0, 0.0, 0.0, 1.0], "right_foot_pose": [0.9999999999111455, -1.2903777669292167e-05, 3.346748853105898e-06, -8.214644433289789e-05, 1.3330724114417448e-05, 0.9679580262166826, -0.2511120453204018, -0.14029878850448582, 7.815886625855032e-10, 0.251112045342704, 0.9679580263026926, 1.3964749981387747e-09, 0.0, 0.0, 0.0, 1.0]}, {"left_foot_pose": [0.9999999999915121, -3.992588001269722e-06, 1.0179802636956717e-06, 5.236691860983545e-05, 4.120320682279108e-06, 0.9689697199331873, -0.24717945269707314, -5.317235614494403e-05, 4.936659687871652e-10, 0.24717945269916913, 0.9689697199414131, 0.0030721534493184446, 0.0, 0.0, 0.0, 1.0], "right_foot_pose": [0.9999999999111463, -1.2837612350829847e-05, 3.592100597083004e-06, -8.214650460374999e-05, 1.3330696806164692e-05, 0.9630015661002952, -0.2694957949777161, -0.14029878865950948, 4.840454134312678e-10, 0.2694957950016554, 0.9630015661858637, 7.797828632805093e-10, 0.0, 0.0, 0.0, 1.0]}, {"left_foot_pose": [0.9999999999885789, -4.604516880158985e-06, 1.2810038700351353e-06, 4.7844366743862484e-05, 4.7793876808971906e-06, 0.9634047471861257, -0.268050915082183, -6.132088762787757e-05, 1.1975355424879796e-10, 0.2680509150852438, 0.963404747197129, 0.00804576551731883, 0.0, 0.0, 0.0, 1.0], "right_foot_pose": [0.9999999999111466, -1.2787016126920618e-05, 3.7681539566403968e-06, -8.214653502040993e-05, 1.3330670111801514e-05, 0.9592133227317595, -0.2826832172524408, -0.1402987887170133, 2.1138026699963842e-10, 0.2826832172775552, 0.95921332281699, 2.907382806727199e-10, 0.0, 0.0, 0.0, 1.0]}, {"left_foot_pose": [0.9999999999838441, -5.446543933118644e-06, 1.6272481472846477e-06, 4.137395569295051e-05, 5.684432886792572e-06, 0.9581673853102396, -0.2862084235228358, -7.297542130810936e-05, -3.2934990748433124e-10, 0.28620842352746156, 0.9581673853257195, 0.014175375618823503, 0.0, 0.0, 0.0, 1.0], "right_foot_pose": [0.9999999999111469, -1.2756939536917914e-05, 3.868696161202301e-06, -8.214653441593244e-05, 1.33306532599742e-05, 0.9569618775716394, -0.2902136535327995, -0.14029878868859663, 4.328863560991175e-11, 0.2902136535585852, 0.956961877656669, 4.538636133588625e-11, 0.0, 0.0, 0.0, 1.0]}, {"left_foot_pose": [0.999999999977119, -6.453511532375516e-06, 2.0285300129098237e-06, 3.325859734491182e-05, 6.7648166632745505e-06, 0.9540168622599999, -0.29975294240060857, -8.758988469714096e-05, -7.927673542335239e-10, 0.2997529424074723, 0.9540168622818272, 0.020437442392240678, 0.0, 0.0, 0.0, 1.0], "right_foot_pose": [0.999999999911147, -1.274962919020361e-05, 3.892706457342488e-06, -8.214651245945411e-05, 1.3330649198516682e-05, 0.9564146795082844, -0.2920119186666176, -0.14029878860514605, 2.0831702473334674e-12, 0.2920119186925635, 0.9564146795932652, 3.987044722153499e-11, 0.0, 0.0, 0.0, 1.0]}, {"left_foot_pose": [0.9999999999683997, -7.567933453994507e-06, 2.4346399695730796e-06, 2.3801329210788755e-05, 7.949911154027199e-06, 0.9519940406740242, -0.3061165569810688, -0.00010461902064322695, -1.0930101212458379e-09, 0.30611655699075047, 0.951994040704105, 0.02580842531970015, 0.0, 0.0, 0.0, 1.0], "right_foot_pose": [0.9999999999111467, -1.276568846233732e-05, 3.839746949729851e-06, -8.214647885915987e-05, 1.3330658593946327e-05, 0.9576167306473882, -0.28804547732346186, -0.14029878850684868, 9.290592403789704e-11, 0.28804547734905417, 0.9576167307324761, 2.4010904375870723e-10, 0.0, 0.0, 0.0, 1.0]}, {"left_foot_pose": [0.9999999999579641, -8.740224397523915e-06, 2.771463985196283e-06, 1.3305482985683724e-05, 9.169107610806132e-06, 0.9532540789939827, -0.3021699204045004, -0.0001235184347093965, -8.764384001555174e-10, 0.3021699204172101, 0.9532540790340515, 0.02926478371086392, 0.0, 0.0, 0.0, 1.0], "right_foot_pose": [0.9999999999111464, -1.2804492332703834e-05, 3.708374601951804e-06, -8.214644140563745e-05, 1.333068137747783e-05, 0.9605213203955921, -0.27820638541881326, -0.14029878844540816, 3.1865957398373674e-10, 0.2782063854435286, 0.9605213204809394, 6.203009147998095e-10, 0.0, 0.0, 0.0, 1.0]}, {"left_foot_pose": [0.9999999999464206, -9.921340937391377e-06, 2.954022448598176e-06, 2.075214369473286e-06, 1.0351775433741808e-05, 0.9584198566239888, -0.28536183753560007, -0.00014374350421238538, -2.1691128608238903e-11, 0.2853618375508898, 0.9584198566753406, 0.030000001533656978, 0.0, 0.0, 0.0, 1.0], "right_foot_pose": [0.999999999911146, -1.2864088006370177e-05, 3.4961720269400495e-06, -8.214638647415773e-05, 1.3330715608239576e-05, 0.9649828253246052, -0.2623130699199611, -0.14029878842528712, 6.724559615225656e-10, 0.2623130699432598, 0.9649828254103505, 1.1959474244260804e-09, 0.0, 0.0, 0.0, 1.0]}, {"left_foot_pose": [0.9999999999347094, -1.1034881212008172e-05, 2.9686167528077772e-06, -9.58597236616248e-06, 1.1427216988773193e-05, 0.9656476720620022, -0.2598549081904274, -0.00016474541431147835, 8.301874617690764e-10, 0.2598549082073842, 0.9656476721250522, 0.030000002568553973, 0.0, 0.0, 0.0, 1.0], "right_foot_pose": [0.9999999999111453, -1.2940098298671692e-05, 3.2035799970576396e-06, -8.214628490159461e-05, 1.3330756448800479e-05, 0.9706745538919487, -0.24039740067013468, -0.14029878832545825, 1.132410759256743e-09, 0.2403974006914803, 0.9706745539782013, 2.0046754672931044e-09, 0.0, 0.0, 0.0, 1.0]}, {"left_foot_pose": [0.99999999992405, -1.2003984768516044e-05, 2.7938257365913696e-06, -2.1375557865757212e-05, 1.232481679251678e-05, 0.9739336500922915, -0.22683307753942233, -0.0001859785716918673, 1.899910164191108e-09, 0.22683307755662735, 0.973933650166268, 0.030000003837785484, 0.0, 0.0, 0.0, 1.0], "right_foot_pose": [0.9999999999111446, -1.3027308632267201e-05, 2.8283277603292332e-06, -8.214617670680485e-05, 1.3330799121673813e-05, 0.9772067691384818, -0.2122897316692919, -0.1402987882411827, 1.70282097262357e-09, 0.21228973168813262, 0.9772067692253161, 3.0000500278459796e-09, 0.0, 0.0, 0.0, 1.0]}, {"left_foot_pose": [0.9999999999158391, -1.2748211048322709e-05, 2.4095096695655573e-06, -3.299035349198039e-05, 1.297392046308387e-05, 0.9825584081662289, -0.18595422655461438, -0.00020689695414767562, 3.0997397688504066e-09, 0.1859542265702248, 0.9825584082489299, 0.030000005238531274, 0.0, 0.0, 0.0, 1.0], "right_foot_pose": [0.9999999999111442, -1.3118632745393563e-05, 2.369079864617067e-06, -8.214608038929949e-05, 1.3330831146084636e-05, 0.9840509246364562, -0.17788697969335662, -0.14029878821686048, 2.3387254546054592e-09, 0.177886979709132, 0.9840509247239004, 4.11052625270969e-09, 0.0, 0.0, 0.0, 1.0]}, {"left_foot_pose": [0.9999999999115039, -1.3180273214673319e-05, 1.8093338471916383e-06, -4.4127744337096245e-05, 1.3303881758634949e-05, 0.9906617088389715, -0.13634287096601805, -0.0002269597407149257, 4.5985290876136444e-09, 0.1363428709780231, 0.9906617089266502, 0.028901008869294316, 0.0, 0.0, 0.0, 1.0], "right_foot_pose": [0.9999999999111444, -1.3204410500031902e-05, 1.8315786737833337e-06, -8.214608518233343e-05, 1.3330833753890973e-05, 0.990486347899627, -0.1376110258909075, -0.14029878861950135, 2.9188037001903424e-09, 0.1376110259030963, 0.9904863479876426, 5.092552428365149e-09, 0.0, 0.0, 0.0, 1.0]}, {"left_foot_pose": [0.9999999999111457, -1.3301344793175981e-05, 8.84886320940115e-07, -8.401216300691651e-05, 1.3330745973575764e-05, 0.9977795741477975, -0.06660271192475427, -0.0002987877688795833, 2.984138713273863e-09, 0.06660271193063236, 0.9977795742364576, 5.688157722616438e-09, 0.0, 0.0, 0.0, 1.0], "right_foot_pose": [0.999999999911145, -1.3274227275809972e-05, 1.2266668386607639e-06, -8.214606716682128e-05, 1.333078436920525e-05, 0.9957361840101735, -0.09224668923678594, -0.14029878851930913, 3.0669611728245566e-09, 0.0922466892449417, 0.9957361840986534, 5.553457818607832e-09, 0.0, 0.0, 0.0, 1.0]}, {"left_foot_pose": [0.999999999911147, -1.332739097676596e-05, 2.961704531625814e-07, -8.401223549971396e-05, 1.3330681119058645e-05, 0.9997484025453196, -0.02243059139601991, -0.0002987880176057167, 2.845323589934305e-09, 0.022430591397974844, 0.9997484026341518, 5.3003626349079624e-09, 0.0, 0.0, 0.0, 1.0], "right_foot_pose": [0.999999999911146, -1.3315585809008207e-05, 6.349680750639924e-07, -8.214618257605616e-05, 1.333071647006147e-05, 0.9988546431869559, -0.04784769175363496, -0.14029878875067625, 2.879235000751667e-09, 0.04784769175784792, 0.99885464327571, 5.321927454282616e-09, 0.0, 0.0, 0.0, 1.0]}, {"left_foot_pose": [0.9999999999111476, -1.3328169552708337e-05, -2.5604314773915953e-07, -8.401234399241774e-05, 1.3330628512774192e-05, 0.9998187913749402, 0.019036392406351358, -0.00029878808500713276, 2.276484699273405e-09, -0.01903639240807331, 0.9998187914637768, 4.2101852351650315e-09, 0.0, 0.0, 0.0, 1.0], "right_foot_pose": [0.9999999998870344, -1.5030719420915017e-05, 9.333473427473005e-08, -1.413165834095844e-05, 1.5031009063303548e-05, 0.9999798625267633, -0.006346204773282426, -0.14029886991626453, 2.0551684329333515e-09, 0.006346204773968288, 0.9999798626397269, 0.0003110447265239069, 0.0, 0.0, 0.0, 1.0]}, {"left_foot_pose": [0.999999999911148, -1.3310448948945954e-05, -7.32825640947532e-07, -8.401236833647121e-05, 1.333060696502356e-05, 0.9984944683384879, 0.054852497844092706, -0.0002987878501564019, 1.6109764148536596e-09, -0.054852497848988095, 0.9984944684272059, 2.991766251403405e-09, 0.0, 0.0, 0.0, 1.0], "right_foot_pose": [0.99999999892428, -4.636198557598894e-05, -1.4162272428672046e-06, 0.001239971709002679, 4.638361096764002e-05, 0.9995379020492315, 0.030397042875608543, -0.1403004138205721, 6.3055435021616144e-09, -0.030397042908599733, 0.9995379031244451, 0.005468985720283044, 0.0, 0.0, 0.0, 1.0]}, {"left_foot_pose": [0.9999999999111477, -1.328341370670442e-05, -1.1207403436405922e-06, -8.401245741217404e-05, 1.3330609048333293e-05, 0.9964660191137692, 0.08399686049997868, -0.00029878796053410886, 1.0146202145436329e-09, -0.08399686050745567, 0.9964660192023068, 1.89795538313442e-09, 0.0, 0.0, 0.0, 1.0], "right_foot_pose": [0.9999999937686839, -0.00011140586064091806, -7.167017240238603e-06, 0.00385005880065929, 0.00011163615742323546, 0.9979466208787124, 0.06405099073494208, -0.1403036395510298, 1.664488887490672e-08, -0.06405099113591853, 0.9979466270971139, 0.014325217636141016, 0.0, 0.0, 0.0, 1.0]}, {"left_foot_pose": [0.9999999999111475, -1.3255290995068575e-05, -1.4151917905322563e-06, -8.401261497921414e-05, 1.3330622899432233e-05, 0.9943532373932492, 0.10612087027470132, -0.00029878826065428583, 5.375221322625107e-10, -0.10612087028413775, 0.9943532374815994, 1.0469983630079227e-09, 0.0, 0.0, 0.0, 1.0], "right_foot_pose": [0.9999999793103105, -0.00020251490882050534, -1.9159603898031954e-05, 0.007521353145021876, 0.00020341921699103897, 0.9955681142769525, 0.0940430138588455, -0.14030818298084566, 2.9578346098807905e-08, -0.09404301581055652, 0.9955681348743813, 0.023425285830922217, 0.0, 0.0, 0.0, 1.0]}, {"left_foot_pose": [0.9999999999111474, -1.3232565694137954e-05, -1.6140402423478711e-06, -8.401282700515329e-05, 1.333063842137239e-05, 0.9926448866265809, 0.12106249987670467, -0.0002987885595490706, 2.013104798831445e-10, -0.12106249988746426, 0.9926448867147802, 5.119849127988019e-10, 0.0, 0.0, 0.0, 1.0], "right_foot_pose": [0.9999999505879138, -0.000312220651673922, -3.66392491467612e-05, 0.011959084642325663, 0.00031436311525720776, 0.9931998590709059, 0.11642139458606549, -0.14031367738066894, 4.0933402489657097e-08, -0.11642140035147015, 0.9931999081454855, 0.029314744575140952, 0.0, 0.0, 0.0, 1.0]}, {"left_foot_pose": [0.9999999999111475, -1.3219680406370789e-05, -1.7164581923021186e-06, -8.401293715530823e-05, 1.3330648100508439e-05, 0.991676006471899, 0.12875829297657204, -0.00029878861164501537, 2.6922121393727754e-11, -0.12875829298801314, 0.9916760065600126, 2.9960334213541273e-10, 0.0, 0.0, 0.0, 1.0], "right_foot_pose": [0.999999904472695, -0.00043358480947001477, -5.530654307444783e-05, 0.016868466380723143, 0.0004370979278123213, 0.9919761378800118, 0.12642448663948486, -0.14031975041856015, 4.7034046378440984e-08, -0.12642449873686992, 0.9919762326382265, 0.0300000040928343, 0.0, 0.0, 0.0, 1.0]}, {"left_foot_pose": [0.9999999999111472, -1.3218365002651038e-05, -1.7265662596852264e-06, -8.401293457844432e-05, 1.333064906147698e-05, 0.9915770910333284, 0.12951784572087707, -0.00029878857590987917, 9.38991588860062e-12, -0.12951784573238545, 0.9915770911214332, 3.5793643049508717e-10, 0.0, 0.0, 0.0, 1.0], "right_foot_pose": [0.999999840808672, -0.0005596490911653374, -7.194112198682449e-05, 0.021954709737199173, 0.0005642540456259355, 0.9918494633366102, 0.12741398548138438, -0.14032604041948704, 4.764205784293097e-08, -0.12741400579125214, 0.9918496212270409, 0.030000003758712195, 0.0, 0.0, 0.0, 1.0]}, {"left_foot_pose": [0.9999999999111475, -1.3228781397835088e-05, -1.6447906767133825e-06, -8.401296745105615e-05, 1.333064115596725e-05, 0.9923603227987913, 0.12337337458695737, -0.0002987885124388469, 1.456039063092758e-10, -0.12337337459792151, 0.9923603228869654, 7.413687927448898e-10, 0.0, 0.0, 0.0, 1.0], "right_foot_pose": [0.9999997630100314, -0.0006834928588033032, -8.25675075561911e-05, 0.026923043824890767, 0.000688461966643339, 0.9927895083474908, 0.11986875379041875, -0.14033218390375915, 4.27180227951774e-08, -0.11986878222731533, 0.9927897436251741, 0.029803371392878544, 0.0, 0.0, 0.0, 1.0]}, {"left_foot_pose": [0.9999999999111477, -1.324965062396622e-05, -1.4670907882427765e-06, -8.401313698460976e-05, 1.3330626273657182e-05, 0.993929273887513, 0.11002089952248434, -0.0002987882441822364, 4.4600163541453273e-10, -0.11002089953226606, 0.9939292739758258, 1.5214342355407418e-09, 0.0, 0.0, 0.0, 1.0], "right_foot_pose": [0.9999996781153933, -0.0007983243592375632, -8.029524990332125e-05, 0.03147868401802447, 0.0008023522347878353, 0.9949836168094552, 0.10003478650782671, -0.14033781152763564, 3.2251321046207806e-08, -0.10003481873324217, 0.9949839370768788, 0.024970568222332103, 0.0, 0.0, 0.0, 1.0]}, {"left_foot_pose": [0.999999999911148, -1.3276969496419382e-05, -1.1946936286919238e-06, -8.401323354560214e-05, 1.3330611805762384e-05, 0.9959818915755024, 0.08955485177241748, -0.0002987880005748747, 8.761847292219451e-10, -0.08955485178038643, 0.9959818916639971, 2.6118704629651823e-09, 0.0, 0.0, 0.0, 1.0], "right_foot_pose": [0.9999995962986865, -0.0008962567342549186, -6.423651745895226e-05, 0.03532684481496174, 0.0008985557653815635, 0.9974425469861149, 0.07146718169473462, -0.1403425663655236, 1.929271148325715e-08, -0.07146721056343278, 0.9974429496539046, 0.016236266056660814, 0.0, 0.0, 0.0, 1.0]}, {"left_foot_pose": [0.9999999999111477, -1.330452287123166e-05, -8.335279578772459e-07, -8.40132709141182e-05, 1.3330607480044095e-05, 0.9980497243112807, 0.06242393470835191, -0.00029878793445786006, 1.381681256279008e-09, -0.06242393471391699, 0.9980497243999586, 3.930824402087474e-09, 0.0, 0.0, 0.0, 1.0], "right_foot_pose": [0.9999995298376438, -0.000968963538727759, -3.787020136091559e-05, 0.0381727576740702, 0.0009697033007416186, 0.9992369823729148, 0.03904500907644318, -0.14034608703140145, 8.115565324888768e-09, -0.039045027441809106, 0.9992374521764426, 0.007054911173207799, 0.0, 0.0, 0.0, 1.0]}, {"left_foot_pose": [0.9999999999111477, -1.332471804296413e-05, -3.9673305646223033e-07, -8.401323403825115e-05, 1.333062281661227e-05, 0.999561132754584, 0.029623330479004825, -0.0002987881932750014, 1.8364170000118318e-09, -0.029623330481661585, 0.999561132843397, 5.240266942596605e-09, 0.0, 0.0, 0.0, 1.0], "right_foot_pose": [0.9999994915390622, -0.0010084141687845994, -4.741406535661179e-06, 0.03972164513185497, 0.001008425315398763, 0.9999884479506327, 0.004699685486046431, -0.14034800852456475, 2.122329653388695e-09, -0.004699687877794475, 0.999988956405945, 0.000880954974778303, 0.0, 0.0, 0.0, 1.0]}, {"left_foot_pose": [0.9999999999111471, -1.3330388618558425e-05, 8.45300294208005e-08, -8.40132817334419e-05, 1.3330656471033496e-05, 0.9999789197686358, -0.006493060961254749, -0.0002987884542411199, 2.026778254601901e-09, 0.006493060961804485, 0.9999789198574873, 5.985038915856666e-09, 0.0, 0.0, 0.0, 1.0], "right_foot_pose": [0.9999994865805112, -0.0010128287896871522, 3.188348873767924e-05, 0.0399178550359437, 0.0010133305058415885, 0.9995043073007353, -0.031466058675395835, -0.14034825577930427, 2.0457991259845296e-09, 0.0314660748286197, 0.9995048204660544, 5.466265468045961e-09, 0.0, 0.0, 0.0, 1.0]}, {"left_foot_pose": [0.9999999999111467, -1.331855076161522e-05, 5.687792036803967e-07, -8.40134030026042e-05, 1.3330690178104798e-05, 0.999083306989184, -0.04280824123751335, -0.0002987884464186394, 1.8859259545968803e-09, 0.04280824124129173, 0.9990833070779578, 5.955575838045846e-09, 0.0, 0.0, 0.0, 1.0], "right_foot_pose": [0.9999994865804784, -0.0010109892590509696, 6.884400826318757e-05, 0.03991785475096677, 0.001013330538070669, 0.9976888793943656, -0.06794021705908738, -0.14034825569409384, 1.9282469710116065e-09, 0.06794025193898945, 0.9976893916277086, 5.168636317554043e-09, 0.0, 0.0, 0.0, 1.0]}, {"left_foot_pose": [0.9999999998949365, -1.4453534403665014e-05, 1.1062129613995003e-06, -3.74930377073861e-05, 1.4495804957452246e-05, 0.9970922897969375, -0.07620344754256568, -0.0002987660087032957, -1.5872641691771742e-09, 0.0762034475505947, 0.9970922899016946, 0.00010768133125609036, 0.0, 0.0, 0.0, 1.0], "right_foot_pose": [0.9999994865804689, -0.0010080933641766837, 0.00010289104796463323, 0.0399178545710907, 0.0010133305475737793, 0.9948310503960914, -0.10153893011555143, -0.14034825571309237, 1.5123319524333818e-09, 0.10153898224612336, 0.9948315611622008, 4.2675300862549115e-09, 0.0, 0.0, 0.0, 1.0]}, {"left_foot_pose": [0.9999999976705216, -6.785890609403758e-05, 7.357053152413791e-06, 0.0021091406463377535, 6.825655005069059e-05, 0.9942171451080551, -0.10738837792904982, -0.0002976716058615998, -2.725052837105291e-08, 0.10738837818105777, 0.9942171474238626, 0.004603417565557197, 0.0, 0.0, 0.0, 1.0], "right_foot_pose": [0.9999994865804798, -0.0010047273058598964, 0.0001317642506636976, 0.03991785481825226, 0.0010133305368400555, 0.9915093032242593, -0.13003182218582904, -0.1403482560867492, 1.0420153433900686e-09, 0.13003188894569195, 0.9915098122848889, 3.1640245493069763e-09, 0.0, 0.0, 0.0, 1.0]}, {"left_foot_pose": [0.9999999816539946, -0.00018971410015730848, 2.646830770958535e-05, 0.007032232306003481, 0.00019155157899818388, 0.9904511249415713, -0.13786418102599826, -0.00029514802205766674, -6.078609910889195e-08, 0.1378641835667871, 0.9904511431107851, 0.01320385667635228, 0.0, 0.0, 0.0, 1.0], "right_foot_pose": [0.9999994865805, -0.0010014559773444695, 0.00015467598878283315, 0.039917854805601956, 0.0010133305166946766, 0.9882810716634268, -0.15264172612052213, -0.14034825606659804, 6.17060555839298e-10, 0.15264180448918294, 0.9882815790665563, 2.1587450715898626e-09, 0.0, 0.0, 0.0, 1.0]}, {"left_foot_pose": [0.9999999316824962, -0.0003645156827511384, 6.134591496210352e-05, 0.014143251385840829, 0.0003696417114622004, 0.9861758381541806, -0.16570177912715817, -0.000291495545529763, -9.69619536979981e-08, 0.16570179048283495, 0.9861759055213094, 0.022454538874869027, 0.0, 0.0, 0.0, 1.0], "right_foot_pose": [0.9999994865805213, -0.0009987486679626156, 0.00017128862180499466, 0.03991785457393255, 0.0010133304957993612, 0.9856094442652548, -0.16903548898513007, -0.14034825582095842, 2.86116005093467e-10, 0.1690355757710014, 0.9856099502966507, 1.3814703270220718e-09, 0.0, 0.0, 0.0, 1.0]}, {"left_foot_pose": [0.9999998272531234, -0.000577547561774462, 0.00010923615568421141, 0.02285368562718447, 0.0005877871277808245, 0.982619536443046, -0.18563001133099838, -0.00028701862325022573, -1.2742022507042886e-07, 0.1856300434715997, 0.9826197061736125, 0.028901017736323913, 0.0, 0.0, 0.0, 1.0], "right_foot_pose": [0.999999486580537, -0.0009969576393166334, 0.00018142251171804992, 0.039917854166017654, 0.0010133304803222215, 0.9838420275046471, -0.17903585695855206, -0.14034825556332486, 7.354253607359868e-11, 0.17903594887901922, 0.9838425326285651, 9.097623210330141e-10, 0.0, 0.0, 0.0, 1.0]}, {"left_foot_pose": [0.9999996545136688, -0.000815861146051096, 0.00015919527222653534, 0.03257501915217368, 0.0008312475709634999, 0.9815222596526962, -0.1913461858353645, -0.00028202688349200297, -1.4178485394409773e-07, 0.19134625205855582, 0.9815225987327673, 0.03000001653678691, 0.0, 0.0, 0.0, 1.0], "right_foot_pose": [0.999999486580543, -0.0009963056135346047, 0.00018496965931336722, 0.039917853908070594, 0.0010133304744392216, 0.9831985986533849, -0.18253626699198702, -0.14034825551934627, -2.352552152204087e-12, 0.18253636070970844, 0.9831991034469343, 7.573280197403776e-10, 0.0, 0.0, 0.0, 1.0]}, {"left_foot_pose": [0.9999994110790845, -0.001065874275532163, 0.0002043367656226674, 0.04271869947172273, 0.00108528404812698, 0.9821393738246058, -0.18815172744874617, -0.0002768198844701579, -1.410968537081486e-07, 0.18815183840569047, 0.982139952198535, 0.030000017168002983, 0.0, 0.0, 0.0, 1.0], "right_foot_pose": [0.9999994865805386, -0.0009968018866104537, 0.0001822763228538421, 0.03991785395097896, 0.0010133304786807676, 0.9836883292165588, -0.1798784148375687, -0.1403482555520885, 5.178672520067413e-11, 0.1798785071906432, 0.9836888342615597, 8.430185924335198e-10, 0.0, 0.0, 0.0, 1.0]}, {"left_foot_pose": [0.9999991086769173, -0.0013147639719618858, 0.00023246735174533618, 0.05269621072017307, 0.0013351574274931134, 0.9847411051275412, -0.17402061149999934, -0.0002716979461773253, -1.241264848503988e-07, 0.17402076677192255, 0.9847419828219461, 0.029955136514146247, 0.0, 0.0, 0.0, 1.0], "right_foot_pose": [0.9999994865805222, -0.0009989053230549483, 0.0001703726715070523, 0.03991785398166364, 0.0010133304947666862, 0.9857640423483073, -0.16813157340140958, -0.14034825560680483, 2.702737795507541e-10, 0.16813165972320837, 0.9857645484590726, 1.3099588913600968e-09, 0.0, 0.0, 0.0, 1.0]}, {"left_foot_pose": [0.9999987736186794, -0.0015484827102510766, 0.0002344406828872195, 0.061919033585791095, 0.0015661293461656444, 0.988740085357897, -0.14963485838978252, -0.0002669704111461571, -9.390974198640283e-08, 0.14963504204482042, 0.9887412979097395, 0.02580843960224999, 0.0, 0.0, 0.0, 1.0], "right_foot_pose": [0.9999994865804984, -0.0010015897487482344, 0.00015380739266163693, 0.039917853755847714, 0.0010133305180614369, 0.9884130803334624, -0.15178457031917766, -0.14034825590987043, 6.308909839898934e-10, 0.15178464824774404, 0.9884135878043708, 2.1048637832699058e-09, 0.0, 0.0, 0.0, 1.0]}, {"left_foot_pose": [0.9999984451004129, -0.001751691515214797, 0.00020340499664570273, 0.06979860381514436, 0.0017634615827509942, 0.9933277999032378, -0.11531163056101519, -0.00026293003374149373, -5.743294841064475e-08, 0.11531180995990559, 0.9933293444189435, 0.017353836982604065, 0.0, 0.0, 0.0, 1.0], "right_foot_pose": [0.999999486580476, -0.0010049081071793217, 0.0001303782205280878, 0.03991785367388961, 0.0010133305404761888, 0.9916877163050519, -0.1286640839196655, -0.1403482561328484, 1.1012621037449347e-09, 0.12866414997724532, 0.9916882254572921, 3.230752221305977e-09, 0.0, 0.0, 0.0, 1.0]}, {"left_foot_pose": [0.9999981713306674, -0.0019066549135904238, 0.0001483319354471438, 0.07574641607007584, 0.0019124160954051422, 0.9969866788103597, -0.07754937097983261, -0.0002598751046389118, -2.5074458733847383e-08, 0.0775495128400567, 0.9969885019689395, 0.008045776209492171, 0.0, 0.0, 0.0, 1.0], "right_foot_pose": [0.999999486580465, -0.0010083367080902168, 0.00010047830557769438, 0.039917853667087014, 0.001013330551582987, 0.9950711809285485, -0.0991580457989029, -0.14034825616452412, 1.6312925475390753e-09, 0.09915809670696177, 0.9950716918179577, 4.626178710942508e-09, 0.0, 0.0, 0.0, 1.0]}, {"left_foot_pose": [0.9999980034884017, -0.0019967202498350854, 7.827806301139733e-05, 0.07917395401602707, 0.0019982540407164733, 0.9992305071913282, -0.039171424265028065, -0.0002581086825632264, -3.4525600683471306e-09, 0.03917150247828071, 0.9992325021703383, 0.0013387089582271097, 0.0, 0.0, 0.0, 1.0], "right_foot_pose": [0.9999994865804762, -0.0010112468785836858, 6.495024451308932e-05, 0.03991785373487027, 0.0010133305402005932, 0.9979431033722456, -0.06409785950394861, -0.14034825588908587, 2.1117729599286846e-09, 0.06409789241092233, 0.9979436157361189, 6.1116648270020946e-09, 0.0, 0.0, 0.0, 1.0]}, {"left_foot_pose": [0.9999979732505293, -0.0020133291336894704, 7.96232676218164e-07, 0.07977591809470302, 0.0020133292911357604, 0.999997894591994, -0.00039663175093247955, -0.0002577935630489435, 2.3192596216522404e-09, 0.0003966325501376837, 0.9999999213413076, 6.747032002540898e-09, 0.0, 0.0, 0.0, 1.0], "right_foot_pose": [0.9999994865805136, -0.0010130004280448442, 2.586197378485085e-05, 0.039917853751